date;hour;datetime;day_ahead_price;intraday_price;price_diff;solar_capacity;solar_generation_actual;wind_capacity;wind_generation_actual;wind_generation_forecast;solar_generation_forecast;total_generation_forecast;total_generation_actual;wind_forecast_error;solar_forecast_error;forecast_error;forecast_error_percent;wind_forecast_error_percent;solar_forecast_error_percent;pricediff_percent;season;weekday
2016-01-01;0;2016-01-01 00:00:00;23,86;29,34;-5,48;39021;0;44325;8648;6033;0;6033;8648;-2615;0;-2615;-0,43344936184319577;-0,43344936184319577;;-0,22967309304274938;0;4
2016-01-01;1;2016-01-01 01:00:00;22,39;24,28;-1,8900000000000008;39021;0;44325;8579;7421;0;7421;8579;-1158;0;-1158;-0,15604365988411265;-0,15604365988411265;;-0,08441268423403309;0;4
2016-01-01;2;2016-01-01 02:00:00;20,59;25,26;-4,670000000000002;39021;0;44325;8542;7266;0;7266;8542;-1276;0;-1276;-0,17561244150839528;-0,17561244150839528;;-0,2268091306459447;0;4
2016-01-01;3;2016-01-01 03:00:00;16,81;20,24;-3,43;39021;0;44325;8443;7180;0;7180;8443;-1263;0;-1263;-0,17590529247910863;-0,17590529247910863;;-0,2040452111838192;0;4
2016-01-01;4;2016-01-01 04:00:00;17,41;21,94;-4,530000000000001;39021;0;44325;8295;7016;0;7016;8295;-1279;0;-1279;-0,18229760547320412;-0,18229760547320412;;-0,26019529006318215;0;4
2016-01-01;5;2016-01-01 05:00:00;17,02;23,5;-6,48;39021;0;44325;7319;6787;0;6787;7319;-532;0;-532;-0,07838514807720642;-0,07838514807720642;;-0,38072855464159816;0;4
2016-01-01;6;2016-01-01 06:00:00;15,86;21,87;-6,0100000000000025;39021;0;44325;6574;6492;0;6492;6574;-82;0;-82;-0,012630930375847197;-0,012630930375847197;;-0,378940731399748;0;4
2016-01-01;7;2016-01-01 07:00:00;18,16;25,13;-6,969999999999999;39021;0;44325;5624;6058;0;6058;5624;434;0;434;0,07164080554638494;0,07164080554638494;;-0,3838105726872246;0;4
2016-01-01;8;2016-01-01 08:00:00;17,73;24,52;-6,789999999999999;39021;137;44325;4644;5510;137;5647;4781;866;0;866;0,15335576412254295;0,1571687840290381;0,0;-0,38296672306824586;0;4
2016-01-01;9;2016-01-01 09:00:00;19,77;23,67;-3,9000000000000017;39021;964;44325;3733;4924;1010;5934;4697;1191;46;1237;0,20845972362655882;0,24187652315190902;0,04554455445544554;-0,19726858877086503;0;4
2016-01-01;10;2016-01-01 10:00:00;23,75;25,64;-1,8900000000000008;39021;2522;44325;2776;4172;2451;6623;5298;1396;-71;1325;0,20006039559112185;0,3346116970278044;-0,028967768257853937;-0,07957894736842108;0;4
2016-01-01;11;2016-01-01 11:00:00;26,03;27,8;-1,7699999999999996;39021;3768;44325;1830;3423;3815;7238;5598;1593;47;1640;0,2265819287095883;0,4653812445223488;0,012319790301441678;-0,06799846331156356;0;4
2016-01-01;12;2016-01-01 12:00:00;27,06;29,75;-2,6900000000000013;39021;4121;44325;1287;2787;4382;7169;5408;1500;261;1761;0,24564095410796485;0,5382131324004306;0,05956184390689183;-0,09940872135994093;0;4
2016-01-01;13;2016-01-01 13:00:00;26,59;28,45;-1,8599999999999997;39021;3717;44325;790;2328;3986;6314;4507;1538;269;1807;0,2861894203357618;0,6606529209621993;0,0674862017059709;-0,06995110943963895;0;4
2016-01-01;14;2016-01-01 14:00:00;25,0;26,42;-1,4200000000000017;39021;2442;44325;496;1937;2658;4595;2938;1441;216;1657;0,36060935799782373;0,7439339184305628;0,08126410835214447;-0,056800000000000066;0;4
2016-01-01;15;2016-01-01 15:00:00;24,43;28,25;-3,82;39021;841;44325;405;1609;979;2588;1246;1204;138;1342;0,51854714064915;0,7482908638906153;0,14096016343207354;-0,1563651248465002;0;4
2016-01-01;16;2016-01-01 16:00:00;28,87;32,49;-3,620000000000001;39021;51;44325;665;1568;51;1619;716;903;0;903;0,55775169857937;0,5758928571428571;0,0;-0,12538967786629723;0;4
2016-01-01;17;2016-01-01 17:00:00;37,44;40,98;-3,5399999999999987;39021;0;44325;1298;1673;0;1673;1298;375;0;375;0,22414823670053796;0,22414823670053796;;-0,09455128205128202;0;4
2016-01-01;18;2016-01-01 18:00:00;37,41;39,48;-2,0700000000000003;39021;0;44325;2146;1798;0;1798;2146;-348;0;-348;-0,1935483870967742;-0,1935483870967742;;-0,05533279871692062;0;4
2016-01-01;19;2016-01-01 19:00:00;35,34;34,34;1,0;39021;0;44325;3371;2070;0;2070;3371;-1301;0;-1301;-0,6285024154589371;-0,6285024154589371;;0,028296547821165814;0;4
2016-01-01;20;2016-01-01 20:00:00;33,07;31,09;1,9800000000000004;39021;0;44325;4383;2725;0;2725;4383;-1658;0;-1658;-0,608440366972477;-0,608440366972477;;0,05987299667372242;0;4
2016-01-01;21;2016-01-01 21:00:00;29,52;27,17;2,349999999999998;39021;0;44325;5409;3182;0;3182;5409;-2227;0;-2227;-0,6998742928975488;-0,6998742928975488;;0,07960704607046064;0;4
2016-01-01;22;2016-01-01 22:00:00;30,1;27,59;2,5100000000000016;39021;0;44325;6180;3567;0;3567;6180;-2613;0;-2613;-0,7325483599663583;-0,7325483599663583;;0,08338870431893693;0;4
2016-01-01;23;2016-01-01 23:00:00;24,57;21,6;2,969999999999999;39021;0;44325;6958;3885;0;3885;6958;-3073;0;-3073;-0,790990990990991;-0,790990990990991;;0,12087912087912084;0;4
2016-01-02;0;2016-01-02 00:00:00;22,2;14,36;7,84;39022;0;44325;7462;6397;0;6397;7462;-1065;0;-1065;-0,16648428951070815;-0,16648428951070815;;0,35315315315315315;0;5
2016-01-02;1;2016-01-02 01:00:00;16,57;13,48;3,09;39022;0;44325;8763;7411;0;7411;8763;-1352;0;-1352;-0,18243152071245447;-0,18243152071245447;;0,1864815932407966;0;5
2016-01-02;2;2016-01-02 02:00:00;15,35;10,16;5,19;39022;0;44325;10716;8610;0;8610;10716;-2106;0;-2106;-0,2445993031358885;-0,2445993031358885;;0,3381107491856678;0;5
2016-01-02;3;2016-01-02 03:00:00;12,77;7,77;5,0;39022;0;44325;11949;9904;0;9904;11949;-2045;0;-2045;-0,2064822294022617;-0,2064822294022617;;0,39154267815191857;0;5
2016-01-02;4;2016-01-02 04:00:00;11,27;6,45;4,8199999999999985;39022;0;44325;13451;11359;0;11359;13451;-2092;0;-2092;-0,18417114182586494;-0,18417114182586494;;0,4276841171251108;0;5
2016-01-02;5;2016-01-02 05:00:00;11,91;6,38;5,53;39022;0;44325;14640;12607;0;12607;14640;-2033;0;-2033;-0,1612596176727215;-0,1612596176727215;;0,46431570109151976;0;5
2016-01-02;6;2016-01-02 06:00:00;12,62;3,01;9,61;39022;0;44325;15480;13859;0;13859;15480;-1621;0;-1621;-0,11696370589508623;-0,11696370589508623;;0,7614896988906498;0;5
2016-01-02;7;2016-01-02 07:00:00;13,83;6,98;6,85;39022;0;44325;16062;15165;1;15166;16062;-897;1;-896;-0,05907951997890017;-0,059149357072205734;1,0;0,49530007230657985;0;5
2016-01-02;8;2016-01-02 08:00:00;16,12;9,37;6,750000000000003;39022;106;44325;16588;16305;153;16458;16694;-283;47;-236;-0,014339530927208652;-0,017356639067770623;0,30718954248366015;0,4187344913151366;0;5
2016-01-02;9;2016-01-02 09:00:00;18,12;11,83;6,290000000000001;39022;593;44325;17324;17458;940;18398;17917;134;347;481;0,026144146102837267;0,007675564211249857;0,36914893617021277;0,3471302428256071;0;5
2016-01-02;10;2016-01-02 10:00:00;19,59;18,85;0,7399999999999984;39022;1341;44325;17888;18304;2047;20351;19229;416;706;1122;0,05513242592501597;0,022727272727272728;0,34489496824621396;0,037774374680959594;0;5
2016-01-02;11;2016-01-02 11:00:00;21,07;27,29;-6,219999999999999;39022;1866;44325;18265;18733;2911;21644;20131;468;1045;1513;0,0699038994640547;0,02498265093684941;0,3589831672964617;-0,29520645467489315;0;5
2016-01-02;12;2016-01-02 12:00:00;22,54;29,36;-6,82;39022;2043;44325;18329;19105;3094;22199;20372;776;1051;1827;0,08230100454975449;0,040617639361423714;0,33968972204266323;-0,30257320319432124;0;5
2016-01-02;13;2016-01-02 13:00:00;19,79;28,6;-8,810000000000002;39022;1869;44325;18394;19475;2601;22076;20263;1081;732;1813;0,08212538503352057;0,05550706033376123;0,28143021914648214;-0,44517433046993443;0;5
2016-01-02;14;2016-01-02 14:00:00;16,9;30,22;-13,32;39022;1178;44325;18540;20000;1628;21628;19718;1460;450;1910;0,08831144812280377;0,073;0,2764127764127764;-0,7881656804733729;0;5
2016-01-02;15;2016-01-02 15:00:00;16,97;27,73;-10,760000000000002;39022;382;44325;18754;20642;563;21205;19136;1888;181;2069;0,09757132751709502;0,09146400542583083;0,32149200710479575;-0,6340601060695346;0;5
2016-01-02;16;2016-01-02 16:00:00;19,25;28,75;-9,5;39022;28;44325;19192;21140;34;21174;19220;1948;6;1954;0,09228298857088883;0,09214758751182592;0,17647058823529413;-0,4935064935064935;0;5
2016-01-02;17;2016-01-02 17:00:00;28,01;38,96;-10,95;39022;0;44325;19913;21661;0;21661;19913;1748;0;1748;0,08069802871520244;0,08069802871520244;;-0,3909318100678329;0;5
2016-01-02;18;2016-01-02 18:00:00;28,36;41,66;-13,299999999999995;39022;0;44325;20215;22029;0;22029;20215;1814;0;1814;0,08234599845657996;0,08234599845657996;;-0,4689703808180534;0;5
2016-01-02;19;2016-01-02 19:00:00;26,56;38,3;-11,739999999999998;39022;0;44325;20108;22119;0;22119;20108;2011;0;2011;0,09091731090917311;0,09091731090917311;;-0,44201807228915657;0;5
2016-01-02;20;2016-01-02 20:00:00;17,38;31,65;-14,27;39022;0;44325;19693;21881;0;21881;19693;2188;0;2188;0,09999542982496229;0,09999542982496229;;-0,8210586881472958;0;5
2016-01-02;21;2016-01-02 21:00:00;15,83;29,08;-13,249999999999998;39022;0;44325;19202;21525;0;21525;19202;2323;0;2323;0,10792102206736354;0,10792102206736354;;-0,8370183196462412;0;5
2016-01-02;22;2016-01-02 22:00:00;16,97;32,61;-15,64;39022;0;44325;18460;21297;0;21297;18460;2837;0;2837;0,133211250410856;0,133211250410856;;-0,9216263995285799;0;5
2016-01-02;23;2016-01-02 23:00:00;15,31;25,18;-9,87;39022;0;44325;18772;20946;0;20946;18772;2174;0;2174;0,10379069989496802;0,10379069989496802;;-0,6446766819072501;0;5
2016-01-03;0;2016-01-03 00:00:00;6,99;20,44;-13,45;39022;0;44325;18924;20522;0;20522;18924;1598;0;1598;0,07786765422473443;0,07786765422473443;;-1,9241773962804005;0;6
2016-01-03;1;2016-01-03 01:00:00;-0,01;15,81;-15,82;39022;0;44325;18596;20481;0;20481;18596;1885;0;1885;0,09203652165421611;0,09203652165421611;;1582,0;0;6
2016-01-03;2;2016-01-03 02:00:00;0,23;17,87;-17,64;39022;0;44325;18600;20434;0;20434;18600;1834;0;1834;0,08975237349515514;0,08975237349515514;;-76,69565217391305;0;6
2016-01-03;3;2016-01-03 03:00:00;4,51;15,08;-10,57;39022;0;44325;18440;20265;0;20265;18440;1825;0;1825;0,09005674808783617;0,09005674808783617;;-2,343680709534368;0;6
2016-01-03;4;2016-01-03 04:00:00;4,12;11,55;-7,4300000000000015;39022;0;44325;18281;20091;0;20091;18281;1810;0;1810;0,09009009009009009;0,09009009009009009;;-1,8033980582524276;0;6
2016-01-03;5;2016-01-03 05:00:00;6,76;14,16;-7,4;39022;0;44325;18302;19910;0;19910;18302;1608;0;1608;0,08076343545956806;0,08076343545956806;;-1,0946745562130178;0;6
2016-01-03;6;2016-01-03 06:00:00;0,75;14,69;-13,94;39022;0;44325;18422;19785;0;19785;18422;1363;0;1363;0,06889057366691938;0,06889057366691938;;-18,586666666666666;0;6
2016-01-03;7;2016-01-03 07:00:00;4,27;14,02;-9,75;39022;0;44325;18190;19670;1;19671;18190;1480;1;1481;0,07528849575517259;0,07524148449415353;1,0;-2,2833723653395785;0;6
2016-01-03;8;2016-01-03 08:00:00;9,11;20,93;-11,82;39022;66;44325;17751;19571;131;19702;17817;1820;65;1885;0,09567556593239265;0,09299473711103162;0,4961832061068702;-1,2974753018660814;0;6
2016-01-03;9;2016-01-03 09:00:00;15,92;25,0;-9,08;39022;638;44325;17202;19505;943;20448;17840;2303;305;2608;0,12754303599374023;0,1180722891566265;0,32343584305408274;-0,5703517587939698;0;6
2016-01-03;10;2016-01-03 10:00:00;17,06;27,33;-10,27;39022;1648;44325;16685;19248;2097;21345;18333;2563;449;3012;0,14111033028812367;0,13315669160432253;0,21411540295660467;-0,6019929660023446;0;6
2016-01-03;11;2016-01-03 11:00:00;19,28;29,2;-9,919999999999998;39022;2621;44325;15632;18646;3095;21741;18253;3014;474;3488;0,16043420265857136;0,16164324788158319;0,15315024232633279;-0,5145228215767633;0;6
2016-01-03;12;2016-01-03 12:00:00;20,25;26,54;-6,289999999999999;39022;3051;44325;14568;17990;3553;21543;17619;3422;502;3924;0,18214733324049576;0,19021678710394663;0,14128905150576976;-0,3106172839506172;0;6
2016-01-03;13;2016-01-03 13:00:00;17,66;25,77;-8,11;39022;2909;44325;14358;17589;3313;20902;17267;3231;404;3635;0,1739068031767295;0,18369435442606175;0,12194385753093873;-0,4592298980747451;0;6
2016-01-03;14;2016-01-03 14:00:00;18,49;24,03;-5,540000000000003;39022;1880;44325;14313;17373;2332;19705;16193;3060;452;3512;0,17822887591981731;0,1761353824900708;0,19382504288164665;-0,29962141698215267;0;6
2016-01-03;15;2016-01-03 15:00:00;16,51;22,31;-5,799999999999998;39022;658;44325;14881;17320;943;18263;15539;2439;285;2724;0,14915402726824728;0,14081986143187067;0,3022269353128314;-0,3513022410660204;0;6
2016-01-03;16;2016-01-03 16:00:00;18,76;26,72;-7,959999999999997;39022;48;44325;15377;17567;76;17643;15425;2190;28;2218;0,12571558125035426;0,12466556611828998;0,3684210526315789;-0,42430703624733457;0;6
2016-01-03;17;2016-01-03 17:00:00;22,21;38,84;-16,630000000000006;39022;0;44325;16306;17978;3;17981;16306;1672;3;1675;0,09315388465602581;0,09300255868283458;1,0;-0,7487618190004505;0;6
2016-01-03;18;2016-01-03 18:00:00;26,76;41,61;-14,849999999999998;39022;0;44325;17294;18445;0;18445;17294;1151;0;1151;0,06240173488750339;0,06240173488750339;;-0,5549327354260088;0;6
2016-01-03;19;2016-01-03 19:00:00;27,08;38,94;-11,86;39022;0;44325;17648;18751;0;18751;17648;1103;0;1103;0,058823529411764705;0,058823529411764705;;-0,4379615952732644;0;6
2016-01-03;20;2016-01-03 20:00:00;25,33;38,03;-12,700000000000005;39022;0;44325;17745;18773;0;18773;17745;1028;0;1028;0,054759495019442814;0,054759495019442814;;-0,5013817607579947;0;6
2016-01-03;21;2016-01-03 21:00:00;22,11;32,32;-10,21;39022;0;44325;17589;18734;0;18734;17589;1145;0;1145;0,06111882139425643;0,06111882139425643;;-0,461781999095432;0;6
2016-01-03;22;2016-01-03 22:00:00;20,91;33,33;-12,419999999999998;39022;0;44325;16955;18795;0;18795;16955;1840;0;1840;0,09789837722798617;0,09789837722798617;;-0,5939741750358679;0;6
2016-01-03;23;2016-01-03 23:00:00;14,43;30,73;-16,3;39022;0;44325;16746;18768;0;18768;16746;2022;0;2022;0,10773657289002557;0,10773657289002557;;-1,1295911295911296;0;6
2016-01-04;0;2016-01-04 00:00:00;13,78;23,63;-9,85;39033;0;44325;16415;20345;0;20345;16415;3930;0;3930;0,19316785450970755;0,19316785450970755;;-0,7148040638606676;0;0
2016-01-04;1;2016-01-04 01:00:00;12,77;24,03;-11,260000000000002;39033;0;44325;15686;20175;0;20175;15686;4489;0;4489;0,22250309789343248;0,22250309789343248;;-0,8817541111981207;0;0
2016-01-04;2;2016-01-04 02:00:00;10,56;22,8;-12,24;39033;0;44325;15040;19888;0;19888;15040;4848;0;4848;0,24376508447304907;0,24376508447304907;;-1,159090909090909;0;0
2016-01-04;3;2016-01-04 03:00:00;3,87;19,33;-15,459999999999996;39033;0;44325;14410;19409;0;19409;14410;4999;0;4999;0,2575609253439126;0,2575609253439126;;-3,994832041343668;0;0
2016-01-04;4;2016-01-04 04:00:00;3,2;16,23;-13,03;39033;0;44325;13623;18962;0;18962;13623;5339;0;5339;0,281563126252505;0,281563126252505;;-4,0718749999999995;0;0
2016-01-04;5;2016-01-04 05:00:00;8,67;24,19;-15,52;39033;0;44325;13175;18591;0;18591;13175;5416;0;5416;0,2913237588080254;0,2913237588080254;;-1,790080738177624;0;0
2016-01-04;6;2016-01-04 06:00:00;18,01;37,74;-19,73;39033;0;44325;13284;18237;0;18237;13284;4953;0;4953;0,2715907221582497;0,2715907221582497;;-1,0955024986118822;0;0
2016-01-04;7;2016-01-04 07:00:00;28,52;45,73;-17,209999999999994;39033;0;44325;13091;17904;1;17905;13091;4813;1;4814;0,2688634459648143;0,2688226094727435;1,0;-0,6034361851332396;0;0
2016-01-04;8;2016-01-04 08:00:00;34,74;48,78;-14,04;39033;71;44325;12873;17578;99;17677;12944;4705;28;4733;0,26774905244102504;0,2676641256115599;0,2828282828282828;-0,4041450777202072;0;0
2016-01-04;9;2016-01-04 09:00:00;33,46;47,22;-13,759999999999998;39033;533;44325;12206;17147;709;17856;12739;4941;176;5117;0,28657034050179214;0,2881553624540736;0,24823695345557123;-0,4112372982665869;0;0
2016-01-04;10;2016-01-04 10:00:00;33,24;47,98;-14,739999999999995;39033;1350;44325;11458;16345;1573;17918;12808;4887;223;5110;0,2851880790266771;0,298990516977669;0,1417673235855054;-0,44344163658243063;0;0
2016-01-04;11;2016-01-04 11:00:00;35,09;48,73;-13,639999999999993;39033;1998;44325;10580;15262;2235;17497;12578;4682;237;4919;0,2811339086700577;0,3067749967238894;0,10604026845637583;-0,3887147335423195;0;0
2016-01-04;12;2016-01-04 12:00:00;35,0;48,48;-13,479999999999995;39033;2231;44325;10173;14273;2497;16770;12404;4100;266;4366;0,26034585569469293;0,2872556575352063;0,1065278334000801;-0,385142857142857;0;0
2016-01-04;13;2016-01-04 13:00:00;35,0;49,27;-14,270000000000005;39033;2005;44325;9772;13401;2298;15699;11777;3629;293;3922;0,24982482960698132;0,27080068651593164;0,12750217580504786;-0,40771428571428586;0;0
2016-01-04;14;2016-01-04 14:00:00;34,94;50,87;-15,93;39033;1298;44325;9753;12785;1571;14356;11051;3032;273;3305;0,23021733073279466;0,23715291357059054;0,17377466581795034;-0,4559244419004007;0;0
2016-01-04;15;2016-01-04 15:00:00;34,92;50,8;-15,879999999999995;39033;536;44325;10014;12244;635;12879;10550;2230;99;2329;0,18083702150788106;0,18213002286834368;0,15590551181102363;-0,45475372279495974;0;0
2016-01-04;16;2016-01-04 16:00:00;38,0;51,52;-13,520000000000005;39033;58;44325;10292;11901;55;11956;10350;1609;-3;1606;0,13432586149213785;0,13519872279640366;-0,05454545454545454;-0,35578947368421066;0;0
2016-01-04;17;2016-01-04 17:00:00;41,21;58,2;-16,990000000000002;39033;0;44325;10920;11867;0;11867;10920;947;0;947;0,07980112918176456;0,07980112918176456;;-0,41227857316185396;0;0
2016-01-04;18;2016-01-04 18:00:00;42,95;56,2;-13,25;39033;0;44325;11096;11926;0;11926;11096;830;0;830;0,06959584101962099;0,06959584101962099;;-0,3084982537834691;0;0
2016-01-04;19;2016-01-04 19:00:00;41,96;53,17;-11,21;39033;0;44325;10861;11918;0;11918;10861;1057;0;1057;0,0886893774123175;0,0886893774123175;;-0,2671591992373689;0;0
2016-01-04;20;2016-01-04 20:00:00;34,94;44,74;-9,800000000000004;39033;0;44325;10690;11779;0;11779;10690;1089;0;1089;0,09245267000594277;0,09245267000594277;;-0,28048082427017756;0;0
2016-01-04;21;2016-01-04 21:00:00;30,66;39,72;-9,06;39033;0;44325;10284;11568;0;11568;10284;1284;0;1284;0,11099585062240663;0,11099585062240663;;-0,2954990215264188;0;0
2016-01-04;22;2016-01-04 22:00:00;30,0;38,23;-8,229999999999997;39033;0;44325;9974;11344;0;11344;9974;1370;0;1370;0,12076868829337095;0,12076868829337095;;-0,2743333333333332;0;0
2016-01-04;23;2016-01-04 23:00:00;23,9;31,15;-7,25;39033;0;44325;9676;11096;0;11096;9676;1420;0;1420;0,12797404470079307;0,12797404470079307;;-0,3033472803347281;0;0
2016-01-05;0;2016-01-05 00:00:00;25,03;26,98;-1,9499999999999995;39035;0;44325;9529;11547;0;11547;9529;2018;0;2018;0,17476400796743743;0,17476400796743743;;-0,07790651218537753;0;1
2016-01-05;1;2016-01-05 01:00:00;24,42;27,03;-2,6099999999999994;39035;0;44325;9304;11515;0;11515;9304;2211;0;2211;0,1920104211897525;0,1920104211897525;;-0,10687960687960685;0;1
2016-01-05;2;2016-01-05 02:00:00;22,34;25,34;-3,0;39035;0;44325;9205;11626;0;11626;9205;2421;0;2421;0,2082401513848271;0,2082401513848271;;-0,13428827215756492;0;1
2016-01-05;3;2016-01-05 03:00:00;21,5;21,79;-0,28999999999999915;39035;0;44325;9191;11630;0;11630;9191;2439;0;2439;0,20971625107480654;0,20971625107480654;;-0,013488372093023216;0;1
2016-01-05;4;2016-01-05 04:00:00;20,0;24,64;-4,6400000000000015;39035;0;44325;9260;11611;0;11611;9260;2351;0;2351;0,20248040651106708;0,20248040651106708;;-0,23200000000000007;0;1
2016-01-05;5;2016-01-05 05:00:00;23,53;28,13;-4,599999999999998;39035;0;44325;9387;11628;0;11628;9387;2241;0;2241;0,19272445820433437;0,19272445820433437;;-0,19549511262218436;0;1
2016-01-05;6;2016-01-05 06:00:00;28,96;35,45;-6,490000000000002;39035;0;44325;9378;11726;0;11726;9378;2348;0;2348;0,20023878560463926;0,20023878560463926;;-0,22410220994475144;0;1
2016-01-05;7;2016-01-05 07:00:00;38,32;44,65;-6,329999999999997;39035;0;44325;9323;11817;2;11819;9323;2494;2;2496;0,21118537947372873;0,21105187441821105;1,0;-0,16518789144050097;0;1
2016-01-05;8;2016-01-05 08:00:00;41,45;44,25;-2,799999999999997;39035;75;44325;9250;11868;131;11999;9325;2618;56;2674;0,22285190432536045;0,22059319177620493;0,42748091603053434;-0,06755126658624842;0;1
2016-01-05;9;2016-01-05 09:00:00;40,72;44,67;-3,950000000000003;39035;603;44325;9086;11782;856;12638;9689;2696;253;2949;0,23334388352587435;0,22882362926498048;0,2955607476635514;-0,09700392927308456;0;1
2016-01-05;10;2016-01-05 10:00:00;40,66;45,37;-4,710000000000001;39035;1670;44325;8797;11583;1875;13458;10467;2786;205;2991;0,222246990637539;0,24052490719157385;0,10933333333333334;-0,11583866207575015;0;1
2016-01-05;11;2016-01-05 11:00:00;40,33;44,41;-4,079999999999998;39035;2497;44325;8369;11379;2700;14079;10866;3010;203;3213;0,22821223098231408;0,26452236576149046;0,07518518518518519;-0,10116538556905526;0;1
2016-01-05;12;2016-01-05 12:00:00;38,25;42,57;-4,32;39035;2936;44325;8088;11231;2968;14199;11024;3143;32;3175;0,223607296288471;0,27985041403258837;0,01078167115902965;-0,11294117647058824;0;1
2016-01-05;13;2016-01-05 13:00:00;36,98;39,63;-2,6500000000000057;39035;2423;44325;7892;11158;2646;13804;10315;3266;223;3489;0,2527528252680383;0,2927047858039075;0,08427815570672713;-0,0716603569497027;0;1
2016-01-05;14;2016-01-05 14:00:00;34,91;38,64;-3,730000000000004;39035;1610;44325;7972;11233;1813;13046;9582;3261;203;3464;0,2655219990801778;0,2903053503071308;0,11196911196911197;-0,10684617588083656;0;1
2016-01-05;15;2016-01-05 15:00:00;33,5;41,92;-8,420000000000002;39035;673;44325;8052;11433;741;12174;8725;3381;68;3449;0,28330869065220965;0,2957229073733928;0,09176788124156546;-0,2513432835820896;0;1
2016-01-05;16;2016-01-05 16:00:00;35,1;50,09;-14,990000000000002;39035;62;44325;8112;11507;68;11575;8174;3395;6;3401;0,2938228941684665;0,29503780307638827;0,08823529411764706;-0,4270655270655271;0;1
2016-01-05;17;2016-01-05 17:00:00;42,44;58,72;-16,28;39035;0;44325;8368;11530;2;11532;8368;3162;2;3164;0,2743669788414846;0,27424111014744146;1,0;-0,38360037700282756;0;1
2016-01-05;18;2016-01-05 18:00:00;42,94;58,14;-15,200000000000005;39035;0;44325;8622;11492;0;11492;8622;2870;0;2870;0,24973894883397146;0,24973894883397146;;-0,35398230088495586;0;1
2016-01-05;19;2016-01-05 19:00:00;41,74;54,55;-12,809999999999995;39035;0;44325;8527;11468;0;11468;8527;2941;0;2941;0,25645273805371466;0,25645273805371466;;-0,3068998562529946;0;1
2016-01-05;20;2016-01-05 20:00:00;36,47;46,6;-10,130000000000004;39035;0;44325;8410;11493;0;11493;8410;3083;0;3083;0,2682502392760811;0,2682502392760811;;-0,2777625445571704;0;1
2016-01-05;21;2016-01-05 21:00:00;33,01;40,38;-7,370000000000003;39035;0;44325;8185;11499;0;11499;8185;3314;0;3314;0,28819897382381077;0,28819897382381077;;-0,22326567706755537;0;1
2016-01-05;22;2016-01-05 22:00:00;31,75;37,22;-5,469999999999999;39035;0;44325;7999;11404;0;11404;7999;3405;0;3405;0,2985794458084883;0,2985794458084883;;-0,17228346456692908;0;1
2016-01-05;23;2016-01-05 23:00:00;26,99;35,91;-8,919999999999998;39035;0;44325;7968;11204;0;11204;7968;3236;0;3236;0,2888254194930382;0,2888254194930382;;-0,3304927751018895;0;1
2016-01-06;0;2016-01-06 00:00:00;26,62;29,21;-2,59;39036;0;44335;7723;9587;0;9587;7723;1864;0;1864;0,19442995723375403;0,19442995723375403;;-0,09729526671675431;0;2
2016-01-06;1;2016-01-06 01:00:00;25,58;28,77;-3,1900000000000013;39036;0;44335;7566;9330;0;9330;7566;1764;0;1764;0,18906752411575561;0,18906752411575561;;-0,12470680218921038;0;2
2016-01-06;2;2016-01-06 02:00:00;24,59;27,85;-3,2600000000000016;39036;0;44335;7264;9098;0;9098;7264;1834;0;1834;0,2015827654429545;0,2015827654429545;;-0,1325742171614478;0;2
2016-01-06;3;2016-01-06 03:00:00;22,5;24,37;-1,870000000000001;39036;0;44335;7212;8900;0;8900;7212;1688;0;1688;0,1896629213483146;0,1896629213483146;;-0,08311111111111115;0;2
2016-01-06;4;2016-01-06 04:00:00;23,16;25,65;-2,4899999999999984;39036;0;44335;7163;8828;0;8828;7163;1665;0;1665;0,18860444041685545;0,18860444041685545;;-0,10751295336787559;0;2
2016-01-06;5;2016-01-06 05:00:00;24,99;29,5;-4,510000000000002;39036;0;44335;7366;8815;0;8815;7366;1449;0;1449;0,16437889960294952;0,16437889960294952;;-0,1804721888755503;0;2
2016-01-06;6;2016-01-06 06:00:00;26,62;31,85;-5,23;39036;0;44335;7206;8877;0;8877;7206;1671;0;1671;0,18823927002365665;0,18823927002365665;;-0,19646882043576258;0;2
2016-01-06;7;2016-01-06 07:00:00;28,03;34,36;-6,329999999999997;39036;0;44335;7265;8859;2;8861;7265;1594;2;1596;0,1801151111612685;0,17993001467434247;1,0;-0,22582946842668558;0;2
2016-01-06;8;2016-01-06 08:00:00;29,34;32,95;-3,610000000000003;39036;127;44335;7169;8777;151;8928;7296;1608;24;1632;0,1827956989247312;0,183206106870229;0,15894039735099338;-0,12304021813224278;0;2
2016-01-06;9;2016-01-06 09:00:00;32,94;37,14;-4,200000000000003;39036;770;44335;6806;8656;974;9630;7576;1850;204;2054;0,21329179646936655;0,21372458410351203;0,20944558521560575;-0,12750455373406203;0;2
2016-01-06;10;2016-01-06 10:00:00;37,71;41,12;-3,4099999999999966;39036;1818;44335;6636;8410;2129;10539;8454;1774;311;2085;0,1978366068886991;0,21093935790725327;0,14607797087834665;-0,09042694245558199;0;2
2016-01-06;11;2016-01-06 11:00:00;40,08;43,43;-3,3500000000000014;39036;2721;44335;6272;8082;3128;11210;8993;1810;407;2217;0,19776984834968778;0,22395446671615937;0,1301150895140665;-0,08358283433133737;0;2
2016-01-06;12;2016-01-06 12:00:00;40,73;44,42;-3,690000000000005;39036;2820;44335;5672;7613;3436;11049;8492;1941;616;2557;0,23142365824961536;0,25495862340732955;0,17927823050058206;-0,0905966118340291;0;2
2016-01-06;13;2016-01-06 13:00:00;38,26;44,28;-6,020000000000002;39036;2326;44335;5346;7188;3040;10228;7672;1842;714;2556;0,24990222917481422;0,25626043405676124;0,2348684210526316;-0,1573444851019342;0;2
2016-01-06;14;2016-01-06 14:00:00;35,44;42,68;-7,240000000000002;39036;1463;44335;5177;6949;2033;8982;6640;1772;570;2342;0,26074370964150523;0,25500071952798964;0,2803738317757009;-0,2042889390519188;0;2
2016-01-06;15;2016-01-06 15:00:00;36,92;45,32;-8,399999999999999;39036;510;44335;5347;6920;809;7729;5857;1573;299;1872;0,24220468365894682;0,2273121387283237;0,3695920889987639;-0,22751895991332607;0;2
2016-01-06;16;2016-01-06 16:00:00;41,28;46,84;-5,560000000000002;39036;40;44335;5586;7007;73;7080;5626;1421;33;1454;0,20536723163841808;0,20279720279720279;0,4520547945205479;-0,1346899224806202;0;2
2016-01-06;17;2016-01-06 17:00:00;44,95;50,51;-5,559999999999995;39036;0;44335;6018;7098;2;7100;6018;1080;2;1082;0,1523943661971831;0,1521555367709214;1,0;-0,12369299221357052;0;2
2016-01-06;18;2016-01-06 18:00:00;46,9;53,42;-6,520000000000002;39036;0;44335;6242;7186;0;7186;6242;944;0;944;0,1313665460617868;0,1313665460617868;;-0,13901918976545846;0;2
2016-01-06;19;2016-01-06 19:00:00;43,95;48,17;-4,219999999999999;39036;0;44335;6465;7194;0;7194;6465;729;0;729;0,10133444537114263;0,10133444537114263;;-0,09601820250284411;0;2
2016-01-06;20;2016-01-06 20:00:00;39,94;41,03;-1,0900000000000034;39036;0;44335;6603;7143;0;7143;6603;540;0;540;0,0755984880302394;0,0755984880302394;;-0,027290936404607;0;2
2016-01-06;21;2016-01-06 21:00:00;32,4;35,65;-3,25;39036;0;44335;6434;7111;0;7111;6434;677;0;677;0,09520461257207144;0,09520461257207144;;-0,10030864197530864;0;2
2016-01-06;22;2016-01-06 22:00:00;33,51;36,94;-3,43;39036;0;44335;6437;7267;0;7267;6437;830;0;830;0,11421494426861153;0,11421494426861153;;-0,1023575052223217;0;2
2016-01-06;23;2016-01-06 23:00:00;30,11;33,11;-3,0;39036;0;44335;6372;7524;0;7524;6372;1152;0;1152;0,15311004784688995;0,15311004784688995;;-0,09963467286615743;0;2
2016-01-07;0;2016-01-07 00:00:00;26,41;24,69;1,7199999999999989;39039;0;44335;6420;7849;0;7849;6420;1429;0;1429;0,1820614090967002;0,1820614090967002;;0,06512684589170764;0;3
2016-01-07;1;2016-01-07 01:00:00;26,05;24,47;1,5800000000000018;39039;0;44335;6509;8036;0;8036;6509;1527;0;1527;0,19001991040318567;0,19001991040318567;;0,06065259117082541;0;3
2016-01-07;2;2016-01-07 02:00:00;24,93;25,31;-0,37999999999999895;39039;0;44335;6713;8486;0;8486;6713;1773;0;1773;0,20893235917982558;0,20893235917982558;;-0,015242679502607258;0;3
2016-01-07;3;2016-01-07 03:00:00;22,39;21,5;0,8900000000000006;39039;0;44335;6943;8978;0;8978;6943;2035;0;2035;0,226665181554912;0,226665181554912;;0,0397498883430103;0;3
2016-01-07;4;2016-01-07 04:00:00;22,32;22,26;0,05999999999999873;39039;0;44335;7062;9486;0;9486;7062;2424;0;2424;0,25553447185325745;0,25553447185325745;;0,0026881720430106957;0;3
2016-01-07;5;2016-01-07 05:00:00;24,2;24,18;0,01999999999999957;39039;0;44335;7098;10102;0;10102;7098;3004;0;3004;0,2973668580479113;0,2973668580479113;;0,0008264462809917178;0;3
2016-01-07;6;2016-01-07 06:00:00;31,0;29,87;1,129999999999999;39039;0;44335;7575;10803;0;10803;7575;3228;0;3228;0,2988058872535407;0,2988058872535407;;0,03645161290322577;0;3
2016-01-07;7;2016-01-07 07:00:00;42,47;39,51;2,9600000000000013;39039;0;44335;8400;11481;2;11483;8400;3081;2;3083;0,26848384568492556;0,26835641494643325;1,0;0,06969625618083357;0;3
2016-01-07;8;2016-01-07 08:00:00;42,97;41,1;1,8699999999999972;39039;150;44335;9167;12432;168;12600;9317;3265;18;3283;0,26055555555555554;0,26262870012870015;0,10714285714285714;0,043518734000465374;0;3
2016-01-07;9;2016-01-07 09:00:00;41,93;35,86;6,07;39039;1205;44335;10482;13396;1031;14427;11687;2914;-174;2740;0,18992167463783186;0,2175276201851299;-0,1687681862269641;0,14476508466491772;0;3
2016-01-07;10;2016-01-07 10:00:00;41,62;31,72;9,9;39039;2839;44335;11005;14229;2033;16262;13844;3224;-806;2418;0,14869019800762515;0,22657952069716775;-0,396458435809149;0,2378664103796252;0;3
2016-01-07;11;2016-01-07 11:00:00;41,5;31,65;9,85;39039;3898;44335;10906;14959;2687;17646;14804;4053;-1211;2842;0,16105633004646946;0,2709405708937763;-0,45068850018608114;0,23734939759036144;0;3
2016-01-07;12;2016-01-07 12:00:00;40,66;31,54;9,119999999999996;39039;3342;44335;10983;15707;2630;18337;14325;4724;-712;4012;0,21879260511534057;0,3007576239893041;-0,2707224334600761;0,22429906542056066;0;3
2016-01-07;13;2016-01-07 13:00:00;40,33;33,17;7,1599999999999975;39039;1982;44335;11398;16548;2057;18605;13380;5150;75;5225;0,2808384842784198;0,31121585690113607;0,036460865337870685;0,1775353334986362;0;3
2016-01-07;14;2016-01-07 14:00:00;36,51;36,45;0,059999999999995175;39039;914;44335;12438;17534;1241;18775;13352;5096;327;5423;0,2888415446071904;0,2906353370594274;0,2634971796937953;0,0016433853738700404;0;3
2016-01-07;15;2016-01-07 15:00:00;33,49;35,56;-2,0700000000000003;39039;282;44335;13858;18413;480;18893;14140;4555;198;4753;0,25157465728047423;0,2473795687829251;0,4125;-0,061809495371752766;0;3
2016-01-07;16;2016-01-07 16:00:00;34,19;34,5;-0,3100000000000023;39039;26;44335;15102;18852;39;18891;15128;3750;13;3763;0,1991953840453126;0,19891788669637173;0,3333333333333333;-0,009066978648727766;0;3
2016-01-07;17;2016-01-07 17:00:00;40,66;35,69;4,969999999999999;39039;0;44335;16114;18830;0;18830;16114;2716;0;2716;0,14423791821561338;0,14423791821561338;;0,12223315297589767;0;3
2016-01-07;18;2016-01-07 18:00:00;40,8;38,01;2,7899999999999987;39039;0;44335;17594;19081;0;19081;17594;1487;0;1487;0,0779309260520937;0,0779309260520937;;0,06838235294117645;0;3
2016-01-07;19;2016-01-07 19:00:00;37,19;35,47;1,7199999999999989;39039;0;44335;18522;18928;0;18928;18522;406;0;406;0,021449704142011833;0,021449704142011833;;0,04624899166442589;0;3
2016-01-07;20;2016-01-07 20:00:00;31,94;31,06;0,8800000000000026;39039;0;44335;19609;18391;0;18391;19609;-1218;0;-1218;-0,06622804632700778;-0,06622804632700778;;0,027551659361302522;0;3
2016-01-07;21;2016-01-07 21:00:00;27,01;26,68;0,33000000000000185;39039;0;44335;20734;18346;0;18346;20734;-2388;0;-2388;-0,13016461353973618;-0,13016461353973618;;0,012217697149204065;0;3
2016-01-07;22;2016-01-07 22:00:00;27,52;24,14;3,379999999999999;39039;0;44335;21372;18499;0;18499;21372;-2873;0;-2873;-0,15530569219957835;-0,15530569219957835;;0,12281976744186043;0;3
2016-01-07;23;2016-01-07 23:00:00;23,4;18,59;4,809999999999999;39039;0;44335;21563;18665;0;18665;21563;-2898;0;-2898;-0,15526386284489688;-0,15526386284489688;;0,20555555555555552;0;3
2016-01-08;0;2016-01-08 00:00:00;12,12;26,13;-14,01;39041;0;44338;22456;22592;0;22592;22456;136;0;136;0,0060198300283286115;0,0060198300283286115;;-1,155940594059406;0;4
2016-01-08;1;2016-01-08 01:00:00;17,23;23,63;-6,399999999999999;39041;0;44338;22810;23248;0;23248;22810;438;0;438;0,018840330350997934;0,018840330350997934;;-0,3714451538015089;0;4
2016-01-08;2;2016-01-08 02:00:00;13,9;20,41;-6,51;39041;0;44338;22868;23343;0;23343;22868;475;0;475;0,02034871267617701;0,02034871267617701;;-0,4683453237410072;0;4
2016-01-08;3;2016-01-08 03:00:00;12,11;20,57;-8,46;39041;0;44338;23458;24123;0;24123;23458;665;0;665;0,0275670521908552;0,0275670521908552;;-0,698596201486375;0;4
2016-01-08;4;2016-01-08 04:00:00;12,99;15,22;-2,2300000000000004;39041;0;44338;23700;24963;0;24963;23700;1263;0;1263;0,05059488042302608;0,05059488042302608;;-0,17167051578137033;0;4
2016-01-08;5;2016-01-08 05:00:00;16,98;11,67;5,3100000000000005;39041;0;44338;24682;25376;0;25376;24682;694;0;694;0,027348675914249686;0,027348675914249686;;0,3127208480565371;0;4
2016-01-08;6;2016-01-08 06:00:00;22,02;20,22;1,8000000000000007;39041;0;44338;25880;25487;0;25487;25880;-393;0;-393;-0,015419625691529016;-0,015419625691529016;;0,08174386920980929;0;4
2016-01-08;7;2016-01-08 07:00:00;28,4;25,32;3,0799999999999983;39041;0;44338;26073;25309;4;25313;26073;-764;4;-760;-0,030024098289416504;-0,03018689003911652;1,0;0,10845070422535205;0;4
2016-01-08;8;2016-01-08 08:00:00;29,31;27,81;1,5;39041;339;44338;26408;24975;352;25327;26747;-1433;13;-1420;-0,05606664824100762;-0,05737737737737738;0,036931818181818184;0,0511770726714432;0;4
2016-01-08;9;2016-01-08 09:00:00;26,6;26,82;-0,21999999999999886;39041;2815;44338;26070;24599;2624;27223;28885;-1471;-191;-1662;-0,06105131690114976;-0,059799178828407656;-0,07278963414634146;-0,008270676691729281;0;4
2016-01-08;10;2016-01-08 10:00:00;25,55;22,08;3,4700000000000024;39041;6242;44338;25515;24073;5446;29519;31757;-1442;-796;-2238;-0,07581557640841492;-0,059901134050596105;-0,14616232096951892;0,13581213307240714;0;4
2016-01-08;11;2016-01-08 11:00:00;25,76;21,25;4,510000000000002;39041;8735;44338;25106;22965;7704;30669;33841;-2141;-1031;-3172;-0,10342691316965014;-0,09322882647507076;-0,13382658359293872;0,17507763975155285;0;4
2016-01-08;12;2016-01-08 12:00:00;25,13;16,92;8,209999999999997;39041;9116;44338;23671;21369;8423;29792;32787;-2302;-693;-2995;-0,10053034371643395;-0,10772614535074172;-0,08227472397008191;0,326701153999204;0;4
2016-01-08;13;2016-01-08 13:00:00;25,58;19,95;5,629999999999999;39041;7362;44338;21322;19785;7515;27300;28684;-1537;153;-1384;-0,0506959706959707;-0,07768511498610058;0,02035928143712575;0,22009382329945268;0;4
2016-01-08;14;2016-01-08 14:00:00;27,6;25,96;1,6400000000000006;39041;4492;44338;18643;18190;5208;23398;23135;-453;716;263;0,011240276946747585;-0,02490379329301814;0,13748079877112135;0,05942028985507248;0;4
2016-01-08;15;2016-01-08 15:00:00;32,08;31,97;0,10999999999999943;39041;1750;44338;16149;16772;2086;18858;17899;623;336;959;0,05085374907201188;0,03714524207011686;0,1610738255033557;0,0034289276807979874;0;4
2016-01-08;16;2016-01-08 16:00:00;37,16;42,61;-5,450000000000002;39041;118;44338;15412;15764;116;15880;15530;352;-2;350;0,02204030226700252;0,02232935803095661;-0,017241379310344827;-0,1466630785791174;0;4
2016-01-08;17;2016-01-08 17:00:00;45,0;48,1;-3,1000000000000014;39041;0;44338;14731;15302;0;15302;14731;571;0;571;0,037315383609985625;0,037315383609985625;;-0,06888888888888892;0;4
2016-01-08;18;2016-01-08 18:00:00;46,97;48,32;-1,3500000000000014;39041;0;44338;13577;14870;0;14870;13577;1293;0;1293;0,08695359784801614;0,08695359784801614;;-0,028741750053225493;0;4
2016-01-08;19;2016-01-08 19:00:00;40,09;42,89;-2,799999999999997;39041;0;44338;12775;14476;0;14476;12775;1701;0;1701;0,11750483558994197;0,11750483558994197;;-0,06984285357944617;0;4
2016-01-08;20;2016-01-08 20:00:00;34,61;38,08;-3,469999999999999;39041;0;44338;11888;13587;0;13587;11888;1699;0;1699;0,12504599985280046;0,12504599985280046;;-0,10026004045073675;0;4
2016-01-08;21;2016-01-08 21:00:00;31,52;32,84;-1,3200000000000038;39041;0;44338;11230;12433;0;12433;11230;1203;0;1203;0,09675862623662833;0,09675862623662833;;-0,04187817258883261;0;4
2016-01-08;22;2016-01-08 22:00:00;32,5;32,07;0,4299999999999997;39041;0;44338;10311;11183;0;11183;10311;872;0;872;0,07797549852454619;0,07797549852454619;;0,013230769230769221;0;4
2016-01-08;23;2016-01-08 23:00:00;26,01;31,45;-5,439999999999998;39041;0;44338;9782;9976;0;9976;9782;194;0;194;0,019446672012830794;0,019446672012830794;;-0,20915032679738552;0;4
2016-01-09;0;2016-01-09 00:00:00;26,1;27,17;-1,0700000000000005;39041;0;44338;8815;7203;0;7203;8815;-1612;0;-1612;-0,2237956407052617;-0,2237956407052617;;-0,040996168582375495;0;5
2016-01-09;1;2016-01-09 01:00:00;25,1;25,45;-0,3499999999999979;39041;0;44338;8121;6367;0;6367;8121;-1754;0;-1754;-0,2754829590073818;-0,2754829590073818;;-0,013944223107569638;0;5
2016-01-09;2;2016-01-09 02:00:00;24,3;26,08;-1,7799999999999976;39041;0;44338;7671;5681;0;5681;7671;-1990;0;-1990;-0,3502904418236226;-0,3502904418236226;;-0,07325102880658427;0;5
2016-01-09;3;2016-01-09 03:00:00;23,23;23,93;-0,6999999999999993;39041;0;44338;7198;5192;0;5192;7198;-2006;0;-2006;-0,38636363636363635;-0,38636363636363635;;-0,030133448127421407;0;5
2016-01-09;4;2016-01-09 04:00:00;21,96;23,12;-1,16;39041;0;44338;7355;5058;0;5058;7355;-2297;0;-2297;-0,4541320680110716;-0,4541320680110716;;-0,05282331511839708;0;5
2016-01-09;5;2016-01-09 05:00:00;22,45;22,48;-0,030000000000001137;39041;0;44338;7094;5105;0;5105;7094;-1989;0;-1989;-0,38961802154750247;-0,38961802154750247;;-0,0013363028953229906;0;5
2016-01-09;6;2016-01-09 06:00:00;23,07;24,06;-0,9899999999999984;39041;0;44338;7464;5296;0;5296;7464;-2168;0;-2168;-0,4093655589123867;-0,4093655589123867;;-0,04291287386215858;0;5
2016-01-09;7;2016-01-09 07:00:00;25,0;24,67;0,3299999999999983;39041;0;44338;7537;5614;2;5616;7537;-1923;2;-1921;-0,3420584045584046;-0,3425365158532241;1,0;0,013199999999999932;0;5
2016-01-09;8;2016-01-09 08:00:00;32,11;27,98;4,129999999999999;39041;196;44338;7807;5944;113;6057;8003;-1863;-83;-1946;-0,3212811622915635;-0,31342530282637954;-0,7345132743362832;0,12862036748676423;0;5
2016-01-09;9;2016-01-09 09:00:00;37,12;28,57;8,549999999999997;39041;1554;44338;7990;6104;816;6920;9544;-1886;-738;-2624;-0,3791907514450867;-0,30897771952817826;-0,9044117647058824;0,23033405172413787;0;5
2016-01-09;10;2016-01-09 10:00:00;36,13;28,12;8,010000000000002;39041;3446;44338;7728;5984;2240;8224;11174;-1744;-1206;-2950;-0,35870622568093385;-0,2914438502673797;-0,5383928571428571;0,2216994187655688;0;5
2016-01-09;11;2016-01-09 11:00:00;35,76;25,53;10,229999999999997;39041;5002;44338;6464;5572;3656;9228;11466;-892;-1346;-2238;-0,2425227568270481;-0,16008614501076812;-0,36816192560175054;0,28607382550335564;0;5
2016-01-09;12;2016-01-09 12:00:00;34,06;26,81;7,2500000000000036;39041;5171;44338;5640;5206;4087;9293;10811;-434;-1084;-1518;-0,16334875712902183;-0,08336534767575873;-0,26523122094445806;0,21285965942454502;0;5
2016-01-09;13;2016-01-09 13:00:00;31,54;28,12;3,419999999999998;39041;4453;44338;5292;5234;3640;8874;9745;-58;-813;-871;-0,09815190443993689;-0,01108139090561712;-0,22335164835164836;0,10843373493975898;0;5
2016-01-09;14;2016-01-09 14:00:00;27,92;27,26;0,6600000000000001;39041;2900;44338;5173;5657;2461;8118;8073;484;-439;45;0,005543237250554324;0,08555771610394201;-0,17838277123120683;0,023638968481375363;0;5
2016-01-09;15;2016-01-09 15:00:00;27,0;29,17;-2,1700000000000017;39041;1078;44338;6124;6322;990;7312;7202;198;-88;110;0,015043763676148797;0,031319202783929134;-0,08888888888888889;-0,08037037037037044;0;5
2016-01-09;16;2016-01-09 16:00:00;30,5;32,26;-1,759999999999998;39041;91;44338;7979;7202;65;7267;8070;-777;-26;-803;-0,11049951837071693;-0,10788669813940573;-0,4;-0,05770491803278682;0;5
2016-01-09;17;2016-01-09 17:00:00;36,99;36,33;0,6600000000000037;39041;0;44338;9648;8085;0;8085;9648;-1563;0;-1563;-0,19332096474953617;-0,19332096474953617;;0,0178426601784267;0;5
2016-01-09;18;2016-01-09 18:00:00;36,8;33,83;2,969999999999999;39041;0;44338;10718;8823;0;8823;10718;-1895;0;-1895;-0,21477955343987307;-0,21477955343987307;;0,08070652173913041;0;5
2016-01-09;19;2016-01-09 19:00:00;35,0;29,3;5,699999999999998;39041;0;44338;11450;9277;0;9277;11450;-2173;0;-2173;-0,234235205346556;-0,234235205346556;;0,1628571428571428;0;5
2016-01-09;20;2016-01-09 20:00:00;29,0;27,98;1,0199999999999996;39041;0;44338;11629;9569;0;9569;11629;-2060;0;-2060;-0,21527850350088829;-0,21527850350088829;;0,03517241379310344;0;5
2016-01-09;21;2016-01-09 21:00:00;25,01;26,09;-1,0799999999999983;39041;0;44338;11666;9980;0;9980;11666;-1686;0;-1686;-0,168937875751503;-0,168937875751503;;-0,04318272690923623;0;5
2016-01-09;22;2016-01-09 22:00:00;25,1;25,55;-0,4499999999999993;39041;0;44338;12193;10436;0;10436;12193;-1757;0;-1757;-0,16835952472211577;-0,16835952472211577;;-0,01792828685258961;0;5
2016-01-09;23;2016-01-09 23:00:00;22,28;24,09;-1,8099999999999987;39041;0;44338;12602;10860;0;10860;12602;-1742;0;-1742;-0,16040515653775322;-0,16040515653775322;;-0,08123877917414715;0;5
2016-01-10;0;2016-01-10 00:00:00;15,58;17,03;-1,4500000000000008;39041;0;44338;13086;11711;0;11711;13086;-1375;0;-1375;-0,11741098112885322;-0,11741098112885322;;-0,09306803594351738;0;6
2016-01-10;1;2016-01-10 01:00:00;19,05;15,65;3,4000000000000004;39041;0;44338;13590;12260;0;12260;13590;-1330;0;-1330;-0,10848287112561175;-0,10848287112561175;;0,17847769028871394;0;6
2016-01-10;2;2016-01-10 02:00:00;16,87;11,05;5,82;39041;0;44338;14377;12807;0;12807;14377;-1570;0;-1570;-0,12258920902631373;-0,12258920902631373;;0,34499110847658565;0;6
2016-01-10;3;2016-01-10 03:00:00;12,75;9,83;2,92;39041;0;44338;15121;13318;0;13318;15121;-1803;0;-1803;-0,1353806877909596;-0,1353806877909596;;0,22901960784313724;0;6
2016-01-10;4;2016-01-10 04:00:00;10,81;9,25;1,5600000000000005;39041;0;44338;15188;13770;0;13770;15188;-1418;0;-1418;-0,10297748729121278;-0,10297748729121278;;0,1443108233117484;0;6
2016-01-10;5;2016-01-10 05:00:00;10,85;8,9;1,9499999999999995;39041;0;44338;15749;14421;0;14421;15749;-1328;0;-1328;-0,09208792732820192;-0,09208792732820192;;0,17972350230414744;0;6
2016-01-10;6;2016-01-10 06:00:00;9,85;8,4;1,4499999999999993;39041;0;44338;16646;14889;0;14889;16646;-1757;0;-1757;-0,11800658204043253;-0,11800658204043253;;0,1472081218274111;0;6
2016-01-10;7;2016-01-10 07:00:00;11,92;9,52;2,4000000000000004;39041;0;44338;17234;15332;3;15335;17234;-1902;3;-1899;-0,1238343658298011;-0,12405426558831202;1,0;0,20134228187919467;0;6
2016-01-10;8;2016-01-10 08:00:00;15,44;12,5;2,9399999999999995;39041;178;44338;17175;15903;165;16068;17353;-1272;-13;-1285;-0,07997261638038337;-0,07998490850782872;-0,07878787878787878;0,1904145077720207;0;6
2016-01-10;9;2016-01-10 09:00:00;18,99;18,72;0,2699999999999996;39041;1196;44338;16838;16020;1160;17180;18034;-818;-36;-854;-0,04970896391152503;-0,05106117353308365;-0,03103448275862069;0,014218009478672964;0;6
2016-01-10;10;2016-01-10 10:00:00;19,66;24,59;-4,93;39041;2311;44338;16607;15944;2698;18642;18918;-663;387;-276;-0,014805278403604764;-0,04158304064224787;0,14343958487768718;-0,25076297049847407;0;6
2016-01-10;11;2016-01-10 11:00:00;21,59;25,55;-3,9600000000000013;39041;3154;44338;16256;15332;4058;19390;19410;-924;904;-20;-0,0010314595152140279;-0,060266110096530136;0,22276983735830458;-0,1834182491894396;0;6
2016-01-10;12;2016-01-10 12:00:00;21,83;26,89;-5,060000000000001;39041;3805;44338;15297;14519;4500;19019;19102;-778;695;-83;-0,004364056995635943;-0,05358495764171086;0,15444444444444444;-0,23179111314704542;0;6
2016-01-10;13;2016-01-10 13:00:00;20,82;24,38;-3,5599999999999987;39041;3940;44338;14348;13475;4172;17647;18288;-873;232;-641;-0,0363234544115147;-0,06478664192949907;0,05560882070949185;-0,17098943323727178;0;6
2016-01-10;14;2016-01-10 14:00:00;20,06;21,91;-1,8500000000000012;39041;3009;44338;13428;12144;3052;15196;16437;-1284;43;-1241;-0,08166622795472493;-0,10573122529644269;0,014089121887287025;-0,09222333000997016;0;6
2016-01-10;15;2016-01-10 15:00:00;21,45;22,51;-1,0600000000000025;39041;1226;44338;12548;11175;1312;12487;13774;-1373;86;-1287;-0,10306718987747257;-0,12286353467561521;0,06554878048780488;-0,04941724941724954;0;6
2016-01-10;16;2016-01-10 16:00:00;23,92;25,23;-1,3099999999999987;39041;81;44338;12871;10559;107;10666;12952;-2312;26;-2286;-0,21432589536846053;-0,21896012880007576;0,24299065420560748;-0,05476588628762536;0;6
2016-01-10;17;2016-01-10 17:00:00;27,93;29,3;-1,370000000000001;39041;0;44338;13438;10357;0;10357;13438;-3081;0;-3081;-0,29747996524089987;-0,29747996524089987;;-0,049051199427139314;0;6
2016-01-10;18;2016-01-10 18:00:00;35,0;33,15;1,8500000000000012;39041;0;44338;13767;10385;0;10385;13767;-3382;0;-3382;-0,3256620125180549;-0,3256620125180549;;0,052857142857142894;0;6
2016-01-10;19;2016-01-10 19:00:00;33,0;30,23;2,77;39041;0;44338;14325;10442;0;10442;14325;-3883;0;-3883;-0,3718636276575369;-0,3718636276575369;;0,08393939393939394;0;6
2016-01-10;20;2016-01-10 20:00:00;30,03;21,52;8,510000000000002;39041;0;44338;13727;10488;0;10488;13727;-3239;0;-3239;-0,3088291380625477;-0,3088291380625477;;0,28338328338328345;0;6
2016-01-10;21;2016-01-10 21:00:00;26,06;15,76;10,3;39041;0;44338;12371;10415;0;10415;12371;-1956;0;-1956;-0,18780604896783484;-0,18780604896783484;;0,39524174980813515;0;6
2016-01-10;22;2016-01-10 22:00:00;26,93;22,11;4,82;39041;0;44338;11575;10359;0;10359;11575;-1216;0;-1216;-0,11738584805483154;-0,11738584805483154;;0,17898254734496846;0;6
2016-01-10;23;2016-01-10 23:00:00;23,12;23,09;0,030000000000001137;39041;0;44338;11273;9972;0;9972;11273;-1301;0;-1301;-0,13046530284797433;-0,13046530284797433;;0,0012975778546713294;0;6
2016-01-11;0;2016-01-11 00:00:00;21,95;20,21;1,7399999999999984;39043;0;44340;10728;9992;0;9992;10728;-736;0;-736;-0,07365892714171338;-0,07365892714171338;;0,0792710706150341;0;0
2016-01-11;1;2016-01-11 01:00:00;20,04;17,1;2,9399999999999977;39043;0;44340;10013;9365;0;9365;10013;-648;0;-648;-0,06919380672717565;-0,06919380672717565;;0,14670658682634719;0;0
2016-01-11;2;2016-01-11 02:00:00;19,78;13,49;6,290000000000001;39043;0;44340;9387;8830;0;8830;9387;-557;0;-557;-0,06308040770101925;-0,06308040770101925;;0,3179979777553084;0;0
2016-01-11;3;2016-01-11 03:00:00;19,36;14,12;5,24;39043;0;44340;8030;8231;0;8231;8030;201;0;201;0,024419876078240796;0,024419876078240796;;0,27066115702479343;0;0
2016-01-11;4;2016-01-11 04:00:00;19,56;14,73;4,829999999999998;39043;0;44340;7316;7503;0;7503;7316;187;0;187;0,02492336398773824;0,02492336398773824;;0,24693251533742325;0;0
2016-01-11;5;2016-01-11 05:00:00;21,67;17,47;4,200000000000003;39043;0;44340;6474;6780;0;6780;6474;306;0;306;0,04513274336283186;0,04513274336283186;;0,19381633594831577;0;0
2016-01-11;6;2016-01-11 06:00:00;28,5;24,77;3,73;39043;0;44340;6188;6207;0;6207;6188;19;0;19;0,003061060093442887;0,003061060093442887;;0,13087719298245615;0;0
2016-01-11;7;2016-01-11 07:00:00;41,61;32,35;9,259999999999998;39043;0;44340;6382;5956;2;5958;6382;-426;2;-424;-0,0711648204095334;-0,0715245130960376;1,0;0,22254265801490022;0;0
2016-01-11;8;2016-01-11 08:00:00;45,93;39,84;6,089999999999996;39043;90;44340;6817;5895;142;6037;6907;-922;52;-870;-0,1441113135663409;-0,15640373197625107;0,36619718309859156;0,13259307642064003;0;0
2016-01-11;9;2016-01-11 09:00:00;44,0;35,26;8,740000000000002;39043;544;44340;7204;5751;900;6651;7748;-1453;356;-1097;-0,1649376033679146;-0,25265171274560944;0,39555555555555555;0,1986363636363637;0;0
2016-01-11;10;2016-01-11 10:00:00;41,94;31,6;10,339999999999996;39043;1343;44340;7137;5649;1919;7568;8480;-1488;576;-912;-0,12050739957716702;-0,2634094530005311;0,30015633142261594;0,24654268001907478;0;0
2016-01-11;11;2016-01-11 11:00:00;41,96;32,03;9,93;39043;1989;44340;6793;5451;2666;8117;8782;-1342;677;-665;-0,08192682025378835;-0,24619335901669417;0,2539384846211553;0,23665395614871304;0;0
2016-01-11;12;2016-01-11 12:00:00;42,33;32,7;9,629999999999997;39043;2238;44340;6240;5300;2815;8115;8478;-940;577;-363;-0,04473197781885398;-0,17735849056603772;0,2049733570159858;0,22749822820694537;0;0
2016-01-11;13;2016-01-11 13:00:00;42,1;30,57;11,53;39043;1994;44340;6038;5409;2412;7821;8032;-629;418;-211;-0,02697864723181179;-0,11628766870031429;0,17330016583747926;0,2738717339667458;0;0
2016-01-11;14;2016-01-11 14:00:00;39,88;31,71;8,170000000000002;39043;1296;44340;6398;5800;1717;7517;7694;-598;421;-177;-0,023546627644006918;-0,10310344827586207;0,24519510774606873;0,20486459378134406;0;0
2016-01-11;15;2016-01-11 15:00:00;37,5;32,82;4,68;39043;595;44340;7476;6281;801;7082;8071;-1195;206;-989;-0,13964981643603502;-0,19025632861009392;0,2571785268414482;0,1248;0;0
2016-01-11;16;2016-01-11 16:00:00;37,95;31,11;6,8400000000000025;39043;88;44340;8467;6890;78;6968;8555;-1577;-10;-1587;-0,22775545350172216;-0,2288824383164006;-0,1282051282051282;0,18023715415019767;0;0
2016-01-11;17;2016-01-11 17:00:00;44,69;32,82;11,869999999999996;39043;1;44340;9729;7657;0;7657;9730;-2072;-1;-2073;-0,2707326629228157;-0,2706020634713334;-inf;0,2656075184605056;0;0
2016-01-11;18;2016-01-11 18:00:00;42,88;33,12;9,760000000000003;39043;0;44340;10479;8491;0;8491;10479;-1988;0;-1988;-0,2341302555647156;-0,2341302555647156;;0,22761194029850754;0;0
2016-01-11;19;2016-01-11 19:00:00;40,0;29,2;10,8;39043;0;44340;10726;8953;0;8953;10726;-1773;0;-1773;-0,19803417848765778;-0,19803417848765778;;0,27;0;0
2016-01-11;20;2016-01-11 20:00:00;33,09;25,99;7,100000000000005;39043;0;44340;10824;8913;0;8913;10824;-1911;0;-1911;-0,21440592393133626;-0,21440592393133626;;0,21456633423995178;0;0
2016-01-11;21;2016-01-11 21:00:00;27,93;22,54;5,3900000000000015;39043;0;44340;10748;8833;0;8833;10748;-1915;0;-1915;-0,21680063398618815;-0,21680063398618815;;0,19298245614035092;0;0
2016-01-11;22;2016-01-11 22:00:00;28,0;24,24;3,7600000000000016;39043;0;44340;10604;8602;0;8602;10604;-2002;0;-2002;-0,23273657289002558;-0,23273657289002558;;0,13428571428571434;0;0
2016-01-11;23;2016-01-11 23:00:00;24,14;16,89;7,25;39043;0;44340;10300;8375;0;8375;10300;-1925;0;-1925;-0,2298507462686567;-0,2298507462686567;;0,3003314001657001;0;0
2016-01-12;0;2016-01-12 00:00:00;21,51;16,19;5,32;39045;0;44346;10106;9183;0;9183;10106;-923;0;-923;-0,10051181531090057;-0,10051181531090057;;0,24732682473268247;0;1
2016-01-12;1;2016-01-12 01:00:00;19,81;14,43;5,379999999999999;39045;0;44346;9849;9041;0;9041;9849;-808;0;-808;-0,08937064484017254;-0,08937064484017254;;0,27158001009591115;0;1
2016-01-12;2;2016-01-12 02:00:00;19,1;13,1;6,000000000000003;39045;0;44346;9681;8910;0;8910;9681;-771;0;-771;-0,08653198653198653;-0,08653198653198653;;0,31413612565445037;0;1
2016-01-12;3;2016-01-12 03:00:00;15,74;10,96;4,7799999999999985;39045;0;44346;9863;8789;0;8789;9863;-1074;0;-1074;-0,12219820229832745;-0,12219820229832745;;0,303684879288437;0;1
2016-01-12;4;2016-01-12 04:00:00;15,54;11,53;4,01;39045;0;44346;10305;8598;0;8598;10305;-1707;0;-1707;-0,19853454291695743;-0,19853454291695743;;0,25804375804375806;0;1
2016-01-12;5;2016-01-12 05:00:00;20,19;13,52;6,670000000000003;39045;0;44346;10822;8643;0;8643;10822;-2179;0;-2179;-0,2521115353465232;-0,2521115353465232;;0,3303615651312532;0;1
2016-01-12;6;2016-01-12 06:00:00;24,38;20,03;4,349999999999998;39045;0;44346;11436;8973;0;8973;11436;-2463;0;-2463;-0,2744901370779004;-0,2744901370779004;;0,17842493847415908;0;1
2016-01-12;7;2016-01-12 07:00:00;35,92;31,89;4,030000000000001;39045;1;44346;11621;9240;3;9243;11622;-2381;2;-2379;-0,25738396624472576;-0,2576839826839827;0,6666666666666666;0,11219376391982186;0;1
2016-01-12;8;2016-01-12 08:00:00;40,5;33,86;6,6400000000000015;39045;131;44346;11797;9335;156;9491;11928;-2462;25;-2437;-0,2567695711726899;-0,26373861810391;0,16025641025641027;0,16395061728395066;0;1
2016-01-12;9;2016-01-12 09:00:00;41,0;35,25;5,75;39045;791;44346;12120;9470;902;10372;12911;-2650;111;-2539;-0,24479367527959892;-0,27983104540654696;0,12305986696230599;0,1402439024390244;0;1
2016-01-12;10;2016-01-12 10:00:00;38,66;31,37;7,2899999999999965;39045;1756;44346;12748;9664;1868;11532;14504;-3084;112;-2972;-0,2577176552202567;-0,31912251655629137;0,059957173447537475;0,1885669943093636;0;1
2016-01-12;11;2016-01-12 11:00:00;36,46;30,1;6,3599999999999985;39045;2538;44346;12975;9898;2657;12555;15513;-3077;119;-2958;-0,23560334528076463;-0,310870883006668;0,044787354158825746;0,17443773998902903;0;1
2016-01-12;12;2016-01-12 12:00:00;35,0;31,06;3,940000000000001;39045;3142;44346;13248;10150;2921;13071;16390;-3098;-221;-3319;-0,25392089358121034;-0,3052216748768473;-0,07565902088325915;0,1125714285714286;0;1
2016-01-12;13;2016-01-12 13:00:00;33,3;29,13;4,169999999999998;39045;3137;44346;13553;10134;2754;12888;16690;-3419;-383;-3802;-0,2950031036623215;-0,3373791197947503;-0,13907044299201163;0,12522522522522517;0;1
2016-01-12;14;2016-01-12 14:00:00;32,21;28,93;3,280000000000001;39045;2428;44346;13435;9851;2070;11921;15863;-3584;-358;-3942;-0,3306769566311551;-0,3638209318850878;-0,17294685990338166;0,1018317292766222;0;1
2016-01-12;15;2016-01-12 15:00:00;33,0;27,99;5,010000000000002;39045;1092;44346;12850;9535;973;10508;13942;-3315;-119;-3434;-0,326798629615531;-0,34766649187205034;-0,1223021582733813;0,15181818181818185;0;1
2016-01-12;16;2016-01-12 16:00:00;36,08;31,12;4,959999999999997;39045;116;44346;13023;9628;111;9739;13139;-3395;-5;-3400;-0,3491118184618544;-0,3526173660157873;-0,04504504504504504;0,13747228381374715;0;1
2016-01-12;17;2016-01-12 17:00:00;41,94;37,08;4,8599999999999985;39045;2;44346;13584;10253;0;10253;13586;-3331;-2;-3333;-0,3250755876328879;-0,3248805227738223;-inf;0,11587982832618023;0;1
2016-01-12;18;2016-01-12 18:00:00;40,33;39,04;1,2899999999999991;39045;0;44346;13919;10805;0;10805;13919;-3114;0;-3114;-0,28819990745025453;-0,28819990745025453;;0,031986114554921875;0;1
2016-01-12;19;2016-01-12 19:00:00;29,69;32,73;-3,039999999999996;39045;0;44346;14524;11107;0;11107;14524;-3417;0;-3417;-0,3076438282164401;-0,3076438282164401;;-0,10239137756820464;0;1
2016-01-12;20;2016-01-12 20:00:00;26,05;26,3;-0,25;39045;0;44346;15350;11596;0;11596;15350;-3754;0;-3754;-0,323732321490169;-0,323732321490169;;-0,009596928982725527;0;1
2016-01-12;21;2016-01-12 21:00:00;24,76;27,3;-2,539999999999999;39045;0;44346;15537;11932;0;11932;15537;-3605;0;-3605;-0,30212872946697955;-0,30212872946697955;;-0,10258481421647815;0;1
2016-01-12;22;2016-01-12 22:00:00;24,03;29,03;-5,0;39045;0;44346;15507;12229;0;12229;15507;-3278;0;-3278;-0,2680513533404203;-0,2680513533404203;;-0,20807324178110695;0;1
2016-01-12;23;2016-01-12 23:00:00;21,51;24,68;-3,169999999999998;39045;0;44346;15597;12508;0;12508;15597;-3089;0;-3089;-0,24696194435561242;-0,24696194435561242;;-0,14737331473733137;0;1
2016-01-13;0;2016-01-13 00:00:00;21,0;26,41;-5,41;39047;0;44353;15809;14174;0;14174;15809;-1635;0;-1635;-0,11535205305488923;-0,11535205305488923;;-0,25761904761904764;0;2
2016-01-13;1;2016-01-13 01:00:00;19,66;22,51;-2,8500000000000014;39047;0;44353;16090;14015;0;14015;16090;-2075;0;-2075;-0,148055654655726;-0,148055654655726;;-0,14496439471007128;0;2
2016-01-13;2;2016-01-13 02:00:00;18,13;19,18;-1,0500000000000007;39047;0;44353;16516;14082;0;14082;16516;-2434;0;-2434;-0,1728447663684136;-0,1728447663684136;;-0,05791505791505796;0;2
2016-01-13;3;2016-01-13 03:00:00;15,3;14,59;0,7100000000000009;39047;0;44353;17244;14110;0;14110;17244;-3134;0;-3134;-0,2221119773210489;-0,2221119773210489;;0,046405228758169985;0;2
2016-01-13;4;2016-01-13 04:00:00;18,05;16,91;1,1400000000000006;39047;0;44353;17520;14317;0;14317;17520;-3203;0;-3203;-0,2237200530837466;-0,2237200530837466;;0,06315789473684214;0;2
2016-01-13;5;2016-01-13 05:00:00;20,83;18,84;1,9899999999999984;39047;0;44353;18230;14769;0;14769;18230;-3461;0;-3461;-0,23434220326359265;-0,23434220326359265;;0,09553528564570324;0;2
2016-01-13;6;2016-01-13 06:00:00;24,1;28,93;-4,829999999999998;39047;0;44353;19194;15140;0;15140;19194;-4054;0;-4054;-0,2677675033025099;-0,2677675033025099;;-0,20041493775933603;0;2
2016-01-13;7;2016-01-13 07:00:00;27,87;26,04;1,8300000000000016;39047;0;44353;19309;15148;2;15150;19309;-4161;2;-4159;-0,2745214521452145;-0,27468972801689995;1,0;0,06566200215285259;0;2
2016-01-13;8;2016-01-13 08:00:00;29,98;32,03;-2,0500000000000007;39047;118;44353;18275;14830;109;14939;18393;-3445;-9;-3454;-0,23120690809291117;-0,2322993931220499;-0,08256880733944955;-0,06837891927951971;0;2
2016-01-13;9;2016-01-13 09:00:00;30,73;33,49;-2,7600000000000016;39047;642;44353;17223;14393;622;15015;17865;-2830;-20;-2850;-0,18981018981018982;-0,19662335857708607;-0,03215434083601286;-0,08981451350471857;0;2
2016-01-13;10;2016-01-13 10:00:00;31,45;32,34;-0,8900000000000041;39047;1551;44353;16594;13869;1437;15306;18145;-2725;-114;-2839;-0,1854828171958709;-0,19648136130939506;-0,07933194154488518;-0,028298887122416665;0;2
2016-01-13;11;2016-01-13 11:00:00;33,56;32,15;1,4100000000000037;39047;2258;44353;15837;13598;2176;15774;18095;-2239;-82;-2321;-0,14714086471408647;-0,1646565671422268;-0,03768382352941176;0,04201430274135887;0;2
2016-01-13;12;2016-01-13 12:00:00;33,99;32,16;1,8300000000000052;39047;2580;44353;15398;13226;2545;15771;17978;-2172;-35;-2207;-0,13994039693107602;-0,16422198699531226;-0,0137524557956778;0,05383936451897632;0;2
2016-01-13;13;2016-01-13 13:00:00;34,09;33,48;0,6100000000000065;39047;2376;44353;14673;12600;2448;15048;17049;-2073;72;-2001;-0,1329744816586922;-0,16452380952380952;0,029411764705882353;0,017893810501613566;0;2
2016-01-13;14;2016-01-13 14:00:00;34,02;34,14;-0,11999999999999746;39047;1778;44353;13976;11802;1800;13602;15754;-2174;22;-2152;-0,1582120276429937;-0,18420606676834436;0,012222222222222223;-0,0035273368606701188;0;2
2016-01-13;15;2016-01-13 15:00:00;37,44;34,41;3,030000000000001;39047;774;44353;13336;10957;819;11776;14110;-2379;45;-2334;-0,19819972826086957;-0,21712147485625627;0,054945054945054944;0,08092948717948721;0;2
2016-01-13;16;2016-01-13 16:00:00;39,58;37,03;2,549999999999997;39047;86;44353;13012;10088;103;10191;13098;-2924;17;-2907;-0,28525169267000294;-0,2898493259318002;0,1650485436893204;0,06442647801920155;0;2
2016-01-13;17;2016-01-13 17:00:00;43,0;42,26;0,7400000000000021;39047;2;44353;12136;9339;0;9339;12138;-2797;-2;-2799;-0,29971088981689686;-0,2994967341257094;-inf;0,017209302325581443;0;2
2016-01-13;18;2016-01-13 18:00:00;42,22;39,79;2,43;39047;0;44353;10898;8671;0;8671;10898;-2227;0;-2227;-0,25683312190058816;-0,25683312190058816;;0,05755566082425392;0;2
2016-01-13;19;2016-01-13 19:00:00;38,86;42,28;-3,4200000000000017;39047;0;44353;9909;8021;0;8021;9909;-1888;0;-1888;-0,23538212192993394;-0,23538212192993394;;-0,08800823468862588;0;2
2016-01-13;20;2016-01-13 20:00:00;29,62;33,11;-3,4899999999999984;39047;0;44353;9212;7720;0;7720;9212;-1492;0;-1492;-0,19326424870466322;-0,19326424870466322;;-0,11782579338284938;0;2
2016-01-13;21;2016-01-13 21:00:00;26,97;28,37;-1,400000000000002;39047;0;44353;8514;7525;0;7525;8514;-989;0;-989;-0,13142857142857142;-0,13142857142857142;;-0,05190952910641461;0;2
2016-01-13;22;2016-01-13 22:00:00;25,88;26,49;-0,6099999999999994;39047;0;44353;8676;7310;0;7310;8676;-1366;0;-1366;-0,18686730506155952;-0,18686730506155952;;-0,02357032457496134;0;2
2016-01-13;23;2016-01-13 23:00:00;23,52;24,19;-0,6700000000000017;39047;0;44353;9194;7121;0;7121;9194;-2073;0;-2073;-0,2911107990450779;-0,2911107990450779;;-0,028486394557823203;0;2
2016-01-14;0;2016-01-14 00:00:00;24,29;28,14;-3,8500000000000014;39051;0;44363;9833;9043;0;9043;9833;-790;0;-790;-0,08736038925135464;-0,08736038925135464;;-0,15850144092219026;0;3
2016-01-14;1;2016-01-14 01:00:00;23,06;24,44;-1,3800000000000026;39051;0;44363;9532;9084;0;9084;9532;-448;0;-448;-0,04931748128577719;-0,04931748128577719;;-0,05984388551604521;0;3
2016-01-14;2;2016-01-14 02:00:00;22,22;22,26;-0,0400000000000027;39051;0;44363;9152;8786;0;8786;9152;-366;0;-366;-0,04165718188026406;-0,04165718188026406;;-0,0018001800180019218;0;3
2016-01-14;3;2016-01-14 03:00:00;22,03;22,7;-0,6699999999999982;39051;0;44363;8990;8331;0;8331;8990;-659;0;-659;-0,07910214860160845;-0,07910214860160845;;-0,030413073082160604;0;3
2016-01-14;4;2016-01-14 04:00:00;22,53;22,19;0,33999999999999986;39051;0;44363;8285;8086;0;8086;8285;-199;0;-199;-0,024610437793717535;-0,024610437793717535;;0,015090989791389252;0;3
2016-01-14;5;2016-01-14 05:00:00;23,9;27,8;-3,9000000000000017;39051;0;44363;8370;8010;0;8010;8370;-360;0;-360;-0,0449438202247191;-0,0449438202247191;;-0,16317991631799172;0;3
2016-01-14;6;2016-01-14 06:00:00;29,99;30,67;-0,6800000000000033;39051;0;44363;9000;8202;0;8202;9000;-798;0;-798;-0,09729334308705194;-0,09729334308705194;;-0,022674224741580637;0;3
2016-01-14;7;2016-01-14 07:00:00;44,07;38,38;5,689999999999998;39051;0;44363;9734;8539;7;8546;9734;-1195;7;-1188;-0,1390124034636087;-0,13994612952336338;1,0;0,1291127751304742;0;3
2016-01-14;8;2016-01-14 08:00:00;44,99;44,73;0,2600000000000051;39051;472;44363;10273;8862;442;9304;10745;-1411;-30;-1441;-0,15487962166809974;-0,15921913789212366;-0,06787330316742081;0,0057790620137809535;0;3
2016-01-14;9;2016-01-14 09:00:00;41,39;39,93;1,4600000000000009;39051;2984;44363;10525;9300;2652;11952;13509;-1225;-332;-1557;-0,1302710843373494;-0,13172043010752688;-0,12518853695324283;0,03527422082628656;0;3
2016-01-14;10;2016-01-14 10:00:00;34,95;30,5;4,450000000000003;39051;6185;44363;10369;9641;5317;14958;16554;-728;-868;-1596;-0,1066987565182511;-0,07551083912457214;-0,16324995298100434;0,12732474964234627;0;3
2016-01-14;11;2016-01-14 11:00:00;33,18;29,11;4,07;39051;8841;44363;10483;9789;7208;16997;19324;-694;-1633;-2327;-0,13690651291404365;-0,07089590356522628;-0,22655382907880134;0,12266425557564799;0;3
2016-01-14;12;2016-01-14 12:00:00;31,17;26,36;4,810000000000001;39051;9829;44363;10506;9797;7488;17285;20335;-709;-2341;-3050;-0,17645357246167198;-0,07236909257936103;-0,312633547008547;0,1543150465190889;0;3
2016-01-14;13;2016-01-14 13:00:00;33,52;27,2;6,320000000000004;39051;8555;44363;10268;9427;6275;15702;18823;-841;-2280;-3121;-0,1987644886001783;-0,08921183833669248;-0,3633466135458167;0,18854415274463016;0;3
2016-01-14;14;2016-01-14 14:00:00;39,97;31,62;8,349999999999998;39051;5652;44363;9868;9154;4053;13207;15520;-714;-1599;-2313;-0,1751343984250776;-0,07799868909766222;-0,3945225758697261;0,20890668001000745;0;3
2016-01-14;15;2016-01-14 15:00:00;42,99;37,69;5,300000000000004;39051;1911;44363;9567;9051;1731;10782;11478;-516;-180;-696;-0,06455203116304953;-0,057010275107722906;-0,10398613518197573;0,12328448476389868;0;3
2016-01-14;16;2016-01-14 16:00:00;42,34;41,79;0,5500000000000043;39051;119;44363;9721;9249;181;9430;9840;-472;62;-410;-0,043478260869565216;-0,05103254405881717;0,3425414364640884;0,012990080302314695;0;3
2016-01-14;17;2016-01-14 17:00:00;45,5;43,0;2,5;39051;2;44363;10369;9610;0;9610;10371;-759;-2;-761;-0,07918834547346514;-0,0789802289281998;-inf;0,054945054945054944;0;3
2016-01-14;18;2016-01-14 18:00:00;41,06;40,12;0,9400000000000048;39051;0;44363;11076;9797;0;9797;11076;-1279;0;-1279;-0,13055016841890374;-0,13055016841890374;;0,022893326838772644;0;3
2016-01-14;19;2016-01-14 19:00:00;40,02;39,4;0,6200000000000045;39051;0;44363;10633;9762;0;9762;10633;-871;0;-871;-0,08922351977053883;-0,08922351977053883;;0,01549225387306358;0;3
2016-01-14;20;2016-01-14 20:00:00;38,34;34,16;4,180000000000007;39051;0;44363;10494;9471;0;9471;10494;-1023;0;-1023;-0,10801393728222997;-0,10801393728222997;;0,10902451747522186;0;3
2016-01-14;21;2016-01-14 21:00:00;30,86;31,2;-0,33999999999999986;39051;0;44363;10391;9010;0;9010;10391;-1381;0;-1381;-0,1532741398446171;-0,1532741398446171;;-0,011017498379779646;0;3
2016-01-14;22;2016-01-14 22:00:00;28,16;27,24;0,9200000000000016;39051;0;44363;9926;8568;0;8568;9926;-1358;0;-1358;-0,15849673202614378;-0,15849673202614378;;0,0326704545454546;0;3
2016-01-14;23;2016-01-14 23:00:00;25,73;25,95;-0,21999999999999886;39051;0;44363;9744;8264;0;8264;9744;-1480;0;-1480;-0,17909002904162633;-0,17909002904162633;;-0,008550330353672711;0;3
2016-01-15;0;2016-01-15 00:00:00;24,58;23,34;1,2399999999999984;39053;0;44363;9660;8588;0;8588;9660;-1072;0;-1072;-0,1248253376804844;-0,1248253376804844;;0,050447518307567066;0;4
2016-01-15;1;2016-01-15 01:00:00;25,03;24,3;0,7300000000000004;39053;0;44363;9733;8348;0;8348;9733;-1385;0;-1385;-0,16590800191662675;-0,16590800191662675;;0,029165001997602892;0;4
2016-01-15;2;2016-01-15 02:00:00;24,36;23,52;0,8399999999999999;39053;0;44363;9642;8228;0;8228;9642;-1414;0;-1414;-0,17185221195916384;-0,17185221195916384;;0,03448275862068965;0;4
2016-01-15;3;2016-01-15 03:00:00;23,5;22,46;1,0399999999999991;39053;0;44363;9479;8180;0;8180;9479;-1299;0;-1299;-0,15880195599022004;-0,15880195599022004;;0,044255319148936136;0;4
2016-01-15;4;2016-01-15 04:00:00;22,94;24,06;-1,1199999999999974;39053;0;44363;9575;7949;0;7949;9575;-1626;0;-1626;-0,20455403195370486;-0,20455403195370486;;-0,048823016564951936;0;4
2016-01-15;5;2016-01-15 05:00:00;23,17;21,42;1,75;39053;0;44363;9534;7740;0;7740;9534;-1794;0;-1794;-0,2317829457364341;-0,2317829457364341;;0,0755287009063444;0;4
2016-01-15;6;2016-01-15 06:00:00;26,35;21,92;4,43;39053;0;44363;9762;7680;0;7680;9762;-2082;0;-2082;-0,27109375;-0,27109375;;0,16812144212523716;0;4
2016-01-15;7;2016-01-15 07:00:00;40,9;38,14;2,759999999999998;39053;0;44363;9618;7724;3;7727;9618;-1894;3;-1891;-0,2447262844570985;-0,24520973588814085;1,0;0,06748166259168699;0;4
2016-01-15;8;2016-01-15 08:00:00;45,21;38,9;6,310000000000002;39053;130;44363;9335;7648;155;7803;9465;-1687;25;-1662;-0,21299500192233756;-0,2205805439330544;0,16129032258064516;0,13957089139570897;0;4
2016-01-15;9;2016-01-15 09:00:00;45,46;43,23;2,230000000000004;39053;668;44363;8549;7726;855;8581;9217;-823;187;-636;-0,0741172357534087;-0,10652342738804038;0,21871345029239767;0,049054113506379324;0;4
2016-01-15;10;2016-01-15 10:00:00;45,99;45,58;0,4100000000000037;39053;1221;44363;7845;7768;1784;9552;9066;-77;563;486;0,05087939698492462;-0,009912461380020597;0,3155829596412556;0,008914981517721323;0;4
2016-01-15;11;2016-01-15 11:00:00;46,95;45,2;1,75;39053;1679;44363;6973;7737;2513;10250;8652;764;834;1598;0,15590243902439024;0,09874628408944035;0,3318742538798249;0,03727369542066027;0;4
2016-01-15;12;2016-01-15 12:00:00;44,0;45,43;-1,4299999999999995;39053;1800;44363;6298;7656;2756;10412;8098;1358;956;2314;0,2222435651171725;0,17737722048066876;0,3468795355587808;-0,03249999999999999;0;4
2016-01-15;13;2016-01-15 13:00:00;42,05;45,96;-3,910000000000004;39053;1637;44363;5759;7503;2479;9982;7396;1744;842;2586;0,2590663193748748;0,23244035719045716;0,33965308592174265;-0,09298454221165289;0;4
2016-01-15;14;2016-01-15 14:00:00;39,99;44,83;-4,839999999999995;39053;1053;44363;5160;7244;1724;8968;6213;2084;671;2755;0,3072033898305085;0,28768636112644946;0,38921113689095127;-0,12103025756439098;0;4
2016-01-15;15;2016-01-15 15:00:00;37,65;45,62;-7,969999999999999;39053;448;44363;4644;6782;784;7566;5092;2138;336;2474;0,32698916204070844;0,3152462400471837;0,42857142857142855;-0,21168658698539175;0;4
2016-01-15;16;2016-01-15 16:00:00;38,0;47,56;-9,560000000000002;39053;52;44363;4236;6345;101;6446;4288;2109;49;2158;0,3347812596959355;0,33238770685579194;0,48514851485148514;-0,2515789473684211;0;4
2016-01-15;17;2016-01-15 17:00:00;45,26;49,42;-4,160000000000005;39053;2;44363;3936;5942;2;5944;3938;2006;0;2006;0,33748317631224767;0,33759676876472566;0,0;-0,09191338930623077;0;4
2016-01-15;18;2016-01-15 18:00:00;48,04;49,44;-1,3999999999999986;39053;0;44363;3818;5559;0;5559;3818;1741;0;1741;0,31318582478863105;0,31318582478863105;;-0,02914238134887591;0;4
2016-01-15;19;2016-01-15 19:00:00;44,36;44,67;-0,3100000000000023;39053;0;44363;3529;5079;0;5079;3529;1550;0;1550;0,305178184682024;0,305178184682024;;-0,006988277727682648;0;4
2016-01-15;20;2016-01-15 20:00:00;34,38;35,5;-1,1199999999999974;39053;0;44363;3075;4595;0;4595;3075;1520;0;1520;0,3307943416757345;0,3307943416757345;;-0,03257707969749847;0;4
2016-01-15;21;2016-01-15 21:00:00;29,34;35,83;-6,4899999999999975;39053;0;44363;2934;4032;0;4032;2934;1098;0;1098;0,27232142857142855;0,27232142857142855;;-0,2211997273346966;0;4
2016-01-15;22;2016-01-15 22:00:00;27,17;33,6;-6,43;39053;0;44363;2625;3519;0;3519;2625;894;0;894;0,25404944586530265;0,25404944586530265;;-0,23665807876334188;0;4
2016-01-15;23;2016-01-15 23:00:00;25,02;29,34;-4,32;39053;0;44363;2326;3101;0;3101;2326;775;0;775;0,24991938084488874;0,24991938084488874;;-0,17266187050359713;0;4
2016-01-16;0;2016-01-16 00:00:00;27,13;28,48;-1,3500000000000014;39053;0;44363;2187;2145;0;2145;2187;-42;0;-42;-0,019580419580419582;-0,019580419580419582;;-0,049760412827128696;0;5
2016-01-16;1;2016-01-16 01:00:00;26,37;28,2;-1,8299999999999983;39053;0;44363;2093;1925;0;1925;2093;-168;0;-168;-0,08727272727272728;-0,08727272727272728;;-0,06939704209328776;0;5
2016-01-16;2;2016-01-16 02:00:00;25,58;28,32;-2,740000000000002;39053;0;44363;2006;2036;0;2036;2006;30;0;30;0,014734774066797643;0,014734774066797643;;-0,10711493354182965;0;5
2016-01-16;3;2016-01-16 03:00:00;24,73;25,33;-0,5999999999999979;39053;0;44363;2180;2301;0;2301;2180;121;0;121;0,05258583224684919;0,05258583224684919;;-0,024262029923170152;0;5
2016-01-16;4;2016-01-16 04:00:00;24,08;25,92;-1,8400000000000036;39053;0;44363;2436;2559;0;2559;2436;123;0;123;0,04806565064478312;0,04806565064478312;;-0,07641196013289052;0;5
2016-01-16;5;2016-01-16 05:00:00;25,32;25,24;0,08000000000000185;39053;0;44363;2602;2669;0;2669;2602;67;0;67;0,02510303484451105;0,02510303484451105;;0,003159557661927403;0;5
2016-01-16;6;2016-01-16 06:00:00;24,77;26,66;-1,8900000000000008;39053;0;44363;2766;2924;0;2924;2766;158;0;158;0,054035567715458276;0,054035567715458276;;-0,07630197819943484;0;5
2016-01-16;7;2016-01-16 07:00:00;25,03;25,88;-0,8499999999999979;39053;0;44363;3258;3283;4;3287;3258;25;4;29;0,008822634621235169;0,007614986293024673;1,0;-0,03395924890131833;0;5
2016-01-16;8;2016-01-16 08:00:00;27,55;29,72;-2,1699999999999977;39053;96;44363;4115;3811;256;4067;4211;-304;160;-144;-0,035406933857880504;-0,07976908947782735;0,625;-0,07876588021778576;0;5
2016-01-16;9;2016-01-16 09:00:00;32,4;29,27;3,129999999999999;39053;541;44363;4726;4305;1352;5657;5267;-421;811;390;0,06894113487714336;-0,09779326364692219;0,5998520710059172;0,0966049382716049;0;5
2016-01-16;10;2016-01-16 10:00:00;34,21;33,79;0,4200000000000017;39053;1106;44363;5118;4381;2758;7139;6224;-737;1652;915;0,12816921137414203;-0,16822643232138781;0,5989847715736041;0,012277111955568597;0;5
2016-01-16;11;2016-01-16 11:00:00;33,23;38,46;-5,230000000000004;39053;1594;44363;5931;4326;3885;8211;7525;-1605;2291;686;0,08354646206308611;-0,3710124826629681;0,5897039897039897;-0,15738790249774315;0;5
2016-01-16;12;2016-01-16 12:00:00;29,16;34,4;-5,239999999999998;39053;1786;44363;6466;4531;4275;8806;8252;-1935;2489;554;0,06291165114694526;-0,42705804458177005;0,5822222222222222;-0,1796982167352537;0;5
2016-01-16;13;2016-01-16 13:00:00;26,31;29,51;-3,200000000000003;39053;1674;44363;7099;4920;3942;8862;8773;-2179;2268;89;0,010042879711126157;-0,4428861788617886;0,5753424657534246;-0,1216267578867352;0;5
2016-01-16;14;2016-01-16 14:00:00;25,47;29,41;-3,940000000000001;39053;1263;44363;7727;5496;2892;8388;8990;-2231;1629;-602;-0,07176919408679065;-0,40593158660844253;0,5632780082987552;-0,15469179426776603;0;5
2016-01-16;15;2016-01-16 15:00:00;25,6;28,93;-3,3299999999999983;39053;617;44363;7948;6033;1400;7433;8565;-1915;783;-1132;-0,1522938248351944;-0,3174208519807724;0,5592857142857143;-0,13007812499999993;0;5
2016-01-16;16;2016-01-16 16:00:00;30,15;29,24;0,91;39053;95;44363;7788;6267;208;6475;7883;-1521;113;-1408;-0,21745173745173746;-0,24269985639061753;0,5432692307692307;0,03018242122719735;0;5
2016-01-16;17;2016-01-16 17:00:00;39,77;39,03;0,7400000000000021;39053;2;44363;7948;6420;12;6432;7950;-1528;10;-1518;-0,23600746268656717;-0,23800623052959502;0,8333333333333334;0,018606990193613327;0;5
2016-01-16;18;2016-01-16 18:00:00;40,03;38,75;1,2800000000000011;39053;0;44363;8048;6623;0;6623;8048;-1425;0;-1425;-0,21515929337158388;-0,21515929337158388;;0,03197601798651015;0;5
2016-01-16;19;2016-01-16 19:00:00;30,99;30,39;0,5999999999999979;39053;0;44363;8223;6899;0;6899;8223;-1324;0;-1324;-0,1919118712856936;-0,1919118712856936;;0,019361084220716293;0;5
2016-01-16;20;2016-01-16 20:00:00;26,19;23,78;2,41;39053;0;44363;8343;7140;0;7140;8343;-1203;0;-1203;-0,1684873949579832;-0,1684873949579832;;0,09201985490645284;0;5
2016-01-16;21;2016-01-16 21:00:00;25,9;24,26;1,6399999999999968;39053;0;44363;8475;7403;0;7403;8475;-1072;0;-1072;-0,14480615966500068;-0,14480615966500068;;0,0633204633204632;0;5
2016-01-16;22;2016-01-16 22:00:00;25,53;25,62;-0,08999999999999986;39053;0;44363;8733;7411;0;7411;8733;-1322;0;-1322;-0,17838348401025503;-0,17838348401025503;;-0,0035252643948296067;0;5
2016-01-16;23;2016-01-16 23:00:00;24,12;22,58;1,5400000000000027;39053;0;44363;8873;7346;0;7346;8873;-1527;0;-1527;-0,20786822760686088;-0,20786822760686088;;0,06384742951907142;0;5
2016-01-17;0;2016-01-17 00:00:00;20,86;26,65;-5,789999999999999;39054;0;44363;8831;7930;0;7930;8831;-901;0;-901;-0,11361916771752838;-0,11361916771752838;;-0,27756471716203257;0;6
2016-01-17;1;2016-01-17 01:00:00;20,25;25,05;-4,800000000000002;39054;0;44363;8726;7923;0;7923;8726;-803;0;-803;-0,1013504985485296;-0,1013504985485296;;-0,23703703703703713;0;6
2016-01-17;2;2016-01-17 02:00:00;20,76;23,94;-3,18;39054;0;44363;8456;7957;0;7957;8456;-499;0;-499;-0,0627120774161116;-0,0627120774161116;;-0,1531791907514451;0;6
2016-01-17;3;2016-01-17 03:00:00;20,97;22,57;-1,6000000000000014;39054;0;44363;8266;7743;0;7743;8266;-523;0;-523;-0,06754487924577038;-0,06754487924577038;;-0,07629947544110642;0;6
2016-01-17;4;2016-01-17 04:00:00;20,89;22,78;-1,8900000000000008;39054;0;44363;7966;7237;0;7237;7966;-729;0;-729;-0,10073234765786929;-0,10073234765786929;;-0,0904739109621829;0;6
2016-01-17;5;2016-01-17 05:00:00;20,94;21,39;-0,4499999999999993;39054;0;44363;7637;6706;0;6706;7637;-931;0;-931;-0,13883089770354906;-0,13883089770354906;;-0,021489971346704835;0;6
2016-01-17;6;2016-01-17 06:00:00;19,64;22,23;-2,59;39054;0;44363;7495;6071;0;6071;7495;-1424;0;-1424;-0,23455773348706968;-0,23455773348706968;;-0,13187372708757636;0;6
2016-01-17;7;2016-01-17 07:00:00;22,35;21,1;1,25;39054;0;44363;6884;5398;0;5398;6884;-1486;0;-1486;-0,27528714338643945;-0,27528714338643945;;0,05592841163310962;0;6
2016-01-17;8;2016-01-17 08:00:00;23,52;22,42;1,099999999999998;39054;96;44363;5737;4555;143;4698;5833;-1182;47;-1135;-0,2415921668795232;-0,25949506037321624;0,32867132867132864;0,04676870748299312;0;6
2016-01-17;9;2016-01-17 09:00:00;26,54;28,46;-1,9200000000000017;39054;486;44363;4770;3900;1087;4987;5256;-870;601;-269;-0,05394024463605374;-0,2230769230769231;0,5528978840846366;-0,07234363225320278;0;6
2016-01-17;10;2016-01-17 10:00:00;30,11;31,97;-1,8599999999999997;39054;977;44363;4060;3268;2571;5839;5037;-792;1594;802;0,13735228635040247;-0,2423500611995104;0,6199922209257098;-0,06177349717701759;0;6
2016-01-17;11;2016-01-17 11:00:00;36,29;33,92;2,369999999999997;39054;1516;44363;3350;2720;3955;6675;4866;-630;2439;1809;0,27101123595505616;-0,23161764705882354;0,6166877370417193;0,06530724717553037;0;6
2016-01-17;12;2016-01-17 12:00:00;32,44;35,12;-2,68;39054;1933;44363;2878;2211;4701;6912;4811;-667;2768;2101;0,30396412037037035;-0,3016734509271823;0,5888108912997234;-0,08261405672009865;0;6
2016-01-17;13;2016-01-17 13:00:00;26,93;29,59;-2,66;39054;1777;44363;2724;1820;4465;6285;4501;-904;2688;1784;0,28385043754972156;-0,4967032967032967;0,6020156774916013;-0,09877460081693279;0;6
2016-01-17;14;2016-01-17 14:00:00;26,19;29,12;-2,93;39054;1259;44363;2530;1598;3406;5004;3789;-932;2147;1215;0,24280575539568344;-0,5832290362953693;0,6303581914268938;-0,11187476135929744;0;6
2016-01-17;15;2016-01-17 15:00:00;27,07;28,61;-1,5399999999999991;39054;595;44363;2310;1444;1713;3157;2905;-866;1118;252;0,07982261640798226;-0,5997229916897507;0,652656158785756;-0,05688954562246026;0;6
2016-01-17;16;2016-01-17 16:00:00;31,94;28,45;3,490000000000002;39054;94;44363;2319;1429;223;1652;2413;-890;129;-761;-0,46065375302663436;-0,622813156053184;0,57847533632287;0,10926737633061998;0;6
2016-01-17;17;2016-01-17 17:00:00;39,49;38,13;1,3599999999999994;39054;1;44363;2079;1447;3;1450;2080;-632;2;-630;-0,43448275862068964;-0,4367657221838286;0,6666666666666666;0,03443909850595086;0;6
2016-01-17;18;2016-01-17 18:00:00;42,8;37,9;4,899999999999999;39054;0;44363;1968;1437;0;1437;1968;-531;0;-531;-0,3695198329853862;-0,3695198329853862;;0,11448598130841119;0;6
2016-01-17;19;2016-01-17 19:00:00;39,23;36,02;3,2099999999999937;39054;0;44363;1862;1490;0;1490;1862;-372;0;-372;-0,24966442953020135;-0,24966442953020135;;0,0818251338261533;0;6
2016-01-17;20;2016-01-17 20:00:00;33,3;34,0;-0,7000000000000028;39054;0;44363;1741;1529;0;1529;1741;-212;0;-212;-0,13865271419228253;-0,13865271419228253;;-0,02102102102102111;0;6
2016-01-17;21;2016-01-17 21:00:00;27,04;28,4;-1,3599999999999994;39054;0;44363;1996;1628;0;1628;1996;-368;0;-368;-0,22604422604422605;-0,22604422604422605;;-0,05029585798816566;0;6
2016-01-17;22;2016-01-17 22:00:00;27,05;29,13;-2,0799999999999983;39054;0;44363;2354;1783;0;1783;2354;-571;0;-571;-0,3202467750981492;-0,3202467750981492;;-0,07689463955637701;0;6
2016-01-17;23;2016-01-17 23:00:00;24,99;27,63;-2,640000000000001;39054;0;44363;2563;1972;0;1972;2563;-591;0;-591;-0,29969574036511154;-0,29969574036511154;;-0,10564225690276115;0;6
2016-01-18;0;2016-01-18 00:00:00;23,96;23,77;0,19000000000000128;39056;0;44366;2678;3285;0;3285;2678;607;0;607;0,184779299847793;0,184779299847793;;0,007929883138564327;0;0
2016-01-18;1;2016-01-18 01:00:00;23,47;25,13;-1,66;39056;0;44366;2789;3416;0;3416;2789;627;0;627;0,1835480093676815;0,1835480093676815;;-0,07072858968896463;0;0
2016-01-18;2;2016-01-18 02:00:00;23,56;25,23;-1,6700000000000017;39056;0;44366;2592;3540;0;3540;2592;948;0;948;0,2677966101694915;0,2677966101694915;;-0,07088285229202045;0;0
2016-01-18;3;2016-01-18 03:00:00;23,48;22,47;1,0100000000000016;39056;0;44366;2734;3548;0;3548;2734;814;0;814;0,2294250281848929;0,2294250281848929;;0,04301533219761506;0;0
2016-01-18;4;2016-01-18 04:00:00;23,51;22,4;1,110000000000003;39056;0;44366;2519;3466;0;3466;2519;947;0;947;0,27322562031159836;0,27322562031159836;;0,04721395150999587;0;0
2016-01-18;5;2016-01-18 05:00:00;24,25;23,06;1,1900000000000013;39056;0;44366;2244;3338;0;3338;2244;1094;0;1094;0,32774116237267825;0,32774116237267825;;0,049072164948453664;0;0
2016-01-18;6;2016-01-18 06:00:00;27,61;27,67;-0,060000000000002274;39056;0;44366;2195;3180;0;3180;2195;985;0;985;0,30974842767295596;0,30974842767295596;;-0,002173125679101857;0;0
2016-01-18;7;2016-01-18 07:00:00;46,01;49,35;-3,3400000000000034;39056;0;44366;2498;3144;0;3144;2498;646;0;646;0,205470737913486;0,205470737913486;;-0,07259291458378621;0;0
2016-01-18;8;2016-01-18 08:00:00;49,98;51,78;-1,8000000000000045;39056;128;44366;2836;3374;191;3565;2964;538;63;601;0,16858345021037868;0,15945465323058683;0,3298429319371728;-0,03601440576230502;0;0
2016-01-18;9;2016-01-18 09:00:00;50,54;53,92;-3,3800000000000026;39056;864;44366;3110;3662;1541;5203;3974;552;677;1229;0,23620987891601;0,1507373020207537;0,43932511356262166;-0,06687772061733285;0;0
2016-01-18;10;2016-01-18 10:00:00;49,91;50,77;-0,8600000000000065;39056;1970;44366;3117;3762;3643;7405;5087;645;1673;2318;0,31303173531397704;0,17145135566188197;0,45923689267087564;-0,017231015828491417;0;0
2016-01-18;11;2016-01-18 11:00:00;48,44;50,13;-1,6900000000000048;39056;3101;44366;2724;3530;5613;9143;5825;806;2512;3318;0,3629005796784425;0,228328611898017;0,4475325138072332;-0,034888521882741635;0;0
2016-01-18;12;2016-01-18 12:00:00;46,93;52,45;-5,520000000000002;39056;3938;44366;2912;3190;6458;9648;6850;278;2520;2798;0,29000829187396354;0,0871473354231975;0,39021368844843607;-0,11762199019816753;0;0
2016-01-18;13;2016-01-18 13:00:00;46,32;50,73;-4,409999999999997;39056;4136;44366;3300;2990;6081;9071;7436;-310;1945;1635;0,1802447359717782;-0,10367892976588629;0,319848709093899;-0,09520725388601028;0;0
2016-01-18;14;2016-01-18 14:00:00;45,76;47,63;-1,8700000000000043;39056;3360;44366;3480;2806;4620;7426;6840;-674;1260;586;0,07891193105305683;-0,24019957234497505;0,2727272727272727;-0,04086538461538471;0;0
2016-01-18;15;2016-01-18 15:00:00;49,53;48,95;0,5799999999999983;39056;1706;44366;3502;2826;2486;5312;5208;-676;780;104;0,01957831325301205;-0,23920736022646852;0,3137570394207562;0,011710074702200651;0;0
2016-01-18;16;2016-01-18 16:00:00;49,66;49,23;0,4299999999999997;39056;216;44366;3658;3007;355;3362;3874;-651;139;-512;-0,1522903033908388;-0,21649484536082475;0,39154929577464787;0,008658880386629073;0;0
2016-01-18;17;2016-01-18 17:00:00;62,55;61,36;1,1899999999999975;39056;2;44366;4168;3284;3;3287;4170;-884;1;-883;-0,2686340127776088;-0,269183922046285;0,3333333333333333;0,019024780175859273;0;0
2016-01-18;18;2016-01-18 18:00:00;56,07;52,71;3,3599999999999994;39056;0;44366;4628;3588;0;3588;4628;-1040;0;-1040;-0,2898550724637681;-0,2898550724637681;;0,05992509363295879;0;0
2016-01-18;19;2016-01-18 19:00:00;47,18;46,76;0,4200000000000017;39056;0;44366;5206;3781;0;3781;5206;-1425;0;-1425;-0,3768844221105528;-0,3768844221105528;;0,008902077151335348;0;0
2016-01-18;20;2016-01-18 20:00:00;35,09;34,74;0,3500000000000014;39056;0;44366;5464;3938;0;3938;5464;-1526;0;-1526;-0,38750634840020315;-0,38750634840020315;;0,009974351667141675;0;0
2016-01-18;21;2016-01-18 21:00:00;26,95;28,28;-1,3300000000000018;39056;0;44366;5678;4011;0;4011;5678;-1667;0;-1667;-0,4156070805285465;-0,4156070805285465;;-0,04935064935064942;0;0
2016-01-18;22;2016-01-18 22:00:00;26,94;29,18;-2,2399999999999984;39056;0;44366;5890;4028;0;4028;5890;-1862;0;-1862;-0,46226415094339623;-0,46226415094339623;;-0,08314773570898286;0;0
2016-01-18;23;2016-01-18 23:00:00;25,09;25,96;-0,870000000000001;39056;0;44366;6150;4050;0;4050;6150;-2100;0;-2100;-0,5185185185185185;-0,5185185185185185;;-0,03467516939019534;0;0
2016-01-19;0;2016-01-19 00:00:00;31,95;31,08;0,870000000000001;39057;0;44373;6575;5852;0;5852;6575;-723;0;-723;-0,12354750512645249;-0,12354750512645249;;0,02723004694835684;0;1
2016-01-19;1;2016-01-19 01:00:00;32,16;30,89;1,2699999999999958;39057;0;44373;6670;5896;0;5896;6670;-774;0;-774;-0,13127544097693353;-0,13127544097693353;;0,03949004975124366;0;1
2016-01-19;2;2016-01-19 02:00:00;28,97;27,26;1,7099999999999973;39057;0;44373;6634;6051;0;6051;6634;-583;0;-583;-0,09634771112212857;-0,09634771112212857;;0,059026579219882545;0;1
2016-01-19;3;2016-01-19 03:00:00;30,01;28,88;1,1300000000000026;39057;0;44373;6747;6293;0;6293;6747;-454;0;-454;-0,07214365167646591;-0,07214365167646591;;0,037654115294901785;0;1
2016-01-19;4;2016-01-19 04:00:00;30,45;29,63;0,8200000000000003;39057;0;44373;6940;6507;0;6507;6940;-433;0;-433;-0,0665437221453819;-0,0665437221453819;;0,026929392446633837;0;1
2016-01-19;5;2016-01-19 05:00:00;27,01;29,07;-2,0599999999999987;39057;0;44373;7392;6627;0;6627;7392;-765;0;-765;-0,11543684925305568;-0,11543684925305568;;-0,07626804887078854;0;1
2016-01-19;6;2016-01-19 06:00:00;31,9;30,1;1,7999999999999972;39057;0;44373;7908;6857;0;6857;7908;-1051;0;-1051;-0,15327402654221964;-0,15327402654221964;;0,05642633228840117;0;1
2016-01-19;7;2016-01-19 07:00:00;54,1;53,08;1,0200000000000031;39057;0;44373;8304;7071;1;7072;8304;-1233;1;-1232;-0,17420814479638008;-0,17437420449724225;1,0;0,01885397412199636;0;1
2016-01-19;8;2016-01-19 08:00:00;64,9;63,61;1,2900000000000065;39057;202;44373;8551;7084;182;7266;8753;-1467;-20;-1487;-0,20465180291769888;-0,20708639186900057;-0,10989010989010989;0,019876733436055567;0;1
2016-01-19;9;2016-01-19 09:00:00;65,35;61,78;3,5699999999999936;39057;1297;44373;7806;6916;1220;8136;9103;-890;-77;-967;-0,11885447394296952;-0,1286871023713129;-0,06311475409836066;0,054628921193572974;0;1
2016-01-19;10;2016-01-19 10:00:00;61,31;49,53;11,78;39057;2702;44373;7267;6392;2807;9199;9969;-875;105;-770;-0,08370475051636048;-0,1368898623279099;0,03740648379052369;0,19213831348882726;0;1
2016-01-19;11;2016-01-19 11:00:00;61,43;48,31;13,119999999999996;39057;3871;44373;6382;5697;4358;10055;10253;-685;487;-198;-0,019691695673794134;-0,12023872213445673;0,11174850849013308;0,21357642845515212;0;1
2016-01-19;12;2016-01-19 12:00:00;58,98;49,63;9,349999999999994;39057;4413;44373;5768;5131;5120;10251;10181;-637;707;70;0,00682860208760121;-0,12414733969986358;0,1380859375;0,1585283146829433;0;1
2016-01-19;13;2016-01-19 13:00:00;58,53;47,41;11,120000000000005;39057;3926;44373;5718;4910;4845;9755;9644;-808;919;111;0,011378780112762686;-0,16456211812627292;0,18968008255933952;0,18998804032120287;0;1
2016-01-19;14;2016-01-19 14:00:00;55,81;46,16;9,650000000000006;39057;2860;44373;6049;4937;3624;8561;8909;-1112;764;-348;-0,0406494568391543;-0,22523799878468706;0,2108167770419426;0,17290808098907015;0;1
2016-01-19;15;2016-01-19 15:00:00;55,5;48,01;7,490000000000002;39057;1335;44373;5881;4998;1940;6938;7216;-883;605;-278;-0,04006918420294033;-0,17667066826730693;0,3118556701030928;0,134954954954955;0;1
2016-01-19;16;2016-01-19 16:00:00;56,21;50,71;5,5;39057;174;44373;6365;5228;277;5505;6539;-1137;103;-1034;-0,18782924613987284;-0,21748278500382556;0,37184115523465705;0,09784735812133072;0;1
2016-01-19;17;2016-01-19 17:00:00;70,07;63,21;6,859999999999991;39057;2;44373;6878;5512;2;5514;6880;-1366;0;-1366;-0,24773304316285819;-0,24782293178519593;0,0;0,09790209790209779;0;1
2016-01-19;18;2016-01-19 18:00:00;74,97;59,95;15,019999999999996;39057;0;44373;7558;5744;0;5744;7558;-1814;0;-1814;-0,31580779944289694;-0,31580779944289694;;0,20034680538882216;0;1
2016-01-19;19;2016-01-19 19:00:00;57,56;47,96;9,6;39057;0;44373;7957;5819;0;5819;7957;-2138;0;-2138;-0,36741708197284756;-0,36741708197284756;;0,16678248783877692;0;1
2016-01-19;20;2016-01-19 20:00:00;48,24;33,76;14,480000000000004;39057;0;44373;7758;5613;0;5613;7758;-2145;0;-2145;-0,38214858364510956;-0,38214858364510956;;0,3001658374792704;0;1
2016-01-19;21;2016-01-19 21:00:00;37,98;28,32;9,659999999999997;39057;0;44373;7618;5271;0;5271;7618;-2347;0;-2347;-0,445266552836274;-0,445266552836274;;0,25434439178515;0;1
2016-01-19;22;2016-01-19 22:00:00;33,67;24,63;9,040000000000003;39057;0;44373;7434;4982;0;4982;7434;-2452;0;-2452;-0,4921718185467684;-0,4921718185467684;;0,26848826848826857;0;1
2016-01-19;23;2016-01-19 23:00:00;29,79;22,33;7,460000000000001;39057;0;44373;7168;4850;0;4850;7168;-2318;0;-2318;-0,4779381443298969;-0,4779381443298969;;0,25041960389392415;0;1
2016-01-20;0;2016-01-20 00:00:00;26,05;31,3;-5,25;39059;0;44385;6819;8321;0;8321;6819;1502;0;1502;0,18050715058286262;0,18050715058286262;;-0,20153550863723607;0;2
2016-01-20;1;2016-01-20 01:00:00;26,17;33,23;-7,059999999999995;39059;0;44385;6799;8205;0;8205;6799;1406;0;1406;0,1713589274832419;0,1713589274832419;;-0,26977455101260966;0;2
2016-01-20;2;2016-01-20 02:00:00;26,42;34,09;-7,670000000000003;39059;0;44385;6452;8092;0;8092;6452;1640;0;1640;0,20266930301532377;0,20266930301532377;;-0,2903103709311129;0;2
2016-01-20;3;2016-01-20 03:00:00;25,36;32,49;-7,130000000000003;39059;0;44385;6552;7940;0;7940;6552;1388;0;1388;0,1748110831234257;0,1748110831234257;;-0,2811514195583597;0;2
2016-01-20;4;2016-01-20 04:00:00;25,76;30,98;-5,219999999999999;39059;0;44385;6640;7746;0;7746;6640;1106;0;1106;0,14278337206300026;0,14278337206300026;;-0,20263975155279498;0;2
2016-01-20;5;2016-01-20 05:00:00;26,54;29,21;-2,6700000000000017;39059;0;44385;6230;7489;0;7489;6230;1259;0;1259;0,16811323274135398;0,16811323274135398;;-0,10060286360211008;0;2
2016-01-20;6;2016-01-20 06:00:00;32,7;36,41;-3,7099999999999937;39059;0;44385;6298;7197;0;7197;6298;899;0;899;0,12491315826038628;0,12491315826038628;;-0,11345565749235453;0;2
2016-01-20;7;2016-01-20 07:00:00;55,08;58,39;-3,3100000000000023;39059;0;44385;6159;6841;1;6842;6159;682;1;683;0,09982461268634903;0,09969302733518491;1,0;-0,060094408133623864;0;2
2016-01-20;8;2016-01-20 08:00:00;61,08;65,17;-4,090000000000003;39059;136;44385;6024;6356;176;6532;6160;332;40;372;0,05695039804041641;0,05223410950283197;0,22727272727272727;-0,06696136214800268;0;2
2016-01-20;9;2016-01-20 09:00:00;58,43;62,18;-3,75;39059;663;44385;5824;5889;1024;6913;6487;65;361;426;0,06162302907565456;0,011037527593818985;0,3525390625;-0,06417935991785043;0;2
2016-01-20;10;2016-01-20 10:00:00;58,97;64,51;-5,540000000000006;39059;1439;44385;5073;5406;2027;7433;6512;333;588;921;0,12390690165478273;0,061598224195338516;0,2900838677849038;-0,09394607427505522;0;2
2016-01-20;11;2016-01-20 11:00:00;56,14;60,21;-4,07;39059;2196;44385;4800;4906;3140;8046;6996;106;944;1050;0,13049962714392244;0,02160619649408887;0,3006369426751592;-0,07249732810830069;0;2
2016-01-20;12;2016-01-20 12:00:00;58,6;58,95;-0,3500000000000014;39059;2690;44385;4485;4449;3688;8137;7175;-36;998;962;0,1182253901929458;-0,008091706001348618;0,2706073752711497;-0,005972696245733812;0;2
2016-01-20;13;2016-01-20 13:00:00;57,58;55,47;2,1099999999999994;39059;2998;44385;4362;4109;3561;7670;7360;-253;563;310;0,04041720990873533;-0,061572158676076905;0,15810165683796687;0,03664466828759985;0;2
2016-01-20;14;2016-01-20 14:00:00;54,95;52,79;2,160000000000004;39059;2477;44385;4196;3872;2728;6600;6673;-324;251;-73;-0,01106060606060606;-0,08367768595041322;0,09200879765395895;0,039308462238398616;0;2
2016-01-20;15;2016-01-20 15:00:00;52,42;53,21;-0,7899999999999991;39059;1370;44385;4066;3698;1452;5150;5436;-368;82;-286;-0,05553398058252427;-0,09951325040562466;0,05647382920110193;-0,015070583746661563;0;2
2016-01-20;16;2016-01-20 16:00:00;72,01;60,06;11,950000000000005;39059;268;44385;4088;3636;252;3888;4356;-452;-16;-468;-0,12037037037037036;-0,12431243124312431;-0,06349206349206349;0,16594917372587145;0;2
2016-01-20;17;2016-01-20 17:00:00;92,75;75,92;16,83;39059;2;44385;4120;3764;4;3768;4122;-356;2;-354;-0,09394904458598727;-0,09458023379383634;0,5;0,181455525606469;0;2
2016-01-20;18;2016-01-20 18:00:00;79,09;64,44;14,650000000000004;39059;0;44385;4018;3913;0;3913;4018;-105;0;-105;-0,026833631484794274;-0,026833631484794274;;0,18523201416108234;0;2
2016-01-20;19;2016-01-20 19:00:00;70,03;59,49;10,54;39059;0;44385;4006;3882;0;3882;4006;-124;0;-124;-0,03194229778464709;-0,03194229778464709;;0,15050692560331286;0;2
2016-01-20;20;2016-01-20 20:00:00;50,1;55,3;-5,199999999999996;39059;0;44385;3661;3661;0;3661;3661;0;0;0;0,0;0,0;;-0,10379241516966059;0;2
2016-01-20;21;2016-01-20 21:00:00;40,06;44,72;-4,659999999999997;39059;0;44385;3216;3357;0;3357;3216;141;0;141;0,0420017873100983;0,0420017873100983;;-0,11632551173240131;0;2
2016-01-20;22;2016-01-20 22:00:00;33,52;39,5;-5,979999999999998;39059;0;44385;2770;3090;0;3090;2770;320;0;320;0,10355987055016182;0,10355987055016182;;-0,17840095465393788;0;2
2016-01-20;23;2016-01-20 23:00:00;29,63;29,67;-0,0400000000000027;39059;0;44385;2511;2823;0;2823;2511;312;0;312;0,11052072263549416;0,11052072263549416;;-0,0013499831252110261;0;2
2016-01-21;0;2016-01-21 00:00:00;29,65;30,07;-0,4200000000000017;39061;0;44391;2342;2538;0;2538;2342;196;0;196;0,07722616233254531;0,07722616233254531;;-0,014165261382799384;0;3
2016-01-21;1;2016-01-21 01:00:00;27,82;28,69;-0,870000000000001;39061;0;44391;2035;2397;0;2397;2035;362;0;362;0,1510221109720484;0,1510221109720484;;-0,03127246585190514;0;3
2016-01-21;2;2016-01-21 02:00:00;26,65;26,99;-0,33999999999999986;39061;0;44391;1797;2269;0;2269;1797;472;0;472;0,20802115469369767;0,20802115469369767;;-0,012757973733583484;0;3
2016-01-21;3;2016-01-21 03:00:00;26,96;27,47;-0,509999999999998;39061;0;44391;1628;2128;0;2128;1628;500;0;500;0,2349624060150376;0,2349624060150376;;-0,01891691394658746;0;3
2016-01-21;4;2016-01-21 04:00:00;27,47;29,38;-1,91;39061;0;44391;1432;1970;0;1970;1432;538;0;538;0,2730964467005076;0,2730964467005076;;-0,06953039679650527;0;3
2016-01-21;5;2016-01-21 05:00:00;29,09;34,38;-5,290000000000003;39061;0;44391;1410;1874;0;1874;1410;464;0;464;0,24759871931696906;0,24759871931696906;;-0,18184943279477492;0;3
2016-01-21;6;2016-01-21 06:00:00;40,78;49,64;-8,86;39061;0;44391;1444;1800;0;1800;1444;356;0;356;0,19777777777777777;0,19777777777777777;;-0,2172633643943109;0;3
2016-01-21;7;2016-01-21 07:00:00;70,01;87,23;-17,22;39061;0;44391;1562;1700;1;1701;1562;138;1;139;0,08171663727219283;0,0811764705882353;1,0;-0,24596486216254818;0;3
2016-01-21;8;2016-01-21 08:00:00;85,05;94,16;-9,11;39061;117;44391;1621;1625;158;1783;1738;4;41;45;0,025238362310712283;0,0024615384615384616;0,25949367088607594;-0,10711346266901822;0;3
2016-01-21;9;2016-01-21 09:00:00;83,54;89,69;-6,149999999999992;39061;720;44391;1652;1557;1100;2657;2372;-95;380;285;0,10726383138878434;-0,06101477199743096;0,34545454545454546;-0,07361742877663385;0;3
2016-01-21;10;2016-01-21 10:00:00;74,94;80,85;-5,9099999999999975;39061;1702;44391;1605;1545;2297;3842;3307;-60;595;535;0,13925039042165538;-0,038834951456310676;0,2590335219851981;-0,07886309047237787;0;3
2016-01-21;11;2016-01-21 11:00:00;70,12;74,37;-4,25;39061;2923;44391;1699;1632;3671;5303;4622;-67;748;681;0,12841787667358098;-0,04105392156862745;0,20375919368019613;-0,060610382201939525;0;3
2016-01-21;12;2016-01-21 12:00:00;59,91;60,53;-0,6200000000000045;39061;3954;44391;1587;1641;4523;6164;5541;54;569;623;0,10107073329007138;0,03290676416819013;0,12580145920848995;-0,0103488566182608;0;3
2016-01-21;13;2016-01-21 13:00:00;57,69;54,37;3,3200000000000003;39061;4241;44391;1680;1649;4574;6223;5921;-31;333;302;0,04852964807970432;-0,01879927228623408;0,07280279842588544;0,057548968625411694;0;3
2016-01-21;14;2016-01-21 14:00:00;57,99;54,47;3,520000000000003;39061;3396;44391;1551;1686;3667;5353;4947;135;271;406;0,07584532038109472;0,0800711743772242;0,07390237251158986;0,060700120710467376;0;3
2016-01-21;15;2016-01-21 15:00:00;61,05;67,13;-6,079999999999997;39061;1909;44391;1394;1694;2066;3760;3303;300;157;457;0,12154255319148936;0,1770956316410862;0,07599225556631171;-0,09959049959049955;0;3
2016-01-21;16;2016-01-21 16:00:00;57,43;69,44;-12,009999999999998;39061;370;44391;1430;1840;351;2191;1800;410;-19;391;0,17845732542218165;0,22282608695652173;-0,05413105413105413;-0,20912415114051885;0;3
2016-01-21;17;2016-01-21 17:00:00;77,13;114,7;-37,57000000000001;39061;3;44391;1681;2113;9;2122;1684;432;6;438;0,2064090480678605;0,20444865120681496;0,6666666666666666;-0,48709970180215234;0;3
2016-01-21;18;2016-01-21 18:00:00;86,01;110,61;-24,599999999999994;39061;0;44391;2142;2442;0;2442;2142;300;0;300;0,12285012285012285;0,12285012285012285;;-0,2860132542727589;0;3
2016-01-21;19;2016-01-21 19:00:00;60,13;84,01;-23,880000000000006;39061;0;44391;2507;2762;0;2762;2507;255;0;255;0,09232440260680666;0,09232440260680666;;-0,3971395310161318;0;3
2016-01-21;20;2016-01-21 20:00:00;50,09;59,58;-9,489999999999997;39061;0;44391;2841;3075;0;3075;2841;234;0;234;0,07609756097560975;0,07609756097560975;;-0,1894589738470752;0;3
2016-01-21;21;2016-01-21 21:00:00;35,47;40,49;-5,020000000000003;39061;0;44391;2952;3321;0;3321;2952;369;0;369;0,1111111111111111;0,1111111111111111;;-0,1415280518748239;0;3
2016-01-21;22;2016-01-21 22:00:00;30,36;37,31;-6,950000000000002;39061;0;44391;3004;3525;0;3525;3004;521;0;521;0,1478014184397163;0,1478014184397163;;-0,2289196310935442;0;3
2016-01-21;23;2016-01-21 23:00:00;26,97;32,13;-5,160000000000005;39061;0;44391;3224;3707;0;3707;3224;483;0;483;0,13029403830590774;0,13029403830590774;;-0,19132369299221375;0;3
2016-01-22;0;2016-01-22 00:00:00;28,05;31,95;-3,899999999999999;39063;0;44412;3354;3498;0;3498;3354;144;0;144;0,0411663807890223;0,0411663807890223;;-0,1390374331550802;0;4
2016-01-22;1;2016-01-22 01:00:00;27,92;33,47;-5,549999999999998;39063;0;44412;3441;3651;0;3651;3441;210;0;210;0,05751848808545604;0,05751848808545604;;-0,19878223495701997;0;4
2016-01-22;2;2016-01-22 02:00:00;26,78;31,5;-4,719999999999999;39063;0;44412;3424;3887;0;3887;3424;463;0;463;0,11911499871366092;0,11911499871366092;;-0,1762509335324869;0;4
2016-01-22;3;2016-01-22 03:00:00;26,57;32,29;-5,719999999999999;39063;0;44412;3532;4228;0;4228;3532;696;0;696;0,16461684011352887;0,16461684011352887;;-0,21528039141889344;0;4
2016-01-22;4;2016-01-22 04:00:00;27,02;32,28;-5,260000000000002;39063;0;44412;3730;4631;0;4631;3730;901;0;901;0,1945584107104297;0,1945584107104297;;-0,1946706143597336;0;4
2016-01-22;5;2016-01-22 05:00:00;28,07;34,68;-6,6099999999999985;39063;0;44412;4004;5110;0;5110;4004;1106;0;1106;0,21643835616438356;0,21643835616438356;;-0,235482721767011;0;4
2016-01-22;6;2016-01-22 06:00:00;30,82;42,48;-11,659999999999995;39063;0;44412;4308;5719;0;5719;4308;1411;0;1411;0,24672145479979019;0,24672145479979019;;-0,3783257624918882;0;4
2016-01-22;7;2016-01-22 07:00:00;48,46;53,73;-5,269999999999996;39063;0;44412;4954;6514;2;6516;4954;1560;2;1562;0,23971761817065684;0,2394841879029782;1,0;-0,1087494841106066;0;4
2016-01-22;8;2016-01-22 08:00:00;52,5;58,22;-5,719999999999999;39063;335;44412;5882;7390;308;7698;6217;1508;-27;1481;0,19238763315146792;0,2040595399188092;-0,08766233766233766;-0,10895238095238093;0;4
2016-01-22;9;2016-01-22 09:00:00;48,66;54,04;-5,380000000000003;39063;2097;44412;6469;8109;1953;10062;8566;1640;-144;1496;0,1486781951898231;0,20224441978049082;-0,07373271889400922;-0,11056309083436093;0;4
2016-01-22;10;2016-01-22 10:00:00;45,11;49,71;-4,600000000000001;39063;4390;44412;6489;8338;3802;12140;10879;1849;-588;1261;0,10387149917627678;0,22175581674262412;-0,1546554445028932;-0,10197295499889163;0;4
2016-01-22;11;2016-01-22 11:00:00;44,96;44,38;0,5799999999999983;39063;6234;44412;6114;8024;5646;13670;12348;1910;-588;1322;0,09670811997073885;0,2380358923230309;-0,10414452709883103;0,012900355871886083;0;4
2016-01-22;12;2016-01-22 12:00:00;42,06;38,24;3,82;39063;6960;44412;5821;7655;6348;14003;12781;1834;-612;1222;0,08726701421124045;0,2395819725669497;-0,09640831758034027;0,09082263433190679;0;4
2016-01-22;13;2016-01-22 13:00:00;37,02;36,71;0,3100000000000023;39063;6725;44412;5964;7824;5907;13731;12689;1860;-818;1042;0,07588667977569004;0,23773006134969324;-0,13847976976468596;0,008373851971907138;0;4
2016-01-22;14;2016-01-22 14:00:00;32,27;35,99;-3,719999999999999;39063;5293;44412;6442;8514;4405;12919;11735;2072;-888;1184;0,09164796036844958;0,24336387127084802;-0,20158910329171395;-0,1152773473814688;0;4
2016-01-22;15;2016-01-22 15:00:00;32,65;38,03;-5,380000000000003;39063;2707;44412;7692;9727;2266;11993;10399;2035;-441;1594;0,13291086467105812;0,2092114732188753;-0,19461606354810237;-0,16477794793261877;0;4
2016-01-22;16;2016-01-22 16:00:00;32,84;41,11;-8,269999999999996;39063;450;44412;9992;11266;359;11625;10442;1274;-91;1183;0,10176344086021505;0,11308361441505414;-0,25348189415041783;-0,25182704019488417;0;4
2016-01-22;17;2016-01-22 17:00:00;34,83;45,17;-10,340000000000003;39063;6;44412;12934;12984;5;12989;12940;50;-1;49;0,0037724228193086458;0,0038508934072704866;-0,2;-0,2968705139247776;0;4
2016-01-22;18;2016-01-22 18:00:00;28,3;36,75;-8,45;39063;0;44412;15214;14706;0;14706;15214;-508;0;-508;-0,0345437236502108;-0,0345437236502108;;-0,2985865724381625;0;4
2016-01-22;19;2016-01-22 19:00:00;26,88;29,89;-3,0100000000000016;39063;0;44412;15944;15725;0;15725;15944;-219;0;-219;-0,013926868044515104;-0,013926868044515104;;-0,11197916666666673;0;4
2016-01-22;20;2016-01-22 20:00:00;25,46;28,56;-3,0999999999999983;39063;0;44412;16267;16070;0;16070;16267;-197;0;-197;-0,01225886745488488;-0,01225886745488488;;-0,1217596229379418;0;4
2016-01-22;21;2016-01-22 21:00:00;24,88;27,88;-3,0;39063;0;44412;15776;15928;0;15928;15776;152;0;152;0,009542943244600702;0,009542943244600702;;-0,12057877813504823;0;4
2016-01-22;22;2016-01-22 22:00:00;24,28;27,8;-3,52;39063;0;44412;15034;15749;0;15749;15034;715;0;715;0,04539970791796304;0,04539970791796304;;-0,14497528830313014;0;4
2016-01-22;23;2016-01-22 23:00:00;22,63;26,74;-4,1099999999999985;39063;0;44412;14262;15548;0;15548;14262;1286;0;1286;0,0827116027784924;0,0827116027784924;;-0,1816173221387538;0;4
2016-01-23;0;2016-01-23 00:00:00;24,44;26,01;-1,5700000000000005;39064;0;44412;13088;13248;0;13248;13088;160;0;160;0,012077294685990338;0,012077294685990338;;-0,06423895253682489;0;5
2016-01-23;1;2016-01-23 01:00:00;24,02;28,1;-4,080000000000002;39064;0;44412;11936;12364;0;12364;11936;428;0;428;0,03461662892267874;0,03461662892267874;;-0,16985845129059127;0;5
2016-01-23;2;2016-01-23 02:00:00;23,03;27,88;-4,849999999999998;39064;0;44412;10903;11768;0;11768;10903;865;0;865;0,07350441876274644;0,07350441876274644;;-0,2105948762483716;0;5
2016-01-23;3;2016-01-23 03:00:00;22,99;29,21;-6,220000000000002;39064;0;44412;10683;11361;0;11361;10683;678;0;678;0,059677845260100344;0,059677845260100344;;-0,27055241409308406;0;5
2016-01-23;4;2016-01-23 04:00:00;22,68;26,57;-3,890000000000001;39064;0;44412;10570;10974;0;10974;10570;404;0;404;0,03681428831784217;0,03681428831784217;;-0,17151675485008824;0;5
2016-01-23;5;2016-01-23 05:00:00;22,44;23,49;-1,0499999999999972;39064;0;44412;11178;10939;0;10939;11178;-239;0;-239;-0,021848432215010514;-0,021848432215010514;;-0,04679144385026725;0;5
2016-01-23;6;2016-01-23 06:00:00;21,46;23,55;-2,09;39064;0;44412;11944;10941;0;10941;11944;-1003;0;-1003;-0,09167352161594004;-0,09167352161594004;;-0,09739049394221808;0;5
2016-01-23;7;2016-01-23 07:00:00;23,35;24,83;-1,4799999999999969;39064;0;44412;12382;11074;1;11075;12382;-1308;1;-1307;-0,11801354401805869;-0,11811450243814339;1,0;-0,06338329764453948;0;5
2016-01-23;8;2016-01-23 08:00:00;24,68;24,57;0,10999999999999943;39064;50;44412;12812;11438;55;11493;12862;-1374;5;-1369;-0,119115983642217;-0,12012589613568805;0,09090909090909091;0,004457050243111808;0;5
2016-01-23;9;2016-01-23 09:00:00;28,9;24,88;4,02;39064;399;44412;13353;11619;367;11986;13752;-1734;-32;-1766;-0,1473385616552645;-0,14923831655047767;-0,08719346049046321;0,13910034602076124;0;5
2016-01-23;10;2016-01-23 10:00:00;31,32;26,48;4,84;39064;972;44412;12898;11471;901;12372;13870;-1427;-71;-1498;-0,1210798577432913;-0,12440066254031906;-0,07880133185349611;0,15453384418901658;0;5
2016-01-23;11;2016-01-23 11:00:00;34,75;28,56;6,190000000000001;39064;1720;44412;11954;11001;1497;12498;13674;-953;-223;-1176;-0,09409505520883342;-0,0866284883192437;-0,14896459585838343;0,17812949640287773;0;5
2016-01-23;12;2016-01-23 12:00:00;34,39;31,02;3,370000000000001;39064;2250;44412;12182;10535;1808;12343;14432;-1647;-442;-2089;-0,169245726322612;-0,1563360227812055;-0,24446902654867256;0,09799360279150919;0;5
2016-01-23;13;2016-01-23 13:00:00;30,45;25,99;4,460000000000001;39064;2244;44412;12240;10253;1782;12035;14484;-1987;-462;-2449;-0,20348982135438304;-0,19379693748171267;-0,25925925925925924;0,14646962233169133;0;5
2016-01-23;14;2016-01-23 14:00:00;28,04;24,08;3,9600000000000013;39064;1810;44412;12079;9903;1386;11289;13889;-2176;-424;-2600;-0,23031269377269908;-0,21973139452691104;-0,3059163059163059;0,14122681883024257;0;5
2016-01-23;15;2016-01-23 15:00:00;29,1;23,58;5,520000000000002;39064;980;44412;11705;9561;734;10295;12685;-2144;-246;-2390;-0,2321515298688684;-0,22424432590733187;-0,335149863760218;0,1896907216494846;0;5
2016-01-23;16;2016-01-23 16:00:00;29,7;26,84;2,8599999999999994;39064;206;44412;12347;9323;142;9465;12553;-3024;-64;-3088;-0,32625462229265717;-0,32435911187386035;-0,4507042253521127;0,09629629629629628;0;5
2016-01-23;17;2016-01-23 17:00:00;36,97;33,91;3,0600000000000023;39064;3;44412;12193;9298;0;9298;12196;-2895;-3;-2898;-0,31167993116799314;-0,31135728113572814;-inf;0,08276981336218563;0;5
2016-01-23;18;2016-01-23 18:00:00;42,6;31,05;11,55;39064;0;44412;11267;9319;0;9319;11267;-1948;0;-1948;-0,2090353042171907;-0,2090353042171907;;0,2711267605633803;0;5
2016-01-23;19;2016-01-23 19:00:00;35,83;26,13;9,7;39064;0;44412;11248;9369;0;9369;11248;-1879;0;-1879;-0,2005550218806703;-0,2005550218806703;;0,2707228579402735;0;5
2016-01-23;20;2016-01-23 20:00:00;28,84;22,45;6,3900000000000015;39064;0;44412;11502;9296;0;9296;11502;-2206;0;-2206;-0,23730636833046473;-0,23730636833046473;;0,22156726768377258;0;5
2016-01-23;21;2016-01-23 21:00:00;25,4;21,45;3,9499999999999993;39064;0;44412;10594;9092;0;9092;10594;-1502;0;-1502;-0,16520017597888254;-0,16520017597888254;;0,15551181102362202;0;5
2016-01-23;22;2016-01-23 22:00:00;26,27;23,56;2,7100000000000013;39064;0;44412;10684;8860;0;8860;10684;-1824;0;-1824;-0,20586907449209932;-0,20586907449209932;;0,10315949752569475;0;5
2016-01-23;23;2016-01-23 23:00:00;27,06;24,02;3,0399999999999987;39064;0;44412;10650;8665;0;8665;10650;-1985;0;-1985;-0,22908251586843623;-0,22908251586843623;;0,11234294161123425;0;5
2016-01-24;0;2016-01-24 00:00:00;24,08;22,39;1,6899999999999975;39064;0;44412;10535;9820;0;9820;10535;-715;0;-715;-0,07281059063136457;-0,07281059063136457;;0,0701827242524916;0;6
2016-01-24;1;2016-01-24 01:00:00;23,99;23,33;0,6600000000000001;39064;0;44412;10120;9458;0;9458;10120;-662;0;-662;-0,06999365616409389;-0,06999365616409389;;0,02751146310962902;0;6
2016-01-24;2;2016-01-24 02:00:00;24,83;21,93;2,8999999999999986;39064;0;44412;9829;9237;0;9237;9829;-592;0;-592;-0,06409007253437263;-0,06409007253437263;;0,11679420056383402;0;6
2016-01-24;3;2016-01-24 03:00:00;23,24;20,26;2,979999999999997;39064;0;44412;9755;8986;0;8986;9755;-769;0;-769;-0,08557756510126864;-0,08557756510126864;;0,12822719449225461;0;6
2016-01-24;4;2016-01-24 04:00:00;22,54;19,13;3,41;39064;0;44412;9922;8795;0;8795;9922;-1127;0;-1127;-0,1281409891984082;-0,1281409891984082;;0,15128660159716062;0;6
2016-01-24;5;2016-01-24 05:00:00;23,41;17,86;5,550000000000002;39064;0;44412;9343;8724;0;8724;9343;-619;0;-619;-0,07095369096744612;-0,07095369096744612;;0,23707817172148662;0;6
2016-01-24;6;2016-01-24 06:00:00;21,41;19,32;2,09;39064;0;44412;9229;8675;0;8675;9229;-554;0;-554;-0,06386167146974063;-0,06386167146974063;;0,09761793554413825;0;6
2016-01-24;7;2016-01-24 07:00:00;21,4;21,14;0,259999999999998;39064;0;44412;9028;8649;2;8651;9028;-379;2;-377;-0,04357877701999769;-0,0438200948086484;1,0;0,012149532710280282;0;6
2016-01-24;8;2016-01-24 08:00:00;22,12;21,33;0,7900000000000027;39064;179;44412;8927;8673;135;8808;9106;-254;-44;-298;-0,03383287920072661;-0,029286290787501442;-0,32592592592592595;0,03571428571428584;0;6
2016-01-24;9;2016-01-24 09:00:00;24,63;21,98;2,6499999999999986;39064;912;44412;8941;8625;673;9298;9853;-316;-239;-555;-0,059690255969025593;-0,03663768115942029;-0,3551263001485884;0,10759236703207466;0;6
2016-01-24;10;2016-01-24 10:00:00;27,05;22,92;4,129999999999999;39064;1952;44412;9137;8535;1372;9907;11089;-602;-580;-1182;-0,11930957908549511;-0,07053309900410076;-0,4227405247813411;0,1526802218114602;0;6
2016-01-24;11;2016-01-24 11:00:00;32,66;23,8;8,859999999999996;39064;2903;44412;9184;8386;1953;10339;12087;-798;-950;-1748;-0,16906857529741753;-0,09515859766277128;-0,4864311315924219;0,27127985303123076;0;6
2016-01-24;12;2016-01-24 12:00:00;28,94;21,16;7,780000000000001;39064;3501;44412;8602;8222;2237;10459;12103;-380;-1264;-1644;-0,15718519934984224;-0,046217465336901;-0,565042467590523;0,26883206634416035;0;6
2016-01-24;13;2016-01-24 13:00:00;26,04;20,53;5,509999999999998;39064;3580;44412;8702;7988;2118;10106;12282;-714;-1462;-2176;-0,21531763308925392;-0,08938407611417126;-0,6902738432483475;0,21159754224270347;0;6
2016-01-24;14;2016-01-24 14:00:00;24,84;20,99;3,8500000000000014;39064;2676;44412;8447;7760;1562;9322;11123;-687;-1114;-1801;-0,1931988843595795;-0,08853092783505155;-0,7131882202304738;0,1549919484702094;0;6
2016-01-24;15;2016-01-24 15:00:00;23,99;21,84;2,1499999999999986;39064;1418;44412;8656;7625;789;8414;10074;-1031;-629;-1660;-0,19729023056810077;-0,13521311475409836;-0,7972116603295311;0,08962067528136718;0;6
2016-01-24;16;2016-01-24 16:00:00;25,04;24,09;0,9499999999999992;39064;285;44412;9800;7643;153;7796;10085;-2157;-132;-2289;-0,2936121087737301;-0,2822190239434777;-0,8627450980392157;0,037939297124600604;0;6
2016-01-24;17;2016-01-24 17:00:00;32,88;30,77;2,1100000000000034;39064;4;44412;11357;8059;0;8059;11361;-3298;-4;-3302;-0,4097282541258221;-0,4092319146296067;-inf;0,0641727493917276;0;6
2016-01-24;18;2016-01-24 18:00:00;36,09;32,83;3,2600000000000047;39064;0;44412;12349;8620;0;8620;12349;-3729;0;-3729;-0,4325986078886311;-0,4325986078886311;;0,09032973122748696;0;6
2016-01-24;19;2016-01-24 19:00:00;35,87;29,06;6,809999999999999;39064;0;44412;13103;9084;0;9084;13103;-4019;0;-4019;-0,4424262439453985;-0,4424262439453985;;0,18985224421522162;0;6
2016-01-24;20;2016-01-24 20:00:00;31,7;25,4;6,300000000000002;39064;0;44412;14080;9297;0;9297;14080;-4783;0;-4783;-0,5144670323760353;-0,5144670323760353;;0,1987381703470032;0;6
2016-01-24;21;2016-01-24 21:00:00;26,0;20,19;5,809999999999999;39064;0;44412;14663;9429;0;9429;14663;-5234;0;-5234;-0,5550959804857355;-0,5550959804857355;;0,2234615384615384;0;6
2016-01-24;22;2016-01-24 22:00:00;27,09;18,59;8,5;39064;0;44412;14628;9384;0;9384;14628;-5244;0;-5244;-0,5588235294117647;-0,5588235294117647;;0,3137689184200812;0;6
2016-01-24;23;2016-01-24 23:00:00;22,44;15,16;7,280000000000001;39064;0;44412;14571;9408;0;9408;14571;-5163;0;-5163;-0,5487882653061225;-0,5487882653061225;;0,32442067736185387;0;6
2016-01-25;0;2016-01-25 00:00:00;20,07;18,82;1,25;39067;0;44421;14322;12805;0;12805;14322;-1517;0;-1517;-0,11846934791097227;-0,11846934791097227;;0,0622820129546587;0;0
2016-01-25;1;2016-01-25 01:00:00;19,65;17,12;2,5299999999999976;39067;0;44421;14318;12649;0;12649;14318;-1669;0;-1669;-0,13194718950114634;-0,13194718950114634;;0,12875318066157748;0;0
2016-01-25;2;2016-01-25 02:00:00;19,68;17,05;2,629999999999999;39067;0;44421;13945;12458;0;12458;13945;-1487;0;-1487;-0,11936105313854552;-0,11936105313854552;;0,13363821138211376;0;0
2016-01-25;3;2016-01-25 03:00:00;19,98;15,89;4,09;39067;0;44421;13843;12275;0;12275;13843;-1568;0;-1568;-0,12773930753564156;-0,12773930753564156;;0,2047047047047047;0;0
2016-01-25;4;2016-01-25 04:00:00;20,33;17,41;2,919999999999998;39067;0;44421;13358;12028;0;12028;13358;-1330;0;-1330;-0,11057532424343199;-0,11057532424343199;;0,14363010329562215;0;0
2016-01-25;5;2016-01-25 05:00:00;21,32;21,44;-0,12000000000000098;39067;0;44421;13026;11729;0;11729;13026;-1297;0;-1297;-0,11058061215789923;-0,11058061215789923;;-0,005628517823639821;0;0
2016-01-25;6;2016-01-25 06:00:00;25,01;25,58;-0,5699999999999967;39067;0;44421;12509;11364;0;11364;12509;-1145;0;-1145;-0,10075677578317493;-0,10075677578317493;;-0,022790883646541252;0;0
2016-01-25;7;2016-01-25 07:00:00;34,94;36,8;-1,8599999999999997;39067;0;44421;11962;11048;2;11050;11962;-914;2;-912;-0,0825339366515837;-0,08272990586531499;1,0;-0,05323411562678877;0;0
2016-01-25;8;2016-01-25 08:00:00;35,0;39,28;-4,280000000000001;39067;178;44421;11340;10753;194;10947;11518;-587;16;-571;-0,052160409244541885;-0,0545894169069097;0,08247422680412371;-0,12228571428571432;0;0
2016-01-25;9;2016-01-25 09:00:00;36,04;38,39;-2,3500000000000014;39067;1126;44421;10903;10524;1052;11576;12029;-379;-74;-453;-0,03913268832066344;-0,036012922843025465;-0,07034220532319392;-0,0652053274139845;0;0
2016-01-25;10;2016-01-25 10:00:00;36,62;36,64;-0,02000000000000313;39067;2782;44421;10400;10206;2399;12605;13182;-194;-383;-577;-0,045775485918286396;-0,019008426415833824;-0,15964985410587745;-0,0005461496450028162;0;0
2016-01-25;11;2016-01-25 11:00:00;35,6;34,59;1,009999999999998;39067;5160;44421;9988;9641;3857;13498;15148;-347;-1303;-1650;-0,12224033190102238;-0,03599211700031117;-0,33782732693803474;0,028370786516853874;0;0
2016-01-25;12;2016-01-25 12:00:00;34,75;30,84;3,91;39067;6942;44421;9490;8957;4910;13867;16432;-533;-2032;-2565;-0,1849715151078099;-0,059506531204644414;-0,4138492871690428;0,1125179856115108;0;0
2016-01-25;13;2016-01-25 13:00:00;32,26;27,45;4,809999999999999;39067;7364;44421;9015;8437;5283;13720;16379;-578;-2081;-2659;-0,19380466472303207;-0,06850776342301766;-0,3939049782320651;0,14910105393676376;0;0
2016-01-25;14;2016-01-25 14:00:00;30,61;28,32;2,289999999999999;39067;6011;44421;8838;8188;4517;12705;14849;-650;-1494;-2144;-0,16875245966155056;-0,07938446507083537;-0,33075049811822005;0,074812152891212;0;0
2016-01-25;15;2016-01-25 15:00:00;29,73;29,67;0,05999999999999873;39067;3418;44421;9042;8103;2681;10784;12460;-939;-737;-1676;-0,1554154302670623;-0,1158830062939652;-0,27489742633345765;0,0020181634712411276;0;0
2016-01-25;16;2016-01-25 16:00:00;31,17;31,81;-0,6399999999999971;39067;793;44421;9933;8464;572;9036;10726;-1469;-221;-1690;-0,18702965914121292;-0,1735586011342155;-0,38636363636363635;-0,020532563362207157;0;0
2016-01-25;17;2016-01-25 17:00:00;34,96;35,69;-0,7299999999999969;39067;8;44421;12158;9247;1;9248;12166;-2911;-7;-2918;-0,3155276816608997;-0,3148048015572618;-7,0;-0,020881006864988467;0;0
2016-01-25;18;2016-01-25 18:00:00;36,33;31,27;5,059999999999999;39067;0;44421;13805;10165;0;10165;13805;-3640;0;-3640;-0,35809149040826366;-0,35809149040826366;;0,1392788329204514;0;0
2016-01-25;19;2016-01-25 19:00:00;31,96;30,69;1,2699999999999996;39067;0;44421;14240;11187;0;11187;14240;-3053;0;-3053;-0,2729060516671136;-0,2729060516671136;;0,039737171464330395;0;0
2016-01-25;20;2016-01-25 20:00:00;26,8;28,31;-1,509999999999998;39067;0;44421;15004;12137;0;12137;15004;-2867;0;-2867;-0,23621982367965724;-0,23621982367965724;;-0,056343283582089475;0;0
2016-01-25;21;2016-01-25 21:00:00;25,32;27,93;-2,6099999999999994;39067;0;44421;16136;13176;0;13176;16136;-2960;0;-2960;-0,2246508803885853;-0,2246508803885853;;-0,10308056872037913;0;0
2016-01-25;22;2016-01-25 22:00:00;23,93;28,65;-4,719999999999999;39067;0;44421;16781;14300;0;14300;16781;-2481;0;-2481;-0,1734965034965035;-0,1734965034965035;;-0,19724195570413702;0;0
2016-01-25;23;2016-01-25 23:00:00;18,11;21,29;-3,18;39067;0;44421;17747;15526;0;15526;17747;-2221;0;-2221;-0,14305036712611105;-0,14305036712611105;;-0,1755935946990613;0;0
2016-01-26;0;2016-01-26 00:00:00;20,23;22,0;-1,7699999999999996;39069;0;44428;18747;17245;0;17245;18747;-1502;0;-1502;-0,08709770948100899;-0,08709770948100899;;-0,08749382105783488;0;1
2016-01-26;1;2016-01-26 01:00:00;18,02;14,82;3,1999999999999997;39069;0;44428;19518;18030;0;18030;19518;-1488;0;-1488;-0,08252911813643926;-0,08252911813643926;;0,17758046614872364;0;1
2016-01-26;2;2016-01-26 02:00:00;15,9;7,17;8,73;39069;0;44428;19580;18645;0;18645;19580;-935;0;-935;-0,05014749262536873;-0,05014749262536873;;0,5490566037735849;0;1
2016-01-26;3;2016-01-26 03:00:00;15,91;12,42;3,49;39069;0;44428;19225;19041;0;19041;19225;-184;0;-184;-0,009663358016910876;-0,009663358016910876;;0,21935889377749845;0;1
2016-01-26;4;2016-01-26 04:00:00;17,1;16,74;0,360000000000003;39069;0;44428;18846;19106;0;19106;18846;260;0;260;0,013608290589343661;0,013608290589343661;;0,02105263157894754;0;1
2016-01-26;5;2016-01-26 05:00:00;21,8;25,38;-3,5799999999999983;39069;0;44428;17893;18865;0;18865;17893;972;0;972;0,05152398621786377;0,05152398621786377;;-0,16422018348623846;0;1
2016-01-26;6;2016-01-26 06:00:00;27,09;32,01;-4,919999999999998;39069;0;44428;17494;18362;0;18362;17494;868;0;868;0,04727153904803398;0,04727153904803398;;-0,1816168327796234;0;1
2016-01-26;7;2016-01-26 07:00:00;34,13;39,0;-4,869999999999997;39069;0;44428;16872;17409;7;17416;16872;537;7;544;0,03123564538355535;0,030846114078924694;1,0;-0,1426897157925578;0;1
2016-01-26;8;2016-01-26 08:00:00;38,11;39,72;-1,6099999999999994;39069;388;44428;16324;16261;410;16671;16712;-63;22;-41;-0,002459360566252774;-0,0038743004735256135;0,05365853658536585;-0,04224612962477039;0;1
2016-01-26;9;2016-01-26 09:00:00;32,31;30,05;2,2600000000000016;39069;2040;44428;15472;15168;1955;17123;17512;-304;-85;-389;-0,022717981662091925;-0,020042194092827006;-0,043478260869565216;0,06994738471061596;0;1
2016-01-26;10;2016-01-26 10:00:00;29,99;27,49;2,5;39069;4673;44428;14800;14302;3995;18297;19473;-498;-678;-1176;-0,06427283161173963;-0,03482030485246819;-0,16971214017521902;0,08336112037345782;0;1
2016-01-26;11;2016-01-26 11:00:00;29,55;26,05;3,5;39069;7296;44428;14228;13783;5820;19603;21524;-445;-1476;-1921;-0,09799520481558945;-0,03228614960458536;-0,2536082474226804;0,11844331641285956;0;1
2016-01-26;12;2016-01-26 12:00:00;28,52;21,69;6,829999999999997;39069;8774;44428;14373;13546;6766;20312;23147;-827;-2008;-2835;-0,1395726664040961;-0,061051232836261626;-0,29677800768548623;0,23948106591865348;0;1
2016-01-26;13;2016-01-26 13:00:00;29,33;22,03;7,299999999999998;39069;8202;44428;14705;13449;6565;20014;22907;-1256;-1637;-2893;-0,14454881582891976;-0,09338984311101198;-0,24935262757044935;0,2488919195363109;0;1
2016-01-26;14;2016-01-26 14:00:00;27,97;22,21;5,759999999999998;39069;6159;44428;15111;13342;5142;18484;21270;-1769;-1017;-2786;-0,15072495130924043;-0,1325888172687753;-0,19778296382730456;0,20593493028244542;0;1
2016-01-26;15;2016-01-26 15:00:00;30,09;24,51;5,579999999999997;39069;3420;44428;16500;13497;2852;16349;19920;-3003;-568;-3571;-0,21842314514649214;-0,22249388753056235;-0,19915848527349228;0,18544366899302084;0;1
2016-01-26;16;2016-01-26 16:00:00;30,62;24,34;6,280000000000001;39069;726;44428;18790;14456;601;15057;19516;-4334;-125;-4459;-0,296141329614133;-0,2998063087991146;-0,2079866888519135;0,2050947093403005;0;1
2016-01-26;17;2016-01-26 17:00:00;32,87;25,21;7,6599999999999975;39069;8;44428;21511;16261;2;16263;21519;-5250;-6;-5256;-0,3231876037631433;-0,32285837279380114;-3,0;0,23303924551262545;0;1
2016-01-26;18;2016-01-26 18:00:00;29,27;25,12;4,149999999999999;39069;0;44428;24311;18511;0;18511;24311;-5800;0;-5800;-0,3133272108476041;-0,3133272108476041;;0,14178339596856845;0;1
2016-01-26;19;2016-01-26 19:00:00;24,94;23,34;1,6000000000000014;39069;0;44428;26444;20695;0;20695;26444;-5749;0;-5749;-0,27779656921961826;-0,27779656921961826;;0,06415396952686453;0;1
2016-01-26;20;2016-01-26 20:00:00;23,17;20,67;2,5;39069;0;44428;27858;22440;0;22440;27858;-5418;0;-5418;-0,2414438502673797;-0,2414438502673797;;0,10789814415192057;0;1
2016-01-26;21;2016-01-26 21:00:00;21,66;18,7;2,9600000000000013;39069;0;44428;28508;23810;0;23810;28508;-4698;0;-4698;-0,19731205375892483;-0,19731205375892483;;0,13665743305632508;0;1
2016-01-26;22;2016-01-26 22:00:00;20,24;14,58;5,6599999999999975;39069;0;44428;28830;25122;0;25122;28830;-3708;0;-3708;-0,14759971339861477;-0,14759971339861477;;0,27964426877470344;0;1
2016-01-26;23;2016-01-26 23:00:00;13,43;10,15;3,28;39069;0;44428;28931;26239;0;26239;28931;-2692;0;-2692;-0,10259537329928732;-0,10259537329928732;;0,24422933730454205;0;1
2016-01-27;0;2016-01-27 00:00:00;10,97;10,37;0,6000000000000014;39070;0;44434;28542;29034;0;29034;28542;492;0;492;0,016945649927671006;0,016945649927671006;;0,0546946216955334;0;2
2016-01-27;1;2016-01-27 01:00:00;3,18;6,55;-3,37;39070;0;44434;27815;29355;0;29355;27815;1540;0;1540;0,05246125021291092;0,05246125021291092;;-1,0597484276729559;0;2
2016-01-27;2;2016-01-27 02:00:00;0,05;11,69;-11,64;39070;0;44434;27534;29439;0;29439;27534;1905;0;1905;0,06471007846733924;0,06471007846733924;;-232,8;0;2
2016-01-27;3;2016-01-27 03:00:00;0,13;12,24;-12,11;39070;0;44434;27406;29307;0;29307;27406;1901;0;1901;0,06486504930562664;0,06486504930562664;;-93,15384615384615;0;2
2016-01-27;4;2016-01-27 04:00:00;8,82;16,3;-7,48;39070;0;44434;27292;29022;0;29022;27292;1730;0;1730;0,05960995107160085;0,05960995107160085;;-0,8480725623582767;0;2
2016-01-27;5;2016-01-27 05:00:00;13,3;23,3;-10,0;39070;0;44434;26777;28746;0;28746;26777;1969;0;1969;0,06849648646768246;0,06849648646768246;;-0,7518796992481203;0;2
2016-01-27;6;2016-01-27 06:00:00;17,33;27,09;-9,760000000000002;39070;0;44434;26992;28340;0;28340;26992;1348;0;1348;0,04756527875793931;0,04756527875793931;;-0,5631852279284479;0;2
2016-01-27;7;2016-01-27 07:00:00;22,97;35,9;-12,93;39070;2;44434;26978;28020;6;28026;26980;1042;4;1046;0,03732248626275601;0,03718772305496074;0,6666666666666666;-0,5629081410535481;0;2
2016-01-27;8;2016-01-27 08:00:00;23,93;32,73;-8,799999999999997;39070;322;44434;26584;27861;335;28196;26906;1277;13;1290;0,04575117037877713;0,04583467930081476;0,03880597014925373;-0,36773923944839104;0;2
2016-01-27;9;2016-01-27 09:00:00;28,95;32,03;-3,080000000000002;39070;1510;44434;26108;27733;1374;29107;27618;1625;-136;1489;0,0511560792936407;0,058594454260267555;-0,09898107714701601;-0,10639032815198625;0;2
2016-01-27;10;2016-01-27 10:00:00;29,94;32,75;-2,8099999999999987;39070;3226;44434;26273;27633;2702;30335;29499;1360;-524;836;0,02755892533377287;0,04921651648391416;-0,19393042190969653;-0,09385437541750162;0;2
2016-01-27;11;2016-01-27 11:00:00;25,55;31,13;-5,579999999999997;39070;5157;44434;26995;27518;3788;31306;32152;523;-1369;-846;-0,027023573755829554;0,01900574169634421;-0,3614044350580781;-0,21839530332681006;0;2
2016-01-27;12;2016-01-27 12:00:00;24,12;23,92;0,1999999999999993;39070;5511;44434;27513;27347;4173;31520;33024;-166;-1338;-1504;-0,047715736040609136;-0,006070135663875379;-0,32063263838964773;0,008291873963515725;0;2
2016-01-27;13;2016-01-27 13:00:00;22,95;20,81;2,140000000000001;39070;4300;44434;27523;27311;3888;31199;31823;-212;-412;-624;-0,020000641046187376;-0,007762440042473728;-0,10596707818930041;0,09324618736383447;0;2
2016-01-27;14;2016-01-27 14:00:00;20,95;20,18;0,7699999999999996;39070;2789;44434;27370;27252;2987;30239;30159;-118;198;80;0,002645590131948808;-0,004329957434316747;0,06628724472715099;0,0367541766109785;0;2
2016-01-27;15;2016-01-27 15:00:00;23,91;23,53;0,37999999999999895;39070;1398;44434;27322;27116;1667;28783;28720;-206;269;63;0,0021887919952749886;-0,007596990706593893;0,16136772645470907;0,015892931827687116;0;2
2016-01-27;16;2016-01-27 16:00:00;23,97;24,86;-0,8900000000000006;39070;292;44434;27532;27090;425;27515;27824;-442;133;-309;-0,011230238051971651;-0,016315983757844224;0,3129411764705882;-0,037129745515227394;0;2
2016-01-27;17;2016-01-27 17:00:00;28,93;28,16;0,7699999999999996;39070;7;44434;27679;27109;2;27111;27686;-570;-5;-575;-0,021209103315997197;-0,021026227452137666;-2,5;0,026615969581749034;0;2
2016-01-27;18;2016-01-27 18:00:00;30,98;31,5;-0,5199999999999996;39070;0;44434;27916;27212;0;27212;27916;-704;0;-704;-0,025870939291489047;-0,025870939291489047;;-0,01678502259522271;0;2
2016-01-27;19;2016-01-27 19:00:00;29,07;28,92;0,14999999999999858;39070;0;44434;28453;27585;0;27585;28453;-868;0;-868;-0,03146637665397861;-0,03146637665397861;;0,005159958720330189;0;2
2016-01-27;20;2016-01-27 20:00:00;21,5;21,19;0,3099999999999987;39070;0;44434;28925;27745;0;27745;28925;-1180;0;-1180;-0,04253018561903046;-0,04253018561903046;;0,014418604651162731;0;2
2016-01-27;21;2016-01-27 21:00:00;19,06;14,02;5,039999999999999;39070;0;44434;28776;27559;0;27559;28776;-1217;0;-1217;-0,044159802605319494;-0,044159802605319494;;0,2644281217208814;0;2
2016-01-27;22;2016-01-27 22:00:00;16,34;15,33;1,0099999999999998;39070;0;44434;28438;26863;0;26863;28438;-1575;0;-1575;-0,05863083051036742;-0,05863083051036742;;0,06181150550795592;0;2
2016-01-27;23;2016-01-27 23:00:00;13,96;16,4;-2,4399999999999977;39070;0;44434;28116;25780;0;25780;28116;-2336;0;-2336;-0,09061287820015516;-0,09061287820015516;;-0,17478510028653277;0;2
2016-01-28;0;2016-01-28 00:00:00;14,5;12,37;2,130000000000001;39072;0;44449;27246;27076;0;27076;27246;-170;0;-170;-0,0062786231348795985;-0,0062786231348795985;;0,14689655172413799;0;3
2016-01-28;1;2016-01-28 01:00:00;12,83;11,44;1,3900000000000006;39072;0;44449;26090;26091;0;26091;26090;1;0;1;3,832739258748227e-05;3,832739258748227e-05;;0,10833982852689014;0;3
2016-01-28;2;2016-01-28 02:00:00;12,88;11,82;1,0600000000000005;39072;0;44449;25343;24845;0;24845;25343;-498;0;-498;-0,020044274501911853;-0,020044274501911853;;0,08229813664596276;0;3
2016-01-28;3;2016-01-28 03:00:00;12,14;14,57;-2,43;39072;0;44449;25443;23676;0;23676;25443;-1767;0;-1767;-0,07463253928028384;-0,07463253928028384;;-0,200164744645799;0;3
2016-01-28;4;2016-01-28 04:00:00;13,2;12,97;0,22999999999999865;39072;0;44449;26041;22777;0;22777;26041;-3264;0;-3264;-0,14330245423014445;-0,14330245423014445;;0,01742424242424232;0;3
2016-01-28;5;2016-01-28 05:00:00;17,39;9,48;7,91;39072;0;44449;26284;22234;0;22234;26284;-4050;0;-4050;-0,18215345866690655;-0,18215345866690655;;0,4548591144335825;0;3
2016-01-28;6;2016-01-28 06:00:00;23,41;15,51;7,9;39072;0;44449;26359;21773;0;21773;26359;-4586;0;-4586;-0,21062784182244063;-0,21062784182244063;;0,33746262281076467;0;3
2016-01-28;7;2016-01-28 07:00:00;28,49;24,5;3,9899999999999984;39072;1;44449;25506;21131;8;21139;25507;-4375;7;-4368;-0,20663229102606556;-0,20704178694808575;0,875;0,14004914004914001;0;3
2016-01-28;8;2016-01-28 08:00:00;30,96;29,67;1,2899999999999991;39072;398;44449;23400;20334;360;20694;23798;-3066;-38;-3104;-0,14999516768145357;-0,15078194157568603;-0,10555555555555556;0,04166666666666664;0;3
2016-01-28;9;2016-01-28 09:00:00;29,97;30,55;-0,5800000000000018;39072;1697;44449;20935;19469;1695;21164;22632;-1466;-2;-1468;-0,06936306936306937;-0,07529919358980944;-0,0011799410029498525;-0,01935268601935275;0;3
2016-01-28;10;2016-01-28 10:00:00;29,07;32,95;-3,8800000000000026;39072;3970;44449;20029;18685;3505;22190;23999;-1344;-465;-1809;-0,0815232086525462;-0,07192935509767193;-0,1326676176890157;-0,13347093223254222;0;3
2016-01-28;11;2016-01-28 11:00:00;25,21;29,66;-4,449999999999998;39072;6327;44449;19400;17925;5161;23086;25727;-1475;-1166;-2641;-0,11439833665424932;-0,08228730822873083;-0,22592520829296647;-0,17651725505751678;0;3
2016-01-28;12;2016-01-28 12:00:00;24,01;25,73;-1,7199999999999989;39072;7593;44449;19448;16952;6035;22987;27041;-2496;-1558;-4054;-0,17636055161613085;-0,147239263803681;-0,2581607290803645;-0,07163681799250307;0;3
2016-01-28;13;2016-01-28 13:00:00;25,56;24,79;0,7699999999999996;39072;7267;44449;17982;15773;5989;21762;25249;-2209;-1278;-3487;-0,16023343442698282;-0,14004945159449692;-0,21339121723159124;0,03012519561815335;0;3
2016-01-28;14;2016-01-28 14:00:00;26,73;27,79;-1,0599999999999987;39072;5746;44449;16382;14226;4847;19073;22128;-2156;-899;-3055;-0,1601740680543176;-0,15155349360326165;-0,18547555188776563;-0,03965581743359516;0;3
2016-01-28;15;2016-01-28 15:00:00;31,02;33,82;-2,8000000000000007;39072;3018;44449;13862;12778;2680;15458;16880;-1084;-338;-1422;-0,09199120196661922;-0,08483330724683048;-0,12611940298507462;-0,09026434558349454;0;3
2016-01-28;16;2016-01-28 16:00:00;33,58;38,36;-4,780000000000001;39072;586;44449;12070;12085;512;12597;12656;15;-74;-59;-0,0046836548384536;0,0012412081092263137;-0,14453125;-0,14234663490172725;0;3
2016-01-28;17;2016-01-28 17:00:00;39,05;45,37;-6,32;39072;12;44449;11582;12370;1;12371;11594;788;-11;777;0,06280818042195457;0,06370250606305577;-11,0;-0,1618437900128041;0;3
2016-01-28;18;2016-01-28 18:00:00;46,02;52,58;-6,559999999999995;39072;0;44449;12935;13221;0;13221;12935;286;0;286;0,021632251720747297;0,021632251720747297;;-0,14254671881790515;0;3
2016-01-28;19;2016-01-28 19:00:00;36,56;41,89;-5,329999999999998;39072;0;44449;14030;14333;0;14333;14030;303;0;303;0,021140026512244472;0,021140026512244472;;-0,14578774617067827;0;3
2016-01-28;20;2016-01-28 20:00:00;32,12;36,96;-4,840000000000003;39072;0;44449;15163;15169;0;15169;15163;6;0;6;0,00039554354275166457;0,00039554354275166457;;-0,15068493150684945;0;3
2016-01-28;21;2016-01-28 21:00:00;27,45;27,27;0,17999999999999972;39072;0;44449;16139;15734;0;15734;16139;-405;0;-405;-0,02574043472734206;-0,02574043472734206;;0,0065573770491803175;0;3
2016-01-28;22;2016-01-28 22:00:00;26,31;26,27;0,03999999999999915;39072;0;44449;16162;16058;0;16058;16162;-104;0;-104;-0,006476522605554863;-0,006476522605554863;;0,0015203344735841562;0;3
2016-01-28;23;2016-01-28 23:00:00;20,79;25,55;-4,760000000000002;39072;0;44449;16338;16324;0;16324;16338;-14;0;-14;-0,0008576329331046312;-0,0008576329331046312;;-0,22895622895622905;0;3
2016-01-29;0;2016-01-29 00:00:00;21,1;24,7;-3,5999999999999983;39077;0;44457;16844;16908;0;16908;16844;64;0;64;0,003785190442394133;0,003785190442394133;;-0,17061611374407573;0;4
2016-01-29;1;2016-01-29 01:00:00;19,53;25,43;-5,899999999999999;39077;0;44457;17479;17604;0;17604;17479;125;0;125;0,007100658941149739;0,007100658941149739;;-0,3020993343573988;0;4
2016-01-29;2;2016-01-29 02:00:00;19,06;22,24;-3,18;39077;0;44457;18572;18700;0;18700;18572;128;0;128;0,006844919786096256;0,006844919786096256;;-0,16684155299055617;0;4
2016-01-29;3;2016-01-29 03:00:00;18,08;14,97;3,1099999999999977;39077;0;44457;19934;19934;0;19934;19934;0;0;0;0,0;0,0;;0,17201327433628308;0;4
2016-01-29;4;2016-01-29 04:00:00;15,96;10,76;5,200000000000001;39077;0;44457;21325;21110;0;21110;21325;-215;0;-215;-0,010184746565608716;-0,010184746565608716;;0,32581453634085217;0;4
2016-01-29;5;2016-01-29 05:00:00;18,01;10,09;7,920000000000003;39077;0;44457;22625;22194;0;22194;22625;-431;0;-431;-0,019419662971974408;-0,019419662971974408;;0,4397556912826209;0;4
2016-01-29;6;2016-01-29 06:00:00;26,0;20,72;5,280000000000001;39077;0;44457;24499;23222;0;23222;24499;-1277;0;-1277;-0,054990956851261735;-0,054990956851261735;;0,20307692307692313;0;4
2016-01-29;7;2016-01-29 07:00:00;34,89;27,55;7,34;39077;2;44457;25848;24345;16;24361;25850;-1503;14;-1489;-0,06112228562045893;-0,061737523105360445;0,875;0,21037546574949842;0;4
2016-01-29;8;2016-01-29 08:00:00;36,06;28,82;7,240000000000002;39077;558;44457;26616;25548;552;26100;27174;-1068;-6;-1074;-0,04114942528735632;-0,04180366369187412;-0,010869565217391304;0,20077648363838052;0;4
2016-01-29;9;2016-01-29 09:00:00;34,94;23,75;11,189999999999998;39077;3346;44457;26763;26685;2482;29167;30109;-78;-864;-942;-0,03229677375115713;-0,002922990444069702;-0,34810636583400484;0,32026330852890667;0;4
2016-01-29;10;2016-01-29 10:00:00;29,91;18,48;11,43;39077;6770;44457;27827;27555;4821;32376;34597;-272;-1949;-2221;-0,06860019767729182;-0,009871166757394302;-0,4042729724123626;0,38214643931795383;0;4
2016-01-29;11;2016-01-29 11:00:00;25,43;7,42;18,009999999999994;39077;8836;44457;28690;28321;6736;35057;37526;-369;-2100;-2469;-0,07042815985395214;-0,01302920094629427;-0,31175771971496435;0,7082186394022806;0;4
2016-01-29;12;2016-01-29 12:00:00;21,83;5,01;16,82;39077;9364;44457;29495;28898;7529;36427;38859;-597;-1835;-2432;-0,06676366431493123;-0,020658869125891065;-0,24372426617080623;0,7704993128721943;0;4
2016-01-29;13;2016-01-29 13:00:00;20,03;4,19;15,84;39077;8776;44457;29640;29458;7183;36641;38416;-182;-1593;-1775;-0,048443001009797766;-0,00617828773168579;-0,22177363218710844;0,7908137793310035;0;4
2016-01-29;14;2016-01-29 14:00:00;19,1;4,37;14,73;39077;7008;44457;29767;29986;5672;35658;36775;219;-1336;-1117;-0,03132536878119917;0,007303408257186687;-0,23554301833568406;0,7712041884816754;0;4
2016-01-29;15;2016-01-29 15:00:00;19,39;5,72;13,670000000000002;39077;3906;44457;30245;30490;3256;33746;34151;245;-650;-405;-0,012001422390801873;0,008035421449655624;-0,19963144963144963;0,7050025786487881;0;4
2016-01-29;16;2016-01-29 16:00:00;22,54;7,12;15,419999999999998;39077;941;44457;30768;30628;822;31450;31709;-140;-119;-259;-0,00823529411764706;-0,004570980801880632;-0,14476885644768855;0,6841171251109138;0;4
2016-01-29;17;2016-01-29 17:00:00;27,43;14,74;12,69;39077;12;44457;30664;30513;5;30518;30676;-151;-7;-158;-0,005177272429385936;-0,004948710385737227;-1,4;0,4626321545752825;0;4
2016-01-29;18;2016-01-29 18:00:00;25,99;16,78;9,209999999999997;39077;0;44457;30760;30294;0;30294;30760;-466;0;-466;-0,01538258401003499;-0,01538258401003499;;0,3543670642554828;0;4
2016-01-29;19;2016-01-29 19:00:00;25,18;18,38;6,800000000000002;39077;0;44457;30601;29996;0;29996;30601;-605;0;-605;-0,020169355914121882;-0,020169355914121882;;0,2700555996822876;0;4
2016-01-29;20;2016-01-29 20:00:00;21,11;11,6;9,51;39077;0;44457;30456;29788;0;29788;30456;-668;0;-668;-0,022425137639317846;-0,022425137639317846;;0,4504973945997158;0;4
2016-01-29;21;2016-01-29 21:00:00;17,08;6,01;11,07;39077;0;44457;30378;29759;0;29759;30378;-619;0;-619;-0,020800430121979904;-0,020800430121979904;;0,6481264637002343;0;4
2016-01-29;22;2016-01-29 22:00:00;14,6;6,69;7,909999999999998;39077;0;44457;29262;29788;0;29788;29262;526;0;526;0,017658117362696388;0,017658117362696388;;0,5417808219178081;0;4
2016-01-29;23;2016-01-29 23:00:00;10,29;3,83;6,459999999999999;39077;0;44457;29223;29913;0;29913;29223;690;0;690;0,02306689399257848;0,02306689399257848;;0,6277939747327502;0;4
2016-01-30;0;2016-01-30 00:00:00;14,08;9,39;4,69;39077;0;44457;28908;30190;0;30190;28908;1282;0;1282;0,042464392182842;0,042464392182842;;0,33309659090909094;0;5
2016-01-30;1;2016-01-30 01:00:00;8,4;2,59;5,8100000000000005;39077;0;44457;29125;30695;0;30695;29125;1570;0;1570;0,051148395504153774;0,051148395504153774;;0,6916666666666667;0;5
2016-01-30;2;2016-01-30 02:00:00;0,79;1,3;-0,51;39077;0;44457;29182;31085;0;31085;29182;1903;0;1903;0,06121923757439279;0,06121923757439279;;-0,6455696202531646;0;5
2016-01-30;3;2016-01-30 03:00:00;0,0;-2,5;2,5;39077;0;44457;29380;31313;0;31313;29380;1933;0;1933;0,06173154919681921;0,06173154919681921;;inf;0;5
2016-01-30;4;2016-01-30 04:00:00;-0,02;-2,57;2,55;39077;0;44457;30016;31419;0;31419;30016;1403;0;1403;0,0446545084184729;0,0446545084184729;;-127,49999999999999;0;5
2016-01-30;5;2016-01-30 05:00:00;-0,04;-6,56;6,52;39077;0;44457;30230;31332;0;31332;30230;1102;0;1102;0,03517170943444402;0,03517170943444402;;-163,0;0;5
2016-01-30;6;2016-01-30 06:00:00;-2,97;-4,86;1,89;39077;0;44457;31789;31231;0;31231;31789;-558;0;-558;-0,017866863052736062;-0,017866863052736062;;-0,6363636363636362;0;5
2016-01-30;7;2016-01-30 07:00:00;8,51;-2,99;11,5;39077;4;44457;32090;31173;18;31191;32094;-917;14;-903;-0,02895065884389728;-0,02941648221217079;0,7777777777777778;1,3513513513513513;0;5
2016-01-30;8;2016-01-30 08:00:00;12,42;8,05;4,369999999999999;39077;635;44457;32413;30928;552;31480;33048;-1485;-83;-1568;-0,049809402795425665;-0,04801474392136575;-0,1503623188405797;0,3518518518518518;0;5
2016-01-30;9;2016-01-30 09:00:00;13,78;8,39;5,389999999999999;39077;2671;44457;31782;30432;2030;32462;34453;-1350;-641;-1991;-0,061333251186002094;-0,04436119873817035;-0,31576354679802954;0,39114658925979673;0;5
2016-01-30;10;2016-01-30 10:00:00;14,22;5,29;8,93;39077;4706;44457;30788;29749;3698;33447;35494;-1039;-1008;-2047;-0,061201303554877864;-0,03492554371575515;-0,2725797728501893;0,6279887482419128;0;5
2016-01-30;11;2016-01-30 11:00:00;14,69;9,36;5,33;39077;5693;44457;29990;28826;4874;33700;35683;-1164;-819;-1983;-0,05884272997032641;-0,040380212308332754;-0,16803446860894541;0,36283185840707965;0;5
2016-01-30;12;2016-01-30 12:00:00;14,27;10,71;3,5599999999999987;39077;5320;44457;28881;27573;5102;32675;34201;-1308;-218;-1526;-0,046702371843917366;-0,04743771080404744;-0,042728341826734614;0,24947442186405036;0;5
2016-01-30;13;2016-01-30 13:00:00;14,6;15,56;-0,9600000000000009;39077;4371;44457;27798;26500;4514;31014;32169;-1298;143;-1155;-0,037241245888953375;-0,048981132075471695;0,031679220203810365;-0,06575342465753431;0;5
2016-01-30;14;2016-01-30 14:00:00;14,28;19,81;-5,5299999999999985;39077;2817;44457;27678;25464;3258;28722;30495;-2214;441;-1773;-0,061729684562356384;-0,08694627709707822;0,13535911602209943;-0,3872549019607842;0;5
2016-01-30;15;2016-01-30 15:00:00;15,37;18,77;-3,4000000000000004;39077;1384;44457;26752;24539;1786;26325;28136;-2213;402;-1811;-0,06879392212725546;-0,09018297404132197;0,22508398656215006;-0,2212101496421601;0;5
2016-01-30;16;2016-01-30 16:00:00;16,03;19,65;-3,619999999999997;39077;293;44457;25540;23910;475;24385;25833;-1630;182;-1448;-0,05938076686487595;-0,06817231283981598;0,3831578947368421;-0,22582657517155313;0;5
2016-01-30;17;2016-01-30 17:00:00;18,67;24,79;-6,119999999999997;39077;8;44457;25128;23335;4;23339;25136;-1793;-4;-1797;-0,07699558678606624;-0,07683736875937433;-1,0;-0,32779860739153704;0;5
2016-01-30;18;2016-01-30 18:00:00;27,78;32,0;-4,219999999999999;39077;0;44457;25553;23042;0;23042;25553;-2511;0;-2511;-0,10897491537192952;-0,10897491537192952;;-0,15190784737221016;0;5
2016-01-30;19;2016-01-30 19:00:00;22,16;26,5;-4,34;39077;0;44457;25352;22797;0;22797;25352;-2555;0;-2555;-0,1120761503706628;-0,1120761503706628;;-0,19584837545126352;0;5
2016-01-30;20;2016-01-30 20:00:00;18,53;18,4;0,13000000000000256;39077;0;44457;25704;22557;0;22557;25704;-3147;0;-3147;-0,13951323314270514;-0,13951323314270514;;0,007015650296816112;0;5
2016-01-30;21;2016-01-30 21:00:00;16,21;14,5;1,7100000000000009;39077;0;44457;25382;22528;0;22528;25382;-2854;0;-2854;-0,12668678977272727;-0,12668678977272727;;0,10549043800123385;0;5
2016-01-30;22;2016-01-30 22:00:00;15,49;16,71;-1,2200000000000006;39077;0;44457;24279;22915;0;22915;24279;-1364;0;-1364;-0,059524329042112155;-0,059524329042112155;;-0,07876049063912205;0;5
2016-01-30;23;2016-01-30 23:00:00;12,0;17,33;-5,329999999999998;39077;0;44457;24644;23462;0;23462;24644;-1182;0;-1182;-0,050379336799931805;-0,050379336799931805;;-0,44416666666666654;0;5
2016-01-31;0;2016-01-31 00:00:00;8,43;16,36;-7,93;39078;0;44457;24338;27106;0;27106;24338;2768;0;2768;0,10211761233675201;0,10211761233675201;;-0,9406880189798339;0;6
2016-01-31;1;2016-01-31 01:00:00;3,04;10,19;-7,15;39078;0;44457;24500;27343;0;27343;24500;2843;0;2843;0,10397542332589695;0,10397542332589695;;-2,3519736842105265;0;6
2016-01-31;2;2016-01-31 02:00:00;5,09;12,89;-7,800000000000002;39078;0;44457;24771;27323;0;27323;24771;2552;0;2552;0,09340116385462797;0,09340116385462797;;-1,5324165029469552;0;6
2016-01-31;3;2016-01-31 03:00:00;0,85;9,85;-9,0;39078;0;44457;24614;27200;0;27200;24614;2586;0;2586;0,09507352941176471;0,09507352941176471;;-10,588235294117647;0;6
2016-01-31;4;2016-01-31 04:00:00;-0,27;8,59;-8,86;39078;0;44457;24742;26999;0;26999;24742;2257;0;2257;0,08359568872921219;0,08359568872921219;;32,81481481481481;0;6
2016-01-31;5;2016-01-31 05:00:00;0,03;10,16;-10,13;39078;0;44457;24956;26591;0;26591;24956;1635;0;1635;0,061486969275318715;0,061486969275318715;;-337,6666666666667;0;6
2016-01-31;6;2016-01-31 06:00:00;0,08;8,99;-8,91;39078;0;44457;25184;25985;0;25985;25184;801;0;801;0,03082547623629017;0,03082547623629017;;-111,375;0;6
2016-01-31;7;2016-01-31 07:00:00;6,04;11,6;-5,56;39078;3;44457;24304;25194;16;25210;24307;890;13;903;0,035819119397064655;0,03532587123918393;0,8125;-0,9205298013245032;0;6
2016-01-31;8;2016-01-31 08:00:00;8,33;16,06;-7,729999999999999;39078;487;44457;23348;24465;464;24929;23835;1117;-23;1094;0,043884632355890726;0,045657061107704885;-0,04956896551724138;-0,92797118847539;0;6
2016-01-31;9;2016-01-31 09:00:00;10,59;18,14;-7,550000000000002;39078;1849;44457;22886;23933;1835;25768;24735;1047;-14;1033;0,040088481837938526;0,04374712739731751;-0,007629427792915531;-0,7129367327667613;0;6
2016-01-31;10;2016-01-31 10:00:00;11,91;17,74;-5,829999999999997;39078;3194;44457;22920;23874;3260;27134;26114;954;66;1020;0,03759121397508661;0,03995978889168133;0,020245398773006136;-0,4895046179680938;0;6
2016-01-31;11;2016-01-31 11:00:00;14,68;19,35;-4,670000000000002;39078;3797;44457;23001;24228;4133;28361;26798;1227;336;1563;0,05511089171749938;0,05064388311045072;0,08129687878054682;-0,3181198910081745;0;6
2016-01-31;12;2016-01-31 12:00:00;16,18;20,17;-3,990000000000002;39078;3858;44457;22836;24216;4115;28331;26694;1380;257;1637;0,057781229042391725;0,05698711595639247;0,06245443499392467;-0,246600741656366;0;6
2016-01-31;13;2016-01-31 13:00:00;12,5;19,25;-6,75;39078;3234;44457;22051;23553;3376;26929;25285;1502;142;1644;0,061049426269077944;0,06377106950282342;0,04206161137440758;-0,54;0;6
2016-01-31;14;2016-01-31 14:00:00;13,96;17,9;-3,9399999999999977;39078;2235;44457;20347;22143;2276;24419;22582;1796;41;1837;0,07522830582742947;0,08110915413448945;0,018014059753954304;-0,28223495702005713;0;6
2016-01-31;15;2016-01-31 15:00:00;13,89;18,0;-4,1099999999999985;39078;1058;44457;18223;20459;1152;21611;19281;2236;94;2330;0,1078154643468604;0,1092917542401877;0,08159722222222222;-0,2958963282937364;0;6
2016-01-31;16;2016-01-31 16:00:00;16,08;19,28;-3,200000000000003;39078;234;44457;16996;18931;279;19210;17230;1935;45;1980;0,10307131702238417;0,10221330093497438;0,16129032258064516;-0,1990049751243783;0;6
2016-01-31;17;2016-01-31 17:00:00;21,44;26,14;-4,699999999999998;39078;8;44457;16310;17919;3;17922;16318;1609;-5;1604;0,08949893985046312;0,08979295719627212;-1,6666666666666667;-0,2192164179104477;0;6
2016-01-31;18;2016-01-31 18:00:00;26,28;27,78;-1,5;39078;0;44457;16277;17180;0;17180;16277;903;0;903;0,052561117578579744;0,052561117578579744;;-0,05707762557077625;0;6
2016-01-31;19;2016-01-31 19:00:00;25,48;27,64;-2,16;39078;0;44457;16489;16777;0;16777;16489;288;0;288;0,01716635870537045;0,01716635870537045;;-0,0847723704866562;0;6
2016-01-31;20;2016-01-31 20:00:00;21,34;21,52;-0,17999999999999972;39078;0;44457;15947;16424;0;16424;15947;477;0;477;0,02904286410131515;0,02904286410131515;;-0,008434864104967185;0;6
2016-01-31;21;2016-01-31 21:00:00;18,04;21,71;-3,6700000000000017;39078;0;44457;15440;15959;0;15959;15440;519;0;519;0,03252083463876183;0,03252083463876183;;-0,20343680709534379;0;6
2016-01-31;22;2016-01-31 22:00:00;18,79;21,77;-2,9800000000000004;39078;0;44457;15268;15334;0;15334;15268;66;0;66;0,00430416068866571;0,00430416068866571;;-0,15859499733901014;0;6
2016-01-31;23;2016-01-31 23:00:00;16,45;19,33;-2,879999999999999;39078;0;44457;14553;14604;0;14604;14553;51;0;51;0,003492193919474117;0,003492193919474117;;-0,17507598784194522;0;6
2016-02-01;0;2016-02-01 00:00:00;16,31;15,53;0,7799999999999994;39080;0;44465;14064;13004;0;13004;14064;-1060;0;-1060;-0,08151338049830821;-0,08151338049830821;;0,04782342121397912;0;0
2016-02-01;1;2016-02-01 01:00:00;14,42;12,24;2,18;39080;0;44465;13730;12053;0;12053;13730;-1677;0;-1677;-0,13913548494150835;-0,13913548494150835;;0,15117891816920945;0;0
2016-02-01;2;2016-02-01 02:00:00;15,07;11,39;3,68;39080;0;44465;13145;11216;0;11216;13145;-1929;0;-1929;-0,1719864479315264;-0,1719864479315264;;0,24419376244193763;0;0
2016-02-01;3;2016-02-01 03:00:00;13,27;10,55;2,719999999999999;39080;0;44465;12450;10547;0;10547;12450;-1903;0;-1903;-0,18043045415758036;-0,18043045415758036;;0,2049736247174076;0;0
2016-02-01;4;2016-02-01 04:00:00;13,87;13,67;0,1999999999999993;39080;0;44465;11930;10292;0;10292;11930;-1638;0;-1638;-0,15915273999222698;-0,15915273999222698;;0,014419610670511845;0;0
2016-02-01;5;2016-02-01 05:00:00;14,26;19,88;-5,619999999999999;39080;0;44465;12058;10915;0;10915;12058;-1143;0;-1143;-0,10471827759963354;-0,10471827759963354;;-0,39410939691444596;0;0
2016-02-01;6;2016-02-01 06:00:00;23,93;34,42;-10,490000000000002;39080;0;44465;12123;12065;0;12065;12123;-58;0;-58;-0,004807293825113966;-0,004807293825113966;;-0,43836188884245725;0;0
2016-02-01;7;2016-02-01 07:00:00;35,9;42,23;-6,329999999999997;39080;2;44465;12819;13782;5;13787;12821;963;3;966;0,07006600420686154;0,06987374836743579;0,6;-0,1763231197771587;0;0
2016-02-01;8;2016-02-01 08:00:00;37,99;40,89;-2,8999999999999986;39080;181;44465;15324;16548;180;16728;15505;1224;-1;1223;0,07311095169775227;0,07396664249456128;-0,005555555555555556;-0,07633587786259538;0;0
2016-02-01;9;2016-02-01 09:00:00;36,05;35,16;0,8900000000000006;39080;946;44465;17706;19748;736;20484;18652;2042;-210;1832;0,089435657098223;0,10340287624063196;-0,28532608695652173;0,02468793342579752;0;0
2016-02-01;10;2016-02-01 10:00:00;33,34;28,78;4,560000000000001;39080;1799;44465;20348;22911;1459;24370;22147;2563;-340;2223;0,09121871153057037;0,1118676618218323;-0,23303632625085674;0,13677264547090584;0;0
2016-02-01;11;2016-02-01 11:00:00;29,24;25,42;3,8199999999999967;39080;2332;44465;22670;26096;2031;28127;25002;3426;-301;3125;0,11110321043836882;0,1312844880441447;-0,1482028557360906;0,13064295485636104;0;0
2016-02-01;12;2016-02-01 12:00:00;24,99;28,43;-3,4400000000000013;39080;2660;44465;25496;28854;2365;31219;28156;3358;-295;3063;0,09811332842179442;0,11637901157551812;-0,12473572938689217;-0,13765506202480998;0;0
2016-02-01;13;2016-02-01 13:00:00;21,96;24,35;-2,390000000000001;39080;2748;44465;27799;30888;2393;33281;30547;3089;-355;2734;0,08214897388900574;0,10000647500647501;-0,14834935227747598;-0,10883424408014576;0;0
2016-02-01;14;2016-02-01 14:00:00;18,34;23,94;-5,600000000000001;39080;2255;44465;29928;32182;2072;34254;32183;2254;-183;2071;0,06046009225199977;0,07003915232117333;-0,08832046332046332;-0,30534351145038174;0;0
2016-02-01;15;2016-02-01 15:00:00;17,97;23,15;-5,18;39080;1441;44465;31317;32966;1307;34273;32758;1649;-134;1515;0,04420389227671928;0,050021233998665295;-0,10252486610558531;-0,2882582081246522;0;0
2016-02-01;16;2016-02-01 16:00:00;18,24;19,73;-1,490000000000002;39080;408;44465;31939;33218;372;33590;32347;1279;-36;1243;0,037005061030068474;0,03850322114516226;-0,0967741935483871;-0,08168859649122819;0;0
2016-02-01;17;2016-02-01 17:00:00;23,37;27,13;-3,759999999999998;39080;11;44465;31914;33159;6;33165;31925;1245;-5;1240;0,0373888135082165;0,037546367502035646;-0,8333333333333334;-0,16089002995293103;0;0
2016-02-01;18;2016-02-01 18:00:00;23,95;27,2;-3,25;39080;0;44465;32235;33169;0;33169;32235;934;0;934;0,02815882299737707;0,02815882299737707;;-0,13569937369519833;0;0
2016-02-01;19;2016-02-01 19:00:00;22,65;28,19;-5,540000000000003;39080;0;44465;32928;33165;0;33165;32928;237;0;237;0,0071460877431026686;0,0071460877431026686;;-0,24459161147902883;0;0
2016-02-01;20;2016-02-01 20:00:00;17,75;20,0;-2,25;39080;0;44465;32724;33581;0;33581;32724;857;0;857;0,02552038355022185;0,02552038355022185;;-0,1267605633802817;0;0
2016-02-01;21;2016-02-01 21:00:00;14,63;15,63;-1,0;39080;0;44465;32541;33355;0;33355;32541;814;0;814;0,024404137310748013;0,024404137310748013;;-0,06835269993164729;0;0
2016-02-01;22;2016-02-01 22:00:00;14,16;14,54;-0,37999999999999895;39080;0;44465;31794;33199;0;33199;31794;1405;0;1405;0,04232055182385012;0,04232055182385012;;-0,02683615819209032;0;0
2016-02-01;23;2016-02-01 23:00:00;8,44;8,3;0,1399999999999988;39080;0;44465;31636;33074;0;33074;31636;1438;0;1438;0,043478260869565216;0,043478260869565216;;0,016587677725118342;0;0
2016-02-02;0;2016-02-02 00:00:00;4,06;4,48;-0,4200000000000008;39081;0;44467;31215;33053;0;33053;31215;1838;0;1838;0,055607660424167246;0,055607660424167246;;-0,10344827586206917;0;1
2016-02-02;1;2016-02-02 01:00:00;0,3;0,55;-0,2500000000000001;39081;0;44467;30705;33043;0;33043;30705;2338;0;2338;0,07075628726205248;0,07075628726205248;;-0,8333333333333337;0;1
2016-02-02;2;2016-02-02 02:00:00;-2,66;0,21;-2,87;39081;0;44467;30330;33005;0;33005;30330;2675;0;2675;0,08104832601121043;0,08104832601121043;;1,0789473684210527;0;1
2016-02-02;3;2016-02-02 03:00:00;-1,92;-0,52;-1,4;39081;0;44467;30124;32839;0;32839;30124;2715;0;2715;0,08267608636072962;0,08267608636072962;;0,7291666666666666;0;1
2016-02-02;4;2016-02-02 04:00:00;0,09;-0,15;0,24;39081;0;44467;29534;32620;0;32620;29534;3086;0;3086;0,09460453709380748;0,09460453709380748;;2,6666666666666665;0;1
2016-02-02;5;2016-02-02 05:00:00;9,52;5,64;3,88;39081;0;44467;29690;32345;0;32345;29690;2655;0;2655;0,08208378420157675;0,08208378420157675;;0,40756302521008403;0;1
2016-02-02;6;2016-02-02 06:00:00;15,68;19,87;-4,190000000000001;39081;0;44467;30366;32036;0;32036;30366;1670;0;1670;0,05212885503808216;0,05212885503808216;;-0,2672193877551021;0;1
2016-02-02;7;2016-02-02 07:00:00;22,92;35,79;-12,869999999999996;39081;4;44467;29804;31853;16;31869;29808;2049;12;2061;0,0646709968935329;0,0643267510124635;0,75;-0,5615183246073296;0;1
2016-02-02;8;2016-02-02 08:00:00;22,99;31,16;-8,170000000000002;39081;440;44467;29322;31807;444;32251;29762;2485;4;2489;0,07717590152243341;0,07812745622032886;0,009009009009009009;-0,3553719008264464;0;1
2016-02-02;9;2016-02-02 09:00:00;22,15;30,02;-7,870000000000001;39081;1739;44467;29118;31850;1577;33427;30857;2732;-162;2570;0,07688395608340563;0,08577708006279434;-0,10272669625871908;-0,3553047404063206;0;1
2016-02-02;10;2016-02-02 10:00:00;22,16;28,79;-6,629999999999999;39081;3165;44467;29054;31821;2940;34761;32219;2767;-225;2542;0,07312793072696412;0,08695515540052166;-0,07653061224489796;-0,29918772563176893;0;1
2016-02-02;11;2016-02-02 11:00:00;22,53;27,12;-4,59;39081;4488;44467;29110;31706;4019;35725;33598;2596;-469;2127;0,05953813855843247;0,08187724720873021;-0,11669569544662851;-0,20372836218375498;0;1
2016-02-02;12;2016-02-02 12:00:00;22,08;24,15;-2,0700000000000003;39081;4979;44467;28598;31539;4419;35958;33577;2941;-560;2381;0,06621614105345125;0,09324962744538508;-0,1267255035075809;-0,09375000000000001;0;1
2016-02-02;13;2016-02-02 13:00:00;22,09;24,99;-2,8999999999999986;39081;4387;44467;28287;31548;4421;35969;32674;3261;34;3295;0,09160666129166782;0,10336629897299353;0,007690567744854105;-0,1312811226799456;0;1
2016-02-02;14;2016-02-02 14:00:00;22,19;25,69;-3,5;39081;3490;44467;27882;31506;3559;35065;31372;3624;69;3693;0,10531869385427065;0,11502570938868786;0,01938746838999719;-0,15772870662460567;0;1
2016-02-02;15;2016-02-02 15:00:00;23,35;25,67;-2,3200000000000003;39081;2108;44467;27441;31209;2059;33268;29549;3768;-49;3719;0,1117891066490321;0,12073440353744112;-0,023797960174842158;-0,0993576017130621;0;1
2016-02-02;16;2016-02-02 16:00:00;23,31;27,0;-3,690000000000001;39081;571;44467;27414;30762;599;31361;27985;3348;28;3376;0,10764962851949875;0,1088355763604447;0,04674457429048414;-0,15830115830115835;0;1
2016-02-02;17;2016-02-02 17:00:00;28,42;34,77;-6,350000000000001;39081;16;44467;28224;30452;12;30464;28240;2228;-4;2224;0,07300420168067227;0,07316432418231972;-0,3333333333333333;-0,22343420126671362;0;1
2016-02-02;18;2016-02-02 18:00:00;29,99;34,04;-4,050000000000002;39081;0;44467;28388;30384;0;30384;28388;1996;0;1996;0,06569246972090574;0,06569246972090574;;-0,13504501500500174;0;1
2016-02-02;19;2016-02-02 19:00:00;24,61;30,33;-5,719999999999999;39081;0;44467;29349;30642;0;30642;29349;1293;0;1293;0,04219698453103583;0,04219698453103583;;-0,23242584315318973;0;1
2016-02-02;20;2016-02-02 20:00:00;22,51;26,77;-4,259999999999998;39081;0;44467;29300;30537;0;30537;29300;1237;0;1237;0,04050823591053476;0,04050823591053476;;-0,18924922256774757;0;1
2016-02-02;21;2016-02-02 21:00:00;17,59;23,4;-5,809999999999999;39081;0;44467;29058;30375;0;30375;29058;1317;0;1317;0,04335802469135802;0,04335802469135802;;-0,3303013075611142;0;1
2016-02-02;22;2016-02-02 22:00:00;14,18;20,82;-6,6400000000000015;39081;0;44467;28504;30155;0;30155;28504;1651;0;1651;0,05475045597744984;0,05475045597744984;;-0,4682651622002822;0;1
2016-02-02;23;2016-02-02 23:00:00;9,53;15,38;-5,850000000000001;39081;0;44467;28434;29943;0;29943;28434;1509;0;1509;0,05039575192866446;0,05039575192866446;;-0,6138509968520464;0;1
2016-02-03;0;2016-02-03 00:00:00;13,75;18,09;-4,34;39082;0;44472;27785;29688;0;29688;27785;1903;0;1903;0,06409997305308542;0,06409997305308542;;-0,3156363636363636;0;2
2016-02-03;1;2016-02-03 01:00:00;11,58;16,42;-4,840000000000002;39082;0;44472;27733;29344;0;29344;27733;1611;0;1611;0,0549004907306434;0,0549004907306434;;-0,41796200345423157;0;2
2016-02-03;2;2016-02-03 02:00:00;8,09;14,67;-6,58;39082;0;44472;26864;28803;0;28803;26864;1939;0;1939;0,06731937645384162;0,06731937645384162;;-0,8133498145859086;0;2
2016-02-03;3;2016-02-03 03:00:00;6,93;15,34;-8,41;39082;0;44472;26042;28290;0;28290;26042;2248;0;2248;0,07946270767055497;0,07946270767055497;;-1,2135642135642137;0;2
2016-02-03;4;2016-02-03 04:00:00;9,04;16,33;-7,289999999999999;39082;0;44472;24558;27769;0;27769;24558;3211;0;3211;0,1156325398826029;0,1156325398826029;;-0,8064159292035398;0;2
2016-02-03;5;2016-02-03 05:00:00;13,74;22,37;-8,63;39082;0;44472;23470;27096;0;27096;23470;3626;0;3626;0,1338204901092412;0,1338204901092412;;-0,6280931586608443;0;2
2016-02-03;6;2016-02-03 06:00:00;21,41;34,27;-12,860000000000005;39082;0;44472;22626;26355;0;26355;22626;3729;0;3729;0,1414911781445646;0,1414911781445646;;-0,6006539000467074;0;2
2016-02-03;7;2016-02-03 07:00:00;33,25;41,73;-8,479999999999997;39082;6;44472;21860;25625;24;25649;21866;3765;18;3783;0,14749113025848962;0,14692682926829267;0,75;-0,2550375939849623;0;2
2016-02-03;8;2016-02-03 08:00:00;35,0;43,73;-8,729999999999997;39082;512;44472;20982;25073;662;25735;21494;4091;150;4241;0,16479502622887118;0,16316356239779842;0,22658610271903323;-0,24942857142857133;0;2
2016-02-03;9;2016-02-03 09:00:00;33,96;40,65;-6,689999999999998;39082;1971;44472;20464;24948;2556;27504;22435;4484;585;5069;0,18430046538685282;0,17973384640051307;0,22887323943661972;-0,19699646643109534;0;2
2016-02-03;10;2016-02-03 10:00:00;25,44;36,92;-11,48;39082;3691;44472;20989;25377;4537;29914;24680;4388;846;5234;0,1749682422945778;0,17291247980454744;0,18646682830063918;-0,45125786163522014;0;2
2016-02-03;11;2016-02-03 11:00:00;22,93;35,12;-12,189999999999998;39082;5246;44472;21847;26002;6086;32088;27093;4155;840;4995;0,1556656694091249;0,15979540035381895;0,1380216891225764;-0,5316179677278673;0;2
2016-02-03;12;2016-02-03 12:00:00;21,46;28,82;-7,3599999999999985;39082;5783;44472;23191;26429;6682;33111;28974;3238;899;4137;0,12494337229319562;0,1225169321578569;0,13454055671954504;-0,34296365330848083;0;2
2016-02-03;13;2016-02-03 13:00:00;20,95;25,81;-4,8599999999999985;39082;5410;44472;23083;26237;6268;32505;28493;3154;858;4012;0,12342716505153054;0,12021191447192896;0,13688576898532226;-0,231980906921241;0;2
2016-02-03;14;2016-02-03 14:00:00;22,93;27,06;-4,129999999999999;39082;4523;44472;22030;25342;4970;30312;26553;3312;447;3759;0,12401029295328583;0,13069213163917606;0,08993963782696177;-0,1801133885739206;0;2
2016-02-03;15;2016-02-03 15:00:00;23,02;29,45;-6,43;39082;2871;44472;20933;24021;3020;27041;23804;3088;149;3237;0,1197071114233941;0,12855418175762875;0,04933774834437086;-0,2793223284100782;0;2
2016-02-03;16;2016-02-03 16:00:00;26,4;29,48;-3,080000000000002;39082;814;44472;20032;22662;890;23552;20846;2630;76;2706;0,11489470108695653;0,11605330509222488;0,0853932584269663;-0,11666666666666674;0;2
2016-02-03;17;2016-02-03 17:00:00;32,62;35,41;-2,7899999999999987;39082;32;44472;19782;21871;24;21895;19814;2089;-8;2081;0,09504453071477506;0,09551460838553336;-0,3333333333333333;-0,0855303494788473;0;2
2016-02-03;18;2016-02-03 18:00:00;36,69;37,42;-0,730000000000004;39082;0;44472;20728;21449;0;21449;20728;721;0;721;0,03361462072823908;0,03361462072823908;;-0,019896429544835215;0;2
2016-02-03;19;2016-02-03 19:00:00;36,19;35,86;0,3299999999999983;39082;0;44472;21476;21221;0;21221;21476;-255;0;-255;-0,01201639885019556;-0,01201639885019556;;0,009118541033434603;0;2
2016-02-03;20;2016-02-03 20:00:00;30,13;27,7;2,43;39082;0;44472;22002;21220;0;21220;22002;-782;0;-782;-0,036852026390197926;-0,036852026390197926;;0,08065051443743777;0;2
2016-02-03;21;2016-02-03 21:00:00;23,75;26,27;-2,52;39082;0;44472;21936;21321;0;21321;21936;-615;0;-615;-0,028844800900520613;-0,028844800900520613;;-0,10610526315789474;0;2
2016-02-03;22;2016-02-03 22:00:00;22,41;26,6;-4,190000000000001;39082;0;44472;21385;21370;0;21370;21385;-15;0;-15;-0,0007019185774450163;-0,0007019185774450163;;-0,1869701026327533;0;2
2016-02-03;23;2016-02-03 23:00:00;17,13;22,48;-5,350000000000001;39082;0;44472;20732;21255;0;21255;20732;523;0;523;0,02460597506469066;0,02460597506469066;;-0,31231757151196743;0;2
2016-02-04;0;2016-02-04 00:00:00;18,04;24,19;-6,150000000000002;39084;0;44491;20226;19503;0;19503;20226;-723;0;-723;-0,03707121981233656;-0,03707121981233656;;-0,34090909090909105;0;3
2016-02-04;1;2016-02-04 01:00:00;16,38;22,06;-5,68;39084;0;44491;19654;19464;0;19464;19654;-190;0;-190;-0,009761611179613645;-0,009761611179613645;;-0,34676434676434675;0;3
2016-02-04;2;2016-02-04 02:00:00;15,99;17,55;-1,5600000000000005;39084;0;44491;19360;19427;0;19427;19360;67;0;67;0,0034488083594996655;0,0034488083594996655;;-0,09756097560975613;0;3
2016-02-04;3;2016-02-04 03:00:00;15,29;15,43;-0,14000000000000054;39084;0;44491;19754;19461;0;19461;19754;-293;0;-293;-0,01505575253070243;-0,01505575253070243;;-0,009156311314584732;0;3
2016-02-04;4;2016-02-04 04:00:00;13,93;12,94;0,9900000000000002;39084;0;44491;19653;19498;0;19498;19653;-155;0;-155;-0,007949533285465176;-0,007949533285465176;;0,07106963388370426;0;3
2016-02-04;5;2016-02-04 05:00:00;17,01;19,03;-2,02;39084;0;44491;19693;19308;0;19308;19693;-385;0;-385;-0,019939921276154963;-0,019939921276154963;;-0,11875367430922985;0;3
2016-02-04;6;2016-02-04 06:00:00;22,43;25,73;-3,3000000000000007;39084;0;44491;19853;18986;0;18986;19853;-867;0;-867;-0,04566522700937533;-0,04566522700937533;;-0,14712438698172095;0;3
2016-02-04;7;2016-02-04 07:00:00;31,96;32,19;-0,2299999999999969;39084;8;44491;19832;18445;24;18469;19840;-1387;16;-1371;-0,07423249769884671;-0,07519653022499323;0,6666666666666666;-0,007196495619524308;0;3
2016-02-04;8;2016-02-04 08:00:00;30,91;29,0;1,91;39084;305;44491;19152;17704;461;18165;19457;-1448;156;-1292;-0,07112579135700522;-0,08178942611839132;0,3383947939262473;0,061792300226463925;0;3
2016-02-04;9;2016-02-04 09:00:00;27,93;25,74;2,1900000000000013;39084;1250;44491;18534;17053;1550;18603;19784;-1481;300;-1181;-0,06348438423910122;-0,08684688911042045;0,1935483870967742;0,0784103114930183;0;3
2016-02-04;10;2016-02-04 10:00:00;29,19;26,0;3,1900000000000013;39084;2213;44491;17584;16729;2713;19442;19797;-855;500;-355;-0,01825943832938998;-0,05110885289019069;0,18429782528566163;0,10928400137033234;0;3
2016-02-04;11;2016-02-04 11:00:00;30,22;29,16;1,0599999999999987;39084;2832;44491;16815;16647;3552;20199;19647;-168;720;552;0,027328085548789544;-0,010091908451973329;0,20270270270270271;0,03507610853739242;0;3
2016-02-04;12;2016-02-04 12:00:00;27,97;30,49;-2,52;39084;3063;44491;16259;16200;3642;19842;19322;-59;579;520;0,026207035581090617;-0,0036419753086419752;0,15897858319604613;-0,0900965319985699;0;3
2016-02-04;13;2016-02-04 13:00:00;26,87;30,74;-3,869999999999997;39084;2594;44491;15398;15110;3088;18198;17992;-288;494;206;0,011319925266512803;-0,019060225016545335;0,15997409326424872;-0,14402679568291762;0;3
2016-02-04;14;2016-02-04 14:00:00;25,85;31,41;-5,559999999999999;39084;1706;44491;14263;13469;2161;15630;15969;-794;455;-339;-0,021689059500959694;-0,058950181899175884;0,2105506709856548;-0,21508704061895545;0;3
2016-02-04;15;2016-02-04 15:00:00;27,94;32,98;-5,039999999999996;39084;942;44491;13446;11858;1165;13023;14388;-1588;223;-1365;-0,10481455885740613;-0,13391803002192612;0,19141630901287554;-0,18038654259126682;0;3
2016-02-04;16;2016-02-04 16:00:00;27,81;33,24;-5,430000000000002;39084;269;44491;12863;10525;336;10861;13132;-2338;67;-2271;-0,20909676825338366;-0,22213776722090262;0,19940476190476192;-0,1952535059331177;0;3
2016-02-04;17;2016-02-04 17:00:00;35,0;36,76;-1,759999999999998;39084;12;44491;11540;9539;14;9553;11552;-2001;2;-1999;-0,2092536376007537;-0,20977041618618303;0,14285714285714285;-0,05028571428571423;0;3
2016-02-04;18;2016-02-04 18:00:00;42,18;41,29;0,8900000000000006;39084;0;44491;11197;8850;0;8850;11197;-2347;0;-2347;-0,26519774011299435;-0,26519774011299435;;0,021100047415836903;0;3
2016-02-04;19;2016-02-04 19:00:00;39,01;40,73;-1,7199999999999989;39084;0;44491;11275;8548;0;8548;11275;-2727;0;-2727;-0,3190219934487599;-0,3190219934487599;;-0,04409125865162776;0;3
2016-02-04;20;2016-02-04 20:00:00;32,04;31,83;0,21000000000000085;39084;0;44491;11196;8240;0;8240;11196;-2956;0;-2956;-0,3587378640776699;-0,3587378640776699;;0,006554307116104895;0;3
2016-02-04;21;2016-02-04 21:00:00;26,96;27,77;-0,8099999999999987;39084;0;44491;10463;7902;0;7902;10463;-2561;0;-2561;-0,324095165780815;-0,324095165780815;;-0,030044510385756628;0;3
2016-02-04;22;2016-02-04 22:00:00;27,83;27,68;0,14999999999999858;39084;0;44491;9538;7512;0;7512;9538;-2026;0;-2026;-0,2697018104366347;-0,2697018104366347;;0,00538986704994605;0;3
2016-02-04;23;2016-02-04 23:00:00;23,98;25,94;-1,9600000000000009;39084;0;44491;8908;7024;0;7024;8908;-1884;0;-1884;-0,26822323462414577;-0,26822323462414577;;-0,08173477898248543;0;3
2016-02-05;0;2016-02-05 00:00:00;24,61;23,53;1,0799999999999983;39085;0;44501;8179;7239;0;7239;8179;-940;0;-940;-0,12985218952894045;-0,12985218952894045;;0,0438845997561966;0;4
2016-02-05;1;2016-02-05 01:00:00;23,0;21,25;1,75;39085;0;44501;7862;6787;0;6787;7862;-1075;0;-1075;-0,1583910416973626;-0,1583910416973626;;0,07608695652173914;0;4
2016-02-05;2;2016-02-05 02:00:00;22,22;21,33;0,8900000000000006;39085;0;44501;7374;6606;0;6606;7374;-768;0;-768;-0,11625794732061762;-0,11625794732061762;;0,040054005400540084;0;4
2016-02-05;3;2016-02-05 03:00:00;20,1;20,6;-0,5;39085;0;44501;6951;6600;0;6600;6951;-351;0;-351;-0,053181818181818184;-0,053181818181818184;;-0,02487562189054726;0;4
2016-02-05;4;2016-02-05 04:00:00;21,18;21,62;-0,4400000000000013;39085;0;44501;6767;6810;0;6810;6767;43;0;43;0,00631424375917768;0,00631424375917768;;-0,02077431539187919;0;4
2016-02-05;5;2016-02-05 05:00:00;21,18;21,89;-0,7100000000000009;39085;0;44501;7232;7221;0;7221;7232;-11;0;-11;-0,0015233347181830771;-0,0015233347181830771;;-0,03352219074598682;0;4
2016-02-05;6;2016-02-05 06:00:00;25,97;24,56;1,41;39085;0;44501;8272;7746;0;7746;8272;-526;0;-526;-0,06790601600826233;-0,06790601600826233;;0,05429341547939931;0;4
2016-02-05;7;2016-02-05 07:00:00;33,92;29,87;4,050000000000002;39085;12;44501;9302;8370;22;8392;9314;-932;10;-922;-0,10986653956148713;-0,11135005973715652;0,45454545454545453;0,11939858490566042;0;4
2016-02-05;8;2016-02-05 08:00:00;37,48;29,92;7,559999999999995;39085;492;44501;10422;9002;420;9422;10914;-1420;-72;-1492;-0,15835279133941838;-0,15774272383914686;-0,17142857142857143;0,20170757737459968;0;4
2016-02-05;9;2016-02-05 09:00:00;35,25;26,45;8,8;39085;1666;44501;11042;9559;1286;10845;12708;-1483;-380;-1863;-0,17178423236514523;-0,15514175122920806;-0,2954898911353033;0,249645390070922;0;4
2016-02-05;10;2016-02-05 10:00:00;36,5;26,21;10,29;39085;2665;44501;11222;10024;2286;12310;13887;-1198;-379;-1577;-0,1281072298943948;-0,11951316839584997;-0,1657917760279965;0,28191780821917806;0;4
2016-02-05;11;2016-02-05 11:00:00;35,94;28,42;7,519999999999996;39085;3675;44501;12252;10453;2962;13415;15927;-1799;-713;-2512;-0,18725307491613866;-0,17210370228642494;-0,24071573261309925;0,2092376182526432;0;4
2016-02-05;12;2016-02-05 12:00:00;34,36;25,85;8,509999999999998;39085;4322;44501;13045;10878;3014;13892;17367;-2167;-1308;-3475;-0,2501439677512237;-0,19920941349512777;-0,43397478433974784;0,24767171129220017;0;4
2016-02-05;13;2016-02-05 13:00:00;31,95;24,17;7,779999999999998;39085;4336;44501;13329;11196;2662;13858;17665;-2133;-1674;-3807;-0,2747149660845721;-0,19051446945337622;-0,6288504883546205;0,24350547730829414;0;4
2016-02-05;14;2016-02-05 14:00:00;27,74;21,56;6,18;39085;3156;44501;12984;11404;2029;13433;16140;-1580;-1127;-2707;-0,20151864810541203;-0,13854787793756576;-0,5554460325283391;0,2227829848594088;0;4
2016-02-05;15;2016-02-05 15:00:00;25,33;23,39;1,9399999999999975;39085;1774;44501;12616;11619;1240;12859;14390;-997;-534;-1531;-0,11906058013842445;-0,08580772872019968;-0,4306451612903226;0,07658902487169356;0;4
2016-02-05;16;2016-02-05 16:00:00;24,78;24,69;0,08999999999999986;39085;549;44501;12451;12000;442;12442;13000;-451;-107;-558;-0,04484809516154959;-0,03758333333333334;-0,2420814479638009;0,0036319612590798972;0;4
2016-02-05;17;2016-02-05 17:00:00;29,96;26,7;3,2600000000000016;39085;14;44501;12845;12445;24;12469;12859;-400;10;-390;-0,0312775683695565;-0,03214142225793491;0,4166666666666667;0,10881174899866494;0;4
2016-02-05;18;2016-02-05 18:00:00;33,09;30,2;2,890000000000004;39085;0;44501;13391;12839;0;12839;13391;-552;0;-552;-0,042994002648181324;-0,042994002648181324;;0,08733756421879733;0;4
2016-02-05;19;2016-02-05 19:00:00;28,01;28,05;-0,03999999999999915;39085;0;44501;13561;13129;0;13129;13561;-432;0;-432;-0,03290425775001904;-0,03290425775001904;;-0,001428061406640455;0;4
2016-02-05;20;2016-02-05 20:00:00;25,7;27,59;-1,8900000000000008;39085;0;44501;13872;13159;0;13159;13872;-713;0;-713;-0,054183448590318414;-0,054183448590318414;;-0,07354085603112843;0;4
2016-02-05;21;2016-02-05 21:00:00;23,12;26,67;-3,5500000000000007;39085;0;44501;13364;13237;0;13237;13364;-127;0;-127;-0,009594318954445872;-0,009594318954445872;;-0,1535467128027682;0;4
2016-02-05;22;2016-02-05 22:00:00;24,55;30,14;-5,59;39085;0;44501;13223;13335;0;13335;13223;112;0;112;0,008398950131233596;0,008398950131233596;;-0,22769857433808552;0;4
2016-02-05;23;2016-02-05 23:00:00;22,71;30,34;-7,629999999999999;39085;0;44501;13151;13426;0;13426;13151;275;0;275;0,020482645612989722;0,020482645612989722;;-0,3359753412593571;0;4
2016-02-06;0;2016-02-06 00:00:00;18,18;26,41;-8,23;39085;0;44504;13477;13796;0;13796;13477;319;0;319;0,023122644244708612;0,023122644244708612;;-0,4526952695269527;0;5
2016-02-06;1;2016-02-06 01:00:00;15,55;19,36;-3,809999999999999;39085;0;44504;13499;14049;0;14049;13499;550;0;550;0,039148693857214034;0,039148693857214034;;-0,24501607717041793;0;5
2016-02-06;2;2016-02-06 02:00:00;16,01;19,5;-3,4899999999999984;39085;0;44504;13761;14684;0;14684;13761;923;0;923;0,06285753200762735;0,06285753200762735;;-0,2179887570268581;0;5
2016-02-06;3;2016-02-06 03:00:00;14,33;13,86;0,4700000000000006;39085;0;44504;14254;15375;0;15375;14254;1121;0;1121;0,07291056910569106;0,07291056910569106;;0,032798325191905134;0;5
2016-02-06;4;2016-02-06 04:00:00;13,78;14,0;-0,22000000000000064;39085;0;44504;14770;15900;0;15900;14770;1130;0;1130;0,0710691823899371;0,0710691823899371;;-0,015965166908563182;0;5
2016-02-06;5;2016-02-06 05:00:00;13,98;14,14;-0,16000000000000014;39085;0;44504;15485;16352;0;16352;15485;867;0;867;0,053021037181996085;0,053021037181996085;;-0,011444921316165962;0;5
2016-02-06;6;2016-02-06 06:00:00;15,05;13,94;1,1100000000000012;39085;0;44504;15883;16612;0;16612;15883;729;0;729;0,043883939320972794;0,043883939320972794;;0,07375415282392034;0;5
2016-02-06;7;2016-02-06 07:00:00;16,08;18,69;-2,610000000000003;39085;38;44504;16409;16879;64;16943;16447;470;26;496;0,029274626689488284;0,027845251495941702;0,40625;-0,1623134328358211;0;5
2016-02-06;8;2016-02-06 08:00:00;18,02;27,09;-9,07;39085;1435;44504;17033;17270;1374;18644;18468;237;-61;176;0,009440034327397553;0,013723219455703532;-0,04439592430858806;-0,5033296337402886;0;5
2016-02-06;9;2016-02-06 09:00:00;19,34;24,82;-5,48;39085;4259;44504;16979;17456;4486;21942;21238;477;227;704;0,03208458663749886;0,027325847846012833;0,05060187249219795;-0,2833505687693899;0;5
2016-02-06;10;2016-02-06 10:00:00;17,1;24,65;-7,549999999999998;39085;7286;44504;16278;17460;7896;25356;23564;1182;610;1792;0,070673607824578;0,06769759450171821;0,07725430597771023;-0,44152046783625715;0;5
2016-02-06;11;2016-02-06 11:00:00;16,5;22,21;-5,710000000000001;39085;9476;44504;16069;17140;10570;27710;25545;1071;1094;2165;0,07813063875857092;0,06248541423570595;0,10350047303689688;-0,3460606060606061;0;5
2016-02-06;12;2016-02-06 12:00:00;16,09;17,3;-1,2100000000000009;39085;10496;44504;16216;16570;11807;28377;26712;354;1311;1665;0,05867427846495401;0,02136391068195534;0,11103582620479377;-0,07520198881292733;0;5
2016-02-06;13;2016-02-06 13:00:00;15,11;15,04;0,07000000000000027;39085;10621;44504;15993;16215;11583;27798;26614;222;962;1184;0,04259299230160443;0,013691026827012025;0,08305274971941638;0,004632693580410342;0;5
2016-02-06;14;2016-02-06 14:00:00;13,99;10,0;3,99;39085;9100;44504;16076;16254;9624;25878;25176;178;524;702;0,0271272895896128;0,010951150486034207;0,054447215295095594;0,2852037169406719;0;5
2016-02-06;15;2016-02-06 15:00:00;15,29;12,9;2,3899999999999992;39085;5734;44504;15751;16480;6175;22655;21485;729;441;1170;0,05164422864709777;0,04423543689320388;0,07141700404858299;0,15631131458469583;0;5
2016-02-06;16;2016-02-06 16:00:00;17,01;16,3;0,7100000000000009;39085;1720;44504;15499;16844;2140;18984;17219;1345;420;1765;0,09297302991993257;0,07985039183091902;0,19626168224299065;0,041740152851264006;0;5
2016-02-06;17;2016-02-06 17:00:00;19,97;28,35;-8,380000000000003;39085;60;44504;16906;17595;91;17686;16966;689;31;720;0,04071016623317879;0,03915885194657573;0,34065934065934067;-0,41962944416624953;0;5
2016-02-06;18;2016-02-06 18:00:00;23,15;26,67;-3,520000000000003;39085;0;44504;18713;18518;0;18518;18713;-195;0;-195;-0,010530294848255751;-0,010530294848255751;;-0,1520518358531319;0;5
2016-02-06;19;2016-02-06 19:00:00;21,02;23,04;-2,02;39085;0;44504;19909;19454;0;19454;19909;-455;0;-455;-0,023388506219800556;-0,023388506219800556;;-0,0960989533777355;0;5
2016-02-06;20;2016-02-06 20:00:00;16,07;13,78;2,290000000000001;39085;0;44504;20982;20221;0;20221;20982;-761;0;-761;-0,03763414272291182;-0,03763414272291182;;0,14250155569383952;0;5
2016-02-06;21;2016-02-06 21:00:00;12,71;6,35;6,360000000000001;39085;0;44504;21360;20750;0;20750;21360;-610;0;-610;-0,029397590361445784;-0,029397590361445784;;0,5003933910306846;0;5
2016-02-06;22;2016-02-06 22:00:00;15,04;16,21;-1,1700000000000017;39085;0;44504;21124;21035;0;21035;21124;-89;0;-89;-0,004231043498930354;-0,004231043498930354;;-0,07779255319148948;0;5
2016-02-06;23;2016-02-06 23:00:00;11,74;14,55;-2,8100000000000005;39085;0;44504;21370;21148;0;21148;21370;-222;0;-222;-0,010497446567051257;-0,010497446567051257;;-0,23935264054514485;0;5
2016-02-07;0;2016-02-07 00:00:00;5,01;5,97;-0,96;39085;0;44507;21808;21588;0;21588;21808;-220;0;-220;-0,010190846766722253;-0,010190846766722253;;-0,19161676646706588;0;6
2016-02-07;1;2016-02-07 01:00:00;5,98;4,43;1,5500000000000007;39085;0;44507;21905;21794;0;21794;21905;-111;0;-111;-0,005093144902266679;-0,005093144902266679;;0,2591973244147158;0;6
2016-02-07;2;2016-02-07 02:00:00;5,62;5,44;0,17999999999999972;39085;0;44507;21959;21909;0;21909;21959;-50;0;-50;-0,002282167145921767;-0,002282167145921767;;0,032028469750889625;0;6
2016-02-07;3;2016-02-07 03:00:00;3,05;3,12;-0,07000000000000027;39085;0;44507;22072;22049;0;22049;22072;-23;0;-23;-0,0010431312077645244;-0,0010431312077645244;;-0,022950819672131237;0;6
2016-02-07;4;2016-02-07 04:00:00;0,93;4,14;-3,2099999999999995;39085;0;44507;22223;22229;0;22229;22223;6;0;6;0,00026991767510909173;0,00026991767510909173;;-3,4516129032258056;0;6
2016-02-07;5;2016-02-07 05:00:00;0,08;2,46;-2,38;39085;0;44507;22516;22272;0;22272;22516;-244;0;-244;-0,010955459770114943;-0,010955459770114943;;-29,749999999999996;0;6
2016-02-07;6;2016-02-07 06:00:00;-0,92;1,59;-2,51;39085;0;44507;22919;22229;0;22229;22919;-690;0;-690;-0,03104053263754555;-0,03104053263754555;;2,728260869565217;0;6
2016-02-07;7;2016-02-07 07:00:00;1,13;2,77;-1,64;39085;35;44507;23406;22159;70;22229;23441;-1247;35;-1212;-0,05452337037203653;-0,056275102667087865;0,5;-1,4513274336283186;0;6
2016-02-07;8;2016-02-07 08:00:00;5,74;-2,15;7,8900000000000015;39085;1232;44507;22946;21744;1263;23007;24178;-1202;31;-1171;-0,050897552918676925;-0,05527961736571008;0,02454473475851148;1,3745644599303137;0;6
2016-02-07;9;2016-02-07 09:00:00;8,01;-2,71;10,72;39085;3475;44507;21465;20896;3558;24454;24940;-569;83;-486;-0,019874049235298927;-0,02723009188361409;0,02332771219786397;1,33832709113608;0;6
2016-02-07;10;2016-02-07 10:00:00;12,92;4,48;8,44;39085;5508;44507;19390;19842;5769;25611;24898;452;261;713;0,02783960017180118;0,022779961697409534;0,0452418096723869;0,653250773993808;0;6
2016-02-07;11;2016-02-07 11:00:00;13,79;6,94;6,849999999999999;39085;6566;44507;18259;18860;7374;26234;24825;601;808;1409;0,05370892734619197;0,031866383881230115;0,10957417954976946;0,4967367657722987;0;6
2016-02-07;12;2016-02-07 12:00:00;13,84;14,94;-1,0999999999999996;39085;6976;44507;17959;18190;7828;26018;24935;231;852;1083;0,04162502882619725;0,012699285321605278;0,10884006131834441;-0,07947976878612714;0;6
2016-02-07;13;2016-02-07 13:00:00;12,19;8,71;3,479999999999998;39085;6331;44507;18453;18013;7121;25134;24784;-440;790;350;0,013925360070024668;-0,02442680286459779;0,11093947479286617;0,2854799015586545;0;6
2016-02-07;14;2016-02-07 14:00:00;11,76;6,88;4,88;39085;4471;44507;19231;18214;5499;23713;23702;-1017;1028;11;0,0004638805718382322;-0,05583616997913693;0,18694308056010184;0,41496598639455784;0;6
2016-02-07;15;2016-02-07 15:00:00;10,01;5,1;4,91;39085;2567;44507;19668;18487;3335;21822;22235;-1181;768;-413;-0,0189258546421043;-0,06388272840374318;0,2302848575712144;0,49050949050949055;0;6
2016-02-07;16;2016-02-07 16:00:00;13,32;2,85;10,47;39085;860;44507;19890;18829;1123;19952;20750;-1061;263;-798;-0,03999599037690457;-0,05634924849965479;0,2341941228851291;0,7860360360360361;0;6
2016-02-07;17;2016-02-07 17:00:00;16,64;10,87;5,770000000000001;39085;53;44507;20242;19285;75;19360;20295;-957;22;-935;-0,048295454545454544;-0,04962406015037594;0,29333333333333333;0,34675480769230776;0;6
2016-02-07;18;2016-02-07 18:00:00;22,17;12,47;9,7;39085;0;44507;21006;20123;0;20123;21006;-883;0;-883;-0,0438801371564876;-0,0438801371564876;;0,4375281912494361;0;6
2016-02-07;19;2016-02-07 19:00:00;17,28;11,62;5,660000000000003;39085;0;44507;22314;21201;0;21201;22314;-1113;0;-1113;-0,052497523701712186;-0,052497523701712186;;0,32754629629629645;0;6
2016-02-07;20;2016-02-07 20:00:00;17,88;9,77;8,11;39085;0;44507;22808;22309;0;22309;22808;-499;0;-499;-0,022367654309919764;-0,022367654309919764;;0,45357941834451904;0;6
2016-02-07;21;2016-02-07 21:00:00;13,79;8,68;5,1099999999999985;39085;0;44507;23425;23373;0;23373;23425;-52;0;-52;-0,002224789286783896;-0,002224789286783896;;0,37055837563451766;0;6
2016-02-07;22;2016-02-07 22:00:00;15,04;10,42;4,619999999999999;39085;0;44507;23082;24359;0;24359;23082;1277;0;1277;0,052424155342994376;0,052424155342994376;;0,30718085106382975;0;6
2016-02-07;23;2016-02-07 23:00:00;9,29;7,2;2,089999999999999;39085;0;44507;23779;25198;0;25198;23779;1419;0;1419;0,05631399317406143;0,05631399317406143;;0,2249730893433799;0;6
2016-02-08;0;2016-02-08 00:00:00;10,02;6,51;3,51;39086;0;44512;25050;24830;0;24830;25050;-220;0;-220;-0,008860249697946033;-0,008860249697946033;;0,3502994011976048;0;0
2016-02-08;1;2016-02-08 01:00:00;7,99;-1,16;9,15;39086;0;44512;26199;25889;0;25889;26199;-310;0;-310;-0,011974197535632895;-0,011974197535632895;;1,1451814768460575;0;0
2016-02-08;2;2016-02-08 02:00:00;5,24;-15,24;20,48;39086;0;44512;27201;27085;0;27085;27201;-116;0;-116;-0,004282813365331364;-0,004282813365331364;;3,9083969465648853;0;0
2016-02-08;3;2016-02-08 03:00:00;1,16;-26,51;27,67;39086;0;44512;28770;28240;0;28240;28770;-530;0;-530;-0,018767705382436262;-0,018767705382436262;;23,85344827586207;0;0
2016-02-08;4;2016-02-08 04:00:00;1,4;-24,12;25,52;39086;0;44512;29938;29351;0;29351;29938;-587;0;-587;-0,019999318592211508;-0,019999318592211508;;18,228571428571428;0;0
2016-02-08;5;2016-02-08 05:00:00;7,32;-21,61;28,93;39086;0;44512;30778;30314;0;30314;30778;-464;0;-464;-0,015306459061819622;-0,015306459061819622;;3,952185792349727;0;0
2016-02-08;6;2016-02-08 06:00:00;12,32;-2,78;15,1;39086;0;44512;32157;31264;0;31264;32157;-893;0;-893;-0,028563203684749232;-0,028563203684749232;;1,2256493506493507;0;0
2016-02-08;7;2016-02-08 07:00:00;16,17;4,43;11,740000000000002;39086;32;44512;32838;32258;62;32320;32870;-580;30;-550;-0,01701732673267327;-0,01798003596007192;0,4838709677419355;0,7260358688930117;0;0
2016-02-08;8;2016-02-08 08:00:00;16,55;3,17;13,38;39086;1098;44512;32551;32635;987;33622;33649;84;-111;-27;-0,0008030456248884659;0,0025739237015474183;-0,11246200607902736;0,8084592145015106;0;0
2016-02-08;9;2016-02-08 09:00:00;16,41;8,17;8,24;39086;2620;44512;31979;32799;2606;35405;34599;820;-14;806;0,02276514616579579;0,025000762218360315;-0,005372217958557176;0,502132845825716;0;0
2016-02-08;10;2016-02-08 10:00:00;16,56;10,81;5,749999999999997;39086;3783;44512;31654;32649;4106;36755;35437;995;323;1318;0,03585906679363352;0,030475665410885477;0,0786653677545056;0,3472222222222221;0;0
2016-02-08;11;2016-02-08 11:00:00;16,61;11,35;5,26;39086;5109;44512;31185;32458;5265;37723;36294;1273;156;1429;0,03788139861622883;0,03921991496703432;0,02962962962962963;0,316676700782661;0;0
2016-02-08;12;2016-02-08 12:00:00;16,35;8,89;7,460000000000001;39086;6139;44512;31443;32488;5752;38240;37582;1045;-387;658;0,017207112970711296;0,03216572272839202;-0,06728094575799722;0,4562691131498471;0;0
2016-02-08;13;2016-02-08 13:00:00;16,1;7,39;8,71;39086;5999;44512;31182;32518;5407;37925;37181;1336;-592;744;0,019617666446934738;0,041084937573036474;-0,10948770112816719;0,5409937888198758;0;0
2016-02-08;14;2016-02-08 14:00:00;16,15;6,75;9,4;39086;4418;44512;31595;32289;4196;36485;36013;694;-222;472;0,012936823352062492;0,021493387841060422;-0,05290753098188751;0,5820433436532508;0;0
2016-02-08;15;2016-02-08 15:00:00;16,35;9,39;6,960000000000001;39086;2297;44512;30876;31998;2537;34535;33173;1122;240;1362;0,03943825104965976;0,03506469154322145;0,09459992116673237;0,42568807339449544;0;0
2016-02-08;16;2016-02-08 16:00:00;15,94;10,41;5,5299999999999985;39086;739;44512;30703;31766;980;32746;31442;1063;241;1304;0,03982165760703597;0,03346345148901341;0,24591836734693878;0,34692597239648676;0;0
2016-02-08;17;2016-02-08 17:00:00;20,88;14,06;6,819999999999999;39086;46;44512;31031;31826;81;31907;31077;795;35;830;0,026013100573541857;0,024979576446930184;0,43209876543209874;0,32662835249042144;0;0
2016-02-08;18;2016-02-08 18:00:00;27,26;16,62;10,64;39086;0;44512;31456;32054;0;32054;31456;598;0;598;0,018656017969676173;0,018656017969676173;;0,3903154805575935;0;0
2016-02-08;19;2016-02-08 19:00:00;21,02;11,77;9,25;39086;0;44512;32301;32412;0;32412;32301;111;0;111;0,003424657534246575;0,003424657534246575;;0,4400570884871551;0;0
2016-02-08;20;2016-02-08 20:00:00;15,24;4,35;10,89;39086;0;44512;32560;32917;0;32917;32560;357;0;357;0,010845459792812224;0,010845459792812224;;0,7145669291338583;0;0
2016-02-08;21;2016-02-08 21:00:00;12,52;3,77;8,75;39086;0;44512;33626;33372;0;33372;33626;-254;0;-254;-0,007611171041591753;-0,007611171041591753;;0,6988817891373802;0;0
2016-02-08;22;2016-02-08 22:00:00;12,11;1,84;10,27;39086;0;44512;33461;33619;0;33619;33461;158;0;158;0,00469972337071299;0,00469972337071299;;0,8480594549958712;0;0
2016-02-08;23;2016-02-08 23:00:00;9,72;-10,45;20,17;39086;0;44512;33258;33635;0;33635;33258;377;0;377;0,011208562509290917;0,011208562509290917;;2,075102880658436;0;0
2016-02-09;0;2016-02-09 00:00:00;-19,94;-13,66;-6,280000000000001;39087;0;44522;32914;33954;0;33954;32914;1040;0;1040;0,030629675443246747;0,030629675443246747;;0,3149448345035106;0;1
2016-02-09;1;2016-02-09 01:00:00;-12,34;-8,58;-3,76;39087;0;44522;33110;33794;0;33794;33110;684;0;684;0,020240279339527725;0,020240279339527725;;0,3047001620745543;0;1
2016-02-09;2;2016-02-09 02:00:00;-19,95;-9,78;-10,17;39087;0;44522;32852;33468;0;33468;32852;616;0;616;0,018405641209513567;0,018405641209513567;;0,5097744360902255;0;1
2016-02-09;3;2016-02-09 03:00:00;-19,3;-9,78;-9,52;39087;0;44522;32503;32972;0;32972;32503;469;0;469;0,014224190222006551;0,014224190222006551;;0,4932642487046632;0;1
2016-02-09;4;2016-02-09 04:00:00;-5,52;-6,11;0,5900000000000007;39087;0;44522;31980;32326;0;32326;31980;346;0;346;0,010703458516364537;0,010703458516364537;;-0,10688405797101463;0;1
2016-02-09;5;2016-02-09 05:00:00;2,79;1,31;1,48;39087;0;44522;31616;31504;0;31504;31616;-112;0;-112;-0,0035551041137633316;-0,0035551041137633316;;0,5304659498207885;0;1
2016-02-09;6;2016-02-09 06:00:00;16,98;21,62;-4,6400000000000015;39087;0;44522;31238;30545;0;30545;31238;-693;0;-693;-0,0226878376166312;-0,0226878376166312;;-0,2732626619552415;0;1
2016-02-09;7;2016-02-09 07:00:00;19,75;26,8;-7,050000000000002;39087;40;44522;29166;29131;62;29193;29206;-35;22;-13;-0,0004453122323844757;-0,0012014692252239883;0,3548387096774194;-0,35696202531645577;0;1
2016-02-09;8;2016-02-09 08:00:00;23,43;31,26;-7,830000000000003;39087;1013;44522;26749;27520;1017;28537;27762;771;4;775;0,02715772505869573;0,02801598837209302;0,003933136676499509;-0,33418693982074277;0;1
2016-02-09;9;2016-02-09 09:00:00;20,99;31,72;-10,73;39087;2827;44522;24804;26139;2799;28938;27631;1335;-28;1307;0,04516552629760177;0,05107310914725123;-0,010003572704537335;-0,511195807527394;0;1
2016-02-09;10;2016-02-09 10:00:00;23,9;30,24;-6,34;39087;4476;44522;23088;24948;4223;29171;27564;1860;-253;1607;0,0550889582119228;0,07455507455507455;-0,05991001657589391;-0,26527196652719665;0;1
2016-02-09;11;2016-02-09 11:00:00;24,93;29,49;-4,559999999999999;39087;4520;44522;21694;23817;4917;28734;26214;2123;397;2520;0,08770098141574441;0,0891380106646513;0,08074028879398007;-0,18291215403128755;0;1
2016-02-09;12;2016-02-09 12:00:00;27,03;34,24;-7,210000000000001;39087;3896;44522;19287;22470;4535;27005;23183;3183;639;3822;0,14152934641733012;0,1416555407209613;0,14090407938257993;-0,266740658527562;0;1
2016-02-09;13;2016-02-09 13:00:00;28,69;37,46;-8,77;39087;3051;44522;17667;20315;3705;24020;20718;2648;654;3302;0,13746877601998334;0,13034703421117402;0,17651821862348177;-0,3056814220982921;0;1
2016-02-09;14;2016-02-09 14:00:00;27,44;35,65;-8,209999999999997;39087;1811;44522;17512;17939;2719;20658;19323;427;908;1335;0,06462387452802788;0,02380288756340933;0,33394630378815743;-0,29919825072886286;0;1
2016-02-09;15;2016-02-09 15:00:00;26,97;33,33;-6,3599999999999985;39087;974;44522;18343;16457;1587;18044;19317;-1886;613;-1273;-0,0705497672356462;-0,11460168925077474;0,38626339004410837;-0,235817575083426;0;1
2016-02-09;16;2016-02-09 16:00:00;27,24;26,34;0,8999999999999986;39087;339;44522;19866;16207;551;16758;20205;-3659;212;-3447;-0,20569280343716434;-0,2257666440426976;0,38475499092558985;0,03303964757709246;0;1
2016-02-09;17;2016-02-09 17:00:00;31,01;25,56;5,450000000000002;39087;24;44522;21646;16757;52;16809;21670;-4889;28;-4861;-0,28919031471235646;-0,2917586680193352;0,5384615384615384;0,1757497581425347;0;1
2016-02-09;18;2016-02-09 18:00:00;39,98;29,89;10,089999999999996;39087;0;44522;23182;17512;0;17512;23182;-5670;0;-5670;-0,3237779808131567;-0,3237779808131567;;0,25237618809404694;0;1
2016-02-09;19;2016-02-09 19:00:00;34,06;26,6;7,460000000000001;39087;0;44522;25269;18276;0;18276;25269;-6993;0;-6993;-0,38263296126066976;-0,38263296126066976;;0,2190252495596007;0;1
2016-02-09;20;2016-02-09 20:00:00;28,77;19,88;8,89;39087;0;44522;27403;18879;0;18879;27403;-8524;0;-8524;-0,4515069654113036;-0,4515069654113036;;0,30900243309002434;0;1
2016-02-09;21;2016-02-09 21:00:00;23,97;14,63;9,339999999999998;39087;0;44522;27126;19779;0;19779;27126;-7347;0;-7347;-0,37145457303200363;-0,37145457303200363;;0,38965373383395907;0;1
2016-02-09;22;2016-02-09 22:00:00;20,78;11,01;9,77;39087;0;44522;26534;20394;0;20394;26534;-6140;0;-6140;-0,30106894184564087;-0,30106894184564087;;0,47016361886429253;0;1
2016-02-09;23;2016-02-09 23:00:00;15,99;7,15;8,84;39087;0;44522;26272;20586;0;20586;26272;-5686;0;-5686;-0,27620713105994366;-0,27620713105994366;;0,5528455284552846;0;1
2016-02-10;0;2016-02-10 00:00:00;13,08;3,61;9,47;39090;0;44535;25460;21159;0;21159;25460;-4301;0;-4301;-0,2032704759204121;-0,2032704759204121;;0,7240061162079511;0;2
2016-02-10;1;2016-02-10 01:00:00;13,68;8,83;4,85;39090;0;44535;24426;20655;0;20655;24426;-3771;0;-3771;-0,18257080610021786;-0,18257080610021786;;0,35453216374269003;0;2
2016-02-10;2;2016-02-10 02:00:00;13,06;10,84;2,2200000000000006;39090;0;44535;22916;19598;0;19598;22916;-3318;0;-3318;-0,16930299010103073;-0,16930299010103073;;0,16998468606431857;0;2
2016-02-10;3;2016-02-10 03:00:00;13,41;13,4;0,009999999999999787;39090;0;44535;21844;18314;0;18314;21844;-3530;0;-3530;-0,1927487168286557;-0,1927487168286557;;0,0007457121551081124;0;2
2016-02-10;4;2016-02-10 04:00:00;14,3;10,45;3,8500000000000014;39090;0;44535;19613;17135;0;17135;19613;-2478;0;-2478;-0,14461628246279545;-0,14461628246279545;;0,26923076923076933;0;2
2016-02-10;5;2016-02-10 05:00:00;16,2;13,83;2,369999999999999;39090;0;44535;18176;16169;0;16169;18176;-2007;0;-2007;-0,12412641474426371;-0,12412641474426371;;0,14629629629629626;0;2
2016-02-10;6;2016-02-10 06:00:00;22,8;19,81;2,990000000000002;39090;0;44535;17942;15416;0;15416;17942;-2526;0;-2526;-0,16385573430202388;-0,16385573430202388;;0,13114035087719306;0;2
2016-02-10;7;2016-02-10 07:00:00;30,59;29,72;0,870000000000001;39090;33;44535;17458;14997;62;15059;17491;-2461;29;-2432;-0,16149810744405338;-0,16409948656397946;0,46774193548387094;0,028440666884602846;0;2
2016-02-10;8;2016-02-10 08:00:00;32,05;29,79;2,259999999999998;39090;759;44535;16715;14781;1034;15815;17474;-1934;275;-1659;-0,10490041100221309;-0,13084365063256884;0,26595744680851063;0,07051482059282366;0;2
2016-02-10;9;2016-02-10 09:00:00;32,42;29,03;3,390000000000001;39090;2196;44535;16135;14789;2857;17646;18331;-1346;661;-685;-0,038818995806415055;-0,09101359118263574;0,2313615680784039;0,10456508328192476;0;2
2016-02-10;10;2016-02-10 10:00:00;30,94;29,8;1,1400000000000006;39090;4215;44535;15844;14764;4685;19449;20059;-1080;470;-610;-0,03136408041544552;-0,07315090761311298;0,10032017075773746;0,03684550743374274;0;2
2016-02-10;11;2016-02-10 11:00:00;29,98;30,05;-0,07000000000000027;39090;5438;44535;16206;14585;5966;20551;21644;-1621;528;-1093;-0,05318475986569997;-0,11114158381899211;0,08850150854844116;-0,002334889926617754;0;2
2016-02-10;12;2016-02-10 12:00:00;25,97;27,37;-1,400000000000002;39090;5352;44535;15931;14172;6287;20459;21283;-1759;935;-824;-0,040275673297815145;-0,12411797911374542;0,14871958008589153;-0,05390835579514833;0;2
2016-02-10;13;2016-02-10 13:00:00;27,74;29,12;-1,3800000000000026;39090;4529;44535;15596;13546;5759;19305;20125;-2050;1230;-820;-0,042476042476042475;-0,15133618780451794;0,21357874631012327;-0,049747656813266136;0;2
2016-02-10;14;2016-02-10 14:00:00;27,44;29,49;-2,0499999999999967;39090;3327;44535;15193;12574;4558;17132;18520;-2619;1231;-1388;-0,08101797805276675;-0,20828694130745984;0,27007459412022816;-0,0747084548104955;0;2
2016-02-10;15;2016-02-10 15:00:00;27,77;27,45;0,3200000000000003;39090;2012;44535;14222;11716;2841;14557;16234;-2506;829;-1677;-0,11520230816789173;-0,21389552748378285;0,29179866244280184;0,011523226503420969;0;2
2016-02-10;16;2016-02-10 16:00:00;28,68;27,49;1,1900000000000013;39090;724;44535;13315;11253;1002;12255;14039;-2062;278;-1784;-0,14557323541411668;-0,18324002488225363;0,2774451097804391;0,04149232914923296;0;2
2016-02-10;17;2016-02-10 17:00:00;32,1;33,15;-1,0499999999999972;39090;56;44535;13246;11240;86;11326;13302;-2006;30;-1976;-0,17446583083171463;-0,17846975088967973;0,3488372093023256;-0,03271028037383169;0;2
2016-02-10;18;2016-02-10 18:00:00;36,59;39,91;-3,3199999999999936;39090;0;44535;13896;11521;0;11521;13896;-2375;0;-2375;-0,20614529988716257;-0,20614529988716257;;-0,09073517354468416;0;2
2016-02-10;19;2016-02-10 19:00:00;29,44;34,9;-5,459999999999997;39090;0;44535;14630;12051;0;12051;14630;-2579;0;-2579;-0,21400713633723342;-0,21400713633723342;;-0,18546195652173902;0;2
2016-02-10;20;2016-02-10 20:00:00;23,18;26,09;-2,91;39090;0;44535;15377;12787;0;12787;15377;-2590;0;-2590;-0,20254946429967935;-0,20254946429967935;;-0,12553925798101812;0;2
2016-02-10;21;2016-02-10 21:00:00;21,66;25,08;-3,419999999999998;39090;0;44535;15338;13393;0;13393;15338;-1945;0;-1945;-0,14522511759874562;-0,14522511759874562;;-0,15789473684210517;0;2
2016-02-10;22;2016-02-10 22:00:00;21,94;25,94;-4,0;39090;0;44535;15853;13937;0;13937;15853;-1916;0;-1916;-0,13747578388462367;-0,13747578388462367;;-0,18231540565177756;0;2
2016-02-10;23;2016-02-10 23:00:00;18,88;21,93;-3,0500000000000007;39090;0;44535;16401;14522;0;14522;16401;-1879;0;-1879;-0,1293898911995593;-0,1293898911995593;;-0,16154661016949157;0;2
2016-02-11;0;2016-02-11 00:00:00;17,72;20,14;-2,4200000000000017;39092;0;44555;16586;14308;0;14308;16586;-2278;0;-2278;-0,15921162985742243;-0,15921162985742243;;-0,13656884875846512;0;3
2016-02-11;1;2016-02-11 01:00:00;17,46;16,55;0,91;39092;0;44555;16893;14974;0;14974;16893;-1919;0;-1919;-0,12815546948043274;-0,12815546948043274;;0,05211912943871707;0;3
2016-02-11;2;2016-02-11 02:00:00;16,91;17,09;-0,17999999999999972;39092;0;44555;17480;15464;0;15464;17480;-2016;0;-2016;-0,13036730470770821;-0,13036730470770821;;-0,01064458900059135;0;3
2016-02-11;3;2016-02-11 03:00:00;16,97;15,01;1,959999999999999;39092;0;44555;17638;15864;0;15864;17638;-1774;0;-1774;-0,11182551689359556;-0,11182551689359556;;0,11549793753682966;0;3
2016-02-11;4;2016-02-11 04:00:00;17,66;14,93;2,7300000000000004;39092;0;44555;17766;16217;0;16217;17766;-1549;0;-1549;-0,09551705000924955;-0,09551705000924955;;0,15458663646659118;0;3
2016-02-11;5;2016-02-11 05:00:00;18,55;17,46;1,09;39092;0;44555;17167;16209;0;16209;17167;-958;0;-958;-0,05910296748719847;-0,05910296748719847;;0,05876010781671159;0;3
2016-02-11;6;2016-02-11 06:00:00;20,84;23,7;-2,8599999999999994;39092;0;44555;17270;15989;0;15989;17270;-1281;0;-1281;-0,08011758083682531;-0,08011758083682531;;-0,13723608445297503;0;3
2016-02-11;7;2016-02-11 07:00:00;30,82;33,44;-2,619999999999997;39092;32;44555;16751;15756;75;15831;16783;-995;43;-952;-0,0601351778156781;-0,06315054582381315;0,5733333333333334;-0,08500973393900055;0;3
2016-02-11;8;2016-02-11 08:00:00;25,34;31,88;-6,539999999999999;39092;899;44555;15368;15852;1189;17041;16267;484;290;774;0,04541986972595505;0,030532424930608124;0,24390243902439024;-0,25808997632202046;0;3
2016-02-11;9;2016-02-11 09:00:00;22,84;31,34;-8,5;39092;3072;44555;14823;16158;3434;19592;17895;1335;362;1697;0,0866169865251123;0,08262161158559228;0,10541642399534071;-0,37215411558669004;0;3
2016-02-11;10;2016-02-11 10:00:00;21,12;31,12;-10,0;39092;5480;44555;15138;16269;5762;22031;20618;1131;282;1413;0,06413689800735327;0,06951871657754011;0,048941339812565085;-0,47348484848484845;0;3
2016-02-11;11;2016-02-11 11:00:00;24,74;30,72;-5,98;39092;7117;44555;15534;16202;7647;23849;22651;668;530;1198;0,05023271415992285;0,0412294778422417;0,06930822544788806;-0,2417138237671787;0;3
2016-02-11;12;2016-02-11 12:00:00;23,72;29,02;-5,300000000000002;39092;7675;44555;16317;15936;8547;24483;23992;-381;872;491;0,020054731854756362;-0,02390813253012048;0,10202410202410202;-0,22344013490725134;0;3
2016-02-11;13;2016-02-11 13:00:00;23,01;26,1;-3,09;39092;7497;44555;15929;15465;8307;23772;23426;-464;810;346;0,014554938583207135;-0,03000323310701584;0,09750812567713976;-0,1342894393741851;0;3
2016-02-11;14;2016-02-11 14:00:00;21,03;24,16;-3,129999999999999;39092;6380;44555;14798;14402;6909;21311;21178;-396;529;133;0,006240908451034677;-0,027496181085960282;0,07656679693153857;-0,14883499762244407;0;3
2016-02-11;15;2016-02-11 15:00:00;30,0;22,51;7,4899999999999975;39092;4250;44555;13115;12937;4689;17626;17365;-178;439;261;0,014807670486780892;-0,01375898585452578;0,09362337385370015;0,2496666666666666;0;3
2016-02-11;16;2016-02-11 16:00:00;31,58;24,66;6,919999999999997;39092;1562;44555;10306;11498;1906;13404;11868;1192;344;1536;0,11459265890778872;0,10367020351365455;0,18048268625393493;0,21912602913236218;0;3
2016-02-11;17;2016-02-11 17:00:00;36,0;27,56;8,440000000000001;39092;82;44555;9109;10508;162;10670;9191;1399;80;1479;0,13861293345829429;0,13313665778454511;0,49382716049382713;0,23444444444444448;0;3
2016-02-11;18;2016-02-11 18:00:00;41,02;40,57;0,4500000000000029;39092;0;44555;9056;9920;0;9920;9056;864;0;864;0,08709677419354839;0,08709677419354839;;0,010970258410531519;0;3
2016-02-11;19;2016-02-11 19:00:00;41,34;38,09;3,25;39092;0;44555;8845;9453;0;9453;8845;608;0;608;0,06431820586057337;0,06431820586057337;;0,07861635220125786;0;3
2016-02-11;20;2016-02-11 20:00:00;32,98;32,21;0,769999999999996;39092;0;44555;8740;9324;0;9324;8740;584;0;584;0,06263406263406264;0,06263406263406264;;0,02334748332322608;0;3
2016-02-11;21;2016-02-11 21:00:00;29,96;25,74;4,2200000000000015;39092;0;44555;8842;9179;0;9179;8842;337;0;337;0,036714239023858806;0,036714239023858806;;0,14085447263017362;0;3
2016-02-11;22;2016-02-11 22:00:00;29,46;25,51;3,9499999999999993;39092;0;44555;8605;8868;0;8868;8605;263;0;263;0,029657194406856113;0,029657194406856113;;0,13408010862186012;0;3
2016-02-11;23;2016-02-11 23:00:00;26,1;24,53;1,5700000000000005;39092;0;44555;8298;8443;0;8443;8298;145;0;145;0,01717399028781239;0,01717399028781239;;0,06015325670498086;0;3
2016-02-12;0;2016-02-12 00:00:00;22,81;22,26;0,5499999999999972;39095;0;44560;7431;6952;0;6952;7431;-479;0;-479;-0,06890103567318757;-0,06890103567318757;;0,02411223147742206;0;4
2016-02-12;1;2016-02-12 01:00:00;21,59;20,14;1,4499999999999993;39095;0;44560;6888;6396;0;6396;6888;-492;0;-492;-0,07692307692307693;-0,07692307692307693;;0,0671607225567392;0;4
2016-02-12;2;2016-02-12 02:00:00;21,3;18,91;2,390000000000001;39095;0;44560;6255;5904;0;5904;6255;-351;0;-351;-0,05945121951219512;-0,05945121951219512;;0,11220657276995309;0;4
2016-02-12;3;2016-02-12 03:00:00;19,86;17,84;2,02;39095;0;44560;5748;5424;0;5424;5748;-324;0;-324;-0,059734513274336286;-0,059734513274336286;;0,10171198388721048;0;4
2016-02-12;4;2016-02-12 04:00:00;20,69;18,42;2,27;39095;0;44560;5298;4999;0;4999;5298;-299;0;-299;-0,0598119623924785;-0,0598119623924785;;0,1097148380860319;0;4
2016-02-12;5;2016-02-12 05:00:00;21,64;19,68;1,9600000000000009;39095;0;44560;4880;4686;0;4686;4880;-194;0;-194;-0,04139991463935126;-0,04139991463935126;;0,09057301293900188;0;4
2016-02-12;6;2016-02-12 06:00:00;27,18;24,54;2,640000000000001;39095;0;44560;4760;4401;0;4401;4760;-359;0;-359;-0,0815723699159282;-0,0815723699159282;;0,0971302428256071;0;4
2016-02-12;7;2016-02-12 07:00:00;36,43;37,18;-0,75;39095;51;44560;4396;4098;108;4206;4447;-298;57;-241;-0,057299096528768426;-0,07271839921913129;0,5277777777777778;-0,020587427944002198;0;4
2016-02-12;8;2016-02-12 08:00:00;37,3;35,57;1,7299999999999969;39095;1446;44560;3874;3744;1593;5337;5320;-130;147;17;0,0031853100993067267;-0,034722222222222224;0,09227871939736347;0,04638069705093826;0;4
2016-02-12;9;2016-02-12 09:00:00;34,97;33,02;1,949999999999996;39095;4415;44560;3055;3330;4619;7949;7470;275;204;479;0,06025915209460309;0,08258258258258258;0,044165403767049145;0,055762081784386505;0;4
2016-02-12;10;2016-02-12 10:00:00;34,7;31,79;2,910000000000004;39095;8364;44560;2416;2889;8077;10966;10780;473;-287;186;0,016961517417472188;0,16372447213568708;-0,03553299492385787;0,08386167146974075;0;4
2016-02-12;11;2016-02-12 11:00:00;33,48;26,31;7,169999999999997;39095;11454;44560;1860;2417;10867;13284;13314;557;-587;-30;-0,002258355916892502;0,23045097227968556;-0,05401674795251679;0,2141577060931899;0;4
2016-02-12;12;2016-02-12 12:00:00;30,0;24,77;5,23;39095;12608;44560;1732;2065;11939;14004;14340;333;-669;-336;-0,023993144815766924;0,1612590799031477;-0,05603484378926208;0,17433333333333334;0;4
2016-02-12;13;2016-02-12 13:00:00;26,93;22,84;4,09;39095;11638;44560;1647;1701;11394;13095;13285;54;-244;-190;-0,014509354715540282;0,031746031746031744;-0,021414779708618572;0,1518752320831786;0;4
2016-02-12;14;2016-02-12 14:00:00;25,62;22,01;3,61;39095;9091;44560;1548;1494;9359;10853;10639;-54;268;214;0,019718050308670413;-0,03614457831325301;0,028635537984827437;0,1409055425448868;0;4
2016-02-12;15;2016-02-12 15:00:00;25,0;23,51;1,4899999999999984;39095;5523;44560;1676;1338;6225;7563;7199;-338;702;364;0,048129049319053284;-0,2526158445440957;0,11277108433734939;0,05959999999999994;0;4
2016-02-12;16;2016-02-12 16:00:00;27,18;23,52;3,66;39095;1728;44560;1886;1285;2538;3823;3614;-601;810;209;0,05466910803034266;-0,467704280155642;0,3191489361702128;0,1346578366445916;0;4
2016-02-12;17;2016-02-12 17:00:00;34,56;28,36;6,200000000000002;39095;87;44560;2374;1477;216;1693;2461;-897;129;-768;-0,4536326048434731;-0,6073121191604604;0,5972222222222222;0,1793981481481482;0;4
2016-02-12;18;2016-02-12 18:00:00;40,36;37,91;2,450000000000003;39095;0;44560;3194;1822;0;1822;3194;-1372;0;-1372;-0,7530186608122942;-0,7530186608122942;;0,06070366699702683;0;4
2016-02-12;19;2016-02-12 19:00:00;35,56;29,4;6,160000000000004;39095;0;44560;3706;2131;0;2131;3706;-1575;0;-1575;-0,7390896292820273;-0,7390896292820273;;0,173228346456693;0;4
2016-02-12;20;2016-02-12 20:00:00;29,96;25,11;4,850000000000001;39095;0;44560;3894;2309;0;2309;3894;-1585;0;-1585;-0,6864443482026852;-0,6864443482026852;;0,1618825100133512;0;4
2016-02-12;21;2016-02-12 21:00:00;26,45;22,53;3,919999999999998;39095;0;44560;3676;2369;0;2369;3676;-1307;0;-1307;-0,5517095821021528;-0,5517095821021528;;0,14820415879017007;0;4
2016-02-12;22;2016-02-12 22:00:00;27,18;22,77;4,41;39095;0;44560;3562;2384;0;2384;3562;-1178;0;-1178;-0,4941275167785235;-0,4941275167785235;;0,16225165562913907;0;4
2016-02-12;23;2016-02-12 23:00:00;25,45;22,46;2,9899999999999984;39095;0;44560;3297;2384;0;2384;3297;-913;0;-913;-0,38296979865771813;-0,38296979865771813;;0,11748526522593314;0;4
2016-02-13;0;2016-02-13 00:00:00;22,23;24,2;-1,9699999999999989;39095;0;44560;2871;2262;0;2262;2871;-609;0;-609;-0,2692307692307692;-0,2692307692307692;;-0,08861898335582541;0;5
2016-02-13;1;2016-02-13 01:00:00;21,1;23,36;-2,259999999999998;39095;0;44560;2517;2235;0;2235;2517;-282;0;-282;-0,1261744966442953;-0,1261744966442953;;-0,10710900473933639;0;5
2016-02-13;2;2016-02-13 02:00:00;20,21;22,52;-2,3099999999999987;39095;0;44560;2331;2333;0;2333;2331;2;0;2;0,0008572653236176596;0,0008572653236176596;;-0,11429985155863427;0;5
2016-02-13;3;2016-02-13 03:00:00;19,94;20,69;-0,75;39095;0;44560;2247;2534;0;2534;2247;287;0;287;0,1132596685082873;0,1132596685082873;;-0,037612838515546636;0;5
2016-02-13;4;2016-02-13 04:00:00;19,9;19,99;-0,08999999999999986;39095;0;44560;2308;2768;0;2768;2308;460;0;460;0,16618497109826588;0,16618497109826588;;-0,004522613065326626;0;5
2016-02-13;5;2016-02-13 05:00:00;19,98;20,05;-0,07000000000000027;39095;0;44560;2501;3116;0;3116;2501;615;0;615;0,19736842105263158;0,19736842105263158;;-0,003503503503503517;0;5
2016-02-13;6;2016-02-13 06:00:00;19,9;22,53;-2,6300000000000026;39095;0;44560;2717;3550;0;3550;2717;833;0;833;0,23464788732394365;0,23464788732394365;;-0,13216080402010064;0;5
2016-02-13;7;2016-02-13 07:00:00;21,48;22,32;-0,8399999999999999;39095;53;44560;2974;3909;96;4005;3027;935;43;978;0,2441947565543071;0,23919160910718854;0,4479166666666667;-0,03910614525139664;0;5
2016-02-13;8;2016-02-13 08:00:00;28,38;23,63;4,75;39095;1202;44560;3136;4176;1273;5449;4338;1040;71;1111;0,20389062213250136;0,24904214559386972;0,05577376276512176;0,16737138830162088;0;5
2016-02-13;9;2016-02-13 09:00:00;30,36;26,88;3,4800000000000004;39095;4049;44560;3123;4323;3728;8051;7172;1200;-321;879;0,10917898397714569;0,2775850104094379;-0,08610515021459228;0,11462450592885377;0;5
2016-02-13;10;2016-02-13 10:00:00;30,09;28,48;1,6099999999999994;39095;6894;44560;2958;4453;6234;10687;9852;1495;-660;835;0,07813231028352204;0,33572872220974626;-0,10587102983638114;0,05350614822200064;0;5
2016-02-13;11;2016-02-13 11:00:00;29,84;26,62;3,219999999999999;39095;8801;44560;3124;4643;8027;12670;11925;1519;-774;745;0,058800315706393054;0,32715916433340514;-0,09642456708608446;0,10790884718498656;0;5
2016-02-13;12;2016-02-13 12:00:00;26,75;25,57;1,1799999999999995;39095;9555;44560;3679;4990;8577;13567;13234;1311;-978;333;0,024544851477850668;0,2627254509018036;-0,11402588317593564;0,04411214953271026;0;5
2016-02-13;13;2016-02-13 13:00:00;23,93;20,73;3,1999999999999997;39095;8408;44560;4471;5501;8048;13549;12879;1030;-360;670;0,049450143922060666;0,18723868387565898;-0,04473161033797217;0,13372335979941494;0;5
2016-02-13;14;2016-02-13 14:00:00;21,37;20,39;0,9800000000000004;39095;5959;44560;5683;6234;6430;12664;11642;551;471;1022;0,08070120025268478;0,08838626884825153;0,07325038880248834;0,04585868039307442;0;5
2016-02-13;15;2016-02-13 15:00:00;21,15;22,86;-1,7100000000000009;39095;3289;44560;7198;7141;4056;11197;10487;-57;767;710;0,06340984192194338;-0,007982075339588293;0,1891025641025641;-0,08085106382978728;0;5
2016-02-13;16;2016-02-13 16:00:00;20,96;21,43;-0,4699999999999989;39095;1089;44560;9292;8251;1584;9835;10381;-1041;495;-546;-0,05551601423487545;-0,1261665252696643;0,3125;-0,02242366412213735;0;5
2016-02-13;17;2016-02-13 17:00:00;24,69;21,23;3,4600000000000013;39095;74;44560;11491;9633;146;9779;11565;-1858;72;-1786;-0,18263626137641886;-0,19287864631994187;0,4931506849315068;0,1401377075739166;0;5
2016-02-13;18;2016-02-13 18:00:00;29,65;24,49;5,16;39095;0;44560;13254;11142;0;11142;13254;-2112;0;-2112;-0,18955304254173397;-0,18955304254173397;;0,1740303541315346;0;5
2016-02-13;19;2016-02-13 19:00:00;24,61;18,58;6,030000000000001;39095;0;44560;14291;12153;0;12153;14291;-2138;0;-2138;-0,17592364025343538;-0,17592364025343538;;0,2450223486387648;0;5
2016-02-13;20;2016-02-13 20:00:00;19,91;14,5;5,41;39095;0;44560;14349;12267;0;12267;14349;-2082;0;-2082;-0,16972364881389093;-0,16972364881389093;;0,27172275238573584;0;5
2016-02-13;21;2016-02-13 21:00:00;18,7;14,15;4,549999999999999;39095;0;44560;14296;11877;0;11877;14296;-2419;0;-2419;-0,20367096068030646;-0,20367096068030646;;0,24331550802139032;0;5
2016-02-13;22;2016-02-13 22:00:00;18,47;13,1;5,369999999999999;39095;0;44560;13990;11484;0;11484;13990;-2506;0;-2506;-0,21821664925113202;-0,21821664925113202;;0,29074174336762315;0;5
2016-02-13;23;2016-02-13 23:00:00;16,88;11,91;4,969999999999999;39095;0;44560;13884;11159;0;11159;13884;-2725;0;-2725;-0,24419750873734206;-0,24419750873734206;;0,294431279620853;0;5
2016-02-14;0;2016-02-14 00:00:00;13,06;16,63;-3,5699999999999985;39095;0;44560;14110;14283;0;14283;14110;173;0;173;0,012112301337254078;0,012112301337254078;;-0,2733537519142418;0;6
2016-02-14;1;2016-02-14 01:00:00;10,28;16,24;-5,959999999999999;39095;0;44560;14386;14863;0;14863;14386;477;0;477;0,03209311713651349;0,03209311713651349;;-0,5797665369649805;0;6
2016-02-14;2;2016-02-14 02:00:00;8,48;14,84;-6,3599999999999985;39095;0;44560;14254;15612;0;15612;14254;1358;0;1358;0,08698437099666922;0,08698437099666922;;-0,7499999999999998;0;6
2016-02-14;3;2016-02-14 03:00:00;5,09;13,3;-8,21;39095;0;44560;14747;16359;0;16359;14747;1612;0;1612;0,09853903050308699;0,09853903050308699;;-1,6129666011787822;0;6
2016-02-14;4;2016-02-14 04:00:00;4,21;12,64;-8,43;39095;0;44560;14977;16746;0;16746;14977;1769;0;1769;0,10563716708467694;0,10563716708467694;;-2,002375296912114;0;6
2016-02-14;5;2016-02-14 05:00:00;4,75;11,05;-6,300000000000002;39095;0;44560;14934;16922;0;16922;14934;1988;0;1988;0,11748020328566364;0,11748020328566364;;-1,3263157894736846;0;6
2016-02-14;6;2016-02-14 06:00:00;5,3;11,81;-6,510000000000002;39095;0;44560;14827;17001;0;17001;14827;2174;0;2174;0,12787483089230045;0,12787483089230045;;-1,2283018867924531;0;6
2016-02-14;7;2016-02-14 07:00:00;8,76;15,85;-7,09;39095;90;44560;13984;16917;100;17017;14074;2933;10;2943;0,17294470235646706;0,17337589407105278;0,1;-0,8093607305936074;0;6
2016-02-14;8;2016-02-14 08:00:00;11,81;17,71;-5,9;39095;1226;44560;13118;16769;1067;17836;14344;3651;-159;3492;0,19578380802870599;0,21772317967678453;-0,14901593252108716;-0,4995766299745978;0;6
2016-02-14;9;2016-02-14 09:00:00;15,03;19,28;-4,250000000000002;39095;3208;44560;12349;16549;2530;19079;15557;4200;-678;3522;0,18460087006656534;0,253791769895462;-0,26798418972332017;-0,28276779773785776;0;6
2016-02-14;10;2016-02-14 10:00:00;17,46;21,11;-3,649999999999999;39095;4480;44560;11776;16240;3914;20154;16256;4464;-566;3898;0,19341073732261585;0,2748768472906404;-0,14460909555442003;-0,20904925544100794;0;6
2016-02-14;11;2016-02-14 11:00:00;18,01;22,99;-4,979999999999997;39095;4874;44560;11310;15742;4849;20591;16184;4432;-25;4407;0,21402554514108105;0,2815398297547961;-0,005155702206640545;-0,2765130483064962;0;6
2016-02-14;12;2016-02-14 12:00:00;17,69;23,32;-5,629999999999999;39095;4297;44560;10976;15082;5028;20110;15273;4106;731;4837;0,2405271009448036;0,27224506033682533;0,14538583929992044;-0,31825890333521756;0;6
2016-02-14;13;2016-02-14 13:00:00;17,34;23,87;-6,530000000000001;39095;3948;44560;10631;14145;4594;18739;14579;3514;646;4160;0,22199690485084583;0,24842700600919052;0,14061819764910752;-0,37658592848904276;0;6
2016-02-14;14;2016-02-14 14:00:00;16,27;21,49;-5,219999999999999;39095;2694;44560;10516;13082;3659;16741;13210;2566;965;3531;0,21091929992234634;0,19614737807674668;0,26373326045367584;-0,32083589428395815;0;6
2016-02-14;15;2016-02-14 15:00:00;15,13;20,5;-5,369999999999999;39095;1492;44560;10222;12126;2371;14497;11714;1904;879;2783;0,19197075256949714;0,15701797789873;0,3707296499367356;-0,35492399206873754;0;6
2016-02-14;16;2016-02-14 16:00:00;16,96;20,87;-3,91;39095;552;44560;9871;11405;957;12362;10423;1534;405;1939;0,15685164212910532;0,13450241122314774;0,4231974921630094;-0,23054245283018868;0;6
2016-02-14;17;2016-02-14 17:00:00;21,21;24,21;-3,0;39095;49;44560;9660;11023;110;11133;9709;1363;61;1424;0,12790802119823946;0,12365054885239952;0,5545454545454546;-0,14144271570014144;0;6
2016-02-14;18;2016-02-14 18:00:00;29,94;31,94;-2,0;39095;0;44560;9632;10818;0;10818;9632;1186;0;1186;0,10963209465705306;0,10963209465705306;;-0,0668002672010688;0;6
2016-02-14;19;2016-02-14 19:00:00;30,38;32,03;-1,650000000000002;39095;0;44560;9926;10618;0;10618;9926;692;0;692;0,06517234884158975;0,06517234884158975;;-0,054312047399605066;0;6
2016-02-14;20;2016-02-14 20:00:00;23,57;25,6;-2,0300000000000007;39095;0;44560;9906;10396;0;10396;9906;490;0;490;0,04713351288957291;0,04713351288957291;;-0,08612643190496397;0;6
2016-02-14;21;2016-02-14 21:00:00;20,21;21,65;-1,4399999999999975;39095;0;44560;9735;10218;0;10218;9735;483;0;483;0,04726952436876101;0,04726952436876101;;-0,07125185551707063;0;6
2016-02-14;22;2016-02-14 22:00:00;20,33;26,17;-5,8400000000000025;39095;0;44560;9485;10032;0;10032;9485;547;0;547;0,05452551834130782;0,05452551834130782;;-0,2872602065912446;0;6
2016-02-14;23;2016-02-14 23:00:00;17,52;22,74;-5,219999999999999;39095;0;44560;9568;9800;0;9800;9568;232;0;232;0,0236734693877551;0,0236734693877551;;-0,297945205479452;0;6
2016-02-15;0;2016-02-15 00:00:00;16,57;16,18;0,39000000000000057;39098;0;44563;9614;9659;0;9659;9614;45;0;45;0,004658867377575318;0,004658867377575318;;0,023536511768255917;0;0
2016-02-15;1;2016-02-15 01:00:00;16,0;16,81;-0,8099999999999987;39098;0;44563;9519;9689;0;9689;9519;170;0;170;0,01754567034781711;0,01754567034781711;;-0,05062499999999992;0;0
2016-02-15;2;2016-02-15 02:00:00;14,36;13,6;0,7599999999999998;39098;0;44563;9483;9795;0;9795;9483;312;0;312;0,031852986217457885;0,031852986217457885;;0,05292479108635096;0;0
2016-02-15;3;2016-02-15 03:00:00;13,14;11,47;1,67;39098;0;44563;9649;9845;0;9845;9649;196;0;196;0,019908583037074656;0,019908583037074656;;0,12709284627092846;0;0
2016-02-15;4;2016-02-15 04:00:00;12,68;11,29;1,3900000000000006;39098;0;44563;9720;9897;0;9897;9720;177;0;177;0,017884207335556228;0,017884207335556228;;0,109621451104101;0;0
2016-02-15;5;2016-02-15 05:00:00;14,65;13,56;1,09;39098;0;44563;9722;9861;0;9861;9722;139;0;139;0,014095933475306764;0,014095933475306764;;0,07440273037542662;0;0
2016-02-15;6;2016-02-15 06:00:00;21,12;21,93;-0,8099999999999987;39098;0;44563;9963;9899;0;9899;9963;-64;0;-64;-0,006465299525204566;-0,006465299525204566;;-0,038352272727272665;0;0
2016-02-15;7;2016-02-15 07:00:00;32,18;31,18;1,0;39098;50;44563;9906;10002;92;10094;9956;96;42;138;0,0136714880126808;0,009598080383923215;0,45652173913043476;0,031075201988812928;0;0
2016-02-15;8;2016-02-15 08:00:00;30,11;32,06;-1,9500000000000028;39098;706;44563;9512;10151;952;11103;10218;639;246;885;0,07970818697649285;0,06294946310708305;0,25840336134453784;-0,06476253736300241;0;0
2016-02-15;9;2016-02-15 09:00:00;31,72;32,67;-0,9500000000000028;39098;1872;44563;9360;10385;2361;12746;11232;1025;489;1514;0,1187823630943041;0,09870004814636495;0,2071156289707751;-0,02994955863808332;0;0
2016-02-15;10;2016-02-15 10:00:00;30,91;32,95;-2,0400000000000027;39098;3196;44563;9180;10582;3821;14403;12376;1402;625;2027;0,14073456918697494;0,1324891324891325;0,163569746139754;-0,06599805888062124;0;0
2016-02-15;11;2016-02-15 11:00:00;29,93;32,88;-2,950000000000003;39098;3902;44563;9113;10573;4930;15503;13015;1460;1028;2488;0,16048506740630847;0,13808758157571172;0,20851926977687626;-0,09856331440026739;0;0
2016-02-15;12;2016-02-15 12:00:00;27,22;32,34;-5,1200000000000045;39098;4170;44563;8848;10420;5407;15827;13018;1572;1237;2809;0,1774815189233588;0,1508637236084453;0,22877751063436286;-0,1880969875091846;0;0
2016-02-15;13;2016-02-15 13:00:00;25,39;32,11;-6,719999999999999;39098;3874;44563;9096;10388;5262;15650;12970;1292;1388;2680;0,17124600638977636;0,12437427801309203;0,2637780311668567;-0,26467113036628587;0;0
2016-02-15;14;2016-02-15 14:00:00;24,81;30,74;-5,93;39098;3088;44563;9608;10285;4409;14694;12696;677;1321;1998;0,13597386688444263;0,06582401555663588;0,29961442503969155;-0,23901652559451833;0;0
2016-02-15;15;2016-02-15 15:00:00;24,4;30,1;-5,700000000000002;39098;1877;44563;9935;10217;2983;13200;11812;282;1106;1388;0,10515151515151515;0,02760105706175981;0,37076768354006034;-0,23360655737704927;0;0
2016-02-15;16;2016-02-15 16:00:00;24,93;30,74;-5,809999999999999;39098;680;44563;9792;10064;1295;11359;10472;272;615;887;0,0780878598468175;0,02702702702702703;0,4749034749034749;-0,23305254713196946;0;0
2016-02-15;17;2016-02-15 17:00:00;28,45;33,32;-4,870000000000001;39098;58;44563;9675;9901;144;10045;9733;226;86;312;0,031060228969636634;0,022825977174022825;0,5972222222222222;-0,17117750439367316;0;0
2016-02-15;18;2016-02-15 18:00:00;35,19;38,02;-2,8300000000000054;39098;0;44563;9461;9786;0;9786;9461;325;0;325;0,03321070917637441;0,03321070917637441;;-0,0804205740267123;0;0
2016-02-15;19;2016-02-15 19:00:00;32,19;34,26;-2,0700000000000003;39098;0;44563;8660;9590;0;9590;8660;930;0;930;0,09697601668404589;0,09697601668404589;;-0,06430568499534019;0;0
2016-02-15;20;2016-02-15 20:00:00;30,05;33,18;-3,129999999999999;39098;0;44563;7837;9070;0;9070;7837;1233;0;1233;0,13594266813671443;0,13594266813671443;;-0,10415973377703823;0;0
2016-02-15;21;2016-02-15 21:00:00;24,39;27,48;-3,09;39098;0;44563;7053;8382;0;8382;7053;1329;0;1329;0,15855404438081602;0,15855404438081602;;-0,12669126691266913;0;0
2016-02-15;22;2016-02-15 22:00:00;25,87;27,81;-1,9399999999999975;39098;0;44563;6395;7662;0;7662;6395;1267;0;1267;0,16536152440616028;0,16536152440616028;;-0,07499033629686887;0;0
2016-02-15;23;2016-02-15 23:00:00;22,39;25,44;-3,0500000000000007;39098;0;44563;6090;6967;0;6967;6090;877;0;877;0,12587914453853882;0,12587914453853882;;-0,1362215274676195;0;0
2016-02-16;0;2016-02-16 00:00:00;22,37;21,42;0,9499999999999992;39099;0;44584;6043;6004;0;6004;6043;-39;0;-39;-0,006495669553630913;-0,006495669553630913;;0,04246759052302187;0;1
2016-02-16;1;2016-02-16 01:00:00;22,32;21,59;0,7300000000000004;39099;0;44584;5520;5444;0;5444;5520;-76;0;-76;-0,013960323291697281;-0,013960323291697281;;0,032706093189964175;0;1
2016-02-16;2;2016-02-16 02:00:00;22,31;21,29;1,0199999999999996;39099;0;44584;4913;4982;0;4982;4913;69;0;69;0,013849859494179044;0,013849859494179044;;0,045719408337068564;0;1
2016-02-16;3;2016-02-16 03:00:00;22,04;21,05;0,9899999999999984;39099;0;44584;4292;4486;0;4486;4292;194;0;194;0,043245653143111906;0,043245653143111906;;0,044918330308529875;0;1
2016-02-16;4;2016-02-16 04:00:00;21,83;21,89;-0,060000000000002274;39099;0;44584;3640;4037;0;4037;3640;397;0;397;0,0983403517463463;0,0983403517463463;;-0,0027485112230875987;0;1
2016-02-16;5;2016-02-16 05:00:00;22,74;23,73;-0,9900000000000021;39099;0;44584;2754;3639;0;3639;2754;885;0;885;0,24319868095630667;0,24319868095630667;;-0,04353562005277054;0;1
2016-02-16;6;2016-02-16 06:00:00;29,39;32,68;-3,2899999999999987;39099;0;44584;2190;3216;0;3216;2190;1026;0;1026;0,31902985074626866;0,31902985074626866;;-0,11194283769989788;0;1
2016-02-16;7;2016-02-16 07:00:00;40,43;46,34;-5,910000000000004;39099;76;44584;1756;2787;133;2920;1832;1031;57;1088;0,3726027397260274;0,36993182633656263;0,42857142857142855;-0,14617858026218164;0;1
2016-02-16;8;2016-02-16 08:00:00;42,46;50,56;-8,100000000000001;39099;1113;44584;1369;2398;1695;4093;2482;1029;582;1611;0,393598827266064;0,42910758965804835;0,3433628318584071;-0,1907677814413566;0;1
2016-02-16;9;2016-02-16 09:00:00;42,42;49,33;-6,9099999999999975;39099;3438;44584;1174;2071;4469;6540;4612;897;1031;1928;0,2948012232415902;0,4331240946402704;0,2307003803982994;-0,16289486091466282;0;1
2016-02-16;10;2016-02-16 10:00:00;37,91;42,98;-5,07;39099;5806;44584;1055;1816;7235;9051;6861;761;1429;2190;0,24196221411998675;0,41905286343612336;0,19751209398756048;-0,13373780005275654;0;1
2016-02-16;11;2016-02-16 11:00:00;35,72;38,12;-2,3999999999999986;39099;7553;44584;1058;1589;9232;10821;8611;531;1679;2210;0,20423251085851585;0,3341724354940214;0,18186741767764297;-0,06718924972004475;0;1
2016-02-16;12;2016-02-16 12:00:00;33,07;34,87;-1,7999999999999972;39099;8108;44584;1057;1456;10002;11458;9165;399;1894;2293;0,20012218537266538;0,27403846153846156;0,1893621275744851;-0,05442999697611119;0;1
2016-02-16;13;2016-02-16 13:00:00;32,77;32,38;0,39000000000000057;39099;7890;44584;986;1405;9664;11069;8876;419;1774;2193;0,19812087812810553;0,298220640569395;0,183567880794702;0,011901129081476976;0;1
2016-02-16;14;2016-02-16 14:00:00;31,7;31,21;0,4899999999999984;39099;6671;44584;966;1437;8009;9446;7637;471;1338;1809;0,19150963370738938;0,3277661795407098;0,1670620551879136;0,015457413249211306;0;1
2016-02-16;15;2016-02-16 15:00:00;32,09;32,11;-0,019999999999996017;39099;4657;44584;1113;1518;5302;6820;5770;405;645;1050;0,15395894428152493;0,26679841897233203;0,12165220671444738;-0,0006232471174819575;0;1
2016-02-16;16;2016-02-16 16:00:00;34,88;31,2;3,6800000000000033;39099;1983;44584;1352;1715;2232;3947;3335;363;249;612;0,15505447175069673;0,21166180758017492;0,11155913978494623;0,10550458715596339;0;1
2016-02-16;17;2016-02-16 17:00:00;39,81;33,2;6,6099999999999985;39099;178;44584;1875;2071;244;2315;2053;196;66;262;0,11317494600431965;0,09464027040077258;0,27049180327868855;0,166038683747802;0;1
2016-02-16;18;2016-02-16 18:00:00;53,46;41,0;12,46;39099;0;44584;2780;2551;0;2551;2780;-229;0;-229;-0,0897687181497452;-0,0897687181497452;;0,23307145529367754;0;1
2016-02-16;19;2016-02-16 19:00:00;49,71;32,72;16,990000000000002;39099;0;44584;4374;3223;0;3223;4374;-1151;0;-1151;-0,35712069500465404;-0,35712069500465404;;0,3417823375578355;0;1
2016-02-16;20;2016-02-16 20:00:00;33,96;26,29;7,670000000000003;39099;0;44584;5609;4036;0;4036;5609;-1573;0;-1573;-0,38974231912784935;-0,38974231912784935;;0,2258539458186102;0;1
2016-02-16;21;2016-02-16 21:00:00;27,0;24,98;2,02;39099;0;44584;6366;4770;0;4770;6366;-1596;0;-1596;-0,33459119496855344;-0,33459119496855344;;0,07481481481481482;0;1
2016-02-16;22;2016-02-16 22:00:00;24,98;22,71;2,27;39099;0;44584;6980;5537;0;5537;6980;-1443;0;-1443;-0,2606104388658118;-0,2606104388658118;;0,09087269815852682;0;1
2016-02-16;23;2016-02-16 23:00:00;21,48;18,3;3,18;39099;0;44584;6924;6273;0;6273;6924;-651;0;-651;-0,10377809660449545;-0,10377809660449545;;0,14804469273743018;0;1
2016-02-17;0;2016-02-17 00:00:00;18,97;16,2;2,77;39101;0;44591;7561;7413;0;7413;7561;-148;0;-148;-0,019964926480507218;-0,019964926480507218;;0,14602003162888771;0;2
2016-02-17;1;2016-02-17 01:00:00;18,86;16,57;2,289999999999999;39101;0;44591;8616;8133;0;8133;8616;-483;0;-483;-0,059387679822943566;-0,059387679822943566;;0,12142099681866379;0;2
2016-02-17;2;2016-02-17 02:00:00;18,7;16,24;2,460000000000001;39101;0;44591;9687;8665;0;8665;9687;-1022;0;-1022;-0,1179457587997692;-0,1179457587997692;;0,13155080213903747;0;2
2016-02-17;3;2016-02-17 03:00:00;18,74;12,38;6,359999999999998;39101;0;44591;10694;9128;0;9128;10694;-1566;0;-1566;-0,17156003505696757;-0,17156003505696757;;0,3393810032017075;0;2
2016-02-17;4;2016-02-17 04:00:00;19,58;11,84;7,7399999999999975;39101;0;44591;11697;9436;0;9436;11697;-2261;0;-2261;-0,23961424332344214;-0,23961424332344214;;0,39530132788559746;0;2
2016-02-17;5;2016-02-17 05:00:00;19,0;14,99;4,01;39101;0;44591;12309;9676;0;9676;12309;-2633;0;-2633;-0,2721165770979744;-0,2721165770979744;;0,21105263157894735;0;2
2016-02-17;6;2016-02-17 06:00:00;22,75;19,72;3,030000000000001;39101;0;44591;12200;9703;0;9703;12200;-2497;0;-2497;-0,25734308976605175;-0,25734308976605175;;0,13318681318681325;0;2
2016-02-17;7;2016-02-17 07:00:00;30,97;24,03;6,939999999999998;39101;101;44591;12072;9531;157;9688;12173;-2541;56;-2485;-0,2565028901734104;-0,26660371419578216;0,35668789808917195;0,22408782692928633;0;2
2016-02-17;8;2016-02-17 08:00:00;31,71;24,81;6,900000000000002;39101;1542;44591;11272;9152;1839;10991;12814;-2120;297;-1823;-0,16586297880083706;-0,23164335664335664;0,16150081566068517;0,21759697256386004;0;2
2016-02-17;9;2016-02-17 09:00:00;29,95;24,01;5,939999999999998;39101;4233;44591;10051;8747;4593;13340;14284;-1304;360;-944;-0,07076461769115443;-0,14907968446324454;0,07838014369693011;0,19833055091819693;0;2
2016-02-17;10;2016-02-17 10:00:00;23,53;24,05;-0,5199999999999996;39101;6986;44591;9612;8550;7070;15620;16598;-1062;84;-978;-0,06261203585147247;-0,12421052631578948;0,011881188118811881;-0,022099447513812136;0;2
2016-02-17;11;2016-02-17 11:00:00;24,77;23,63;1,1400000000000006;39101;8137;44591;9904;8532;8623;17155;18041;-1372;486;-886;-0,05164675021859516;-0,16080637599624942;0,056360895280064945;0,046023415421881333;0;2
2016-02-17;12;2016-02-17 12:00:00;23,55;22,98;0,5700000000000003;39101;7903;44591;9663;8420;8732;17152;17566;-1243;829;-414;-0,02413712686567164;-0,14762470308788597;0,09493815849748054;0,024203821656050967;0;2
2016-02-17;13;2016-02-17 13:00:00;24,72;24,06;0,6600000000000001;39101;6582;44591;8891;8184;7752;15936;15473;-707;1170;463;0,02905371485943775;-0,0863880742913001;0,15092879256965944;0,026699029126213598;0;2
2016-02-17;14;2016-02-17 14:00:00;25,91;25,13;0,7800000000000011;39101;4726;44591;8369;7754;5983;13737;13095;-615;1257;642;0,04673509499890806;-0,07931390250193449;0,2100952699314725;0,03010420686993443;0;2
2016-02-17;15;2016-02-17 15:00:00;29,9;27,05;2,8499999999999983;39101;2824;44591;7941;7340;3847;11187;10765;-601;1023;422;0,037722356306427104;-0,08188010899182561;0,2659214972706005;0,09531772575250831;0;2
2016-02-17;16;2016-02-17 16:00:00;30,67;27,79;2,8800000000000026;39101;1080;44591;7242;7033;1655;8688;8322;-209;575;366;0,04212707182320442;-0,029717048201336558;0,3474320241691843;0,09390283664819049;0;2
2016-02-17;17;2016-02-17 17:00:00;38,06;32,14;5,920000000000003;39101;108;44591;6918;6863;209;7072;7026;-55;101;46;0,006504524886877828;-0,008013988051872359;0,48325358851674644;0,15554387808723075;0;2
2016-02-17;18;2016-02-17 18:00:00;40,87;34,31;6,559999999999995;39101;0;44591;6592;6697;0;6697;6592;105;0;105;0,015678662087501866;0,015678662087501866;;0,16050893075605568;0;2
2016-02-17;19;2016-02-17 19:00:00;33,96;28,85;5,1099999999999985;39101;0;44591;5460;6440;0;6440;5460;980;0;980;0,15217391304347827;0,15217391304347827;;0,15047114252061244;0;2
2016-02-17;20;2016-02-17 20:00:00;29,94;28,5;1,4400000000000013;39101;0;44591;4442;5711;0;5711;4442;1269;0;1269;0,2222027665907897;0,2222027665907897;;0,04809619238476958;0;2
2016-02-17;21;2016-02-17 21:00:00;24,05;27,62;-3,5700000000000003;39101;0;44591;3825;4809;0;4809;3825;984;0;984;0,20461634435433562;0,20461634435433562;;-0,14844074844074845;0;2
2016-02-17;22;2016-02-17 22:00:00;24,25;24,42;-0,1700000000000017;39101;0;44591;3462;3944;0;3944;3462;482;0;482;0,12221095334685599;0,12221095334685599;;-0,007010309278350586;0;2
2016-02-17;23;2016-02-17 23:00:00;22,73;19,52;3,2100000000000013;39101;0;44591;3392;3226;0;3226;3392;-166;0;-166;-0,05145691258524489;-0,05145691258524489;;0,14122305323361203;0;2
2016-02-18;0;2016-02-18 00:00:00;20,74;20,04;0,6999999999999993;39104;0;44607;3462;2941;0;2941;3462;-521;0;-521;-0,17715062903774226;-0,17715062903774226;;0,03375120540019283;0;3
2016-02-18;1;2016-02-18 01:00:00;20,57;19,02;1,5500000000000007;39104;0;44607;3618;2866;0;2866;3618;-752;0;-752;-0,26238660153524074;-0,26238660153524074;;0,07535245503159944;0;3
2016-02-18;2;2016-02-18 02:00:00;18,87;15,87;3,0000000000000018;39104;0;44607;3783;2906;0;2906;3783;-877;0;-877;-0,30178940123881626;-0,30178940123881626;;0,15898251192368848;0;3
2016-02-18;3;2016-02-18 03:00:00;19,88;15,95;3,93;39104;0;44607;3904;2961;0;2961;3904;-943;0;-943;-0,31847348868625464;-0,31847348868625464;;0,19768611670020123;0;3
2016-02-18;4;2016-02-18 04:00:00;19,89;16,54;3,3500000000000014;39104;0;44607;3886;3043;0;3043;3886;-843;0;-843;-0,2770292474531712;-0,2770292474531712;;0,1684263448969332;0;3
2016-02-18;5;2016-02-18 05:00:00;20,33;20,27;0,05999999999999873;39104;0;44607;3709;3133;0;3133;3709;-576;0;-576;-0,18384934567507183;-0,18384934567507183;;0,002951303492375737;0;3
2016-02-18;6;2016-02-18 06:00:00;23,16;21,26;1,8999999999999984;39104;0;44607;3759;3185;0;3185;3759;-574;0;-574;-0,18021978021978022;-0,18021978021978022;;0,0820379965457685;0;3
2016-02-18;7;2016-02-18 07:00:00;35,53;26,07;9,46;39104;158;44607;4303;3184;206;3390;4461;-1119;48;-1071;-0,315929203539823;-0,3514447236180904;0,23300970873786409;0,26625386996904027;0;3
2016-02-18;8;2016-02-18 08:00:00;39,92;30,66;9,260000000000002;39104;1367;44607;4533;3091;1785;4876;5900;-1442;418;-1024;-0,2100082034454471;-0,46651569071497895;0,23417366946778712;0,23196392785571146;0;3
2016-02-18;9;2016-02-18 09:00:00;34,97;24,46;10,509999999999998;39104;3818;44607;4166;3062;4733;7795;7984;-1104;915;-189;-0,024246311738293776;-0,3605486610058785;0,19332347348404819;0,3005433228481555;0;3
2016-02-18;10;2016-02-18 10:00:00;29,92;26,14;3,780000000000001;39104;7576;44607;3920;3078;8019;11097;11496;-842;443;-399;-0,03595566369288997;-0,27355425601039635;0,05524379598453673;0,12633689839572196;0;3
2016-02-18;11;2016-02-18 11:00:00;25,98;25,23;0,75;39104;10971;44607;3693;3165;10096;13261;14664;-528;-875;-1403;-0,10579895935449815;-0,16682464454976303;-0,08666798732171156;0,028868360277136258;0;3
2016-02-18;12;2016-02-18 12:00:00;23,77;22,22;1,5500000000000007;39104;12110;44607;4050;3192;10875;14067;16160;-858;-1235;-2093;-0,1487879434136632;-0,26879699248120303;-0,1135632183908046;0,06520824568784185;0;3
2016-02-18;13;2016-02-18 13:00:00;24,53;21,54;2,990000000000002;39104;11044;44607;3927;3141;10275;13416;14971;-786;-769;-1555;-0,11590638044126417;-0,2502387774594078;-0,07484184914841849;0,12189156135344484;0;3
2016-02-18;14;2016-02-18 14:00:00;25,13;23,51;1,6199999999999974;39104;8618;44607;3325;2920;8431;11351;11943;-405;-187;-592;-0,052153995242709895;-0,1386986301369863;-0,02218004981615467;0,06446478312773568;0;3
2016-02-18;15;2016-02-18 15:00:00;29,04;27,76;1,2799999999999976;39104;5577;44607;2706;2596;5569;8165;8283;-110;-8;-118;-0,014451928965094916;-0,0423728813559322;-0,0014365236128568864;0,04407713498622581;0;3
2016-02-18;16;2016-02-18 16:00:00;32,0;29,58;2,4200000000000017;39104;2151;44607;2270;2314;2440;4754;4421;44;289;333;0,0700462768195204;0,01901469317199654;0,11844262295081967;0,07562500000000005;0;3
2016-02-18;17;2016-02-18 17:00:00;38,74;35,2;3,5399999999999987;39104;201;44607;2526;2216;323;2539;2727;-310;122;-188;-0,07404489956675857;-0,13989169675090252;0,37770897832817335;0,0913784202374806;0;3
2016-02-18;18;2016-02-18 18:00:00;45,08;40,61;4,469999999999999;39104;0;44607;3030;2291;0;2291;3030;-739;0;-739;-0,32256656481885637;-0,32256656481885637;;0,0991570541259982;0;3
2016-02-18;19;2016-02-18 19:00:00;38,06;33,54;4,520000000000003;39104;0;44607;3258;2570;0;2570;3258;-688;0;-688;-0,267704280155642;-0,267704280155642;;0,11875985286389919;0;3
2016-02-18;20;2016-02-18 20:00:00;32,24;29,03;3,2100000000000013;39104;0;44607;3143;2941;0;2941;3143;-202;0;-202;-0,06868412104726283;-0,06868412104726283;;0,09956575682382138;0;3
2016-02-18;21;2016-02-18 21:00:00;25,95;24,97;0,9800000000000004;39104;0;44607;2986;3235;0;3235;2986;249;0;249;0,07697063369397218;0,07697063369397218;;0,037764932562620444;0;3
2016-02-18;22;2016-02-18 22:00:00;23,09;24,51;-1,4200000000000017;39104;0;44607;2800;3338;0;3338;2800;538;0;538;0,16117435590173756;0,16117435590173756;;-0,06149848419229111;0;3
2016-02-18;23;2016-02-18 23:00:00;21,34;21,29;0,05000000000000071;39104;0;44607;2375;3276;0;3276;2375;901;0;901;0,27503052503052505;0,27503052503052505;;0,002343017806935366;0;3
2016-02-19;0;2016-02-19 00:00:00;21,85;21,34;0,5100000000000016;39106;0;44641;2008;1883;0;1883;2008;-125;0;-125;-0,06638343069569835;-0,06638343069569835;;0,023340961098398238;0;4
2016-02-19;1;2016-02-19 01:00:00;21,44;20,58;0,860000000000003;39106;0;44641;1842;1684;0;1684;1842;-158;0;-158;-0,09382422802850356;-0,09382422802850356;;0,0401119402985076;0;4
2016-02-19;2;2016-02-19 02:00:00;21,75;21,07;0,6799999999999997;39106;0;44641;1612;1619;0;1619;1612;7;0;7;0,004323656578134651;0,004323656578134651;;0,03126436781609194;0;4
2016-02-19;3;2016-02-19 03:00:00;22,19;20,98;1,2100000000000009;39106;0;44641;1523;1591;0;1591;1523;68;0;68;0,04274041483343809;0,04274041483343809;;0,05452906714736371;0;4
2016-02-19;4;2016-02-19 04:00:00;22,37;22,34;0,030000000000001137;39106;0;44641;1350;1588;0;1588;1350;238;0;238;0,14987405541561713;0,14987405541561713;;0,0013410818059902162;0;4
2016-02-19;5;2016-02-19 05:00:00;19,46;21,54;-2,0799999999999983;39106;0;44641;1351;1600;0;1600;1351;249;0;249;0,155625;0,155625;;-0,10688591983556003;0;4
2016-02-19;6;2016-02-19 06:00:00;27,83;25,71;2,119999999999997;39106;0;44641;1383;1676;0;1676;1383;293;0;293;0,17482100238663484;0,17482100238663484;;0,07617678763923813;0;4
2016-02-19;7;2016-02-19 07:00:00;34,98;32,94;2,039999999999999;39106;122;44641;1612;1881;181;2062;1734;269;59;328;0,15906886517943744;0,14300903774587986;0,3259668508287293;0,058319039451114905;0;4
2016-02-19;8;2016-02-19 08:00:00;38,49;37,92;0,5700000000000003;39106;1127;44641;1710;2129;1440;3569;2837;419;313;732;0,20509946763799383;0,19680601221230626;0,21736111111111112;0,014809041309431028;0;4
2016-02-19;9;2016-02-19 09:00:00;34,95;34,76;0,19000000000000486;39106;2745;44641;1634;2418;3219;5637;4379;784;474;1258;0,22316835196026255;0,3242349048800662;0,14725069897483692;0,005436337625178965;0;4
2016-02-19;10;2016-02-19 10:00:00;34,95;34,52;0,4299999999999997;39106;4482;44641;1590;2693;4993;7686;6072;1103;511;1614;0,209992193598751;0,4095803936130709;0,10234328059282996;0,012303290414878388;0;4
2016-02-19;11;2016-02-19 11:00:00;37,91;33,86;4,049999999999997;39106;5681;44641;1808;2918;6237;9155;7489;1110;556;1666;0,18197706171490988;0,38039753255654557;0,08914542247875581;0,1068319704563439;0;4
2016-02-19;12;2016-02-19 12:00:00;31,55;32,33;-0,7799999999999976;39106;6200;44641;2304;3218;6636;9854;8504;914;436;1350;0,13700020296326365;0,28402734617775016;0,06570223025919228;-0,024722662440570444;0;4
2016-02-19;13;2016-02-19 13:00:00;27,93;31,1;-3,1700000000000017;39106;5743;44641;3114;3844;6403;10247;8857;730;660;1390;0,13564945837806186;0,1899063475546306;0,10307668280493519;-0,11349803079126394;0;4
2016-02-19;14;2016-02-19 14:00:00;25,25;29,83;-4,579999999999998;39106;4704;44641;4019;4538;5607;10145;8723;519;903;1422;0,1401675702316412;0,11436756280299691;0,16104868913857678;-0,18138613861386133;0;4
2016-02-19;15;2016-02-19 15:00:00;25,09;26,07;-0,9800000000000004;39106;3097;44641;4358;5039;4106;9145;7455;681;1009;1690;0,18480043739748497;0,13514586227426076;0,24573794447150513;-0,039059386209645296;0;4
2016-02-19;16;2016-02-19 16:00:00;24,84;27,7;-2,8599999999999994;39106;1351;44641;4778;5615;1995;7610;6129;837;644;1481;0,19461235216819975;0,14906500445235976;0,32280701754385965;-0,11513687600644121;0;4
2016-02-19;17;2016-02-19 17:00:00;30,04;32,59;-2,5500000000000043;39106;176;44641;5392;6475;282;6757;5568;1083;106;1189;0,1759656652360515;0,16725868725868726;0,375886524822695;-0,08488681757656473;0;4
2016-02-19;18;2016-02-19 18:00:00;34,94;37,26;-2,3200000000000003;39106;0;44641;6882;7649;0;7649;6882;767;0;767;0,10027454569224735;0,10027454569224735;;-0,06639954207212365;0;4
2016-02-19;19;2016-02-19 19:00:00;27,99;31,79;-3,8000000000000007;39106;0;44641;9020;9042;0;9042;9020;22;0;22;0,0024330900243309003;0,0024330900243309003;;-0,135762772418721;0;4
2016-02-19;20;2016-02-19 20:00:00;23,69;25,23;-1,5399999999999991;39106;0;44641;10774;10476;0;10476;10774;-298;0;-298;-0,028445971744940818;-0,028445971744940818;;-0,06500633178556349;0;4
2016-02-19;21;2016-02-19 21:00:00;24,93;26,73;-1,8000000000000007;39106;0;44641;12215;11801;0;11801;12215;-414;0;-414;-0,03508177273112448;-0,03508177273112448;;-0,07220216606498198;0;4
2016-02-19;22;2016-02-19 22:00:00;23,38;25,31;-1,93;39106;0;44641;13338;13134;0;13134;13338;-204;0;-204;-0,015532206486980357;-0,015532206486980357;;-0,0825491873396065;0;4
2016-02-19;23;2016-02-19 23:00:00;18,9;22,62;-3,7200000000000015;39106;0;44641;14693;14415;0;14415;14693;-278;0;-278;-0,019285466527922304;-0,019285466527922304;;-0,19682539682539693;0;4
2016-02-20;0;2016-02-20 00:00:00;18,3;19,74;-1,4399999999999975;39106;0;44643;16088;14784;0;14784;16088;-1304;0;-1304;-0,0882034632034632;-0,0882034632034632;;-0,07868852459016379;0;5
2016-02-20;1;2016-02-20 01:00:00;16,82;19,66;-2,84;39106;0;44643;17708;16319;0;16319;17708;-1389;0;-1389;-0,08511550952877014;-0,08511550952877014;;-0,16884661117717004;0;5
2016-02-20;2;2016-02-20 02:00:00;11,54;12,79;-1,25;39106;0;44643;19224;18127;0;18127;19224;-1097;0;-1097;-0,06051746014232912;-0,06051746014232912;;-0,10831889081455806;0;5
2016-02-20;3;2016-02-20 03:00:00;9,69;12,48;-2,7900000000000014;39106;0;44643;20806;20123;0;20123;20806;-683;0;-683;-0,03394126124335338;-0,03394126124335338;;-0,2879256965944274;0;5
2016-02-20;4;2016-02-20 04:00:00;9,52;14,51;-4,99;39106;0;44643;22932;22022;0;22022;22932;-910;0;-910;-0,04132231404958678;-0,04132231404958678;;-0,5241596638655462;0;5
2016-02-20;5;2016-02-20 05:00:00;5,01;8,61;-3,6;39106;0;44643;25182;23622;0;23622;25182;-1560;0;-1560;-0,06604013208026416;-0,06604013208026416;;-0,718562874251497;0;5
2016-02-20;6;2016-02-20 06:00:00;5,06;6,1;-1,04;39106;0;44643;27281;24928;0;24928;27281;-2353;0;-2353;-0,09439184852374839;-0,09439184852374839;;-0,2055335968379447;0;5
2016-02-20;7;2016-02-20 07:00:00;9,09;-9,02;18,11;39106;246;44643;28225;25708;208;25916;28471;-2517;-38;-2555;-0,09858774502237999;-0,09790726622063171;-0,18269230769230768;1,9922992299229922;0;5
2016-02-20;8;2016-02-20 08:00:00;8,69;-0,4;9,09;39106;1486;44643;28359;25880;1325;27205;29845;-2479;-161;-2640;-0,09704098511303069;-0,09578825347758887;-0,12150943396226416;1,046029919447641;0;5
2016-02-20;9;2016-02-20 09:00:00;13,43;3,33;10,1;39106;2290;44643;28347;25737;2414;28151;30637;-2610;124;-2486;-0,08830947390856453;-0,10141042079496444;0,05136702568351284;0,7520476545048399;0;5
2016-02-20;10;2016-02-20 10:00:00;16,36;13,47;2,889999999999999;39106;2800;44643;28486;25439;2959;28398;31286;-3047;159;-2888;-0,10169730262694555;-0,11977672078304964;0,05373436971949983;0,1766503667481662;0;5
2016-02-20;11;2016-02-20 11:00:00;17,0;16,15;0,8500000000000014;39106;2862;44643;28458;25183;3042;28225;31320;-3275;180;-3095;-0,10965456155890169;-0,1300480482865425;0,05917159763313609;0,050000000000000086;0;5
2016-02-20;12;2016-02-20 12:00:00;16,96;13,28;3,6800000000000015;39106;2646;44643;28080;24913;2915;27828;30726;-3167;269;-2898;-0,10413971539456662;-0,12712238590294223;0,09228130360205831;0,2169811320754718;0;5
2016-02-20;13;2016-02-20 13:00:00;15,94;13,69;2,25;39106;2123;44643;27206;24481;2532;27013;29329;-2725;409;-2316;-0,08573649724206864;-0,111310812466811;0,16153238546603477;0,1411543287327478;0;5
2016-02-20;14;2016-02-20 14:00:00;15,77;14,23;1,5399999999999991;39106;1635;44643;26410;23888;1977;25865;28045;-2522;342;-2180;-0,08428378117146723;-0,10557602143335566;0,17298937784522003;0,09765377298668353;0;5
2016-02-20;15;2016-02-20 15:00:00;16,05;12,26;3,7900000000000014;39106;993;44643;25921;23277;1281;24558;26914;-2644;288;-2356;-0,09593615115237397;-0,11358852085749882;0,22482435597189696;0,2361370716510904;0;5
2016-02-20;16;2016-02-20 16:00:00;16,15;12,64;3,509999999999998;39106;394;44643;25836;22752;537;23289;26230;-3084;143;-2941;-0,12628279445231655;-0,13554852320675106;0,26629422718808193;0,21733746130030948;0;5
2016-02-20;17;2016-02-20 17:00:00;18,99;15,37;3,6199999999999988;39106;42;44643;25771;22434;87;22521;25813;-3337;45;-3292;-0,1461746814084632;-0,14874743692609432;0,5172413793103449;0,19062664560294887;0;5
2016-02-20;18;2016-02-20 18:00:00;24,22;16,7;7,52;39106;1;44643;24812;22066;0;22066;24813;-2746;-1;-2747;-0,12449016586603825;-0,12444484727635276;-inf;0,3104872006606111;0;5
2016-02-20;19;2016-02-20 19:00:00;23,49;14,03;9,46;39106;0;44643;24102;22011;0;22011;24102;-2091;0;-2091;-0,09499795556767071;-0,09499795556767071;;0,4027245636441039;0;5
2016-02-20;20;2016-02-20 20:00:00;18,96;13,47;5,49;39106;0;44643;23914;22379;0;22379;23914;-1535;0;-1535;-0,06859108986103044;-0,06859108986103044;;0,28955696202531644;0;5
2016-02-20;21;2016-02-20 21:00:00;13,92;10,75;3,17;39106;0;44643;23791;22928;0;22928;23791;-863;0;-863;-0,03763956734124215;-0,03763956734124215;;0,22772988505747127;0;5
2016-02-20;22;2016-02-20 22:00:00;11,79;14,23;-2,4400000000000013;39106;0;44643;24019;23457;0;23457;24019;-562;0;-562;-0,023958733000809994;-0,023958733000809994;;-0,20695504664970327;0;5
2016-02-20;23;2016-02-20 23:00:00;7,81;7,63;0,17999999999999972;39106;0;44643;25306;24174;0;24174;25306;-1132;0;-1132;-0,046827169686439976;-0,046827169686439976;;0,023047375160051183;0;5
2016-02-21;0;2016-02-21 00:00:00;9,37;-1,25;10,62;39106;0;44643;26906;22438;0;22438;26906;-4468;0;-4468;-0,19912648186112844;-0,19912648186112844;;1,1334044823906084;0;6
2016-02-21;1;2016-02-21 01:00:00;6,52;-6,06;12,579999999999998;39106;0;44643;28060;22822;0;22822;28060;-5238;0;-5238;-0,22951537989659102;-0,22951537989659102;;1,9294478527607362;0;6
2016-02-21;2;2016-02-21 02:00:00;5,09;-10,86;15,95;39106;0;44643;28387;23307;0;23307;28387;-5080;0;-5080;-0,21796026944694727;-0,21796026944694727;;3,1335952848722988;0;6
2016-02-21;3;2016-02-21 03:00:00;3,14;-11,23;14,37;39106;0;44643;28498;23807;0;23807;28498;-4691;0;-4691;-0,19704288654597388;-0,19704288654597388;;4,576433121019108;0;6
2016-02-21;4;2016-02-21 04:00:00;0,46;-8,55;9,010000000000002;39106;0;44643;28598;24133;0;24133;28598;-4465;0;-4465;-0,18501636762938714;-0,18501636762938714;;19,586956521739133;0;6
2016-02-21;5;2016-02-21 05:00:00;0,13;-4,38;4,51;39106;0;44643;27872;24243;0;24243;27872;-3629;0;-3629;-0,14969269479849853;-0,14969269479849853;;34,692307692307686;0;6
2016-02-21;6;2016-02-21 06:00:00;-0,05;-4,44;4,3900000000000015;39106;0;44643;26430;24435;0;24435;26430;-1995;0;-1995;-0,0816451810926949;-0,0816451810926949;;-87,80000000000003;0;6
2016-02-21;7;2016-02-21 07:00:00;0,13;2,88;-2,75;39106;56;44643;24803;24475;58;24533;24859;-328;2;-326;-0,013288224024782946;-0,013401430030643514;0,034482758620689655;-21,153846153846153;0;6
2016-02-21;8;2016-02-21 08:00:00;5,62;11,64;-6,0200000000000005;39106;544;44643;23006;24304;406;24710;23550;1298;-138;1160;0,046944556859571024;0,053406846609611584;-0,3399014778325123;-1,0711743772241993;0;6
2016-02-21;9;2016-02-21 09:00:00;10,81;15,65;-4,84;39106;1504;44643;22402;24143;1001;25144;23906;1741;-503;1238;0,04923639834552975;0,07211199933728203;-0,5024975024975025;-0,44773358001850133;0;6
2016-02-21;10;2016-02-21 10:00:00;13,07;16,92;-3,8500000000000014;39106;2328;44643;22348;23945;1608;25553;24676;1597;-720;877;0,034320823386686496;0,0666945082480685;-0,44776119402985076;-0,29456771231828627;0;6
2016-02-21;11;2016-02-21 11:00:00;14,94;15,0;-0,0600000000000005;39106;3174;44643;21962;23625;2031;25656;25136;1663;-1143;520;0,020268163392578736;0,0703915343915344;-0,5627769571639586;-0,004016064257028146;0;6
2016-02-21;12;2016-02-21 12:00:00;14,95;13,45;1,5;39106;3858;44643;21056;23393;2186;25579;24914;2337;-1672;665;0,02599788889323273;0,09990167998974052;-0,7648673376029277;0,10033444816053512;0;6
2016-02-21;13;2016-02-21 13:00:00;10,6;8,52;2,08;39106;3772;44643;20696;23029;2084;25113;24468;2333;-1688;645;0,02568390873252897;0,10130704763558991;-0,8099808061420346;0,19622641509433963;0;6
2016-02-21;14;2016-02-21 14:00:00;7,71;6,07;1,6399999999999997;39106;3430;44643;21300;22481;1734;24215;24730;1181;-1696;-515;-0,021267809209167873;0,05253325030025355;-0,9780853517877739;0,21271076523994809;0;6
2016-02-21;15;2016-02-21 15:00:00;4,95;1,83;3,12;39106;2470;44643;22521;22208;1172;23380;24991;-313;-1298;-1611;-0,06890504704875962;-0,014094020172910662;-1,1075085324232081;0,6303030303030303;0;6
2016-02-21;16;2016-02-21 16:00:00;7,69;-1,19;8,88;39106;1198;44643;23954;22165;567;22732;25152;-1789;-631;-2420;-0,10645785676579271;-0,08071283555154522;-1,1128747795414462;1,1547464239271783;0;6
2016-02-21;17;2016-02-21 17:00:00;14,34;2,22;12,12;39106;188;44643;26399;22595;106;22701;26587;-3804;-82;-3886;-0,17118188626051717;-0,1683558309360478;-0,7735849056603774;0,8451882845188284;0;6
2016-02-21;18;2016-02-21 18:00:00;18,61;2,35;16,259999999999998;39106;1;44643;29106;23150;0;23150;29107;-5956;-1;-5957;-0,2573218142548596;-0,25727861771058314;-inf;0,8737238044062331;0;6
2016-02-21;19;2016-02-21 19:00:00;18,2;0,73;17,47;39106;0;44643;30990;23744;0;23744;30990;-7246;0;-7246;-0,30517183288409705;-0,30517183288409705;;0,9598901098901098;0;6
2016-02-21;20;2016-02-21 20:00:00;12,0;-3,65;15,65;39106;0;44643;32413;24101;0;24101;32413;-8312;0;-8312;-0,34488195510559727;-0,34488195510559727;;1,3041666666666667;0;6
2016-02-21;21;2016-02-21 21:00:00;12,64;-10,03;22,67;39106;0;44643;32974;24245;0;24245;32974;-8729;0;-8729;-0,3600329964941225;-0,3600329964941225;;1,7935126582278482;0;6
2016-02-21;22;2016-02-21 22:00:00;13,94;-6,11;20,05;39106;0;44643;32643;24344;0;24344;32643;-8299;0;-8299;-0,3409053565560302;-0,3409053565560302;;1,438307030129125;0;6
2016-02-21;23;2016-02-21 23:00:00;9,31;-9,49;18,8;39106;0;44643;31420;24502;0;24502;31420;-6918;0;-6918;-0,2823442984246184;-0,2823442984246184;;2,0193340494092373;0;6
2016-02-22;0;2016-02-22 00:00:00;-4,93;-13,09;8,16;39110;0;44649;32416;29403;0;29403;32416;-3013;0;-3013;-0,10247253681597115;-0,10247253681597115;;-1,6551724137931036;0;0
2016-02-22;1;2016-02-22 01:00:00;-4,98;-17,52;12,54;39110;0;44649;31824;29109;0;29109;31824;-2715;0;-2715;-0,0932701226424817;-0,0932701226424817;;-2,5180722891566263;0;0
2016-02-22;2;2016-02-22 02:00:00;-5,08;-18,83;13,749999999999998;39110;0;44649;31631;28637;0;28637;31631;-2994;0;-2994;-0,10455005761776723;-0,10455005761776723;;-2,7066929133858264;0;0
2016-02-22;3;2016-02-22 03:00:00;-1,02;-14,78;13,76;39110;0;44649;31336;27972;0;27972;31336;-3364;0;-3364;-0,12026312026312026;-0,12026312026312026;;-13,490196078431373;0;0
2016-02-22;4;2016-02-22 04:00:00;-0,97;-11,44;10,47;39110;0;44649;30528;27179;0;27179;30528;-3349;0;-3349;-0,12322013319106663;-0,12322013319106663;;-10,793814432989691;0;0
2016-02-22;5;2016-02-22 05:00:00;7,63;-1,67;9,3;39110;0;44649;29676;26201;0;26201;29676;-3475;0;-3475;-0,1326285256287928;-0,1326285256287928;;1,2188728702490172;0;0
2016-02-22;6;2016-02-22 06:00:00;18,05;12,33;5,7200000000000015;39110;0;44649;30282;25188;0;25188;30282;-5094;0;-5094;-0,2022391615054788;-0,2022391615054788;;0,31689750692520785;0;0
2016-02-22;7;2016-02-22 07:00:00;26,38;19,33;7,050000000000002;39110;216;44649;28923;24232;186;24418;29139;-4691;-30;-4721;-0,19334097796707347;-0,1935869924067349;-0,16129032258064516;0,2672479150871873;0;0
2016-02-22;8;2016-02-22 08:00:00;27,92;17,77;10,150000000000002;39110;1805;44649;26606;23246;1236;24482;28411;-3360;-569;-3929;-0,1604852544726738;-0,1445409963004388;-0,4603559870550162;0,36353868194842415;0;0
2016-02-22;9;2016-02-22 09:00:00;23,97;16,62;7,349999999999998;39110;4507;44649;25559;22280;2834;25114;30066;-3279;-1673;-4952;-0,19718085529983276;-0,14717235188509875;-0,5903316866619619;0,3066332916145181;0;0
2016-02-22;10;2016-02-22 10:00:00;23,11;14,48;8,629999999999999;39110;6625;44649;24586;21438;4475;25913;31211;-3148;-2150;-5298;-0,20445336317678386;-0,14684205616195542;-0,48044692737430167;0,3734314149718736;0;0
2016-02-22;11;2016-02-22 11:00:00;23,93;14,82;9,11;39110;8060;44649;22746;20767;5596;26363;30806;-1979;-2464;-4443;-0,16853165421234306;-0,0952954206192517;-0,4403145103645461;0,38069368992895947;0;0
2016-02-22;12;2016-02-22 12:00:00;24,0;16,85;7,149999999999999;39110;8911;44649;21065;20025;6130;26155;29976;-1040;-2781;-3821;-0,14609061364939782;-0,051935081148564294;-0,4536704730831974;0,2979166666666666;0;0
2016-02-22;13;2016-02-22 13:00:00;24,52;18,31;6,210000000000001;39110;8402;44649;19842;19269;6029;25298;28244;-573;-2373;-2946;-0,11645189343031069;-0,02973688307644403;-0,39359761154420303;0,25326264274061994;0;0
2016-02-22;14;2016-02-22 14:00:00;23,98;18,48;5,5;39110;6653;44649;19288;18369;5142;23511;25941;-919;-1511;-2430;-0,10335587597294883;-0,050029941749686974;-0,293854531310774;0,2293577981651376;0;0
2016-02-22;15;2016-02-22 15:00:00;23,91;20,22;3,690000000000001;39110;3374;44649;18203;17333;3559;20892;21577;-870;185;-685;-0,032787669921501054;-0,05019327294755668;0,051980893509412755;0,1543287327478043;0;0
2016-02-22;16;2016-02-22 16:00:00;23,92;21,29;2,6300000000000026;39110;1400;44649;17392;16144;1683;17827;18792;-1248;283;-965;-0,05413137375890503;-0,07730426164519326;0,1681521093285799;0,10994983277591983;0;0
2016-02-22;17;2016-02-22 17:00:00;27,93;23,52;4,41;39110;163;44649;16948;15122;278;15400;17111;-1826;115;-1711;-0,11110389610389611;-0,12075122338315038;0,4136690647482014;0,15789473684210528;0;0
2016-02-22;18;2016-02-22 18:00:00;40,13;30,82;9,310000000000002;39110;1;44649;16238;14412;0;14412;16239;-1826;-1;-1827;-0,12676935886761032;-0,1266999722453511;-inf;0,2319960129578869;0;0
2016-02-22;19;2016-02-22 19:00:00;39,45;30,67;8,780000000000001;39110;0;44649;16515;13803;0;13803;16515;-2712;0;-2712;-0,19647902629863073;-0,19647902629863073;;0,22256020278833968;0;0
2016-02-22;20;2016-02-22 20:00:00;29,37;24,72;4,650000000000002;39110;0;44649;16558;13480;0;13480;16558;-3078;0;-3078;-0,22833827893175074;-0,22833827893175074;;0,15832482124616962;0;0
2016-02-22;21;2016-02-22 21:00:00;24,69;21,11;3,580000000000002;39110;0;44649;16226;13221;0;13221;16226;-3005;0;-3005;-0,22728991755540429;-0,22728991755540429;;0,14499797488861893;0;0
2016-02-22;22;2016-02-22 22:00:00;25,08;21,73;3,3499999999999983;39110;0;44649;16234;12821;0;12821;16234;-3413;0;-3413;-0,2662038842523984;-0,2662038842523984;;0,13357256778309404;0;0
2016-02-22;23;2016-02-22 23:00:00;19,56;14,83;4,729999999999999;39110;0;44649;15243;12371;0;12371;15243;-2872;0;-2872;-0,23215584835502384;-0,23215584835502384;;0,24182004089979545;0;0
2016-02-23;0;2016-02-23 00:00:00;17,81;20,91;-3,1000000000000014;39111;0;44649;14627;14206;0;14206;14627;-421;0;-421;-0,029635365338589327;-0,029635365338589327;;-0,17405951712521064;0;1
2016-02-23;1;2016-02-23 01:00:00;14,28;19,82;-5,540000000000001;39111;0;44649;13850;13529;0;13529;13850;-321;0;-321;-0,02372680907679799;-0,02372680907679799;;-0,3879551820728292;0;1
2016-02-23;2;2016-02-23 02:00:00;17,23;20,89;-3,66;39111;0;44649;12746;12945;0;12945;12746;199;0;199;0,015372730784086519;0,015372730784086519;;-0,21242019733023795;0;1
2016-02-23;3;2016-02-23 03:00:00;17,47;18,67;-1,2000000000000028;39111;0;44649;11983;12403;0;12403;11983;420;0;420;0,03386277513504797;0,03386277513504797;;-0,06868918145392118;0;1
2016-02-23;4;2016-02-23 04:00:00;17,83;18,88;-1,0500000000000007;39111;0;44649;11431;11872;0;11872;11431;441;0;441;0,03714622641509434;0,03714622641509434;;-0,05888951205832871;0;1
2016-02-23;5;2016-02-23 05:00:00;19,15;24,6;-5,450000000000002;39111;0;44649;10759;11418;0;11418;10759;659;0;659;0,057715887195655985;0,057715887195655985;;-0,28459530026109675;0;1
2016-02-23;6;2016-02-23 06:00:00;27,32;28,05;-0,7300000000000004;39111;0;44649;10554;11183;0;11183;10554;629;0;629;0,05624608781185728;0,05624608781185728;;-0,026720351390922416;0;1
2016-02-23;7;2016-02-23 07:00:00;30,62;32,12;-1,4999999999999964;39111;168;44649;10344;11044;189;11233;10512;700;21;721;0,0641858808866732;0,0633828323071351;0,1111111111111111;-0,048987589810581204;0;1
2016-02-23;8;2016-02-23 08:00:00;31,9;33,37;-1,4699999999999989;39111;1170;44649;9761;11022;1305;12327;10931;1261;135;1396;0,11324734323030745;0,11440754853928507;0,10344827586206896;-0,046081504702194326;0;1
2016-02-23;9;2016-02-23 09:00:00;31,09;33,97;-2,879999999999999;39111;2754;44649;9220;11094;2922;14016;11974;1874;168;2042;0,1456906392694064;0,16892013701099692;0,057494866529774126;-0,09263428755226757;0;1
2016-02-23;10;2016-02-23 10:00:00;29,19;35,02;-5,830000000000003;39111;4338;44649;9388;11324;4607;15931;13726;1936;269;2205;0,13840939049651624;0,1709643235605793;0,058389407423486;-0,19972593353888327;0;1
2016-02-23;11;2016-02-23 11:00:00;30,68;35,46;-4,780000000000001;39111;5757;44649;10157;11620;5868;17488;15914;1463;111;1574;0,09000457456541629;0,12590361445783133;0,018916155419222903;-0,15580182529335077;0;1
2016-02-23;12;2016-02-23 12:00:00;25,92;29,0;-3,0799999999999983;39111;6514;44649;10784;11854;6399;18253;17298;1070;-115;955;0,05232016654796472;0,09026488948878016;-0,017971558055946243;-0,11882716049382709;0;1
2016-02-23;13;2016-02-23 13:00:00;24,96;27,47;-2,509999999999998;39111;6195;44649;11098;12010;6200;18210;17293;912;5;917;0,05035694673256452;0,07593671940049958;0,0008064516129032258;-0,10056089743589736;0;1
2016-02-23;14;2016-02-23 14:00:00;23,9;26,3;-2,400000000000002;39111;5136;44649;11354;11900;5305;17205;16490;546;169;715;0,04155768671897704;0,04588235294117647;0,031856738925541944;-0,1004184100418411;0;1
2016-02-23;15;2016-02-23 15:00:00;24,13;25,43;-1,3000000000000007;39111;3594;44649;11179;11683;3765;15448;14773;504;171;675;0,04369497669601243;0,04313960455362492;0,04541832669322709;-0,05387484459179448;0;1
2016-02-23;16;2016-02-23 16:00:00;24,36;23,25;1,1099999999999994;39111;1808;44649;11434;11514;1817;13331;13242;80;9;89;0,006676168329457655;0,006948063227375369;0,0049532195927352776;0,045566502463054166;0;1
2016-02-23;17;2016-02-23 17:00:00;30,08;24,94;5,139999999999997;39111;288;44649;11744;11526;309;11835;12032;-218;21;-197;-0,016645542881284326;-0,018913760194343224;0,06796116504854369;0,170877659574468;0;1
2016-02-23;18;2016-02-23 18:00:00;36,75;35,8;0,9500000000000028;39111;2;44649;13424;11773;0;11773;13426;-1651;-2;-1653;-0,140406013760299;-0,14023613352586425;-inf;0,0258503401360545;0;1
2016-02-23;19;2016-02-23 19:00:00;29,94;30,26;-0,3200000000000003;39111;0;44649;14758;12384;0;12384;14758;-2374;0;-2374;-0,19169896640826872;-0,19169896640826872;;-0,010688042752171018;0;1
2016-02-23;20;2016-02-23 20:00:00;22,96;22,4;0,5600000000000023;39111;0;44649;15241;12754;0;12754;15241;-2487;0;-2487;-0,19499764779676965;-0,19499764779676965;;0,024390243902439122;0;1
2016-02-23;21;2016-02-23 21:00:00;23,23;21,14;2,09;39111;0;44649;16154;13018;0;13018;16154;-3136;0;-3136;-0,2408972192349055;-0,2408972192349055;;0,08996986655187257;0;1
2016-02-23;22;2016-02-23 22:00:00;19,76;21,0;-1,2399999999999984;39111;0;44649;16008;13154;0;13154;16008;-2854;0;-2854;-0,2169682225938878;-0,2169682225938878;;-0,06275303643724688;0;1
2016-02-23;23;2016-02-23 23:00:00;17,9;15,97;1,929999999999998;39111;0;44649;15446;13202;0;13202;15446;-2244;0;-2244;-0,1699742463263142;-0,1699742463263142;;0,10782122905027923;0;1
2016-02-24;0;2016-02-24 00:00:00;18,04;20,7;-2,66;39115;0;44655;15174;13795;0;13795;15174;-1379;0;-1379;-0,09996375498368974;-0,09996375498368974;;-0,14745011086474502;0;2
2016-02-24;1;2016-02-24 01:00:00;16,59;20,25;-3,66;39115;0;44655;14902;13721;0;13721;14902;-1181;0;-1181;-0,08607244369943881;-0,08607244369943881;;-0,22061482820976494;0;2
2016-02-24;2;2016-02-24 02:00:00;13,61;18,68;-5,07;39115;0;44655;15014;13591;0;13591;15014;-1423;0;-1423;-0,10470164079170038;-0,10470164079170038;;-0,37252020573108013;0;2
2016-02-24;3;2016-02-24 03:00:00;13,66;15,13;-1,4700000000000006;39115;0;44655;14647;13367;0;13367;14647;-1280;0;-1280;-0,09575821051844094;-0,09575821051844094;;-0,10761346998535876;0;2
2016-02-24;4;2016-02-24 04:00:00;17,43;18,0;-0,5700000000000003;39115;0;44655;14472;13078;0;13078;14472;-1394;0;-1394;-0,10659122189937299;-0,10659122189937299;;-0,032702237521514646;0;2
2016-02-24;5;2016-02-24 05:00:00;18,92;22,38;-3,4599999999999973;39115;0;44655;13844;12836;0;12836;13844;-1008;0;-1008;-0,07852913680274229;-0,07852913680274229;;-0,18287526427061296;0;2
2016-02-24;6;2016-02-24 06:00:00;23,15;29,41;-6,2600000000000025;39115;0;44655;13990;12576;3;12579;13990;-1414;3;-1411;-0,11217107878209714;-0,11243638676844783;1,0;-0,2704103671706265;0;2
2016-02-24;7;2016-02-24 07:00:00;33,69;35,85;-2,160000000000004;39115;342;44655;13089;12295;439;12734;13431;-794;97;-697;-0,054735354169938744;-0,06457909719398129;0,22095671981776766;-0,06411398040961723;0;2
2016-02-24;8;2016-02-24 08:00:00;30,99;35,65;-4,66;39115;2150;44655;11461;12166;3011;15177;13611;705;861;1566;0,10318244712393754;0,05794838073319086;0,2859515111258718;-0,15037108744756375;0;2
2016-02-24;9;2016-02-24 09:00:00;25,04;35,46;-10,420000000000002;39115;5657;44655;10698;12015;6447;18462;16355;1317;790;2107;0,11412631350882894;0,10961298377028714;0,12253761439429192;-0,4161341853035145;0;2
2016-02-24;10;2016-02-24 10:00:00;23,41;32,72;-9,31;39115;9072;44655;11371;11765;10078;21843;20443;394;1006;1400;0,06409376001465;0,033489162770930725;0,09982139313355824;-0,3976932934643315;0;2
2016-02-24;11;2016-02-24 11:00:00;22,56;29,64;-7,080000000000003;39115;11082;44655;12442;11622;12857;24479;23524;-820;1775;955;0,03901303157808734;-0,07055584236792291;0,13805708952321694;-0,3138297872340427;0;2
2016-02-24;12;2016-02-24 12:00:00;22,03;28,76;-6,73;39115;11542;44655;12889;11459;14045;25504;24431;-1430;2503;1073;0,04207183186951066;-0,1247927393315298;0,1782128871484514;-0,30549251021334545;0;2
2016-02-24;13;2016-02-24 13:00:00;22,05;25,91;-3,86;39115;11518;44655;12683;11268;13641;24909;24201;-1415;2123;708;0,028423461399494157;-0,12557685481008166;0,15563375119126163;-0,17505668934240362;0;2
2016-02-24;14;2016-02-24 14:00:00;22,56;25,48;-2,9200000000000017;39115;10518;44655;11415;10780;11547;22327;21933;-635;1029;394;0,017646795359878176;-0,05890538033395176;0,08911405559885685;-0,12943262411347525;0;2
2016-02-24;15;2016-02-24 15:00:00;24,0;24,72;-0,7199999999999989;39115;7958;44655;9832;10108;8049;18157;17790;276;91;367;0,020212590185603348;0,027305104867431738;0,011305752267362405;-0,029999999999999954;0;2
2016-02-24;16;2016-02-24 16:00:00;25,05;24,61;0,4400000000000013;39115;3842;44655;8085;9201;3942;13143;11927;1116;100;1216;0,09252073347028837;0,12129116400391261;0,025367833587011668;0,01756487025948109;0;2
2016-02-24;17;2016-02-24 17:00:00;31,96;31,02;0,9400000000000012;39115;493;44655;6497;8141;669;8810;6990;1644;176;1820;0,20658342792281498;0,20194079351431027;0,26307922272047835;0,029411764705882387;0;2
2016-02-24;18;2016-02-24 18:00:00;35,68;38,15;-2,4699999999999993;39115;3;44655;6058;7519;0;7519;6061;1461;-3;1458;0,1939087644633595;0,19430775369065034;-inf;-0,06922645739910312;0;2
2016-02-24;19;2016-02-24 19:00:00;36,41;34,85;1,5599999999999952;39115;0;44655;6538;7332;0;7332;6538;794;0;794;0,1082924168030551;0,1082924168030551;;0,042845372150507974;0;2
2016-02-24;20;2016-02-24 20:00:00;30,51;30,13;0,38000000000000256;39115;0;44655;6544;7423;0;7423;6544;879;0;879;0,11841573487808164;0,11841573487808164;;0,012454932808915194;0;2
2016-02-24;21;2016-02-24 21:00:00;23,97;28,6;-4,630000000000003;39115;0;44655;6464;7462;0;7462;6464;998;0;998;0,1337443044760118;0,1337443044760118;;-0,19315811430955374;0;2
2016-02-24;22;2016-02-24 22:00:00;22,96;26,34;-3,379999999999999;39115;0;44655;6583;7357;0;7357;6583;774;0;774;0,10520592632866657;0,10520592632866657;;-0,14721254355400692;0;2
2016-02-24;23;2016-02-24 23:00:00;20,56;24,02;-3,4600000000000013;39115;0;44655;6372;7181;0;7181;6372;809;0;809;0,11265840412198858;0,11265840412198858;;-0,16828793774319073;0;2
2016-02-25;0;2016-02-25 00:00:00;24,04;22,98;1,0599999999999987;39119;0;44672;5854;5236;0;5236;5854;-618;0;-618;-0,11802902979373568;-0,11802902979373568;;0,044093178036605604;0;3
2016-02-25;1;2016-02-25 01:00:00;22,58;21,17;1,4099999999999966;39119;0;44672;5508;5047;0;5047;5508;-461;0;-461;-0,09134139092530216;-0,09134139092530216;;0,06244464127546487;0;3
2016-02-25;2;2016-02-25 02:00:00;21,26;21,54;-0,2799999999999976;39119;0;44672;5314;4858;0;4858;5314;-456;0;-456;-0,09386578839028406;-0,09386578839028406;;-0,013170272812793865;0;3
2016-02-25;3;2016-02-25 03:00:00;20,09;20,81;-0,7199999999999989;39119;0;44672;5149;4723;0;4723;5149;-426;0;-426;-0,0901969087444421;-0,0901969087444421;;-0,03583872573419606;0;3
2016-02-25;4;2016-02-25 04:00:00;19,94;20,54;-0,5999999999999979;39119;0;44672;5068;4636;0;4636;5068;-432;0;-432;-0,09318377911993098;-0,09318377911993098;;-0,030090270812437203;0;3
2016-02-25;5;2016-02-25 05:00:00;21,7;22,22;-0,5199999999999996;39119;0;44672;5086;4653;0;4653;5086;-433;0;-433;-0,0930582419944122;-0,0930582419944122;;-0,023963133640552976;0;3
2016-02-25;6;2016-02-25 06:00:00;27,19;28,91;-1,7199999999999989;39119;0;44672;5003;4712;3;4715;5003;-291;3;-288;-0,06108165429480382;-0,0617572156196944;1,0;-0,06325855093784476;0;3
2016-02-25;7;2016-02-25 07:00:00;36,04;35,72;0,3200000000000003;39119;277;44672;5179;4786;395;5181;5456;-393;118;-275;-0,05307855626326964;-0,08211450062682825;0,29873417721518986;0,00887902330743619;0;3
2016-02-25;8;2016-02-25 08:00:00;38,29;33,36;4,93;39119;2172;44672;4990;4836;2463;7299;7162;-154;291;137;0,01876969447869571;-0,03184449958643507;0,11814859926918392;0,1287542439279185;0;3
2016-02-25;9;2016-02-25 09:00:00;34,44;29,06;5,379999999999999;39119;5504;44672;4730;4975;5356;10331;10234;245;-148;97;0,009389216919949666;0,04924623115577889;-0,027632561613144136;0,1562137049941928;0;3
2016-02-25;10;2016-02-25 10:00:00;32,12;26,16;5,959999999999997;39119;8730;44672;4972;5238;8308;13546;13702;266;-422;-156;-0,011516314779270634;0,05078274150439099;-0,050794415021665866;0,18555417185554166;0;3
2016-02-25;11;2016-02-25 11:00:00;30,44;25,27;5,170000000000002;39119;10326;44672;6368;5637;10416;16053;16694;-731;90;-641;-0,039930231109449946;-0,12967890722015257;0,008640552995391706;0,1698423127463864;0;3
2016-02-25;12;2016-02-25 12:00:00;26,55;22,31;4,240000000000002;39119;9987;44672;7964;6158;11305;17463;17951;-1806;1318;-488;-0,02794479757200939;-0,29327703799935045;0,11658558160106147;0,15969868173258012;0;3
2016-02-25;13;2016-02-25 13:00:00;26,01;22,27;3,740000000000002;39119;8560;44672;8974;6617;10997;17614;17534;-2357;2437;80;0,004541841716816169;-0,35620371769684145;0,22160589251614077;0,1437908496732027;0;3
2016-02-25;14;2016-02-25 14:00:00;25,0;23,02;1,9800000000000004;39119;6974;44672;9357;6698;9374;16072;16331;-2659;2400;-259;-0,016114982578397212;-0,39698417438041206;0,2560273095796885;0,07920000000000002;0;3
2016-02-25;15;2016-02-25 15:00:00;24,78;23,5;1,2800000000000011;39119;5130;44672;9108;6432;6571;13003;14238;-2676;1441;-1235;-0,09497808198108129;-0,416044776119403;0,21929691066808704;0,05165456012913645;0;3
2016-02-25;16;2016-02-25 16:00:00;25,39;22,36;3,030000000000001;39119;2500;44672;8006;6003;3269;9272;10506;-2003;769;-1234;-0,13308886971527178;-0,3336665000832917;0,23524013459773632;0,11933832217408433;0;3
2016-02-25;17;2016-02-25 17:00:00;31,16;25,42;5,7399999999999975;39119;434;44672;7083;5686;623;6309;7517;-1397;189;-1208;-0,1914724996037407;-0,24569117129792473;0,30337078651685395;0,1842105263157894;0;3
2016-02-25;18;2016-02-25 18:00:00;39,91;32,94;6,969999999999999;39119;3;44672;7036;5793;0;5793;7039;-1243;-3;-1246;-0,21508717417572934;-0,21456930778525807;-inf;0,1746429466299173;0;3
2016-02-25;19;2016-02-25 19:00:00;36,51;30,28;6,229999999999998;39119;0;44672;7366;6309;0;6309;7366;-1057;0;-1057;-0,1675384371532731;-0,1675384371532731;;0,1706381813201862;0;3
2016-02-25;20;2016-02-25 20:00:00;31,54;26,4;5,1400000000000015;39119;0;44672;8192;6801;0;6801;8192;-1391;0;-1391;-0,2045287457726805;-0,2045287457726805;;0,16296766011414082;0;3
2016-02-25;21;2016-02-25 21:00:00;25,2;21,25;3,9499999999999993;39119;0;44672;8686;7051;0;7051;8686;-1635;0;-1635;-0,2318820025528294;-0,2318820025528294;;0,15674603174603172;0;3
2016-02-25;22;2016-02-25 22:00:00;25,1;22,16;2,9400000000000013;39119;0;44672;8722;7140;0;7140;8722;-1582;0;-1582;-0,22156862745098038;-0,22156862745098038;;0,1171314741035857;0;3
2016-02-25;23;2016-02-25 23:00:00;23,84;21,83;2,0100000000000016;39119;0;44672;8888;7138;0;7138;8888;-1750;0;-1750;-0,24516671336508827;-0,24516671336508827;;0,08431208053691282;0;3
2016-02-26;0;2016-02-26 00:00:00;21,66;21,62;0,03999999999999915;39122;0;44694;8540;8198;0;8198;8540;-342;0;-342;-0,041717492071236886;-0,041717492071236886;;0,0018467220683286772;0;4
2016-02-26;1;2016-02-26 01:00:00;21,69;21,0;0,6900000000000013;39122;0;44694;8258;7944;0;7944;8258;-314;0;-314;-0,039526686807653574;-0,039526686807653574;;0,03181189488243436;0;4
2016-02-26;2;2016-02-26 02:00:00;21,11;21,58;-0,4699999999999989;39122;0;44694;7788;7652;0;7652;7788;-136;0;-136;-0,017773131207527444;-0,017773131207527444;;-0,02226432970156319;0;4
2016-02-26;3;2016-02-26 03:00:00;20,0;21,07;-1,0700000000000005;39122;0;44694;7579;7261;0;7261;7579;-318;0;-318;-0,043795620437956206;-0,043795620437956206;;-0,05350000000000003;0;4
2016-02-26;4;2016-02-26 04:00:00;21,02;20,33;0,6900000000000013;39122;0;44694;7205;6804;0;6804;7205;-401;0;-401;-0,05893592004703116;-0,05893592004703116;;0,03282588011417704;0;4
2016-02-26;5;2016-02-26 05:00:00;22,07;20,79;1,2800000000000011;39122;0;44694;6146;6248;0;6248;6146;102;0;102;0,016325224071702945;0,016325224071702945;;0,05799728137743548;0;4
2016-02-26;6;2016-02-26 06:00:00;27,35;26,97;0,38000000000000256;39122;0;44694;5799;5641;5;5646;5799;-158;5;-153;-0,02709883103081828;-0,0280092182237192;1,0;0,013893967093235924;0;4
2016-02-26;7;2016-02-26 07:00:00;32,93;31,37;1,5599999999999987;39122;542;44694;5177;5046;652;5698;5719;-131;110;-21;-0,0036855036855036856;-0,025961157352358304;0,1687116564417178;0,04737321591254172;0;4
2016-02-26;8;2016-02-26 08:00:00;36,08;33,7;2,3799999999999955;39122;3488;44694;4430;4489;3836;8325;7918;59;348;407;0,04888888888888889;0,013143239028736913;0,09071949947862357;0,06596452328159633;0;4
2016-02-26;9;2016-02-26 09:00:00;33,48;33,07;0,4099999999999966;39122;7392;44694;3706;3989;7805;11794;11098;283;413;696;0,05901305748685772;0,07094509902231136;0,05291479820627803;0,012246117084826662;0;4
2016-02-26;10;2016-02-26 10:00:00;31,68;31,38;0,3000000000000007;39122;10974;44694;3383;3531;11408;14939;14357;148;434;582;0,038958430952540334;0,04191447182101388;0,03804347826086957;0,009469696969696993;0;4
2016-02-26;11;2016-02-26 11:00:00;29,5;28,65;0,8500000000000014;39122;12492;44694;2930;3072;13794;16866;15422;142;1302;1444;0,0856160322542393;0,046223958333333336;0,09438886472379296;0,028813559322033947;0;4
2016-02-26;12;2016-02-26 12:00:00;27,47;27,41;0,05999999999999873;39122;12066;44694;2617;2615;14759;17374;14683;-2;2693;2691;0,15488661217911823;-0,0007648183556405354;0,18246493664882443;0,0021842009464870305;0;4
2016-02-26;13;2016-02-26 13:00:00;25,06;28,41;-3,3500000000000014;39122;10965;44694;2158;2221;14118;16339;13123;63;3153;3216;0,1968296713385152;0,028365601080594327;0,22333191670208244;-0,13367916999201923;0;4
2016-02-26;14;2016-02-26 14:00:00;24,0;26,47;-2,4699999999999993;39122;9286;44694;1844;1861;11903;13764;11130;17;2617;2634;0,1913687881429817;0,009134873723804407;0,21986053935982525;-0,10291666666666664;0;4
2016-02-26;15;2016-02-26 15:00:00;25,11;25,16;-0,05000000000000071;39122;6764;44694;1430;1531;8393;9924;8194;101;1629;1730;0,1743248690044337;0,0659699542782495;0,1940903133563684;-0,0019912385503783638;0;4
2016-02-26;16;2016-02-26 16:00:00;26,94;24,72;2,2200000000000024;39122;3329;44694;1290;1329;4195;5524;4619;39;866;905;0,16383055756698045;0,029345372460496615;0,2064362336114422;0,08240534521158138;0;4
2016-02-26;17;2016-02-26 17:00:00;33,98;28,56;5,419999999999997;39122;557;44694;1172;1377;777;2154;1729;205;220;425;0,19730733519034355;0,14887436456063907;0,28314028314028317;0,15950559152442606;0;4
2016-02-26;18;2016-02-26 18:00:00;39,94;36,05;3,890000000000001;39122;4;44694;1360;1539;0;1539;1364;179;-4;175;0,11371020142949967;0,11630929174788823;-inf;0,09739609414121185;0;4
2016-02-26;19;2016-02-26 19:00:00;37,55;33,09;4,459999999999994;39122;0;44694;1689;1725;0;1725;1689;36;0;36;0,020869565217391306;0,020869565217391306;;0,11877496671105177;0;4
2016-02-26;20;2016-02-26 20:00:00;31,18;28,18;3,0;39122;0;44694;2040;1885;0;1885;2040;-155;0;-155;-0,08222811671087533;-0,08222811671087533;;0,09621552277100706;0;4
2016-02-26;21;2016-02-26 21:00:00;26,35;24,04;2,3100000000000023;39122;0;44694;2308;2010;0;2010;2308;-298;0;-298;-0,1482587064676617;-0,1482587064676617;;0,0876660341555978;0;4
2016-02-26;22;2016-02-26 22:00:00;26,86;23,51;3,3499999999999983;39122;0;44694;2493;2166;0;2166;2493;-327;0;-327;-0,15096952908587258;-0,15096952908587258;;0,12472077438570359;0;4
2016-02-26;23;2016-02-26 23:00:00;25,0;23,13;1,870000000000001;39122;0;44694;2604;2367;0;2367;2604;-237;0;-237;-0,10012674271229405;-0,10012674271229405;;0,07480000000000003;0;4
2016-02-27;0;2016-02-27 00:00:00;26,94;23,56;3,3800000000000026;39122;0;44694;2748;2417;0;2417;2748;-331;0;-331;-0,13694662805130328;-0,13694662805130328;;0,1254639940608761;0;5
2016-02-27;1;2016-02-27 01:00:00;23,02;20,7;2,3200000000000003;39122;0;44694;2924;2530;0;2530;2924;-394;0;-394;-0,15573122529644268;-0,15573122529644268;;0,1007819287576021;0;5
2016-02-27;2;2016-02-27 02:00:00;21,77;19,37;2,3999999999999986;39122;0;44694;3038;2705;0;2705;3038;-333;0;-333;-0,12310536044362293;-0,12310536044362293;;0,11024345429490118;0;5
2016-02-27;3;2016-02-27 03:00:00;19,76;19,05;0,7100000000000009;39122;0;44694;3131;2887;0;2887;3131;-244;0;-244;-0,08451679944579148;-0,08451679944579148;;0,03593117408906887;0;5
2016-02-27;4;2016-02-27 04:00:00;19,83;19,02;0,8099999999999987;39122;0;44694;3450;3150;0;3150;3450;-300;0;-300;-0,09523809523809523;-0,09523809523809523;;0,040847201210287384;0;5
2016-02-27;5;2016-02-27 05:00:00;20,16;18,66;1,5;39122;0;44694;3806;3396;0;3396;3806;-410;0;-410;-0,12073027090694935;-0,12073027090694935;;0,0744047619047619;0;5
2016-02-27;6;2016-02-27 06:00:00;21,18;19,77;1,41;39122;0;44694;4286;3656;8;3664;4286;-630;8;-622;-0,1697598253275109;-0,17231947483588622;1,0;0,06657223796033994;0;5
2016-02-27;7;2016-02-27 07:00:00;22,76;21,0;1,7600000000000016;39122;660;44694;4762;3719;790;4509;5422;-1043;130;-913;-0,2024839210467953;-0,2804517343371874;0,16455696202531644;0,07732864674868196;0;5
2016-02-27;8;2016-02-27 08:00:00;25,71;20,16;5,550000000000002;39122;4233;44694;4587;3505;4608;8113;8820;-1082;375;-707;-0,08714408973252805;-0,3087018544935806;0,08138020833333333;0,21586931155192537;0;5
2016-02-27;9;2016-02-27 09:00:00;26,79;21,5;5,289999999999999;39122;9587;44694;3348;3118;9338;12456;12935;-230;-249;-479;-0,038455362877328196;-0,07376523412443874;-0,026665238809166845;0,1974617394550205;0;5
2016-02-27;10;2016-02-27 10:00:00;23,24;21,26;1,9799999999999969;39122;13795;44694;2584;2965;13588;16553;16379;381;-207;174;0,010511689723917115;0,1284991568296796;-0,015234030026493966;0,08519793459552483;0;5
2016-02-27;11;2016-02-27 11:00:00;21,17;19,44;1,7300000000000004;39122;16523;44694;2901;3195;16257;19452;19424;294;-266;28;0,0014394406744807733;0,09201877934272301;-0,01636218244448545;0,08171941426547003;0;5
2016-02-27;12;2016-02-27 12:00:00;19,92;20,28;-0,35999999999999943;39122;17650;44694;3780;3615;17254;20869;21430;-165;-396;-561;-0,026881978053572283;-0,04564315352697095;-0,02295119972180364;-0,018072289156626477;0;5
2016-02-27;13;2016-02-27 13:00:00;19,49;18,08;1,41;39122;16978;44694;4322;4071;16530;20601;21300;-251;-448;-699;-0,033930391728556865;-0,06165561287153034;-0,027102238354506956;0,07234479220112879;0;5
2016-02-27;14;2016-02-27 14:00:00;19,68;16,09;3,59;39122;14562;44694;4642;4472;13973;18445;19204;-170;-589;-759;-0,04114936297099485;-0,03801431127012522;-0,04215272310885279;0,18241869918699186;0;5
2016-02-27;15;2016-02-27 15:00:00;19,93;16,99;2,9400000000000013;39122;10206;44694;5054;4787;9922;14709;15260;-267;-284;-551;-0,03746005846760487;-0,0557760601629413;-0,02862326143922596;0,14751630707476174;0;5
2016-02-27;16;2016-02-27 16:00:00;20,21;16,99;3,2200000000000024;39122;5000;44694;5198;5094;5096;10190;10198;-104;96;-8;-0,0007850834151128558;-0,020416175893207697;0,018838304552590265;0,15932706580900555;0;5
2016-02-27;17;2016-02-27 17:00:00;24,97;21,73;3,2399999999999984;39122;826;44694;5369;5622;1015;6637;6195;253;189;442;0,06659635377429561;0,04500177872643187;0,18620689655172415;0,1297557068482178;0;5
2016-02-27;18;2016-02-27 18:00:00;32,04;26,94;5,099999999999998;39122;5;44694;6715;6337;1;6338;6720;-378;-4;-382;-0,060271378983906596;-0,05964967650307717;-4,0;0,15917602996254676;0;5
2016-02-27;19;2016-02-27 19:00:00;31,91;25,24;6,670000000000003;39122;0;44694;7802;6866;0;6866;7802;-936;0;-936;-0,13632391494319837;-0,13632391494319837;;0,20902538389219688;0;5
2016-02-27;20;2016-02-27 20:00:00;25,72;21,51;4,209999999999997;39122;0;44694;7814;6806;0;6806;7814;-1008;0;-1008;-0,14810461357625623;-0,14810461357625623;;0,16368584758942448;0;5
2016-02-27;21;2016-02-27 21:00:00;21,74;20,36;1,379999999999999;39122;0;44694;7298;6458;0;6458;7298;-840;0;-840;-0,13007122948281202;-0,13007122948281202;;0,06347746090156389;0;5
2016-02-27;22;2016-02-27 22:00:00;23,1;20,72;2,3800000000000026;39122;0;44694;6541;6063;0;6063;6541;-478;0;-478;-0,07883885865083293;-0,07883885865083293;;0,10303030303030314;0;5
2016-02-27;23;2016-02-27 23:00:00;20,98;19,39;1,59;39122;0;44694;5993;5676;0;5676;5993;-317;0;-317;-0,055849189570119806;-0,055849189570119806;;0,07578646329837942;0;5
2016-02-28;0;2016-02-28 00:00:00;19,9;18,87;1,0299999999999976;39122;0;44731;5646;4488;0;4488;5646;-1158;0;-1158;-0,2580213903743315;-0,2580213903743315;;0,05175879396984913;0;6
2016-02-28;1;2016-02-28 01:00:00;18,39;17,64;0,75;39122;0;44731;5713;4281;0;4281;5713;-1432;0;-1432;-0,33450128474655455;-0,33450128474655455;;0,040783034257748776;0;6
2016-02-28;2;2016-02-28 02:00:00;18,01;14,36;3,6500000000000017;39122;0;44731;5813;4123;0;4123;5813;-1690;0;-1690;-0,40989570700945915;-0,40989570700945915;;0,20266518600777353;0;6
2016-02-28;3;2016-02-28 03:00:00;17,62;13,21;4,41;39122;0;44731;5897;4071;0;4071;5897;-1826;0;-1826;-0,44853844264308523;-0,44853844264308523;;0,25028376844494893;0;6
2016-02-28;4;2016-02-28 04:00:00;17,31;14,3;3,009999999999998;39122;0;44731;6263;4126;0;4126;6263;-2137;0;-2137;-0,5179350460494425;-0,5179350460494425;;0,17388792605430378;0;6
2016-02-28;5;2016-02-28 05:00:00;17,46;15,65;1,8100000000000005;39122;0;44731;6581;4151;0;4151;6581;-2430;0;-2430;-0,5854011081667068;-0,5854011081667068;;0,10366552119129441;0;6
2016-02-28;6;2016-02-28 06:00:00;17,51;14,78;2,7300000000000018;39122;1;44731;6870;4088;9;4097;6871;-2782;8;-2774;-0,6770807908225531;-0,6805283757338552;0,8888888888888888;0,15591090805254149;0;6
2016-02-28;7;2016-02-28 07:00:00;17,58;14,79;2,7899999999999987;39122;564;44731;7087;4034;681;4715;7651;-3053;117;-2936;-0,6226935312831389;-0,7568170550322261;0,17180616740088106;0,1587030716723549;0;6
2016-02-28;8;2016-02-28 08:00:00;17,9;18,35;-0,4500000000000029;39122;3294;44731;6670;3868;3692;7560;9964;-2802;398;-2404;-0,317989417989418;-0,7244053774560496;0,10780065005417118;-0,025139664804469438;0;6
2016-02-28;9;2016-02-28 09:00:00;19,02;19,53;-0,5100000000000016;39122;6832;44731;5667;3653;7393;11046;12499;-2014;561;-1453;-0,13154082925946045;-0,551327675882836;0,07588259164074124;-0,02681388012618305;0;6
2016-02-28;10;2016-02-28 10:00:00;19,01;20,91;-1,8999999999999984;39122;9960;44731;5168;3658;10900;14558;15128;-1510;940;-570;-0,03915372990795439;-0,4127938764352105;0,08623853211009175;-0,09994739610731185;0;6
2016-02-28;11;2016-02-28 11:00:00;19,02;21,31;-2,289999999999999;39122;11690;44731;5552;3939;13227;17166;17242;-1613;1537;-76;-0,004427356402190376;-0,4094947956334095;0,1162017086262947;-0,12039957939011563;0;6
2016-02-28;12;2016-02-28 12:00:00;16,6;20,84;-4,239999999999998;39122;11781;44731;6096;4412;14090;18502;17877;-1684;2309;625;0,03378013187763485;-0,38168631006346326;0,163875088715401;-0,25542168674698784;0;6
2016-02-28;13;2016-02-28 13:00:00;14,06;19,75;-5,69;39122;10275;44731;6748;5135;13465;18600;17023;-1613;3190;1577;0,08478494623655913;-0,31411879259980524;0,23691050872632752;-0,4046941678520626;0;6
2016-02-28;14;2016-02-28 14:00:00;12,45;18,28;-5,830000000000003;39122;8178;44731;7740;5968;11269;17237;15918;-1772;3091;1319;0,076521436444857;-0,29691689008042893;0,274292306327092;-0,46827309236947817;0;6
2016-02-28;15;2016-02-28 15:00:00;12,21;16,02;-3,809999999999999;39122;5566;44731;8568;6720;7800;14520;14134;-1848;2234;386;0,026584022038567492;-0,275;0,2864102564102564;-0,31203931203931196;0;6
2016-02-28;16;2016-02-28 16:00:00;13,26;15,42;-2,16;39122;2586;44731;8618;7392;3893;11285;11204;-1226;1307;81;0,00717766947275144;-0,16585497835497837;0,33573079886976626;-0,16289592760180996;0;6
2016-02-28;17;2016-02-28 17:00:00;19,11;21,33;-2,2199999999999993;39122;471;44731;8782;8007;776;8783;9253;-775;305;-470;-0,05351246726630992;-0,09679030848007993;0,39304123711340205;-0,11616954474097328;0;6
2016-02-28;18;2016-02-28 18:00:00;24,6;27,41;-2,8099999999999987;39122;4;44731;10222;8737;0;8737;10226;-1485;-4;-1489;-0,17042463088016482;-0,16996680782877419;-inf;-0,11422764227642271;0;6
2016-02-28;19;2016-02-28 19:00:00;26,98;27,09;-0,10999999999999943;39122;0;44731;10937;9348;0;9348;10937;-1589;0;-1589;-0,1699828840393667;-0,1699828840393667;;-0,004077094143810208;0;6
2016-02-28;20;2016-02-28 20:00:00;21,81;22,78;-0,9700000000000024;39122;0;44731;10918;9531;0;9531;10918;-1387;0;-1387;-0,1455251285279614;-0,1455251285279614;;-0,044475011462631935;0;6
2016-02-28;21;2016-02-28 21:00:00;19,9;20,62;-0,7200000000000024;39122;0;44731;10790;9401;0;9401;10790;-1389;0;-1389;-0,14775023933624082;-0,14775023933624082;;-0,03618090452261319;0;6
2016-02-28;22;2016-02-28 22:00:00;20,44;23,62;-3,18;39122;0;44731;10604;9231;0;9231;10604;-1373;0;-1373;-0,1487379482179612;-0,1487379482179612;;-0,15557729941291584;0;6
2016-02-28;23;2016-02-28 23:00:00;19,93;21,17;-1,240000000000002;39122;0;44731;10255;9087;0;9087;10255;-1168;0;-1168;-0,12853527016617144;-0,12853527016617144;;-0,062217762167586656;0;6
2016-02-29;0;2016-02-29 00:00:00;19,12;17,85;1,2699999999999996;39125;0;44749;10086;8560;0;8560;10086;-1526;0;-1526;-0,17827102803738318;-0,17827102803738318;;0,06642259414225939;0;0
2016-02-29;1;2016-02-29 01:00:00;17,77;16,63;1,1400000000000006;39125;0;44749;9836;8563;0;8563;9836;-1273;0;-1273;-0,14866285180427422;-0,14866285180427422;;0,06415306696679801;0;0
2016-02-29;2;2016-02-29 02:00:00;17,6;17,0;0,6000000000000014;39125;0;44749;9699;8817;0;8817;9699;-882;0;-882;-0,10003402517863219;-0,10003402517863219;;0,03409090909090917;0;0
2016-02-29;3;2016-02-29 03:00:00;16,77;17,62;-0,8500000000000014;39125;0;44749;9846;9165;0;9165;9846;-681;0;-681;-0,07430441898527004;-0,07430441898527004;;-0,05068574836016705;0;0
2016-02-29;4;2016-02-29 04:00:00;17,01;17,61;-0,5999999999999979;39125;0;44749;10274;9608;0;9608;10274;-666;0;-666;-0,06931723563696919;-0,06931723563696919;;-0,03527336860670181;0;0
2016-02-29;5;2016-02-29 05:00:00;18,49;21,03;-2,5400000000000027;39125;0;44749;10637;9999;0;9999;10637;-638;0;-638;-0,0638063806380638;-0,0638063806380638;;-0,13737155219037334;0;0
2016-02-29;6;2016-02-29 06:00:00;28,23;30,41;-2,18;39125;0;44749;11103;10371;5;10376;11103;-732;5;-727;-0,07006553585196608;-0,07058142898466879;1,0;-0,07722281261069784;0;0
2016-02-29;7;2016-02-29 07:00:00;34,72;36,0;-1,2800000000000011;39125;334;44749;11394;10656;402;11058;11728;-738;68;-670;-0,0605896183758365;-0,06925675675675676;0,1691542288557214;-0,03686635944700464;0;0
2016-02-29;8;2016-02-29 08:00:00;32,96;36,22;-3,259999999999998;39125;1700;44749;11124;10697;2162;12859;12824;-427;462;35;0,0027218290691344584;-0,03991773394409648;0,21369102682701202;-0,0989077669902912;0;0
2016-02-29;9;2016-02-29 09:00:00;27,99;32,01;-4,02;39125;3700;44749;10318;10463;4274;14737;14018;145;574;719;0,04878876297753953;0,013858358023511421;0,13430042115114646;-0,14362272240085744;0;0
2016-02-29;10;2016-02-29 10:00:00;24,92;32,08;-7,1599999999999975;39125;5550;44749;10420;10503;6262;16765;15970;83;712;795;0,047420220697882494;0,007902504046462915;0,11370169274992015;-0,2873194221508827;0;0
2016-02-29;11;2016-02-29 11:00:00;23,48;29,83;-6,349999999999998;39125;6600;44749;11010;11062;7515;18577;17610;52;915;967;0,05205361468482532;0,004700777436268306;0,1217564870259481;-0,2704429301533219;0;0
2016-02-29;12;2016-02-29 12:00:00;22,77;28,13;-5,3599999999999985;39125;6930;44749;11711;11766;7985;19751;18641;55;1055;1110;0,05619968609184345;0,004674485806561279;0,13212273011897308;-0,23539745278875707;0;0
2016-02-29;13;2016-02-29 13:00:00;22,2;26,58;-4,379999999999999;39125;6580;44749;11947;12325;7568;19893;18527;378;988;1366;0,06866737043181019;0,030669371196754565;0,13054968287526428;-0,19729729729729725;0;0
2016-02-29;14;2016-02-29 14:00:00;22,0;26,51;-4,510000000000002;39125;5599;44749;12314;12560;6328;18888;17913;246;729;975;0,05162007623888183;0,019585987261146496;0,1152022756005057;-0,20500000000000007;0;0
2016-02-29;15;2016-02-29 15:00:00;22,24;27,37;-5,130000000000003;39125;3973;44749;12208;12588;4507;17095;16181;380;534;914;0,053465925709271715;0,030187480139815696;0,11848236077213224;-0,2306654676258994;0;0
2016-02-29;16;2016-02-29 16:00:00;22,57;27,27;-4,699999999999998;39125;2007;44749;11470;12268;2354;14622;13477;798;347;1145;0,0783066611954589;0,06504727746984024;0,14740866610025488;-0,208241027913159;0;0
2016-02-29;17;2016-02-29 17:00:00;26,58;28,77;-2,1900000000000013;39125;436;44749;10410;11764;523;12287;10846;1354;87;1441;0,11727842435094002;0,11509690581434887;0,16634799235181644;-0,08239277652370208;0;0
2016-02-29;18;2016-02-29 18:00:00;34,03;40,12;-6,089999999999996;39125;7;44749;9927;11369;0;11369;9934;1442;-7;1435;0,12622042395989094;0,12683613334506114;-inf;-0,17895974140464285;0;0
2016-02-29;19;2016-02-29 19:00:00;31,21;39,28;-8,07;39125;0;44749;10045;11157;0;11157;10045;1112;0;1112;0,099668369633414;0,099668369633414;;-0,2585709708426786;0;0
2016-02-29;20;2016-02-29 20:00:00;27,14;34,09;-6,950000000000002;39125;0;44749;9626;10512;0;10512;9626;886;0;886;0,08428462709284627;0,08428462709284627;;-0,25607958732498165;0;0
2016-02-29;21;2016-02-29 21:00:00;23,04;30,47;-7,43;39125;0;44749;9158;9643;0;9643;9158;485;0;485;0,0502955511770196;0,0502955511770196;;-0,3224826388888889;0;0
2016-02-29;22;2016-02-29 22:00:00;22,55;28,68;-6,129999999999999;39125;0;44749;8317;8707;0;8707;8317;390;0;390;0,04479154703112438;0,04479154703112438;;-0,271840354767184;0;0
2016-02-29;23;2016-02-29 23:00:00;19,29;25,23;-5,940000000000001;39125;0;44749;7367;7648;0;7648;7367;281;0;281;0,03674163179916318;0,03674163179916318;;-0,30793157076205296;0;0
2016-03-01;0;2016-03-01 00:00:00;22,48;20,89;1,59;39127;0;44760;5789;5168;0;5168;5789;-621;0;-621;-0,1201625386996904;-0,1201625386996904;;0,07072953736654805;0;1
2016-03-01;1;2016-03-01 01:00:00;22,08;20,47;1,6099999999999994;39127;0;44760;4600;4436;0;4436;4600;-164;0;-164;-0,0369702434625789;-0,0369702434625789;;0,07291666666666664;0;1
2016-03-01;2;2016-03-01 02:00:00;19,87;20,79;-0,9199999999999982;39127;0;44760;3722;4016;0;4016;3722;294;0;294;0,07320717131474104;0,07320717131474104;;-0,04630095621540001;0;1
2016-03-01;3;2016-03-01 03:00:00;19,13;20,04;-0,91;39127;0;44760;3718;3841;0;3841;3718;123;0;123;0,032022910700338456;0,032022910700338456;;-0,047569262937794045;0;1
2016-03-01;4;2016-03-01 04:00:00;19,33;18,75;0,5799999999999983;39127;0;44760;4514;3654;0;3654;4514;-860;0;-860;-0,23535851122058019;-0,23535851122058019;;0,030005173305742285;0;1
2016-03-01;5;2016-03-01 05:00:00;20,18;18,47;1,7100000000000009;39127;0;44760;5153;3530;0;3530;5153;-1623;0;-1623;-0,45977337110481586;-0,45977337110481586;;0,08473736372646189;0;1
2016-03-01;6;2016-03-01 06:00:00;25,59;22,92;2,6699999999999977;39127;1;44760;5097;3484;7;3491;5098;-1613;6;-1607;-0,4603265539959897;-0,4629735935706085;0,8571428571428571;0,10433763188745594;0;1
2016-03-01;7;2016-03-01 07:00:00;32,93;29,08;3,8500000000000014;39127;322;44760;5032;3468;376;3844;5354;-1564;54;-1510;-0,3928199791883455;-0,45098039215686275;0,14361702127659576;0,11691466747646527;0;1
2016-03-01;8;2016-03-01 08:00:00;37,86;29,37;8,489999999999998;39127;1721;44760;4692;3555;2065;5620;6413;-1137;344;-793;-0,14110320284697508;-0,319831223628692;0,1665859564164649;0,22424722662440566;0;1
2016-03-01;9;2016-03-01 09:00:00;34,95;28,16;6,790000000000003;39127;3983;44760;4718;3732;4125;7857;8701;-986;142;-844;-0,10742013491154384;-0,2642015005359057;0,03442424242424243;0,19427753934191708;0;1
2016-03-01;10;2016-03-01 10:00:00;31,9;24,59;7,309999999999999;39127;5838;44760;5297;4017;6265;10282;11135;-1280;427;-853;-0,08296051351877066;-0,3186457555389594;0,06815642458100558;0,22915360501567394;0;1
2016-03-01;11;2016-03-01 11:00:00;30,06;24,39;5,669999999999997;39127;7148;44760;6372;4531;7735;12266;13520;-1841;587;-1254;-0,10223381705527475;-0,40631207239020084;0,07588881706528765;0,18862275449101787;0;1
2016-03-01;12;2016-03-01 12:00:00;28,8;24,38;4,420000000000002;39127;8000;44760;7568;5336;8297;13633;15568;-2232;297;-1935;-0,14193501063595687;-0,41829085457271364;0,03579607086898879;0,1534722222222223;0;1
2016-03-01;13;2016-03-01 13:00:00;27,96;23,63;4,330000000000002;39127;7830;44760;8428;6235;7891;14126;16258;-2193;61;-2132;-0,15092736797394873;-0,35172413793103446;0,0077303256874920795;0,1548640915593706;0;1
2016-03-01;14;2016-03-01 14:00:00;25,55;22,48;3,0700000000000003;39127;6569;44760;9478;7224;6519;13743;16047;-2254;-50;-2304;-0,16764898493778652;-0,312015503875969;-0,007669888019634913;0,12015655577299414;0;1
2016-03-01;15;2016-03-01 15:00:00;25,48;23,65;1,8300000000000016;39127;4321;44760;11019;8229;4417;12646;15340;-2790;96;-2694;-0,21303178870789183;-0,33904484141450963;0,021734208738963097;0,07182103610675046;0;1
2016-03-01;16;2016-03-01 16:00:00;23,97;24,47;-0,5;39127;1892;44760;12418;9193;2180;11373;14310;-3225;288;-2937;-0,25824320759694014;-0,3508103992167954;0,13211009174311927;-0,020859407592824366;0;1
2016-03-01;17;2016-03-01 17:00:00;26,95;25,29;1,66;39127;302;44760;13566;10471;480;10951;13868;-3095;178;-2917;-0,2663683681855538;-0,29557826377614366;0,37083333333333335;0,06159554730983302;0;1
2016-03-01;18;2016-03-01 18:00:00;26,0;26,74;-0,7399999999999984;39127;6;44760;15443;12014;2;12016;15449;-3429;-4;-3433;-0,28570239680426096;-0,28541701348426834;-2,0;-0,028461538461538403;0;1
2016-03-01;19;2016-03-01 19:00:00;22,63;26,49;-3,86;39127;0;44760;17501;13539;0;13539;17501;-3962;0;-3962;-0,2926360883373957;-0,2926360883373957;;-0,17057003977021654;0;1
2016-03-01;20;2016-03-01 20:00:00;21,26;23,81;-2,549999999999997;39127;0;44760;19356;15046;0;15046;19356;-4310;0;-4310;-0,28645487172670475;-0,28645487172670475;;-0,11994355597365931;0;1
2016-03-01;21;2016-03-01 21:00:00;19,52;20,35;-0,8300000000000018;39127;0;44760;20226;16233;0;16233;20226;-3993;0;-3993;-0,245980410275365;-0,245980410275365;;-0,042520491803278784;0;1
2016-03-01;22;2016-03-01 22:00:00;18,39;17,7;0,6900000000000013;39127;0;44760;20115;16830;0;16830;20115;-3285;0;-3285;-0,19518716577540107;-0,19518716577540107;;0,037520391517128944;0;1
2016-03-01;23;2016-03-01 23:00:00;17,06;19,49;-2,43;39127;0;44760;19938;16833;0;16833;19938;-3105;0;-3105;-0,18445909819996437;-0,18445909819996437;;-0,14243845252051585;0;1
2016-03-02;0;2016-03-02 00:00:00;10,58;10,26;0,3200000000000003;39128;0;44771;19394;16586;0;16586;19394;-2808;0;-2808;-0,16929940914023875;-0,16929940914023875;;0,03024574669187148;0;2
2016-03-02;1;2016-03-02 01:00:00;13,56;12,22;1,34;39128;0;44771;19205;16293;0;16293;19205;-2912;0;-2912;-0,17872706070091451;-0,17872706070091451;;0,09882005899705015;0;2
2016-03-02;2;2016-03-02 02:00:00;12,69;10,35;2,34;39128;0;44771;19230;16176;0;16176;19230;-3054;0;-3054;-0,18879821958456974;-0,18879821958456974;;0,18439716312056736;0;2
2016-03-02;3;2016-03-02 03:00:00;12,62;7,83;4,789999999999999;39128;0;44771;19073;16240;0;16240;19073;-2833;0;-2833;-0,17444581280788177;-0,17444581280788177;;0,3795562599049128;0;2
2016-03-02;4;2016-03-02 04:00:00;13,27;7,76;5,51;39128;0;44771;19747;16272;0;16272;19747;-3475;0;-3475;-0,21355703048180924;-0,21355703048180924;;0,4152223059532781;0;2
2016-03-02;5;2016-03-02 05:00:00;15,85;8,98;6,869999999999999;39128;0;44771;19489;16241;0;16241;19489;-3248;0;-3248;-0,19998768548734683;-0,19998768548734683;;0,43343848580441635;0;2
2016-03-02;6;2016-03-02 06:00:00;21,45;17,01;4,439999999999999;39128;1;44771;19916;16224;3;16227;19917;-3692;2;-3690;-0,2273987798114254;-0,22756410256410256;0,6666666666666666;0,20699300699300693;0;2
2016-03-02;7;2016-03-02 07:00:00;23,08;20,5;2,5799999999999983;39128;189;44771;19285;16109;194;16303;19474;-3176;5;-3171;-0,19450407900386432;-0,1971568688310882;0,02577319587628866;0,11178509532062385;0;2
2016-03-02;8;2016-03-02 08:00:00;25,96;22,5;3,4600000000000013;39128;924;44771;18479;15975;861;16836;19403;-2504;-63;-2567;-0,15247089569969113;-0,1567449139280125;-0,07317073170731707;0,13328197226502317;0;2
2016-03-02;9;2016-03-02 09:00:00;24,68;24,24;0,4400000000000013;39128;2233;44771;19156;15785;1773;17558;21389;-3371;-460;-3831;-0,21819113794281808;-0,21355717453278428;-0,25944726452340666;0,01782820097244738;0;2
2016-03-02;10;2016-03-02 10:00:00;26,7;24,56;2,140000000000001;39128;3629;44771;19238;15383;2782;18165;22867;-3855;-847;-4702;-0,25884943572804847;-0,2506013131378795;-0,3044572250179727;0,08014981273408243;0;2
2016-03-02;11;2016-03-02 11:00:00;28,0;23,55;4,449999999999998;39128;4836;44771;17828;15096;3606;18702;22664;-2732;-1230;-3962;-0,21184900010694044;-0,18097509273979862;-0,3410981697171381;0,15892857142857136;0;2
2016-03-02;12;2016-03-02 12:00:00;27,43;24,12;3,3099999999999987;39128;5581;44771;17431;14525;4170;18695;23012;-2906;-1411;-4317;-0,23091735758224124;-0,20006884681583476;-0,3383693045563549;0,12067079839591684;0;2
2016-03-02;13;2016-03-02 13:00:00;26,0;22,54;3,4600000000000013;39128;5680;44771;17115;13508;4434;17942;22795;-3607;-1246;-4853;-0,27048266636941254;-0,2670269469943737;-0,28101037437979254;0,13307692307692312;0;2
2016-03-02;14;2016-03-02 14:00:00;25,92;21,74;4,180000000000003;39128;5089;44771;15360;11954;4236;16190;20449;-3406;-853;-4259;-0,2630636195182211;-0,284925547933746;-0,20136921624173748;0,16126543209876554;0;2
2016-03-02;15;2016-03-02 15:00:00;28,06;21,63;6,43;39128;3547;44771;13662;10253;3384;13637;17209;-3409;-163;-3572;-0,2619344430593239;-0,3324880522773822;-0,048167848699763594;0,22915181753385602;0;2
2016-03-02;16;2016-03-02 16:00:00;28,56;23,44;5,119999999999997;39128;1678;44771;11071;8623;1990;10613;12749;-2448;312;-2136;-0,2012626024686705;-0,28389191696625304;0,15678391959798996;0,1792717086834733;0;2
2016-03-02;17;2016-03-02 17:00:00;31,99;26,37;5,619999999999997;39128;374;44771;8675;7614;508;8122;9049;-1061;134;-927;-0,11413444964294508;-0,1393485684265826;0,2637795275590551;0,17567989996874017;0;2
2016-03-02;18;2016-03-02 18:00:00;40,0;36,27;3,729999999999997;39128;8;44771;8956;7441;2;7443;8964;-1515;-6;-1521;-0,20435308343409916;-0,20360166644268243;-3,0;0,09324999999999992;0;2
2016-03-02;19;2016-03-02 19:00:00;36,87;33,05;3,82;39128;0;44771;9560;7878;0;7878;9560;-1682;0;-1682;-0,21350596598121352;-0,21350596598121352;;0,10360726878220776;0;2
2016-03-02;20;2016-03-02 20:00:00;30,99;27,23;3,759999999999998;39128;0;44771;10102;8341;0;8341;10102;-1761;0;-1761;-0,2111257642968469;-0,2111257642968469;;0,12132946111648914;0;2
2016-03-02;21;2016-03-02 21:00:00;27,07;24,67;2,3999999999999986;39128;0;44771;10410;8650;0;8650;10410;-1760;0;-1760;-0,20346820809248556;-0,20346820809248556;;0,0886590321388991;0;2
2016-03-02;22;2016-03-02 22:00:00;24,27;22,26;2,009999999999998;39128;0;44771;9850;8698;0;8698;9850;-1152;0;-1152;-0,1324442400551851;-0,1324442400551851;;0,08281829419035838;0;2
2016-03-02;23;2016-03-02 23:00:00;21,58;19,04;2,539999999999999;39128;0;44771;8868;8551;0;8551;8868;-317;0;-317;-0,03707168752192726;-0,03707168752192726;;0,11770157553290081;0;2
2016-03-03;0;2016-03-03 00:00:00;20,02;22,27;-2,25;39130;0;44793;8171;7780;0;7780;8171;-391;0;-391;-0,05025706940874036;-0,05025706940874036;;-0,11238761238761238;0;3
2016-03-03;1;2016-03-03 01:00:00;19,29;22,32;-3,030000000000001;39130;0;44793;8044;7497;0;7497;8044;-547;0;-547;-0,07296251834066961;-0,07296251834066961;;-0,1570762052877139;0;3
2016-03-03;2;2016-03-03 02:00:00;18,64;20,93;-2,289999999999999;39130;0;44793;8129;7193;0;7193;8129;-936;0;-936;-0,13012651188655638;-0,13012651188655638;;-0,12285407725321884;0;3
2016-03-03;3;2016-03-03 03:00:00;17,93;18,44;-0,5100000000000016;39130;0;44793;8417;6757;0;6757;8417;-1660;0;-1660;-0,2456711558383898;-0,2456711558383898;;-0,02844394868934755;0;3
2016-03-03;4;2016-03-03 04:00:00;18,26;15,83;2,430000000000001;39130;0;44793;8724;6348;0;6348;8724;-2376;0;-2376;-0,3742911153119093;-0,3742911153119093;;0,13307776560788614;0;3
2016-03-03;5;2016-03-03 05:00:00;19,38;18,21;1,1699999999999982;39130;0;44793;8042;5977;0;5977;8042;-2065;0;-2065;-0,3454910490212481;-0,3454910490212481;;0,06037151702786368;0;3
2016-03-03;6;2016-03-03 06:00:00;24,58;25,24;-0,6600000000000001;39130;4;44793;7471;5558;12;5570;7475;-1913;8;-1905;-0,34201077199281865;-0,34418855703490464;0,6666666666666666;-0,026851098454027673;0;3
2016-03-03;7;2016-03-03 07:00:00;30,93;30,99;-0,05999999999999873;39130;490;44793;7414;5148;563;5711;7904;-2266;73;-2193;-0,3839957975836106;-0,44017094017094016;0,12966252220248667;-0,0019398642095052935;0;3
2016-03-03;8;2016-03-03 08:00:00;31,04;31,67;-0,6300000000000026;39130;2203;44793;6668;4602;2520;7122;8871;-2066;317;-1749;-0,2455770850884583;-0,44893524554541503;0,1257936507936508;-0,020296391752577404;0;3
2016-03-03;9;2016-03-03 09:00:00;30,94;32,39;-1,4499999999999993;39130;4566;44793;5280;4051;4803;8854;9846;-1229;237;-992;-0,11203975604246669;-0,30338188101703284;0,04934415990006246;-0,04686489980607625;0;3
2016-03-03;10;2016-03-03 10:00:00;30,57;31,94;-1,370000000000001;39130;6722;44793;3716;3675;6950;10625;10438;-41;228;187;0,0176;-0,011156462585034013;0,03280575539568345;-0,04481517827935888;0;3
2016-03-03;11;2016-03-03 11:00:00;31,94;32,25;-0,3099999999999987;39130;8081;44793;2816;3385;8291;11676;10897;569;210;779;0,06671805412812606;0,16809453471196456;0,025328669641780245;-0,009705698184095139;0;3
2016-03-03;12;2016-03-03 12:00:00;30,07;32,31;-2,240000000000002;39130;8533;44793;2305;3077;8460;11537;10838;772;-73;699;0,06058767443876224;0,25089372765680856;-0,008628841607565012;-0,07449285001662793;0;3
2016-03-03;13;2016-03-03 13:00:00;30,53;32,49;-1,9600000000000009;39130;7773;44793;1964;2773;7787;10560;9737;809;14;823;0,07793560606060607;0,29174179588892896;0,0017978682419416978;-0,06419914837864399;0;3
2016-03-03;14;2016-03-03 14:00:00;30,06;33,04;-2,9800000000000004;39130;6304;44793;1866;2483;6499;8982;8170;617;195;812;0,09040302827877979;0,24848973016512282;0,030004616094783814;-0,09913506320691952;0;3
2016-03-03;15;2016-03-03 15:00:00;30,97;33,46;-2,490000000000002;39130;4380;44793;1874;2264;4688;6952;6254;390;308;698;0,10040276179516686;0,17226148409893993;0,06569965870307168;-0,08040038747174692;0;3
2016-03-03;16;2016-03-03 16:00:00;30,96;35,18;-4,219999999999999;39130;2376;44793;1661;2020;2553;4573;4037;359;177;536;0,1172097091624754;0,17772277227722771;0,06933019976498238;-0,13630490956072347;0;3
2016-03-03;17;2016-03-03 17:00:00;32,85;38,21;-5,3599999999999985;39130;562;44793;1676;1925;628;2553;2238;249;66;315;0,12338425381903642;0,12935064935064935;0,10509554140127389;-0,163165905631659;0;3
2016-03-03;18;2016-03-03 18:00:00;42,71;47,0;-4,289999999999999;39130;12;44793;1700;2063;5;2068;1712;363;-7;356;0,172147001934236;0,17595734367426077;-1,4;-0,10044486068836336;0;3
2016-03-03;19;2016-03-03 19:00:00;42,92;45,26;-2,3399999999999963;39130;0;44793;1986;2403;0;2403;1986;417;0;417;0,1735330836454432;0,1735330836454432;;-0,05452003727865788;0;3
2016-03-03;20;2016-03-03 20:00:00;33,98;39,79;-5,810000000000002;39130;0;44793;2322;2851;0;2851;2322;529;0;529;0,18554893019992985;0,18554893019992985;;-0,1709829311359624;0;3
2016-03-03;21;2016-03-03 21:00:00;28,97;30,9;-1,93;39130;0;44793;2654;3218;0;3218;2654;564;0;564;0,1752641392169049;0,1752641392169049;;-0,06662064204349327;0;3
2016-03-03;22;2016-03-03 22:00:00;25,92;26,39;-0,4699999999999989;39130;0;44793;3139;3506;0;3506;3139;367;0;367;0,10467769537934969;0,10467769537934969;;-0,01813271604938267;0;3
2016-03-03;23;2016-03-03 23:00:00;23,11;21,47;1,6400000000000006;39130;0;44793;3544;3720;0;3720;3544;176;0;176;0,047311827956989246;0,047311827956989246;;0,07096495023799224;0;3
2016-03-04;0;2016-03-04 00:00:00;22,15;17,79;4,3599999999999985;39136;0;44823;4077;1992;0;1992;4077;-2085;0;-2085;-1,0466867469879517;-1,0466867469879517;;0,19683972911963876;0;4
2016-03-04;1;2016-03-04 01:00:00;20,03;15,86;4,170000000000002;39136;0;44823;4545;2252;0;2252;4545;-2293;0;-2293;-1,0182060390763765;-1,0182060390763765;;0,20818771842236652;0;4
2016-03-04;2;2016-03-04 02:00:00;19,75;16,53;3,219999999999999;39136;0;44823;5063;2494;0;2494;5063;-2569;0;-2569;-1,0300721732157176;-1,0300721732157176;;0,16303797468354425;0;4
2016-03-04;3;2016-03-04 03:00:00;19,19;17,03;2,16;39136;0;44823;5497;2835;0;2835;5497;-2662;0;-2662;-0,9389770723104056;-0,9389770723104056;;0,11255862428348098;0;4
2016-03-04;4;2016-03-04 04:00:00;18,99;17,57;1,4199999999999982;39136;0;44823;5647;3183;0;3183;5647;-2464;0;-2464;-0,7741124725102105;-0,7741124725102105;;0,07477619799894672;0;4
2016-03-04;5;2016-03-04 05:00:00;20,18;19,63;0,5500000000000007;39136;0;44823;6042;3574;0;3574;6042;-2468;0;-2468;-0,6905428091773923;-0,6905428091773923;;0,02725470763131817;0;4
2016-03-04;6;2016-03-04 06:00:00;26,92;22,34;4,580000000000002;39136;10;44823;6835;4027;20;4047;6845;-2808;10;-2798;-0,6913763281443044;-0,6972932704246337;0,5;0,17013372956909367;0;4
2016-03-04;7;2016-03-04 07:00:00;31,73;25,92;5,809999999999999;39136;920;44823;8002;4456;1031;5487;8922;-3546;111;-3435;-0,6260251503553854;-0,7957809694793537;0,10766246362754607;0,18310746927198232;0;4
2016-03-04;8;2016-03-04 08:00:00;33,97;27,84;6,129999999999999;39136;4445;44823;8853;4972;4237;9209;13298;-3881;-208;-4089;-0,44402215224237157;-0,7805711987127917;-0,04909133821099835;0,1804533411833971;0;4
2016-03-04;9;2016-03-04 09:00:00;30,04;21,68;8,36;39136;8506;44823;9418;5498;7820;13318;17924;-3920;-686;-4606;-0,34584772488361615;-0,7129865405602037;-0,08772378516624041;0,2782956058588548;0;4
2016-03-04;10;2016-03-04 10:00:00;26,69;20,34;6,350000000000001;39136;11167;44823;10616;6127;10886;17013;21783;-4489;-281;-4770;-0,2803738317757009;-0,732658723682063;-0,02581297078816829;0,23791682278006748;0;4
2016-03-04;11;2016-03-04 11:00:00;23,78;18,4;5,380000000000003;39136;12243;44823;12658;7262;12524;19786;24901;-5396;281;-5115;-0,25851612251086625;-0,7430459928394382;0,022436921111465984;0,22624053826745175;0;4
2016-03-04;12;2016-03-04 12:00:00;22,48;18,8;3,68;39136;11870;44823;14666;8696;12491;21187;26536;-5970;621;-5349;-0,2524661348940388;-0,6865225390984361;0,04971579537266832;0,16370106761565836;0;4
2016-03-04;13;2016-03-04 13:00:00;21,78;17,9;3,8800000000000026;39136;10361;44823;16672;10152;11107;21259;27033;-6520;746;-5774;-0,27160261536290514;-0,6422379826635146;0,0671648509948681;0,17814508723599642;0;4
2016-03-04;14;2016-03-04 14:00:00;21,86;17,04;4,82;39136;7646;44823;18161;11182;8626;19808;25807;-6979;980;-5999;-0,3028574313408724;-0,6241280629583259;0,11361001623000232;0,22049405306495884;0;4
2016-03-04;15;2016-03-04 15:00:00;22,48;17,69;4,789999999999999;39136;4603;44823;18016;11847;5610;17457;22619;-6169;1007;-5162;-0,29569800080197056;-0,5207225457921837;0,17950089126559715;0,21307829181494659;0;4
2016-03-04;16;2016-03-04 16:00:00;24,17;18,93;5,240000000000002;39136;1917;44823;17770;12070;2707;14777;19687;-5700;790;-4910;-0,3322731271570684;-0,47224523612261804;0,291835980790543;0,2167976830781962;0;4
2016-03-04;17;2016-03-04 17:00:00;29,2;22,51;6,689999999999998;39136;345;44823;17314;12179;592;12771;17659;-5135;247;-4888;-0,38274215018401064;-0,42162739141144595;0,4172297297297297;0,22910958904109582;0;4
2016-03-04;18;2016-03-04 18:00:00;33,99;25,92;8,07;39136;8;44823;17271;12596;3;12599;17279;-4675;-5;-4680;-0,3714580522263672;-0,3711495712924738;-1,6666666666666667;0,2374227714033539;0;4
2016-03-04;19;2016-03-04 19:00:00;31,06;24,32;6,7399999999999975;39136;0;44823;16904;12983;0;12983;16904;-3921;0;-3921;-0,3020103211892475;-0,3020103211892475;;0,2169993560849967;0;4
2016-03-04;20;2016-03-04 20:00:00;27,9;22,72;5,18;39136;0;44823;15565;12912;0;12912;15565;-2653;0;-2653;-0,20546778190830237;-0,20546778190830237;;0,18566308243727597;0;4
2016-03-04;21;2016-03-04 21:00:00;23,52;22,68;0,8399999999999999;39136;0;44823;14198;12587;0;12587;14198;-1611;0;-1611;-0,12798919520139826;-0,12798919520139826;;0,03571428571428571;0;4
2016-03-04;22;2016-03-04 22:00:00;23,8;24,25;-0,4499999999999993;39136;0;44823;12077;12145;0;12145;12077;68;0;68;0,005599011939069576;0,005599011939069576;;-0,018907563025210055;0;4
2016-03-04;23;2016-03-04 23:00:00;21,55;22,47;-0,9199999999999982;39136;0;44823;10753;11474;0;11474;10753;721;0;721;0,06283772006275057;0,06283772006275057;;-0,04269141531322497;0;4
2016-03-05;0;2016-03-05 00:00:00;19,15;20,44;-1,2900000000000027;39136;0;44829;9839;9981;0;9981;9839;142;0;142;0,014227031359583208;0,014227031359583208;;-0,06736292428198448;0;5
2016-03-05;1;2016-03-05 01:00:00;19,17;19,69;-0,5199999999999996;39136;0;44829;8544;8895;0;8895;8544;351;0;351;0,03946037099494098;0,03946037099494098;;-0,02712571726656231;0;5
2016-03-05;2;2016-03-05 02:00:00;19,04;19,21;-0,1700000000000017;39136;0;44829;7867;7946;0;7946;7867;79;0;79;0,009942109237352127;0,009942109237352127;;-0,008928571428571518;0;5
2016-03-05;3;2016-03-05 03:00:00;18,96;18,71;0,25;39136;0;44829;7204;7074;0;7074;7204;-130;0;-130;-0,018377155781735936;-0,018377155781735936;;0,013185654008438817;0;5
2016-03-05;4;2016-03-05 04:00:00;18,88;24,52;-5,6400000000000015;39136;0;44829;6546;6524;0;6524;6546;-22;0;-22;-0,003372164316370325;-0,003372164316370325;;-0,2987288135593221;0;5
2016-03-05;5;2016-03-05 05:00:00;19,01;22,44;-3,43;39136;0;44829;5862;6204;0;6204;5862;342;0;342;0,0551257253384913;0,0551257253384913;;-0,1804313519200421;0;5
2016-03-05;6;2016-03-05 06:00:00;19,16;21,37;-2,210000000000001;39136;8;44829;5231;5781;18;5799;5239;550;10;560;0,09656837385756165;0,09513924926483307;0,5555555555555556;-0,11534446764091863;0;5
2016-03-05;7;2016-03-05 07:00:00;20,75;27,66;-6,91;39136;483;44829;4657;5287;630;5917;5140;630;147;777;0,13131654554672975;0,1191602042746359;0,23333333333333334;-0,3330120481927711;0;5
2016-03-05;8;2016-03-05 08:00:00;24,55;30,53;-5,98;39136;2226;44829;4266;4849;2247;7096;6492;583;21;604;0,08511837655016911;0,1202309754588575;0,009345794392523364;-0,24358452138492873;0;5
2016-03-05;9;2016-03-05 09:00:00;26,9;28,58;-1,6799999999999995;39136;4172;44829;3595;4477;4177;8654;7767;882;5;887;0,10249595562745552;0,19700692427965155;0,0011970313622216902;-0,062453531598512996;0;5
2016-03-05;10;2016-03-05 10:00:00;24,78;27,28;-2,5;39136;5685;44829;3097;4297;5759;10056;8782;1200;74;1274;0,12669053301511535;0,27926460321154295;0,012849453030039938;-0,10088781275221953;0;5
2016-03-05;11;2016-03-05 11:00:00;24,63;27,29;-2,66;39136;6370;44829;2909;4319;6716;11035;9279;1410;346;1756;0,15913004077933846;0,3264644593655939;0,051518761167361524;-0,10799837596427123;0;5
2016-03-05;12;2016-03-05 12:00:00;24,25;27,64;-3,390000000000001;39136;6812;44829;2671;4310;6831;11141;9483;1639;19;1658;0,1488196750740508;0,3802784222737819;0,0027814375640462597;-0,13979381443298974;0;5
2016-03-05;13;2016-03-05 13:00:00;21,14;26,32;-5,18;39136;5888;44829;2155;4360;6055;10415;8043;2205;167;2372;0,22774843975036005;0,5057339449541285;0,02758051197357556;-0,24503311258278143;0;5
2016-03-05;14;2016-03-05 14:00:00;20,42;27,04;-6,619999999999997;39136;4737;44829;2078;4391;4793;9184;6815;2313;56;2369;0,257948606271777;0,5267592803461626;0,011683705403713749;-0,3241919686581781;0;5
2016-03-05;15;2016-03-05 15:00:00;20,57;26,24;-5,669999999999997;39136;3316;44829;1884;4373;3267;7640;5200;2489;-49;2440;0,3193717277486911;0,5691744797621769;-0,01499846954392409;-0,27564414195430226;0;5
2016-03-05;16;2016-03-05 16:00:00;21,25;26,53;-5,280000000000001;39136;1552;44829;1608;4430;1677;6107;3160;2822;125;2947;0,48256099557884397;0,6370203160270881;0,07453786523553965;-0,24847058823529417;0;5
2016-03-05;17;2016-03-05 17:00:00;25,92;30,84;-4,919999999999998;39136;346;44829;1759;4547;413;4960;2105;2788;67;2855;0,5756048387096774;0,6131515284803167;0,162227602905569;-0,18981481481481474;0;5
2016-03-05;18;2016-03-05 18:00:00;34,02;41,91;-7,8899999999999935;39136;11;44829;1981;4549;7;4556;1992;2568;-4;2564;0,5627743634767339;0,5645196746537701;-0,5714285714285714;-0,23192239858906505;0;5
2016-03-05;19;2016-03-05 19:00:00;35,0;40,93;-5,93;39136;0;44829;2053;4051;0;4051;2053;1998;0;1998;0,4932115527030363;0,4932115527030363;;-0,16942857142857143;0;5
2016-03-05;20;2016-03-05 20:00:00;27,86;33,59;-5,730000000000004;39136;0;44829;1839;3885;0;3885;1839;2046;0;2046;0,5266409266409267;0,5266409266409267;;-0,2056712132089018;0;5
2016-03-05;21;2016-03-05 21:00:00;24,44;28,77;-4,329999999999998;39136;0;44829;1615;3874;0;3874;1615;2259;0;2259;0,5831182240578213;0,5831182240578213;;-0,17716857610474623;0;5
2016-03-05;22;2016-03-05 22:00:00;25,18;30,02;-4,84;39136;0;44829;1529;3914;0;3914;1529;2385;0;2385;0,6093510475217169;0,6093510475217169;;-0,19221604447974583;0;5
2016-03-05;23;2016-03-05 23:00:00;20,0;27,83;-7,829999999999997;39136;0;44829;1598;4033;0;4033;1598;2435;0;2435;0,6037689065212001;0,6037689065212001;;-0,39149999999999985;0;5
2016-03-06;0;2016-03-06 00:00:00;20,69;23,97;-3,2799999999999976;39136;0;44829;1603;2413;0;2413;1603;810;0;810;0,33568172399502694;0,33568172399502694;;-0,15853069115514729;0;6
2016-03-06;1;2016-03-06 01:00:00;19,94;22,99;-3,049999999999997;39136;0;44829;1667;2582;0;2582;1667;915;0;915;0,3543764523625097;0,3543764523625097;;-0,15295887662988952;0;6
2016-03-06;2;2016-03-06 02:00:00;19,13;22,63;-3,5;39136;0;44829;2019;2762;0;2762;2019;743;0;743;0,26900796524257786;0,26900796524257786;;-0,18295870360690017;0;6
2016-03-06;3;2016-03-06 03:00:00;18,69;22,41;-3,719999999999999;39136;0;44829;2240;2922;0;2922;2240;682;0;682;0,23340177960301164;0,23340177960301164;;-0,19903691813804167;0;6
2016-03-06;4;2016-03-06 04:00:00;18,58;20,69;-2,1100000000000034;39136;0;44829;2346;3134;0;3134;2346;788;0;788;0,25143586470963625;0,25143586470963625;;-0,11356297093649105;0;6
2016-03-06;5;2016-03-06 05:00:00;18,83;21,21;-2,3800000000000026;39136;0;44829;2686;3411;0;3411;2686;725;0;725;0,21254763998827322;0,21254763998827322;;-0,12639405204460982;0;6
2016-03-06;6;2016-03-06 06:00:00;18,65;21,31;-2,66;39136;5;44829;3218;3826;15;3841;3223;608;10;618;0,16089560010413956;0,15891270256142184;0,6666666666666666;-0,14262734584450404;0;6
2016-03-06;7;2016-03-06 07:00:00;18,78;20,3;-1,5199999999999996;39136;389;44829;3660;4438;489;4927;4049;778;100;878;0,1782017454840674;0,17530419107706174;0,20449897750511248;-0,08093716719914801;0;6
2016-03-06;8;2016-03-06 08:00:00;19,28;19,21;0,07000000000000027;39136;1757;44829;4266;5177;1969;7146;6023;911;212;1123;0,15715085362440526;0,17597063936642843;0,10766886744540376;0,0036307053941908854;0;6
2016-03-06;9;2016-03-06 09:00:00;19,99;21,67;-1,6800000000000033;39136;3742;44829;4587;5980;3879;9859;8329;1393;137;1530;0,1551881529566893;0,23294314381270903;0,03531838102603764;-0,08404202101050542;0;6
2016-03-06;10;2016-03-06 10:00:00;20,26;22,2;-1,9399999999999975;39136;5757;44829;5302;6748;5775;12523;11059;1446;18;1464;0,1169048949932125;0,21428571428571427;0,003116883116883117;-0,09575518262586365;0;6
2016-03-06;11;2016-03-06 11:00:00;20,51;21,61;-1,099999999999998;39136;7308;44829;5964;7365;7209;14574;13272;1401;-99;1302;0,0893371757925072;0,19022403258655804;-0,01373283395755306;-0,05363237445148698;0;6
2016-03-06;12;2016-03-06 12:00:00;20,02;20,73;-0,7100000000000009;39136;7874;44829;6817;7857;7949;15806;14691;1040;75;1115;0,07054283183601164;0,13236604301896399;0,00943514907535539;-0,035464535464535506;0;6
2016-03-06;13;2016-03-06 13:00:00;19,14;19,73;-0,5899999999999999;39136;7434;44829;7248;8130;7847;15977;14682;882;413;1295;0,08105401514677349;0,10848708487084871;0,05263157894736842;-0,030825496342737714;0;6
2016-03-06;14;2016-03-06 14:00:00;18,24;20,39;-2,150000000000002;39136;6219;44829;7266;7925;6815;14740;13485;659;596;1255;0,08514246947082768;0,08315457413249211;0,08745414526779163;-0,11787280701754399;0;6
2016-03-06;15;2016-03-06 15:00:00;18,23;20,73;-2,5;39136;4902;44829;6816;7419;5056;12475;11718;603;154;757;0,0606813627254509;0,0812778002426203;0,03045886075949367;-0,13713658804168952;0;6
2016-03-06;16;2016-03-06 16:00:00;18,73;20,3;-1,5700000000000005;39136;3006;44829;6636;6598;2824;9422;9642;-38;-182;-220;-0,02334960730205901;-0,005759321006365566;-0,06444759206798867;-0,0838227442605446;0;6
2016-03-06;17;2016-03-06 17:00:00;20,57;22,91;-2,34;39136;792;44829;5854;5883;749;6632;6646;29;-43;-14;-0,0021109770808202654;0,004929457759646439;-0,05740987983978638;-0,11375789985415653;0;6
2016-03-06;18;2016-03-06 18:00:00;28,93;33,02;-4,090000000000003;39136;19;44829;5785;5514;14;5528;5804;-271;-5;-276;-0,049927641099855286;-0,049147624229234674;-0,35714285714285715;-0,1413757345316282;0;6
2016-03-06;19;2016-03-06 19:00:00;31,62;33,34;-1,7200000000000024;39136;0;44829;5773;5704;0;5704;5773;-69;0;-69;-0,012096774193548387;-0,012096774193548387;;-0,05439595192915884;0;6
2016-03-06;20;2016-03-06 20:00:00;29,17;32,04;-2,869999999999997;39136;0;44829;6324;6333;0;6333;6324;9;0;9;0,0014211274277593558;0,0014211274277593558;;-0,0983887555707918;0;6
2016-03-06;21;2016-03-06 21:00:00;25,44;27,01;-1,5700000000000005;39136;0;44829;6496;6893;0;6893;6496;397;0;397;0,05759466125054403;0,05759466125054403;;-0,061713836477987435;0;6
2016-03-06;22;2016-03-06 22:00:00;27,44;29,0;-1,5599999999999987;39136;0;44829;6303;7117;0;7117;6303;814;0;814;0,1143740340030912;0,1143740340030912;;-0,05685131195335272;0;6
2016-03-06;23;2016-03-06 23:00:00;21,15;25,84;-4,690000000000001;39136;0;44829;6008;7042;0;7042;6008;1034;0;1034;0,14683328599829593;0,14683328599829593;;-0,2217494089834516;0;6
2016-03-07;0;2016-03-07 00:00:00;22,04;24,25;-2,210000000000001;39137;0;44833;6063;6588;0;6588;6063;525;0;525;0,07969034608378871;0,07969034608378871;;-0,10027223230490022;0;0
2016-03-07;1;2016-03-07 01:00:00;22,05;23,43;-1,379999999999999;39137;0;44833;5845;6301;0;6301;5845;456;0;456;0,07236946516425964;0,07236946516425964;;-0,06258503401360539;0;0
2016-03-07;2;2016-03-07 02:00:00;20,34;22,3;-1,9600000000000009;39137;0;44833;5499;5993;0;5993;5499;494;0;494;0,0824295010845987;0,0824295010845987;;-0,09636184857423799;0;0
2016-03-07;3;2016-03-07 03:00:00;20,02;21,0;-0,9800000000000004;39137;0;44833;5110;5679;0;5679;5110;569;0;569;0,10019369607325233;0,10019369607325233;;-0,04895104895104897;0;0
2016-03-07;4;2016-03-07 04:00:00;20,09;21,27;-1,1799999999999995;39137;0;44833;4719;5413;0;5413;4719;694;0;694;0,12820986513947905;0,12820986513947905;;-0,05873568939771028;0;0
2016-03-07;5;2016-03-07 05:00:00;21,87;24,98;-3,1099999999999994;39137;0;44833;4176;5168;0;5168;4176;992;0;992;0,19195046439628483;0,19195046439628483;;-0,1422039323273891;0;0
2016-03-07;6;2016-03-07 06:00:00;32,34;29,92;2,4200000000000017;39137;14;44833;3630;4871;32;4903;3644;1241;18;1259;0,2567815623087905;0,25477314719770067;0,5625;0,07482993197278916;0;0
2016-03-07;7;2016-03-07 07:00:00;35,97;34,66;1,3100000000000025;39137;730;44833;3108;4479;854;5333;3838;1371;124;1495;0,28033002062628914;0,3060951105157401;0,1451990632318501;0,03641923825410071;0;0
2016-03-07;8;2016-03-07 08:00:00;37,79;34,51;3,280000000000001;39137;3301;44833;2302;4076;3117;7193;5603;1774;-184;1590;0,22104824134575282;0,4352306182531894;-0,059031119666345847;0,08679544853135754;0;0
2016-03-07;9;2016-03-07 09:00:00;33,07;29,6;3,469999999999999;39137;7101;44833;1805;3786;5920;9706;8906;1981;-1181;800;0,082423243354626;0,52324352879028;-0,19949324324324325;0,10492893861505893;0;0
2016-03-07;10;2016-03-07 10:00:00;31,98;25,83;6,150000000000002;39137;9795;44833;1718;3653;8205;11858;11513;1935;-1590;345;0,029094282341035588;0,5297016151108678;-0,19378427787934185;0,19230769230769237;0;0
2016-03-07;11;2016-03-07 11:00:00;29,96;24,7;5,260000000000002;39137;10770;44833;1850;3554;9678;13232;12620;1704;-1092;612;0,046251511487303505;0,47945976364659537;-0,11283323000619963;0,17556742323097468;0;0
2016-03-07;12;2016-03-07 12:00:00;27,98;24,37;3,61;39137;10664;44833;2050;3488;10377;13865;12714;1438;-287;1151;0,08301478543094122;0,41227064220183485;-0,027657319071022455;0,1290207290922087;0;0
2016-03-07;13;2016-03-07 13:00:00;27,44;25,41;2,0300000000000007;39137;9819;44833;2277;3287;10208;13495;12096;1010;389;1399;0,10366802519451648;0,30727106784301794;0,038107366771159876;0,07397959183673472;0;0
2016-03-07;14;2016-03-07 14:00:00;27,72;26,49;1,2300000000000004;39137;8616;44833;2018;2945;8808;11753;10634;927;192;1119;0,09520973368501659;0,31477079796264856;0,021798365122615803;0,04437229437229439;0;0
2016-03-07;15;2016-03-07 15:00:00;27,1;25,01;2,09;39137;6684;44833;1615;2679;6590;9269;8299;1064;-94;970;0,10464990829647211;0,3971631205673759;-0,014264036418816389;0,07712177121771217;0;0
2016-03-07;16;2016-03-07 16:00:00;30,07;25,86;4,210000000000001;39137;3930;44833;1290;2381;3726;6107;5220;1091;-204;887;0,14524316358277387;0,4582108357832843;-0,05475040257648953;0,14000665114732294;0;0
2016-03-07;17;2016-03-07 17:00:00;33,97;28,1;5,869999999999997;39137;1010;44833;1093;2087;1010;3097;2103;994;0;994;0,32095576364223444;0,47628174413033064;0,0;0,172799528996173;0;0
2016-03-07;18;2016-03-07 18:00:00;48,29;45,69;2,6000000000000014;39137;26;44833;1090;1912;22;1934;1116;822;-4;818;0,42295760082730094;0,4299163179916318;-0,18181818181818182;0,053841375025885305;0;0
2016-03-07;19;2016-03-07 19:00:00;46,65;46,39;0,259999999999998;39137;0;44833;1059;1876;0;1876;1059;817;0;817;0,43550106609808104;0,43550106609808104;;0,005573419078242187;0;0
2016-03-07;20;2016-03-07 20:00:00;30,03;28,07;1,9600000000000009;39137;0;44833;1086;1877;0;1877;1086;791;0;791;0,42141715503462973;0,42141715503462973;;0,06526806526806529;0;0
2016-03-07;21;2016-03-07 21:00:00;27,95;25,0;2,9499999999999997;39137;0;44833;1192;1893;0;1893;1192;701;0;701;0,37031167459059694;0,37031167459059694;;0,10554561717352415;0;0
2016-03-07;22;2016-03-07 22:00:00;26,96;23,79;3,1700000000000017;39137;0;44833;1294;1932;0;1932;1294;638;0;638;0,3302277432712215;0,3302277432712215;;0,1175816023738873;0;0
2016-03-07;23;2016-03-07 23:00:00;24,47;20,17;4,299999999999997;39137;0;44833;1305;1887;0;1887;1305;582;0;582;0,30842607313195547;0,30842607313195547;;0,17572537801389446;0;0
2016-03-08;0;2016-03-08 00:00:00;22,39;24,54;-2,1499999999999986;39139;0;44844;1286;1444;0;1444;1286;158;0;158;0,10941828254847645;0,10941828254847645;;-0,0960250111656989;0;1
2016-03-08;1;2016-03-08 01:00:00;22,91;22,43;0,4800000000000004;39139;0;44844;1324;1518;0;1518;1324;194;0;194;0,12779973649538867;0,12779973649538867;;0,020951549541684874;0;1
2016-03-08;2;2016-03-08 02:00:00;22,81;23,06;-0,25;39139;0;44844;1344;1632;0;1632;1344;288;0;288;0,17647058823529413;0,17647058823529413;;-0,010960105217010085;0;1
2016-03-08;3;2016-03-08 03:00:00;22,0;24,08;-2,0799999999999983;39139;0;44844;1376;1818;0;1818;1376;442;0;442;0,24312431243124313;0,24312431243124313;;-0,09454545454545447;0;1
2016-03-08;4;2016-03-08 04:00:00;21,67;24,49;-2,8199999999999967;39139;0;44844;1632;1980;0;1980;1632;348;0;348;0,17575757575757575;0,17575757575757575;;-0,13013382556529748;0;1
2016-03-08;5;2016-03-08 05:00:00;22,7;27,48;-4,780000000000001;39139;0;44844;1758;2119;0;2119;1758;361;0;361;0,170363378952336;0,170363378952336;;-0,21057268722466965;0;1
2016-03-08;6;2016-03-08 06:00:00;27,44;31,53;-4,09;39139;28;44844;2050;2250;47;2297;2078;200;19;219;0,09534175010883761;0,08888888888888889;0,40425531914893614;-0,14905247813411077;0;1
2016-03-08;7;2016-03-08 07:00:00;37,73;41,0;-3,270000000000003;39139;856;44844;2278;2289;1009;3298;3134;11;153;164;0,04972710733778047;0,004805591961555264;0,15163528245787908;-0,0866684336072092;0;1
2016-03-08;8;2016-03-08 08:00:00;39,08;43,48;-4,399999999999999;39139;3071;44844;2001;2222;3551;5773;5072;221;480;701;0,1214273341416941;0,09945994599459947;0,13517319065052097;-0,11258955987717499;0;1
2016-03-08;9;2016-03-08 09:00:00;34,98;38,36;-3,3800000000000026;39139;7256;44844;1656;2119;7090;9209;8912;463;-166;297;0,03225105874687805;0,21849929211892402;-0,023413258110014105;-0,0966266437964552;0;1
2016-03-08;10;2016-03-08 10:00:00;28,61;30,49;-1,879999999999999;39139;9899;44844;1464;2060;10100;12160;11363;596;201;797;0,06554276315789474;0,28932038834951457;0,0199009900990099;-0,06571128975882555;0;1
2016-03-08;11;2016-03-08 11:00:00;25,42;30,54;-5,119999999999997;39139;11736;44844;1886;2212;11860;14072;13622;326;124;450;0,03197839681637294;0,14737793851717904;0,01045531197301855;-0,2014162077104641;0;1
2016-03-08;12;2016-03-08 12:00:00;25,1;29,86;-4,759999999999998;39139;11752;44844;2587;2517;12270;14787;14339;-70;518;448;0,030296882396699802;-0,027810885975367503;0,04221678891605542;-0,1896414342629481;0;1
2016-03-08;13;2016-03-08 13:00:00;24,64;27,22;-2,5799999999999983;39139;10356;44844;3091;2768;11402;14170;13447;-323;1046;723;0,05102328863796754;-0,1166907514450867;0,09173829152780213;-0,10470779220779214;0;1
2016-03-08;14;2016-03-08 14:00:00;24,81;26,76;-1,9500000000000028;39139;8784;44844;3562;2848;9569;12417;12346;-714;785;71;0,005717967302891197;-0,25070224719101125;0,08203574041174626;-0,07859733978234594;0;1
2016-03-08;15;2016-03-08 15:00:00;25,09;24,95;0,14000000000000054;39139;6794;44844;3547;2796;7121;9917;10341;-751;327;-424;-0,04275486538267621;-0,2685979971387697;0,04592051678135094;0,005579912315663633;0;1
2016-03-08;16;2016-03-08 16:00:00;27,92;26,39;1,5300000000000011;39139;4097;44844;3164;2652;4131;6783;7261;-512;34;-478;-0,0704702933805101;-0,19306184012066366;0,00823045267489712;0,05479942693409746;0;1
2016-03-08;17;2016-03-08 17:00:00;33,1;31,94;1,16;39139;1146;44844;2613;2533;1182;3715;3759;-80;36;-44;-0,011843876177658143;-0,03158310303987367;0,030456852791878174;0,035045317220543805;0;1
2016-03-08;18;2016-03-08 18:00:00;44,93;45,7;-0,7700000000000031;39139;26;44844;2513;2612;34;2646;2539;99;8;107;0,040438397581254726;0,03790199081163859;0,23529411764705882;-0,01713776986423332;0;1
2016-03-08;19;2016-03-08 19:00:00;40,58;42,28;-1,7000000000000028;39139;0;44844;3146;3118;0;3118;3146;-28;0;-28;-0,008980115458627326;-0,008980115458627326;;-0,041892557910300714;0;1
2016-03-08;20;2016-03-08 20:00:00;31,94;33,75;-1,8099999999999987;39139;0;44844;4425;4008;0;4008;4425;-417;0;-417;-0,10404191616766467;-0,10404191616766467;;-0,05666875391358794;0;1
2016-03-08;21;2016-03-08 21:00:00;25,07;25,87;-0,8000000000000007;39139;0;44844;5790;4961;0;4961;5790;-829;0;-829;-0,1671034065712558;-0,1671034065712558;;-0,031910650179497436;0;1
2016-03-08;22;2016-03-08 22:00:00;27,2;23,46;3,7399999999999984;39139;0;44844;6571;5820;0;5820;6571;-751;0;-751;-0,12903780068728524;-0,12903780068728524;;0,13749999999999996;0;1
2016-03-08;23;2016-03-08 23:00:00;22,61;21,76;0,8499999999999979;39139;0;44844;6819;6434;0;6434;6819;-385;0;-385;-0,0598383587193037;-0,0598383587193037;;0,03759398496240592;0;1
2016-03-09;0;2016-03-09 00:00:00;23,8;17,21;6,59;39141;0;44850;7126;6544;0;6544;7126;-582;0;-582;-0,08893643031784841;-0,08893643031784841;;0,27689075630252097;0;2
2016-03-09;1;2016-03-09 01:00:00;22,03;18,02;4,010000000000002;39141;0;44850;7365;6719;0;6719;7365;-646;0;-646;-0,09614525971126656;-0,09614525971126656;;0,18202451202905134;0;2
2016-03-09;2;2016-03-09 02:00:00;20,94;19,38;1,5600000000000025;39141;0;44850;7347;6867;0;6867;7347;-480;0;-480;-0,06989951944080385;-0,06989951944080385;;0,07449856733524367;0;2
2016-03-09;3;2016-03-09 03:00:00;20,08;16,89;3,1899999999999977;39141;0;44850;7488;7036;0;7036;7488;-452;0;-452;-0,06424104604889141;-0,06424104604889141;;0,1588645418326692;0;2
2016-03-09;4;2016-03-09 04:00:00;20,01;18,1;1,91;39141;0;44850;7883;7246;0;7246;7883;-637;0;-637;-0,08791057134971018;-0,08791057134971018;;0,09545227386306845;0;2
2016-03-09;5;2016-03-09 05:00:00;21,14;17,6;3,5399999999999987;39141;0;44850;8280;7554;0;7554;8280;-726;0;-726;-0,09610802223987291;-0,09610802223987291;;0,16745506149479653;0;2
2016-03-09;6;2016-03-09 06:00:00;24,95;16,98;7,969999999999999;39141;37;44850;9163;7976;60;8036;9200;-1187;23;-1164;-0,1448481831757093;-0,14882146439317953;0,38333333333333336;0,319438877755511;0;2
2016-03-09;7;2016-03-09 07:00:00;31,92;23,39;8,530000000000001;39141;1552;44850;9404;8308;1623;9931;10956;-1096;71;-1025;-0,10321216393112476;-0,1319210399614829;0,04374614910659273;0,26723057644110276;0;2
2016-03-09;8;2016-03-09 08:00:00;29,91;21,93;7,98;39141;5509;44850;8616;8279;5748;14027;14125;-337;239;-98;-0,006986525985599202;-0,04070539920280227;0,04157967988865693;0,26680040120361087;0;2
2016-03-09;9;2016-03-09 09:00:00;25,03;24,14;0,8900000000000006;39141;10208;44850;7937;7964;10905;18869;18145;27;697;724;0,03836981292066352;0,003390256152687092;0,06391563502980284;0,035557331202556955;0;2
2016-03-09;10;2016-03-09 10:00:00;23,43;23,74;-0,3099999999999987;39141;14146;44850;8292;7894;15346;23240;22438;-398;1200;802;0,03450946643717728;-0,05041803901697492;0,07819627264433729;-0,013230900554844162;0;2
2016-03-09;11;2016-03-09 11:00:00;23,85;21,8;2,0500000000000007;39141;16862;44850;9554;8295;17692;25987;26416;-1259;830;-429;-0,016508254127063533;-0,1517781796262809;0,04691385937146733;0,08595387840670862;0;2
2016-03-09;12;2016-03-09 12:00:00;22,28;21,02;1,2600000000000016;39141;18016;44850;10911;8865;18414;27279;28927;-2046;398;-1648;-0,06041277172916896;-0,23079526226734348;0,02161398935592484;0,0565529622980252;0;2
2016-03-09;13;2016-03-09 13:00:00;21,96;19,44;2,52;39141;17452;44850;12364;9260;17536;26796;29816;-3104;84;-3020;-0,11270338856545753;-0,33520518358531315;0,00479014598540146;0,11475409836065574;0;2
2016-03-09;14;2016-03-09 14:00:00;22,48;18,28;4,199999999999998;39141;15471;44850;13194;9402;15212;24614;28665;-3792;-259;-4051;-0,16458113268871374;-0,40331844288449265;-0,01702603207993689;0,18683274021352306;0;2
2016-03-09;15;2016-03-09 15:00:00;23,05;16,82;6,23;39141;11646;44850;13528;9472;11274;20746;25174;-4056;-372;-4428;-0,2134387351778656;-0,4282094594594595;-0,03299627461415647;0,2702819956616052;0;2
2016-03-09;16;2016-03-09 16:00:00;24,83;17,59;7,2399999999999975;39141;6380;44850;13153;9372;6293;15665;19533;-3781;-87;-3868;-0,24691988509415896;-0,40343576611182247;-0,013824884792626729;0,29158276278695117;0;2
2016-03-09;17;2016-03-09 17:00:00;33,0;21,71;11,29;39141;1690;44850;11632;9425;1757;11182;13322;-2207;67;-2140;-0,19137900196744767;-0,23416445623342175;0,03813318155947638;0,3421212121212121;0;2
2016-03-09;18;2016-03-09 18:00:00;38,77;29,33;9,440000000000003;39141;37;44850;11658;10121;50;10171;11695;-1537;13;-1524;-0,14983777406351392;-0,1518624641833811;0,26;0,24348723239618267;0;2
2016-03-09;19;2016-03-09 19:00:00;37,99;27,47;10,520000000000003;39141;0;44850;12332;10939;0;10939;12332;-1393;0;-1393;-0,1273425358807935;-0,1273425358807935;;0,27691497762569106;0;2
2016-03-09;20;2016-03-09 20:00:00;29,81;22,41;7,399999999999999;39141;0;44850;12706;11058;0;11058;12706;-1648;0;-1648;-0,14903237475131126;-0,14903237475131126;;0,24823884602482385;0;2
2016-03-09;21;2016-03-09 21:00:00;25,8;21,5;4,300000000000002;39141;0;44850;11707;10695;0;10695;11707;-1012;0;-1012;-0,09462365591397849;-0,09462365591397849;;0,1666666666666667;0;2
2016-03-09;22;2016-03-09 22:00:00;27,51;22,65;4,860000000000003;39141;0;44850;10022;9926;0;9926;10022;-96;0;-96;-0,009671569615152125;-0,009671569615152125;;0,1766630316248638;0;2
2016-03-09;23;2016-03-09 23:00:00;23,41;20,49;2,9200000000000017;39141;0;44850;9072;8903;0;8903;9072;-169;0;-169;-0,01898236549477704;-0,01898236549477704;;0,12473302007689029;0;2
2016-03-10;0;2016-03-10 00:00:00;19,72;19,15;0,5700000000000003;39143;0;44882;8492;7851;0;7851;8492;-641;0;-641;-0,08164565023563877;-0,08164565023563877;;0,02890466531440164;0;3
2016-03-10;1;2016-03-10 01:00:00;20,17;19,93;0,24000000000000196;39143;0;44882;7895;7132;0;7132;7895;-763;0;-763;-0,10698261357263039;-0,10698261357263039;;0,011898859692612888;0;3
2016-03-10;2;2016-03-10 02:00:00;20,04;20,25;-0,21000000000000085;39143;0;44882;7106;6620;0;6620;7106;-486;0;-486;-0,07341389728096677;-0,07341389728096677;;-0,010479041916167707;0;3
2016-03-10;3;2016-03-10 03:00:00;20,16;20,01;0,14999999999999858;39143;0;44882;6614;6181;0;6181;6614;-433;0;-433;-0,07005338941918783;-0,07005338941918783;;0,00744047619047612;0;3
2016-03-10;4;2016-03-10 04:00:00;20,94;21,34;-0,3999999999999986;39143;0;44882;6449;5866;0;5866;6449;-583;0;-583;-0,09938629389703375;-0,09938629389703375;;-0,019102196752626484;0;3
2016-03-10;5;2016-03-10 05:00:00;21,6;21,24;0,360000000000003;39143;0;44882;6449;5694;0;5694;6449;-755;0;-755;-0,1325957147874956;-0,1325957147874956;;0,016666666666666805;0;3
2016-03-10;6;2016-03-10 06:00:00;28,48;24,95;3,530000000000001;39143;32;44882;6418;5535;54;5589;6450;-883;22;-861;-0,15405260332796564;-0,15953026196928635;0,4074074074074074;0,12394662921348318;0;3
2016-03-10;7;2016-03-10 07:00:00;35,44;33,08;2,3599999999999994;39143;1327;44882;5762;5265;1225;6490;7089;-497;-102;-599;-0,09229583975346688;-0,09439696106362773;-0,08326530612244898;0,06659142212189616;0;3
2016-03-10;8;2016-03-10 08:00:00;31,99;31,85;0,13999999999999702;39143;4851;44882;5194;4868;4277;9145;10045;-326;-574;-900;-0,09841443411700383;-0,06696795398520954;-0,1342062193126023;0,004376367614879557;0;3
2016-03-10;9;2016-03-10 09:00:00;30,07;27,23;2,84;39143;8984;44882;4510;4443;7709;12152;13494;-67;-1275;-1342;-0,11043449637919683;-0,01507990096781454;-0,16539110131015697;0,09444629198536747;0;3
2016-03-10;10;2016-03-10 10:00:00;25,53;21,35;4,18;39143;12217;44882;4249;4057;10834;14891;16466;-192;-1383;-1575;-0,1057685850513733;-0,047325610056692134;-0,12765368285028614;0,16372894633764198;0;3
2016-03-10;11;2016-03-10 11:00:00;24,71;21,11;3,6000000000000014;39143;14298;44882;3785;3693;12705;16398;18083;-92;-1593;-1685;-0,10275643371142822;-0,024911995667479016;-0,12538370720188902;0,1456900040469446;0;3
2016-03-10;12;2016-03-10 12:00:00;26,35;22,17;4,18;39143;14836;44882;3680;3398;13497;16895;18516;-282;-1339;-1621;-0,09594554601953241;-0,08298999411418481;-0,09920723123657109;0,15863377609108156;0;3
2016-03-10;13;2016-03-10 13:00:00;25,0;22,49;2,5100000000000016;39143;13852;44882;3596;3291;12868;16159;17448;-305;-984;-1289;-0,0797697877343895;-0,09267699787298693;-0,07646875971401927;0,10040000000000006;0;3
2016-03-10;14;2016-03-10 14:00:00;25,0;22,69;2,3099999999999987;39143;11836;44882;3404;3382;10890;14272;15240;-22;-946;-968;-0,06782511210762332;-0,006505026611472502;-0,08686868686868687;0,09239999999999995;0;3
2016-03-10;15;2016-03-10 15:00:00;24,89;22,62;2,27;39143;8548;44882;3617;3658;7872;11530;12165;41;-676;-635;-0,05507372072853426;0,011208310552214325;-0,0858739837398374;0,09120128565689031;0;3
2016-03-10;16;2016-03-10 16:00:00;25,03;23,14;1,8900000000000008;39143;4604;44882;4042;4064;4392;8456;8646;22;-212;-190;-0,022469252601702933;0,0054133858267716535;-0,0482695810564663;0,07550938873351981;0;3
2016-03-10;17;2016-03-10 17:00:00;29,95;26,39;3,5599999999999987;39143;1277;44882;4247;4534;1343;5877;5524;287;66;353;0,06006465883954398;0,06329951477723864;0,049143708116157855;0,11886477462437392;0;3
2016-03-10;18;2016-03-10 18:00:00;35,49;36,15;-0,6599999999999966;39143;32;44882;4762;5050;56;5106;4794;288;24;312;0,06110458284371328;0,05702970297029703;0,42857142857142855;-0,01859678782755696;0;3
2016-03-10;19;2016-03-10 19:00:00;37,79;39,39;-1,6000000000000014;39143;0;44882;5761;5487;0;5487;5761;-274;0;-274;-0,04993621286677601;-0,04993621286677601;;-0,04233924318602809;0;3
2016-03-10;20;2016-03-10 20:00:00;30,02;31,97;-1,9499999999999995;39143;0;44882;6231;5613;0;5613;6231;-618;0;-618;-0,11010154997327633;-0,11010154997327633;;-0,06495669553630912;0;3
2016-03-10;21;2016-03-10 21:00:00;25,31;26,95;-1,6400000000000006;39143;0;44882;6205;5534;0;5534;6205;-671;0;-671;-0,12125045175280087;-0,12125045175280087;;-0,06479652311339394;0;3
2016-03-10;22;2016-03-10 22:00:00;22,72;22,26;0,4599999999999973;39143;0;44882;5856;5246;0;5246;5856;-610;0;-610;-0,11627906976744186;-0,11627906976744186;;0,02024647887323932;0;3
2016-03-10;23;2016-03-10 23:00:00;21,32;21,86;-0,5399999999999991;39143;0;44882;5345;4824;0;4824;5345;-521;0;-521;-0,1080016583747927;-0,1080016583747927;;-0,025328330206378948;0;3
2016-03-11;0;2016-03-11 00:00:00;22,03;20,78;1,25;39148;0;44903;4914;4091;0;4091;4914;-823;0;-823;-0,20117330725983867;-0,20117330725983867;;0,05674080798910576;0;4
2016-03-11;1;2016-03-11 01:00:00;20,85;17,57;3,280000000000001;39148;0;44903;4399;3651;0;3651;4399;-748;0;-748;-0,20487537660914817;-0,20487537660914817;;0,1573141486810552;0;4
2016-03-11;2;2016-03-11 02:00:00;21,03;19,38;1,650000000000002;39148;0;44903;4181;3243;0;3243;4181;-938;0;-938;-0,2892383595436324;-0,2892383595436324;;0,07845934379457926;0;4
2016-03-11;3;2016-03-11 03:00:00;21,06;18,03;3,0299999999999976;39148;0;44903;3859;2969;0;2969;3859;-890;0;-890;-0,2997642303805995;-0,2997642303805995;;0,14387464387464377;0;4
2016-03-11;4;2016-03-11 04:00:00;21,75;20,04;1,7100000000000009;39148;0;44903;3627;2854;0;2854;3627;-773;0;-773;-0,2708479327259986;-0,2708479327259986;;0,07862068965517245;0;4
2016-03-11;5;2016-03-11 05:00:00;22,39;19,61;2,780000000000001;39148;0;44903;3526;2909;0;2909;3526;-617;0;-617;-0,2121003781368168;-0,2121003781368168;;0,12416257257704337;0;4
2016-03-11;6;2016-03-11 06:00:00;28,34;29,58;-1,2399999999999984;39148;26;44903;3574;2974;43;3017;3600;-600;17;-583;-0,1932383162081538;-0,20174848688634836;0,3953488372093023;-0,04375441072688774;0;4
2016-03-11;7;2016-03-11 07:00:00;34,47;33,72;0,75;39148;838;44903;3626;3026;810;3836;4464;-600;-28;-628;-0,16371220020855057;-0,1982815598149372;-0,0345679012345679;0,021758050478677113;0;4
2016-03-11;8;2016-03-11 08:00:00;38,34;40,26;-1,9199999999999944;39148;3120;44903;3395;3118;2707;5825;6515;-277;-413;-690;-0,1184549356223176;-0,08883899935856318;-0,15256741780568894;-0,0500782472613457;0;4
2016-03-11;9;2016-03-11 09:00:00;36,69;37,18;-0,490000000000002;39148;6023;44903;3172;3164;5200;8364;9195;-8;-823;-831;-0,09935437589670014;-0,0025284450063211127;-0,15826923076923077;-0,013355137639683892;0;4
2016-03-11;10;2016-03-11 10:00:00;32,91;34,74;-1,8300000000000052;39148;8832;44903;3336;3149;7625;10774;12168;-187;-1207;-1394;-0,12938555782439207;-0,059383931406795806;-0,15829508196721312;-0,05560619872379232;0;4
2016-03-11;11;2016-03-11 11:00:00;31,98;29,63;2,3500000000000014;39148;10875;44903;3305;2976;9163;12139;14180;-329;-1712;-2041;-0,16813576077106845;-0,1105510752688172;-0,1868383717123213;0,07348342714196376;0;4
2016-03-11;12;2016-03-11 12:00:00;29,81;27,02;2,7899999999999987;39148;11152;44903;3110;2785;9863;12648;14262;-325;-1289;-1614;-0,12760910815939278;-0,11669658886894076;-0,13069045929230458;0,09359275410935923;0;4
2016-03-11;13;2016-03-11 13:00:00;27,03;26,1;0,9299999999999996;39148;10134;44903;3045;2780;9542;12322;13179;-265;-592;-857;-0,06955039766271709;-0,09532374100719425;-0,06204150073359883;0,034406215316315186;0;4
2016-03-11;14;2016-03-11 14:00:00;25,01;28,45;-3,4399999999999977;39148;8062;44903;3106;2971;8189;11160;11168;-135;127;-8;-0,0007168458781362007;-0,04543924604510266;0,015508609109781414;-0,13754498200719703;0;4
2016-03-11;15;2016-03-11 15:00:00;24,92;29,27;-4,349999999999998;39148;5525;44903;3457;3311;5998;9309;8982;-146;473;327;0,03512729616500161;-0,04409543944427665;0,0788596198732911;-0,1745585874799357;0;4
2016-03-11;16;2016-03-11 16:00:00;24,88;28,9;-4,02;39148;2869;44903;3726;3665;3402;7067;6595;-61;533;472;0,06678930239139663;-0,016643929058663028;0,15667254556143445;-0,16157556270096463;0;4
2016-03-11;17;2016-03-11 17:00:00;27,9;33,03;-5,130000000000003;39148;742;44903;3892;3929;1062;4991;4634;37;320;357;0,07152875175315568;0,00941715449223721;0,3013182674199623;-0,1838709677419356;0;4
2016-03-11;18;2016-03-11 18:00:00;32,55;43,46;-10,910000000000005;39148;27;44903;4380;4128;51;4179;4407;-252;24;-228;-0,054558506819813356;-0,061046511627906974;0,47058823529411764;-0,33517665130568375;0;4
2016-03-11;19;2016-03-11 19:00:00;35,69;46,83;-11,14;39148;0;44903;5141;4237;0;4237;5141;-904;0;-904;-0,21335850837856973;-0,21335850837856973;;-0,3121322499299524;0;4
2016-03-11;20;2016-03-11 20:00:00;30,33;36,33;-6,0;39148;0;44903;5513;4262;0;4262;5513;-1251;0;-1251;-0,2935241670577194;-0,2935241670577194;;-0,19782393669634027;0;4
2016-03-11;21;2016-03-11 21:00:00;26,77;29,31;-2,539999999999999;39148;0;44903;5114;4156;0;4156;5114;-958;0;-958;-0,23051010587102982;-0,23051010587102982;;-0,0948823309675009;0;4
2016-03-11;22;2016-03-11 22:00:00;28,2;27,95;0,25;39148;0;44903;4664;3975;0;3975;4664;-689;0;-689;-0,17333333333333334;-0,17333333333333334;;0,008865248226950355;0;4
2016-03-11;23;2016-03-11 23:00:00;25,21;25,54;-0,3299999999999983;39148;0;44903;4211;3770;0;3770;4211;-441;0;-441;-0,1169761273209549;-0,1169761273209549;;-0,01309004363347871;0;4
2016-03-12;0;2016-03-12 00:00:00;29,01;29,53;-0,5199999999999996;39148;0;44906;3801;3453;0;3453;3801;-348;0;-348;-0,10078192875760209;-0,10078192875760209;;-0,017924853498793504;0;5
2016-03-12;1;2016-03-12 01:00:00;26,1;25,24;0,860000000000003;39148;0;44906;3614;3182;0;3182;3614;-432;0;-432;-0,1357636706473916;-0,1357636706473916;;0,03295019157088134;0;5
2016-03-12;2;2016-03-12 02:00:00;25,69;25,52;0,1700000000000017;39148;0;44906;3566;3032;0;3032;3566;-534;0;-534;-0,17612137203166228;-0,17612137203166228;;0,00661736084079415;0;5
2016-03-12;3;2016-03-12 03:00:00;24,5;24,91;-0,41000000000000014;39148;0;44906;3513;2988;0;2988;3513;-525;0;-525;-0,1757028112449799;-0,1757028112449799;;-0,016734693877551027;0;5
2016-03-12;4;2016-03-12 04:00:00;23,26;24,26;-1,0;39148;0;44906;3660;3001;0;3001;3660;-659;0;-659;-0,21959346884371875;-0,21959346884371875;;-0,04299226139294927;0;5
2016-03-12;5;2016-03-12 05:00:00;24,5;23,91;0,5899999999999999;39148;0;44906;4010;3091;0;3091;4010;-919;0;-919;-0,2973147848592688;-0,2973147848592688;;0,02408163265306122;0;5
2016-03-12;6;2016-03-12 06:00:00;25,45;25,34;0,10999999999999943;39148;31;44906;4232;3155;55;3210;4263;-1077;24;-1053;-0,3280373831775701;-0,34136291600633917;0,43636363636363634;0,004322200392927286;0;5
2016-03-12;7;2016-03-12 07:00:00;25,51;25,6;-0,08999999999999986;39148;851;44906;4186;3097;971;4068;5037;-1089;120;-969;-0,23820058997050148;-0,3516306102680013;0,12358393408856849;-0,003528028224225788;0;5
2016-03-12;8;2016-03-12 08:00:00;28,91;26,57;2,34;39148;3243;44906;3430;2930;3199;6129;6673;-500;-44;-544;-0,08875836188611519;-0,17064846416382254;-0,013754298218193186;0,08094085091663783;0;5
2016-03-12;9;2016-03-12 09:00:00;30,09;31,8;-1,7100000000000009;39148;6288;44906;2979;2756;6102;8858;9267;-223;-186;-409;-0,046172951004741475;-0,08091436865021771;-0,03048180924287119;-0,05682951146560322;0;5
2016-03-12;10;2016-03-12 10:00:00;29,26;31,17;-1,91;39148;8644;44906;2737;2636;8675;11311;11381;-101;31;-70;-0,006188665900450889;-0,03831562974203338;0,003573487031700288;-0,06527682843472317;0;5
2016-03-12;11;2016-03-12 11:00:00;28,44;29,99;-1,5499999999999972;39148;9951;44906;2559;2559;10284;12843;12510;0;333;333;0,02592852137351086;0,0;0,0323803967327888;-0,05450070323488035;0;5
2016-03-12;12;2016-03-12 12:00:00;27,6;31,39;-3,7899999999999987;39148;9796;44906;2475;2546;10756;13302;12271;71;960;1031;0,0775071417831905;0,02788688138256088;0,08925251022685013;-0,13731884057971008;0;5
2016-03-12;13;2016-03-12 13:00:00;25,01;27,92;-2,91;39148;8685;44906;2526;2605;10172;12777;11211;79;1487;1566;0,12256398215543556;0,03032629558541267;0,14618560755013763;-0,11635345861655337;0;5
2016-03-12;14;2016-03-12 14:00:00;23,38;27,16;-3,780000000000001;39148;7031;44906;2663;2758;8656;11414;9694;95;1625;1720;0,15069213246889784;0,03444525018129079;0,18773105360443623;-0,16167664670658688;0;5
2016-03-12;15;2016-03-12 15:00:00;22,96;25,98;-3,02;39148;4901;44906;2967;3025;6330;9355;7868;58;1429;1487;0,15895243185462318;0,019173553719008266;0,22575039494470775;-0,13153310104529617;0;5
2016-03-12;16;2016-03-12 16:00:00;23,67;27,97;-4,299999999999997;39148;2626;44906;3106;3300;3574;6874;5732;194;948;1142;0,16613325574629037;0,058787878787878785;0,2652490207050923;-0,1816645542881283;0;5
2016-03-12;17;2016-03-12 17:00:00;27,07;31,16;-4,09;39148;738;44906;3380;3459;1140;4599;4118;79;402;481;0,10458795390302239;0,02283897080080948;0,3526315789473684;-0,15108976727004061;0;5
2016-03-12;18;2016-03-12 18:00:00;34,09;36,19;-2,0999999999999943;39148;32;44906;3763;3684;62;3746;3795;-79;30;-49;-0,013080619327282435;-0,021444082519001085;0,4838709677419355;-0,06160164271047211;0;5
2016-03-12;19;2016-03-12 19:00:00;36,97;37,79;-0,8200000000000003;39148;0;44906;4401;3986;0;3986;4401;-415;0;-415;-0,10411440040140492;-0,10411440040140492;;-0,02218014606437653;0;5
2016-03-12;20;2016-03-12 20:00:00;35,0;31,7;3,3000000000000007;39148;0;44906;4924;4173;0;4173;4924;-751;0;-751;-0,17996645099448838;-0,17996645099448838;;0,0942857142857143;0;5
2016-03-12;21;2016-03-12 21:00:00;30,17;28,84;1,3300000000000018;39148;0;44906;5070;4237;0;4237;5070;-833;0;-833;-0,19660136889308474;-0,19660136889308474;;0,04408352668213463;0;5
2016-03-12;22;2016-03-12 22:00:00;30,91;31,46;-0,5500000000000007;39148;0;44906;4936;4217;0;4217;4936;-719;0;-719;-0,17050035570310648;-0,17050035570310648;;-0,017793594306049845;0;5
2016-03-12;23;2016-03-12 23:00:00;30,0;30,04;-0,03999999999999915;39148;0;44906;4950;4116;0;4116;4950;-834;0;-834;-0,20262390670553937;-0,20262390670553937;;-0,0013333333333333049;0;5
2016-03-13;0;2016-03-13 00:00:00;26,51;26,15;0,360000000000003;39148;0;44906;5059;4555;0;4555;5059;-504;0;-504;-0,11064763995609221;-0,11064763995609221;;0,013579781214636098;0;6
2016-03-13;1;2016-03-13 01:00:00;22,65;23,4;-0,75;39148;0;44906;5292;4462;0;4462;5292;-830;0;-830;-0,18601523980277904;-0,18601523980277904;;-0,033112582781456956;0;6
2016-03-13;2;2016-03-13 02:00:00;21,67;20,35;1,3200000000000005;39148;0;44906;5351;4337;0;4337;5351;-1014;0;-1014;-0,23380216739681808;-0,23380216739681808;;0,06091370558375636;0;6
2016-03-13;3;2016-03-13 03:00:00;21,05;18,93;2,120000000000001;39148;0;44906;5360;4233;0;4233;5360;-1127;0;-1127;-0,26624143633356956;-0,26624143633356956;;0,10071258907363424;0;6
2016-03-13;4;2016-03-13 04:00:00;21,12;19,9;1,2200000000000024;39148;0;44906;4893;4148;0;4148;4893;-745;0;-745;-0,1796046287367406;-0,1796046287367406;;0,05776515151515162;0;6
2016-03-13;5;2016-03-13 05:00:00;21,17;19,68;1,490000000000002;39148;0;44906;4940;4144;0;4144;4940;-796;0;-796;-0,1920849420849421;-0,1920849420849421;;0,07038261691072281;0;6
2016-03-13;6;2016-03-13 06:00:00;21,11;20,82;0,28999999999999915;39148;33;44906;5342;4158;60;4218;5375;-1184;27;-1157;-0,27430061640587955;-0,28475228475228476;0,45;0,013737565135007066;0;6
2016-03-13;7;2016-03-13 07:00:00;21,08;19,16;1,9199999999999984;39148;830;44906;5607;4293;968;5261;6437;-1314;138;-1176;-0,22353164797567002;-0,3060796645702306;0,14256198347107438;0,09108159392789367;0;6
2016-03-13;8;2016-03-13 08:00:00;21,31;19,46;1,8499999999999976;39148;2319;44906;5788;4538;3122;7660;8107;-1250;803;-447;-0,05835509138381201;-0,2754517408550022;0,2572069186418962;0,08681370248709515;0;6
2016-03-13;9;2016-03-13 09:00:00;21,69;20,97;0,7200000000000024;39148;4362;44906;5890;4607;5720;10327;10252;-1283;1358;75;0,00726251573545076;-0,2784892554807901;0,23741258741258742;0,03319502074688808;0;6
2016-03-13;10;2016-03-13 10:00:00;21,73;21,14;0,5899999999999999;39148;6162;44906;5889;4531;8059;12590;12051;-1358;1897;539;0,04281175536139793;-0,29971308761862725;0,23538900608015884;0,027151403589507586;0;6
2016-03-13;11;2016-03-13 11:00:00;21,69;21,54;0,15000000000000213;39148;7716;44906;5480;4582;9716;14298;13196;-898;2000;1102;0,0770737166037208;-0,19598428633784373;0,20584602717167558;0,006915629322268424;0;6
2016-03-13;12;2016-03-13 12:00:00;21,07;22,72;-1,6499999999999986;39148;9172;44906;4878;4629;10580;15209;14050;-249;1408;1159;0,0762048786902492;-0,053791315618924175;0,1330812854442344;-0,0783103939250118;0;6
2016-03-13;13;2016-03-13 13:00:00;19,4;20,51;-1,110000000000003;39148;9732;44906;4743;4764;10479;15243;14475;21;747;768;0,05038378271993702;0,004408060453400504;0,07128542799885486;-0,05721649484536098;0;6
2016-03-13;14;2016-03-13 14:00:00;17,78;19,78;-2,0;39148;8949;44906;4979;5002;9316;14318;13928;23;367;390;0,02723844112306188;0,004598160735705718;0,03939458995276943;-0,11248593925759279;0;6
2016-03-13;15;2016-03-13 15:00:00;17,46;18,78;-1,3200000000000005;39148;6882;44906;5453;5419;6989;12408;12335;-34;107;73;0,005883301096067053;-0,006274220335855324;0,015309772499642296;-0,07560137457044676;0;6
2016-03-13;16;2016-03-13 16:00:00;18,08;19,74;-1,66;39148;3893;44906;6101;5798;3938;9736;9994;-303;45;-258;-0,026499589153656532;-0,05225939979303208;0,01142712036566785;-0,0918141592920354;0;6
2016-03-13;17;2016-03-13 17:00:00;20,19;22,25;-2,0599999999999987;39148;1246;44906;6336;6001;1283;7284;7582;-335;37;-298;-0,04091158704008786;-0,05582402932844526;0,028838659392049885;-0,10203070827142142;0;6
2016-03-13;18;2016-03-13 18:00:00;26,08;25,59;0,4899999999999984;39148;58;44906;6584;6220;74;6294;6642;-364;16;-348;-0,055290753098188754;-0,05852090032154341;0,21621621621621623;0,01878834355828215;0;6
2016-03-13;19;2016-03-13 19:00:00;33,55;28,24;5,309999999999999;39148;0;44906;6771;6538;0;6538;6771;-233;0;-233;-0,03563780972774549;-0,03563780972774549;;0,15827123695976153;0;6
2016-03-13;20;2016-03-13 20:00:00;31,05;25,93;5,120000000000001;39148;0;44906;6860;6522;0;6522;6860;-338;0;-338;-0,05182459368291935;-0,05182459368291935;;0,16489533011272145;0;6
2016-03-13;21;2016-03-13 21:00:00;27,24;24,86;2,379999999999999;39148;0;44906;6474;6305;0;6305;6474;-169;0;-169;-0,026804123711340205;-0,026804123711340205;;0,08737151248164461;0;6
2016-03-13;22;2016-03-13 22:00:00;28,93;26,33;2,6000000000000014;39148;0;44906;6120;5977;0;5977;6120;-143;0;-143;-0,023925046009703865;-0,023925046009703865;;0,08987210508123061;0;6
2016-03-13;23;2016-03-13 23:00:00;26,63;23,56;3,0700000000000003;39148;0;44906;5768;5597;0;5597;5768;-171;0;-171;-0,03055208147221726;-0,03055208147221726;;0,11528351483289524;0;6
2016-03-14;0;2016-03-14 00:00:00;22,39;21,65;0,7400000000000021;39149;0;44919;5374;5297;0;5297;5374;-77;0;-77;-0,014536530111383802;-0,014536530111383802;;0,03305046895935695;0;0
2016-03-14;1;2016-03-14 01:00:00;20,7;22,71;-2,0100000000000016;39149;0;44919;5156;5027;0;5027;5156;-129;0;-129;-0,025661428287248857;-0,025661428287248857;;-0,09710144927536239;0;0
2016-03-14;2;2016-03-14 02:00:00;20,22;21,2;-0,9800000000000004;39149;0;44919;5032;4820;0;4820;5032;-212;0;-212;-0,04398340248962656;-0,04398340248962656;;-0,04846686449060339;0;0
2016-03-14;3;2016-03-14 03:00:00;19,99;19,51;0,4799999999999969;39149;0;44919;5030;4554;0;4554;5030;-476;0;-476;-0,10452349582784365;-0,10452349582784365;;0,024012006003001345;0;0
2016-03-14;4;2016-03-14 04:00:00;20,36;19,71;0,6499999999999986;39149;0;44919;4964;4363;0;4363;4964;-601;0;-601;-0,13774925509970204;-0,13774925509970204;;0,03192534381139482;0;0
2016-03-14;5;2016-03-14 05:00:00;21,92;20,64;1,2800000000000011;39149;0;44919;4959;4204;0;4204;4959;-755;0;-755;-0,1795908658420552;-0,1795908658420552;;0,05839416058394165;0;0
2016-03-14;6;2016-03-14 06:00:00;29,46;29,99;-0,5299999999999976;39149;85;44919;4817;4014;103;4117;4902;-803;18;-785;-0,19067282001457372;-0,20004982561036372;0,17475728155339806;-0,017990495587236848;0;0
2016-03-14;7;2016-03-14 07:00:00;35,43;33,86;1,5700000000000005;39149;1912;44919;4364;3888;1440;5328;6276;-476;-472;-948;-0,17792792792792791;-0,12242798353909465;-0,3277777777777778;0,04431272932543044;0;0
2016-03-14;8;2016-03-14 08:00:00;35,81;32,15;3,660000000000004;39149;6572;44919;3554;3767;4593;8360;10126;213;-1979;-1766;-0,21124401913875598;0,05654366870188479;-0,4308730677117352;0,1022060876850043;0;0
2016-03-14;9;2016-03-14 09:00:00;31,75;23,87;7,879999999999999;39149;11762;44919;3104;3582;8663;12245;14866;478;-3099;-2621;-0,21404654961208658;0,13344500279173646;-0,3577282696525453;0,24818897637795273;0;0
2016-03-14;10;2016-03-14 10:00:00;28,82;22,77;6,050000000000002;39149;15717;44919;2916;3453;12637;16090;18633;537;-3080;-2543;-0,15804847731510255;0,15551694178974804;-0,2437287330853842;0,20992366412213745;0;0
2016-03-14;11;2016-03-14 11:00:00;24,33;21,69;2,639999999999997;39149;18578;44919;2662;3448;15543;18991;21240;786;-3035;-2249;-0,11842451687641514;0,22795823665893272;-0,1952647494048768;0,10850801479654736;0;0
2016-03-14;12;2016-03-14 12:00:00;23,31;20,84;2,4699999999999993;39149;19926;44919;2647;3511;17016;20527;22573;864;-2910;-2046;-0,09967360062356896;0,2460837368271148;-0,17101551480959098;0,10596310596310594;0;0
2016-03-14;13;2016-03-14 13:00:00;22,84;21,18;1,66;39149;19427;44919;2766;3682;16818;20500;22193;916;-2609;-1693;-0,08258536585365854;0,2487778381314503;-0,15513140682601975;0,07267950963222417;0;0
2016-03-14;14;2016-03-14 14:00:00;22,55;20,9;1,650000000000002;39149;16798;44919;2986;3911;14916;18827;19784;925;-1882;-957;-0,050831252987730384;0,2365124009204807;-0,1261732367927058;0,07317073170731715;0;0
2016-03-14;15;2016-03-14 15:00:00;23,04;21,2;1,84;39149;12392;44919;3225;4114;11339;15453;15617;889;-1053;-164;-0,0106128259884812;0,21609139523578028;-0,09286533203986243;0,07986111111111112;0;0
2016-03-14;16;2016-03-14 16:00:00;24,8;21,72;3,080000000000002;39149;7010;44919;3318;4178;6656;10834;10328;860;-354;506;0,046704818165036;0,20584011488750598;-0,05318509615384615;0,12419354838709684;0;0
2016-03-14;17;2016-03-14 17:00:00;30,71;28,62;2,09;39149;2155;44919;3298;4034;2174;6208;5453;736;19;755;0,12161726804123711;0,18244918195339613;0,008739650413983441;0,06805600781504395;0;0
2016-03-14;18;2016-03-14 18:00:00;39,48;35,1;4,379999999999996;39149;88;44919;3563;4043;121;4164;3651;480;33;513;0,12319884726224783;0,11872372000989365;0,2727272727272727;0,1109422492401215;0;0
2016-03-14;19;2016-03-14 19:00:00;47,92;46,05;1,8700000000000043;39149;0;44919;4020;4118;0;4118;4020;98;0;98;0,023797960174842158;0,023797960174842158;;0,03902337228714533;0;0
2016-03-14;20;2016-03-14 20:00:00;34,32;33,12;1,2000000000000028;39149;0;44919;4400;4139;0;4139;4400;-261;0;-261;-0,06305870983329306;-0,06305870983329306;;0,03496503496503505;0;0
2016-03-14;21;2016-03-14 21:00:00;29,48;26,88;2,6000000000000014;39149;0;44919;4379;4027;0;4027;4379;-352;0;-352;-0,087409982617333;-0,087409982617333;;0,08819538670284943;0;0
2016-03-14;22;2016-03-14 22:00:00;26,37;24,45;1,9200000000000017;39149;0;44919;4074;3862;0;3862;4074;-212;0;-212;-0,05489383738995339;-0,05489383738995339;;0,07281001137656434;0;0
2016-03-14;23;2016-03-14 23:00:00;22,91;20,55;2,3599999999999994;39149;0;44919;3778;3634;0;3634;3778;-144;0;-144;-0,03962575674188222;-0,03962575674188222;;0,10301178524661717;0;0
2016-03-15;0;2016-03-15 00:00:00;21,1;21,2;-0,09999999999999787;39153;0;44934;3628;3508;0;3508;3628;-120;0;-120;-0,03420752565564424;-0,03420752565564424;;-0,004739336492890894;0;1
2016-03-15;1;2016-03-15 01:00:00;20,76;22,5;-1,7399999999999984;39153;0;44934;3578;3522;0;3522;3578;-56;0;-56;-0,01590005678591709;-0,01590005678591709;;-0,08381502890173402;0;1
2016-03-15;2;2016-03-15 02:00:00;21,17;22,78;-1,6099999999999994;39153;0;44934;3562;3683;0;3683;3562;121;0;121;0,03285365191420038;0,03285365191420038;;-0,07605101558809634;0;1
2016-03-15;3;2016-03-15 03:00:00;20,74;22,43;-1,6900000000000013;39153;0;44934;3646;3980;0;3980;3646;334;0;334;0,08391959798994975;0,08391959798994975;;-0,08148505303760856;0;1
2016-03-15;4;2016-03-15 04:00:00;20,91;22,86;-1,9499999999999995;39153;0;44934;3687;4414;0;4414;3687;727;0;727;0,1647032170367014;0,1647032170367014;;-0,09325681492109036;0;1
2016-03-15;5;2016-03-15 05:00:00;22,86;28,5;-5,6400000000000015;39153;0;44934;3649;4995;0;4995;3649;1346;0;1346;0,2694694694694695;0,2694694694694695;;-0,24671916010498696;0;1
2016-03-15;6;2016-03-15 06:00:00;27,1;35,2;-8,100000000000001;39153;45;44934;3759;5488;54;5542;3804;1729;9;1738;0,31360519667989895;0,31505102040816324;0,16666666666666666;-0,29889298892988936;0;1
2016-03-15;7;2016-03-15 07:00:00;33,69;43,99;-10,300000000000004;39153;739;44934;4052;5778;750;6528;4791;1726;11;1737;0,26608455882352944;0,29871928002769127;0,014666666666666666;-0,3057287028791928;0;1
2016-03-15;8;2016-03-15 08:00:00;38,47;58,35;-19,880000000000006;39153;2223;44934;4354;5906;2115;8021;6577;1552;-108;1444;0,18002742800149607;0,2627836098882492;-0,05106382978723404;-0,5167663114114897;0;1
2016-03-15;9;2016-03-15 09:00:00;35,96;47,37;-11,409999999999995;39153;3642;44934;4818;6083;3612;9695;8460;1265;-30;1235;0,12738525012893243;0,20795660036166366;-0,008305647840531562;-0,3172969966629587;0;1
2016-03-15;10;2016-03-15 10:00:00;36,09;41,48;-5,3899999999999935;39153;4856;44934;5347;6417;4964;11381;10203;1070;108;1178;0,10350584307178631;0,16674458469689887;0,021756647864625302;-0,14934885009697957;0;1
2016-03-15;11;2016-03-15 11:00:00;34,31;39,7;-5,3900000000000015;39153;5196;44934;6296;6917;5910;12827;11492;621;714;1335;0,10407733686754503;0,08977880584068237;0,12081218274111676;-0,15709705625182166;0;1
2016-03-15;12;2016-03-15 12:00:00;30,93;34,25;-3,3200000000000003;39153;4734;44934;6931;7433;6414;13847;11665;502;1680;2182;0,15757925904528056;0,06753666083680883;0,26192703461178674;-0,10733915292596186;0;1
2016-03-15;13;2016-03-15 13:00:00;27,44;32,97;-5,529999999999998;39153;4194;44934;7539;7893;6407;14300;11733;354;2213;2567;0,1795104895104895;0,04484986697073356;0,3454034649601998;-0,20153061224489785;0;1
2016-03-15;14;2016-03-15 14:00:00;24,78;31,26;-6,48;39153;3706;44934;7992;8278;5791;14069;11698;286;2085;2371;0,16852654772904968;0,034549408069582024;0,36004144361940943;-0,26150121065375304;0;1
2016-03-15;15;2016-03-15 15:00:00;23,71;30,0;-6,289999999999999;39153;3108;44934;8554;8498;4458;12956;11662;-56;1350;1294;0,09987650509416486;-0,006589785831960461;0,3028263795423957;-0,2652889076339097;0;1
2016-03-15;16;2016-03-15 16:00:00;23,3;28,36;-5,059999999999999;39153;2052;44934;9103;8490;2746;11236;11155;-613;694;81;0,0072089711641153435;-0,07220259128386337;0,25273124544792425;-0,21716738197424887;0;1
2016-03-15;17;2016-03-15 17:00:00;25,45;28,21;-2,7600000000000016;39153;701;44934;9339;8355;983;9338;10040;-984;282;-702;-0,07517669736560291;-0,1177737881508079;0,28687690742624616;-0,10844793713163071;0;1
2016-03-15;18;2016-03-15 18:00:00;31,91;32,72;-0,8099999999999987;39153;45;44934;8903;8354;64;8418;8948;-549;19;-530;-0,06296032311712996;-0,06571702178597079;0,296875;-0,02538389219680347;0;1
2016-03-15;19;2016-03-15 19:00:00;34,13;36,07;-1,9399999999999975;39153;0;44934;9604;8342;0;8342;9604;-1262;0;-1262;-0,15128266602733156;-0,15128266602733156;;-0,05684148842660408;0;1
2016-03-15;20;2016-03-15 20:00:00;29,06;28,69;0,36999999999999744;39153;0;44934;9827;8278;0;8278;9827;-1549;0;-1549;-0,18712249335588307;-0,18712249335588307;;0,012732278045423175;0;1
2016-03-15;21;2016-03-15 21:00:00;24,15;23,03;1,1199999999999974;39153;0;44934;8370;8260;0;8260;8370;-110;0;-110;-0,013317191283292978;-0,013317191283292978;;0,046376811594202795;0;1
2016-03-15;22;2016-03-15 22:00:00;22,52;22,97;-0,4499999999999993;39153;0;44934;8423;8160;0;8160;8423;-263;0;-263;-0,03223039215686275;-0,03223039215686275;;-0,019982238010657162;0;1
2016-03-15;23;2016-03-15 23:00:00;20,95;23,48;-2,5300000000000007;39153;0;44934;7740;7900;0;7900;7740;160;0;160;0,020253164556962026;0,020253164556962026;;-0,12076372315035803;0;1
2016-03-16;0;2016-03-16 00:00:00;21,22;19,81;1,41;39155;0;44943;9416;8361;0;8361;9416;-1055;0;-1055;-0,12618107881832316;-0,12618107881832316;;0,06644674835061264;0;2
2016-03-16;1;2016-03-16 01:00:00;20,92;19,17;1,75;39155;0;44943;9762;8144;0;8144;9762;-1618;0;-1618;-0,1986738703339882;-0,1986738703339882;;0,08365200764818355;0;2
2016-03-16;2;2016-03-16 02:00:00;20,45;16,59;3,86;39155;0;44943;10052;8048;0;8048;10052;-2004;0;-2004;-0,24900596421471172;-0,24900596421471172;;0,18875305623471883;0;2
2016-03-16;3;2016-03-16 03:00:00;20,06;16,58;3,4800000000000004;39155;0;44943;10419;8017;0;8017;10419;-2402;0;-2402;-0,29961332169140575;-0,29961332169140575;;0,17347956131605188;0;2
2016-03-16;4;2016-03-16 04:00:00;20,49;16,06;4,43;39155;0;44943;10965;8106;0;8106;10965;-2859;0;-2859;-0,3527017024426351;-0,3527017024426351;;0,21620302586627624;0;2
2016-03-16;5;2016-03-16 05:00:00;21,59;15,25;6,34;39155;0;44943;11439;8269;0;8269;11439;-3170;0;-3170;-0,3833595356149474;-0,3833595356149474;;0,29365446966188047;0;2
2016-03-16;6;2016-03-16 06:00:00;26,24;19,92;6,319999999999998;39155;100;44943;11814;8577;148;8725;11914;-3237;48;-3189;-0,36550143266475643;-0,37740468695348023;0,32432432432432434;0,2408536585365853;0;2
2016-03-16;7;2016-03-16 07:00:00;33,94;25,6;8,339999999999996;39155;1704;44943;11715;8768;1957;10725;13419;-2947;253;-2694;-0,2511888111888112;-0,3361085766423358;0,12927950945324476;0,24572775486152024;0;2
2016-03-16;8;2016-03-16 08:00:00;32,99;23,41;9,580000000000002;39155;4996;44943;11016;9005;5493;14498;16012;-2011;497;-1514;-0,10442819699268864;-0,22332037756801776;0,09047879118878573;0,29039102758411645;0;2
2016-03-16;9;2016-03-16 09:00:00;24,71;21,68;3,030000000000001;39155;9090;44943;11622;9410;9517;18927;20712;-2212;427;-1785;-0,09430971627833254;-0,23506907545164718;0,04486707996217296;0,12262242007284505;0;2
2016-03-16;10;2016-03-16 10:00:00;22,48;20,65;1,8300000000000016;39155;12394;44943;13054;9772;12958;22730;25448;-3282;564;-2718;-0,11957765068191817;-0,3358575521899304;0,043525235375829606;0,081405693950178;0;2
2016-03-16;11;2016-03-16 11:00:00;22,43;19,5;2,93;39155;13968;44943;14557;10229;15150;25379;28525;-4328;1182;-3146;-0,12396075495488396;-0,42311076351549515;0,07801980198019802;0,13062862238074008;0;2
2016-03-16;12;2016-03-16 12:00:00;22,16;19,7;2,460000000000001;39155;15197;44943;14330;10525;16141;26666;29527;-3805;944;-2861;-0,10729018225455636;-0,36152019002375296;0,05848460442351775;0,11101083032490978;0;2
2016-03-16;13;2016-03-16 13:00:00;21,85;19,9;1,9500000000000028;39155;15689;44943;13628;10621;15902;26523;29317;-3007;213;-2794;-0,10534253289597707;-0,28311835043781186;0,013394541567098479;0,08924485125858136;0;2
2016-03-16;14;2016-03-16 14:00:00;21,9;20,3;1,599999999999998;39155;14696;44943;12985;10531;14211;24742;27681;-2454;-485;-2939;-0,11878587018026028;-0,2330263032950337;-0,03412849201322919;0,07305936073059352;0;2
2016-03-16;15;2016-03-16 15:00:00;22,28;19,77;2,5100000000000016;39155;11434;44943;12539;10405;10788;21193;23973;-2134;-646;-2780;-0,13117538809984428;-0,2050937049495435;-0,059881349647756765;0,11265709156193902;0;2
2016-03-16;16;2016-03-16 16:00:00;23,67;19,9;3,770000000000003;39155;6761;44943;11653;9949;6232;16181;18414;-1704;-529;-2233;-0,1380013596193066;-0,17127349482360035;-0,0848844672657253;0,1592733417828476;0;2
2016-03-16;17;2016-03-16 17:00:00;29,92;29,15;0,7700000000000031;39155;2237;44943;10133;9192;2020;11212;12370;-941;-217;-1158;-0,10328219764537995;-0,10237162750217581;-0,10742574257425742;0,02573529411764716;0;2
2016-03-16;18;2016-03-16 18:00:00;35,6;33,91;1,6900000000000048;39155;100;44943;9019;8678;133;8811;9119;-341;33;-308;-0,03495630461922597;-0,03929476837981102;0,24812030075187969;0,04747191011235968;0;2
2016-03-16;19;2016-03-16 19:00:00;39,2;34,67;4,530000000000001;39155;0;44943;9344;8471;0;8471;9344;-873;0;-873;-0,10305749026089009;-0,10305749026089009;;0,11556122448979594;0;2
2016-03-16;20;2016-03-16 20:00:00;32,02;31,69;0,33000000000000185;39155;0;44943;9390;8126;0;8126;9390;-1264;0;-1264;-0,15555008614324392;-0,15555008614324392;;0,010306058713304242;0;2
2016-03-16;21;2016-03-16 21:00:00;27,04;28,55;-1,5100000000000016;39155;0;44943;8846;7703;0;7703;8846;-1143;0;-1143;-0,1483837465922368;-0,1483837465922368;;-0,055843195266272246;0;2
2016-03-16;22;2016-03-16 22:00:00;23,7;23,29;0,41000000000000014;39155;0;44943;8013;7056;0;7056;8013;-957;0;-957;-0,13562925170068027;-0,13562925170068027;;0,017299578059071737;0;2
2016-03-16;23;2016-03-16 23:00:00;22,97;23,23;-0,2600000000000016;39155;0;44943;6994;6197;0;6197;6994;-797;0;-797;-0,12861061804098758;-0,12861061804098758;;-0,01131911188506755;0;2
2016-03-17;0;2016-03-17 00:00:00;23,08;22,23;0,8499999999999979;39158;0;44975;5946;4899;0;4899;5946;-1047;0;-1047;-0,21371708511941212;-0,21371708511941212;;0,03682842287694965;0;3
2016-03-17;1;2016-03-17 01:00:00;22,3;21,93;0,37000000000000105;39158;0;44975;5096;4127;0;4127;5096;-969;0;-969;-0,23479525078749697;-0,23479525078749697;;0,016591928251121123;0;3
2016-03-17;2;2016-03-17 02:00:00;22,13;22,42;-0,2900000000000027;39158;0;44975;4432;3559;0;3559;4432;-873;0;-873;-0,24529362180387748;-0,24529362180387748;;-0,013104383190239616;0;3
2016-03-17;3;2016-03-17 03:00:00;22,27;24,1;-1,8300000000000016;39158;0;44975;4002;3138;0;3138;4002;-864;0;-864;-0,27533460803059273;-0,27533460803059273;;-0,08217332734620574;0;3
2016-03-17;4;2016-03-17 04:00:00;22,24;23,5;-1,2600000000000016;39158;0;44975;3630;2882;0;2882;3630;-748;0;-748;-0,2595419847328244;-0,2595419847328244;;-0,05665467625899288;0;3
2016-03-17;5;2016-03-17 05:00:00;23,55;26,7;-3,1499999999999986;39158;0;44975;3272;2699;0;2699;3272;-573;0;-573;-0,21230085216746944;-0,21230085216746944;;-0,13375796178343943;0;3
2016-03-17;6;2016-03-17 06:00:00;33,9;33,88;0,019999999999996017;39158;212;44975;3177;2572;242;2814;3389;-605;30;-575;-0,20433546552949539;-0,23522550544323484;0,12396694214876033;0,0005899705014748088;0;3
2016-03-17;7;2016-03-17 07:00:00;38,16;39,69;-1,5300000000000011;39158;3247;44975;2857;2378;3061;5439;6104;-479;-186;-665;-0,12226512226512226;-0,20142977291841885;-0,06076445606011108;-0,04009433962264154;0;3
2016-03-17;8;2016-03-17 08:00:00;34,97;28,3;6,669999999999997;39158;9224;44975;1852;2078;8562;10640;11076;226;-662;-436;-0,04097744360902256;0,10875842155919153;-0,0773183835552441;0,19073491564197878;0;3
2016-03-17;9;2016-03-17 09:00:00;25,98;21,04;4,940000000000001;39158;14940;44975;996;1805;14224;16029;15936;809;-716;93;0,005801983904173685;0,4481994459833795;-0,050337457817772775;0,19014626635873755;0;3
2016-03-17;10;2016-03-17 10:00:00;23,11;21,37;1,7399999999999984;39158;19105;44975;931;1719;18459;20178;20036;788;-646;142;0,00703736742987412;0,4584060500290867;-0,03499647868248551;0,07529208135006484;0;3
2016-03-17;11;2016-03-17 11:00:00;22,96;20,96;2,0;39158;21804;44975;1252;1834;20849;22683;23056;582;-955;-373;-0,01644403297623771;0,3173391494002181;-0,04580555422322414;0,08710801393728222;0;3
2016-03-17;12;2016-03-17 12:00:00;22,38;20,41;1,9699999999999989;39158;22950;44975;1388;2076;21654;23730;24338;688;-1296;-608;-0,02562157606405394;0,33140655105973027;-0,059850374064837904;0,08802502234137619;0;3
2016-03-17;13;2016-03-17 13:00:00;22,2;19,89;2,3099999999999987;39158;22022;44975;1578;2476;20781;23257;23600;898;-1241;-343;-0,014748247839360193;0,36268174474959614;-0,05971801164525287;0,104054054054054;0;3
2016-03-17;14;2016-03-17 14:00:00;22,15;19,87;2,2799999999999976;39158;19109;44975;1798;2905;18143;21048;20907;1107;-966;141;0,0066989737742303304;0,3810671256454389;-0,0532436752466516;0,10293453724604956;0;3
2016-03-17;15;2016-03-17 15:00:00;22,43;20,62;1,8099999999999987;39158;14338;44975;2121;3325;13691;17016;16459;1204;-647;557;0,03273389750822755;0,36210526315789476;-0,047257322328536994;0,08069549710209535;0;3
2016-03-17;16;2016-03-17 16:00:00;25,85;24,02;1,8300000000000016;39158;8186;44975;2528;3777;7905;11682;10714;1249;-281;968;0,08286252354048965;0,33068572941487956;-0,035547122074636305;0,07079303675048362;0;3
2016-03-17;17;2016-03-17 17:00:00;31,92;30,97;0,9500000000000028;39158;2630;44975;2962;4173;2626;6799;5592;1211;-4;1207;0,1775261067804089;0,2901988976755332;-0,0015232292460015233;0,02976190476190485;0;3
2016-03-17;18;2016-03-17 18:00:00;38,81;39,34;-0,5300000000000011;39158;156;44975;3689;4639;189;4828;3845;950;33;983;0,2036039768019884;0,20478551411942228;0,1746031746031746;-0,013656274156145351;0;3
2016-03-17;19;2016-03-17 19:00:00;46,69;41,98;4,710000000000001;39158;0;44975;4644;5248;0;5248;4644;604;0;604;0,11509146341463415;0,11509146341463415;;0,10087813236239025;0;3
2016-03-17;20;2016-03-17 20:00:00;37,76;37,84;-0,0800000000000054;39158;0;44975;5295;5777;0;5777;5295;482;0;482;0,08343430846460101;0,08343430846460101;;-0,0021186440677967533;0;3
2016-03-17;21;2016-03-17 21:00:00;30,98;30,23;0,75;39158;0;44975;5751;6249;0;6249;5751;498;0;498;0,07969275084013443;0,07969275084013443;;0,02420916720464816;0;3
2016-03-17;22;2016-03-17 22:00:00;25,48;26,68;-1,1999999999999993;39158;0;44975;6127;6587;0;6587;6127;460;0;460;0,06983452254440564;0,06983452254440564;;-0,047095761381475636;0;3
2016-03-17;23;2016-03-17 23:00:00;21,84;22,42;-0,5800000000000018;39158;0;44975;6422;6746;0;6746;6422;324;0;324;0,04802846131040617;0,04802846131040617;;-0,026556776556776643;0;3
2016-03-18;0;2016-03-18 00:00:00;20,34;23,43;-3,09;39160;0;45001;6865;6777;0;6777;6865;-88;0;-88;-0,012985096650435296;-0,012985096650435296;;-0,15191740412979352;0;4
2016-03-18;1;2016-03-18 01:00:00;19,47;22,05;-2,5800000000000023;39160;0;45001;7364;6989;0;6989;7364;-375;0;-375;-0,05365574474173702;-0,05365574474173702;;-0,13251155624036992;0;4
2016-03-18;2;2016-03-18 02:00:00;19,49;22,19;-2,700000000000003;39160;0;45001;7937;7307;0;7307;7937;-630;0;-630;-0,08621869440262762;-0,08621869440262762;;-0,1385325808106723;0;4
2016-03-18;3;2016-03-18 03:00:00;19,67;21,36;-1,6899999999999975;39160;0;45001;8352;7583;0;7583;8352;-769;0;-769;-0,10141105103521034;-0,10141105103521034;;-0,0859176410777833;0;4
2016-03-18;4;2016-03-18 04:00:00;20,14;22,17;-2,0300000000000007;39160;0;45001;8384;7776;0;7776;8384;-608;0;-608;-0,07818930041152264;-0,07818930041152264;;-0,10079443892750747;0;4
2016-03-18;5;2016-03-18 05:00:00;21,58;25,79;-4,210000000000001;39160;0;45001;8414;7727;0;7727;8414;-687;0;-687;-0,08890902031836417;-0,08890902031836417;;-0,1950880444856349;0;4
2016-03-18;6;2016-03-18 06:00:00;24,86;28,37;-3,5100000000000016;39160;208;45001;8236;7496;231;7727;8444;-740;23;-717;-0,09279151028859842;-0,09871931696905016;0,09956709956709957;-0,14119066773934036;0;4
2016-03-18;7;2016-03-18 07:00:00;32,69;29,87;2,8199999999999967;39160;2724;45001;8111;7089;2597;9686;10835;-1022;-127;-1149;-0,11862481932686351;-0,1441670193257159;-0,04890257989988448;0,08626491281737525;0;4
2016-03-18;8;2016-03-18 08:00:00;29,94;29,74;0,20000000000000284;39160;7390;45001;7576;6442;6988;13430;14966;-1134;-402;-1536;-0,11437081161578555;-0,17603228810928284;-0,05752718946765884;0,006680026720106975;0;4
2016-03-18;9;2016-03-18 09:00:00;23,88;21,88;2,0;39160;11486;45001;6576;5908;11354;17262;18062;-668;-132;-800;-0,04634457189201715;-0,11306702775897089;-0,011625858728201514;0,08375209380234507;0;4
2016-03-18;10;2016-03-18 10:00:00;22,43;21,11;1,3200000000000005;39160;14153;45001;6008;5465;14509;19974;20161;-543;356;-187;-0,009362170822068689;-0,09935956084172004;0,024536494589565097;0,058849754792688384;0;4
2016-03-18;11;2016-03-18 11:00:00;22,92;23,52;-0,5999999999999979;39160;15443;45001;5510;5006;16237;21243;20953;-504;794;290;0,013651555806618651;-0,10067918497802637;0,048900658988729445;-0,026178010471204095;0;4
2016-03-18;12;2016-03-18 12:00:00;22,59;24,6;-2,0100000000000016;39160;15717;45001;5019;4651;16777;21428;20736;-368;1060;692;0,03229419451185365;-0,0791227692969254;0,06318173690171068;-0,0889774236387783;0;4
2016-03-18;13;2016-03-18 13:00:00;22,53;24,08;-1,5499999999999972;39160;14940;45001;4948;4422;16117;20539;19888;-526;1177;651;0,03169579823749939;-0,11895070104025328;0,07302847924551716;-0,06879715934309796;0;4
2016-03-18;14;2016-03-18 14:00:00;22,56;24,77;-2,210000000000001;39160;12904;45001;5092;4246;14083;18329;17996;-846;1179;333;0,0181679306017786;-0,19924634950541686;0,0837179578214869;-0,09796099290780146;0;4
2016-03-18;15;2016-03-18 15:00:00;23,46;25,83;-2,369999999999997;39160;9540;45001;4981;4112;10603;14715;14521;-869;1063;194;0,013183826027862725;-0,21133268482490272;0,1002546449118174;-0,10102301790281316;0;4
2016-03-18;16;2016-03-18 16:00:00;24,42;24,93;-0,509999999999998;39160;5426;45001;4590;3940;6106;10046;10016;-650;680;30;0,002986263189329086;-0,1649746192893401;0,11136586963642318;-0,0208845208845208;0;4
2016-03-18;17;2016-03-18 17:00:00;27,82;28,61;-0,7899999999999991;39160;1738;45001;4062;3763;2051;5814;5800;-299;313;14;0,002407980736154111;-0,07945787935158119;0,15260848366650415;-0,02839683680805173;0;4
2016-03-18;18;2016-03-18 18:00:00;33,99;32,88;1,1099999999999994;39160;97;45001;4014;3588;159;3747;4111;-426;62;-364;-0,09714438217240459;-0,11872909698996656;0,389937106918239;0,03265666372462487;0;4
2016-03-18;19;2016-03-18 19:00:00;39,3;40,48;-1,1799999999999995;39160;0;45001;3946;3439;0;3439;3946;-507;0;-507;-0,1474265774934574;-0,1474265774934574;;-0,030025445292620856;0;4
2016-03-18;20;2016-03-18 20:00:00;33,91;35,02;-1,1100000000000063;39160;0;45001;3530;3251;0;3251;3530;-279;0;-279;-0,08581974776991695;-0,08581974776991695;;-0,03273370687112965;0;4
2016-03-18;21;2016-03-18 21:00:00;27,09;28,73;-1,6400000000000006;39160;0;45001;3325;3116;0;3116;3325;-209;0;-209;-0,06707317073170732;-0,06707317073170732;;-0,060538944259874515;0;4
2016-03-18;22;2016-03-18 22:00:00;26,92;29,08;-2,1599999999999966;39160;0;45001;2966;2954;0;2954;2966;-12;0;-12;-0,004062288422477996;-0,004062288422477996;;-0,08023774145616629;0;4
2016-03-18;23;2016-03-18 23:00:00;23,78;25,39;-1,6099999999999994;39160;0;45001;2636;2681;0;2681;2636;45;0;45;0,01678478179783663;0,01678478179783663;;-0,06770395290159796;0;4
2016-03-19;0;2016-03-19 00:00:00;23,37;24,54;-1,1699999999999982;39160;0;45004;2424;2408;0;2408;2424;-16;0;-16;-0,006644518272425249;-0,006644518272425249;;-0,05006418485237476;0;5
2016-03-19;1;2016-03-19 01:00:00;21,68;24,5;-2,8200000000000003;39160;0;45004;2219;2075;0;2075;2219;-144;0;-144;-0,06939759036144579;-0,06939759036144579;;-0,1300738007380074;0;5
2016-03-19;2;2016-03-19 02:00:00;21,66;22,83;-1,1699999999999982;39160;0;45004;2018;1858;0;1858;2018;-160;0;-160;-0,0861141011840689;-0,0861141011840689;;-0,05401662049861487;0;5
2016-03-19;3;2016-03-19 03:00:00;22,6;22,58;0,02000000000000313;39160;0;45004;1947;1701;0;1701;1947;-246;0;-246;-0,14462081128747795;-0,14462081128747795;;0,0008849557522125278;0;5
2016-03-19;4;2016-03-19 04:00:00;22,71;21,44;1,2699999999999996;39160;0;45004;1812;1598;0;1598;1812;-214;0;-214;-0,13391739674593242;-0,13391739674593242;;0,055922501100836616;0;5
2016-03-19;5;2016-03-19 05:00:00;22,2;21,42;0,7799999999999976;39160;0;45004;1724;1538;0;1538;1724;-186;0;-186;-0,12093628088426528;-0,12093628088426528;;0,035135135135135026;0;5
2016-03-19;6;2016-03-19 06:00:00;22,4;20,97;1,4299999999999995;39160;137;45004;1583;1426;140;1566;1720;-157;3;-154;-0,0983397190293742;-0,11009817671809256;0,02142857142857143;0,0638392857142857;0;5
2016-03-19;7;2016-03-19 07:00:00;28,93;27,55;1,379999999999999;39160;1506;45004;1612;1259;1412;2671;3118;-353;-94;-447;-0,16735305129165107;-0,28038125496425736;-0,06657223796033994;0,04770134808157619;0;5
2016-03-19;8;2016-03-19 08:00:00;29,38;26,56;2,8200000000000003;39160;4002;45004;1846;1178;3763;4941;5848;-668;-239;-907;-0,18356607974094313;-0,567062818336163;-0,06351315439808664;0,09598366235534378;0;5
2016-03-19;9;2016-03-19 09:00:00;28,58;26,02;2,5599999999999987;39160;6800;45004;2114;1181;6398;7579;8914;-933;-402;-1335;-0,17614461010687427;-0,790008467400508;-0,06283213504220068;0,08957312806158149;0;5
2016-03-19;10;2016-03-19 10:00:00;26,96;23,96;3,0;39160;8782;45004;2504;1320;8623;9943;11286;-1184;-159;-1343;-0,1350698984209997;-0,896969696969697;-0,018439058332366927;0,11127596439169139;0;5
2016-03-19;11;2016-03-19 11:00:00;24,79;22,09;2,6999999999999997;39160;10135;45004;2962;1654;10225;11879;13097;-1308;90;-1218;-0,10253388332351208;-0,7908101571946796;0,008801955990220049;0,108914885034288;0;5
2016-03-19;12;2016-03-19 12:00:00;23,04;21,21;1,8299999999999983;39160;10888;45004;3513;2088;11066;13154;14401;-1425;178;-1247;-0,09480006081800213;-0,6824712643678161;0,01608530634375565;0,07942708333333326;0;5
2016-03-19;13;2016-03-19 13:00:00;22,04;20,8;1,2399999999999984;39160;10703;45004;4208;2729;10963;13692;14911;-1479;260;-1219;-0,08903009056383289;-0,5419567607182117;0,023716136094134817;0,05626134301270411;0;5
2016-03-19;14;2016-03-19 14:00:00;21,12;20,52;0,6000000000000014;39160;9317;45004;5173;3574;9762;13336;14490;-1599;445;-1154;-0,08653269346130774;-0,44739787353105764;0,04558492112272075;0,028409090909090974;0;5
2016-03-19;15;2016-03-19 15:00:00;20,93;18,99;1,9400000000000013;39160;6987;45004;6150;4398;7336;11734;13137;-1752;349;-1403;-0,11956707005283791;-0,39836289222373805;0,04757360959651036;0,09268991877687537;0;5
2016-03-19;16;2016-03-19 16:00:00;21,3;18,82;2,4800000000000004;39160;4030;45004;7038;5160;4237;9397;11068;-1878;207;-1671;-0,17782270937533257;-0,363953488372093;0,04885532216190701;0,11643192488262913;0;5
2016-03-19;17;2016-03-19 17:00:00;24,0;24,92;-0,9200000000000016;39160;1252;45004;7504;5762;1452;7214;8756;-1742;200;-1542;-0,21375103964513445;-0,3023255813953488;0,13774104683195593;-0,0383333333333334;0;5
2016-03-19;18;2016-03-19 18:00:00;31,21;28,66;2,5500000000000007;39160;64;45004;8347;6393;118;6511;8411;-1954;54;-1900;-0,2918138534787283;-0,3056468011888003;0,4576271186440678;0,08170458186478695;0;5
2016-03-19;19;2016-03-19 19:00:00;35,42;30,21;5,210000000000001;39160;0;45004;9360;7153;0;7153;9360;-2207;0;-2207;-0,30854187054382776;-0,30854187054382776;;0,14709203839638624;0;5
2016-03-19;20;2016-03-19 20:00:00;26,18;20,92;5,259999999999998;39160;0;45004;10254;8017;0;8017;10254;-2237;0;-2237;-0,27903205687913185;-0,27903205687913185;;0,20091673032849497;0;5
2016-03-19;21;2016-03-19 21:00:00;22,78;21,23;1,5500000000000007;39160;0;45004;10697;8913;0;8913;10697;-1784;0;-1784;-0,20015707393694604;-0,20015707393694604;;0,06804214223002637;0;5
2016-03-19;22;2016-03-19 22:00:00;24,69;24,15;0,5400000000000027;39160;0;45004;11094;9663;0;9663;11094;-1431;0;-1431;-0,14809065507606334;-0,14809065507606334;;0,021871202916160497;0;5
2016-03-19;23;2016-03-19 23:00:00;21,21;23,03;-1,8200000000000005;39160;0;45004;11454;10180;0;10180;11454;-1274;0;-1274;-0,12514734774066796;-0,12514734774066796;;-0,08580858085808583;0;5
2016-03-20;0;2016-03-20 00:00:00;17,73;20,99;-3,259999999999998;39160;0;45007;11496;11529;0;11529;11496;33;0;33;0,0028623471246422066;0,0028623471246422066;;-0,18386914833615328;0;6
2016-03-20;1;2016-03-20 01:00:00;17,04;19,57;-2,5300000000000007;39160;0;45007;11311;11586;0;11586;11311;275;0;275;0,023735542896599345;0,023735542896599345;;-0,14847417840375593;0;6
2016-03-20;2;2016-03-20 02:00:00;18,63;18,75;-0,12000000000000098;39160;0;45007;11321;11678;0;11678;11321;357;0;357;0,030570303134098305;0,030570303134098305;;-0,006441223832528233;0;6
2016-03-20;3;2016-03-20 03:00:00;18,59;18,69;-0,10000000000000142;39160;0;45007;11612;11808;0;11808;11612;196;0;196;0,01659891598915989;0,01659891598915989;;-0,005379236148466994;0;6
2016-03-20;4;2016-03-20 04:00:00;18,71;22,53;-3,82;39160;0;45007;11858;11876;0;11876;11858;18;0;18;0,0015156618390030313;0,0015156618390030313;;-0,20416889363976481;0;6
2016-03-20;5;2016-03-20 05:00:00;18,73;20,25;-1,5199999999999996;39160;0;45007;11948;11928;0;11928;11948;-20;0;-20;-0,001676727028839705;-0,001676727028839705;;-0,08115323011211957;0;6
2016-03-20;6;2016-03-20 06:00:00;18,51;19,82;-1,3099999999999987;39160;99;45007;12316;11983;143;12126;12415;-333;44;-289;-0,02383308593105723;-0,027789368271718268;0,3076923076923077;-0,07077255537547264;0;6
2016-03-20;7;2016-03-20 07:00:00;17,05;18,42;-1,370000000000001;39160;914;45007;12414;12144;1265;13409;13328;-270;351;81;0,006040718920128272;-0,022233201581027668;0,2774703557312253;-0,08035190615835783;0;6
2016-03-20;8;2016-03-20 08:00:00;16,04;18,79;-2,75;39160;2163;45007;12736;12608;3325;15933;14899;-128;1162;1034;0,06489675516224189;-0,01015228426395939;0,3494736842105263;-0,17144638403990026;0;6
2016-03-20;9;2016-03-20 09:00:00;16,09;22,32;-6,23;39160;3734;45007;12965;13337;5688;19025;16699;372;1954;2326;0,12226018396846255;0,027892329609357426;0,34353023909985936;-0,3871970167806091;0;6
2016-03-20;10;2016-03-20 10:00:00;14,33;23,08;-8,749999999999998;39160;5493;45007;13076;13888;7695;21583;18569;812;2202;3014;0,13964694435435296;0,05846774193548387;0,2861598440545809;-0,6106071179344033;0;6
2016-03-20;11;2016-03-20 11:00:00;16,07;23,95;-7,879999999999999;39160;7526;45007;13470;13917;9045;22962;20996;447;1519;1966;0,08561971953662573;0,032118991161888336;0,1679380873410724;-0,49035469819539507;0;6
2016-03-20;12;2016-03-20 12:00:00;13,19;21,96;-8,770000000000001;39160;9601;45007;13335;13899;9801;23700;22936;564;200;764;0,03223628691983122;0,040578458881933954;0,020406081012141617;-0,6648976497346476;0;6
2016-03-20;13;2016-03-20 13:00:00;12,44;17,61;-5,17;39160;10654;45007;13037;13717;9859;23576;23691;680;-795;-115;-0,004877841873091279;0,049573521907122546;-0,08063698143827974;-0,41559485530546625;0;6
2016-03-20;14;2016-03-20 14:00:00;12,0;13,37;-1,3699999999999992;39160;9882;45007;12844;13246;8814;22060;22726;402;-1068;-666;-0,030190389845874886;0,030348784538728673;-0,1211708645336964;-0,1141666666666666;0;6
2016-03-20;15;2016-03-20 15:00:00;12,69;13,86;-1,17;39160;7470;45007;12731;12772;6674;19446;20201;41;-796;-755;-0,038825465391340123;0,0032101471969934233;-0,11926880431525322;-0,09219858156028368;0;6
2016-03-20;16;2016-03-20 16:00:00;13,59;17,06;-3,469999999999999;39160;4335;45007;12332;12251;3891;16142;16667;-81;-444;-525;-0,03252385082393756;-0,006611705166925149;-0,1141094834232845;-0,2553348050036791;0;6
2016-03-20;17;2016-03-20 17:00:00;19,02;20,21;-1,1900000000000013;39160;1416;45007;11080;11762;1379;13141;12496;682;-37;645;0,04908302260101971;0,05798333616731848;-0,026831036983321246;-0,06256572029442699;0;6
2016-03-20;18;2016-03-20 18:00:00;23,54;27,84;-4,300000000000002;39160;73;45007;10106;11395;140;11535;10179;1289;67;1356;0,11755526657997399;0,1131197893813076;0,4785714285714286;-0,18266779949022946;0;6
2016-03-20;19;2016-03-20 19:00:00;25,86;32,8;-6,939999999999998;39160;0;45007;9904;11363;0;11363;9904;1459;0;1459;0,12839919035465985;0,12839919035465985;;-0,268368136117556;0;6
2016-03-20;20;2016-03-20 20:00:00;22,66;33,77;-11,110000000000005;39160;0;45007;9987;11547;0;11547;9987;1560;0;1560;0,13510002598077422;0,13510002598077422;;-0,49029126213592256;0;6
2016-03-20;21;2016-03-20 21:00:00;22,32;31,77;-9,45;39160;0;45007;10052;11644;0;11644;10052;1592;0;1592;0,136722775678461;0,136722775678461;;-0,4233870967741935;0;6
2016-03-20;22;2016-03-20 22:00:00;24,03;30,57;-6,539999999999999;39160;0;45007;9798;11677;0;11677;9798;1879;0;1879;0,16091461848077418;0,16091461848077418;;-0,27215980024968783;0;6
2016-03-20;23;2016-03-20 23:00:00;20,33;26,62;-6,290000000000003;39160;0;45007;9750;11799;0;11799;9750;2049;0;2049;0,17365878464276632;0,17365878464276632;;-0,30939498278406313;0;6
2016-03-21;0;2016-03-21 00:00:00;20,82;25,47;-4,649999999999999;39163;0;45029;10168;10451;0;10451;10168;283;0;283;0,027078748445124867;0,027078748445124867;;-0,22334293948126793;0;0
2016-03-21;1;2016-03-21 01:00:00;19,9;26,31;-6,41;39163;0;45029;10536;10445;0;10445;10536;-91;0;-91;-0,00871230253709909;-0,00871230253709909;;-0,3221105527638191;0;0
2016-03-21;2;2016-03-21 02:00:00;19,79;22,57;-2,780000000000001;39163;0;45029;10696;10316;0;10316;10696;-380;0;-380;-0,03683598293912369;-0,03683598293912369;;-0,1404749873673573;0;0
2016-03-21;3;2016-03-21 03:00:00;19,9;21,56;-1,66;39163;0;45029;10914;10124;0;10124;10914;-790;0;-790;-0,0780323982615567;-0,0780323982615567;;-0,08341708542713568;0;0
2016-03-21;4;2016-03-21 04:00:00;20,4;21,76;-1,360000000000003;39163;0;45029;10701;9897;0;9897;10701;-804;0;-804;-0,08123673840557745;-0,08123673840557745;;-0,06666666666666682;0;0
2016-03-21;5;2016-03-21 05:00:00;23,18;25,88;-2,6999999999999997;39163;0;45029;10017;9644;1;9645;10017;-373;1;-372;-0,038569206842923795;-0,03867689755288262;1,0;-0,1164797238999137;0;0
2016-03-21;6;2016-03-21 06:00:00;32,01;36,13;-4,1200000000000045;39163;118;45029;10234;9640;139;9779;10352;-594;21;-573;-0,05859494835872789;-0,06161825726141079;0,1510791366906475;-0,12870977819431442;0;0
2016-03-21;7;2016-03-21 07:00:00;31,72;37,22;-5,5;39163;1143;45029;10294;9960;1144;11104;11437;-334;1;-333;-0,029989193083573486;-0,03353413654618474;0,0008741258741258741;-0,1733921815889029;0;0
2016-03-21;8;2016-03-21 08:00:00;30,94;34,52;-3,580000000000002;39163;3066;45029;10987;10775;2862;13637;14053;-212;-204;-416;-0,030505243088655862;-0,019675174013921114;-0,07127882599580712;-0,11570782159017459;0;0
2016-03-21;9;2016-03-21 09:00:00;30,04;36,99;-6,950000000000002;39163;5807;45029;12085;11904;4815;16719;17892;-181;-992;-1173;-0,07015969854656379;-0,01520497311827957;-0,20602284527518172;-0,2313581890812251;0;0
2016-03-21;10;2016-03-21 10:00:00;24,9;27,34;-2,4400000000000013;39163;8509;45029;13411;12928;6506;19434;21920;-483;-2003;-2486;-0,12792013996089327;-0,03736076732673267;-0,307869658776514;-0,09799196787148601;0;0
2016-03-21;11;2016-03-21 11:00:00;24,73;25,73;-1,0;39163;10166;45029;14468;13656;7668;21324;24634;-812;-2498;-3310;-0,1552241605702495;-0,059461042765084945;-0,3257694314032342;-0,040436716538617065;0;0
2016-03-21;12;2016-03-21 12:00:00;26,03;21,85;4,18;39163;9830;45029;14906;14280;8160;22440;24736;-626;-1670;-2296;-0,10231729055258466;-0,0438375350140056;-0,20465686274509803;0,1605839416058394;0;0
2016-03-21;13;2016-03-21 13:00:00;24,53;22,84;1,6900000000000013;39163;8390;45029;15495;14704;7913;22617;23885;-791;-477;-1268;-0,056064022637838794;-0,05379488574537541;-0,06028055099203842;0,06889523033020796;0;0
2016-03-21;14;2016-03-21 14:00:00;23,75;26,0;-2,25;39163;6658;45029;15852;14779;6970;21749;22510;-1073;312;-761;-0,03499011448802244;-0,07260301779552067;0,044763271162123384;-0,09473684210526316;0;0
2016-03-21;15;2016-03-21 15:00:00;24,28;27,66;-3,379999999999999;39163;4806;45029;16216;14529;5303;19832;21022;-1687;497;-1190;-0,0600040338846309;-0,11611260238144401;0,0937205355459174;-0,1392092257001647;0;0
2016-03-21;16;2016-03-21 16:00:00;23,91;27,96;-4,050000000000002;39163;2712;45029;15555;14031;3226;17257;18267;-1524;514;-1010;-0,05852697456104769;-0,10861663459482575;0,15933044017358958;-0,16938519447929742;0;0
2016-03-21;17;2016-03-21 17:00:00;26,87;30,37;-3,5;39163;922;45029;15173;13239;1218;14457;16095;-1934;296;-1638;-0,11330151483710313;-0,14608354105294963;0,24302134646962234;-0,1302567919612951;0;0
2016-03-21;18;2016-03-21 18:00:00;30,1;32,63;-2,5300000000000007;39163;53;45029;15220;12471;127;12598;15273;-2749;74;-2675;-0,21233529131608192;-0,22043140084997193;0,5826771653543307;-0,08405315614617942;0;0
2016-03-21;19;2016-03-21 19:00:00;33,49;34,44;-0,9499999999999956;39163;0;45029;15118;11907;0;11907;15118;-3211;0;-3211;-0,26967330141933316;-0,26967330141933316;;-0,0283666766198864;0;0
2016-03-21;20;2016-03-21 20:00:00;29,9;28,37;1,5299999999999976;39163;0;45029;14733;11590;0;11590;14733;-3143;0;-3143;-0,27118205349439173;-0,27118205349439173;;0,05117056856187283;0;0
2016-03-21;21;2016-03-21 21:00:00;23,02;23,66;-0,6400000000000006;39163;0;45029;14711;11437;0;11437;14711;-3274;0;-3274;-0,2862638803882137;-0,2862638803882137;;-0,027801911381407498;0;0
2016-03-21;22;2016-03-21 22:00:00;22,11;21,35;0,7599999999999979;39163;0;45029;13925;11198;0;11198;13925;-2727;0;-2727;-0,24352562957671012;-0,24352562957671012;;0,03437358661239249;0;0
2016-03-21;23;2016-03-21 23:00:00;20,9;20,66;0,23999999999999844;39163;0;45029;13259;10913;0;10913;13259;-2346;0;-2346;-0,2149729680197929;-0,2149729680197929;;0,011483253588516672;0;0
2016-03-22;0;2016-03-22 00:00:00;20,28;21,82;-1,5399999999999991;39166;0;45063;12702;12712;0;12712;12702;10;0;10;0,0007866582756450598;0,0007866582756450598;;-0,07593688362919128;0;1
2016-03-22;1;2016-03-22 01:00:00;20,08;22,02;-1,9400000000000013;39166;0;45063;12282;12248;0;12248;12282;-34;0;-34;-0,0027759634225996083;-0,0027759634225996083;;-0,09661354581673313;0;1
2016-03-22;2;2016-03-22 02:00:00;20,05;20,71;-0,6600000000000001;39166;0;45063;11663;11743;0;11743;11663;80;0;80;0,006812569190155837;0,006812569190155837;;-0,03291770573566086;0;1
2016-03-22;3;2016-03-22 03:00:00;20,47;23,22;-2,75;39166;0;45063;11221;11182;0;11182;11221;-39;0;-39;-0,0034877481666964767;-0,0034877481666964767;;-0,134342940889106;0;1
2016-03-22;4;2016-03-22 04:00:00;21,0;22,67;-1,6700000000000017;39166;0;45063;10820;10518;0;10518;10820;-302;0;-302;-0,02871268301958547;-0,02871268301958547;;-0,07952380952380961;0;1
2016-03-22;5;2016-03-22 05:00:00;22,01;23,18;-1,1699999999999982;39166;1;45063;10193;9809;0;9809;10194;-384;-1;-385;-0,039249668671628095;-0,03914772148027322;-inf;-0,053157655611085784;0;1
2016-03-22;6;2016-03-22 06:00:00;24,07;25,65;-1,5799999999999983;39166;170;45063;9372;9120;175;9295;9542;-252;5;-247;-0,026573426573426574;-0,02763157894736842;0,02857142857142857;-0,06564187785625253;0;1
2016-03-22;7;2016-03-22 07:00:00;29,99;30,1;-0,11000000000000297;39166;1630;45063;8894;8683;1423;10106;10524;-211;-207;-418;-0,04136156738571146;-0,024300357019463318;-0,14546732255797612;-0,0036678892964322435;0;1
2016-03-22;8;2016-03-22 08:00:00;31,46;27,3;4,16;39166;4407;45063;8399;8549;3516;12065;12806;150;-891;-741;-0,06141732283464567;0,017545911802550006;-0,25341296928327645;0,1322314049586777;0;1
2016-03-22;9;2016-03-22 09:00:00;31,41;27,22;4,190000000000001;39166;7525;45063;8153;8708;5822;14530;15678;555;-1703;-1148;-0,07900894700619408;0,06373449701423978;-0,2925111645482652;0,13339700732250878;0;1
2016-03-22;10;2016-03-22 10:00:00;28,9;25,46;3,4399999999999977;39166;9778;45063;7807;8660;7753;16413;17585;853;-2025;-1172;-0,07140681167367331;0,09849884526558891;-0,2611892170772604;0,11903114186851203;0;1
2016-03-22;11;2016-03-22 11:00:00;30,0;26,54;3,4600000000000013;39166;10398;45063;7858;8175;9046;17221;18256;317;-1352;-1035;-0,06010103942860461;0,038776758409785936;-0,14945832412115853;0,11533333333333337;0;1
2016-03-22;12;2016-03-22 12:00:00;28,94;26,95;1,990000000000002;39166;9452;45063;7491;7710;9507;17217;16943;219;55;274;0,015914503107393854;0,02840466926070039;0,005785210897233617;0,06876295784381485;0;1
2016-03-22;13;2016-03-22 13:00:00;28,99;28,82;0,16999999999999815;39166;9003;45063;7028;7438;9053;16491;16031;410;50;460;0,02789400278940028;0,05512234471632159;0,005523031039434441;0,005864091065884725;0;1
2016-03-22;14;2016-03-22 14:00:00;29,0;27,15;1,8500000000000012;39166;7540;45063;6521;7223;7733;14956;14061;702;193;895;0,0598422037978069;0,09718953343486086;0,02495797232639338;0,0637931034482759;0;1
2016-03-22;15;2016-03-22 15:00:00;29,29;27,02;2,27;39166;5520;45063;6032;7006;5839;12845;11552;974;319;1293;0,10066173608407941;0,1390236939765915;0,05463264257578353;0,07750085353362923;0;1
2016-03-22;16;2016-03-22 16:00:00;30,08;29,18;0,8999999999999986;39166;3191;45063;5472;6522;3531;10053;8663;1050;340;1390;0,13826718392519646;0,1609935602575897;0,09629000283205891;0,0299202127659574;0;1
2016-03-22;17;2016-03-22 17:00:00;34,01;30,3;3,709999999999997;39166;1215;45063;4869;5697;1301;6998;6084;828;86;914;0,13060874535581596;0,14533965244865718;0,06610299769408147;0,1090855630696853;0;1
2016-03-22;18;2016-03-22 18:00:00;36,73;32,85;3,879999999999996;39166;104;45063;4302;4963;134;5097;4406;661;30;691;0,13556994310378653;0,13318557324199073;0,22388059701492538;0,10563572011979298;0;1
2016-03-22;19;2016-03-22 19:00:00;40,64;39,36;1,2800000000000011;39166;0;45063;4442;4953;0;4953;4442;511;0;511;0,10316979608318191;0,10316979608318191;;0,03149606299212601;0;1
2016-03-22;20;2016-03-22 20:00:00;38,1;34,11;3,990000000000002;39166;0;45063;4566;5164;0;5164;4566;598;0;598;0,1158017041053447;0,1158017041053447;;0,10472440944881894;0;1
2016-03-22;21;2016-03-22 21:00:00;33,05;28,96;4,089999999999995;39166;0;45063;4518;5386;0;5386;4518;868;0;868;0,16115855922762717;0,16115855922762717;;0,12375189107412998;0;1
2016-03-22;22;2016-03-22 22:00:00;29,86;27,3;2,5599999999999987;39166;0;45063;4352;5590;0;5590;4352;1238;0;1238;0,22146690518783543;0,22146690518783543;;0,08573342263898187;0;1
2016-03-22;23;2016-03-22 23:00:00;23,73;24,46;-0,7300000000000004;39166;0;45063;4456;5758;0;5758;4456;1302;0;1302;0,22612018061827024;0,22612018061827024;;-0,030762747576906887;0;1
2016-03-23;0;2016-03-23 00:00:00;21,3;24,06;-2,759999999999998;39170;0;45100;4598;4972;0;4972;4598;374;0;374;0,0752212389380531;0,0752212389380531;;-0,1295774647887323;0;2
2016-03-23;1;2016-03-23 01:00:00;20,51;22,14;-1,629999999999999;39170;0;45100;4666;5064;0;5064;4666;398;0;398;0,07859399684044234;0,07859399684044234;;-0,07947342759629443;0;2
2016-03-23;2;2016-03-23 02:00:00;20,26;21,85;-1,59;39170;0;45100;5260;5232;0;5232;5260;-28;0;-28;-0,005351681957186544;-0,005351681957186544;;-0,0784797630799605;0;2
2016-03-23;3;2016-03-23 03:00:00;21,06;22,0;-0,9400000000000012;39170;0;45100;5692;5402;0;5402;5692;-290;0;-290;-0,05368382080710848;-0,05368382080710848;;-0,04463437796771136;0;2
2016-03-23;4;2016-03-23 04:00:00;21,38;22,86;-1,4800000000000004;39170;0;45100;5696;5671;0;5671;5696;-25;0;-25;-0,004408393581378946;-0,004408393581378946;;-0,06922357343311508;0;2
2016-03-23;5;2016-03-23 05:00:00;21,38;24,37;-2,990000000000002;39170;1;45100;5666;5931;0;5931;5667;265;-1;264;0,04451188669701568;0,04468049232844377;-inf;-0,13985032740879336;0;2
2016-03-23;6;2016-03-23 06:00:00;25,88;27,17;-1,2900000000000027;39170;172;45100;5381;6229;181;6410;5553;848;9;857;0,13369734789391577;0,13613742173703644;0,049723756906077346;-0,049845440494590526;0;2
2016-03-23;7;2016-03-23 07:00:00;32,9;35,42;-2,520000000000003;39170;1335;45100;5442;6612;1297;7909;6777;1170;-38;1132;0,14312808193197624;0,17695099818511797;-0,029298380878951428;-0,07659574468085116;0;2
2016-03-23;8;2016-03-23 08:00:00;32,46;36,06;-3,6000000000000014;39170;3428;45100;5857;7133;3204;10337;9285;1276;-224;1052;0,1017703395569314;0,17888686387214356;-0,06991260923845194;-0,11090573012939006;0;2
2016-03-23;9;2016-03-23 09:00:00;30,03;33,28;-3,25;39170;5806;45100;6243;7743;5582;13325;12049;1500;-224;1276;0,09575984990619137;0,19372336303758234;-0,0401289860265138;-0,10822510822510822;0;2
2016-03-23;10;2016-03-23 10:00:00;26,53;30,59;-4,059999999999999;39170;7703;45100;6402;8206;7536;15742;14105;1804;-167;1637;0,10398932791259052;0,21983914209115282;-0,022160297239915073;-0,15303430079155667;0;2
2016-03-23;11;2016-03-23 11:00:00;26,73;29,17;-2,4400000000000013;39170;8664;45100;6753;8450;8901;17351;15417;1697;237;1934;0,11146331623537548;0,20082840236686392;0,026626221772834514;-0,09128320239431355;0;2
2016-03-23;12;2016-03-23 12:00:00;25,23;28,33;-3,0999999999999983;39170;8765;45100;7088;8663;9475;18138;15853;1575;710;2285;0,12597860844635572;0,18180768786794413;0,07493403693931398;-0,1228695996829171;0;2
2016-03-23;13;2016-03-23 13:00:00;25,0;28,8;-3,8000000000000007;39170;8634;45100;7666;9095;9270;18365;16300;1429;636;2065;0,11244214538524366;0,1571192963166575;0,0686084142394822;-0,15200000000000002;0;2
2016-03-23;14;2016-03-23 14:00:00;24,03;28,84;-4,809999999999999;39170;7622;45100;8109;9357;8202;17559;15731;1248;580;1828;0,10410615638703799;0,13337608207758897;0,07071445988783223;-0,20016645859342483;0;2
2016-03-23;15;2016-03-23 15:00:00;24,13;25,85;-1,7200000000000024;39170;5834;45100;8075;9321;6476;15797;13909;1246;642;1888;0,11951636386655694;0,13367664413689517;0,09913526868437307;-0,07128056361375891;0;2
2016-03-23;16;2016-03-23 16:00:00;24,18;26,13;-1,9499999999999995;39170;3405;45100;7216;8943;4176;13119;10621;1727;771;2498;0,1904108544858602;0,1931119311193112;0,1846264367816092;-0,08064516129032256;0;2
2016-03-23;17;2016-03-23 17:00:00;28,0;29,23;-1,2300000000000004;39170;1251;45100;6284;7984;1702;9686;7535;1700;451;2151;0,22207309518893248;0,2129258517034068;0,26498237367802585;-0,04392857142857144;0;2
2016-03-23;18;2016-03-23 18:00:00;32,44;33,56;-1,1200000000000043;39170;115;45100;5132;6974;198;7172;5247;1842;83;1925;0,2684049079754601;0,26412388872956694;0,41919191919191917;-0,03452527743526524;0;2
2016-03-23;19;2016-03-23 19:00:00;37,16;36,88;0,27999999999999403;39170;0;45100;4873;6255;0;6255;4873;1382;0;1382;0,22094324540367705;0,22094324540367705;;0,007534983853605868;0;2
2016-03-23;20;2016-03-23 20:00:00;34,98;29,23;5,7499999999999964;39170;0;45100;4910;5622;0;5622;4910;712;0;712;0,12664532194948416;0,12664532194948416;;0,1643796455117209;0;2
2016-03-23;21;2016-03-23 21:00:00;31,43;25,7;5,73;39170;0;45100;4684;5128;0;5128;4684;444;0;444;0,08658346333853355;0,08658346333853355;;0,18230989500477252;0;2
2016-03-23;22;2016-03-23 22:00:00;25,02;23,29;1,7300000000000004;39170;0;45100;4359;4651;0;4651;4359;292;0;292;0,0627821973769082;0,0627821973769082;;0,06914468425259794;0;2
2016-03-23;23;2016-03-23 23:00:00;22,59;22,1;0,4899999999999984;39170;0;45100;4098;4015;0;4015;4098;-83;0;-83;-0,02067247820672478;-0,02067247820672478;;0,021691013722886163;0;2
2016-03-24;0;2016-03-24 00:00:00;22,08;20,76;1,3199999999999967;39178;0;45139;4115;3043;0;3043;4115;-1072;0;-1072;-0,3522839303319093;-0,3522839303319093;;0,05978260869565203;0;3
2016-03-24;1;2016-03-24 01:00:00;21,5;19,07;2,43;39178;0;45139;3862;2641;0;2641;3862;-1221;0;-1221;-0,4623248769405528;-0,4623248769405528;;0,11302325581395349;0;3
2016-03-24;2;2016-03-24 02:00:00;21,11;18,78;2,3299999999999983;39178;0;45139;3568;2267;0;2267;3568;-1301;0;-1301;-0,5738861932068814;-0,5738861932068814;;0,11037423022264321;0;3
2016-03-24;3;2016-03-24 03:00:00;21,38;19,95;1,4299999999999995;39178;0;45139;3006;1932;0;1932;3006;-1074;0;-1074;-0,5559006211180124;-0,5559006211180124;;0,06688493919550981;0;3
2016-03-24;4;2016-03-24 04:00:00;21,75;21,37;0,37999999999999895;39178;0;45139;2508;1645;0;1645;2508;-863;0;-863;-0,5246200607902736;-0,5246200607902736;;0,017471264367816045;0;3
2016-03-24;5;2016-03-24 05:00:00;22,97;24,48;-1,5100000000000016;39178;1;45139;2211;1400;1;1401;2212;-811;0;-811;-0,5788722341184868;-0,5792857142857143;0,0;-0,06573791902481504;0;3
2016-03-24;6;2016-03-24 06:00:00;31,49;27,18;4,309999999999999;39178;228;45139;1945;1268;292;1560;2173;-677;64;-613;-0,39294871794871794;-0,5339116719242902;0,2191780821917808;0,1368688472530962;0;3
2016-03-24;7;2016-03-24 07:00:00;35,0;30,57;4,43;39178;1770;45139;1734;1218;2139;3357;3504;-516;369;-147;-0,043789097408400354;-0,4236453201970443;0,17251051893408134;0,12657142857142856;0;3
2016-03-24;8;2016-03-24 08:00:00;34,94;31,84;3,0999999999999983;39178;4452;45139;1446;1224;5195;6419;5898;-222;743;521;0,08116529054369839;-0,18137254901960784;0,14302213666987487;0,08872352604464792;0;3
2016-03-24;9;2016-03-24 09:00:00;32,4;31,76;0,6399999999999971;39178;7313;45139;1386;1286;8423;9709;8699;-100;1110;1010;0,10402719126583582;-0,07776049766718507;0,13178202540662473;0,019753086419753;0;3
2016-03-24;10;2016-03-24 10:00:00;31,69;32,73;-1,0399999999999956;39178;9685;45139;1598;1505;10722;12227;11283;-93;1037;944;0,07720618303753987;-0,061794019933554815;0,09671703040477522;-0,03281792363521602;0;3
2016-03-24;11;2016-03-24 11:00:00;31,0;32,06;-1,0600000000000025;39178;10209;45139;2064;1872;12082;13954;12273;-192;1873;1681;0,12046724953418375;-0,10256410256410256;0,1550240026485681;-0,03419354838709685;0;3
2016-03-24;12;2016-03-24 12:00:00;28,62;31,53;-2,91;39178;9628;45139;2324;2259;12372;14631;11952;-65;2744;2679;0,18310436743899938;-0,02877379371403276;0,2217911412867766;-0,10167714884696016;0;3
2016-03-24;13;2016-03-24 13:00:00;27,27;33,32;-6,050000000000002;39178;9156;45139;2499;2695;11388;14083;11655;196;2232;2428;0,1724064474898814;0,07272727272727272;0,19599578503688092;-0,22185551888522193;0;3
2016-03-24;14;2016-03-24 14:00:00;26,5;30,85;-4,350000000000001;39178;8252;45139;3017;3040;9558;12598;11269;23;1306;1329;0,1054929353865693;0,007565789473684211;0,13663946432308013;-0,16415094339622646;0;3
2016-03-24;15;2016-03-24 15:00:00;25,35;28,75;-3,3999999999999986;39178;6307;45139;3352;3255;7094;10349;9659;-97;787;690;0,0666731085128998;-0,029800307219662057;0,110938821539329;-0,13412228796844175;0;3
2016-03-24;16;2016-03-24 16:00:00;26,6;27,24;-0,6399999999999971;39178;3747;45139;3165;3271;4271;7542;6912;106;524;630;0,08353221957040573;0,03240599205136044;0,12268789510653243;-0,02406015037593974;0;3
2016-03-24;17;2016-03-24 17:00:00;30,0;31,09;-1,09;39178;1270;45139;2989;3260;1619;4879;4259;271;349;620;0,12707522033203525;0,08312883435582823;0,21556516368128475;-0,036333333333333336;0;3
2016-03-24;18;2016-03-24 18:00:00;32,47;35,68;-3,2100000000000013;39178;80;45139;3318;3439;169;3608;3398;121;89;210;0,0582039911308204;0,035184646699621985;0,5266272189349113;-0,09886048660301822;0;3
2016-03-24;19;2016-03-24 19:00:00;35,18;38,43;-3,25;39178;0;45139;3782;4080;0;4080;3782;298;0;298;0,07303921568627451;0,07303921568627451;;-0,0923820352472996;0;3
2016-03-24;20;2016-03-24 20:00:00;33,97;35,01;-1,0399999999999991;39178;0;45139;4380;4846;0;4846;4380;466;0;466;0,09616178291374329;0,09616178291374329;;-0,03061524874889606;0;3
2016-03-24;21;2016-03-24 21:00:00;25,96;29,34;-3,379999999999999;39178;0;45139;5371;5852;0;5852;5371;481;0;481;0,08219412166780588;0,08219412166780588;;-0,13020030816640982;0;3
2016-03-24;22;2016-03-24 22:00:00;25,06;27,75;-2,6900000000000013;39178;0;45139;6147;6771;0;6771;6147;624;0;624;0,0921577315019938;0,0921577315019938;;-0,10734237829209901;0;3
2016-03-24;23;2016-03-24 23:00:00;22,52;23,58;-1,0599999999999987;39178;0;45139;6473;7501;0;7501;6473;1028;0;1028;0,137048393547527;0,137048393547527;;-0,04706927175843689;0;3
2016-03-25;0;2016-03-25 00:00:00;23,92;27,24;-3,3199999999999967;39178;0;45148;6760;7271;0;7271;6760;511;0;511;0,07027919130793564;0,07027919130793564;;-0,13879598662207343;0;4
2016-03-25;1;2016-03-25 01:00:00;21,07;26,87;-5,800000000000002;39178;0;45148;7191;7598;0;7598;7191;407;0;407;0,05356672808633851;0,05356672808633851;;-0,27527289985761755;0;4
2016-03-25;2;2016-03-25 02:00:00;21,0;25,24;-4,239999999999998;39178;0;45148;7576;7871;0;7871;7576;295;0;295;0,037479354592809044;0,037479354592809044;;-0,20190476190476184;0;4
2016-03-25;3;2016-03-25 03:00:00;20,0;23,86;-3,86;39178;0;45148;7928;8168;0;8168;7928;240;0;240;0,029382957884427033;0,029382957884427033;;-0,193;0;4
2016-03-25;4;2016-03-25 04:00:00;20,01;24,16;-4,149999999999999;39178;0;45148;8205;8526;0;8526;8205;321;0;321;0,03764954257565095;0,03764954257565095;;-0,20739630184907537;0;4
2016-03-25;5;2016-03-25 05:00:00;20,3;24,2;-3,899999999999999;39178;1;45148;8536;8888;1;8889;8537;352;0;352;0,039599505006187426;0,039603960396039604;0,0;-0,19211822660098515;0;4
2016-03-25;6;2016-03-25 06:00:00;20,26;24,87;-4,6099999999999985;39178;143;45148;9022;9276;184;9460;9165;254;41;295;0,031183932346723044;0,02738249245364381;0,22282608695652173;-0,22754195459032567;0;4
2016-03-25;7;2016-03-25 07:00:00;20,39;24,72;-4,329999999999998;39178;995;45148;9242;9685;1063;10748;10237;443;68;511;0,047543729065872724;0,045740836344863194;0,06396989651928504;-0,2123589995095634;0;4
2016-03-25;8;2016-03-25 08:00:00;21,85;27,07;-5,219999999999999;39178;2622;45148;9085;10098;2336;12434;11707;1013;-286;727;0,05846871481421908;0,10031689443454149;-0,12243150684931507;-0,23890160183066356;0;4
2016-03-25;9;2016-03-25 09:00:00;23,85;28,33;-4,479999999999997;39178;4061;45148;9071;10487;3543;14030;13132;1416;-518;898;0,06400570206699929;0,13502431581958615;-0,14620378210556026;-0,18784067085953865;0;4
2016-03-25;10;2016-03-25 10:00:00;27,26;28,55;-1,2899999999999991;39178;4793;45148;9310;10798;4266;15064;14103;1488;-527;961;0,06379447689856611;0,1378032969068346;-0,12353492733239568;-0,047322083639031516;0;4
2016-03-25;11;2016-03-25 11:00:00;28,91;28,99;-0,0799999999999983;39178;4918;45148;8897;10818;4542;15360;13815;1921;-376;1545;0,1005859375;0,1775744130153448;-0,08278291501541171;-0,002767208578346534;0;4
2016-03-25;12;2016-03-25 12:00:00;27,87;29,19;-1,3200000000000005;39178;4570;45148;8380;10641;4279;14920;12950;2261;-291;1970;0,13203753351206435;0,21248003007236163;-0,06800654358494976;-0,0473627556512379;0;4
2016-03-25;13;2016-03-25 13:00:00;27,06;29,99;-2,93;39178;4060;45148;7959;10306;3636;13942;12019;2347;-424;1923;0,1379285611820399;0,22773141859111198;-0,11661166116611661;-0,1082779009608278;0;4
2016-03-25;14;2016-03-25 14:00:00;26,01;28,75;-2,7399999999999984;39178;3328;45148;8220;9635;2925;12560;11548;1415;-403;1012;0,08057324840764331;0,14686040477426052;-0,13777777777777778;-0,10534409842368313;0;4
2016-03-25;15;2016-03-25 15:00:00;24,44;28,51;-4,07;39178;2529;45148;8476;8996;2204;11200;11005;520;-325;195;0,017410714285714286;0,057803468208092484;-0,14745916515426497;-0,1665302782324059;0;4
2016-03-25;16;2016-03-25 16:00:00;23,5;26,58;-3,0799999999999983;39178;1556;45148;7924;8263;1369;9632;9480;339;-187;152;0,015780730897009966;0,04102626164831175;-0,13659605551497445;-0,13106382978723397;0;4
2016-03-25;17;2016-03-25 17:00:00;26,1;27,73;-1,629999999999999;39178;673;45148;6724;7535;554;8089;7397;811;-119;692;0,08554827543577698;0,10763105507631054;-0,2148014440433213;-0,06245210727969344;0;4
2016-03-25;18;2016-03-25 18:00:00;29,44;32,17;-2,7300000000000004;39178;77;45148;5582;6934;72;7006;5659;1352;-5;1347;0,19226377390807878;0,19498125180271128;-0,06944444444444445;-0,09273097826086958;0;4
2016-03-25;19;2016-03-25 19:00:00;33,08;36,39;-3,3100000000000023;39178;0;45148;5264;6269;0;6269;5264;1005;0;1005;0,16031264954538205;0,16031264954538205;;-0,10006045949214035;0;4
2016-03-25;20;2016-03-25 20:00:00;32,95;36,31;-3,3599999999999994;39178;0;45148;5614;5766;0;5766;5614;152;0;152;0,026361429066944154;0,026361429066944154;;-0,10197268588770862;0;4
2016-03-25;21;2016-03-25 21:00:00;31,48;31,51;-0,030000000000001137;39178;0;45148;5792;5372;0;5372;5792;-420;0;-420;-0,0781831720029784;-0,0781831720029784;;-0,0009529860228717007;0;4
2016-03-25;22;2016-03-25 22:00:00;30,12;28,81;1,3100000000000025;39178;0;45148;5584;4982;0;4982;5584;-602;0;-602;-0,12083500602167804;-0,12083500602167804;;0,04349269588313421;0;4
2016-03-25;23;2016-03-25 23:00:00;30,0;26,33;3,6700000000000017;39178;0;45148;5084;4734;0;4734;5084;-350;0;-350;-0,0739332488381918;-0,0739332488381918;;0,12233333333333339;0;4
2016-03-26;0;2016-03-26 00:00:00;28,07;21,54;6,530000000000001;39178;0;45155;4750;4230;0;4230;4750;-520;0;-520;-0,12293144208037825;-0,12293144208037825;;0,23263270395439975;0;5
2016-03-26;1;2016-03-26 01:00:00;24,08;18,53;5,549999999999998;39178;0;45155;4181;3853;0;3853;4181;-328;0;-328;-0,08512847132104853;-0,08512847132104853;;0,23048172757475077;0;5
2016-03-26;2;2016-03-26 02:00:00;21,11;17,85;3,259999999999998;39178;0;45155;3718;3638;0;3638;3718;-80;0;-80;-0,02199010445299615;-0,02199010445299615;;0,15442918048318324;0;5
2016-03-26;3;2016-03-26 03:00:00;20,0;17,45;2,5500000000000007;39178;0;45155;4014;3505;0;3505;4014;-509;0;-509;-0,14522111269614835;-0,14522111269614835;;0,12750000000000003;0;5
2016-03-26;4;2016-03-26 04:00:00;20,0;17,37;2,629999999999999;39178;0;45155;4233;3474;0;3474;4233;-759;0;-759;-0,21848013816925735;-0,21848013816925735;;0,13149999999999995;0;5
2016-03-26;5;2016-03-26 05:00:00;20,01;16,27;3,740000000000002;39178;1;45155;4355;3532;1;3533;4356;-823;0;-823;-0,23294650438720635;-0,23301245753114383;0,0;0,18690654672663676;0;5
2016-03-26;6;2016-03-26 06:00:00;20,01;15,44;4,570000000000002;39178;289;45155;4456;3603;259;3862;4745;-853;-30;-883;-0,2286380113930606;-0,23674715514848738;-0,11583011583011583;0,22838580709645187;0;5
2016-03-26;7;2016-03-26 07:00:00;21,69;17,12;4,57;39178;2258;45155;4620;3754;1755;5509;6878;-866;-503;-1369;-0,2485024505354874;-0,23068726691529035;-0,2866096866096866;0,210696173351775;0;5
2016-03-26;8;2016-03-26 08:00:00;22,49;15,69;6,799999999999999;39178;6038;45155;4630;3962;4298;8260;10668;-668;-1740;-2408;-0,29152542372881357;-0,1686017163048965;-0,40483946021405304;0,30235660293463756;0;5
2016-03-26;9;2016-03-26 09:00:00;24,0;13,76;10,24;39178;10671;45155;5142;4241;7540;11781;15813;-901;-3131;-4032;-0,3422459893048128;-0,21244989389294977;-0,4152519893899204;0,4266666666666667;0;5
2016-03-26;10;2016-03-26 10:00:00;21,6;11,44;10,160000000000002;39178;14736;45155;6251;4686;10713;15399;20987;-1565;-4023;-5588;-0,3628807065393857;-0,3339735381988903;-0,3755250630075609;0,47037037037037044;0;5
2016-03-26;11;2016-03-26 11:00:00;19,97;9,66;10,31;39178;16504;45155;7200;5235;13228;18463;23704;-1965;-3276;-5241;-0,2838650273520013;-0,3753581661891118;-0,24765648624130632;0,5162744116174262;0;5
2016-03-26;12;2016-03-26 12:00:00;19,06;8,91;10,15;39178;16838;45155;8205;5886;14864;20750;25043;-2319;-1974;-4293;-0,20689156626506025;-0,39398572884811417;-0,13280409041980623;0,5325288562434418;0;5
2016-03-26;13;2016-03-26 13:00:00;18,07;7,87;10,2;39178;16934;45155;8666;6639;15577;22216;25600;-2027;-1357;-3384;-0,1523226503420958;-0,30531706582316614;-0,0871156191821275;0,5644714997232982;0;5
2016-03-26;14;2016-03-26 14:00:00;16,28;6,44;9,84;39178;16323;45155;9407;7484;14629;22113;25730;-1923;-1694;-3617;-0,16356894134671912;-0,25694815606627475;-0,11579738874837651;0,6044226044226044;0;5
2016-03-26;15;2016-03-26 15:00:00;15,75;1,75;14,0;39178;13501;45155;10562;8414;11728;20142;24063;-2148;-1773;-3921;-0,1946678582067322;-0,25528880437366297;-0,15117667121418826;0,8888888888888888;0;5
2016-03-26;16;2016-03-26 16:00:00;15,85;4,82;11,03;39178;8516;45155;11784;9216;7382;16598;20300;-2568;-1134;-3702;-0,2230389203518496;-0,2786458333333333;-0,15361690598753724;0,6958990536277603;0;5
2016-03-26;17;2016-03-26 17:00:00;19,39;7,71;11,68;39178;3392;45155;11993;10308;2900;13208;15385;-1685;-492;-2177;-0,16482434887946698;-0,163465269693442;-0,1696551724137931;0,6023723568849922;0;5
2016-03-26;18;2016-03-26 18:00:00;21,32;13,04;8,280000000000001;39178;358;45155;13292;11956;363;12319;13650;-1336;5;-1331;-0,10804448413020537;-0,11174305787888926;0,013774104683195593;0,38836772983114454;0;5
2016-03-26;19;2016-03-26 19:00:00;22,12;17,34;4,780000000000001;39178;0;45155;16552;13915;0;13915;16552;-2637;0;-2637;-0,18950772547610492;-0,18950772547610492;;0,21609403254972878;0;5
2016-03-26;20;2016-03-26 20:00:00;20,75;14,6;6,15;39178;0;45155;19180;15498;0;15498;19180;-3682;0;-3682;-0,23757904245709124;-0,23757904245709124;;0,29638554216867474;0;5
2016-03-26;21;2016-03-26 21:00:00;17,99;11,14;6,849999999999998;39178;0;45155;20902;16819;0;16819;20902;-4083;0;-4083;-0,24276116297045008;-0,24276116297045008;;0,38076709282934956;0;5
2016-03-26;22;2016-03-26 22:00:00;17,91;9,69;8,22;39178;0;45155;20958;17752;0;17752;20958;-3206;0;-3206;-0,1805993690851735;-0,1805993690851735;;0,45896147403685095;0;5
2016-03-26;23;2016-03-26 23:00:00;14,66;6,53;8,129999999999999;39178;0;45155;20875;18038;0;18038;20875;-2837;0;-2837;-0,15727907750304912;-0,15727907750304912;;0,5545702592087312;0;5
2016-03-27;0;2016-03-27 00:00:00;7,33;-2,69;10,02;39178;0;45155;20100;19274;0;19274;20100;-826;0;-826;-0,04285566047525163;-0,04285566047525163;;1,3669849931787175;0;6
2016-03-27;1;2016-03-27 01:00:00;3,04;-11,42;14,46;39178;0;45155;20214;19459;0;19459;20214;-755;0;-755;-0,03879952721105915;-0,03879952721105915;;4,756578947368421;0;6
2016-03-27;3;2016-03-27 03:00:00;6,1;-6,32;12,42;39178;0;45155;20679;19877;0;19877;20679;-802;0;-802;-0,04034814106756553;-0,04034814106756553;;2,036065573770492;0;6
2016-03-27;4;2016-03-27 04:00:00;4,02;-4,01;8,03;39178;0;45155;21346;19972;0;19972;21346;-1374;0;-1374;-0,06879631484077708;-0,06879631484077708;;1,9975124378109452;0;6
2016-03-27;5;2016-03-27 05:00:00;4,02;-2,25;6,27;39178;0;45155;21778;19604;0;19604;21778;-2174;0;-2174;-0,11089573556417058;-0,11089573556417058;;1,5597014925373134;0;6
2016-03-27;6;2016-03-27 06:00:00;0,91;-6,75;7,66;39178;3;45155;21626;18899;8;18907;21629;-2727;5;-2722;-0,1439678425979796;-0,14429334885443673;0,625;8,417582417582418;0;6
2016-03-27;7;2016-03-27 07:00:00;4,63;-3,33;7,96;39178;676;45155;21001;17839;631;18470;21677;-3162;-45;-3207;-0,173632918245804;-0,17725208812153148;-0,07131537242472266;1,7192224622030239;0;6
2016-03-27;8;2016-03-27 08:00:00;7,5;5,89;1,6100000000000003;39178;3699;45155;20734;16599;3434;20033;24433;-4135;-265;-4400;-0,21963759796336046;-0,24911139225254533;-0,07716948165404776;0,2146666666666667;0;6
2016-03-27;9;2016-03-27 09:00:00;8,91;6,08;2,83;39178;7236;45155;20146;15631;7367;22998;27382;-4515;131;-4384;-0,19062527176276198;-0,28884908195253023;0,017782000814442787;0,3176206509539843;0;6
2016-03-27;10;2016-03-27 10:00:00;10,99;7,52;3,4700000000000006;39178;9322;45155;19997;15192;10479;25671;29319;-4805;1157;-3648;-0,14210587822835105;-0,3162848867825171;0,1104112987880523;0,3157415832575069;0;6
2016-03-27;11;2016-03-27 11:00:00;11,16;13,55;-2,390000000000001;39178;10688;45155;19756;14964;11881;26845;30444;-4792;1193;-3599;-0,13406593406593406;-0,3202352312215985;0,10041242319670061;-0,21415770609319004;0;6
2016-03-27;12;2016-03-27 12:00:00;11,49;12,25;-0,7599999999999998;39178;11791;45155;19894;15401;12219;27620;31685;-4493;428;-4065;-0,14717595944967415;-0,29173430296733976;0,0350274163188477;-0,06614447345517839;0;6
2016-03-27;13;2016-03-27 13:00:00;9,19;7,26;1,93;39178;12359;45155;19627;15680;11756;27436;31986;-3947;-603;-4550;-0,1658405015308354;-0,2517219387755102;-0,05129295678802314;0,2100108813928183;0;6
2016-03-27;14;2016-03-27 14:00:00;6,49;1,82;4,67;39178;10633;45155;19492;14969;10590;25559;30125;-4523;-43;-4566;-0,17864548691263352;-0,3021577927717282;-0,004060434372049103;0,7195685670261941;0;6
2016-03-27;15;2016-03-27 15:00:00;6,92;2,32;4,6;39178;8760;45155;18571;13745;8880;22625;27331;-4826;120;-4706;-0,208;-0,351109494361586;0,013513513513513514;0,6647398843930635;0;6
2016-03-27;16;2016-03-27 16:00:00;7,47;-2,22;9,69;39178;6758;45155;16304;12440;6773;19213;23062;-3864;15;-3849;-0,20033310779159944;-0,3106109324758842;0,0022146759190905065;1,2971887550200802;0;6
2016-03-27;17;2016-03-27 17:00:00;13,06;1,67;11,39;39178;4434;45155;13615;11095;4375;15470;18049;-2520;-59;-2579;-0,16670976082740788;-0,22712933753943218;-0,013485714285714285;0,8721286370597243;0;6
2016-03-27;18;2016-03-27 18:00:00;14,94;7,8;7,14;39178;1924;45155;11676;9795;1907;11702;13600;-1881;-17;-1898;-0,16219449666723637;-0,19203675344563553;-0,008914525432616675;0,4779116465863454;0;6
2016-03-27;19;2016-03-27 19:00:00;19,6;14,16;5,440000000000001;39178;241;45155;10553;9001;260;9261;10794;-1552;19;-1533;-0,1655328798185941;-0,17242528607932453;0,07307692307692308;0,2775510204081633;0;6
2016-03-27;20;2016-03-27 20:00:00;22,86;15,73;7,129999999999999;39178;0;45155;10964;9235;0;9235;10964;-1729;0;-1729;-0,18722252301028694;-0,18722252301028694;;0,31189851268591423;0;6
2016-03-27;21;2016-03-27 21:00:00;20,36;12,52;7,84;39178;0;45155;12394;9991;0;9991;12394;-2403;0;-2403;-0,2405164648183365;-0,2405164648183365;;0,3850687622789784;0;6
2016-03-27;22;2016-03-27 22:00:00;19,98;13,25;6,73;39178;0;45155;13927;10802;0;10802;13927;-3125;0;-3125;-0,28929827809664876;-0,28929827809664876;;0,33683683683683685;0;6
2016-03-27;23;2016-03-27 23:00:00;18,5;10,92;7,58;39178;0;45155;14613;11381;0;11381;14613;-3232;0;-3232;-0,2839820753888059;-0,2839820753888059;;0,4097297297297297;0;6
2016-03-28;0;2016-03-28 00:00:00;12,88;3,98;8,9;39178;0;45155;14458;12187;0;12187;14458;-2271;0;-2271;-0,18634610650693362;-0,18634610650693362;;0,6909937888198757;0;0
2016-03-28;1;2016-03-28 01:00:00;8,28;1,97;6,31;39178;0;45155;14498;12291;0;12291;14498;-2207;0;-2207;-0,1795622813440729;-0,1795622813440729;;0,7620772946859904;0;0
2016-03-28;2;2016-03-28 02:00:00;7,43;1,18;6,25;39178;0;45155;14758;12437;0;12437;14758;-2321;0;-2321;-0,1866205676610115;-0,1866205676610115;;0,8411843876177658;0;0
2016-03-28;3;2016-03-28 03:00:00;6,5;1,22;5,28;39178;0;45155;15337;12865;0;12865;15337;-2472;0;-2472;-0,19214924212980955;-0,19214924212980955;;0,8123076923076924;0;0
2016-03-28;4;2016-03-28 04:00:00;5,27;1,53;3,7399999999999993;39178;0;45155;16098;13496;0;13496;16098;-2602;0;-2602;-0,19279786603438057;-0,19279786603438057;;0,7096774193548386;0;0
2016-03-28;5;2016-03-28 05:00:00;6,28;1,49;4,79;39178;0;45155;17234;14344;0;14344;17234;-2890;0;-2890;-0,20147796988287786;-0,20147796988287786;;0,7627388535031847;0;0
2016-03-28;6;2016-03-28 06:00:00;5,86;-1,92;7,78;39178;6;45155;18870;15429;41;15470;18876;-3441;35;-3406;-0,22016806722689075;-0,22302158273381295;0,8536585365853658;1,3276450511945392;0;0
2016-03-28;7;2016-03-28 07:00:00;5,96;-0,29;6,25;39178;732;45155;20410;16548;901;17449;21142;-3862;169;-3693;-0,21164536649664736;-0,2333816775441141;0,18756936736958935;1,0486577181208054;0;0
2016-03-28;8;2016-03-28 08:00:00;3,99;-4,66;8,65;39178;4250;45155;20967;17254;4341;21595;25217;-3713;91;-3622;-0,1677240101875434;-0,21519647617943666;0,020962911771481227;2,1679197994987467;0;0
2016-03-28;9;2016-03-28 09:00:00;3,41;-7,73;11,14;39178;8803;45155;20476;17710;8772;26482;29279;-2766;-31;-2797;-0,10561891095838682;-0,1561829474872953;-0,003533971728226174;3,2668621700879767;0;0
2016-03-28;10;2016-03-28 10:00:00;2,68;-13,11;15,79;39178;11635;45155;22381;18654;12295;30949;34016;-3727;660;-3067;-0,09909851691492455;-0,19979629033987348;0,05368035786905246;5,891791044776118;0;0
2016-03-28;11;2016-03-28 11:00:00;0,07;-14,37;14,44;39178;12813;45155;25916;20445;14044;34489;38729;-5471;1231;-4240;-0,12293774826756357;-0,26759598923942285;0,08765309028766734;206,28571428571425;0;0
2016-03-28;12;2016-03-28 12:00:00;-4,01;-52,46;48,45;39178;12404;45155;26255;22790;14251;37041;38659;-3465;1847;-1618;-0,0436813260981075;-0,15204036858271172;0,12960494000421022;-12,082294264339154;0;0
2016-03-28;13;2016-03-28 13:00:00;-28,68;-86,78;58,1;39178;11171;45155;26540;24834;13116;37950;37711;-1706;1945;239;0,006297760210803689;-0,06869614238543932;0,14829216224458677;-2,025801952580195;0;0
2016-03-28;14;2016-03-28 14:00:00;-38,45;-84,31;45,86;39178;9986;45155;26848;26129;11114;37243;36834;-719;1128;409;0,010981929490105524;-0,02751731792261472;0,10149361166096815;-1,1927178153446032;0;0
2016-03-28;15;2016-03-28 15:00:00;-19,92;-72,47;52,55;39178;8132;45155;26728;26505;8741;35246;34860;-223;609;386;0,010951597344379504;-0,008413506885493303;0,06967166228120353;-2,638052208835341;0;0
2016-03-28;16;2016-03-28 16:00:00;-13,82;-24,29;10,47;39178;6314;45155;25608;26142;6401;32543;31922;534;87;621;0,019082444765387334;0,020426899242598117;0,013591626308389315;-0,7575976845151954;0;0
2016-03-28;17;2016-03-28 17:00:00;-4,2;2,64;-6,84;39178;4681;45155;23787;25222;4051;29273;28468;1435;-630;805;0,027499743791206913;0,05689477440329871;-0,15551715625771415;1,6285714285714286;0;0
2016-03-28;18;2016-03-28 18:00:00;7,45;16,29;-8,84;39178;2120;45155;21076;24100;1804;25904;23196;3024;-316;2708;0,10453983940704138;0,12547717842323652;-0,17516629711751663;-1,1865771812080537;0;0
2016-03-28;19;2016-03-28 19:00:00;11,79;25,55;-13,760000000000002;39178;228;45155;19281;22817;272;23089;19509;3536;44;3580;0,15505218935423795;0,15497216987334006;0,16176470588235295;-1,1670907548770146;0;0
2016-03-28;20;2016-03-28 20:00:00;17,02;30,48;-13,46;39178;0;45155;18317;21290;1;21291;18317;2973;1;2974;0,13968343431496877;0,13964302489431657;1,0;-0,790834312573443;0;0
2016-03-28;21;2016-03-28 21:00:00;11,47;26,85;-15,38;39178;0;45155;18182;20139;0;20139;18182;1957;0;1957;0,0971746362778688;0,0971746362778688;;-1,3408892763731473;0;0
2016-03-28;22;2016-03-28 22:00:00;16,29;26,48;-10,19;39178;0;45155;17887;19170;0;19170;17887;1283;0;1283;0,06692749087115284;0,06692749087115284;;-0,625537139349294;0;0
2016-03-28;23;2016-03-28 23:00:00;12,98;24,15;-11,169999999999998;39178;0;45155;18139;18404;0;18404;18139;265;0;265;0,014399043686155183;0,014399043686155183;;-0,8605546995377502;0;0
2016-03-29;0;2016-03-29 00:00:00;11,51;20,27;-8,76;39179;0;45188;18057;17913;0;17913;18057;-144;0;-144;-0,008038854463238989;-0,008038854463238989;;-0,7610773240660296;0;1
2016-03-29;1;2016-03-29 01:00:00;9,14;16,69;-7,550000000000002;39179;0;45188;17628;17646;0;17646;17628;18;0;18;0,0010200612036722204;0,0010200612036722204;;-0,826039387308534;0;1
2016-03-29;2;2016-03-29 02:00:00;11,95;17,09;-5,1400000000000015;39179;0;45188;17891;17313;0;17313;17891;-578;0;-578;-0,03338531739155548;-0,03338531739155548;;-0,43012552301255247;0;1
2016-03-29;3;2016-03-29 03:00:00;9,23;14,79;-5,559999999999999;39179;0;45188;18539;17249;0;17249;18539;-1290;0;-1290;-0,07478694417067656;-0,07478694417067656;;-0,6023835319609966;0;1
2016-03-29;4;2016-03-29 04:00:00;8,3;13,63;-5,33;39179;0;45188;18767;17342;0;17342;18767;-1425;0;-1425;-0,082170453234921;-0,082170453234921;;-0,6421686746987951;0;1
2016-03-29;5;2016-03-29 05:00:00;13,49;17,16;-3,67;39179;0;45188;18894;17511;0;17511;18894;-1383;0;-1383;-0,07897892753126606;-0,07897892753126606;;-0,27205337286879167;0;1
2016-03-29;6;2016-03-29 06:00:00;25,35;24,66;0,6900000000000013;39179;6;45188;20168;17807;32;17839;20174;-2361;26;-2335;-0,13089298727507148;-0,13258830796877633;0,8125;0,02721893491124265;0;1
2016-03-29;7;2016-03-29 07:00:00;31,52;29,92;1,599999999999998;39179;538;45188;20440;18191;656;18847;20978;-2249;118;-2131;-0,11306839284766806;-0,12363256555439503;0,1798780487804878;0,05076142131979689;0;1
2016-03-29;8;2016-03-29 08:00:00;31,43;31,7;-0,2699999999999996;39179;3127;45188;20617;18958;3035;21993;23744;-1659;-92;-1751;-0,07961624153139635;-0,08750923093153286;-0,030313014827018123;-0,008590518612790313;0;1
2016-03-29;9;2016-03-29 09:00:00;26,37;27,7;-1,3299999999999983;39179;6980;45188;21470;20121;6555;26676;28450;-1349;-425;-1774;-0,06650172439646124;-0,06704438149197356;-0,06483600305110603;-0,050436101630640814;0;1
2016-03-29;10;2016-03-29 10:00:00;21,76;22,28;-0,5199999999999996;39179;10031;45188;22934;21176;10418;31594;32965;-1758;387;-1371;-0,04339431537633728;-0,08301851152247827;0,03714724515262047;-0,02389705882352939;0;1
2016-03-29;11;2016-03-29 11:00:00;21,06;21,05;0,009999999999998009;39179;12194;45188;23295;21892;13399;35291;35489;-1403;1205;-198;-0,00561049559377745;-0,06408733784030696;0,08993208448391671;0,000474833808167047;0;1
2016-03-29;12;2016-03-29 12:00:00;20,43;22,54;-2,1099999999999994;39179;13600;45188;22808;21852;15172;37024;36408;-956;1572;616;0,016637856525496975;-0,04374885593995973;0,10361191668863697;-0,10327949094468916;0;1
2016-03-29;13;2016-03-29 13:00:00;19,99;21,21;-1,2200000000000024;39179;14140;45188;22426;21488;15649;37137;36566;-938;1509;571;0,015375501521393758;-0,043652271034996276;0,09642788676592753;-0,06103051525762894;0;1
2016-03-29;14;2016-03-29 14:00:00;19,08;18,14;0,9399999999999976;39179;14326;45188;22161;20943;14944;35887;36487;-1218;618;-600;-0,016719146208933597;-0,05815785704053861;0,04135438972162741;0,04926624737945481;0;1
2016-03-29;15;2016-03-29 15:00:00;19,05;15,91;3,140000000000001;39179;12979;45188;21784;20105;12880;32985;34763;-1679;-99;-1778;-0,05390328937395786;-0,08351156428749068;-0,007686335403726708;0,16482939632545937;0;1
2016-03-29;16;2016-03-29 16:00:00;19,14;16,71;2,43;39179;9937;45188;20518;18939;9847;28786;30455;-1579;-90;-1669;-0,05797957340373793;-0,08337293415703047;-0,009139839545039097;0,12695924764890282;0;1
2016-03-29;17;2016-03-29 17:00:00;21,48;20,07;1,41;39179;6184;45188;17518;17342;6214;23556;23702;-176;30;-146;-0,00619799626422143;-0,010148771767962172;0,00482780817508851;0,06564245810055866;0;1
2016-03-29;18;2016-03-29 18:00:00;30,07;29,37;0,6999999999999993;39179;2622;45188;14027;14992;2625;17617;16649;965;3;968;0,0549469262644037;0,06436766275346852;0,001142857142857143;0,023279015630196184;0;1
2016-03-29;19;2016-03-29 19:00:00;35,79;36,74;-0,9500000000000028;39179;317;45188;10890;12831;408;13239;11207;1941;91;2032;0,15348591283329557;0,15127425765723637;0,22303921568627452;-0,02654372729812805;0;1
2016-03-29;20;2016-03-29 20:00:00;39,54;42,85;-3,3100000000000023;39179;0;45188;9666;11629;2;11631;9666;1963;2;1965;0,1689450606138767;0,16880213259953564;1,0;-0,0837126960040466;0;1
2016-03-29;21;2016-03-29 21:00:00;32,64;33,43;-0,7899999999999991;39179;0;45188;9137;11387;0;11387;9137;2250;0;2250;0,1975937472556424;0,1975937472556424;;-0,024203431372548993;0;1
2016-03-29;22;2016-03-29 22:00:00;28,56;34,16;-5,599999999999998;39179;0;45188;9057;11531;0;11531;9057;2474;0;2474;0,21455207700979967;0,21455207700979967;;-0,19607843137254896;0;1
2016-03-29;23;2016-03-29 23:00:00;22,72;28,98;-6,2600000000000025;39179;0;45188;9103;11700;0;11700;9103;2597;0;2597;0,22196581196581197;0,22196581196581197;;-0,2755281690140846;0;1
2016-03-30;0;2016-03-30 00:00:00;24,9;26,57;-1,6700000000000017;39184;0;45249;9621;10930;0;10930;9621;1309;0;1309;0,11976212259835316;0,11976212259835316;;-0,06706827309236955;0;2
2016-03-30;1;2016-03-30 01:00:00;22,0;22,93;-0,9299999999999996;39184;0;45249;10971;11015;0;11015;10971;44;0;44;0,003994552882433046;0,003994552882433046;;-0,042272727272727254;0;2
2016-03-30;2;2016-03-30 02:00:00;20,87;20,79;0,08000000000000185;39184;0;45249;12004;11080;0;11080;12004;-924;0;-924;-0,08339350180505416;-0,08339350180505416;;0,003833253473886049;0;2
2016-03-30;3;2016-03-30 03:00:00;19,92;19,47;0,4500000000000029;39184;0;45249;12499;11359;0;11359;12499;-1140;0;-1140;-0,10036094726648473;-0,10036094726648473;;0,022590361445783275;0;2
2016-03-30;4;2016-03-30 04:00:00;20,18;19,53;0,6499999999999986;39184;0;45249;12431;11405;0;11405;12431;-1026;0;-1026;-0,08996054362121876;-0,08996054362121876;;0,03221010901883046;0;2
2016-03-30;5;2016-03-30 05:00:00;21,65;20,54;1,1099999999999994;39184;0;45249;13270;11709;0;11709;13270;-1561;0;-1561;-0,1333162524553762;-0,1333162524553762;;0,05127020785219397;0;2
2016-03-30;6;2016-03-30 06:00:00;29,6;24,75;4,850000000000001;39184;4;45249;13746;12445;7;12452;13750;-1301;3;-1298;-0,10424028268551237;-0,10453997589393331;0,42857142857142855;0,1638513513513514;0;2
2016-03-30;7;2016-03-30 07:00:00;29,89;23,38;6,5100000000000025;39184;300;45249;14271;13181;356;13537;14571;-1090;56;-1034;-0,07638324591859348;-0,08269478795235566;0,15730337078651685;0,21779859484777525;0;2
2016-03-30;8;2016-03-30 08:00:00;27,95;24,53;3,419999999999998;39184;1332;45249;14322;13773;1718;15491;15654;-549;386;-163;-0,010522238719256342;-0,03986059681986495;0,22467986030267753;0,12236135957066184;0;2
2016-03-30;9;2016-03-30 09:00:00;31,93;27,08;4,850000000000001;39184;3390;45249;14660;14495;3683;18178;18050;-165;293;128;0,007041478710529211;-0,011383235598482234;0,0795547108335596;0,15189476980895714;0;2
2016-03-30;10;2016-03-30 10:00:00;29,65;28,72;0,9299999999999996;39184;5734;45249;15518;15442;5873;21315;21252;-76;139;63;0,002955665024630542;-0,004921642274316798;0,023667631534139283;0,031365935919055635;0;2
2016-03-30;11;2016-03-30 11:00:00;27,16;24,48;2,68;39184;8099;45249;16181;16054;7778;23832;24280;-127;-321;-448;-0,018798254447801276;-0,00791080104646817;-0,0412702494214451;0,09867452135493374;0;2
2016-03-30;12;2016-03-30 12:00:00;26,89;24,51;2,379999999999999;39184;9378;45249;16432;16211;9189;25400;25810;-221;-189;-410;-0,016141732283464567;-0,0136327185244587;-0,02056807051909892;0,088508739308293;0;2
2016-03-30;13;2016-03-30 13:00:00;22,25;23,05;-0,8000000000000007;39184;9381;45249;16617;16253;9677;25930;25998;-364;296;-68;-0,0026224450443501734;-0,022395865378699316;0,03058799214632634;-0,03595505617977531;0;2
2016-03-30;14;2016-03-30 14:00:00;22,3;23,62;-1,3200000000000005;39184;9227;45249;16251;15735;9584;25319;25478;-516;357;-159;-0,006279868873178246;-0,032793136320305054;0,037249582637729546;-0,05919282511210765;0;2
2016-03-30;15;2016-03-30 15:00:00;22,23;23,36;-1,129999999999999;39184;8666;45249;15396;14412;8766;23178;24062;-984;100;-884;-0,03813961515229959;-0,06827643630308076;0,011407711613050422;-0,05083220872694552;0;2
2016-03-30;16;2016-03-30 16:00:00;25,64;22,34;3,3000000000000007;39184;7338;45249;14810;12807;7147;19954;22148;-2003;-191;-2194;-0,10995289165079683;-0,1563988443819786;-0,02672449979012173;0,12870514820592827;0;2
2016-03-30;17;2016-03-30 17:00:00;29,04;23,89;5,149999999999999;39184;4791;45249;13818;10928;4781;15709;18609;-2890;-10;-2900;-0,18460754981220956;-0,26445827232796487;-0,002091612633340305;0,1773415977961432;0;2
2016-03-30;18;2016-03-30 18:00:00;31,9;26,57;5,329999999999998;39184;1995;45249;11789;8903;2111;11014;13784;-2886;116;-2770;-0,2514980933357545;-0,3241603953723464;0,054950260540028426;0,16708463949843255;0;2
2016-03-30;19;2016-03-30 19:00:00;37,42;28,18;9,240000000000002;39184;252;45249;9809;7165;325;7490;10061;-2644;73;-2571;-0,3432576769025367;-0,36901605024424283;0,2246153846153846;0,24692677712453237;0;2
2016-03-30;20;2016-03-30 20:00:00;37,0;29,0;8,0;39184;0;45249;9169;6356;0;6356;9169;-2813;0;-2813;-0,44257394587791066;-0,44257394587791066;;0,21621621621621623;0;2
2016-03-30;21;2016-03-30 21:00:00;34,65;28,83;5,82;39184;0;45249;8236;6146;0;6146;8236;-2090;0;-2090;-0,3400585746827205;-0,3400585746827205;;0,16796536796536798;0;2
2016-03-30;22;2016-03-30 22:00:00;30,38;25,93;4,449999999999998;39184;0;45249;7348;5868;0;5868;7348;-1480;0;-1480;-0,25221540558963873;-0,25221540558963873;;0,14647794601711647;0;2
2016-03-30;23;2016-03-30 23:00:00;27,25;23,65;3,6000000000000014;39184;0;45249;6666;5462;0;5462;6666;-1204;0;-1204;-0,22043207616257782;-0,22043207616257782;;0,13211009174311933;0;2
2016-03-31;0;2016-03-31 00:00:00;23,34;24,2;-0,8599999999999994;39193;0;45334;6192;5629;0;5629;6192;-563;0;-563;-0,10001776514478593;-0,10001776514478593;;-0,036846615252784896;0;3
2016-03-31;1;2016-03-31 01:00:00;22,27;23,63;-1,3599999999999994;39193;0;45334;5459;4998;0;4998;5459;-461;0;-461;-0,09223689475790316;-0,09223689475790316;;-0,06106870229007631;0;3
2016-03-31;2;2016-03-31 02:00:00;21,5;23,22;-1,7199999999999989;39193;0;45334;4604;4369;0;4369;4604;-235;0;-235;-0,05378805218585489;-0,05378805218585489;;-0,07999999999999995;0;3
2016-03-31;3;2016-03-31 03:00:00;21,11;22,04;-0,9299999999999996;39193;0;45334;4248;3801;0;3801;4248;-447;0;-447;-0,11760063141278611;-0,11760063141278611;;-0,04405495026054001;0;3
2016-03-31;4;2016-03-31 04:00:00;21,29;20,44;0,8499999999999979;39193;0;45334;3786;3156;0;3156;3786;-630;0;-630;-0,19961977186311788;-0,19961977186311788;;0,03992484734617181;0;3
2016-03-31;5;2016-03-31 05:00:00;22,86;24,37;-1,5100000000000016;39193;0;45334;3125;2524;0;2524;3125;-601;0;-601;-0,23811410459587956;-0,23811410459587956;;-0,06605424321959762;0;3
2016-03-31;6;2016-03-31 06:00:00;29,08;33,45;-4,3700000000000045;39193;8;45334;2719;2011;14;2025;2727;-708;6;-702;-0,3466666666666667;-0,3520636499254102;0,42857142857142855;-0,15027510316368656;0;3
2016-03-31;7;2016-03-31 07:00:00;36,09;36,98;-0,8899999999999935;39193;526;45334;2264;1661;650;2311;2790;-603;124;-479;-0,20726958026828213;-0,3630343166767008;0,19076923076923077;-0,024660570795233955;0;3
2016-03-31;8;2016-03-31 08:00:00;40,96;34,75;6,210000000000001;39193;2622;45334;1757;1466;2907;4373;4379;-291;285;-6;-0,001372055796935742;-0,1984993178717599;0,09803921568627451;0,15161132812500003;0;3
2016-03-31;9;2016-03-31 09:00:00;36,46;33,1;3,3599999999999994;39193;5980;45334;1441;1323;6061;7384;7421;-118;81;-37;-0,005010834236186349;-0,08919123204837491;0,013364131331463455;0,09215578716401535;0;3
2016-03-31;10;2016-03-31 10:00:00;34,64;31,52;3,120000000000001;39193;9288;45334;1487;1291;9338;10629;10775;-196;50;-146;-0,01373600526860476;-0,15182029434546862;0,005354465624330691;0,09006928406466515;0;3
2016-03-31;11;2016-03-31 11:00:00;33,95;31,01;2,9400000000000013;39193;11718;45334;1824;1442;11855;13297;13542;-382;137;-245;-0,018425208693690305;-0,26490984743411927;0,011556305356389709;0,08659793814432992;0;3
2016-03-31;12;2016-03-31 12:00:00;30,03;30,13;-0,09999999999999787;39193;13532;45334;2258;1733;12884;14617;15790;-525;-648;-1173;-0,08024902510775125;-0,30294287362954414;-0,050294939459795095;-0,003330003330003259;0;3
2016-03-31;13;2016-03-31 13:00:00;30,03;26,69;3,34;39193;13638;45334;2776;2018;12287;14305;16414;-758;-1351;-2109;-0,14743096819293952;-0,37561942517343905;-0,10995360950598193;0,11122211122211122;0;3
2016-03-31;14;2016-03-31 14:00:00;27,92;24,23;3,690000000000001;39193;12471;45334;3538;2483;10870;13353;16009;-1055;-1601;-2656;-0,19890661274619936;-0,42488924687877566;-0,14728610855565777;0,13216332378223497;0;3
2016-03-31;15;2016-03-31 15:00:00;25,12;23,85;1,2699999999999996;39193;9418;45334;4424;3221;8841;12062;13842;-1203;-577;-1780;-0,1475708837672028;-0,3734864948773673;-0,06526411039475173;0,05055732484076431;0;3
2016-03-31;16;2016-03-31 16:00:00;24,73;25,97;-1,2399999999999984;39193;5804;45334;5046;4028;6296;10324;10850;-1018;492;-526;-0,05094924447888415;-0,25273088381330683;0,0781448538754765;-0,05014152850788509;0;3
2016-03-31;17;2016-03-31 17:00:00;24,93;29,2;-4,27;39193;2931;45334;5363;4872;3630;8502;8294;-491;699;208;0,024464831804281346;-0,1007799671592775;0,1925619834710744;-0,1712795828319294;0;3
2016-03-31;18;2016-03-31 18:00:00;27,44;33,02;-5,580000000000003;39193;1192;45334;6166;5539;1479;7018;7358;-627;287;-340;-0,048446850954687946;-0,1131973280375519;0,1940500338066261;-0,20335276967930038;0;3
2016-03-31;19;2016-03-31 19:00:00;31,07;34,72;-3,649999999999999;39193;152;45334;6971;6121;238;6359;7123;-850;86;-764;-0,1201446768359805;-0,1388661983336056;0,36134453781512604;-0,11747666559382038;0;3
2016-03-31;20;2016-03-31 20:00:00;31,99;32,77;-0,7800000000000047;39193;1;45334;7539;6633;0;6633;7540;-906;-1;-907;-0,13674053972561434;-0,13658977838082315;-inf;-0,02438261956861534;0;3
2016-03-31;21;2016-03-31 21:00:00;25,35;29,59;-4,239999999999998;39193;0;45334;8048;7027;0;7027;8048;-1021;0;-1021;-0,14529671267966415;-0,14529671267966415;;-0,16725838264299794;0;3
2016-03-31;22;2016-03-31 22:00:00;25,23;27,17;-1,9400000000000013;39193;0;45334;8486;7438;0;7438;8486;-1048;0;-1048;-0,14089809088464642;-0,14089809088464642;;-0,07689258818866433;0;3
2016-03-31;23;2016-03-31 23:00:00;23,22;25,01;-1,7900000000000027;39193;0;45334;9017;7738;0;7738;9017;-1279;0;-1279;-0,16528818816231586;-0,16528818816231586;;-0,07708871662360046;0;3
2016-04-01;0;2016-04-01 00:00:00;21,35;21,01;0,33999999999999986;39195;0;45334;9337;7964;0;7964;9337;-1373;0;-1373;-0,17240080361627322;-0,17240080361627322;;0,01592505854800936;1;4
2016-04-01;1;2016-04-01 01:00:00;20,98;22,51;-1,5300000000000011;39195;0;45334;9045;8049;0;8049;9045;-996;0;-996;-0,12374207976146105;-0,12374207976146105;;-0,07292659675881798;1;4
2016-04-01;2;2016-04-01 02:00:00;21,19;23,92;-2,7300000000000004;39195;0;45334;8336;7739;0;7739;8336;-597;0;-597;-0,0771417495800491;-0,0771417495800491;;-0,12883435582822086;1;4
2016-04-01;3;2016-04-01 03:00:00;20,64;24,34;-3,6999999999999993;39195;0;45334;7564;7177;0;7177;7564;-387;0;-387;-0,053922251637174304;-0,053922251637174304;;-0,17926356589147283;1;4
2016-04-01;4;2016-04-01 04:00:00;21,13;23,61;-2,4800000000000004;39195;0;45334;6520;6605;0;6605;6520;85;0;85;0,012869038607115822;0,012869038607115822;;-0,11736867013724565;1;4
2016-04-01;5;2016-04-01 05:00:00;21,78;24,3;-2,52;39195;0;45334;5500;6082;0;6082;5500;582;0;582;0,0956922065110161;0,0956922065110161;;-0,11570247933884296;1;4
2016-04-01;6;2016-04-01 06:00:00;29,73;30,79;-1,0599999999999987;39195;7;45334;4812;5557;19;5576;4819;745;12;757;0,1357604017216643;0,13406514306280368;0,631578947368421;-0,03565422132526064;1;4
2016-04-01;7;2016-04-01 07:00:00;36,5;37,66;-1,1599999999999966;39195;512;45334;4422;4906;674;5580;4934;484;162;646;0,11577060931899641;0,09865470852017937;0,2403560830860534;-0,03178082191780813;1;4
2016-04-01;8;2016-04-01 08:00:00;40,44;43,57;-3,1300000000000026;39195;2383;45334;3469;4001;3042;7043;5852;532;659;1191;0,16910407496805338;0,1329667583104224;0,21663379355687049;-0,0773986152324432;1;4
2016-04-01;9;2016-04-01 09:00:00;38,39;39,0;-0,6099999999999994;39195;5325;45334;2592;3046;6299;9345;7917;454;974;1428;0,15280898876404495;0,1490479317137229;0,15462771868550565;-0,01588955457150298;1;4
2016-04-01;10;2016-04-01 10:00:00;34,57;35,81;-1,240000000000002;39195;8722;45334;2303;2385;9691;12076;11025;82;969;1051;0,08703212984431931;0,034381551362683435;0,0999896811474564;-0,03586925079548747;1;4
2016-04-01;11;2016-04-01 11:00:00;30,55;29,95;0,6000000000000014;39195;11605;45334;2070;2098;12292;14390;13675;28;687;715;0,04968728283530229;0,01334604385128694;0,05589000976244712;0,0196399345335516;1;4
2016-04-01;12;2016-04-01 12:00:00;25,79;24,24;1,5500000000000007;39195;13433;45334;2126;1958;13814;15772;15559;-168;381;213;0,01350494547299011;-0,08580183861082738;0,02758071521644708;0,06010081426909658;1;4
2016-04-01;13;2016-04-01 13:00:00;23,09;24,11;-1,0199999999999996;39195;14210;45334;2175;1988;14561;16549;16385;-187;351;164;0,00990996434829899;-0,09406438631790745;0,02410548726049035;-0,044174967518406216;1;4
2016-04-01;14;2016-04-01 14:00:00;23,13;25,1;-1,9700000000000024;39195;14310;45334;1965;2017;14594;16611;16275;52;284;336;0,020227560050568902;0,025780862667327716;0,019460052076195698;-0,08517077388672731;1;4
2016-04-01;15;2016-04-01 15:00:00;23,0;24,17;-1,1700000000000017;39195;13398;45334;1736;1977;13301;15278;15134;241;-97;144;0,009425317449928002;0,12190187152250885;-0,00729268476054432;-0,05086956521739138;1;4
2016-04-01;16;2016-04-01 16:00:00;22,45;22,4;0,05000000000000071;39195;10814;45334;1518;2000;10665;12665;12332;482;-149;333;0,02629293328069483;0,241;-0,01397093295827473;0,0022271714922049313;1;4
2016-04-01;17;2016-04-01 17:00:00;24,28;23,64;0,6400000000000006;39195;7167;45334;1373;2100;6724;8824;8540;727;-443;284;0,03218495013599275;0,3461904761904762;-0,0658834027364664;0,026359143327841866;1;4
2016-04-01;18;2016-04-01 18:00:00;31,91;28,83;3,080000000000002;39195;3104;45334;1327;2132;2786;4918;4431;805;-318;487;0,09902399349328996;0,3775797373358349;-0,11414213926776741;0,09652146662488253;1;4
2016-04-01;19;2016-04-01 19:00:00;33,9;30,49;3,41;39195;442;45334;1443;2450;425;2875;1885;1007;-17;990;0,3443478260869565;0,4110204081632653;-0,04;0,10058997050147493;1;4
2016-04-01;20;2016-04-01 20:00:00;35,85;32,59;3,259999999999998;39195;2;45334;2157;3638;1;3639;2159;1481;-1;1480;0,4067051387743886;0,40709180868609124;-1,0;0,09093444909344485;1;4
2016-04-01;21;2016-04-01 21:00:00;31,3;31,91;-0,6099999999999994;39195;0;45334;3520;5073;0;5073;3520;1553;0;1553;0,3061304947762665;0,3061304947762665;;-0,019488817891373782;1;4
2016-04-01;22;2016-04-01 22:00:00;24,33;25,28;-0,9500000000000028;39195;0;45334;5425;6197;0;6197;5425;772;0;772;0,12457640793932548;0,12457640793932548;;-0,039046444718454705;1;4
2016-04-01;23;2016-04-01 23:00:00;26,03;25,86;0,1700000000000017;39195;0;45334;7111;7383;0;7383;7111;272;0;272;0,03684139238791819;0,03684139238791819;;0,006530925854783008;1;4
2016-04-02;0;2016-04-02 00:00:00;21,82;21,89;-0,07000000000000027;39195;0;45334;8309;7691;0;7691;8309;-618;0;-618;-0,08035366012222078;-0,08035366012222078;;-0,0032080659945004707;1;5
2016-04-02;1;2016-04-02 01:00:00;21,31;23,35;-2,0400000000000027;39195;0;45334;8777;8465;0;8465;8777;-312;0;-312;-0,03685764914353219;-0,03685764914353219;;-0,09572970436414842;1;5
2016-04-02;2;2016-04-02 02:00:00;21,1;21,81;-0,7099999999999973;39195;0;45334;9145;9341;0;9341;9145;196;0;196;0,020982764158013062;0,020982764158013062;;-0,033649289099525935;1;5
2016-04-02;3;2016-04-02 03:00:00;19,84;22,02;-2,18;39195;0;45334;9690;9895;0;9895;9690;205;0;205;0,020717534108135423;0,020717534108135423;;-0,10987903225806453;1;5
2016-04-02;4;2016-04-02 04:00:00;19,91;22,08;-2,1699999999999977;39195;0;45334;10372;10307;0;10307;10372;-65;0;-65;-0,0063063937130105755;-0,0063063937130105755;;-0,10899045705675528;1;5
2016-04-02;5;2016-04-02 05:00:00;20,09;21,98;-1,8900000000000008;39195;0;45334;10614;10693;0;10693;10614;79;0;79;0,00738801084821846;0,00738801084821846;;-0,09407665505226485;1;5
2016-04-02;6;2016-04-02 06:00:00;20,19;21,2;-1,009999999999998;39195;21;45334;10344;10893;45;10938;10365;549;24;573;0,0523861766319254;0,05039933902506197;0,5333333333333333;-0,050024764735017234;1;5
2016-04-02;7;2016-04-02 07:00:00;22,29;23,55;-1,2600000000000016;39195;1097;45334;9761;10853;1328;12181;10858;1092;231;1323;0,10861177243247681;0,10061734082742099;0,17394578313253012;-0,056527590847913936;1;5
2016-04-02;8;2016-04-02 08:00:00;22,51;23,8;-1,2899999999999991;39195;4554;45334;8520;9840;5618;15458;13074;1320;1064;2384;0,15422434985120972;0,13414634146341464;0,18939124243503025;-0,057307863171923545;1;5
2016-04-02;9;2016-04-02 09:00:00;22,04;27,93;-5,8900000000000015;39195;9060;45334;6305;7743;11251;18994;15365;1438;2191;3629;0,19106033484258186;0,1857161306986956;0,19473824548928984;-0,2672413793103449;1;5
2016-04-02;10;2016-04-02 10:00:00;20,81;26,05;-5,240000000000002;39195;13742;45334;5492;6557;16647;23204;19234;1065;2905;3970;0,17109119117393554;0,1624218392557572;0,1745059169820388;-0,25180201826045184;1;5
2016-04-02;11;2016-04-02 11:00:00;19,55;27,12;-7,57;39195;17358;45334;5321;6535;20604;27139;22679;1214;3246;4460;0,16433914293083754;0,1857689364957919;0,15754222481071636;-0,3872122762148338;1;5
2016-04-02;12;2016-04-02 12:00:00;18,12;25,01;-6,8900000000000015;39195;19202;45334;4983;6605;22832;29437;24185;1622;3630;5252;0,17841491999864117;0,24557153671461016;0,1589873861247372;-0,38024282560706407;1;5
2016-04-02;13;2016-04-02 13:00:00;17,06;24,05;-6,990000000000002;39195;19707;45334;5068;6679;23360;30039;24775;1611;3653;5264;0,1752388561536669;0,24120377301991316;0,15637842465753424;-0,40973036342321234;1;5
2016-04-02;14;2016-04-02 14:00:00;14,06;22,02;-7,959999999999999;39195;18402;45334;5416;6744;22364;29108;23818;1328;3962;5290;0,18173697952452933;0,19691577698695137;0,17715972098014665;-0,5661450924608818;1;5
2016-04-02;15;2016-04-02 15:00:00;16,05;22,52;-6,469999999999999;39195;15636;45334;5184;6639;19546;26185;20820;1455;3910;5365;0,20488829482528165;0,219159511974695;0,20004092909035096;-0,4031152647975077;1;5
2016-04-02;16;2016-04-02 16:00:00;18,73;23,76;-5,030000000000001;39195;12010;45334;4968;6392;15103;21495;16978;1424;3093;4517;0,21014189346359619;0,2227784730913642;0,20479374958617494;-0,26855312333155373;1;5
2016-04-02;17;2016-04-02 17:00:00;20,12;25,84;-5,719999999999999;39195;7333;45334;4732;5970;9350;15320;12065;1238;2017;3255;0,21246736292428198;0,20737018425460638;0,21572192513368985;-0,28429423459244524;1;5
2016-04-02;18;2016-04-02 18:00:00;23,41;32,24;-8,830000000000002;39195;2929;45334;4075;6020;3800;9820;7004;1945;871;2816;0,28676171079429735;0,3230897009966777;0,22921052631578948;-0,3771892353695003;1;5
2016-04-02;19;2016-04-02 19:00:00;28,2;35,08;-6,879999999999999;39195;423;45334;4345;6838;605;7443;4768;2493;182;2675;0,3593980921671369;0,36458028663351855;0,30082644628099175;-0,24397163120567372;1;5
2016-04-02;20;2016-04-02 20:00:00;30,43;39,34;-8,910000000000004;39195;2;45334;6076;8628;3;8631;6078;2552;1;2553;0,29579423010079947;0,2957811775614279;0,3333333333333333;-0,2928031547814658;1;5
2016-04-02;21;2016-04-02 21:00:00;30,1;35,88;-5,780000000000001;39195;0;45334;7870;10516;0;10516;7870;2646;0;2646;0,2516165842525675;0,2516165842525675;;-0,19202657807308973;1;5
2016-04-02;22;2016-04-02 22:00:00;26,79;30,51;-3,7200000000000015;39195;0;45334;9075;11655;0;11655;9075;2580;0;2580;0,22136422136422138;0,22136422136422138;;-0,1388577827547593;1;5
2016-04-02;23;2016-04-02 23:00:00;21,43;23,61;-2,18;39195;0;45334;9406;11765;0;11765;9406;2359;0;2359;0,20050998725031874;0,20050998725031874;;-0,10172655156322913;1;5
2016-04-03;0;2016-04-03 00:00:00;19,59;18,93;0,6600000000000001;39195;0;45334;9420;8986;0;8986;9420;-434;0;-434;-0,04829735143556644;-0,04829735143556644;;0,03369065849923431;1;6
2016-04-03;1;2016-04-03 01:00:00;18,07;17,43;0,6400000000000006;39195;0;45334;8880;8793;0;8793;8880;-87;0;-87;-0,00989423404981235;-0,00989423404981235;;0,03541781959048149;1;6
2016-04-03;2;2016-04-03 02:00:00;17,5;14,94;2,5600000000000005;39195;0;45334;8176;8500;0;8500;8176;324;0;324;0,03811764705882353;0,03811764705882353;;0,14628571428571432;1;6
2016-04-03;3;2016-04-03 03:00:00;15,29;13,65;1,6399999999999988;39195;0;45334;7542;8326;0;8326;7542;784;0;784;0,09416286331972136;0,09416286331972136;;0,10725964682799208;1;6
2016-04-03;4;2016-04-03 04:00:00;15,68;13,91;1,7699999999999996;39195;0;45334;7151;8385;0;8385;7151;1234;0;1234;0,1471675611210495;0,1471675611210495;;0,11288265306122447;1;6
2016-04-03;5;2016-04-03 05:00:00;15,59;14,06;1,5299999999999994;39195;0;45334;7003;8482;0;8482;7003;1479;0;1479;0,17436925253477953;0,17436925253477953;;0,09813983322642715;1;6
2016-04-03;6;2016-04-03 06:00:00;13,32;12,01;1,3100000000000005;39195;21;45334;6588;8590;42;8632;6609;2002;21;2023;0,2343605189990732;0,23306169965075668;0,5;0,09834834834834838;1;6
2016-04-03;7;2016-04-03 07:00:00;14,6;13,78;0,8200000000000003;39195;984;45334;6624;8615;1119;9734;7608;1991;135;2126;0,21840969796589274;0,23110853163087638;0,12064343163538874;0,056164383561643855;1;6
2016-04-03;8;2016-04-03 08:00:00;17,48;16,94;0,5399999999999991;39195;3711;45334;6134;8024;4411;12435;9845;1890;700;2590;0,20828307197426618;0,235543369890329;0,15869417365676716;0,03089244851258576;1;6
2016-04-03;9;2016-04-03 09:00:00;18,55;19,18;-0,629999999999999;39195;7481;45334;5306;6563;8504;15067;12787;1257;1023;2280;0,15132408575031525;0,19152826451317995;0,12029633113828786;-0,03396226415094334;1;6
2016-04-03;10;2016-04-03 10:00:00;17,36;17,47;-0,10999999999999943;39195;11599;45334;3879;5421;12491;17912;15478;1542;892;2434;0,1358865564984368;0,2844493635860542;0,07141141621967817;-0,006336405529953884;1;6
2016-04-03;11;2016-04-03 11:00:00;17,67;16,27;1,400000000000002;39195;14799;45334;3340;4763;15515;20278;18139;1423;716;2139;0,10548377552026827;0,29876128490447196;0,04614888817273606;0,07923033389926439;1;6
2016-04-03;12;2016-04-03 12:00:00;15,48;15,01;0,4700000000000006;39195;17055;45334;3158;4407;17220;21627;20213;1249;165;1414;0,06538123641744116;0,2834127524393011;0,009581881533101045;0,030361757105943188;1;6
2016-04-03;13;2016-04-03 13:00:00;14,8;7,5;7,300000000000002;39195;17806;45334;3169;4144;17498;21642;20975;975;-308;667;0,03081970243045929;0,23527992277992277;-0,017602011658475254;0,4932432432432433;1;6
2016-04-03;14;2016-04-03 14:00:00;12,75;6,29;6,46;39195;16825;45334;3260;3756;16537;20293;20085;496;-288;208;0,010249839846252402;0,13205537806176784;-0,01741549253189817;0,5066666666666667;1;6
2016-04-03;15;2016-04-03 15:00:00;12,18;6,58;5,6;39195;14279;45334;2941;3254;14187;17441;17220;313;-92;221;0,012671291783727997;0,09618930547019053;-0,006484810037358145;0,45977011494252873;1;6
2016-04-03;16;2016-04-03 16:00:00;13,02;7,53;5,489999999999998;39195;10636;45334;2214;2762;10802;13564;12850;548;166;714;0,05263933942789738;0,19840695148443158;0,015367524532493983;0,4216589861751151;1;6
2016-04-03;17;2016-04-03 17:00:00;15,77;12,47;3,299999999999999;39195;6447;45334;1734;2384;6715;9099;8181;650;268;918;0,10089020771513353;0,2726510067114094;0,03991064780342517;0,20925808497146475;1;6
2016-04-03;18;2016-04-03 18:00:00;21,19;22,78;-1,59;39195;2588;45334;1393;2375;2831;5206;3981;982;243;1225;0,2353054168267384;0,4134736842105263;0,08583539385376192;-0,07503539405379896;1;6
2016-04-03;19;2016-04-03 19:00:00;23,15;25,63;-2,4800000000000004;39195;376;45334;1795;2585;470;3055;2171;790;94;884;0,28936170212765955;0,3056092843326886;0,2;-0,10712742980561557;1;6
2016-04-03;20;2016-04-03 20:00:00;25,28;27,66;-2,379999999999999;39195;2;45334;2414;3047;2;3049;2416;633;0;633;0,20760905214824532;0,20774532326878897;0,0;-0,09414556962025313;1;6
2016-04-03;21;2016-04-03 21:00:00;25,01;25,64;-0,629999999999999;39195;0;45334;3172;3646;0;3646;3172;474;0;474;0,13000548546352167;0,13000548546352167;;-0,025189924030387802;1;6
2016-04-03;22;2016-04-03 22:00:00;24,32;22,7;1,620000000000001;39195;0;45334;3634;4273;0;4273;3634;639;0;639;0,14954364615024573;0,14954364615024573;;0,06661184210526319;1;6
2016-04-03;23;2016-04-03 23:00:00;20,9;21,43;-0,5300000000000011;39195;0;45334;4076;4881;0;4881;4076;805;0;805;0,16492522024175374;0,16492522024175374;;-0,025358851674641206;1;6
2016-04-04;0;2016-04-04 00:00:00;21,0;20,34;0,6600000000000001;39197;0;45337;4343;3724;0;3724;4343;-619;0;-619;-0,166219119226638;-0,166219119226638;;0,03142857142857144;1;0
2016-04-04;1;2016-04-04 01:00:00;19,59;19,02;0,5700000000000003;39197;0;45337;4703;3961;0;3961;4703;-742;0;-742;-0,18732643271901034;-0,18732643271901034;;0,029096477794793275;1;0
2016-04-04;2;2016-04-04 02:00:00;19,15;18,07;1,0799999999999983;39197;0;45337;5100;4124;0;4124;5100;-976;0;-976;-0,23666343355965083;-0,23666343355965083;;0,05639686684073099;1;0
2016-04-04;3;2016-04-04 03:00:00;18,75;15,65;3,1;39197;0;45337;5286;4398;0;4398;5286;-888;0;-888;-0,2019099590723056;-0,2019099590723056;;0,16533333333333333;1;0
2016-04-04;4;2016-04-04 04:00:00;18,72;16,4;2,3200000000000003;39197;0;45337;6131;4714;0;4714;6131;-1417;0;-1417;-0,30059397539244803;-0,30059397539244803;;0,12393162393162395;1;0
2016-04-04;5;2016-04-04 05:00:00;20,39;19,13;1,2600000000000016;39197;0;45337;6878;5071;0;5071;6878;-1807;0;-1807;-0,35633997239203313;-0,35633997239203313;;0,061794997547817636;1;0
2016-04-04;6;2016-04-04 06:00:00;29,1;26,08;3,020000000000003;39197;20;45337;7641;5450;34;5484;7661;-2191;14;-2177;-0,3969730123997082;-0,4020183486238532;0,4117647058823529;0,10378006872852244;1;0
2016-04-04;7;2016-04-04 07:00:00;34,19;29,25;4,939999999999999;39197;746;45337;8381;5865;835;6700;9127;-2516;89;-2427;-0,36223880597014924;-0,4289855072463768;0,10658682634730539;0,14448669201520908;1;0
2016-04-04;8;2016-04-04 08:00:00;35,42;29,88;5,540000000000003;39197;3028;45337;8099;6019;3360;9379;11127;-2080;332;-1748;-0,1863738138394285;-0,34557235421166305;0,0988095238095238;0,1564088085827217;1;0
2016-04-04;9;2016-04-04 09:00:00;33,5;25,88;7,620000000000001;39197;6382;45337;7678;5814;6865;12679;14060;-1864;483;-1381;-0,10892026185030365;-0,32060543515651874;0,07035688273852878;0,2274626865671642;1;0
2016-04-04;10;2016-04-04 10:00:00;29,62;22,97;6,650000000000002;39197;10620;45337;7292;5614;10320;15934;17912;-1678;-300;-1978;-0,12413706539475336;-0,2988956180976131;-0,029069767441860465;0,22451046590141802;1;0
2016-04-04;11;2016-04-04 11:00:00;25,1;22,01;3,09;39197;13634;45337;7381;5576;13115;18691;21015;-1805;-519;-2324;-0,1243379166443743;-0,3237087517934003;-0,039573008006099884;0,12310756972111553;1;0
2016-04-04;12;2016-04-04 12:00:00;23,37;21,5;1,870000000000001;39197;15506;45337;7746;5603;14930;20533;23252;-2143;-576;-2719;-0,1324209808600789;-0,3824736748170623;-0,03858004018754186;0,08001711596063334;1;0
2016-04-04;13;2016-04-04 13:00:00;23,83;19,9;3,93;39197;16366;45337;7931;5610;15335;20945;24297;-2321;-1031;-3352;-0,16003819527333493;-0,4137254901960784;-0,06723182262797522;0,16491817037347883;1;0
2016-04-04;14;2016-04-04 14:00:00;23,93;19,25;4,68;39197;15337;45337;7473;5548;14743;20291;22810;-1925;-594;-2519;-0,12414370903356167;-0,3469718817591925;-0,04029030726446449;0,19557041370664438;1;0
2016-04-04;15;2016-04-04 15:00:00;23,04;19,39;3,649999999999999;39197;12967;45337;7716;5201;13020;18221;20683;-2515;53;-2462;-0,13511881894517316;-0,48356085368198426;0,004070660522273425;0,15842013888888884;1;0
2016-04-04;16;2016-04-04 16:00:00;27,42;20,65;6,770000000000002;39197;10030;45337;7099;4729;10190;14919;17129;-2370;160;-2210;-0,14813325289898788;-0,501163036582787;0,015701668302257114;0,2469000729394603;1;0
2016-04-04;17;2016-04-04 17:00:00;29,25;24,44;4,809999999999999;39197;6377;45337;6488;4167;6496;10663;12865;-2321;119;-2202;-0,2065084872925068;-0,5569954403647708;0,018318965517241378;0,1644444444444444;1;0
2016-04-04;18;2016-04-04 18:00:00;32,96;27,62;5,34;39197;2856;45337;5118;3627;2822;6449;7974;-1491;-34;-1525;-0,23647077066211816;-0,4110835401157982;-0,012048192771084338;0,1620145631067961;1;0
2016-04-04;19;2016-04-04 19:00:00;35,05;29,43;5,619999999999997;39197;478;45337;3300;3018;476;3494;3778;-282;-2;-284;-0,08128219805380653;-0,09343936381709742;-0,004201680672268907;0,16034236804564903;1;0
2016-04-04;20;2016-04-04 20:00:00;36,1;31,52;4,580000000000002;39197;5;45337;3092;2721;2;2723;3097;-371;-3;-374;-0,13734851266984943;-0,13634693127526645;-1,5;0,12686980609418289;1;0
2016-04-04;21;2016-04-04 21:00:00;35,6;30,2;5,400000000000002;39197;0;45337;2344;2627;0;2627;2344;283;0;283;0,10772744575561477;0,10772744575561477;;0,15168539325842703;1;0
2016-04-04;22;2016-04-04 22:00:00;30,3;29,01;1,2899999999999991;39197;0;45337;2014;2628;0;2628;2014;614;0;614;0,23363774733637746;0,23363774733637746;;0,04257425742574254;1;0
2016-04-04;23;2016-04-04 23:00:00;25,96;22,73;3,2300000000000004;39197;0;45337;2031;2644;0;2644;2031;613;0;613;0,23184568835098335;0,23184568835098335;;0,12442218798151003;1;0
2016-04-05;0;2016-04-05 00:00:00;21,39;22,3;-0,91;39198;0;45340;2600;2525;0;2525;2600;-75;0;-75;-0,0297029702970297;-0,0297029702970297;;-0,04254324450677887;1;1
2016-04-05;1;2016-04-05 01:00:00;20,8;20,01;0,7899999999999991;39198;0;45340;3456;2793;0;2793;3456;-663;0;-663;-0,23737916219119226;-0,23737916219119226;;0,037980769230769186;1;1
2016-04-05;2;2016-04-05 02:00:00;20,76;17,79;2,9700000000000024;39198;0;45340;3913;2973;0;2973;3913;-940;0;-940;-0,3161789438277834;-0,3161789438277834;;0,143063583815029;1;1
2016-04-05;3;2016-04-05 03:00:00;20,31;17,64;2,6699999999999977;39198;0;45340;4388;3037;0;3037;4388;-1351;0;-1351;-0,4448468883766875;-0,4448468883766875;;0,13146233382570152;1;1
2016-04-05;4;2016-04-05 04:00:00;20,34;20,11;0,23000000000000045;39198;0;45340;4818;3074;0;3074;4818;-1744;0;-1744;-0,5673389720234222;-0,5673389720234222;;0,011307767944936108;1;1
2016-04-05;5;2016-04-05 05:00:00;21,79;23,1;-1,3100000000000025;39198;0;45340;4646;3137;0;3137;4646;-1509;0;-1509;-0,4810328339177558;-0,4810328339177558;;-0,06011932078935303;1;1
2016-04-05;6;2016-04-05 06:00:00;27,84;36,1;-8,260000000000002;39198;26;45340;4356;3247;45;3292;4382;-1109;19;-1090;-0,3311057108140948;-0,3415460425007699;0,4222222222222222;-0,2966954022988506;1;1
2016-04-05;7;2016-04-05 07:00:00;32,76;42,42;-9,660000000000004;39198;1047;45340;4187;3374;1043;4417;5234;-813;-4;-817;-0,18496717228888385;-0,24096028452874926;-0,003835091083413231;-0,294871794871795;1;1
2016-04-05;8;2016-04-05 08:00:00;35,18;43,58;-8,399999999999999;39198;3841;45340;3558;3420;3811;7231;7399;-138;-30;-168;-0,023233301064859633;-0,04035087719298246;-0,007871949619522435;-0,23877202956225124;1;1
2016-04-05;9;2016-04-05 09:00:00;34,92;39,32;-4,399999999999999;39198;7470;45340;2715;3253;7226;10479;10185;538;-244;294;0,028056112224448898;0,16538579772517675;-0,0337669526709106;-0,1260022909507445;1;1
2016-04-05;10;2016-04-05 10:00:00;34,1;36,43;-2,3299999999999983;39198;10836;45340;2457;3114;10455;13569;13293;657;-381;276;0,02034048198098607;0,21098265895953758;-0,036441893830703016;-0,06832844574780053;1;1
2016-04-05;11;2016-04-05 11:00:00;32,93;32,93;0,0;39198;12521;45340;2467;3230;12815;16045;14988;763;294;1057;0,06587722031785603;0,23622291021671826;0,022941865001950838;0,0;1;1
2016-04-05;12;2016-04-05 12:00:00;29,52;29,78;-0,2600000000000016;39198;13379;45340;2782;3604;13942;17546;16161;822;563;1385;0,07893536988487404;0,22807991120976692;0,04038158083488739;-0,008807588075880814;1;1
2016-04-05;13;2016-04-05 13:00:00;26,58;28,18;-1,6000000000000014;39198;13266;45340;3032;3977;13514;17491;16298;945;248;1193;0,06820650620319021;0,2376162936887101;0,018351339351783336;-0,060195635816403366;1;1
2016-04-05;14;2016-04-05 14:00:00;24,74;27,44;-2,700000000000003;39198;12194;45340;3411;4330;11984;16314;15605;919;-210;709;0,04345960524702709;0,21224018475750578;-0,017523364485981307;-0,10913500404203731;1;1
2016-04-05;15;2016-04-05 15:00:00;24,19;26,0;-1,8099999999999987;39198;9916;45340;3864;4578;9919;14497;13780;714;3;717;0,04945850865696351;0,1559633027522936;0,0003024498437342474;-0,0748243075651095;1;1
2016-04-05;16;2016-04-05 16:00:00;23,96;24,09;-0,129999999999999;39198;6932;45340;4672;4971;7321;12292;11604;299;389;688;0,05597136348844777;0,060148863407765034;0,05313481764786231;-0,005425709515859725;1;1
2016-04-05;17;2016-04-05 17:00:00;27,05;24,55;2,5;39198;4014;45340;5460;5412;4371;9783;9474;-48;357;309;0,031585403250536645;-0,008869179600886918;0,08167467398764584;0,09242144177449169;1;1
2016-04-05;18;2016-04-05 18:00:00;29,79;26,8;2,9899999999999984;39198;1636;45340;6552;5948;1788;7736;8188;-604;152;-452;-0,05842812823164426;-0,101546738399462;0,08501118568232663;0,10036925142665319;1;1
2016-04-05;19;2016-04-05 19:00:00;30,66;26,49;4,170000000000002;39198;266;45340;7260;6652;316;6968;7526;-608;50;-558;-0,08008036739380023;-0,09140108238123873;0,15822784810126583;0,13600782778864975;1;1
2016-04-05;20;2016-04-05 20:00:00;30,04;26,58;3,4600000000000013;39198;4;45340;8149;7341;2;7343;8153;-808;-2;-810;-0,1103091379545145;-0,11006674839940063;-1,0;0,11517976031957394;1;1
2016-04-05;21;2016-04-05 21:00:00;28,0;23,83;4,170000000000002;39198;0;45340;9798;8219;0;8219;9798;-1579;0;-1579;-0,19211582917629882;-0,19211582917629882;;0,1489285714285715;1;1
2016-04-05;22;2016-04-05 22:00:00;25,32;20,02;5,300000000000002;39198;0;45340;12306;9364;0;9364;12306;-2942;0;-2942;-0,31418197351559163;-0,31418197351559163;;0,2093206951026857;1;1
2016-04-05;23;2016-04-05 23:00:00;21,97;18,08;3,890000000000001;39198;0;45340;13478;10325;0;10325;13478;-3153;0;-3153;-0,30537530266343826;-0,30537530266343826;;0,17705962676376882;1;1
2016-04-06;0;2016-04-06 00:00:00;20,0;15,35;4,65;39211;0;45340;13202;10369;0;10369;13202;-2833;0;-2833;-0,27321824669688494;-0,27321824669688494;;0,2325;1;2
2016-04-06;1;2016-04-06 01:00:00;19,2;15,49;3,7099999999999986;39211;0;45340;12987;11304;0;11304;12987;-1683;0;-1683;-0,14888535031847133;-0,14888535031847133;;0,1932291666666666;1;2
2016-04-06;2;2016-04-06 02:00:00;19,06;15,45;3,61;39211;0;45340;12948;11845;0;11845;12948;-1103;0;-1103;-0,09311945968763191;-0,09311945968763191;;0,18940188877229802;1;2
2016-04-06;3;2016-04-06 03:00:00;18,95;14,11;4,84;39211;0;45340;13080;11977;0;11977;13080;-1103;0;-1103;-0,09209317859230191;-0,09209317859230191;;0,2554089709762533;1;2
2016-04-06;4;2016-04-06 04:00:00;19,02;14,66;4,3599999999999985;39211;0;45340;12663;11981;0;11981;12663;-682;0;-682;-0,05692346214840164;-0,05692346214840164;;0,22923238696109352;1;2
2016-04-06;5;2016-04-06 05:00:00;20,0;15,89;4,1099999999999985;39211;0;45340;12534;11948;0;11948;12534;-586;0;-586;-0,04904586541680616;-0,04904586541680616;;0,20549999999999993;1;2
2016-04-06;6;2016-04-06 06:00:00;24,33;19,1;5,229999999999997;39211;28;45340;12256;11874;36;11910;12284;-382;8;-374;-0,031402183039462635;-0,03217113020043793;0,2222222222222222;0,21496095355528144;1;2
2016-04-06;7;2016-04-06 07:00:00;32,97;31,56;1,41;39211;904;45340;12405;11927;885;12812;13309;-478;-19;-497;-0,03879175772713082;-0,040077135910119896;-0,021468926553672316;0,042766151046405826;1;2
2016-04-06;8;2016-04-06 08:00:00;34,24;35,17;-0,9299999999999996;39211;3732;45340;12273;12268;3456;15724;16005;-5;-276;-281;-0,017870770796235055;-0,00040756439517443757;-0,0798611111111111;-0,027161214953271014;1;2
2016-04-06;9;2016-04-06 09:00:00;25,98;29,6;-3,620000000000001;39211;7747;45340;13004;13006;6797;19803;20751;2;-950;-948;-0,04787153461596728;0,00015377518068583732;-0,13976754450492865;-0,1393379522709777;1;2
2016-04-06;10;2016-04-06 10:00:00;23,24;23,23;0,009999999999998009;39211;11372;45340;15501;14020;10174;24194;26873;-1481;-1198;-2679;-0,1107299330412499;-0,10563480741797432;-0,11775113033221939;0,0004302925989672121;1;2
2016-04-06;11;2016-04-06 11:00:00;21,97;19,0;2,969999999999999;39211;13334;45340;18396;15029;12803;27832;31730;-3367;-531;-3898;-0,14005461339465364;-0,224033535165347;-0,041474654377880185;0,13518434228493395;1;2
2016-04-06;12;2016-04-06 12:00:00;21,25;17,25;4,0;39211;13839;45340;19794;16003;14145;30148;33633;-3791;306;-3485;-0,11559639113705718;-0,23689308254702243;0,021633085896076352;0,18823529411764706;1;2
2016-04-06;13;2016-04-06 13:00:00;20,02;16,7;3,3200000000000003;39211;14081;45340;20337;16952;14058;31010;34418;-3385;-23;-3408;-0,10990003224766204;-0,19968145351580935;-0,0016360791008678333;0,16583416583416585;1;2
2016-04-06;14;2016-04-06 14:00:00;19,75;16,74;3,0100000000000016;39211;13312;45340;20982;17690;12951;30641;34294;-3292;-361;-3653;-0,1192193466270683;-0,18609383832673826;-0,027874295421202996;0,15240506329113931;1;2
2016-04-06;15;2016-04-06 15:00:00;19,85;14,86;4,990000000000002;39211;12258;45340;21509;18030;10942;28972;33767;-3479;-1316;-4795;-0,16550462515532238;-0,19295618413754853;-0,12027051727289344;0,2513853904282117;1;2
2016-04-06;16;2016-04-06 16:00:00;20,09;14,85;5,24;39211;10102;45340;21483;17975;8593;26568;31585;-3508;-1509;-5017;-0,18883619391749473;-0,19515994436717662;-0,17560805306644944;0,26082628173220507;1;2
2016-04-06;17;2016-04-06 17:00:00;21,59;16,88;4,710000000000001;39211;6730;45340;20376;17320;5624;22944;27106;-3056;-1106;-4162;-0,18139818688981868;-0,17644341801385682;-0,19665718349928876;0,21815655396016678;1;2
2016-04-06;18;2016-04-06 18:00:00;23,1;16,68;6,420000000000003;39211;3162;45340;18746;16280;2470;18750;21908;-2466;-692;-3158;-0,16842666666666667;-0,1514742014742015;-0,28016194331983807;0,277922077922078;1;2
2016-04-06;19;2016-04-06 19:00:00;26,71;20,18;6,530000000000001;39211;519;45340;16718;15481;419;15900;17237;-1237;-100;-1337;-0,08408805031446541;-0,0799043989406369;-0,2386634844868735;0,24447772369898918;1;2
2016-04-06;20;2016-04-06 20:00:00;28,26;22,65;5,610000000000002;39211;3;45340;16738;15302;4;15306;16741;-1436;1;-1435;-0,09375408336600026;-0,09384394196837015;0,25;0,19851380042462852;1;2
2016-04-06;21;2016-04-06 21:00:00;23,23;20,24;2,990000000000002;39211;0;45340;19056;16117;0;16117;19056;-2939;0;-2939;-0,18235403611093876;-0,18235403611093876;;0,1287128712871288;1;2
2016-04-06;22;2016-04-06 22:00:00;21,06;18,07;2,9899999999999984;39211;0;45340;20656;17429;0;17429;20656;-3227;0;-3227;-0,185151184806931;-0,185151184806931;;0,14197530864197525;1;2
2016-04-06;23;2016-04-06 23:00:00;19,01;11,56;7,450000000000001;39211;0;45340;21232;18535;0;18535;21232;-2697;0;-2697;-0,1455084974372808;-0,1455084974372808;;0,39189900052603893;1;2
2016-04-07;0;2016-04-07 00:00:00;16,42;10,47;5,950000000000001;39212;0;45355;21052;18932;0;18932;21052;-2120;0;-2120;-0,11197971688147053;-0,11197971688147053;;0,3623629719853837;1;3
2016-04-07;1;2016-04-07 01:00:00;16,0;7,04;8,96;39212;0;45355;20598;19021;0;19021;20598;-1577;0;-1577;-0,08290836443930392;-0,08290836443930392;;0,56;1;3
2016-04-07;2;2016-04-07 02:00:00;13,46;8,79;4,670000000000002;39212;0;45355;19468;18937;0;18937;19468;-531;0;-531;-0,02804034429951946;-0,02804034429951946;;0,34695393759286786;1;3
2016-04-07;3;2016-04-07 03:00:00;12,57;7,72;4,8500000000000005;39212;0;45355;18646;18816;0;18816;18646;170;0;170;0,009034863945578231;0,009034863945578231;;0,3858392999204455;1;3
2016-04-07;4;2016-04-07 04:00:00;13,49;11,32;2,17;39212;0;45355;16999;18629;0;18629;16999;1630;0;1630;0,08749798700950132;0,08749798700950132;;0,1608598962194218;1;3
2016-04-07;5;2016-04-07 05:00:00;17,37;19,74;-2,369999999999997;39212;0;45355;15714;18304;0;18304;15714;2590;0;2590;0,1414991258741259;0,1414991258741259;;-0,13644214162348858;1;3
2016-04-07;6;2016-04-07 06:00:00;22,62;31,56;-8,939999999999998;39212;38;45355;14815;18071;53;18124;14853;3256;15;3271;0,18047892297506068;0,1801781860439378;0,2830188679245283;-0,3952254641909813;1;3
2016-04-07;7;2016-04-07 07:00:00;28,4;35,12;-6,719999999999999;39212;1031;45355;13937;17963;1057;19020;14968;4026;26;4052;0,21303890641430073;0,2241273729332517;0,02459791863765374;-0,23661971830985912;1;3
2016-04-07;8;2016-04-07 08:00:00;31,31;37,86;-6,550000000000002;39212;3620;45355;13868;18448;3876;22324;17488;4580;256;4836;0,21662784447231678;0,24826539462272332;0,06604747162022703;-0,20919833918875763;1;3
2016-04-07;9;2016-04-07 09:00:00;26,33;35,29;-8,96;39212;6400;45355;15409;19452;7193;26645;21809;4043;793;4836;0,181497466691687;0,2078449516759202;0,1102460725705547;-0,34029624003038367;1;3
2016-04-07;10;2016-04-07 10:00:00;21,55;28,13;-6,579999999999997;39212;8919;45355;17068;20292;10164;30456;25987;3224;1245;4469;0,14673627528237457;0,15888034693475261;0,12249114521841795;-0,305336426914153;1;3
2016-04-07;11;2016-04-07 11:00:00;21,56;28,6;-7,040000000000003;39212;10722;45355;18131;20516;12151;32667;28853;2385;1429;3814;0,11675391067438087;0,11625073113667382;0,11760348942473871;-0,3265306122448981;1;3
2016-04-07;12;2016-04-07 12:00:00;22,32;25,9;-3,5799999999999983;39212;11392;45355;18363;19915;13250;33165;29755;1552;1858;3410;0,10281923714759536;0,07793120763243785;0,1402264150943396;-0,16039426523297484;1;3
2016-04-07;13;2016-04-07 13:00:00;21,6;24,52;-2,919999999999998;39212;11719;45355;17818;19006;13397;32403;29537;1188;1678;2866;0,08844860043823102;0,06250657687046196;0,1252519220721057;-0,1351851851851851;1;3
2016-04-07;14;2016-04-07 14:00:00;22,57;24,48;-1,91;39212;11688;45355;17505;17916;12728;30644;29193;411;1040;1451;0,04735021537658269;0,022940388479571333;0,08170961659333752;-0,08462560921577314;1;3
2016-04-07;15;2016-04-07 15:00:00;21,86;23,37;-1,5100000000000016;39212;10858;45355;17178;16757;11210;27967;28036;-421;352;-69;-0,0024671934780276755;-0,02512382884764576;0,03140053523639608;-0,06907593778591041;1;3
2016-04-07;16;2016-04-07 16:00:00;21,94;21,86;0,08000000000000185;39212;9082;45355;16397;15415;8928;24343;25479;-982;-154;-1136;-0,04666639280285914;-0,06370418423613364;-0,01724910394265233;0,0036463081130356356;1;3
2016-04-07;17;2016-04-07 17:00:00;22,73;22,9;-0,16999999999999815;39212;6250;45355;14968;13715;5953;19668;21218;-1253;-297;-1550;-0,07880821639210901;-0,0913598250091141;-0,049890811355619014;-0,0074791025076989944;1;3
2016-04-07;18;2016-04-07 18:00:00;28,59;28,9;-0,3099999999999987;39212;2962;45355;12939;11571;2722;14293;15901;-1368;-240;-1608;-0,11250262366193241;-0,11822660098522167;-0,0881704628949302;-0,01084295208114721;1;3
2016-04-07;19;2016-04-07 19:00:00;31,11;30,02;1,09;39212;560;45355;10330;9712;520;10232;10890;-618;-40;-658;-0,06430805316653636;-0,0636326194398682;-0,07692307692307693;0,0350369656059145;1;3
2016-04-07;20;2016-04-07 20:00:00;32,68;31,52;1,16;39212;6;45355;9924;8882;9;8891;9930;-1042;3;-1039;-0,11685974581037004;-0,11731591983787436;0,3333333333333333;0,03549571603427172;1;3
2016-04-07;21;2016-04-07 21:00:00;29,41;28,51;0,8999999999999986;39212;0;45355;9688;8914;0;8914;9688;-774;0;-774;-0,08682970608032309;-0,08682970608032309;;0,03060183611016656;1;3
2016-04-07;22;2016-04-07 22:00:00;28,27;27,09;1,1799999999999995;39212;0;45355;9479;9251;0;9251;9479;-228;0;-228;-0,024645984217922388;-0,024645984217922388;;0,04174036080650865;1;3
2016-04-07;23;2016-04-07 23:00:00;23,54;23,03;0,509999999999998;39212;0;45355;9393;9356;0;9356;9393;-37;0;-37;-0,003954681487815305;-0,003954681487815305;;0,02166525063721317;1;3
2016-04-08;0;2016-04-08 00:00:00;23,39;24,73;-1,34;39215;0;45363;9159;8917;0;8917;9159;-242;0;-242;-0,027139172367388133;-0,027139172367388133;;-0,0572894399315947;1;4
2016-04-08;1;2016-04-08 01:00:00;21,69;24,17;-2,4800000000000004;39215;0;45363;8603;8608;0;8608;8603;5;0;5;0,0005808550185873606;0,0005808550185873606;;-0,11433840479483634;1;4
2016-04-08;2;2016-04-08 02:00:00;21,18;22,49;-1,3099999999999987;39215;0;45363;8354;8065;0;8065;8354;-289;0;-289;-0,03583384996900186;-0,03583384996900186;;-0,061850802644003715;1;4
2016-04-08;3;2016-04-08 03:00:00;20,52;22,16;-1,6400000000000006;39215;0;45363;8143;7409;0;7409;8143;-734;0;-734;-0,09906870022945066;-0,09906870022945066;;-0,07992202729044837;1;4
2016-04-08;4;2016-04-08 04:00:00;21,04;21,88;-0,8399999999999999;39215;0;45363;7989;6830;0;6830;7989;-1159;0;-1159;-0,169692532942899;-0,169692532942899;;-0,03992395437262357;1;4
2016-04-08;5;2016-04-08 05:00:00;21,72;21,4;0,3200000000000003;39215;0;45363;7144;6224;0;6224;7144;-920;0;-920;-0,14781491002570693;-0,14781491002570693;;0,014732965009208118;1;4
2016-04-08;6;2016-04-08 06:00:00;29,12;27,53;1,59;39215;45;45363;6160;5625;60;5685;6205;-535;15;-520;-0,09146877748460862;-0,0951111111111111;0,25;0,05460164835164835;1;4
2016-04-08;7;2016-04-08 07:00:00;35,0;29,47;5,530000000000001;39215;1152;45363;5345;4972;1154;6126;6497;-373;2;-371;-0,06056154097290238;-0,0750201126307321;0,0017331022530329288;0,15800000000000003;1;4
2016-04-08;8;2016-04-08 08:00:00;38,2;34,64;3,5600000000000023;39215;4406;45363;4318;4189;4176;8365;8724;-129;-230;-359;-0,042916915720263;-0,030794939126283123;-0,05507662835249042;0,09319371727748696;1;4
2016-04-08;9;2016-04-08 09:00:00;37,55;31,05;6,4999999999999964;39215;8662;45363;3518;3507;7825;11332;12180;-11;-837;-848;-0,07483233321567243;-0,003136583974907328;-0,10696485623003195;0,17310252996005318;1;4
2016-04-08;10;2016-04-08 10:00:00;34,22;27,16;7,059999999999999;39215;12309;45363;3780;3162;11005;14167;16089;-618;-1304;-1922;-0,13566739606126915;-0,1954459203036053;-0,11849159472966833;0,20631209818819402;1;4
2016-04-08;11;2016-04-08 11:00:00;32,96;25,3;7,66;39215;14936;45363;4242;3011;13050;16061;19178;-1231;-1886;-3117;-0,19407259821928896;-0,40883427432746594;-0,14452107279693488;0,23240291262135923;1;4
2016-04-08;12;2016-04-08 12:00:00;29,74;23,68;6,059999999999999;39215;15395;45363;4041;2953;14020;16973;19436;-1088;-1375;-2463;-0,1451128262534614;-0,3684388757196072;-0,09807417974322397;0,2037659717552118;1;4
2016-04-08;13;2016-04-08 13:00:00;27,9;23,88;4,02;39215;14385;45363;3764;2895;13995;16890;18149;-869;-390;-1259;-0,07454114860864416;-0,3001727115716753;-0,027867095391211148;0,14408602150537633;1;4
2016-04-08;14;2016-04-08 14:00:00;26,36;25,71;0,6499999999999986;39215;12910;45363;3510;2743;13054;15797;16420;-767;144;-623;-0,03943786794961068;-0,2796208530805687;0,011031101578060365;0,024658573596358067;1;4
2016-04-08;15;2016-04-08 15:00:00;24,66;23,86;0,8000000000000007;39215;10967;45363;3098;2382;11209;13591;14065;-716;242;-474;-0,034876020896181296;-0,30058774139378674;0,021589793915603533;0,032441200324412035;1;4
2016-04-08;16;2016-04-08 16:00:00;23,95;25,23;-1,2800000000000011;39215;8534;45363;2574;1959;8621;10580;11108;-615;87;-528;-0,0499054820415879;-0,31393568147013784;0,01009163670107876;-0,053444676409185855;1;4
2016-04-08;17;2016-04-08 17:00:00;27,03;26,46;0,5700000000000003;39215;5563;45363;2211;1530;5584;7114;7774;-681;21;-660;-0,0927748102333427;-0,44509803921568625;0,0037607449856733523;0,021087680355160943;1;4
2016-04-08;18;2016-04-08 18:00:00;29,58;28,21;1,3699999999999974;39215;2770;45363;1744;1117;2564;3681;4514;-627;-206;-833;-0,2262972018473241;-0,5613249776186213;-0,08034321372854915;0,04631507775523994;1;4
2016-04-08;19;2016-04-08 19:00:00;32,22;29,26;2,9599999999999973;39215;582;45363;1170;824;490;1314;1752;-346;-92;-438;-0,3333333333333333;-0,4199029126213592;-0,18775510204081633;0,09186840471756665;1;4
2016-04-08;20;2016-04-08 20:00:00;31,96;30,64;1,3200000000000005;39215;8;45363;930;697;8;705;938;-233;0;-233;-0,3304964539007092;-0,33428981348637016;0,0;0,041301627033792254;1;4
2016-04-08;21;2016-04-08 21:00:00;30,66;29,4;1,2600000000000016;39215;0;45363;942;683;0;683;942;-259;0;-259;-0,37920937042459735;-0,37920937042459735;;0,04109589041095896;1;4
2016-04-08;22;2016-04-08 22:00:00;30,68;29,4;1,2800000000000011;39215;0;45363;1078;699;0;699;1078;-379;0;-379;-0,542203147353362;-0,542203147353362;;0,04172099087353329;1;4
2016-04-08;23;2016-04-08 23:00:00;29,0;27,54;1,4600000000000009;39215;0;45363;1300;752;0;752;1300;-548;0;-548;-0,7287234042553191;-0,7287234042553191;;0,050344827586206925;1;4
2016-04-09;0;2016-04-09 00:00:00;28,45;24,34;4,1099999999999985;39215;0;45363;1383;773;0;773;1383;-610;0;-610;-0,7891332470892626;-0,7891332470892626;;0,14446397188049204;1;5
2016-04-09;1;2016-04-09 01:00:00;24,18;22,34;1,84;39215;0;45363;1533;799;0;799;1533;-734;0;-734;-0,918648310387985;-0,918648310387985;;0,07609594706368901;1;5
2016-04-09;2;2016-04-09 02:00:00;23,28;21,98;1,3000000000000007;39215;0;45363;1467;810;0;810;1467;-657;0;-657;-0,8111111111111111;-0,8111111111111111;;0,05584192439862546;1;5
2016-04-09;3;2016-04-09 03:00:00;21,84;19,97;1,870000000000001;39215;0;45363;1367;820;0;820;1367;-547;0;-547;-0,6670731707317074;-0,6670731707317074;;0,08562271062271067;1;5
2016-04-09;4;2016-04-09 04:00:00;21,46;19,63;1,8300000000000016;39215;0;45363;1194;862;0;862;1194;-332;0;-332;-0,3851508120649652;-0,3851508120649652;;0,08527493010251638;1;5
2016-04-09;5;2016-04-09 05:00:00;21,72;19,18;2,539999999999999;39215;0;45363;1008;904;0;904;1008;-104;0;-104;-0,11504424778761062;-0,11504424778761062;;0,11694290976058928;1;5
2016-04-09;6;2016-04-09 06:00:00;22,42;20,13;2,2900000000000027;39215;61;45363;1033;941;90;1031;1094;-92;29;-63;-0,061105722599418044;-0,09776833156216791;0,32222222222222224;0,10214094558429984;1;5
2016-04-09;7;2016-04-09 07:00:00;23,42;21,66;1,7600000000000016;39215;1374;45363;1236;968;1514;2482;2610;-268;140;-128;-0,0515713134568896;-0,2768595041322314;0,09247027741083223;0,07514944491887282;1;5
2016-04-09;8;2016-04-09 08:00:00;27,21;22,94;4,27;39215;5010;45363;1240;938;5295;6233;6250;-302;285;-17;-0,0027274185785336113;-0,32196162046908317;0,053824362606232294;0,15692760014700477;1;5
2016-04-09;9;2016-04-09 09:00:00;25,12;22,76;2,3599999999999994;39215;9427;45363;809;871;9826;10697;10236;62;399;461;0,04309619519491446;0,0711825487944891;0,040606554040301245;0,09394904458598724;1;5
2016-04-09;10;2016-04-09 10:00:00;22,76;22,56;0,20000000000000284;39215;13222;45363;805;892;13452;14344;14027;87;230;317;0,02209983268265477;0,09753363228699552;0,017097829319060363;0,008787346221441249;1;5
2016-04-09;11;2016-04-09 11:00:00;22,58;22,82;-0,24000000000000196;39215;15233;45363;1174;1032;15655;16687;16407;-142;422;280;0,016779528974650924;-0,1375968992248062;0,026956244011497925;-0,010628875110717537;1;5
2016-04-09;12;2016-04-09 12:00:00;21,83;22,93;-1,1000000000000014;39215;15808;45363;1507;1239;16470;17709;17315;-268;662;394;0,022248574171325315;-0,21630347054075869;0,040194292653309045;-0,050389372423270795;1;5
2016-04-09;13;2016-04-09 13:00:00;20,81;21,23;-0,4200000000000017;39215;14813;45363;1466;1433;15692;17125;16279;-33;879;846;0,0494014598540146;-0,023028611304954642;0,05601580423145552;-0,02018260451705919;1;5
2016-04-09;14;2016-04-09 14:00:00;19,94;21,08;-1,139999999999997;39215;12956;45363;1394;1568;13777;15345;14350;174;821;995;0,06484196806777452;0,11096938775510204;0,05959207374609857;-0,05717151454363074;1;5
2016-04-09;15;2016-04-09 15:00:00;20,35;21,33;-0,9799999999999968;39215;10663;45363;1392;1672;11262;12934;12055;280;599;879;0,06796041441162827;0,1674641148325359;0,05318771088616587;-0,04815724815724799;1;5
2016-04-09;16;2016-04-09 16:00:00;20,3;21,07;-0,7699999999999996;39215;7968;45363;1706;1791;8413;10204;9674;85;445;530;0,051940415523324186;0,047459519821328865;0,052894330203256866;-0,0379310344827586;1;5
2016-04-09;17;2016-04-09 17:00:00;22,27;20,33;1,9400000000000013;39215;5160;45363;2471;2133;5290;7423;7631;-338;130;-208;-0,028021015761821366;-0,1584622597280825;0,024574669187145556;0,0871127076784913;1;5
2016-04-09;18;2016-04-09 18:00:00;26,91;23,07;3,84;39215;2664;45363;3309;2881;2405;5286;5973;-428;-259;-687;-0,12996594778660614;-0,14855952794168692;-0,1076923076923077;0,1426978818283166;1;5
2016-04-09;19;2016-04-09 19:00:00;29,62;24,82;4,800000000000002;39215;577;45363;4153;3863;463;4326;4730;-290;-114;-404;-0,09338881183541378;-0,07507118819570283;-0,24622030237580994;0,16205266711681302;1;5
2016-04-09;20;2016-04-09 20:00:00;31,81;26,34;5,469999999999999;39215;10;45363;5794;5139;8;5147;5804;-655;-2;-657;-0,12764717311054982;-0,12745670363884024;-0,25;0,1719585036152153;1;5
2016-04-09;21;2016-04-09 21:00:00;29,56;26,07;3,4899999999999984;39215;0;45363;7698;6402;0;6402;7698;-1296;0;-1296;-0,20243673851921273;-0,20243673851921273;;0,1180649526387009;1;5
2016-04-09;22;2016-04-09 22:00:00;27,44;24,86;2,5800000000000023;39215;0;45363;8572;7420;0;7420;8572;-1152;0;-1152;-0,15525606469002695;-0,15525606469002695;;0,09402332361516043;1;5
2016-04-09;23;2016-04-09 23:00:00;24,0;20,61;3,390000000000001;39215;0;45363;9009;7902;0;7902;9009;-1107;0;-1107;-0,14009111617312073;-0,14009111617312073;;0,14125000000000004;1;5
2016-04-10;0;2016-04-10 00:00:00;21,13;18,8;2,3299999999999983;39215;0;45363;8874;8350;0;8350;8874;-524;0;-524;-0,06275449101796407;-0,06275449101796407;;0,11026975863700891;1;6
2016-04-10;1;2016-04-10 01:00:00;20,03;17,22;2,8100000000000023;39215;0;45363;8245;8008;0;8008;8245;-237;0;-237;-0,029595404595404596;-0,029595404595404596;;0,1402895656515228;1;6
2016-04-10;2;2016-04-10 02:00:00;19,25;16,97;2,2800000000000007;39215;0;45363;7529;7601;0;7601;7529;72;0;72;0,009472437837126695;0,009472437837126695;;0,11844155844155847;1;6
2016-04-10;3;2016-04-10 03:00:00;18,96;17,86;1,1000000000000014;39215;0;45363;7106;7162;0;7162;7106;56;0;56;0,007819044959508517;0,007819044959508517;;0,05801687763713088;1;6
2016-04-10;4;2016-04-10 04:00:00;19,02;17,21;1,8099999999999987;39215;0;45363;6774;6805;0;6805;6774;31;0;31;0,00455547391623806;0,00455547391623806;;0,0951629863301787;1;6
2016-04-10;5;2016-04-10 05:00:00;18,88;17,63;1,25;39215;0;45363;6502;6539;0;6539;6502;37;0;37;0,005658357547025539;0,005658357547025539;;0,06620762711864407;1;6
2016-04-10;6;2016-04-10 06:00:00;19,15;16,21;2,9399999999999977;39215;42;45363;6274;6260;58;6318;6316;-14;16;2;0,00031655587211142766;-0,0022364217252396168;0,27586206896551724;0,15352480417754558;1;6
2016-04-10;7;2016-04-10 07:00:00;19,19;18,57;0,620000000000001;39215;941;45363;5786;5896;964;6860;6727;110;23;133;0,019387755102040816;0,018656716417910446;0,023858921161825725;0,03230849400729552;1;6
2016-04-10;8;2016-04-10 08:00:00;20,22;18,6;1,6199999999999974;39215;3358;45363;4604;5284;3417;8701;7962;680;59;739;0,08493276634869555;0,1286903860711582;0,01726660813579163;0,08011869436201768;1;6
2016-04-10;9;2016-04-10 09:00:00;20,97;19,84;1,129999999999999;39215;7122;45363;3429;4467;6611;11078;10551;1038;-511;527;0,04757176385629175;0,23237071860308933;-0,07729541672969294;0,05388650453028131;1;6
2016-04-10;10;2016-04-10 10:00:00;21,0;18,16;2,84;39215;11649;45363;3153;3770;9750;13520;14802;617;-1899;-1282;-0,0948224852071006;0,1636604774535809;-0,19476923076923078;0,13523809523809524;1;6
2016-04-10;11;2016-04-10 11:00:00;20,59;15,34;5,25;39215;15514;45363;3090;3433;12288;15721;18604;343;-3226;-2883;-0,18338528083455252;0,09991261287503642;-0,2625325520833333;0,25497814473045166;1;6
2016-04-10;12;2016-04-10 12:00:00;19,29;11,83;7,459999999999999;39215;17658;45363;2866;3399;13857;17256;20524;533;-3801;-3268;-0,18938340287436253;0,15681082671373933;-0,2743017969257415;0,38672887506480036;1;6
2016-04-10;13;2016-04-10 13:00:00;16,89;9,58;7,31;39215;18215;45363;2878;3398;13988;17386;21093;520;-4227;-3707;-0,21321753134706084;0,15303119482048264;-0,30218758936231055;0,4328004736530491;1;6
2016-04-10;14;2016-04-10 14:00:00;14,25;4,51;9,74;39215;16457;45363;3254;3484;13117;16601;19711;230;-3340;-3110;-0,18733811216191795;0,06601607347876004;-0,2546313943737135;0,6835087719298246;1;6
2016-04-10;15;2016-04-10 15:00:00;13,61;3,53;10,08;39215;13902;45363;3980;3722;11524;15246;17882;-258;-2378;-2636;-0,17289780926144563;-0,0693175711982805;-0,20635196112460952;0,7406318883174137;1;6
2016-04-10;16;2016-04-10 16:00:00;12,06;4,29;7,77;39215;11042;45363;4796;4128;9420;13548;15838;-668;-1622;-2290;-0,16902863891349276;-0,1618217054263566;-0,1721868365180467;0,644278606965174;1;6
2016-04-10;17;2016-04-10 17:00:00;16,67;9,46;7,210000000000001;39215;7536;45363;5512;4775;6484;11259;13048;-737;-1052;-1789;-0,15889510613731236;-0,1543455497382199;-0,16224552745219;0,4325134973005399;1;6
2016-04-10;18;2016-04-10 18:00:00;20,78;17,5;3,280000000000001;39215;3774;45363;6499;5745;3112;8857;10273;-754;-662;-1416;-0,15987354634752174;-0,13124456048738034;-0,2127249357326478;0,15784408084696827;1;6
2016-04-10;19;2016-04-10 19:00:00;22,47;18,55;3,919999999999998;39215;850;45363;7210;6765;627;7392;8060;-445;-223;-668;-0,09036796536796536;-0,06577974870657798;-0,35566188197767146;0,17445482866043607;1;6
2016-04-10;20;2016-04-10 20:00:00;24,55;19,22;5,330000000000002;39215;15;45363;8759;7969;12;7981;8774;-790;-3;-793;-0,09936098233304097;-0,09913414481114317;-0,25;0,21710794297352348;1;6
2016-04-10;21;2016-04-10 21:00:00;23,0;16,28;6,719999999999999;39215;0;45363;11014;8892;0;8892;11014;-2122;0;-2122;-0,23864147548358075;-0,23864147548358075;;0,29217391304347823;1;6
2016-04-10;22;2016-04-10 22:00:00;21,84;16,57;5,27;39215;0;45363;11780;9482;0;9482;11780;-2298;0;-2298;-0,242353933769247;-0,242353933769247;;0,24130036630036628;1;6
2016-04-10;23;2016-04-10 23:00:00;19,57;15,48;4,09;39215;0;45363;11639;9645;0;9645;11639;-1994;0;-1994;-0,20673924313115605;-0,20673924313115605;;0,20899335717935616;1;6
2016-04-11;0;2016-04-11 00:00:00;16,35;10,55;5,800000000000002;39219;0;45363;10998;9866;0;9866;10998;-1132;0;-1132;-0,11473748226231502;-0,11473748226231502;;0,35474006116207957;1;0
2016-04-11;1;2016-04-11 01:00:00;13,7;9,37;4,33;39219;0;45363;10560;9498;0;9498;10560;-1062;0;-1062;-0,11181301326595072;-0,11181301326595072;;0,31605839416058396;1;0
2016-04-11;2;2016-04-11 02:00:00;12,81;9,41;3,4000000000000004;39219;0;45363;10521;9172;0;9172;10521;-1349;0;-1349;-0,14707806367204534;-0,14707806367204534;;0,2654176424668228;1;0
2016-04-11;3;2016-04-11 03:00:00;10,66;8,4;2,26;39219;0;45363;10193;8977;0;8977;10193;-1216;0;-1216;-0,13545727971482677;-0,13545727971482677;;0,2120075046904315;1;0
2016-04-11;4;2016-04-11 04:00:00;13,09;8,99;4,1;39219;0;45363;9807;8880;0;8880;9807;-927;0;-927;-0,1043918918918919;-0,1043918918918919;;0,3132161955691367;1;0
2016-04-11;5;2016-04-11 05:00:00;18,55;14,62;3,9300000000000015;39219;0;45363;9436;8858;0;8858;9436;-578;0;-578;-0,06525174983066155;-0,06525174983066155;;0,21185983827493268;1;0
2016-04-11;6;2016-04-11 06:00:00;25,49;21,85;3,639999999999997;39219;90;45363;9781;8807;132;8939;9871;-974;42;-932;-0,10426222172502517;-0,11059384580447372;0,3181818181818182;0,14280109846998812;1;0
2016-04-11;7;2016-04-11 07:00:00;32,0;32,29;-0,28999999999999915;39219;1808;45363;9392;8575;1973;10548;11200;-817;165;-652;-0,06181266590822905;-0,09527696793002915;0,08362899138367967;-0,009062499999999973;1;0
2016-04-11;8;2016-04-11 08:00:00;34,61;32,29;2,3200000000000003;39219;5992;45363;8002;8093;6590;14683;13994;91;598;689;0,046925015323843904;0,011244285184727542;0,09074355083459787;0,06703264952325919;1;0
2016-04-11;9;2016-04-11 09:00:00;28,98;31,05;-2,0700000000000003;39219;10960;45363;7766;7638;12079;19717;18726;-128;1119;991;0,05026119592230055;-0,016758313694684474;0,09264011921516682;-0,07142857142857144;1;0
2016-04-11;10;2016-04-11 10:00:00;25,63;27,88;-2,25;39219;15427;45363;8166;7452;16819;24271;23593;-714;1392;678;0,027934572123109885;-0,09581320450885668;0,08276354123312919;-0,08778774873195475;1;0
2016-04-11;11;2016-04-11 11:00:00;23,1;23,56;-0,4599999999999973;39219;18822;45363;8196;7606;19892;27498;27018;-590;1070;480;0,017455814968361336;-0,07757033920589008;0,053790468530062335;-0,019913419913419796;1;0
2016-04-11;12;2016-04-11 12:00:00;22,59;23,47;-0,879999999999999;39219;20776;45363;8233;8071;21411;29482;29009;-162;635;473;0,01604368767383488;-0,02007186222277289;0,02965765260847228;-0,038955289951305844;1;0
2016-04-11;13;2016-04-11 13:00:00;22,51;24,1;-1,59;39219;21217;45363;8694;8614;21494;30108;29911;-80;277;197;0,006543111465391258;-0,009287206872533085;0,012887317390899785;-0,07063527321190582;1;0
2016-04-11;14;2016-04-11 14:00:00;22,12;22,25;-0,129999999999999;39219;20016;45363;9275;9201;20305;29506;29291;-74;289;215;0,007286653561987392;-0,008042604064775569;0,014232947549864565;-0,005877034358046971;1;0
2016-04-11;15;2016-04-11 15:00:00;21,83;22,36;-0,5300000000000011;39219;17632;45363;10097;9710;17633;27343;27729;-387;1;-386;-0,014116958636579746;-0,03985581874356334;5,67118471048602e-05;-0,024278515803939586;1;0
2016-04-11;16;2016-04-11 16:00:00;22,11;23,05;-0,9400000000000012;39219;13644;45363;10692;10241;13653;23894;24336;-451;9;-442;-0,018498367791077257;-0,04403866809881848;0,0006591957811470006;-0,0425146992311172;1;0
2016-04-11;17;2016-04-11 17:00:00;23,68;23,72;-0,03999999999999915;39219;8567;45363;11082;10645;8582;19227;19649;-437;15;-422;-0,021948301867165964;-0,04105213715359324;0,0017478443253320904;-0,0016891891891891533;1;0
2016-04-11;18;2016-04-11 18:00:00;28,47;29,62;-1,150000000000002;39219;3809;45363;11174;10842;3767;14609;14983;-332;-42;-374;-0,02560065712916695;-0,030621656520937096;-0,011149455800371648;-0,04039339655778019;1;0
2016-04-11;19;2016-04-11 19:00:00;31,27;31,74;-0,4699999999999989;39219;776;45363;10622;10957;760;11717;11398;335;-16;319;0,027225398992916275;0,030574062243314777;-0,021052631578947368;-0,015030380556443842;1;0
2016-04-11;20;2016-04-11 20:00:00;32,56;34,15;-1,5899999999999963;39219;16;45363;10764;11143;19;11162;10780;379;3;382;0,03422325748073822;0,03401238445660953;0,15789473684210525;-0,048832923832923716;1;0
2016-04-11;21;2016-04-11 21:00:00;31,49;32,59;-1,100000000000005;39219;0;45363;10579;11227;0;11227;10579;648;0;648;0,057718001246993854;0,057718001246993854;;-0,03493172435693887;1;0
2016-04-11;22;2016-04-11 22:00:00;27,86;32,44;-4,579999999999998;39219;0;45363;9924;11219;0;11219;9924;1295;0;1295;0,11542918263659863;0,11542918263659863;;-0,1643933955491744;1;0
2016-04-11;23;2016-04-11 23:00:00;24,8;27,79;-2,9899999999999984;39219;0;45363;9169;10952;0;10952;9169;1783;0;1783;0,16280131482834184;0,16280131482834184;;-0,1205645161290322;1;0
2016-04-12;0;2016-04-12 00:00:00;22,8;24,77;-1,9699999999999989;39221;0;45366;8688;9185;0;9185;8688;497;0;497;0,05410996189439303;0,05410996189439303;;-0,08640350877192977;1;1
2016-04-12;1;2016-04-12 01:00:00;22,2;23,73;-1,5300000000000011;39221;0;45366;8011;8658;0;8658;8011;647;0;647;0,07472857472857473;0,07472857472857473;;-0,06891891891891898;1;1
2016-04-12;2;2016-04-12 02:00:00;21,69;23,73;-2,039999999999999;39221;0;45366;7384;8157;0;8157;7384;773;0;773;0,09476523231580238;0,09476523231580238;;-0,0940525587828492;1;1
2016-04-12;3;2016-04-12 03:00:00;21,05;23,32;-2,27;39221;0;45366;7235;7783;0;7783;7235;548;0;548;0,07040986766028523;0,07040986766028523;;-0,10783847980997624;1;1
2016-04-12;4;2016-04-12 04:00:00;21,32;22,43;-1,1099999999999994;39221;0;45366;7165;7493;0;7493;7165;328;0;328;0,04377418924329374;0,04377418924329374;;-0,05206378986866789;1;1
2016-04-12;5;2016-04-12 05:00:00;22,15;23,0;-0,8500000000000014;39221;0;45366;7209;7192;0;7192;7209;-17;0;-17;-0,002363737486095662;-0,002363737486095662;;-0,03837471783295718;1;1
2016-04-12;6;2016-04-12 06:00:00;28,98;30,21;-1,2300000000000004;39221;85;45366;6922;6819;100;6919;7007;-103;15;-88;-0,012718600953895072;-0,015104854084176566;0,15;-0,04244306418219463;1;1
2016-04-12;7;2016-04-12 07:00:00;36,0;33,78;2,2199999999999993;39221;1170;45366;6378;6357;1318;7675;7548;-21;148;127;0,016547231270358308;-0,0033034450212364322;0,11229135053110774;0,06166666666666665;1;1
2016-04-12;8;2016-04-12 08:00:00;38,94;40,93;-1,990000000000002;39221;3484;45366;5158;5528;4158;9686;8642;370;674;1044;0,10778443113772455;0,06693198263386396;0,1620971620971621;-0,0511042629686698;1;1
2016-04-12;9;2016-04-12 09:00:00;37,6;40,02;-2,4200000000000017;39221;6534;45366;4059;4631;7643;12274;10593;572;1109;1681;0,13695616750855466;0,12351543942992874;0,14510009158707313;-0,06436170212765961;1;1
2016-04-12;10;2016-04-12 10:00:00;34,0;35,75;-1,75;39221;10263;45366;3349;4055;11170;15225;13612;706;907;1613;0,10594417077175698;0,17410604192355117;0,08119964189794092;-0,051470588235294115;1;1
2016-04-12;11;2016-04-12 11:00:00;31,02;31,14;-0,12000000000000098;39221;13527;45366;2832;3840;14063;17903;16359;1008;536;1544;0,08624252918505279;0,2625;0,03811420038398635;-0,0038684719535783682;1;1
2016-04-12;12;2016-04-12 12:00:00;27,97;26,97;1,0;39221;16028;45366;2371;3610;15926;19536;18399;1239;-102;1137;0,0582002457002457;0,343213296398892;-0,006404621373854075;0,03575259206292456;1;1
2016-04-12;13;2016-04-12 13:00:00;26,41;25,39;1,0199999999999996;39221;17562;45366;2266;3405;16623;20028;19828;1139;-939;200;0,009986019572598362;0,3345080763582966;-0,05648799855621729;0,03862173419159408;1;1
2016-04-12;14;2016-04-12 14:00:00;24,59;24,47;0,12000000000000098;39221;17528;45366;2300;3222;16243;19465;19828;922;-1285;-363;-0,018648856922681735;0,2861576660459342;-0,07911100166225452;0,004880032533550263;1;1
2016-04-12;15;2016-04-12 15:00:00;24,18;23,35;0,8299999999999983;39221;15428;45366;2604;3038;14467;17505;18032;434;-961;-527;-0,030105684090259925;0,14285714285714285;-0,06642704085159327;0,03432588916459877;1;1
2016-04-12;16;2016-04-12 16:00:00;25,13;23,08;2,0500000000000007;39221;11970;45366;2608;2938;11454;14392;14578;330;-516;-186;-0,01292384658143413;0,1123213070115725;-0,045049764274489264;0,08157580580978913;1;1
2016-04-12;17;2016-04-12 17:00:00;27,26;26,86;0,4000000000000021;39221;7848;45366;2678;2963;7450;10413;10526;285;-398;-113;-0,010851819840583886;0,0961862976712791;-0,05342281879194631;0,014673514306676525;1;1
2016-04-12;18;2016-04-12 18:00:00;31,32;30,5;0,8200000000000003;39221;3414;45366;2683;3134;3364;6498;6097;451;-50;401;0,061711295783317945;0,1439055520102106;-0,014863258026159334;0,026181353767560672;1;1
2016-04-12;19;2016-04-12 19:00:00;34,62;32,37;2,25;39221;662;45366;2474;3457;702;4159;3136;983;40;1023;0,24597258956479923;0,2843505929997107;0,05698005698005698;0,06499133448873484;1;1
2016-04-12;20;2016-04-12 20:00:00;34,95;32,86;2,0900000000000034;39221;16;45366;3138;3933;19;3952;3154;795;3;798;0,20192307692307693;0,20213577421815407;0,15789473684210525;0,05979971387696719;1;1
2016-04-12;21;2016-04-12 21:00:00;32,24;29,82;2,4200000000000017;39221;0;45366;3274;4411;0;4411;3274;1137;0;1137;0,2577646792110633;0,2577646792110633;;0,07506203473945414;1;1
2016-04-12;22;2016-04-12 22:00:00;30,0;26,49;3,5100000000000016;39221;0;45366;3189;4656;0;4656;3189;1467;0;1467;0,31507731958762886;0,31507731958762886;;0,11700000000000005;1;1
2016-04-12;23;2016-04-12 23:00:00;24,1;25,04;-0,9399999999999976;39221;0;45366;3150;4719;0;4719;3150;1569;0;1569;0,33248569612205975;0,33248569612205975;;-0,03900414937759326;1;1
2016-04-13;0;2016-04-13 00:00:00;22,93;24,62;-1,6900000000000013;39234;0;45378;3096;3689;0;3689;3096;593;0;593;0,16074817023583626;0,16074817023583626;;-0,07370257304840826;1;2
2016-04-13;1;2016-04-13 01:00:00;21,68;22,81;-1,129999999999999;39234;0;45378;2822;3473;0;3473;2822;651;0;651;0,1874460120932911;0,1874460120932911;;-0,05212177121771213;1;2
2016-04-13;2;2016-04-13 02:00:00;21,68;24,01;-2,3300000000000023;39234;0;45378;2774;3263;0;3263;2774;489;0;489;0,14986209010113394;0,14986209010113394;;-0,10747232472324734;1;2
2016-04-13;3;2016-04-13 03:00:00;21,41;22,84;-1,4299999999999995;39234;0;45378;1969;3133;0;3133;1969;1164;0;1164;0,37152888605170764;0,37152888605170764;;-0,06679121905651562;1;2
2016-04-13;4;2016-04-13 04:00:00;21,71;21,69;0,01999999999999957;39234;0;45378;1808;2936;0;2936;1808;1128;0;1128;0,38419618528610355;0,38419618528610355;;0,0009212344541685661;1;2
2016-04-13;5;2016-04-13 05:00:00;22,77;23,64;-0,870000000000001;39234;0;45378;2100;2763;0;2763;2100;663;0;663;0,23995656894679696;0,23995656894679696;;-0,0382081686429513;1;2
2016-04-13;6;2016-04-13 06:00:00;31,35;34,29;-2,9399999999999977;39234;110;45378;2369;2694;119;2813;2479;325;9;334;0,118734447209385;0,1206384558277654;0,07563025210084033;-0,09377990430622002;1;2
2016-04-13;7;2016-04-13 07:00:00;34,99;35,67;-0,6799999999999997;39234;1527;45378;2254;2569;1422;3991;3781;315;-105;210;0,052618391380606366;0,1226158038147139;-0,07383966244725738;-0,019434124035438687;1;2
2016-04-13;8;2016-04-13 08:00:00;39,41;39,97;-0,5600000000000023;39234;4732;45378;1778;2350;4344;6694;6510;572;-388;184;0,027487302061547654;0,24340425531914894;-0,08931860036832412;-0,014209591474245175;1;2
2016-04-13;9;2016-04-13 09:00:00;35,06;33,19;1,8700000000000043;39234;8892;45378;1032;2135;7824;9959;9924;1103;-1068;35;0,003514409077216588;0,5166276346604215;-0,13650306748466257;0,05333713633770691;1;2
2016-04-13;10;2016-04-13 10:00:00;33,23;29,87;3,359999999999996;39234;12812;45378;904;1950;10874;12824;13716;1046;-1938;-892;-0,06955708047411104;0,5364102564102564;-0,1782232848997609;0,10111345170027072;1;2
2016-04-13;11;2016-04-13 11:00:00;31,94;28,19;3,75;39234;15197;45378;1020;1903;12792;14695;16217;883;-2405;-1522;-0,10357264375637971;0,464004203888597;-0,18800813008130082;0,117407639323732;1;2
2016-04-13;12;2016-04-13 12:00:00;28,9;26,81;2,09;39234;15193;45378;1119;2019;13599;15618;16312;900;-1594;-694;-0,044435907286464335;0,4457652303120357;-0,11721450106625488;0,07231833910034602;1;2
2016-04-13;13;2016-04-13 13:00:00;27,01;28,76;-1,75;39234;13220;45378;1341;2193;13394;15587;14561;852;174;1026;0,06582408417270802;0,38850889192886456;0,012990891443930118;-0,06479081821547575;1;2
2016-04-13;14;2016-04-13 14:00:00;25,96;30,17;-4,210000000000001;39234;11180;45378;1418;2519;12365;14884;12598;1101;1185;2286;0,15358774522977695;0,4370782056371576;0,09583501819652245;-0,16217257318952236;1;2
2016-04-13;15;2016-04-13 15:00:00;26,0;30,38;-4,379999999999999;39234;8936;45378;1580;2902;10452;13354;10516;1322;1516;2838;0,21252059308072488;0,45554789800137835;0,1450440107156525;-0,1684615384615384;1;2
2016-04-13;16;2016-04-13 16:00:00;26,33;31,24;-4,91;39234;6287;45378;1927;3314;7888;11202;8214;1387;1601;2988;0,2667380824852705;0,41852745926372964;0,20296653144016227;-0,18647930117736425;1;2
2016-04-13;17;2016-04-13 17:00:00;29,0;32,07;-3,0700000000000003;39234;4149;45378;2007;3643;5086;8729;6156;1636;937;2573;0,29476457784396837;0,44908042821850125;0,18423122296500197;-0,10586206896551725;1;2
2016-04-13;18;2016-04-13 18:00:00;32,37;36,51;-4,1400000000000015;39234;2288;45378;2256;3785;2436;6221;4544;1529;148;1677;0,2695708085516798;0,40396301188903566;0,060755336617405585;-0,12789620018535686;1;2
2016-04-13;19;2016-04-13 19:00:00;33,86;35,94;-2,0799999999999983;39234;567;45378;2360;3878;556;4434;2927;1518;-11;1507;0,3398737032025259;0,39143888602372356;-0,019784172661870502;-0,06142941523922027;1;2
2016-04-13;20;2016-04-13 20:00:00;34,42;36,83;-2,4099999999999966;39234;16;45378;2686;4080;19;4099;2702;1394;3;1397;0,3408148328860698;0,3416666666666667;0,15789473684210525;-0,07001743172574075;1;2
2016-04-13;21;2016-04-13 21:00:00;31,31;31,39;-0,08000000000000185;39234;0;45378;2816;4244;0;4244;2816;1428;0;1428;0,3364750235626767;0,3364750235626767;;-0,0025550942190993883;1;2
2016-04-13;22;2016-04-13 22:00:00;28,0;28,12;-0,12000000000000098;39234;0;45378;2856;4375;0;4375;2856;1519;0;1519;0,3472;0,3472;;-0,004285714285714321;1;2
2016-04-13;23;2016-04-13 23:00:00;23,59;24,66;-1,0700000000000005;39234;0;45378;2612;4451;0;4451;2612;1839;0;1839;0,4131655807683667;0,4131655807683667;;-0,04535820262823232;1;2
2016-04-14;0;2016-04-14 00:00:00;23,35;19,62;3,73;39237;0;45390;2541;2052;0;2052;2541;-489;0;-489;-0,23830409356725146;-0,23830409356725146;;0,15974304068522482;1;3
2016-04-14;1;2016-04-14 01:00:00;21,93;17,65;4,280000000000001;39237;0;45390;2565;1985;0;1985;2565;-580;0;-580;-0,29219143576826195;-0,29219143576826195;;0,1951664386684907;1;3
2016-04-14;2;2016-04-14 02:00:00;21,18;16,94;4,239999999999998;39237;0;45390;2573;1998;0;1998;2573;-575;0;-575;-0,2877877877877878;-0,2877877877877878;;0,20018885741265338;1;3
2016-04-14;3;2016-04-14 03:00:00;20,94;16,95;3,990000000000002;39237;0;45390;2844;2104;0;2104;2844;-740;0;-740;-0,3517110266159696;-0,3517110266159696;;0,19054441260744995;1;3
2016-04-14;4;2016-04-14 04:00:00;21,06;16,85;4,209999999999997;39237;0;45390;2991;2217;0;2217;2991;-774;0;-774;-0,3491204330175913;-0,3491204330175913;;0,19990503323836645;1;3
2016-04-14;5;2016-04-14 05:00:00;21,74;18,41;3,3299999999999983;39237;0;45390;3042;2220;0;2220;3042;-822;0;-822;-0,37027027027027026;-0,37027027027027026;;0,15317387304507812;1;3
2016-04-14;6;2016-04-14 06:00:00;27,0;24,05;2,9499999999999997;39237;89;45390;2952;2143;118;2261;3041;-809;29;-780;-0,34498009730207874;-0,3775081661222585;0,2457627118644068;0,10925925925925925;1;3
2016-04-14;7;2016-04-14 07:00:00;32,03;27,3;4,73;39237;1328;45390;2646;2052;1400;3452;3974;-594;72;-522;-0,15121668597914253;-0,2894736842105263;0,05142857142857143;0,14767405557290042;1;3
2016-04-14;8;2016-04-14 08:00:00;37,28;33,2;4,079999999999998;39237;4244;45390;2224;1916;4366;6282;6468;-308;122;-186;-0,029608404966571154;-0,16075156576200417;0,027943197434722858;0,10944206008583686;1;3
2016-04-14;9;2016-04-14 09:00:00;34,59;31,95;2,6400000000000037;39237;8140;45390;1936;1796;8073;9869;10076;-140;-67;-207;-0,020974769480190496;-0,0779510022271715;-0,008299269168834385;0,07632263660017356;1;3
2016-04-14;10;2016-04-14 10:00:00;30,91;26,15;4,760000000000002;39237;11562;45390;1729;1765;11730;13495;13291;36;168;204;0,015116709892552798;0,020396600566572238;0,01432225063938619;0,15399547072144942;1;3
2016-04-14;11;2016-04-14 11:00:00;28,08;26,55;1,5299999999999976;39237;14512;45390;1740;1812;14696;16508;16252;72;184;256;0,015507632662951297;0,039735099337748346;0,012520413718018509;0,054487179487179405;1;3
2016-04-14;12;2016-04-14 12:00:00;26,4;24,74;1,66;39237;15829;45390;1908;1906;16713;18619;17737;-2;884;882;0,04737096514313336;-0,001049317943336831;0,052892957577933344;0,06287878787878788;1;3
2016-04-14;13;2016-04-14 13:00:00;25,05;23,96;1,09;39237;15970;45390;2195;1995;17317;19312;18165;-200;1347;1147;0,059393123446561724;-0,10025062656641603;0,07778483571057343;0,04351297405189621;1;3
2016-04-14;14;2016-04-14 14:00:00;23,83;23,23;0,5999999999999979;39237;15214;45390;2370;2136;16668;18804;17584;-234;1454;1220;0,064879812805786;-0,10955056179775281;0,08723302135829133;0,025178346621905073;1;3
2016-04-14;15;2016-04-14 15:00:00;23,44;23,35;0,08999999999999986;39237;13844;45390;2720;2260;14808;17068;16564;-460;964;504;0,029528943051324117;-0,20353982300884957;0,06509994597514857;0,0038395904436860006;1;3
2016-04-14;16;2016-04-14 16:00:00;23,22;23,91;-0,6900000000000013;39237;11494;45390;2777;2258;11827;14085;14271;-519;333;-186;-0,013205537806176783;-0,22984942426926483;0,02815591443307686;-0,029715762273901866;1;3
2016-04-14;17;2016-04-14 17:00:00;24,2;24,82;-0,620000000000001;39237;8006;45390;2359;2021;7932;9953;10365;-338;-74;-412;-0,04139455440570682;-0,16724393864423553;-0,009329299041855773;-0,025619834710743843;1;3
2016-04-14;18;2016-04-14 18:00:00;27,25;27,27;-0,01999999999999957;39237;4190;45390;1702;1576;3742;5318;5892;-126;-448;-574;-0,10793531402783;-0,0799492385786802;-0,11972207375734902;-0,0007339449541284246;1;3
2016-04-14;19;2016-04-14 19:00:00;32,51;29,5;3,009999999999998;39237;1022;45390;1047;1207;841;2048;2069;160;-181;-21;-0,01025390625;0,13256006628003314;-0,21521997621878716;0,09258689633958776;1;3
2016-04-14;20;2016-04-14 20:00:00;31,98;31,73;0,25;39237;29;45390;894;1171;29;1200;923;277;0;277;0,23083333333333333;0,23654995730145176;0,0;0,007817385866166354;1;3
2016-04-14;21;2016-04-14 21:00:00;31,53;31,0;0,5300000000000011;39237;0;45390;1080;1526;0;1526;1080;446;0;446;0,29226736566186107;0,29226736566186107;;0,016809387884554428;1;3
2016-04-14;22;2016-04-14 22:00:00;28,33;27,89;0,4399999999999977;39237;0;45390;1759;2131;0;2131;1759;372;0;372;0,17456593148756452;0,17456593148756452;;0,015531238969290425;1;3
2016-04-14;23;2016-04-14 23:00:00;23,9;26,54;-2,640000000000001;39237;0;45390;2897;2889;0;2889;2897;-8;0;-8;-0,0027691242644513675;-0,0027691242644513675;;-0,11046025104602515;1;3
2016-04-15;0;2016-04-15 00:00:00;22,1;21,82;0,28000000000000114;39239;0;45400;3902;3652;0;3652;3902;-250;0;-250;-0,06845564074479737;-0,06845564074479737;;0,012669683257918602;1;4
2016-04-15;1;2016-04-15 01:00:00;21,31;20,93;0,37999999999999895;39239;0;45400;4786;4625;0;4625;4786;-161;0;-161;-0,03481081081081081;-0,03481081081081081;;0,017832003754106006;1;4
2016-04-15;2;2016-04-15 02:00:00;20,45;20,9;-0,4499999999999993;39239;0;45400;5840;5359;0;5359;5840;-481;0;-481;-0,08975555140884493;-0,08975555140884493;;-0,02200488997555009;1;4
2016-04-15;3;2016-04-15 03:00:00;20,14;21,2;-1,0599999999999987;39239;0;45400;6156;5704;0;5704;6156;-452;0;-452;-0,07924263674614306;-0,07924263674614306;;-0,052631578947368356;1;4
2016-04-15;4;2016-04-15 04:00:00;20,34;21,52;-1,1799999999999995;39239;0;45400;6859;5968;0;5968;6859;-891;0;-891;-0,14929624664879357;-0,14929624664879357;;-0,05801376597836772;1;4
2016-04-15;5;2016-04-15 05:00:00;21,08;21,81;-0,7300000000000004;39239;0;45400;7400;6364;0;6364;7400;-1036;0;-1036;-0,16279069767441862;-0,16279069767441862;;-0,03462998102466795;1;4
2016-04-15;6;2016-04-15 06:00:00;25,0;24,66;0,33999999999999986;39239;115;45400;7809;6897;128;7025;7924;-912;13;-899;-0,12797153024911032;-0,1322314049586777;0,1015625;0,013599999999999994;1;4
2016-04-15;7;2016-04-15 07:00:00;31,69;30,55;1,1400000000000006;39239;1166;45400;8326;7336;1131;8467;9492;-990;-35;-1025;-0,12105822605409236;-0,13495092693565977;-0,03094606542882405;0,03597349321552542;1;4
2016-04-15;8;2016-04-15 08:00:00;34,7;32,17;2,5300000000000007;39239;2472;45400;8350;7278;2894;10172;10822;-1072;422;-650;-0,06390090444357059;-0,14729321242099477;0,14581893572909468;0,07291066282420751;1;4
2016-04-15;9;2016-04-15 09:00:00;33,02;33,09;-0,07000000000000027;39239;4175;45400;7575;7107;4731;11838;11750;-468;556;88;0,007433688122993749;-0,06585056986070072;0,11752272246882266;-0,0021199273167777184;1;4
2016-04-15;10;2016-04-15 10:00:00;30,98;33,6;-2,620000000000001;39239;5790;45400;8081;7450;6385;13835;13871;-631;595;-36;-0,0026020961329960247;-0,08469798657718121;0,09318715740015662;-0,0845706907682376;1;4
2016-04-15;11;2016-04-15 11:00:00;29,94;31,55;-1,6099999999999994;39239;7260;45400;9369;8028;7770;15798;16629;-1341;510;-831;-0,05260159513862514;-0,16704035874439463;0,06563706563706563;-0,05377421509686037;1;4
2016-04-15;12;2016-04-15 12:00:00;28,0;29,88;-1,879999999999999;39239;8324;45400;10960;8903;8893;17796;19284;-2057;569;-1488;-0,08361429534726905;-0,23104571492755252;0,0639829079050939;-0,0671428571428571;1;4
2016-04-15;13;2016-04-15 13:00:00;23,82;25,53;-1,7100000000000009;39239;8695;45400;11984;9873;9606;19479;20679;-2111;911;-1200;-0,061604805174803635;-0,2138154562949458;0,09483656048303143;-0,07178841309823682;1;4
2016-04-15;14;2016-04-15 14:00:00;22,81;23,04;-0,23000000000000045;39239;9652;45400;12452;10283;9758;20041;22104;-2169;106;-2063;-0,10293897510104286;-0,2109306622580959;0,010862881738061079;-0,010083296799649297;1;4
2016-04-15;15;2016-04-15 15:00:00;21,36;21,41;-0,05000000000000071;39239;10053;45400;13170;10428;9084;19512;23223;-2742;-969;-3711;-0,19019065190651907;-0,262945914844649;-0,10667107001321004;-0,0023408239700374867;1;4
2016-04-15;16;2016-04-15 16:00:00;21,32;19,74;1,5800000000000018;39239;8799;45400;13069;10623;7612;18235;21868;-2446;-1187;-3633;-0,19923224568138195;-0,23025510684364114;-0,15593799264319497;0,07410881801125713;1;4
2016-04-15;17;2016-04-15 17:00:00;22,51;20,4;2,1100000000000034;39239;6387;45400;12595;10151;5412;15563;18982;-2444;-975;-3419;-0,2196877208764377;-0,24076445670377303;-0,1801552106430155;0,0937361172812085;1;4
2016-04-15;18;2016-04-15 18:00:00;23,94;21,73;2,210000000000001;39239;3517;45400;10518;8831;2795;11626;14035;-1687;-722;-2409;-0,20720798210906588;-0,19103159325104746;-0,25831842576028624;0,09231411862990814;1;4
2016-04-15;19;2016-04-15 19:00:00;26,34;24,05;2,289999999999999;39239;868;45400;8132;7495;681;8176;9000;-637;-187;-824;-0,10078277886497064;-0,08498999332888592;-0,2745961820851689;0,08694001518602883;1;4
2016-04-15;20;2016-04-15 20:00:00;28,08;25,56;2,52;39239;28;45400;7010;7285;27;7312;7038;275;-1;274;0,037472647702407005;0,03774879890185312;-0,037037037037037035;0,08974358974358974;1;4
2016-04-15;21;2016-04-15 21:00:00;27,08;24,75;2,3299999999999983;39239;0;45400;6864;7622;0;7622;6864;758;0;758;0,09944896352663343;0,09944896352663343;;0,08604135893648443;1;4
2016-04-15;22;2016-04-15 22:00:00;25,0;23,36;1,6400000000000006;39239;0;45400;7356;8036;0;8036;7356;680;0;680;0,08461921353907417;0,08461921353907417;;0,06560000000000002;1;4
2016-04-15;23;2016-04-15 23:00:00;24,69;22,62;2,0700000000000003;39239;0;45400;8070;8461;0;8461;8070;391;0;391;0,046212031674742936;0,046212031674742936;;0,08383961117861483;1;4
2016-04-16;0;2016-04-16 00:00:00;21,3;22,73;-1,4299999999999995;39239;0;45406;8993;9616;0;9616;8993;623;0;623;0,06478785357737105;0,06478785357737105;;-0,06713615023474176;1;5
2016-04-16;1;2016-04-16 01:00:00;19,7;18,61;1,09;39239;0;45406;9532;10115;0;10115;9532;583;0;583;0,057637172516065246;0,057637172516065246;;0,05532994923857869;1;5
2016-04-16;2;2016-04-16 02:00:00;19,24;17,36;1,879999999999999;39239;0;45406;10307;10452;0;10452;10307;145;0;145;0,01387294297742059;0,01387294297742059;;0,09771309771309766;1;5
2016-04-16;3;2016-04-16 03:00:00;18,28;16,89;1,3900000000000006;39239;0;45406;10914;10859;0;10859;10914;-55;0;-55;-0,0050649231052583114;-0,0050649231052583114;;0,07603938730853395;1;5
2016-04-16;4;2016-04-16 04:00:00;17,19;16,68;0,5100000000000016;39239;0;45406;11369;11388;0;11388;11369;19;0;19;0,0016684229012996136;0,0016684229012996136;;0,029668411867364835;1;5
2016-04-16;5;2016-04-16 05:00:00;18,76;17,99;0,7700000000000031;39239;0;45406;12050;11949;0;11949;12050;-101;0;-101;-0,008452590174910034;-0,008452590174910034;;0,041044776119403145;1;5
2016-04-16;6;2016-04-16 06:00:00;19,46;19,39;0,07000000000000027;39239;137;45406;12361;12440;149;12589;12498;79;12;91;0,007228532846135515;0,00635048231511254;0,08053691275167785;0,003597122302158287;1;5
2016-04-16;7;2016-04-16 07:00:00;19,54;20,05;-0,5100000000000016;39239;1490;45406;13022;12830;1374;14204;14512;-192;-116;-308;-0,021684032666854407;-0,014964925954793453;-0,08442503639010189;-0,02610030706243611;1;5
2016-04-16;8;2016-04-16 08:00:00;21,14;18,35;2,7899999999999987;39239;3837;45406;13250;13473;3609;17082;17087;223;-228;-5;-0,000292705772157827;0,016551621762042605;-0,06317539484621779;0,1319772942289498;1;5
2016-04-16;9;2016-04-16 09:00:00;21,64;20,14;1,5;39239;6050;45406;13778;14774;6030;20804;19828;996;-20;976;0,04691405498942511;0,06741573033707865;-0,003316749585406302;0,06931608133086876;1;5
2016-04-16;10;2016-04-16 10:00:00;19,8;19,4;0,4000000000000021;39239;7349;45406;15563;16457;8118;24575;22912;894;769;1663;0,0676703967446592;0,05432338822385611;0,09472776545947277;0,020202020202020308;1;5
2016-04-16;11;2016-04-16 11:00:00;19,06;19,44;-0,38000000000000256;39239;8418;45406;17645;17833;9695;27528;26063;188;1277;1465;0,05321854112176693;0,010542253126226659;0,13171738009283135;-0,019937040923399926;1;5
2016-04-16;12;2016-04-16 12:00:00;18,05;17,83;0,2200000000000024;39239;9613;45406;18536;18613;10768;29381;28149;77;1155;1232;0,04193186072631973;0,004136893569010906;0,10726225854383357;0,012188365650969661;1;5
2016-04-16;13;2016-04-16 13:00:00;14,06;15,9;-1,84;39239;10990;45406;19050;19160;11370;30530;30040;110;380;490;0,01604978709466099;0,005741127348643006;0,03342128408091469;-0,13086770981507823;1;5
2016-04-16;14;2016-04-16 14:00:00;13,77;13,29;0,4800000000000004;39239;12542;45406;18902;19317;11370;30687;31444;415;-1172;-757;-0,024668426369472415;0,02148366723611327;-0,1030782761653474;0,0348583877995643;1;5
2016-04-16;15;2016-04-16 15:00:00;13,19;6,05;7,14;39239;12438;45406;19016;18343;10479;28822;31454;-673;-1959;-2632;-0,09131913121920755;-0,036689745406967234;-0,18694531920984828;0,5413191811978771;1;5
2016-04-16;16;2016-04-16 16:00:00;12,69;0,23;12,46;39239;10148;45406;18462;16923;8598;25521;28610;-1539;-1550;-3089;-0,12103757689745699;-0,09094132246055664;-0,18027448243777622;0,9818754925137905;1;5
2016-04-16;17;2016-04-16 17:00:00;14,08;8,84;5,24;39239;6972;45406;17369;15295;5993;21288;24341;-2074;-979;-3053;-0,1434141300263059;-0,1355998692383132;-0,16335725012514601;0,37215909090909094;1;5
2016-04-16;18;2016-04-16 18:00:00;17,69;16,72;0,9700000000000024;39239;3380;45406;15100;13367;3026;16393;18480;-1733;-354;-2087;-0,1273104373818093;-0,12964763970973292;-0,11698612029081296;0,05483323911814598;1;5
2016-04-16;19;2016-04-16 19:00:00;22,05;21,31;0,7400000000000021;39239;734;45406;12470;11490;755;12245;13204;-980;21;-959;-0,07831768068599429;-0,08529155787641428;0,02781456953642384;0,03356009070294794;1;5
2016-04-16;20;2016-04-16 20:00:00;23,7;25,88;-2,18;39239;24;45406;11001;10284;32;10316;11025;-717;8;-709;-0,06872818922062815;-0,06971995332555427;0,25;-0,09198312236286921;1;5
2016-04-16;21;2016-04-16 21:00:00;24,31;24,12;0,18999999999999773;39239;0;45406;9689;9703;0;9703;9689;14;0;14;0,001442852725961043;0,001442852725961043;;0,007815713698066546;1;5
2016-04-16;22;2016-04-16 22:00:00;23,94;25,15;-1,2099999999999973;39239;0;45406;8936;9217;0;9217;8936;281;0;281;0,030487143322122167;0,030487143322122167;;-0,05054302422723464;1;5
2016-04-16;23;2016-04-16 23:00:00;20,83;21,71;-0,8800000000000026;39239;0;45406;8597;8839;0;8839;8597;242;0;242;0,02737866274465437;0,02737866274465437;;-0,04224675948151717;1;5
2016-04-17;0;2016-04-17 00:00:00;19,33;16,63;2,6999999999999997;39239;0;45406;7414;7530;0;7530;7414;116;0;116;0,015405046480743692;0,015405046480743692;;0,1396792550439731;1;6
2016-04-17;1;2016-04-17 01:00:00;17,74;15,04;2,6999999999999997;39239;0;45406;6939;7071;0;7071;6939;132;0;132;0,018667798048366567;0,018667798048366567;;0,15219842164599776;1;6
2016-04-17;2;2016-04-17 02:00:00;15,85;12,48;3,3699999999999988;39239;0;45406;7022;6709;0;6709;7022;-313;0;-313;-0,04665374869578179;-0,04665374869578179;;0,2126182965299684;1;6
2016-04-17;3;2016-04-17 03:00:00;15,13;8,16;6,9700000000000015;39239;0;45406;7547;6458;0;6458;7547;-1089;0;-1089;-0,16862805822235985;-0,16862805822235985;;0,46067415730337086;1;6
2016-04-17;4;2016-04-17 04:00:00;15,15;10,17;4,98;39239;0;45406;7488;6242;0;6242;7488;-1246;0;-1246;-0,19961550785004806;-0,19961550785004806;;0,3287128712871287;1;6
2016-04-17;5;2016-04-17 05:00:00;14,57;9,17;5,4;39239;0;45406;7066;6122;0;6122;7066;-944;0;-944;-0,15419797451813133;-0,15419797451813133;;0,37062457103637614;1;6
2016-04-17;6;2016-04-17 06:00:00;14,82;10,73;4,09;39239;109;45406;6898;6166;132;6298;7007;-732;23;-709;-0,11257542076849794;-0,11871553681479079;0,17424242424242425;0,2759784075573549;1;6
2016-04-17;7;2016-04-17 07:00:00;14,57;10,93;3,640000000000001;39239;999;45406;6265;6359;1116;7475;7264;94;117;211;0,02822742474916388;0,014782198458877183;0,10483870967741936;0,2498284145504462;1;6
2016-04-17;8;2016-04-17 08:00:00;16,48;14,49;1,99;39239;2805;45406;6260;6734;3177;9911;9065;474;372;846;0,08535970134194329;0,07038907038907039;0,11709159584513693;0,12075242718446602;1;6
2016-04-17;9;2016-04-17 09:00:00;18,69;14,8;3,890000000000001;39239;5182;45406;6843;7376;5669;13045;12025;533;487;1020;0,07819087773093139;0,07226138828633405;0,08590580349267948;0,20813269127875875;1;6
2016-04-17;10;2016-04-17 10:00:00;18,69;12,57;6,120000000000001;39239;7712;45406;7410;8074;8046;16120;15122;664;334;998;0,06191066997518611;0,08223928659895963;0,04151130996768581;0,3274478330658106;1;6
2016-04-17;11;2016-04-17 11:00:00;18,94;14,33;4,610000000000001;39239;9659;45406;7873;8738;9976;18714;17532;865;317;1182;0,0631612696377044;0,09899290455481803;0,03177626303127506;0,24340021119324187;1;6
2016-04-17;12;2016-04-17 12:00:00;18,16;15,49;2,67;39239;10904;45406;8695;9413;11328;20741;19599;718;424;1142;0,05506002603538884;0,07627748857962392;0,03742937853107345;0,14702643171806168;1;6
2016-04-17;13;2016-04-17 13:00:00;16,16;9,27;6,8900000000000015;39239;11440;45406;9646;10041;11773;21814;21086;395;333;728;0,033373063170441;0,03933871128373668;0,028285059033381466;0,42636138613861396;1;6
2016-04-17;14;2016-04-17 14:00:00;13,82;7,59;6,23;39239;11184;45406;10118;10521;11447;21968;21302;403;263;666;0,030316824471959214;0,03830434369356525;0,02297545208351533;0,45079594790159194;1;6
2016-04-17;15;2016-04-17 15:00:00;12,52;8,87;3,65;39239;10309;45406;10352;10921;10330;21251;20661;569;21;590;0,027763399369441437;0,052101455910630895;0,002032913843175218;0,2915335463258786;1;6
2016-04-17;16;2016-04-17 16:00:00;13,52;12,52;1,0;39239;8109;45406;10134;11140;8451;19591;18243;1006;342;1348;0,06880710530345567;0,09030520646319569;0,04046858359957402;0,07396449704142012;1;6
2016-04-17;17;2016-04-17 17:00:00;16,16;18,94;-2,780000000000001;39239;5383;45406;9997;10918;5867;16785;15380;921;484;1405;0,08370568960381293;0,08435610917750504;0,08249531276632009;-0,1720297029702971;1;6
2016-04-17;18;2016-04-17 18:00:00;19,35;24,39;-5,039999999999999;39239;2669;45406;9236;10218;2989;13207;11905;982;320;1302;0,09858408419777391;0,09610491289880603;0,10705921712947473;-0,2604651162790697;1;6
2016-04-17;19;2016-04-17 19:00:00;21,19;26,22;-5,0299999999999985;39239;808;45406;7928;9359;797;10156;8736;1431;-11;1420;0,1398188263095707;0,15290095095629874;-0,013801756587202008;-0,23737612081170353;1;6
2016-04-17;20;2016-04-17 20:00:00;26,4;27,63;-1,2300000000000004;39239;44;45406;7062;8712;40;8752;7106;1650;-4;1646;0,18807129798903108;0,1893939393939394;-0,1;-0,046590909090909106;1;6
2016-04-17;21;2016-04-17 21:00:00;29,65;28,52;1,129999999999999;39239;0;45406;6975;8701;0;8701;6975;1726;0;1726;0,19836800367773819;0,19836800367773819;;0,038111298482293395;1;6
2016-04-17;22;2016-04-17 22:00:00;30,16;28,96;1,1999999999999993;39239;0;45406;7285;8930;0;8930;7285;1645;0;1645;0,18421052631578946;0,18421052631578946;;0,03978779840848804;1;6
2016-04-17;23;2016-04-17 23:00:00;27,25;23,8;3,4499999999999997;39239;0;45406;7547;9119;0;9119;7547;1572;0;1572;0,17238732317140038;0,17238732317140038;;0,12660550458715594;1;6
2016-04-18;0;2016-04-18 00:00:00;20,92;19,73;1,1900000000000013;39243;0;45406;7570;7639;0;7639;7570;69;0;69;0,009032595889514335;0,009032595889514335;;0,056883365200764875;1;0
2016-04-18;1;2016-04-18 01:00:00;20,9;18,8;2,099999999999998;39243;0;45406;7349;7755;0;7755;7349;406;0;406;0,052353320438426824;0,052353320438426824;;0,10047846889952143;1;0
2016-04-18;2;2016-04-18 02:00:00;19,7;19,35;0,3499999999999979;39243;0;45406;7270;7854;0;7854;7270;584;0;584;0,07435701553348611;0,07435701553348611;;0,017766497461928828;1;0
2016-04-18;3;2016-04-18 03:00:00;18,9;19,58;-0,6799999999999997;39243;0;45406;7263;8006;0;8006;7263;743;0;743;0,09280539595303522;0,09280539595303522;;-0,035978835978835964;1;0
2016-04-18;4;2016-04-18 04:00:00;19,0;20,14;-1,1400000000000006;39243;0;45406;7608;8154;0;8154;7608;546;0;546;0,06696100073583518;0,06696100073583518;;-0,06000000000000003;1;0
2016-04-18;5;2016-04-18 05:00:00;20,6;20,93;-0,3299999999999983;39243;0;45406;7885;8253;0;8253;7885;368;0;368;0,04458984611656367;0,04458984611656367;;-0,016019417475728073;1;0
2016-04-18;6;2016-04-18 06:00:00;30,0;34,35;-4,350000000000001;39243;219;45406;8223;8367;293;8660;8442;144;74;218;0,025173210161662816;0,017210469702402295;0,2525597269624573;-0,14500000000000005;1;0
2016-04-18;7;2016-04-18 07:00:00;37,06;45,72;-8,659999999999998;39243;2118;45406;7867;8379;2540;10919;9985;512;422;934;0,08553896877003389;0,06110514381191073;0,16614173228346457;-0,2336751214247166;1;0
2016-04-18;8;2016-04-18 08:00:00;38,79;47,95;-9,160000000000004;39243;5834;45406;7034;8622;7004;15626;12868;1588;1170;2758;0,17650070395494688;0,18418000463929482;0,1670474014848658;-0,23614333591131745;1;0
2016-04-18;9;2016-04-18 09:00:00;29,27;37,69;-8,419999999999998;39243;10307;45406;7734;9464;11907;21371;18041;1730;1600;3330;0,1558186327265921;0,18279797125950972;0,13437473754934073;-0,2876665527844208;1;0
2016-04-18;10;2016-04-18 10:00:00;24,09;30,22;-6,129999999999999;39243;13908;45406;9294;10633;15358;25991;23202;1339;1450;2789;0,10730637528375207;0,12592871249882442;0,09441333506967053;-0,2544624325446243;1;0
2016-04-18;11;2016-04-18 11:00:00;23,28;28,83;-5,549999999999998;39243;15286;45406;10165;11831;17097;28928;25451;1666;1811;3477;0,1201949668141593;0,14081649902797735;0,10592501608469322;-0,23840206185567;1;0
2016-04-18;12;2016-04-18 12:00:00;21,14;25,48;-4,34;39243;15442;45406;10846;13040;17622;30662;26288;2194;2180;4374;0,14265214271737003;0,1682515337423313;0,12370900011349449;-0,2052980132450331;1;0
2016-04-18;13;2016-04-18 13:00:00;20,7;23,34;-2,640000000000001;39243;14662;45406;11732;14252;17021;31273;26394;2520;2359;4879;0,15601317430371248;0,17681728880157171;0,13859350214440985;-0,12753623188405802;1;0
2016-04-18;14;2016-04-18 14:00:00;20,65;24,63;-3,98;39243;12970;45406;12682;15336;15466;30802;25652;2654;2496;5150;0,1671969352639439;0,173056859676578;0,16138626664942454;-0,1927360774818402;1;0
2016-04-18;15;2016-04-18 15:00:00;20,49;23,23;-2,740000000000002;39243;10731;45406;13560;16026;13088;29114;24291;2466;2357;4823;0,16565913306313115;0,1538749532010483;0,18008863080684598;-0,13372376769155697;1;0
2016-04-18;16;2016-04-18 16:00:00;20,31;22,44;-2,1300000000000026;39243;8604;45406;14176;16534;10298;26832;22780;2358;1694;4052;0,15101371496720334;0,1426152171283416;0,16449796076908138;-0,10487444608567222;1;0
2016-04-18;17;2016-04-18 17:00:00;20,94;24,34;-3,3999999999999986;39243;5826;45406;13998;16454;7015;23469;19824;2456;1189;3645;0,15531126166432316;0,14926461650662454;0,16949394155381325;-0,1623686723973256;1;0
2016-04-18;18;2016-04-18 18:00:00;23,19;27,82;-4,629999999999999;39243;2940;45406;13532;15704;3530;19234;16472;2172;590;2762;0,14359987522096287;0,1383087111563933;0,1671388101983003;-0,1996550237171194;1;0
2016-04-18;19;2016-04-18 19:00:00;25,62;30,56;-4,939999999999999;39243;810;45406;12485;14823;928;15751;13295;2338;118;2456;0,15592660783442322;0,15772785535991365;0,1271551724137931;-0,19281811085089767;1;0
2016-04-18;20;2016-04-18 20:00:00;27,92;30,98;-3,0599999999999987;39243;34;45406;11688;14241;44;14285;11722;2553;10;2563;0,17941897094854742;0,17927111860122183;0,22727272727272727;-0,10959885386819479;1;0
2016-04-18;21;2016-04-18 21:00:00;29,03;30,34;-1,3099999999999987;39243;0;45406;11602;13973;0;13973;11602;2371;0;2371;0,16968439132612897;0,16968439132612897;;-0,04512573200137784;1;0
2016-04-18;22;2016-04-18 22:00:00;22,55;27,7;-5,149999999999999;39243;0;45406;11608;14031;0;14031;11608;2423;0;2423;0,17268904568455562;0,17268904568455562;;-0,22838137472283807;1;0
2016-04-18;23;2016-04-18 23:00:00;19,31;25,3;-5,990000000000002;39243;0;45406;11959;14234;0;14234;11959;2275;0;2275;0,15982857945763665;0,15982857945763665;;-0,31020196789228394;1;0
2016-04-19;0;2016-04-19 00:00:00;19,32;22,62;-3,3000000000000007;39245;0;45412;12257;13205;0;13205;12257;948;0;948;0,07179098826202196;0,07179098826202196;;-0,1708074534161491;1;1
2016-04-19;1;2016-04-19 01:00:00;18,69;23,65;-4,959999999999997;39245;0;45412;12291;13496;0;13496;12291;1205;0;1205;0,08928571428571429;0,08928571428571429;;-0,2653825575173888;1;1
2016-04-19;2;2016-04-19 02:00:00;18,04;22,59;-4,550000000000002;39245;0;45412;12658;13627;0;13627;12658;969;0;969;0,07110882806193586;0,07110882806193586;;-0,2522172949002218;1;1
2016-04-19;3;2016-04-19 03:00:00;17,49;20,43;-2,9400000000000013;39245;0;45412;12779;13747;0;13747;12779;968;0;968;0,07041536335200407;0,07041536335200407;;-0,16809605488850782;1;1
2016-04-19;4;2016-04-19 04:00:00;18,44;19,55;-1,1099999999999994;39245;0;45412;12776;13862;0;13862;12776;1086;0;1086;0,07834367335160872;0,07834367335160872;;-0,060195227765726646;1;1
2016-04-19;5;2016-04-19 05:00:00;19,8;25,14;-5,34;39245;0;45412;12980;13899;0;13899;12980;919;0;919;0,0661198647384704;0,0661198647384704;;-0,26969696969696966;1;1
2016-04-19;6;2016-04-19 06:00:00;26,93;32,96;-6,030000000000001;39245;277;45412;13278;13899;294;14193;13555;621;17;638;0,044951736771647995;0,044679473343406;0,05782312925170068;-0,22391385072409956;1;1
2016-04-19;7;2016-04-19 07:00:00;29,99;35,8;-5,809999999999999;39245;2368;45412;13286;13928;2470;16398;15654;642;102;744;0,045371386754482254;0,046094198736358415;0,04129554655870445;-0,19373124374791595;1;1
2016-04-19;8;2016-04-19 08:00:00;29,68;35,45;-5,770000000000002;39245;6116;45412;14017;14471;6554;21025;20133;454;438;892;0,042425683709869204;0,03137309100960542;0,06682941714983216;-0,19440700808625344;1;1
2016-04-19;9;2016-04-19 09:00:00;21,96;29,06;-7,099999999999998;39245;10970;45412;15535;15916;11181;27097;26505;381;211;592;0,02184743698564417;0,02393817542096004;0,018871299525981575;-0,3233151183970855;1;1
2016-04-19;10;2016-04-19 10:00:00;20,94;25,25;-4,309999999999999;39245;15291;45412;17316;17345;14886;32231;32607;29;-405;-376;-0,01166578759579287;0,0016719515710579417;-0,02720677146311971;-0,20582617000955103;1;1
2016-04-19;11;2016-04-19 11:00:00;20,42;23,18;-2,759999999999998;39245;16087;45412;18830;18554;17073;35627;34917;-276;986;710;0,01992870575686979;-0,014875498544788186;0,057752006091489484;-0,13516160626836424;1;1
2016-04-19;12;2016-04-19 12:00:00;17,79;21,02;-3,2300000000000004;39245;15199;45412;19577;19483;17918;37401;34776;-94;2719;2625;0,07018528916339135;-0,004824718985782477;0,15174684674628866;-0,18156267566048345;1;1
2016-04-19;13;2016-04-19 13:00:00;15,62;23,02;-7,4;39245;14345;45412;20182;20281;17701;37982;34527;99;3356;3455;0,09096414090885156;0,004881416103742419;0,18959380825942038;-0,4737516005121639;1;1
2016-04-19;14;2016-04-19 14:00:00;13,6;22,04;-8,44;39245;13287;45412;20267;21017;16511;37528;33554;750;3224;3974;0,10589426561500746;0,035685397535328546;0,19526376355157168;-0,6205882352941177;1;1
2016-04-19;15;2016-04-19 15:00:00;13,68;19,8;-6,120000000000001;39245;11872;45412;21291;21471;14454;35925;33163;180;2582;2762;0,07688239387613083;0,008383400866284757;0,17863567178635673;-0,44736842105263164;1;1
2016-04-19;16;2016-04-19 16:00:00;15,02;21,09;-6,07;39245;9998;45412;21624;21699;11768;33467;31622;75;1770;1845;0,055128932978755193;0,003456380478363058;0,15040788579197825;-0,4041278295605859;1;1
2016-04-19;17;2016-04-19 17:00:00;19,24;21,99;-2,75;39245;6907;45412;21404;21434;8155;29589;28311;30;1248;1278;0,04319172665517591;0,0013996454231594662;0,1530349478847333;-0,14293139293139295;1;1
2016-04-19;18;2016-04-19 18:00:00;20,76;25,05;-4,289999999999999;39245;3703;45412;20635;20409;4143;24552;24338;-226;440;214;0,008716194200065168;-0,01107354598461463;0,10620323437122858;-0,20664739884393057;1;1
2016-04-19;19;2016-04-19 19:00:00;23,99;27,21;-3,2200000000000024;39245;1086;45412;19258;18876;1123;19999;20344;-382;37;-345;-0,017250862543127157;-0,020237338419156602;0,03294746215494212;-0,134222592746978;1;1
2016-04-19;20;2016-04-19 20:00:00;25,95;27,65;-1,6999999999999993;39245;56;45412;17322;17460;60;17520;17378;138;4;142;0,008105022831050229;0,007903780068728522;0,06666666666666667;-0,06551059730250479;1;1
2016-04-19;21;2016-04-19 21:00:00;24,87;28,14;-3,27;39245;0;45412;16079;16460;0;16460;16079;381;0;381;0,023147023086269744;0,023147023086269744;;-0,13148371531966224;1;1
2016-04-19;22;2016-04-19 22:00:00;21,42;26,99;-5,569999999999998;39245;0;45412;14856;15673;0;15673;14856;817;0;817;0,05212786320423658;0,05212786320423658;;-0,26003734827264224;1;1
2016-04-19;23;2016-04-19 23:00:00;19,33;21,65;-2,3200000000000003;39245;0;45412;14013;14972;0;14972;14013;959;0;959;0,06405289874432274;0,06405289874432274;;-0,1200206932229695;1;1
2016-04-20;0;2016-04-20 00:00:00;19,14;24,75;-5,6099999999999985;39249;0;45417;13134;14360;0;14360;13134;1226;0;1226;0,08537604456824513;0,08537604456824513;;-0,293103448275862;1;2
2016-04-20;1;2016-04-20 01:00:00;18,85;24,65;-5,799999999999998;39249;0;45417;12668;13684;0;13684;12668;1016;0;1016;0,07424729611224788;0,07424729611224788;;-0,30769230769230754;1;2
2016-04-20;2;2016-04-20 02:00:00;16,5;21,23;-4,73;39249;0;45417;12138;13027;0;13027;12138;889;0;889;0,06824288017195057;0,06824288017195057;;-0,2866666666666667;1;2
2016-04-20;3;2016-04-20 03:00:00;17,49;19,72;-2,2300000000000004;39249;0;45417;11529;12468;0;12468;11529;939;0;939;0,07531280076997113;0,07531280076997113;;-0,12750142938822187;1;2
2016-04-20;4;2016-04-20 04:00:00;18,63;20,61;-1,9800000000000004;39249;0;45417;10868;11985;0;11985;10868;1117;0;1117;0,09319983312473926;0,09319983312473926;;-0,106280193236715;1;2
2016-04-20;5;2016-04-20 05:00:00;20,0;22,74;-2,7399999999999984;39249;1;45417;10233;11528;1;11529;10234;1295;0;1295;0,11232544019429265;0,1123351839000694;0,0;-0,13699999999999993;1;2
2016-04-20;6;2016-04-20 06:00:00;25,76;32,56;-6,800000000000002;39249;361;45417;9613;11056;344;11400;9974;1443;-17;1426;0,1250877192982456;0,13051736613603473;-0,04941860465116279;-0,26397515527950316;1;2
2016-04-20;7;2016-04-20 07:00:00;30,55;35,76;-5,209999999999997;39249;2904;45417;9178;10518;2977;13495;12082;1340;73;1413;0,10470544646165246;0,12740064651074348;0,024521330198186093;-0,17054009819967259;1;2
2016-04-20;8;2016-04-20 08:00:00;31,91;32,7;-0,7900000000000027;39249;7572;45417;9219;9986;8005;17991;16791;767;433;1200;0,06670001667500416;0,07680753054275986;0,05409119300437227;-0,02475712942651215;1;2
2016-04-20;9;2016-04-20 09:00:00;26,44;27,63;-1,1899999999999975;39249;12920;45417;9791;9638;13798;23436;22711;-153;878;725;0,03093531319337771;-0,015874662793110603;0,06363241049427454;-0,04500756429652033;1;2
2016-04-20;10;2016-04-20 10:00:00;23,02;20,23;2,7899999999999987;39249;17164;45417;8954;9151;18816;27967;26118;197;1652;1849;0,06611363392569815;0,02152770189050377;0,08779761904761904;0,12119895742832314;1;2
2016-04-20;11;2016-04-20 11:00:00;22,43;22,64;-0,21000000000000085;39249;20281;45417;7786;8455;22154;30609;28067;669;1873;2542;0,08304746969845471;0,07912477823772915;0,08454455177394601;-0,009362460989745915;1;2
2016-04-20;12;2016-04-20 12:00:00;21,51;21,74;-0,2299999999999969;39249;22810;45417;7000;7762;23794;31556;29810;762;984;1746;0,055330206616808215;0,09817057459417676;0,04135496343616037;-0,010692701069269962;1;2
2016-04-20;13;2016-04-20 13:00:00;20,49;20,12;0,36999999999999744;39249;24216;45417;6477;7208;24298;31506;30693;731;82;813;0,025804608645972196;0,10141509433962265;0,0033747633550086425;0,018057589067837845;1;2
2016-04-20;14;2016-04-20 14:00:00;20,89;19,88;1,0100000000000016;39249;24054;45417;5911;6875;23598;30473;29965;964;-456;508;0,01667049519246546;0,14021818181818183;-0,01932367149758454;0,048348492101484036;1;2
2016-04-20;15;2016-04-20 15:00:00;21,57;18,64;2,93;39249;21897;45417;5777;6577;21189;27766;27674;800;-708;92;0,0033134048836706764;0,12163600425726015;-0,03341356364151211;0,1358368103847937;1;2
2016-04-20;16;2016-04-20 16:00:00;21,59;18,55;3,0399999999999987;39249;17750;45417;5433;6320;17041;23361;23183;887;-709;178;0,007619536834895767;0,14034810126582278;-0,04160553958101051;0,1408059286706808;1;2
2016-04-20;17;2016-04-20 17:00:00;22,89;20,17;2,719999999999999;39249;11995;45417;5574;6058;11405;17463;17569;484;-590;-106;-0,006069976521788925;0,07989435457246616;-0,051731696624287594;0,11882918304936649;1;2
2016-04-20;18;2016-04-20 18:00:00;27,24;26,66;0,5799999999999983;39249;5854;45417;5780;5725;5368;11093;11634;-55;-486;-541;-0,04876949427566934;-0,00960698689956332;-0,0905365126676602;0,021292217327459558;1;2
2016-04-20;19;2016-04-20 19:00:00;31,09;29,16;1,93;39249;1653;45417;5522;5394;1465;6859;7175;-128;-188;-316;-0,04607085580988482;-0,023730070448646643;-0,12832764505119454;0,06207783853329044;1;2
2016-04-20;20;2016-04-20 20:00:00;32,16;30,44;1,7199999999999953;39249;94;45417;5449;5361;84;5445;5543;-88;-10;-98;-0,017998163452708906;-0,01641484797612386;-0,11904761904761904;0,05348258706467648;1;2
2016-04-20;21;2016-04-20 21:00:00;30,66;29,02;1,6400000000000006;39249;0;45417;5986;5508;0;5508;5986;-478;0;-478;-0,08678286129266521;-0,08678286129266521;;0,05348988910632748;1;2
2016-04-20;22;2016-04-20 22:00:00;28,52;27,1;1,4199999999999982;39249;0;45417;6393;5634;0;5634;6393;-759;0;-759;-0,13471778487752928;-0,13471778487752928;;0,04978962131837301;1;2
2016-04-20;23;2016-04-20 23:00:00;24,5;22,11;2,390000000000001;39249;0;45417;6110;5546;0;5546;6110;-564;0;-564;-0,1016949152542373;-0,1016949152542373;;0,09755102040816331;1;2
2016-04-21;0;2016-04-21 00:00:00;22,51;18,0;4,510000000000002;39251;0;45431;5567;5041;0;5041;5567;-526;0;-526;-0,10434437611585003;-0,10434437611585003;;0,20035539760106624;1;3
2016-04-21;1;2016-04-21 01:00:00;20,5;20,5;0,0;39251;0;45431;5129;4796;0;4796;5129;-333;0;-333;-0,06943286071726439;-0,06943286071726439;;0,0;1;3
2016-04-21;2;2016-04-21 02:00:00;19,93;19,86;0,07000000000000027;39251;0;45431;4563;4509;0;4509;4563;-54;0;-54;-0,011976047904191617;-0,011976047904191617;;0,003512293025589577;1;3
2016-04-21;3;2016-04-21 03:00:00;19,58;18,97;0,6099999999999994;39251;0;45431;3924;4287;0;4287;3924;363;0;363;0,08467459762071379;0,08467459762071379;;0,03115423901940753;1;3
2016-04-21;4;2016-04-21 04:00:00;19,84;21,38;-1,5399999999999991;39251;0;45431;3649;4072;0;4072;3649;423;0;423;0,10388015717092337;0,10388015717092337;;-0,07762096774193544;1;3
2016-04-21;5;2016-04-21 05:00:00;21,11;25,46;-4,350000000000001;39251;1;45431;3493;3884;4;3888;3494;391;3;394;0,10133744855967078;0,10066941297631309;0,75;-0,20606347702510666;1;3
2016-04-21;6;2016-04-21 06:00:00;29,1;33,71;-4,6099999999999985;39251;476;45431;3301;3748;488;4236;3777;447;12;459;0,10835694050991501;0,11926360725720384;0,02459016393442623;-0,15841924398625423;1;3
2016-04-21;7;2016-04-21 07:00:00;34,58;38,49;-3,910000000000004;39251;3665;45431;2963;3524;3584;7108;6628;561;-81;480;0,06752954417557681;0,15919409761634506;-0,022600446428571428;-0,11307113938692899;1;3
2016-04-21;8;2016-04-21 08:00:00;35,38;38,41;-3,0299999999999936;39251;9471;45431;2086;3201;9385;12586;11557;1115;-86;1029;0,0817575083426029;0,34832864729771945;-0,009163558870538093;-0,08564160542679461;1;3
2016-04-21;9;2016-04-21 09:00:00;32,92;28,34;4,580000000000002;39251;15526;45431;1786;3196;15700;18896;17312;1410;174;1584;0,0838272650296359;0,4411764705882353;0,011082802547770701;0,13912515188335364;1;3
2016-04-21;10;2016-04-21 10:00:00;28,91;25,19;3,719999999999999;39251;20629;45431;2004;3462;20783;24245;22633;1458;154;1612;0,06648793565683646;0,42114384748700173;0,00740990232401482;0,12867519889311652;1;3
2016-04-21;11;2016-04-21 11:00:00;26,12;24,13;1,990000000000002;39251;24038;45431;2492;3641;23919;27560;26530;1149;-119;1030;0,03737300435413643;0,3155726448777808;-0,004975124378109453;0,07618683001531401;1;3
2016-04-21;12;2016-04-21 12:00:00;23,59;21,67;1,9199999999999984;39251;25594;45431;2855;3692;25317;29009;28449;837;-277;560;0,019304353821227895;0,22670639219934993;-0,0109412647628076;0,08139041966935136;1;3
2016-04-21;13;2016-04-21 13:00:00;23,43;22,0;1,4299999999999995;39251;25764;45431;2964;3730;25381;29111;28728;766;-383;383;0,013156538765415135;0,20536193029490615;-0,0150900279736811;0,06103286384976524;1;3
2016-04-21;14;2016-04-21 14:00:00;23,47;22,32;1,1499999999999986;39251;24594;45431;3029;3842;24042;27884;27623;813;-552;261;0,00936020657007603;0,21160853722019782;-0,02295982031444971;0,04899872177247544;1;3
2016-04-21;15;2016-04-21 15:00:00;23,93;22,8;1,129999999999999;39251;21918;45431;3353;4064;21232;25296;25271;711;-686;25;0,0009882985452245414;0,1749507874015748;-0,032309721175584026;0,04722106142916837;1;3
2016-04-21;16;2016-04-21 16:00:00;23,95;21,64;2,3099999999999987;39251;17638;45431;3552;4352;16796;21148;21190;800;-842;-42;-0,001986003404577265;0,18382352941176472;-0,05013098356751607;0,09645093945720246;1;3
2016-04-21;17;2016-04-21 17:00:00;27,61;25,75;1,8599999999999997;39251;11892;45431;3616;4688;11004;15692;15508;1072;-888;184;0,011725720112159062;0,22866894197952217;-0,0806979280261723;0,06736689605215501;1;3
2016-04-21;18;2016-04-21 18:00:00;30,74;30,11;0,629999999999999;39251;5750;45431;3930;5083;5117;10200;9680;1153;-633;520;0,050980392156862744;0,22683454652764115;-0,12370529607191715;0,020494469746258914;1;3
2016-04-21;19;2016-04-21 19:00:00;32,33;33,58;-1,25;39251;1599;45431;4098;5516;1393;6909;5697;1418;-206;1212;0,17542336083369517;0,257070340826686;-0,14788226848528357;-0,03866377977111043;1;3
2016-04-21;20;2016-04-21 20:00:00;32,34;37,36;-5,019999999999996;39251;92;45431;5082;6110;89;6199;5174;1028;-3;1025;0,16534924987901276;0,16824877250409165;-0,033707865168539325;-0,15522572665429793;1;3
2016-04-21;21;2016-04-21 21:00:00;32,02;32,22;-0,19999999999999574;39251;0;45431;6045;6910;0;6910;6045;865;0;865;0,1251808972503618;0,1251808972503618;;-0,00624609618988119;1;3
2016-04-21;22;2016-04-21 22:00:00;29,19;29,33;-0,13999999999999702;39251;0;45431;7056;7807;0;7807;7056;751;0;751;0,09619572178813884;0,09619572178813884;;-0,004796163069544262;1;3
2016-04-21;23;2016-04-21 23:00:00;25,0;23,78;1,2199999999999989;39251;0;45431;8078;8548;0;8548;8078;470;0;470;0,054983621899859614;0,054983621899859614;;0,048799999999999955;1;3
2016-04-22;0;2016-04-22 00:00:00;21,95;24,75;-2,8000000000000007;39257;0;45443;8686;8620;0;8620;8686;-66;0;-66;-0,00765661252900232;-0,00765661252900232;;-0,12756264236902054;1;4
2016-04-22;1;2016-04-22 01:00:00;20,7;24,42;-3,7200000000000015;39257;0;45443;9274;8899;0;8899;9274;-375;0;-375;-0,04213956624339813;-0,04213956624339813;;-0,1797101449275363;1;4
2016-04-22;2;2016-04-22 02:00:00;19,59;23,35;-3,7600000000000016;39257;0;45443;9432;9124;0;9124;9432;-308;0;-308;-0,033757124068391056;-0,033757124068391056;;-0,19193466054109248;1;4
2016-04-22;3;2016-04-22 03:00:00;19,32;23,54;-4,219999999999999;39257;0;45443;9636;9211;0;9211;9636;-425;0;-425;-0,04614048420366953;-0,04614048420366953;;-0,21842650103519662;1;4
2016-04-22;4;2016-04-22 04:00:00;19,85;22,52;-2,6699999999999977;39257;0;45443;9566;9123;0;9123;9566;-443;0;-443;-0,0485585881837115;-0,0485585881837115;;-0,13450881612090668;1;4
2016-04-22;5;2016-04-22 05:00:00;22,94;29,48;-6,539999999999999;39257;2;45443;9498;8940;4;8944;9500;-558;2;-556;-0,06216457960644007;-0,06241610738255034;0,5;-0,2850915431560592;1;4
2016-04-22;6;2016-04-22 06:00:00;28,0;33,5;-5,5;39257;466;45443;9027;8541;445;8986;9493;-486;-21;-507;-0,05642109948809259;-0,05690200210748156;-0,04719101123595506;-0,19642857142857142;1;4
2016-04-22;7;2016-04-22 07:00:00;33,14;35,11;-1,9699999999999989;39257;3282;45443;7612;7752;3097;10849;10894;140;-185;-45;-0,004147847727901189;0,01805985552115583;-0,05973522763965128;-0,059444779722389825;1;4
2016-04-22;8;2016-04-22 08:00:00;34,61;34,72;-0,10999999999999943;39257;7822;45443;6526;6738;7773;14511;14348;212;-49;163;0,011232857831989525;0,03146334223805283;-0,006303872378746945;-0,0031782721756717547;1;4
2016-04-22;9;2016-04-22 09:00:00;31,59;31,08;0,5100000000000016;39257;12559;45443;6392;5982;12821;18803;18951;-410;262;-148;-0,007871084401425305;-0,06853895018388499;0,020435223461508462;0,01614434947768286;1;4
2016-04-22;10;2016-04-22 10:00:00;28,69;25,98;2,7100000000000013;39257;16783;45443;5214;5537;16918;22455;21997;323;135;458;0,020396348252059673;0,058334838360122813;0,007979666627260906;0,09445799930289303;1;4
2016-04-22;11;2016-04-22 11:00:00;25,22;24,54;0,6799999999999997;39257;19844;45443;4582;5300;19575;24875;24426;718;-269;449;0,018050251256281406;0,13547169811320756;-0,013742017879948915;0,02696272799365582;1;4
2016-04-22;12;2016-04-22 12:00:00;23,98;24,05;-0,07000000000000027;39257;21411;45443;4260;5231;20844;26075;25671;971;-567;404;0,015493767976989453;0,1856241636398394;-0,027202072538860103;-0,00291909924937449;1;4
2016-04-22;13;2016-04-22 13:00:00;22,95;22,52;0,4299999999999997;39257;21565;45443;4251;5232;20703;25935;25816;981;-862;119;0,004588394062078272;0,1875;-0,041636477805149015;0,018736383442265782;1;4
2016-04-22;14;2016-04-22 14:00:00;22,24;22,99;-0,75;39257;20372;45443;4379;5449;19270;24719;24751;1070;-1102;-32;-0,001294550750434888;0,19636630574417324;-0,057187337830825115;-0,03372302158273382;1;4
2016-04-22;15;2016-04-22 15:00:00;22,32;21,31;1,0100000000000016;39257;17921;45443;4419;5867;16606;22473;22340;1448;-1315;133;0,005918212966671116;0,24680415885461054;-0,07918824521257377;0,045250896057347736;1;4
2016-04-22;16;2016-04-22 16:00:00;22,89;22,18;0,7100000000000009;39257;14146;45443;4805;6252;12870;19122;18951;1447;-1276;171;0,008942579228114214;0,231445937300064;-0,09914529914529914;0,031017911751856742;1;4
2016-04-22;17;2016-04-22 17:00:00;24,75;25,14;-0,39000000000000057;39257;9306;45443;5080;6450;8416;14866;14386;1370;-890;480;0,03228844342795641;0,2124031007751938;-0,1057509505703422;-0,01575757575757578;1;4
2016-04-22;18;2016-04-22 18:00:00;28,99;28,05;0,9399999999999976;39257;4650;45443;5273;6550;4091;10641;9923;1277;-559;718;0,06747486138520815;0,1949618320610687;-0,1366414079687118;0,03242497412900992;1;4
2016-04-22;19;2016-04-22 19:00:00;30,93;28,57;2,3599999999999994;39257;1303;45443;5270;6635;1165;7800;6573;1365;-138;1227;0,15730769230769232;0,2057272042200452;-0,1184549356223176;0,07630132557387648;1;4
2016-04-22;20;2016-04-22 20:00:00;30,94;29,49;1,4500000000000028;39257;68;45443;5535;6677;80;6757;5603;1142;12;1154;0,17078585170933847;0,17103489591133741;0,15;0,04686489980607637;1;4
2016-04-22;21;2016-04-22 21:00:00;29,33;28,04;1,2899999999999991;39257;0;45443;5614;6621;0;6621;5614;1007;0;1007;0,1520918290288476;0,1520918290288476;;0,04398227071258095;1;4
2016-04-22;22;2016-04-22 22:00:00;27,94;28,33;-0,389999999999997;39257;0;45443;5687;6612;0;6612;5687;925;0;925;0,13989715668481548;0,13989715668481548;;-0,013958482462419363;1;4
2016-04-22;23;2016-04-22 23:00:00;25,04;25,43;-0,39000000000000057;39257;0;45443;5788;6587;0;6587;5788;799;0;799;0,12129952937604373;0,12129952937604373;;-0,015575079872204496;1;4
2016-04-23;0;2016-04-23 00:00:00;27,72;24,59;3,129999999999999;39257;0;45443;5810;6352;0;6352;5810;542;0;542;0,08532745591939547;0,08532745591939547;;0,11291486291486288;1;5
2016-04-23;1;2016-04-23 01:00:00;22,45;20,96;1,4899999999999984;39257;0;45443;5859;6433;0;6433;5859;574;0;574;0,08922742110990206;0,08922742110990206;;0,06636971046770594;1;5
2016-04-23;2;2016-04-23 02:00:00;21,47;19,42;2,0499999999999967;39257;0;45443;5764;6595;0;6595;5764;831;0;831;0,12600454890068233;0,12600454890068233;;0,09548206800186292;1;5
2016-04-23;3;2016-04-23 03:00:00;20,99;19,38;1,6099999999999994;39257;0;45443;5869;6720;0;6720;5869;851;0;851;0,12663690476190476;0,12663690476190476;;0,07670319199618864;1;5
2016-04-23;4;2016-04-23 04:00:00;20,99;20,24;0,75;39257;0;45443;6150;6791;0;6791;6150;641;0;641;0,0943896333382418;0,0943896333382418;;0,03573130061934255;1;5
2016-04-23;5;2016-04-23 05:00:00;20,9;19,56;1,34;39257;2;45443;6388;6832;4;6836;6390;444;2;446;0,0652428320655354;0,06498829039812647;0,5;0,06411483253588518;1;5
2016-04-23;6;2016-04-23 06:00:00;21,05;20,02;1,0300000000000011;39257;280;45443;6230;6698;302;7000;6510;468;22;490;0,07;0,06987160346372051;0,0728476821192053;0,048931116389548744;1;5
2016-04-23;7;2016-04-23 07:00:00;21,48;21,67;-0,19000000000000128;39257;1792;45443;5664;6308;1862;8170;7456;644;70;714;0,08739290085679315;0,10209258084971465;0,03759398496240601;-0,008845437616387397;1;5
2016-04-23;8;2016-04-23 08:00:00;23,62;23,81;-0,18999999999999773;39257;4197;45443;5168;6232;4354;10586;9365;1064;157;1221;0,11534101643680332;0,17073170731707318;0,03605879650895728;-0,008044030482641733;1;5
2016-04-23;9;2016-04-23 09:00:00;27,29;24,49;2,8000000000000007;39257;6884;45443;5927;6903;7023;13926;12811;976;139;1115;0,08006606347838575;0,14138780240475154;0,019792111633205184;0,10260168559912058;1;5
2016-04-23;10;2016-04-23 10:00:00;26,91;23,79;3,120000000000001;39257;9034;45443;6340;7542;9432;16974;15374;1202;398;1600;0,09426181218333922;0,15937417130734552;0,04219677692960136;0,11594202898550729;1;5
2016-04-23;11;2016-04-23 11:00:00;25,76;22,67;3,09;39257;10591;45443;6727;7812;11228;19040;17318;1085;637;1722;0,09044117647058823;0,1388888888888889;0,05673316708229426;0,1199534161490683;1;5
2016-04-23;12;2016-04-23 12:00:00;23,4;23,09;0,3099999999999987;39257;11327;45443;7250;8070;12268;20338;18577;820;941;1761;0,08658668502310946;0,10161090458488228;0,07670361917182915;0,013247863247863194;1;5
2016-04-23;13;2016-04-23 13:00:00;21,36;21,25;0,10999999999999943;39257;11007;45443;8037;8685;12162;20847;19044;648;1155;1803;0,0864872643545834;0,07461139896373056;0,09496793290577207;0,0051498127340823706;1;5
2016-04-23;14;2016-04-23 14:00:00;20,42;20,14;0,28000000000000114;39257;9934;45443;9117;9566;11182;20748;19051;449;1248;1697;0,08179101600154232;0,04693706878528121;0,11160794133428725;0,013712047012732669;1;5
2016-04-23;15;2016-04-23 15:00:00;18,29;18,37;-0,08000000000000185;39257;8648;45443;10192;10559;9727;20286;18840;367;1079;1446;0,07128068618751848;0,03475707926887016;0,11092834378533978;-0,004373974849644716;1;5
2016-04-23;16;2016-04-23 16:00:00;16,27;16,63;-0,35999999999999943;39257;7118;45443;11380;11553;7834;19387;18498;173;716;889;0,04585547016041677;0,014974465506794772;0,09139647689558335;-0,022126613398893633;1;5
2016-04-23;17;2016-04-23 17:00:00;19,13;17,58;1,5500000000000007;39257;5015;45443;12826;12100;5488;17588;17841;-726;473;-253;-0,014384807823516034;-0,06;0,08618804664723032;0,08102456874019869;1;5
2016-04-23;18;2016-04-23 18:00:00;21,07;19,37;1,6999999999999993;39257;2804;45443;13298;11927;2958;14885;16102;-1371;154;-1217;-0,08176016123614377;-0,11494927475475811;0,052062204192021636;0,0806834361651637;1;5
2016-04-23;19;2016-04-23 19:00:00;22,46;19,26;3,1999999999999997;39257;976;45443;11684;11374;942;12316;12660;-310;-34;-344;-0,027931146476128613;-0,027255143309301916;-0,036093418259023353;0,14247551202137132;1;5
2016-04-23;20;2016-04-23 20:00:00;25,0;22,04;2,9600000000000013;39257;85;45443;9784;10523;75;10598;9869;739;-10;729;0,06878656350254765;0,07022712154328614;-0,13333333333333333;0,11840000000000005;1;5
2016-04-23;21;2016-04-23 21:00:00;27,19;22,9;4,290000000000003;39257;0;45443;8751;9673;0;9673;8751;922;0;922;0,09531686136669079;0,09531686136669079;;0,15777859507171763;1;5
2016-04-23;22;2016-04-23 22:00:00;25,05;22,29;2,7600000000000016;39257;0;45443;8136;9149;0;9149;8136;1013;0;1013;0,11072248333151163;0,11072248333151163;;0,11017964071856293;1;5
2016-04-23;23;2016-04-23 23:00:00;22,1;21,74;0,360000000000003;39257;0;45443;8220;9193;0;9193;8220;973;0;973;0,1058414010660285;0,1058414010660285;;0,01628959276018113;1;5
2016-04-24;0;2016-04-24 00:00:00;18,21;20,5;-2,289999999999999;39258;0;45443;8896;9981;0;9981;8896;1085;0;1085;0,10870654243061817;0,10870654243061817;;-0,12575507962657875;1;6
2016-04-24;1;2016-04-24 01:00:00;15,07;15,16;-0,08999999999999986;39258;0;45443;9484;10039;0;10039;9484;555;0;555;0,05528439087558522;0,05528439087558522;;-0,005972130059721291;1;6
2016-04-24;2;2016-04-24 02:00:00;14,31;8,54;5,770000000000001;39258;0;45443;9604;9792;0;9792;9604;188;0;188;0,01919934640522876;0,01919934640522876;;0,40321453529000706;1;6
2016-04-24;3;2016-04-24 03:00:00;12,59;7,95;4,64;39258;0;45443;9466;9349;0;9349;9466;-117;0;-117;-0,012514707455342817;-0,012514707455342817;;0,36854646544876885;1;6
2016-04-24;4;2016-04-24 04:00:00;12,79;8,95;3,84;39258;0;45443;8816;8757;0;8757;8816;-59;0;-59;-0,0067374671691218455;-0,0067374671691218455;;0,30023455824863177;1;6
2016-04-24;5;2016-04-24 05:00:00;13,62;10,23;3,389999999999999;39258;3;45443;8376;8298;8;8306;8379;-78;5;-73;-0,008788827353720201;-0,009399855386840203;0,625;0,24889867841409685;1;6
2016-04-24;6;2016-04-24 06:00:00;12,76;11,19;1,5700000000000005;39258;478;45443;7519;7918;489;8407;7997;399;11;410;0,048768883073629116;0,050391513008335435;0,022494887525562373;0,12304075235109722;1;6
2016-04-24;7;2016-04-24 07:00:00;12,2;11,96;0,23999999999999844;39258;2946;45443;6601;7546;3202;10748;9547;945;256;1201;0,1117417193896539;0,12523191094619665;0,07995003123048094;0,019672131147540857;1;6
2016-04-24;8;2016-04-24 08:00:00;13,75;14,07;-0,3200000000000003;39258;6718;45443;6486;7232;7776;15008;13204;746;1058;1804;0,12020255863539446;0,10315265486725664;0,13605967078189302;-0,023272727272727292;1;6
2016-04-24;9;2016-04-24 09:00:00;12,57;15,0;-2,43;39258;10662;45443;6827;7200;12573;19773;17489;373;1911;2284;0,11551105042229302;0,051805555555555556;0,1519923645907898;-0,19331742243436756;1;6
2016-04-24;10;2016-04-24 10:00:00;12,54;13,59;-1,0500000000000007;39258;12925;45443;7741;7077;16196;23273;20666;-664;3271;2607;0,11201821853650153;-0,09382506711883566;0,2019634477648802;-0,083732057416268;1;6
2016-04-24;11;2016-04-24 11:00:00;13,79;15,8;-2,0100000000000016;39258;13870;45443;7998;6848;18390;25238;21868;-1150;4520;3370;0,13352880576907838;-0,1679322429906542;0,24578575312669929;-0,1457577955039885;1;6
2016-04-24;12;2016-04-24 12:00:00;14,19;18,4;-4,209999999999999;39258;15009;45443;8003;6745;19255;26000;23012;-1258;4246;2988;0,11492307692307692;-0,1865085248332098;0,22051415216826797;-0,29668780831571523;1;6
2016-04-24;13;2016-04-24 13:00:00;11,88;15,54;-3,6599999999999984;39258;16520;45443;7696;6707;19028;25735;24216;-989;2508;1519;0,059024674567709344;-0,14745787982704636;0,13180575993273072;-0,3080808080808079;1;6
2016-04-24;14;2016-04-24 14:00:00;9,44;14,41;-4,9700000000000015;39258;16380;45443;8040;7155;17713;24868;24420;-885;1333;448;0,018015119832716746;-0,12368972746331237;0,0752554620899904;-0,5264830508474578;1;6
2016-04-24;15;2016-04-24 15:00:00;9,5;8,5;1,0;39258;14887;45443;8342;7856;15406;23262;23229;-486;519;33;0,001418622646376064;-0,06186354378818737;0,0336881734389199;0,10526315789473684;1;6
2016-04-24;16;2016-04-24 16:00:00;8,47;4,18;4,290000000000001;39258;12034;45443;8199;8418;12285;20703;20233;219;251;470;0,022702023861276142;0,02601568068424804;0,020431420431420433;0,5064935064935066;1;6
2016-04-24;17;2016-04-24 17:00:00;13,04;10,76;2,28;39258;8156;45443;8318;8592;8331;16923;16474;274;175;449;0,026531938781539918;0,031890130353817506;0,02100588164686112;0,17484662576687116;1;6
2016-04-24;18;2016-04-24 18:00:00;20,28;19,79;0,490000000000002;39258;4510;45443;7337;8077;4271;12348;11847;740;-239;501;0,04057337220602527;0,09161817506499938;-0,055958791852025284;0,024161735700197334;1;6
2016-04-24;19;2016-04-24 19:00:00;21,96;23,9;-1,9399999999999975;39258;1440;45443;6422;7299;1323;8622;7862;877;-117;760;0,08814660171653908;0,12015344567749006;-0,08843537414965986;-0,08834244080145708;1;6
2016-04-24;20;2016-04-24 20:00:00;23,94;27,87;-3,93;39258;104;45443;5845;6833;103;6936;5949;988;-1;987;0,14230103806228372;0,14459241914239718;-0,009708737864077669;-0,16416040100250626;1;6
2016-04-24;21;2016-04-24 21:00:00;24,37;25,36;-0,9899999999999984;39258;0;45443;5177;6674;0;6674;5177;1497;0;1497;0,22430326640695236;0,22430326640695236;;-0,040623717685679045;1;6
2016-04-24;22;2016-04-24 22:00:00;27,87;28,58;-0,7099999999999973;39258;0;45443;4888;6654;0;6654;4888;1766;0;1766;0,26540426810940787;0,26540426810940787;;-0,02547542160028695;1;6
2016-04-24;23;2016-04-24 23:00:00;24,04;27,41;-3,370000000000001;39258;0;45443;5380;6652;0;6652;5380;1272;0;1272;0,19122068550811785;0,19122068550811785;;-0,14018302828618973;1;6
2016-04-25;0;2016-04-25 00:00:00;22,56;24,19;-1,6300000000000026;39260;0;45451;5458;6713;0;6713;5458;1255;0;1255;0,18695069268583345;0,18695069268583345;;-0,0722517730496455;1;0
2016-04-25;1;2016-04-25 01:00:00;21,46;22,5;-1,0399999999999991;39260;0;45451;5686;6754;0;6754;5686;1068;0;1068;0,15812851643470535;0,15812851643470535;;-0,04846225535880704;1;0
2016-04-25;2;2016-04-25 02:00:00;20,82;21,77;-0,9499999999999992;39260;0;45451;5725;6853;0;6853;5725;1128;0;1128;0,1645994454983219;0,1645994454983219;;-0,045629202689721385;1;0
2016-04-25;3;2016-04-25 03:00:00;20,23;21,85;-1,620000000000001;39260;0;45451;5986;7052;0;7052;5986;1066;0;1066;0,1511627906976744;0,1511627906976744;;-0,08007909045971334;1;0
2016-04-25;4;2016-04-25 04:00:00;20,26;20,98;-0,7199999999999989;39260;0;45451;6261;7232;0;7232;6261;971;0;971;0,13426438053097345;0,13426438053097345;;-0,03553800592300093;1;0
2016-04-25;5;2016-04-25 05:00:00;21,1;24,68;-3,5799999999999983;39260;5;45451;6439;7327;9;7336;6444;888;4;892;0,12159214830970556;0,12119557799918111;0,4444444444444444;-0,16966824644549755;1;0
2016-04-25;6;2016-04-25 06:00:00;29,02;32,4;-3,379999999999999;39260;434;45451;7282;7364;498;7862;7716;82;64;146;0,018570338336301194;0,011135252580119501;0,1285140562248996;-0,11647139903514814;1;0
2016-04-25;7;2016-04-25 07:00:00;32,97;32,29;0,6799999999999997;39260;2546;45451;7169;7327;2994;10321;9715;158;448;606;0,0587152407712431;0,021564078067421864;0,14963259853039412;0,020624810433727624;1;0
2016-04-25;8;2016-04-25 08:00:00;34,48;32,74;1,7399999999999949;39260;5680;45451;7142;7407;7063;14470;12822;265;1383;1648;0,11389080856945405;0,03577696773322533;0,19580914625513238;0,05046403712296969;1;0
2016-04-25;9;2016-04-25 09:00:00;30,03;28,27;1,7600000000000016;39260;9199;45451;8423;7899;11368;19267;17622;-524;2169;1645;0,08537914568952094;-0,06633751107735156;0,19079873328641803;0,05860805860805866;1;0
2016-04-25;10;2016-04-25 10:00:00;28,95;27,51;1,4399999999999975;39260;12130;45451;10037;8660;14775;23435;22167;-1377;2645;1268;0,054107104757840835;-0,15900692840646652;0,1790186125211506;0,04974093264248696;1;0
2016-04-25;11;2016-04-25 11:00:00;27,94;27,15;0,7900000000000027;39260;13896;45451;11203;9534;16805;26339;25099;-1669;2909;1240;0,04707847678347697;-0,1750576882735473;0,17310324308241595;0,02827487473156774;1;0
2016-04-25;12;2016-04-25 12:00:00;28,31;27,72;0,5899999999999999;39260;14741;45451;11910;10422;17367;27789;26651;-1488;2626;1138;0,04095145561193278;-0,14277489925158318;0,15120631081937008;0,020840692334864002;1;0
2016-04-25;13;2016-04-25 13:00:00;27,37;25,93;1,4400000000000013;39260;14774;45451;11895;11361;16856;28217;26669;-534;2082;1548;0,054860545061487756;-0,04700290467388434;0,12351684859990508;0,052612349287541146;1;0
2016-04-25;14;2016-04-25 14:00:00;24,39;24,43;-0,03999999999999915;39260;14224;45451;12523;12222;15501;27723;26747;-301;1277;976;0,03520542509829384;-0,024627720504009163;0,0823817818205277;-0,0016400164001639666;1;0
2016-04-25;15;2016-04-25 15:00:00;23,75;22,29;1,4600000000000009;39260;12134;45451;12987;12720;13311;26031;25121;-267;1177;910;0,034958318927432674;-0,020990566037735848;0,08842310870708436;0,061473684210526354;1;0
2016-04-25;16;2016-04-25 16:00:00;23,78;21,17;2,6099999999999994;39260;9592;45451;12934;13046;10432;23478;22526;112;840;952;0,04054859868813357;0,008585006898666259;0,08052147239263803;0,10975609756097558;1;0
2016-04-25;17;2016-04-25 17:00:00;25,95;23,47;2,4800000000000004;39260;6368;45451;12770;12794;6912;19706;19138;24;544;568;0,028823708515173043;0,0018758793184305144;0,0787037037037037;0,09556840077071292;1;0
2016-04-25;18;2016-04-25 18:00:00;28,41;26,15;2,2600000000000016;39260;3092;45451;12497;12114;3453;15567;15589;-383;361;-22;-0,0014132459690370657;-0,03161631170546475;0,10454677092383435;0,0795494544174587;1;0
2016-04-25;19;2016-04-25 19:00:00;31,19;26,82;4,370000000000001;39260;874;45451;11984;11628;1061;12689;12858;-356;187;-169;-0,013318622428875404;-0,03061575507395941;0,176248821866164;0,1401090092978519;1;0
2016-04-25;20;2016-04-25 20:00:00;31,46;27,94;3,52;39260;47;45451;12020;11574;83;11657;12067;-446;36;-410;-0,03517199965685854;-0,03853464662173838;0,43373493975903615;0,11188811188811189;1;0
2016-04-25;21;2016-04-25 21:00:00;30,15;27,4;2,75;39260;0;45451;12952;11911;0;11911;12952;-1041;0;-1041;-0,08739820334144908;-0,08739820334144908;;0,0912106135986733;1;0
2016-04-25;22;2016-04-25 22:00:00;28,14;25,9;2,240000000000002;39260;0;45451;14142;12278;0;12278;14142;-1864;0;-1864;-0,1518162567193354;-0,1518162567193354;;0,07960199004975131;1;0
2016-04-25;23;2016-04-25 23:00:00;22,97;21,01;1,9599999999999973;39260;0;45451;14843;12703;0;12703;14843;-2140;0;-2140;-0,1684641423285838;-0,1684641423285838;;0,08532868959512396;1;0
2016-04-26;0;2016-04-26 00:00:00;21,81;22,96;-1,150000000000002;39262;0;45457;14770;13418;0;13418;14770;-1352;0;-1352;-0,10076017290207184;-0,10076017290207184;;-0,05272810637322338;1;1
2016-04-26;1;2016-04-26 01:00:00;20,9;21,62;-0,7200000000000024;39262;0;45457;14154;13125;0;13125;14154;-1029;0;-1029;-0,0784;-0,0784;;-0,034449760765550355;1;1
2016-04-26;2;2016-04-26 02:00:00;20,96;21,8;-0,8399999999999999;39262;0;45457;13019;12533;0;12533;13019;-486;0;-486;-0,03877762706454959;-0,03877762706454959;;-0,040076335877862586;1;1
2016-04-26;3;2016-04-26 03:00:00;20,62;22,13;-1,509999999999998;39262;0;45457;12086;11671;0;11671;12086;-415;0;-415;-0,03555822123211379;-0,03555822123211379;;-0,07322987390882628;1;1
2016-04-26;4;2016-04-26 04:00:00;21,07;22,32;-1,25;39262;0;45457;10368;10827;0;10827;10368;459;0;459;0,04239401496259352;0,04239401496259352;;-0,05932605600379687;1;1
2016-04-26;5;2016-04-26 05:00:00;22,73;25,21;-2,4800000000000004;39262;3;45457;9594;10213;7;10220;9597;619;4;623;0,06095890410958904;0,06060902770978165;0,5714285714285714;-0,10910690717113948;1;1
2016-04-26;6;2016-04-26 06:00:00;29,91;35,19;-5,2799999999999985;39262;283;45457;9160;10142;313;10455;9443;982;30;1012;0,09679579148732664;0,09682508380989943;0,09584664536741214;-0,17652958876629884;1;1
2016-04-26;7;2016-04-26 07:00:00;34,07;39,55;-5,479999999999998;39262;1645;45457;8825;10354;1867;12221;10470;1529;222;1751;0,14327796416005237;0,14767239714120148;0,11890733797536154;-0,16084531846198996;1;1
2016-04-26;8;2016-04-26 08:00:00;35,14;48,42;-13,28;39262;3595;45457;9065;10543;4346;14889;12660;1478;751;2229;0,14970783800120896;0,14018780233330172;0,1728025770823746;-0,3779169038133181;1;1
2016-04-26;9;2016-04-26 09:00:00;32,7;44,48;-11,779999999999996;39262;5988;45457;9401;10624;7155;17779;15389;1223;1167;2390;0,13442825805725855;0,11511671686746988;0,1631027253668763;-0,36024464831804265;1;1
2016-04-26;10;2016-04-26 10:00:00;30,36;38,24;-7,880000000000003;39262;8323;45457;9846;10821;9953;20774;18169;975;1630;2605;0,12539713102917108;0,09010257831993346;0,1637697176730634;-0,2595520421607379;1;1
2016-04-26;11;2016-04-26 11:00:00;29,78;35,68;-5,899999999999999;39262;10162;45457;10145;11270;12370;23640;20307;1125;2208;3333;0,14098984771573603;0,09982253771073647;0,17849636216653192;-0,1981195433176628;1;1
2016-04-26;12;2016-04-26 12:00:00;26,95;33,55;-6,599999999999998;39262;11156;45457;10546;11950;14019;25969;21702;1404;2863;4267;0,16431129423543456;0,11748953974895397;0,20422284043084385;-0,2448979591836734;1;1
2016-04-26;13;2016-04-26 13:00:00;25,65;33,17;-7,520000000000002;39262;11930;45457;11035;12644;14564;27208;22965;1609;2634;4243;0,15594678035871803;0,12725403353369186;0,18085690744301017;-0,29317738791423015;1;1
2016-04-26;14;2016-04-26 14:00:00;25,29;32,97;-7,68;39262;11786;45457;10992;13127;14244;27371;22778;2135;2458;4593;0,16780534141975084;0,1626418831416165;0,17256388654872226;-0,3036773428232503;1;1
2016-04-26;15;2016-04-26 15:00:00;25,23;30,59;-5,3599999999999985;39262;11381;45457;11062;13364;12962;26326;22443;2302;1581;3883;0,14749677125275393;0,17225381622268782;0,12197191791390218;-0,21244550138723736;1;1
2016-04-26;16;2016-04-26 16:00:00;24,73;28,03;-3,3000000000000007;39262;9392;45457;11703;13409;10608;24017;21095;1706;1216;2922;0,12166382145979932;0,12722798120665224;0,11463046757164404;-0,13344116457743635;1;1
2016-04-26;17;2016-04-26 17:00:00;25,29;27,25;-1,9600000000000009;39262;6460;45457;12286;13085;7339;20424;18746;799;879;1678;0,08215824520172346;0,06106228505922812;0,11977108597901621;-0,07750098853301704;1;1
2016-04-26;18;2016-04-26 18:00:00;28,92;30,5;-1,5799999999999983;39262;3334;45457;11888;12440;3865;16305;15222;552;531;1083;0,06642134314627415;0,044372990353697746;0,1373868046571798;-0,054633471645919716;1;1
2016-04-26;19;2016-04-26 19:00:00;31,11;31,27;-0,16000000000000014;39262;1052;45457;11542;11694;1248;12942;12594;152;196;348;0,02688919796012981;0,012998118693347016;0,15705128205128205;-0,0051430408228865365;1;1
2016-04-26;20;2016-04-26 20:00:00;31,61;30,79;0,8200000000000003;39262;80;45457;11178;11318;109;11427;11258;140;29;169;0,01478953356086462;0,012369676621311186;0,26605504587155965;0,025941157861436265;1;1
2016-04-26;21;2016-04-26 21:00:00;31,07;30,19;0,879999999999999;39262;0;45457;11176;11603;0;11603;11176;427;0;427;0,036800827372231316;0,036800827372231316;;0,02832314129385256;1;1
2016-04-26;22;2016-04-26 22:00:00;27,98;29,39;-1,41;39262;0;45457;12690;12058;0;12058;12690;-632;0;-632;-0,05241333554486648;-0,05241333554486648;;-0,05039313795568263;1;1
2016-04-26;23;2016-04-26 23:00:00;23,99;26,27;-2,2800000000000007;39262;0;45457;13356;12306;0;12306;13356;-1050;0;-1050;-0,08532423208191127;-0,08532423208191127;;-0,09503959983326389;1;1
2016-04-27;0;2016-04-27 00:00:00;23,01;17,9;5,110000000000003;39264;0;45479;14496;11882;0;11882;14496;-2614;0;-2614;-0,21999663356337318;-0,21999663356337318;;0,22207735767057812;1;2
2016-04-27;1;2016-04-27 01:00:00;22,42;18,51;3,91;39264;0;45479;15162;12126;0;12126;15162;-3036;0;-3036;-0,2503711034141514;-0,2503711034141514;;0,17439785905441568;1;2
2016-04-27;2;2016-04-27 02:00:00;22,53;18,2;4,330000000000002;39264;0;45479;15440;12250;0;12250;15440;-3190;0;-3190;-0,26040816326530614;-0,26040816326530614;;0,19218819351975153;1;2
2016-04-27;3;2016-04-27 03:00:00;22,04;18,33;3,7100000000000013;39264;0;45479;15592;12261;0;12261;15592;-3331;0;-3331;-0,27167441481119;-0,27167441481119;;0,16833030852994563;1;2
2016-04-27;4;2016-04-27 04:00:00;22,17;18,73;3,4400000000000013;39264;0;45479;15520;12319;0;12319;15520;-3201;0;-3201;-0,25984251968503935;-0,25984251968503935;;0,15516463689670731;1;2
2016-04-27;5;2016-04-27 05:00:00;23,77;19,33;4,440000000000001;39264;6;45479;15642;12414;8;12422;15648;-3228;2;-3226;-0,25970053131540816;-0,26002899951667474;0,25;0,18679007151872112;1;2
2016-04-27;6;2016-04-27 06:00:00;28,6;20,92;7,68;39264;406;45479;16436;12483;469;12952;16842;-3953;63;-3890;-0,30033971587399627;-0,3166706721140751;0,13432835820895522;0,26853146853146853;1;2
2016-04-27;7;2016-04-27 07:00:00;31,47;22,44;9,029999999999998;39264;2134;45479;16572;12670;2621;15291;18706;-3902;487;-3415;-0,22333398731279838;-0,3079715864246251;0,18580694391453645;0,28693994280266916;1;2
2016-04-27;8;2016-04-27 08:00:00;30,27;23,12;7,149999999999999;39264;4061;45479;16848;13221;5848;19069;20909;-3627;1787;-1840;-0,09649168808013005;-0,2743362831858407;0,30557455540355677;0,2362074661380905;1;2
2016-04-27;9;2016-04-27 09:00:00;28,85;24,23;4,620000000000001;39264;6380;45479;16934;14085;9277;23362;23314;-2849;2897;48;0,002054618611420255;-0,2022719204827831;0,31227767597283607;0,16013864818024265;1;2
2016-04-27;10;2016-04-27 10:00:00;25,65;25,15;0,5;39264;8467;45479;17029;14767;12075;26842;25496;-2262;3608;1346;0,05014529468743015;-0,15317938646983137;0,2987991718426501;0,019493177387914232;1;2
2016-04-27;11;2016-04-27 11:00:00;24,91;26,86;-1,9499999999999995;39264;10700;45479;18071;15059;14039;29098;28771;-3012;3339;327;0,011237885765344697;-0,20001328109436217;0,23783745281002922;-0,07828181453231632;1;2
2016-04-27;12;2016-04-27 12:00:00;24,21;25,13;-0,9199999999999982;39264;12493;45479;18969;15071;15036;30107;31462;-3898;2543;-1355;-0,045006144750390276;-0,2586424258509721;0,16912742750731577;-0,038000826104915245;1;2
2016-04-27;13;2016-04-27 13:00:00;24,14;23,7;0,4400000000000013;39264;12960;45479;19161;14917;15136;30053;32121;-4244;2176;-2068;-0,06881176588027818;-0,28450760876851916;0,14376321353065538;0,01822700911350461;1;2
2016-04-27;14;2016-04-27 14:00:00;23,56;23,3;0,259999999999998;39264;13178;45479;19916;14864;14558;29422;33094;-5052;1380;-3672;-0,1248045680103324;-0,3398815931108719;0,09479324082978431;0,011035653650254586;1;2
2016-04-27;15;2016-04-27 15:00:00;23,42;20,71;2,7100000000000013;39264;12136;45479;20111;14976;13051;28027;32247;-5135;915;-4220;-0,15056909408784386;-0,3428819444444444;0,07010957014788138;0,11571306575576436;1;2
2016-04-27;16;2016-04-27 16:00:00;23,53;20,61;2,9200000000000017;39264;10125;45479;19226;14932;10599;25531;29351;-4294;474;-3820;-0,1496220281226744;-0,28757031877846234;0,04472120011321823;0,12409689757756062;1;2
2016-04-27;17;2016-04-27 17:00:00;24,03;22,02;2,0100000000000016;39264;7406;45479;19128;14283;7452;21735;26534;-4845;46;-4799;-0,22079595123073384;-0,33921445074564166;0,006172839506172839;0,08364544319600506;1;2
2016-04-27;18;2016-04-27 18:00:00;28,95;22,07;6,879999999999999;39264;4124;45479;17602;13044;4036;17080;21726;-4558;-88;-4646;-0,2720140515222482;-0,34943268935909233;-0,02180376610505451;0,23765112262521587;1;2
2016-04-27;19;2016-04-27 19:00:00;30,27;24,87;5,399999999999999;39264;1390;45479;15265;11865;1326;13191;16655;-3400;-64;-3464;-0,2626032901220529;-0,28655710071639273;-0,048265460030165915;0,17839444995044595;1;2
2016-04-27;20;2016-04-27 20:00:00;33,0;26,92;6,079999999999997;39264;108;45479;13911;11093;116;11209;14019;-2818;8;-2810;-0,250691408689446;-0,2540340755431353;0,06896551724137931;0,18424242424242415;1;2
2016-04-27;21;2016-04-27 21:00:00;31,95;26,67;5,2799999999999985;39264;0;45479;13130;10840;0;10840;13130;-2290;0;-2290;-0,21125461254612546;-0,21125461254612546;;0,16525821596244128;1;2
2016-04-27;22;2016-04-27 22:00:00;27,93;23,81;4,120000000000001;39264;0;45479;12957;10815;0;10815;12957;-2142;0;-2142;-0,19805825242718447;-0,19805825242718447;;0,14751163623344077;1;2
2016-04-27;23;2016-04-27 23:00:00;25,51;22,13;3,3800000000000026;39264;0;45479;12874;10739;0;10739;12874;-2135;0;-2135;-0,19880808268926342;-0,19880808268926342;;0,1324970599764799;1;2
2016-04-28;0;2016-04-28 00:00:00;23,0;27,94;-4,940000000000001;39273;0;45521;12663;12163;0;12163;12663;-500;0;-500;-0,041108279207432374;-0,041108279207432374;;-0,21478260869565222;1;3
2016-04-28;1;2016-04-28 01:00:00;23,46;27,47;-4,009999999999998;39273;0;45521;11806;11731;0;11731;11806;-75;0;-75;-0,006393316852783224;-0,006393316852783224;;-0,170929241261722;1;3
2016-04-28;2;2016-04-28 02:00:00;24,55;28,29;-3,7399999999999984;39273;0;45521;11327;11257;0;11257;11327;-70;0;-70;-0,006218353024784578;-0,006218353024784578;;-0,1523421588594704;1;3
2016-04-28;3;2016-04-28 03:00:00;23,28;26,84;-3,5599999999999987;39273;0;45521;10891;10745;0;10745;10891;-146;0;-146;-0,013587715216379711;-0,013587715216379711;;-0,15292096219931264;1;3
2016-04-28;4;2016-04-28 04:00:00;23,73;26,65;-2,919999999999998;39273;0;45521;10574;10266;0;10266;10574;-308;0;-308;-0,030001948178453145;-0,030001948178453145;;-0,1230509903076274;1;3
2016-04-28;5;2016-04-28 05:00:00;25,59;28,02;-2,43;39273;7;45521;9960;9777;8;9785;9967;-183;1;-182;-0,018599897802759325;-0,018717397974838908;0,125;-0,09495896834701056;1;3
2016-04-28;6;2016-04-28 06:00:00;31,12;33,7;-2,5800000000000023;39273;614;45521;9234;9266;584;9850;9848;32;-30;2;0,0002030456852791878;0,003453485862292251;-0,05136986301369863;-0,08290488431876614;1;3
2016-04-28;7;2016-04-28 07:00:00;37,99;39,11;-1,1199999999999974;39273;3124;45521;8314;8707;3182;11889;11438;393;58;451;0,037934224913785855;0,04513609739290226;0,018227529855436832;-0,029481442484864367;1;3
2016-04-28;8;2016-04-28 08:00:00;37,99;38,94;-0,9499999999999956;39273;6748;45521;8048;8283;7132;15415;14796;235;384;619;0,040155692507298085;0,028371363032717613;0,0538418395961862;-0,025006580679125968;1;3
2016-04-28;9;2016-04-28 09:00:00;34,1;35,17;-1,0700000000000005;39273;10577;45521;8152;8177;11447;19624;18729;25;870;895;0,045607419486343254;0,0030573559985324693;0,07600244605573513;-0,03137829912023462;1;3
2016-04-28;10;2016-04-28 10:00:00;29,93;29,33;0,6000000000000014;39273;13889;45521;8185;8172;15234;23406;22074;-13;1345;1332;0,05690848500384517;-0,0015907978463044542;0,0882893527635552;0,020046775810223905;1;3
2016-04-28;11;2016-04-28 11:00:00;29,39;31,66;-2,27;39273;15988;45521;8489;8125;17795;25920;24477;-364;1807;1443;0,055671296296296295;-0,0448;0,1015453779151447;-0,07723715549506635;1;3
2016-04-28;12;2016-04-28 12:00:00;26,16;28,73;-2,5700000000000003;39273;16584;45521;8812;8030;19176;27206;25396;-782;2592;1810;0,06652944203484526;-0,09738480697384808;0,13516896120150187;-0,0982415902140673;1;3
2016-04-28;13;2016-04-28 13:00:00;24,98;26,65;-1,6699999999999982;39273;16964;45521;8937;7860;19375;27235;25901;-1077;2411;1334;0,04898109050853681;-0,13702290076335877;0,12443870967741935;-0,06685348278622891;1;3
2016-04-28;14;2016-04-28 14:00:00;27,39;28,69;-1,3000000000000007;39273;17124;45521;8510;7766;18534;26300;25634;-744;1410;666;0,02532319391634981;-0,09580221478238475;0,07607640012949174;-0,04746257758305954;1;3
2016-04-28;15;2016-04-28 15:00:00;26,96;27,34;-0,37999999999999895;39273;15743;45521;8522;7641;16494;24135;24265;-881;751;-130;-0,0053863683447275745;-0,11529904462766653;0,04553170850006063;-0,014094955489614204;1;3
2016-04-28;16;2016-04-28 16:00:00;26,5;26,92;-0,4200000000000017;39273;13084;45521;8122;7332;13241;20573;21206;-790;157;-633;-0,030768482963106986;-0,107746863066012;0,011857110490144249;-0,01584905660377365;1;3
2016-04-28;17;2016-04-28 17:00:00;30,0;29,26;0,7399999999999984;39273;9376;45521;6877;6529;9039;15568;16253;-348;-337;-685;-0,044000513874614594;-0,0533006586000919;-0,03728288527491979;0,024666666666666615;1;3
2016-04-28;18;2016-04-28 18:00:00;34,79;33,27;1,5199999999999958;39273;5100;45521;5660;5264;4701;9965;10760;-396;-399;-795;-0,07977922729553437;-0,07522796352583587;-0,08487555839183153;0,043690715722908766;1;3
2016-04-28;19;2016-04-28 19:00:00;38,43;35,27;3,1599999999999966;39273;1772;45521;4506;4018;1531;5549;6278;-488;-241;-729;-0,13137502252658137;-0,1214534594325535;-0,1574134552580013;0,08222742648972148;1;3
2016-04-28;20;2016-04-28 20:00:00;35,75;35,34;0,4099999999999966;39273;172;45521;3430;3296;149;3445;3602;-134;-23;-157;-0,045573294629898405;-0,040655339805825245;-0,15436241610738255;0,011468531468531374;1;3
2016-04-28;21;2016-04-28 21:00:00;37,19;35,33;1,8599999999999997;39273;0;45521;3549;3165;0;3165;3549;-384;0;-384;-0,12132701421800948;-0,12132701421800948;;0,050013444474321045;1;3
2016-04-28;22;2016-04-28 22:00:00;34,92;33,71;1,2100000000000009;39273;0;45521;4184;3308;0;3308;4184;-876;0;-876;-0,26481257557436516;-0,26481257557436516;;0,034650630011454776;1;3
2016-04-28;23;2016-04-28 23:00:00;30,3;29,73;0,5700000000000003;39273;0;45521;5386;3617;0;3617;5386;-1769;0;-1769;-0,4890793475255737;-0,4890793475255737;;0,01881188118811882;1;3
2016-04-29;0;2016-04-29 00:00:00;26,41;27,98;-1,5700000000000005;39277;0;45543;6466;5873;0;5873;6466;-593;0;-593;-0,10097054316363017;-0,10097054316363017;;-0,05944717909882622;1;4
2016-04-29;1;2016-04-29 01:00:00;25,01;27,36;-2,349999999999998;39277;0;45543;7913;7196;0;7196;7913;-717;0;-717;-0,09963868816008895;-0,09963868816008895;;-0,09396241503398632;1;4
2016-04-29;2;2016-04-29 02:00:00;23,99;25,9;-1,91;39277;0;45543;9048;8312;0;8312;9048;-736;0;-736;-0,08854667949951876;-0,08854667949951876;;-0,07961650687786578;1;4
2016-04-29;3;2016-04-29 03:00:00;22,46;24,7;-2,2399999999999984;39277;0;45543;10546;9298;0;9298;10546;-1248;0;-1248;-0,13422241342224134;-0,13422241342224134;;-0,09973285841495985;1;4
2016-04-29;4;2016-04-29 04:00:00;22,35;26,47;-4,119999999999997;39277;0;45543;11732;10224;0;10224;11732;-1508;0;-1508;-0,1474960876369327;-0,1474960876369327;;-0,1843400447427292;1;4
2016-04-29;5;2016-04-29 05:00:00;23,47;27,36;-3,890000000000001;39277;12;45543;12835;11123;15;11138;12847;-1712;3;-1709;-0,15343867839827618;-0,15391531061763913;0,2;-0,16574350234341717;1;4
2016-04-29;6;2016-04-29 06:00:00;26,8;33,51;-6,709999999999997;39277;804;45543;13999;11986;794;12780;14803;-2013;-10;-2023;-0,1582942097026604;-0,16794593692641416;-0,012594458438287154;-0,2503731343283581;1;4
2016-04-29;7;2016-04-29 07:00:00;30,68;34,95;-4,270000000000003;39277;4147;45543;14182;12494;4096;16590;18329;-1688;-51;-1739;-0,10482218203737191;-0,13510485032815753;-0,012451171875;-0,13917861799217743;1;4
2016-04-29;8;2016-04-29 08:00:00;28,51;30,98;-2,4699999999999993;39277;9430;45543;12953;12688;9376;22064;22383;-265;-54;-319;-0,01445794053662074;-0,020885876418663303;-0,00575938566552901;-0,08663626797614869;1;4
2016-04-29;9;2016-04-29 09:00:00;22,39;24,69;-2,3000000000000007;39277;14942;45543;12995;13339;14698;28037;27937;344;-244;100;0,0035667154117772944;0,025789039658145288;-0,016600898081371614;-0,10272443054935242;1;4
2016-04-29;10;2016-04-29 10:00:00;20,69;23,1;-2,41;39277;18865;45543;15457;14564;18359;32923;34322;-893;-506;-1399;-0,04249308993712602;-0,06131557264487778;-0,02756141402037148;-0,11648139197680038;1;4
2016-04-29;11;2016-04-29 11:00:00;20,05;20,51;-0,4600000000000009;39277;19604;45543;18394;15713;19952;35665;37998;-2681;348;-2333;-0,06541427169493902;-0,17062305097689812;0,01744186046511628;-0,02294264339152124;1;4
2016-04-29;12;2016-04-29 12:00:00;19,09;17,99;1,1000000000000014;39277;17905;45543;18542;16148;19974;36122;36447;-2394;2069;-325;-0,008997286971928465;-0,14825365370324498;0,1035846600580755;0,057621791513881686;1;4
2016-04-29;13;2016-04-29 13:00:00;20,14;21,29;-1,1499999999999986;39277;16380;45543;17452;16127;18934;35061;33832;-1325;2554;1229;0,03505319300647443;-0,08216035220437776;0,13488961656279708;-0,057100297914597746;1;4
2016-04-29;14;2016-04-29 14:00:00;20,86;22,86;-2,0;39277;15713;45543;15255;15700;16914;32614;30968;445;1201;1646;0,05046912368921322;0,028343949044585988;0,07100626699775334;-0,09587727708533078;1;4
2016-04-29;15;2016-04-29 15:00:00;22,01;23,68;-1,6699999999999982;39277;14690;45543;15522;14780;14267;29047;30212;-742;-423;-1165;-0,04010741212517644;-0,05020297699594046;-0,029648839980374292;-0,07587460245343017;1;4
2016-04-29;16;2016-04-29 16:00:00;22,59;23,67;-1,0800000000000018;39277;12552;45543;14939;13442;11509;24951;27491;-1497;-1043;-2540;-0,10179952707306321;-0,1113673560482071;-0,09062472847336867;-0,047808764940239126;1;4
2016-04-29;17;2016-04-29 17:00:00;26,01;24,72;1,2900000000000027;39277;9154;45543;13698;11840;8049;19889;22852;-1858;-1105;-2963;-0,1489768213585399;-0,15692567567567567;-0,1372841346751149;0,04959630911188015;1;4
2016-04-29;18;2016-04-29 18:00:00;30,82;28,2;2,620000000000001;39277;5065;45543;11404;10107;4235;14342;16469;-1297;-830;-2127;-0,14830567563798633;-0,1283269021470268;-0,1959858323494687;0,08500973393900069;1;4
2016-04-29;19;2016-04-29 19:00:00;34,83;33,0;1,8299999999999983;39277;1643;45543;8910;8712;1409;10121;10553;-198;-234;-432;-0,04268352929552416;-0,022727272727272728;-0,1660752306600426;0,05254091300602924;1;4
2016-04-29;20;2016-04-29 20:00:00;35,18;35,21;-0,030000000000001137;39277;125;45543;7793;8532;149;8681;7918;739;24;763;0,08789309987328649;0,086615096108767;0,1610738255033557;-0,0008527572484366441;1;4
2016-04-29;21;2016-04-29 21:00:00;33,08;34,01;-0,9299999999999996;39277;0;45543;8566;9128;0;9128;8566;562;0;562;0,06156879929886065;0,06156879929886065;;-0,02811366384522369;1;4
2016-04-29;22;2016-04-29 22:00:00;30,93;32,83;-1,8999999999999984;39277;0;45543;9312;9690;0;9690;9312;378;0;378;0,03900928792569659;0,03900928792569659;;-0,06142903330100221;1;4
2016-04-29;23;2016-04-29 23:00:00;27,35;27,35;0,0;39277;0;45543;9935;9835;0;9835;9935;-100;0;-100;-0,010167768174885612;-0,010167768174885612;;0,0;1;4
2016-04-30;0;2016-04-30 00:00:00;24,17;30,8;-6,629999999999999;39280;0;45543;10280;10317;0;10317;10280;37;0;37;0,0035863138509256566;0,0035863138509256566;;-0,27430699213901527;1;5
2016-04-30;1;2016-04-30 01:00:00;24,25;29,81;-5,559999999999999;39280;0;45543;10194;9951;0;9951;10194;-243;0;-243;-0,024419656315948148;-0,024419656315948148;;-0,22927835051546386;1;5
2016-04-30;2;2016-04-30 02:00:00;24,54;28,87;-4,330000000000002;39280;0;45543;9654;9345;0;9345;9654;-309;0;-309;-0,03306581059390048;-0,03306581059390048;;-0,17644661776691126;1;5
2016-04-30;3;2016-04-30 03:00:00;25,04;26,19;-1,150000000000002;39280;0;45543;8984;8548;0;8548;8984;-436;0;-436;-0,05100608329433785;-0,05100608329433785;;-0,04592651757188506;1;5
2016-04-30;4;2016-04-30 04:00:00;24,0;25,66;-1,66;39280;0;45543;8258;7672;0;7672;8258;-586;0;-586;-0,07638164754953077;-0,07638164754953077;;-0,06916666666666667;1;5
2016-04-30;5;2016-04-30 05:00:00;24,0;24,24;-0,23999999999999844;39280;12;45543;7407;6848;15;6863;7419;-559;3;-556;-0,08101413376074602;-0,08162967289719626;0,2;-0,009999999999999934;1;5
2016-04-30;6;2016-04-30 06:00:00;24,22;26,57;-2,3500000000000014;39280;741;45543;6990;6037;689;6726;7731;-953;-52;-1005;-0,14942016057091884;-0,15785986417094583;-0,07547169811320754;-0,09702725020644103;1;5
2016-04-30;7;2016-04-30 07:00:00;25,45;26,33;-0,879999999999999;39280;3509;45543;6264;5080;3363;8443;9773;-1184;-146;-1330;-0,15752694539855502;-0,23307086614173228;-0,04341361879274457;-0,03457760314341843;1;5
2016-04-30;8;2016-04-30 08:00:00;26,81;26,72;0,08999999999999986;39280;7681;45543;4742;3930;7376;11306;12423;-812;-305;-1117;-0,0987970988855475;-0,20661577608142492;-0,041350325379609545;0,0033569563595673203;1;5
2016-04-30;9;2016-04-30 09:00:00;28,69;26,42;2,27;39280;12009;45543;3876;2931;11629;14560;15885;-945;-380;-1325;-0,09100274725274725;-0,3224155578300921;-0,032676928368733336;0,07912164517253398;1;5
2016-04-30;10;2016-04-30 10:00:00;25,7;24,59;1,1099999999999994;39280;16164;45543;3432;2313;15190;17503;19596;-1119;-974;-2093;-0,11957950065703023;-0,48378728923476005;-0,0641211323238973;0,0431906614785992;1;5
2016-04-30;11;2016-04-30 11:00:00;24,05;20,44;3,61;39280;19068;45543;2951;2065;17510;19575;22019;-886;-1558;-2444;-0,12485312899106002;-0,4290556900726392;-0,08897772701313535;0,15010395010395008;1;5
2016-04-30;12;2016-04-30 12:00:00;22,44;19,64;2,8000000000000007;39280;20235;45543;2826;2088;18514;20602;23061;-738;-1721;-2459;-0,1193573439471896;-0,35344827586206895;-0,09295668143026899;0,12477718360071303;1;5
2016-04-30;13;2016-04-30 13:00:00;22,01;19,04;2,9700000000000024;39280;19682;45543;2564;2109;18196;20305;22246;-455;-1486;-1941;-0,09559221866535336;-0,215742057847321;-0,0816663002857771;0,13493866424352577;1;5
2016-04-30;14;2016-04-30 14:00:00;21,48;18,79;2,6900000000000013;39280;17740;45543;2331;2115;16823;18938;20071;-216;-917;-1133;-0,0598268032527194;-0,10212765957446808;-0,054508708315995955;0,1252327746741155;1;5
2016-04-30;15;2016-04-30 15:00:00;21,17;19,43;1,740000000000002;39280;14856;45543;2335;2122;14480;16602;17191;-213;-376;-589;-0,03547765329478376;-0,10037700282752121;-0,025966850828729283;0,0821917808219179;1;5
2016-04-30;16;2016-04-30 16:00:00;21,54;19,49;2,0500000000000007;39280;11312;45543;2594;2185;11223;13408;13906;-409;-89;-498;-0,03714200477326969;-0,18718535469107553;-0,007930143455404081;0,09517177344475398;1;5
2016-04-30;17;2016-04-30 17:00:00;22,34;20,82;1,5199999999999996;39280;7727;45543;3760;2599;7386;9985;11487;-1161;-341;-1502;-0,15042563845768653;-0,4467102731819931;-0,04616842675331709;0,06803939122649953;1;5
2016-04-30;18;2016-04-30 18:00:00;25,02;22,54;2,4800000000000004;39280;4191;45543;5280;3641;3780;7421;9471;-1639;-411;-2050;-0,27624309392265195;-0,4501510574018127;-0,10873015873015873;0,09912070343725021;1;5
2016-04-30;19;2016-04-30 19:00:00;25,51;22,91;2,6000000000000014;39280;1326;45543;6532;5123;1257;6380;7858;-1409;-69;-1478;-0,2316614420062696;-0,2750341596720671;-0,05489260143198091;0,10192081536652298;1;5
2016-04-30;20;2016-04-30 20:00:00;25,61;22,17;3,4399999999999977;39280;121;45543;8054;6731;134;6865;8175;-1323;13;-1310;-0,1908230152949745;-0,19655326103105036;0,09701492537313433;0,13432253026161647;1;5
2016-04-30;21;2016-04-30 21:00:00;28,53;23,63;4,900000000000002;39280;0;45543;9568;7896;0;7896;9568;-1672;0;-1672;-0,21175278622087132;-0,21175278622087132;;0,17174903610234848;1;5
2016-04-30;22;2016-04-30 22:00:00;27,92;24,02;3,9000000000000017;39280;0;45543;10158;8729;0;8729;10158;-1429;0;-1429;-0,1637071829533738;-0,1637071829533738;;0,13968481375358172;1;5
2016-04-30;23;2016-04-30 23:00:00;24,03;22,75;1,2800000000000011;39280;0;45543;10194;9036;0;9036;10194;-1158;0;-1158;-0,12815405046480743;-0,12815405046480743;;0,053266749895963424;1;5
2016-05-01;0;2016-05-01 00:00:00;20,1;17,88;2,2200000000000024;39283;0;45543;10691;9317;0;9317;10691;-1374;0;-1374;-0,14747236234839542;-0,14747236234839542;;0,11044776119402996;1;6
2016-05-01;1;2016-05-01 01:00:00;19,81;16,86;2,9499999999999997;39283;0;45543;10789;9214;0;9214;10789;-1575;0;-1575;-0,17093553288474062;-0,17093553288474062;;0,14891468955073195;1;6
2016-05-01;2;2016-05-01 02:00:00;18,72;14,82;3,899999999999999;39283;0;45543;10807;9012;0;9012;10807;-1795;0;-1795;-0,19917887261429207;-0,19917887261429207;;0,2083333333333333;1;6
2016-05-01;3;2016-05-01 03:00:00;17,03;12,47;4,5600000000000005;39283;0;45543;10786;8999;0;8999;10786;-1787;0;-1787;-0,19857761973552618;-0,19857761973552618;;0,26776277157956546;1;6
2016-05-01;4;2016-05-01 04:00:00;17,17;12,77;4,400000000000002;39283;0;45543;10154;9018;0;9018;10154;-1136;0;-1136;-0,12597028165890442;-0,12597028165890442;;0,2562609202096681;1;6
2016-05-01;5;2016-05-01 05:00:00;17,92;13,04;4,880000000000003;39283;14;45543;9804;8871;18;8889;9818;-933;4;-929;-0,10451119361007988;-0,10517416300304362;0,2222222222222222;0,2723214285714287;1;6
2016-05-01;6;2016-05-01 06:00:00;17,64;13,71;3,93;39283;642;45543;9514;8490;659;9149;10156;-1024;17;-1007;-0,11006667395343754;-0,12061248527679623;0,025796661608497723;0,2227891156462585;1;6
2016-05-01;7;2016-05-01 07:00:00;17,04;11,9;5,139999999999999;39283;2880;45543;8297;7951;3053;11004;11177;-346;173;-173;-0,015721555797891675;-0,043516538800150925;0,05666557484441533;0,3016431924882629;1;6
2016-05-01;8;2016-05-01 08:00:00;16,82;12,93;3,890000000000001;39283;6136;45543;6898;7304;6544;13848;13034;406;408;814;0,05878105141536684;0,05558598028477547;0,06234718826405868;0,2312722948870393;1;6
2016-05-01;9;2016-05-01 09:00:00;17,42;13,71;3,7100000000000013;39283;9933;45543;6528;6783;10303;17086;16461;255;370;625;0,03657965585859768;0,03759398496240601;0,03591187032903038;0,21297359357060855;1;6
2016-05-01;10;2016-05-01 10:00:00;16,77;11,91;4,8599999999999985;39283;14222;45543;6573;6486;13293;19779;20795;-87;-929;-1016;-0,05136761211385813;-0,01341350601295097;-0,06988640637929737;0,2898032200357781;1;6
2016-05-01;11;2016-05-01 11:00:00;16,97;8,2;8,77;39283;17110;45543;6710;6295;15403;21698;23820;-415;-1707;-2122;-0,0977970319845147;-0,0659253375694996;-0,11082256703239629;0,5167943429581615;1;6
2016-05-01;12;2016-05-01 12:00:00;15,16;6,41;8,75;39283;18690;45543;7034;6233;16532;22765;25724;-801;-2158;-2959;-0,12998023281352955;-0,12850954596502487;-0,1305347205419792;0,5771767810026385;1;6
2016-05-01;13;2016-05-01 13:00:00;13,73;3,8;9,93;39283;18449;45543;7437;6226;16309;22535;25886;-1211;-2140;-3351;-0,14870201908142888;-0,1945069065210408;-0,13121589306517872;0,7232337946103423;1;6
2016-05-01;14;2016-05-01 14:00:00;14,29;3,92;10,37;39283;17159;45543;7719;6330;15036;21366;24878;-1389;-2123;-3512;-0,16437330337920059;-0,21943127962085307;-0,14119446661346102;0,7256822953114066;1;6
2016-05-01;15;2016-05-01 15:00:00;13,54;6,66;6,879999999999999;39283;15189;45543;7688;6279;13073;19352;22877;-1409;-2116;-3525;-0,18215171558495247;-0,22439878961618093;-0,16186032280272317;0,5081240768094535;1;6
2016-05-01;16;2016-05-01 16:00:00;14,25;8,12;6,130000000000001;39283;12244;45543;7645;6162;10645;16807;19889;-1483;-1599;-3082;-0,1833759742964241;-0,2406686140863356;-0,1502113668388915;0,43017543859649127;1;6
2016-05-01;17;2016-05-01 17:00:00;16,21;11,07;5,1400000000000015;39283;8569;45543;7577;6005;7464;13469;16146;-1572;-1105;-2677;-0,19875269136535748;-0,261781848459617;-0,14804394426580922;0,31708821714990754;1;6
2016-05-01;18;2016-05-01 18:00:00;21,35;20,13;1,2200000000000024;39283;4732;45543;7312;5801;4106;9907;12044;-1511;-626;-2137;-0,21570606641768447;-0,26047233235649025;-0,15245981490501706;0,05714285714285725;1;6
2016-05-01;19;2016-05-01 19:00:00;23,57;21,86;1,7100000000000009;39283;1738;45543;6508;5577;1468;7045;8246;-931;-270;-1201;-0,17047551454932577;-0,16693562847409002;-0,18392370572207084;0,07254985150615192;1;6
2016-05-01;20;2016-05-01 20:00:00;25,08;20,96;4,119999999999997;39283;224;45543;5893;5539;171;5710;6117;-354;-53;-407;-0,0712784588441331;-0,06391045315038815;-0,30994152046783624;0,16427432216905893;1;6
2016-05-01;21;2016-05-01 21:00:00;25,74;23,11;2,629999999999999;39283;0;45543;6287;5568;0;5568;6287;-719;0;-719;-0,12913074712643677;-0,12913074712643677;;0,10217560217560215;1;6
2016-05-01;22;2016-05-01 22:00:00;26,35;23,21;3,140000000000001;39283;0;45543;6318;5521;0;5521;6318;-797;0;-797;-0,1443579061764173;-0,1443579061764173;;0,11916508538899434;1;6
2016-05-01;23;2016-05-01 23:00:00;24,48;20,84;3,640000000000001;39283;0;45543;5944;5211;0;5211;5944;-733;0;-733;-0,1406639800422184;-0,1406639800422184;;0,14869281045751637;1;6
2016-05-02;0;2016-05-02 00:00:00;21,45;19,14;2,3099999999999987;39285;0;45549;5533;5013;0;5013;5533;-520;0;-520;-0,10373030121683623;-0,10373030121683623;;0,10769230769230764;1;0
2016-05-02;1;2016-05-02 01:00:00;20,23;17,04;3,1900000000000013;39285;0;45549;4904;4487;0;4487;4904;-417;0;-417;-0,09293514597726767;-0,09293514597726767;;0,1576866040533861;1;0
2016-05-02;2;2016-05-02 02:00:00;20,03;16,7;3,330000000000002;39285;0;45549;4338;3960;0;3960;4338;-378;0;-378;-0,09545454545454546;-0,09545454545454546;;0,16625062406390423;1;0
2016-05-02;3;2016-05-02 03:00:00;19,94;16,35;3,59;39285;0;45549;3930;3595;0;3595;3930;-335;0;-335;-0,09318497913769123;-0,09318497913769123;;0,18004012036108324;1;0
2016-05-02;4;2016-05-02 04:00:00;20,08;17,48;2,599999999999998;39285;0;45549;3799;3343;0;3343;3799;-456;0;-456;-0,13640442716123244;-0,13640442716123244;;0,12948207171314732;1;0
2016-05-02;5;2016-05-02 05:00:00;23,47;20,33;3,140000000000001;39285;21;45549;3556;3154;30;3184;3577;-402;9;-393;-0,12342964824120603;-0,1274571972098922;0,3;0,13378781423093317;1;0
2016-05-02;6;2016-05-02 06:00:00;31,12;29,46;1,66;39285;897;45549;3241;2966;923;3889;4138;-275;26;-249;-0,06402674209308305;-0,09271746459878624;0,028169014084507043;0,05334190231362467;1;0
2016-05-02;7;2016-05-02 07:00:00;35,53;33,73;1,8000000000000045;39285;4260;45549;2603;2679;4263;6942;6863;76;3;79;0,011380005762028234;0,028368794326241134;0,0007037297677691766;0,050661412890515185;1;0
2016-05-02;8;2016-05-02 08:00:00;34,96;34,97;-0,009999999999998009;39285;9767;45549;1696;2356;9545;11901;11463;660;-222;438;0,03680362994706327;0,2801358234295416;-0,02325825039287585;-0,00028604118993129314;1;0
2016-05-02;9;2016-05-02 09:00:00;31,35;30,51;0,8399999999999999;39285;15511;45549;1472;2231;15072;17303;16983;759;-439;320;0,018493902791423454;0,3402061855670103;-0,029126857749469215;0,026794258373205735;1;0
2016-05-02;10;2016-05-02 10:00:00;28,29;25,08;3,2100000000000013;39285;19786;45549;1764;2235;19487;21722;21550;471;-299;172;0,007918239572783353;0,21073825503355706;-0,015343562374916611;0,11346765641569465;1;0
2016-05-02;11;2016-05-02 11:00:00;26,91;23,3;3,61;39285;22729;45549;2082;2400;22111;24511;24811;318;-618;-300;-0,012239402717147404;0,1325;-0,027949889195423093;0,13415087328130806;1;0
2016-05-02;12;2016-05-02 12:00:00;25,29;22,84;2,4499999999999997;39285;23836;45549;2362;2649;23088;25737;26198;287;-748;-461;-0,017911955550374947;0,10834277085692715;-0,0323977823977824;0,09687623566627125;1;0
2016-05-02;13;2016-05-02 13:00:00;25,07;22,51;2,5599999999999987;39285;23746;45549;2771;2868;22600;25468;26517;97;-1146;-1049;-0,041188942987278154;0,033821478382147836;-0,05070796460176991;0,10211408057439166;1;0
2016-05-02;14;2016-05-02 14:00:00;25,02;22,18;2,84;39285;22294;45549;3014;3075;20758;23833;25308;61;-1536;-1475;-0,06188897746821634;0,01983739837398374;-0,07399556797379324;0,11350919264588329;1;0
2016-05-02;15;2016-05-02 15:00:00;25,53;22,18;3,3500000000000014;39285;19530;45549;3095;3127;17830;20957;22625;32;-1700;-1668;-0,079591544591306;0,010233450591621363;-0,09534492428491306;0,13121817469643562;1;0
2016-05-02;16;2016-05-02 16:00:00;26,94;23,34;3,6000000000000014;39285;15740;45549;2952;3118;14274;17392;18692;166;-1466;-1300;-0,07474701011959521;0,05323925593329057;-0,10270421745831582;0,13363028953229403;1;0
2016-05-02;17;2016-05-02 17:00:00;29,06;26,61;2,4499999999999997;39285;10889;45549;2828;3090;9847;12937;13717;262;-1042;-780;-0,06029218520522532;0,08478964401294499;-0,10581903117700822;0,08430832759807294;1;0
2016-05-02;18;2016-05-02 18:00:00;33,0;30,8;2,1999999999999997;39285;5893;45549;2776;3061;5249;8310;8669;285;-644;-359;-0,04320096269554753;0,09310682783404116;-0,12269003619737093;0,06666666666666665;1;0
2016-05-02;19;2016-05-02 19:00:00;35,79;32,71;3,0799999999999983;39285;2056;45549;2914;3133;1785;4918;4970;219;-271;-52;-0,01057340382269215;0,06990105330354293;-0,15182072829131651;0,08605755797708853;1;0
2016-05-02;20;2016-05-02 20:00:00;35,76;32,87;2,890000000000001;39285;228;45549;3208;3524;225;3749;3436;316;-3;313;0,08348893038143505;0,08967082860385925;-0,013333333333333334;0,08081655480984343;1;0
2016-05-02;21;2016-05-02 21:00:00;34,08;32,01;2,0700000000000003;39285;0;45549;4210;4320;0;4320;4210;110;0;110;0,02546296296296296;0,02546296296296296;;0,06073943661971832;1;0
2016-05-02;22;2016-05-02 22:00:00;31,93;30,83;1,1000000000000014;39285;0;45549;5112;5182;0;5182;5112;70;0;70;0,013508297954457738;0,013508297954457738;;0,03445036016285629;1;0
2016-05-02;23;2016-05-02 23:00:00;27,05;27,02;0,030000000000001137;39285;0;45549;5664;5744;0;5744;5664;80;0;80;0,013927576601671309;0,013927576601671309;;0,0011090573012939422;1;0
2016-05-03;0;2016-05-03 00:00:00;23,91;24,11;-0,1999999999999993;39288;0;45576;6107;6730;0;6730;6107;623;0;623;0,09257057949479941;0,09257057949479941;;-0,00836470096194058;1;1
2016-05-03;1;2016-05-03 01:00:00;22,32;20,45;1,870000000000001;39288;0;45576;6374;6632;0;6632;6374;258;0;258;0,03890229191797346;0,03890229191797346;;0,0837813620071685;1;1
2016-05-03;2;2016-05-03 02:00:00;21,84;20,34;1,5;39288;0;45576;6059;6165;0;6165;6059;106;0;106;0,017193836171938363;0,017193836171938363;;0,06868131868131869;1;1
2016-05-03;3;2016-05-03 03:00:00;21,37;19,29;2,0800000000000023;39288;0;45576;5507;5642;0;5642;5507;135;0;135;0,0239276852180078;0,0239276852180078;;0,09733270940570904;1;1
2016-05-03;4;2016-05-03 04:00:00;21,85;19,01;2,84;39288;0;45576;4994;5222;0;5222;4994;228;0;228;0,043661432401378784;0,043661432401378784;;0,12997711670480547;1;1
2016-05-03;5;2016-05-03 05:00:00;23,26;21,52;1,740000000000002;39288;22;45576;4794;4904;26;4930;4816;110;4;114;0,023123732251521298;0,022430668841761828;0,15384615384615385;0,07480653482373181;1;1
2016-05-03;6;2016-05-03 06:00:00;30,39;30,32;0,07000000000000027;39288;833;45576;4875;4767;713;5480;5708;-108;-120;-228;-0,041605839416058395;-0,022655758338577723;-0,16830294530154277;0,00230338927278711;1;1
2016-05-03;7;2016-05-03 07:00:00;33,9;31,29;2,6099999999999994;39288;3495;45576;5248;4475;3113;7588;8743;-773;-382;-1155;-0,1522140221402214;-0,17273743016759777;-0,12271121105043367;0,07699115044247787;1;1
2016-05-03;8;2016-05-03 08:00:00;36,48;29,72;6,759999999999998;39288;7397;45576;5331;4088;6470;10558;12728;-1243;-927;-2170;-0,20553135063458988;-0,30406066536203524;-0,14327666151468316;0,18530701754385961;1;1
2016-05-03;9;2016-05-03 09:00:00;35,95;27,48;8,470000000000002;39288;11426;45576;5132;4195;9998;14193;16558;-937;-1428;-2365;-0,1666314380328331;-0,2233611442193087;-0,14282856571314262;0,23560500695410297;1;1
2016-05-03;10;2016-05-03 10:00:00;35,58;25,54;10,04;39288;14718;45576;5923;4623;12784;17407;20641;-1300;-1934;-3234;-0,18578732693743896;-0,28120268224096906;-0,1512828535669587;0,28218100056211354;1;1
2016-05-03;11;2016-05-03 11:00:00;34,9;24,32;10,579999999999998;39288;16806;45576;6722;5241;14447;19688;23528;-1481;-2359;-3840;-0,1950426655830963;-0,28257966037015836;-0,16328649546618676;0,30315186246418335;1;1
2016-05-03;12;2016-05-03 12:00:00;31,55;22,18;9,37;39288;16990;45576;7659;6223;15251;21474;24649;-1436;-1739;-3175;-0,14785321784483563;-0,23075686967700465;-0,11402530981574979;0,2969889064976228;1;1
2016-05-03;13;2016-05-03 13:00:00;26,59;21,37;5,219999999999999;39288;15931;45576;8848;7388;15020;22408;24779;-1460;-911;-2371;-0,10581042484826847;-0,19761775852734165;-0,06065246338215712;0,1963144039112448;1;1
2016-05-03;14;2016-05-03 14:00:00;24,9;21,89;3,009999999999998;39288;14392;45576;11369;8746;14176;22922;25761;-2623;-216;-2839;-0,1238548119710322;-0,29990852961353764;-0,015237020316027089;0,12088353413654611;1;1
2016-05-03;15;2016-05-03 15:00:00;24,1;20,68;3,4200000000000017;39288;12723;45576;13346;10343;12507;22850;26069;-3003;-216;-3219;-0,14087527352297594;-0,29034129362854105;-0,017270328615975054;0,1419087136929461;1;1
2016-05-03;16;2016-05-03 16:00:00;23,91;20,43;3,4800000000000004;39288;10537;45576;15186;11829;10061;21890;25723;-3357;-476;-3833;-0,1751027866605756;-0,28379406543241187;-0,047311400457211016;0,14554579673776663;1;1
2016-05-03;17;2016-05-03 17:00:00;25,17;22,04;3,1300000000000026;39288;7474;45576;13922;12544;7202;19746;21396;-1378;-272;-1650;-0,08356122759039805;-0,10985331632653061;-0,03776728686475979;0,12435439014700049;1;1
2016-05-03;18;2016-05-03 18:00:00;28,51;24,99;3,520000000000003;39288;4468;45576;15389;12342;4179;16521;19857;-3047;-289;-3336;-0,20192482295260578;-0,24688057040998218;-0,06915530031107921;0,12346545071904605;1;1
2016-05-03;19;2016-05-03 19:00:00;31,69;27,69;4,0;39288;1700;45576;13860;11689;1564;13253;15560;-2171;-136;-2307;-0,17407379461254055;-0,18573017366755068;-0,08695652173913043;0,12622278321236982;1;1
2016-05-03;20;2016-05-03 20:00:00;32,1;29,27;2,830000000000002;39288;239;45576;11620;10865;197;11062;11859;-755;-42;-797;-0,07204845416741999;-0,06948918545789232;-0,2131979695431472;0,08816199376947045;1;1
2016-05-03;21;2016-05-03 21:00:00;32,8;29,26;3,539999999999996;39288;0;45576;9697;10163;0;10163;9697;466;0;466;0,04585260257797894;0,04585260257797894;;0,10792682926829257;1;1
2016-05-03;22;2016-05-03 22:00:00;30,92;29,13;1,7900000000000027;39288;0;45576;8904;9586;0;9586;8904;682;0;682;0,07114542040475694;0,07114542040475694;;0,05789133247089271;1;1
2016-05-03;23;2016-05-03 23:00:00;24,59;29,03;-4,440000000000001;39288;0;45576;8528;9165;0;9165;8528;637;0;637;0,06950354609929078;0,06950354609929078;;-0,18056120374135834;1;1
2016-05-04;0;2016-05-04 00:00:00;22,94;26,29;-3,3499999999999983;39291;0;45586;8121;8577;0;8577;8121;456;0;456;0,05316544246239944;0,05316544246239944;;-0,14603312990409756;1;2
2016-05-04;1;2016-05-04 01:00:00;21,98;23,77;-1,7899999999999991;39291;0;45586;7644;8226;0;8226;7644;582;0;582;0,07075127644055434;0,07075127644055434;;-0,08143767060964509;1;2
2016-05-04;2;2016-05-04 02:00:00;21,95;22,79;-0,8399999999999999;39291;0;45586;7357;7764;0;7764;7357;407;0;407;0,052421432251416794;0,052421432251416794;;-0,03826879271070614;1;2
2016-05-04;3;2016-05-04 03:00:00;21,69;22,52;-0,8299999999999983;39291;0;45586;6914;7211;0;7211;6914;297;0;297;0,04118707530162252;0,04118707530162252;;-0,03826648224988466;1;2
2016-05-04;4;2016-05-04 04:00:00;22,14;23,33;-1,1899999999999975;39291;0;45586;6276;6666;0;6666;6276;390;0;390;0,05850585058505851;0,05850585058505851;;-0,05374887082204144;1;2
2016-05-04;5;2016-05-04 05:00:00;23,59;25,22;-1,629999999999999;39291;25;45586;5490;6170;30;6200;5515;680;5;685;0,11048387096774194;0,11021069692058347;0,16666666666666666;-0,06909707503179309;1;2
2016-05-04;6;2016-05-04 06:00:00;31,47;34,5;-3,030000000000001;39291;845;45586;4649;5668;919;6587;5494;1019;74;1093;0,16593289813268558;0,17978122794636556;0,08052230685527748;-0,0962821734985701;1;2
2016-05-04;7;2016-05-04 07:00:00;35,05;38,27;-3,2200000000000064;39291;3627;45586;3672;5102;4051;9153;7299;1430;424;1854;0,2025565388397247;0,2802822422579381;0,10466551468773143;-0,09186875891583471;1;2
2016-05-04;8;2016-05-04 08:00:00;35,97;37,23;-1,259999999999998;39291;8136;45586;2998;4476;8862;13338;11134;1478;726;2204;0,16524216524216523;0,33020554066130475;0,08192281651997292;-0,03502919099249369;1;2
2016-05-04;9;2016-05-04 09:00:00;32,46;34,02;-1,5600000000000025;39291;12848;45586;2924;3867;14042;17909;15772;943;1194;2137;0,1193254788095371;0,2438582880786139;0,0850306224184589;-0,04805914972273575;1;2
2016-05-04;10;2016-05-04 10:00:00;28,51;28,67;-0,16000000000000014;39291;16616;45586;2682;3340;18515;21855;19298;658;1899;2557;0,11699839853580417;0,19700598802395208;0,1025654874426141;-0,005612065941774821;1;2
2016-05-04;11;2016-05-04 11:00:00;27,14;30,42;-3,280000000000001;39291;19104;45586;2493;3119;21612;24731;21597;626;2508;3134;0,1267235453479439;0,20070535428021802;0,11604664075513603;-0,12085482682387624;1;2
2016-05-04;12;2016-05-04 12:00:00;25,43;27,95;-2,52;39291;20480;45586;2312;3005;23142;26147;22792;693;2662;3355;0,12831299957930165;0,23061564059900166;0,11502895168956875;-0,09909555642941408;1;2
2016-05-04;13;2016-05-04 13:00:00;24,37;26,58;-2,2099999999999973;39291;20947;45586;2170;2908;23356;26264;23117;738;2409;3147;0,11982180932074322;0,25378266850068776;0,10314266141462579;-0,09068526877308154;1;2
2016-05-04;14;2016-05-04 14:00:00;24,01;26,31;-2,299999999999997;39291;20138;45586;2064;2884;22334;25218;22202;820;2196;3016;0,1195971131731303;0,2843273231622746;0,09832542312169786;-0,09579341940857963;1;2
2016-05-04;15;2016-05-04 15:00:00;23,64;25,0;-1,3599999999999994;39291;17865;45586;2014;2785;19796;22581;19879;771;1931;2702;0,11965811965811966;0,2768402154398564;0,0975449585774904;-0,05752961082910319;1;2
2016-05-04;16;2016-05-04 16:00:00;23,88;24,15;-0,2699999999999996;39291;14541;45586;2011;2625;15927;18552;16552;614;1386;2000;0,10780508840017249;0,2339047619047619;0,08702203804859672;-0,011306532663316566;1;2
2016-05-04;17;2016-05-04 17:00:00;25,1;26,03;-0,9299999999999996;39291;10367;45586;1963;2363;11039;13402;12330;400;672;1072;0,0799880614833607;0,16927634363097757;0,060875079264426125;-0,03705179282868524;1;2
2016-05-04;18;2016-05-04 18:00:00;28,96;27,84;1,120000000000001;39291;6000;45586;1822;2079;5882;7961;7822;257;-118;139;0,01746011807561864;0,12361712361712361;-0,020061203672220335;0,038674033149171304;1;2
2016-05-04;19;2016-05-04 19:00:00;31,73;30,4;1,3300000000000018;39291;2311;45586;1758;1920;2061;3981;4069;162;-250;-88;-0,02210499874403416;0,084375;-0,121300339640951;0,04191616766467072;1;2
2016-05-04;20;2016-05-04 20:00:00;32,0;30,76;1,2399999999999984;39291;335;45586;1878;2108;300;2408;2213;230;-35;195;0,08098006644518273;0,10910815939278938;-0,11666666666666667;0,03874999999999995;1;2
2016-05-04;21;2016-05-04 21:00:00;32,9;31,13;1,7699999999999996;39291;0;45586;2601;2679;1;2680;2601;78;1;79;0,029477611940298507;0,029115341545352745;1,0;0,05379939209726443;1;2
2016-05-04;22;2016-05-04 22:00:00;31,93;29,04;2,890000000000001;39291;0;45586;3794;3289;0;3289;3794;-505;0;-505;-0,15354211006384919;-0,15354211006384919;;0,09051049170059508;1;2
2016-05-04;23;2016-05-04 23:00:00;27,8;26,54;1,2600000000000016;39291;0;45586;4662;3755;0;3755;4662;-907;0;-907;-0,2415446071904128;-0,2415446071904128;;0,0453237410071943;1;2
2016-05-05;0;2016-05-05 00:00:00;23,69;21,74;1,9500000000000028;39291;0;45586;5148;4083;0;4083;5148;-1065;0;-1065;-0,26083761939750183;-0,26083761939750183;;0,08231321232587602;1;3
2016-05-05;1;2016-05-05 01:00:00;21,86;20,47;1,3900000000000006;39291;0;45586;5309;4295;0;4295;5309;-1014;0;-1014;-0,23608847497089638;-0,23608847497089638;;0,06358645928636782;1;3
2016-05-05;2;2016-05-05 02:00:00;21,26;17,72;3,5400000000000027;39291;0;45586;5293;4459;0;4459;5293;-834;0;-834;-0,1870374523435748;-0,1870374523435748;;0,1665098777046097;1;3
2016-05-05;3;2016-05-05 03:00:00;20,26;17,18;3,080000000000002;39291;0;45586;5449;4552;0;4552;5449;-897;0;-897;-0,19705623901581723;-0,19705623901581723;;0,15202369200394875;1;3
2016-05-05;4;2016-05-05 04:00:00;19,79;16,97;2,8200000000000003;39291;0;45586;5171;4557;0;4557;5171;-614;0;-614;-0,1347377660741716;-0,1347377660741716;;0,14249621020717537;1;3
2016-05-05;5;2016-05-05 05:00:00;19,79;16,99;2,8000000000000007;39291;36;45586;4924;4457;45;4502;4960;-467;9;-458;-0,10173256330519768;-0,1047789993269015;0,2;0,14148559878726633;1;3
2016-05-05;6;2016-05-05 06:00:00;19,95;17,14;2,8099999999999987;39291;1023;45586;4772;4306;1129;5435;5795;-466;106;-360;-0,06623735050597976;-0,10822108685555039;0,09388839681133747;0,14085213032581448;1;3
2016-05-05;7;2016-05-05 07:00:00;20,07;17,15;2,9200000000000017;39291;4384;45586;4132;4059;4780;8839;8516;-73;396;323;0,03654259531621224;-0,01798472530179847;0,08284518828451883;0,14549078226208279;1;3
2016-05-05;8;2016-05-05 08:00:00;20,0;18,69;1,3099999999999987;39291;9916;45586;2642;3467;10444;13911;12558;825;528;1353;0,0972611602329092;0,23795788866455148;0,050555342780543855;0,06549999999999993;1;3
2016-05-05;9;2016-05-05 09:00:00;19,57;19,4;0,1700000000000017;39291;15801;45586;2678;2985;16241;19226;18479;307;440;747;0,03885363570165401;0,10284757118927973;0,027091927836955854;0,008686765457332738;1;3
2016-05-05;10;2016-05-05 10:00:00;19,01;18,25;0,7600000000000016;39291;20324;45586;3688;2982;20784;23766;24012;-706;460;-246;-0,010350921484473618;-0,23675385647216632;0,022132409545804466;0,03997895844292486;1;3
2016-05-05;11;2016-05-05 11:00:00;17,76;16,69;1,0700000000000005;39291;23462;45586;4178;3207;23700;26907;27640;-971;238;-733;-0,027241981640465308;-0,3027751792952916;0,010042194092827004;0,06024774774774777;1;3
2016-05-05;12;2016-05-05 12:00:00;16,97;13,19;3,78;39291;25208;45586;4357;3498;25086;28584;29565;-859;-122;-981;-0,03431989924433249;-0,24556889651229274;-0,004863270349996013;0,22274602239245728;1;3
2016-05-05;13;2016-05-05 13:00:00;13,42;7,47;5,95;39291;25369;45586;4458;3784;25067;28851;29827;-674;-302;-976;-0,033828983397455895;-0,1781183932346723;-0,012047712131487613;0,44336810730253357;1;3
2016-05-05;14;2016-05-05 14:00:00;10,85;3,05;7,8;39291;24282;45586;4502;4146;23552;27698;28784;-356;-730;-1086;-0,039208607119647625;-0,08586589483839846;-0,030995244565217392;0,7188940092165899;1;3
2016-05-05;15;2016-05-05 15:00:00;10,49;4,94;5,55;39291;22133;45586;4702;4483;20625;25108;26835;-219;-1508;-1727;-0,06878285805321013;-0,048851215703769796;-0,07311515151515152;0,5290753098188751;1;3
2016-05-05;16;2016-05-05 16:00:00;13,06;4,51;8,55;39291;18272;45586;5089;4887;16727;21614;23361;-202;-1545;-1747;-0,08082724160266494;-0,0413341518313894;-0,09236563639624559;0,6546707503828484;1;3
2016-05-05;17;2016-05-05 17:00:00;17,77;12,68;5,09;39291;12900;45586;5711;5298;11689;16987;18611;-413;-1211;-1624;-0,09560251957379172;-0,07795394488486221;-0,10360167679014458;0,2864378165447383;1;3
2016-05-05;18;2016-05-05 18:00:00;20,67;18,01;2,66;39291;6845;45586;6184;5699;6190;11889;13029;-485;-655;-1140;-0,09588695432752965;-0,08510264958764696;-0,10581583198707593;0,12868892114175132;1;3
2016-05-05;19;2016-05-05 19:00:00;24,2;20,52;3,68;39291;2404;45586;6264;6095;2138;8233;8668;-169;-266;-435;-0,05283614721243775;-0,027727645611156686;-0,1244153414405987;0,15206611570247935;1;3
2016-05-05;20;2016-05-05 20:00:00;24,08;23,8;0,2799999999999976;39291;354;45586;6741;7081;328;7409;7095;340;-26;314;0,042380888109056554;0,04801581697500353;-0,07926829268292683;0,011627906976744087;1;3
2016-05-05;21;2016-05-05 21:00:00;24,87;24,75;0,12000000000000098;39291;0;45586;9375;8776;2;8778;9375;-599;2;-597;-0,06801093643198906;-0,06825432999088422;1,0;0,0048250904704463604;1;3
2016-05-05;22;2016-05-05 22:00:00;25,79;25,41;0,37999999999999895;39291;0;45586;11510;10457;0;10457;11510;-1053;0;-1053;-0,10069809696853782;-0,10069809696853782;;0,014734393175649436;1;3
2016-05-05;23;2016-05-05 23:00:00;21,62;21,29;0,33000000000000185;39291;0;45586;12926;11376;0;11376;12926;-1550;0;-1550;-0,13625175808720114;-0,13625175808720114;;0,015263644773358087;1;3
2016-05-06;0;2016-05-06 00:00:00;20,73;17,21;3,52;39292;0;45589;13264;10675;0;10675;13264;-2589;0;-2589;-0,24252927400468385;-0,24252927400468385;;0,1698022190062711;1;4
2016-05-06;1;2016-05-06 01:00:00;19,08;17,2;1,879999999999999;39292;0;45589;12614;10607;0;10607;12614;-2007;0;-2007;-0,18921466955783917;-0,18921466955783917;;0,09853249475890981;1;4
2016-05-06;2;2016-05-06 02:00:00;18,46;15,95;2,5100000000000016;39292;0;45589;11906;10231;0;10231;11906;-1675;0;-1675;-0,16371811162154237;-0,16371811162154237;;0,1359696641386783;1;4
2016-05-06;3;2016-05-06 03:00:00;17,87;14,84;3,030000000000001;39292;0;45589;11283;9829;0;9829;11283;-1454;0;-1454;-0,14792959609319362;-0,14792959609319362;;0,1695579182988249;1;4
2016-05-06;4;2016-05-06 04:00:00;19,11;15,98;3,129999999999999;39292;0;45589;10567;9491;0;9491;10567;-1076;0;-1076;-0,11337056158465915;-0,11337056158465915;;0,16378859236002088;1;4
2016-05-06;5;2016-05-06 05:00:00;20,0;17,93;2,0700000000000003;39292;46;45589;9642;9192;56;9248;9688;-450;10;-440;-0,04757785467128028;-0,0489556135770235;0,17857142857142858;0,10350000000000001;1;4
2016-05-06;6;2016-05-06 06:00:00;24,44;24,25;0,19000000000000128;39292;1176;45589;9057;8848;1207;10055;10233;-209;31;-178;-0,017702635504724017;-0,023621157323688968;0,02568351284175642;0,007774140752864209;1;4
2016-05-06;7;2016-05-06 07:00:00;30,33;29,53;0,7999999999999972;39292;4828;45589;7499;8095;4989;13084;12327;596;161;757;0,057856924487924184;0,07362569487337862;0,03227099619162157;0,026376524892845275;1;4
2016-05-06;8;2016-05-06 08:00:00;30,99;29,07;1,9199999999999984;39292;10509;45589;5130;6978;10859;17837;15639;1848;350;2198;0,12322700005606324;0,2648323301805675;0,0322313288516438;0,061955469506292306;1;4
2016-05-06;9;2016-05-06 09:00:00;29,98;25,38;4,600000000000001;39292;16204;45589;4241;6456;16857;23313;20445;2215;653;2868;0,12302149015570711;0,343091697645601;0,03873761642047814;0,15343562374916617;1;4
2016-05-06;10;2016-05-06 10:00:00;24,28;22,59;1,6900000000000013;39292;21093;45589;4884;6699;21773;28472;25977;1815;680;2495;0,08762995223377353;0,270935960591133;0,0312313415698342;0,06960461285008242;1;4
2016-05-06;11;2016-05-06 11:00:00;22,58;21,78;0,7999999999999972;39292;24311;45589;6509;7435;25067;32502;30820;926;756;1682;0,05175066149775399;0,12454606590450572;0,030159173415247136;0,035429583702391375;1;4
2016-05-06;12;2016-05-06 12:00:00;19,66;18,04;1,620000000000001;39292;25930;45589;8446;8515;26734;35249;34376;69;804;873;0,024766660047093533;0,008103347034644744;0,030074062990947857;0,08240081383519843;1;4
2016-05-06;13;2016-05-06 13:00:00;14,24;12,72;1,5199999999999996;39292;26055;45589;10401;9630;26894;36524;36456;-771;839;68;0,0018617895082685357;-0,08006230529595015;0,031196549416226668;0,10674157303370783;1;4
2016-05-06;14;2016-05-06 14:00:00;11,92;12,74;-0,8200000000000003;39292;24841;45589;11911;10484;25587;36071;36752;-1427;746;-681;-0,018879432230877992;-0,13611217092712705;0,029155430492046743;-0,06879194630872486;1;4
2016-05-06;15;2016-05-06 15:00:00;14,96;11,37;3,5900000000000016;39292;22245;45589;12435;10901;22719;33620;34680;-1534;474;-1060;-0,03152885187388459;-0,14072103476745254;0,020863594348342798;0,23997326203208566;1;4
2016-05-06;16;2016-05-06 16:00:00;17,93;11,14;6,789999999999999;39292;18179;45589;12392;11102;18448;29550;30571;-1290;269;-1021;-0,03455160744500846;-0,11619528012970635;0,014581526452732004;0,3786949247071946;1;4
2016-05-06;17;2016-05-06 17:00:00;21,85;16,9;4,950000000000003;39292;12692;45589;11875;11074;12774;23848;24567;-801;82;-719;-0,030149278765514927;-0,07233158750225754;0,006419289181149209;0,2265446224256294;1;4
2016-05-06;18;2016-05-06 18:00:00;27,99;22,32;5,669999999999997;39292;6757;45589;11282;10786;6607;17393;18039;-496;-150;-646;-0,037141378715575234;-0,045985536806972004;-0,02270319358256395;0,20257234726688095;1;4
2016-05-06;19;2016-05-06 19:00:00;30,94;25,43;5,5100000000000025;39292;2351;45589;10120;10831;2260;13091;12471;711;-91;620;0,04736078221679016;0,06564490813405964;-0,04026548672566372;0,1780866192630899;1;4
2016-05-06;20;2016-05-06 20:00:00;28,8;24,82;3,98;39292;352;45589;10581;11659;367;12026;10933;1078;15;1093;0,09088641277232662;0,09246075992795265;0,04087193460490463;0,13819444444444445;1;4
2016-05-06;21;2016-05-06 21:00:00;27,86;25,98;1,879999999999999;39292;0;45589;13113;12864;2;12866;13113;-249;2;-247;-0,019197885900823875;-0,01935634328358209;1,0;0,06748025843503228;1;4
2016-05-06;22;2016-05-06 22:00:00;25,43;25,87;-0,4400000000000013;39292;0;45589;15002;13838;0;13838;15002;-1164;0;-1164;-0,08411620176326058;-0,08411620176326058;;-0,017302398741643778;1;4
2016-05-06;23;2016-05-06 23:00:00;21,42;23,57;-2,1499999999999986;39292;0;45589;15777;14129;0;14129;15777;-1648;0;-1648;-0,11663953570670253;-0,11663953570670253;;-0,10037348272642382;1;4
2016-05-07;0;2016-05-07 00:00:00;19,73;18,31;1,4200000000000017;39292;0;45611;16106;13823;0;13823;16106;-2283;0;-2283;-0,1651595167474499;-0,1651595167474499;;0,07197161682716684;1;5
2016-05-07;1;2016-05-07 01:00:00;16,9;11,11;5,789999999999999;39292;0;45611;15415;13276;0;13276;15415;-2139;0;-2139;-0,16111780656824345;-0,16111780656824345;;0,342603550295858;1;5
2016-05-07;2;2016-05-07 02:00:00;14,95;10,03;4,92;39292;0;45611;14215;12858;0;12858;14215;-1357;0;-1357;-0,1055374086172033;-0,1055374086172033;;0,3290969899665552;1;5
2016-05-07;3;2016-05-07 03:00:00;14,64;9,09;5,550000000000002;39292;0;45611;13447;12486;0;12486;13447;-961;0;-961;-0,07696620214640397;-0,07696620214640397;;0,3790983606557378;1;5
2016-05-07;4;2016-05-07 04:00:00;14,96;9,64;5,32;39292;0;45611;12861;11990;0;11990;12861;-871;0;-871;-0,07264386989157631;-0,07264386989157631;;0,35561497326203206;1;5
2016-05-07;5;2016-05-07 05:00:00;15,2;9,96;5,239999999999998;39292;56;45611;12234;11629;64;11693;12290;-605;8;-597;-0,05105618746258445;-0,05202510963969387;0,125;0,34473684210526306;1;5
2016-05-07;6;2016-05-07 06:00:00;16,27;12,79;3,4800000000000004;39292;1207;45611;11436;11125;1300;12425;12643;-311;93;-218;-0,01754527162977867;-0,02795505617977528;0,07153846153846154;0,2138905961893055;1;5
2016-05-07;7;2016-05-07 07:00:00;19,32;15,48;3,84;39292;4954;45611;9328;9792;5321;15113;14282;464;367;831;0,054985773837093896;0,04738562091503268;0,06897199774478481;0,19875776397515527;1;5
2016-05-07;8;2016-05-07 08:00:00;19,94;15,57;4,370000000000001;39292;10669;45611;6049;8435;11316;19751;16718;2386;647;3033;0,15356184496987493;0,2828689982216953;0,0571756804524567;0,21915747241725178;1;5
2016-05-07;9;2016-05-07 09:00:00;19,41;19,15;0,2600000000000016;39292;16378;45611;4842;7965;17340;25305;21220;3123;962;4085;0,16143054732266351;0,392090395480226;0,055478662053056516;0,01339515713549725;1;5
2016-05-07;10;2016-05-07 10:00:00;13,1;16,74;-3,639999999999999;39292;21070;45611;5761;8331;22158;30489;26831;2570;1088;3658;0,11997769687428253;0,30848637618533187;0,04910190450401661;-0,27786259541984726;1;5
2016-05-07;11;2016-05-07 11:00:00;10,54;12,09;-1,5500000000000007;39292;24168;45611;8742;9137;25313;34450;32910;395;1145;1540;0,04470246734397678;0,04323081974389843;0,04523367439655513;-0,14705882352941185;1;5
2016-05-07;12;2016-05-07 12:00:00;6,12;7,83;-1,71;39292;25687;45611;12444;10537;26860;37397;38131;-1907;1173;-734;-0,01962724282696473;-0,1809813039764639;0,043670886075949364;-0,27941176470588236;1;5
2016-05-07;13;2016-05-07 13:00:00;5,32;4,95;0,3700000000000001;39292;25750;45611;13686;11862;26976;38838;39436;-1824;1226;-598;-0,015397291312631959;-0,1537683358624178;0,04544780545670225;0,06954887218045114;1;5
2016-05-07;14;2016-05-07 14:00:00;3,05;-1,22;4,27;39292;24542;45611;13629;12295;25699;37994;38171;-1334;1157;-177;-0,004658630310048955;-0,10849938999593331;0,04502120705085801;1,4;1;5
2016-05-07;15;2016-05-07 15:00:00;3,84;2,47;1,3699999999999997;39292;21800;45611;13807;12570;22857;35427;35607;-1237;1057;-180;-0,0050808705224828525;-0,09840891010342084;0,046244039025243905;0,35677083333333326;1;5
2016-05-07;16;2016-05-07 16:00:00;8,67;9,96;-1,2900000000000011;39292;17779;45611;14364;12749;18569;31318;32143;-1615;790;-825;-0,026342678331949677;-0,12667660208643816;0,04254402498788303;-0,14878892733564028;1;5
2016-05-07;17;2016-05-07 17:00:00;13,49;10,59;2,9000000000000004;39292;12392;45611;14674;12814;12908;25722;27066;-1860;516;-1344;-0,05225099136925589;-0,14515373809895427;0,039975209172606135;0,21497405485544852;1;5
2016-05-07;18;2016-05-07 18:00:00;19,92;13,55;6,370000000000001;39292;6680;45611;14286;12798;6728;19526;20966;-1488;48;-1440;-0,07374782341493394;-0,11626816690107829;0,007134363852556481;0,3197791164658635;1;5
2016-05-07;19;2016-05-07 19:00:00;21,43;14,19;7,24;39292;2439;45611;13528;12889;2308;15197;15967;-639;-131;-770;-0,050667894979272224;-0,0495771588175964;-0,05675909878682842;0,33784414372375177;1;5
2016-05-07;20;2016-05-07 20:00:00;19,93;15,77;4,16;39292;392;45611;13983;13462;401;13863;14375;-521;9;-512;-0,03693284281901464;-0,03870153023324915;0,022443890274314215;0,20873055694932263;1;5
2016-05-07;21;2016-05-07 21:00:00;19,81;19,19;0,6199999999999974;39292;0;45611;17134;14786;2;14788;17134;-2348;2;-2346;-0,15864214227752232;-0,1587988637900717;1,0;0,031297324583543534;1;5
2016-05-07;22;2016-05-07 22:00:00;19,72;14,53;5,19;39292;0;45611;18906;15514;0;15514;18906;-3392;0;-3392;-0,2186412272785871;-0,2186412272785871;;0,26318458417849905;1;5
2016-05-07;23;2016-05-07 23:00:00;18,22;11,45;6,77;39292;0;45611;19034;15555;0;15555;19034;-3479;0;-3479;-0,22365798778527804;-0,22365798778527804;;0,371569703622393;1;5
2016-05-08;0;2016-05-08 00:00:00;14,2;5,44;8,759999999999998;39292;0;45623;18878;16051;0;16051;18878;-2827;0;-2827;-0,17612609806242602;-0,17612609806242602;;0,6169014084507041;1;6
2016-05-08;1;2016-05-08 01:00:00;10,01;1,8;8,209999999999999;39292;0;45623;18094;15340;0;15340;18094;-2754;0;-2754;-0,17953063885267276;-0,17953063885267276;;0,82017982017982;1;6
2016-05-08;2;2016-05-08 02:00:00;7,98;-1,78;9,76;39292;0;45623;17076;14695;0;14695;17076;-2381;0;-2381;-0,1620279006464784;-0,1620279006464784;;1,2230576441102756;1;6
2016-05-08;3;2016-05-08 03:00:00;5,07;-7,15;12,22;39292;0;45623;16112;14084;0;14084;16112;-2028;0;-2028;-0,14399318375461517;-0,14399318375461517;;2,41025641025641;1;6
2016-05-08;4;2016-05-08 04:00:00;4,0;-1,09;5,09;39292;0;45623;15361;13626;0;13626;15361;-1735;0;-1735;-0,12733010421253485;-0,12733010421253485;;1,2725;1;6
2016-05-08;5;2016-05-08 05:00:00;3,0;-1,08;4,08;39292;65;45623;14688;13148;74;13222;14753;-1540;9;-1531;-0,11579186204810164;-0,11712808031639793;0,12162162162162163;1,36;1;6
2016-05-08;6;2016-05-08 06:00:00;2,91;0,26;2,6500000000000004;39292;1239;45623;14404;12450;1314;13764;15643;-1954;75;-1879;-0,13651554780587039;-0,15694779116465862;0,05707762557077625;0,9106529209621994;1;6
2016-05-08;7;2016-05-08 07:00:00;2,79;0,36;2,43;39292;4972;45623;12278;11373;5282;16655;17250;-905;310;-595;-0,035725007505253675;-0,07957443066912864;0,05868989019310867;0,8709677419354839;1;6
2016-05-08;8;2016-05-08 08:00:00;4,0;5,47;-1,4699999999999998;39292;10836;45623;9397;10418;11369;21787;20233;1021;533;1554;0,07132693808234268;0,09800345555768862;0,04688187175653092;-0,36749999999999994;1;6
2016-05-08;9;2016-05-08 09:00:00;2,35;8,66;-6,3100000000000005;39292;16688;45623;9978;10844;17429;28273;26666;866;741;1607;0,056838680012733;0,07985983032091479;0,04251534798324631;-2,6851063829787236;1;6
2016-05-08;10;2016-05-08 10:00:00;-1,63;5,59;-7,22;39292;21373;45623;14762;12707;22223;34930;36135;-2055;850;-1205;-0,034497566561694816;-0,16172188557488;0,03824866129685461;4,429447852760736;1;6
2016-05-08;11;2016-05-08 11:00:00;-7,09;-5,09;-2,0;39292;24409;45623;18936;14874;25314;40188;43345;-4062;905;-3157;-0,07855578779735245;-0,27309398951189995;0,035750967843880856;0,2820874471086037;1;6
2016-05-08;12;2016-05-08 12:00:00;-76,09;-78,53;2,4399999999999977;39292;25961;45623;16753;16669;26798;43467;42714;-84;837;753;0,017323486783076818;-0,0050392944987701725;0,03123367415478767;-0,032067288737021915;1;6
2016-05-08;13;2016-05-08 13:00:00;-100,06;-123,46;23,39999999999999;39292;25966;45623;15308;17830;26777;44607;41274;2522;811;3333;0,07471921447306476;0,1414469994391475;0,0302871867647608;-0,23385968418948622;1;6
2016-05-08;14;2016-05-08 14:00:00;-130,09;-155,52;25,43000000000001;39292;24593;45623;13816;18316;25308;43624;38409;4500;715;5215;0,11954428754813864;0,24568683118584844;0,028251936146672988;-0,19548005227150442;1;6
2016-05-08;15;2016-05-08 15:00:00;-82,06;-99,46;17,39999999999999;39292;21888;45623;16282;18203;22343;40546;38170;1921;455;2376;0,05860010851871948;0,10553205515574356;0,020364319921228124;-0,21203997075310738;1;6
2016-05-08;16;2016-05-08 16:00:00;-76,0;-65,39;-10,61;39292;17762;45623;19728;17727;18145;35872;37490;-2001;383;-1618;-0,04510481712756467;-0,11287865967168725;0,021107743179939378;0,13960526315789473;1;6
2016-05-08;17;2016-05-08 17:00:00;-0,6;-15,1;14,5;39292;12477;45623;21186;17322;12614;29936;33663;-3864;137;-3727;-0,12449893105291288;-0,22306892968479392;0,010860948152846044;-24,166666666666668;1;6
2016-05-08;18;2016-05-08 18:00:00;10,4;11,43;-1,0299999999999994;39292;6746;45623;21083;16793;6616;23409;27829;-4290;-130;-4420;-0,1888162672476398;-0,2554635860179837;-0,019649334945586457;-0,09903846153846148;1;6
2016-05-08;19;2016-05-08 19:00:00;19,35;16,3;3,0500000000000007;39292;2422;45623;18785;15929;2311;18240;21207;-2856;-111;-2967;-0,16266447368421053;-0,17929562433297758;-0,048031155344006926;0,15762273901808788;1;6
2016-05-08;20;2016-05-08 20:00:00;19,4;23,32;-3,9200000000000017;39292;422;45623;16447;15695;423;16118;16869;-752;1;-751;-0,04659387020722174;-0,04791334820006372;0,002364066193853428;-0,2020618556701032;1;6
2016-05-08;21;2016-05-08 21:00:00;20,02;29,7;-9,68;39292;0;45623;17140;16009;4;16013;17140;-1131;4;-1127;-0,07038031599325548;-0,07064776063464301;1,0;-0,4835164835164835;1;6
2016-05-08;22;2016-05-08 22:00:00;20,12;27,96;-7,84;39292;0;45623;17958;16361;0;16361;17958;-1597;0;-1597;-0,09761017052747387;-0,09761017052747387;;-0,38966202783300197;1;6
2016-05-08;23;2016-05-08 23:00:00;18,66;23,48;-4,82;39292;0;45623;18184;16142;0;16142;18184;-2042;0;-2042;-0,12650229215710568;-0,12650229215710568;;-0,2583065380493033;1;6
2016-05-09;0;2016-05-09 00:00:00;14,28;18,12;-3,8400000000000016;39303;0;45642;17763;16221;0;16221;17763;-1542;0;-1542;-0,09506195672276678;-0,09506195672276678;;-0,2689075630252102;1;0
2016-05-09;1;2016-05-09 01:00:00;12,68;15,54;-2,8599999999999994;39303;0;45642;17132;15483;0;15483;17132;-1649;0;-1649;-0,10650390751146419;-0,10650390751146419;;-0,22555205047318608;1;0
2016-05-09;2;2016-05-09 02:00:00;12,09;14,38;-2,290000000000001;39303;0;45642;16074;14807;0;14807;16074;-1267;0;-1267;-0,08556763692847977;-0,08556763692847977;;-0,18941273779983464;1;0
2016-05-09;3;2016-05-09 03:00:00;9,57;15,26;-5,69;39303;0;45642;15128;14333;0;14333;15128;-795;0;-795;-0,055466406195492916;-0,055466406195492916;;-0,5945663531870429;1;0
2016-05-09;4;2016-05-09 04:00:00;11,0;18,21;-7,210000000000001;39303;0;45642;14736;13959;0;13959;14736;-777;0;-777;-0,05566301310982162;-0,05566301310982162;;-0,6554545454545455;1;0
2016-05-09;5;2016-05-09 05:00:00;14,18;21,92;-7,740000000000002;39303;71;45642;14448;13499;83;13582;14519;-949;12;-937;-0,06898836695626565;-0,07030150381509742;0,14457831325301204;-0,5458392101551482;1;0
2016-05-09;6;2016-05-09 06:00:00;28,57;28,63;-0,05999999999999873;39303;1265;45642;13391;12842;1375;14217;14656;-549;110;-439;-0,03087852570865865;-0,0427503504127083;0,08;-0,002100105005250218;1;0
2016-05-09;7;2016-05-09 07:00:00;32,95;35,26;-2,309999999999995;39303;4974;45642;10842;11807;5280;17087;15816;965;306;1271;0,07438403464622227;0,08173117642076734;0,05795454545454545;-0,07010622154779954;1;0
2016-05-09;8;2016-05-09 08:00:00;34,69;49,19;-14,5;39303;10652;45642;8654;10786;11103;21889;19306;2132;451;2583;0,11800447713463383;0,1976636380493232;0,04061965234621274;-0,41798789276448545;1;0
2016-05-09;9;2016-05-09 09:00:00;31,24;39,7;-8,460000000000004;39303;16335;45642;10232;11142;16895;28037;26567;910;560;1470;0,05243071655312623;0,0816729492012206;0,033145901154187626;-0,27080665813060195;1;0
2016-05-09;10;2016-05-09 10:00:00;24,23;27,19;-2,9600000000000013;39303;20798;45642;14034;12526;21429;33955;34832;-1508;631;-877;-0,025828302164629658;-0,12038958965352067;0,029446077745111765;-0,12216260833677264;1;0
2016-05-09;11;2016-05-09 11:00:00;22,15;22,61;-0,4600000000000009;39303;23642;45642;17504;14047;24325;38372;41146;-3457;683;-2774;-0,07229229646617324;-0,24610237061294227;0,028078108941418295;-0,020767494356659186;1;0
2016-05-09;12;2016-05-09 12:00:00;17,08;16,54;0,5399999999999991;39303;24940;45642;18018;15383;25610;40993;42958;-2635;670;-1965;-0,0479350132949528;-0,17129298576350516;0,02616165560327997;0,03161592505854796;1;0
2016-05-09;13;2016-05-09 13:00:00;12,01;12,58;-0,5700000000000003;39303;24600;45642;18851;16369;25313;41682;43451;-2482;713;-1769;-0,042440381939446284;-0,15162807746349807;0,02816734484257101;-0,04746044962531226;1;0
2016-05-09;14;2016-05-09 14:00:00;10,85;13,46;-2,6100000000000008;39303;23011;45642;18812;16681;23657;40338;41823;-2131;646;-1485;-0,03681392235609103;-0,12775013488399975;0,027306928181933466;-0,24055299539170516;1;0
2016-05-09;15;2016-05-09 15:00:00;18,63;22,46;-3,830000000000002;39303;20375;45642;18548;16433;20622;37055;38923;-2115;247;-1868;-0,05041155039805694;-0,12870443619546035;0,011977499757540491;-0,2055823939881912;1;0
2016-05-09;16;2016-05-09 16:00:00;21,0;23,68;-2,68;39303;16387;45642;18159;15961;16481;32442;34546;-2198;94;-2104;-0,06485420134393687;-0,137710669757534;0,005703537406710758;-0,12761904761904763;1;0
2016-05-09;17;2016-05-09 17:00:00;23,71;30,81;-7,099999999999998;39303;11318;45642;17084;15366;11315;26681;28402;-1718;-3;-1721;-0,06450282972902065;-0,11180528439411688;-0,0002651347768448962;-0,2994517081400252;1;0
2016-05-09;18;2016-05-09 18:00:00;27,12;38,3;-11,179999999999994;39303;6303;45642;15859;14441;6022;20463;22162;-1418;-281;-1699;-0,08302790402189317;-0,0981926459386469;-0,04666223845898373;-0,4122418879056045;1;0
2016-05-09;19;2016-05-09 19:00:00;31,46;41,58;-10,119999999999996;39303;2388;45642;13750;13306;2211;15517;16138;-444;-177;-621;-0,04002062254301734;-0,03336840523072298;-0,08005427408412483;-0,32167832167832155;1;0
2016-05-09;20;2016-05-09 20:00:00;31,28;40,65;-9,369999999999996;39303;367;45642;12900;13267;386;13653;13267;367;19;386;0,02827217461363803;0,02766262154217231;0,04922279792746114;-0,29955242966751905;1;0
2016-05-09;21;2016-05-09 21:00:00;30,0;40,27;-10,270000000000003;39303;1;45642;14435;13846;3;13849;14436;-589;2;-587;-0,042385731821792186;-0,04253936154846165;0,6666666666666666;-0,34233333333333343;1;0
2016-05-09;22;2016-05-09 22:00:00;24,92;34,95;-10,03;39303;0;45642;15157;14203;0;14203;15157;-954;0;-954;-0,06716890797718791;-0,06716890797718791;;-0,40248796147672544;1;0
2016-05-09;23;2016-05-09 23:00:00;21,83;28,46;-6,630000000000003;39303;0;45642;15198;14207;0;14207;15198;-991;0;-991;-0,06975434644893362;-0,06975434644893362;;-0,30371049015116824;1;0
2016-05-10;0;2016-05-10 00:00:00;22,55;23,4;-0,8499999999999979;39306;0;45667;14838;13842;0;13842;14838;-996;0;-996;-0,07195491980927611;-0,07195491980927611;;-0,03769401330376931;1;1
2016-05-10;1;2016-05-10 01:00:00;21,09;23,74;-2,6499999999999986;39306;0;45667;13769;13285;0;13285;13769;-484;0;-484;-0,036432066240120436;-0,036432066240120436;;-0,12565196775723084;1;1
2016-05-10;2;2016-05-10 02:00:00;19,61;23,71;-4,100000000000001;39306;0;45667;12863;12773;0;12773;12863;-90;0;-90;-0,007046112894386597;-0,007046112894386597;;-0,2090770015298318;1;1
2016-05-10;3;2016-05-10 03:00:00;19,33;22,76;-3,4300000000000037;39306;0;45667;12478;12169;0;12169;12478;-309;0;-309;-0,02539239050045197;-0,02539239050045197;;-0,17744438696326972;1;1
2016-05-10;4;2016-05-10 04:00:00;19,87;20,49;-0,6199999999999974;39306;0;45667;12450;11768;0;11768;12450;-682;0;-682;-0,0579537729435758;-0,0579537729435758;;-0,03120281831907385;1;1
2016-05-10;5;2016-05-10 05:00:00;21,56;22,2;-0,6400000000000006;39306;80;45667;12054;11387;88;11475;12134;-667;8;-659;-0,057429193899782134;-0,05857556863089488;0,09090909090909091;-0,02968460111317257;1;1
2016-05-10;6;2016-05-10 06:00:00;28,5;30,35;-1,8500000000000012;39306;1260;45667;11111;10887;1208;12095;12371;-224;-52;-276;-0,022819346837536173;-0,020574997703683293;-0,04304635761589404;-0,06491228070175442;1;1
2016-05-10;7;2016-05-10 07:00:00;31,87;40,54;-8,669999999999998;39306;4459;45667;9099;10072;4470;14542;13558;973;11;984;0,0676660706917893;0,09660444797458301;0,0024608501118568234;-0,27204267336052707;1;1
2016-05-10;8;2016-05-10 08:00:00;36,66;50,18;-13,520000000000005;39306;8986;45667;6928;9263;8952;18215;15914;2335;-34;2301;0,12632445786439747;0,25207816042318903;-0,0037980339588918675;-0,3687943262411349;1;1
2016-05-10;9;2016-05-10 09:00:00;34,61;39,88;-5,270000000000003;39306;13104;45667;7541;9264;13217;22481;20645;1723;113;1836;0,08166896490369646;0,18598877374784112;0,008549595218279488;-0,15226813059809313;1;1
2016-05-10;10;2016-05-10 10:00:00;29,96;29,76;0,1999999999999993;39306;16361;45667;9914;10247;16415;26662;26275;333;54;387;0,014515040132023104;0,03249731628769396;0,0032896740785866587;0,006675567423230951;1;1
2016-05-10;11;2016-05-10 11:00:00;25,54;27,38;-1,84;39306;18494;45667;11362;11084;18278;29362;29856;-278;-216;-494;-0,016824466998160887;-0,025081198123421147;-0,011817485501696028;-0,07204385277995302;1;1
2016-05-10;12;2016-05-10 12:00:00;23,46;24,36;-0,8999999999999986;39306;19140;45667;11173;11506;18961;30467;30313;333;-179;154;0,005054649292677323;0,028941421866852078;-0,009440430357048678;-0,03836317135549866;1;1
2016-05-10;13;2016-05-10 13:00:00;23,34;25,29;-1,9499999999999995;39306;18148;45667;9943;11473;18470;29943;28091;1530;322;1852;0,06185084994823498;0,13335657630959644;0,017433676231727126;-0,08354755784061695;1;1
2016-05-10;14;2016-05-10 14:00:00;23,41;27,22;-3,809999999999999;39306;16436;45667;10509;11142;17084;28226;26945;633;648;1281;0,04538368879756253;0,056812062466343564;0,03793022711308827;-0,16275096112772316;1;1
2016-05-10;15;2016-05-10 15:00:00;27,6;27,58;0,02000000000000313;39306;14242;45667;10665;10710;14856;25566;24907;45;614;659;0,025776421810216693;0,004201680672268907;0,041330102315562736;0,0007246376811595337;1;1
2016-05-10;16;2016-05-10 16:00:00;28,21;30,45;-2,2399999999999984;39306;11565;45667;10525;10334;11959;22293;22090;-191;394;203;0,009105997398286457;-0,01848267853686859;0,032945898486495526;-0,07940446650124064;1;1
2016-05-10;17;2016-05-10 17:00:00;30,69;32,31;-1,620000000000001;39306;8259;45667;10839;10065;8427;18492;19098;-774;168;-606;-0,03277092796885139;-0,07690014903129658;0,019935920256318976;-0,05278592375366572;1;1
2016-05-10;18;2016-05-10 18:00:00;31,93;31,37;0,5599999999999987;39306;4890;45667;10536;9888;4716;14604;15426;-648;-174;-822;-0,05628594905505341;-0,06553398058252427;-0,03689567430025445;0,017538365173817686;1;1
2016-05-10;19;2016-05-10 19:00:00;32,5;32,68;-0,17999999999999972;39306;1988;45667;9756;9808;1819;11627;11744;52;-169;-117;-0,010062784897221984;0,005301794453507341;-0,09290819131390875;-0,0055384615384615294;1;1
2016-05-10;20;2016-05-10 20:00:00;32,25;33,06;-0,8100000000000023;39306;297;45667;10001;10291;331;10622;10298;290;34;324;0,030502730182639805;0,028179963074531144;0,1027190332326284;-0,025116279069767513;1;1
2016-05-10;21;2016-05-10 21:00:00;31,99;31,58;0,41000000000000014;39306;1;45667;11303;10838;3;10841;11304;-465;2;-463;-0,042708237247486396;-0,042904594943716554;0,6666666666666666;0,012816505157861837;1;1
2016-05-10;22;2016-05-10 22:00:00;29,96;30,36;-0,3999999999999986;39306;0;45667;12273;11202;0;11202;12273;-1071;0;-1071;-0,09560792715586502;-0,09560792715586502;;-0,013351134846461901;1;1
2016-05-10;23;2016-05-10 23:00:00;22,34;23,67;-1,3300000000000018;39306;0;45667;12397;11154;0;11154;12397;-1243;0;-1243;-0,11143984220907298;-0,11143984220907298;;-0,05953446732318719;1;1
2016-05-11;0;2016-05-11 00:00:00;22,4;25,96;-3,5600000000000023;39309;0;45670;11744;11572;0;11572;11744;-172;0;-172;-0,014863463532665053;-0,014863463532665053;;-0,15892857142857153;1;2
2016-05-11;1;2016-05-11 01:00:00;20,54;23,17;-2,6300000000000026;39309;0;45670;11199;11045;0;11045;11199;-154;0;-154;-0,013942960615663197;-0,013942960615663197;;-0,12804284323271678;1;2
2016-05-11;2;2016-05-11 02:00:00;19,92;21,34;-1,4199999999999982;39309;0;45670;10475;10571;0;10571;10475;96;0;96;0,009081449247942484;0,009081449247942484;;-0,0712851405622489;1;2
2016-05-11;3;2016-05-11 03:00:00;19,11;18,85;0,259999999999998;39309;0;45670;9756;10128;0;10128;9756;372;0;372;0,03672985781990521;0,03672985781990521;;0,013605442176870645;1;2
2016-05-11;4;2016-05-11 04:00:00;19,87;19,76;0,10999999999999943;39309;0;45670;9281;9764;0;9764;9281;483;0;483;0,04946743138058173;0,04946743138058173;;0,005535983895319548;1;2
2016-05-11;5;2016-05-11 05:00:00;21,84;24,63;-2,7899999999999987;39309;90;45670;8966;9388;95;9483;9056;422;5;427;0,04502794474322472;0,04495100127822752;0,05263157894736842;-0,12774725274725268;1;2
2016-05-11;6;2016-05-11 06:00:00;28,96;31,41;-2,4499999999999997;39309;1350;45670;8733;8864;1384;10248;10083;131;34;165;0,016100702576112413;0,014778880866425993;0,024566473988439308;-0,08459944751381214;1;2
2016-05-11;7;2016-05-11 07:00:00;35,27;36,8;-1,529999999999994;39309;4842;45670;7434;8100;5063;13163;12276;666;221;887;0,06738585428853605;0,08222222222222222;0,043650009875567844;-0,04337964275588301;1;2
2016-05-11;8;2016-05-11 08:00:00;39,6;38,75;0,8500000000000014;39309;9430;45670;5784;7450;10357;17807;15214;1666;927;2593;0,14561689223339136;0,22362416107382552;0,08950468282321135;0,0214646464646465;1;2
2016-05-11;9;2016-05-11 09:00:00;34,94;31,81;3,129999999999999;39309;14038;45670;5748;7670;15630;23300;19786;1922;1592;3514;0,15081545064377683;0,25058670143415906;0,1018554062699936;0,08958214081282195;1;2
2016-05-11;10;2016-05-11 10:00:00;29,41;28,49;0,9200000000000016;39309;18186;45670;7751;8396;19800;28196;25937;645;1614;2259;0,08011774719818414;0,07682229633158646;0,08151515151515151;0,03128187691261481;1;2
2016-05-11;11;2016-05-11 11:00:00;24,58;27,56;-2,9800000000000004;39309;21068;45670;11646;9628;22503;32131;32714;-2018;1435;-583;-0,01814447107155084;-0,2095970087245534;0,06376927520775008;-0,12123677786818554;1;2
2016-05-11;12;2016-05-11 12:00:00;22,19;23,21;-1,0199999999999996;39309;21365;45670;14520;11162;23700;34862;35885;-3358;2335;-1023;-0,029344271699845104;-0,3008421429851281;0,09852320675105486;-0,04596665164488506;1;2
2016-05-11;13;2016-05-11 13:00:00;20,87;20,72;0,15000000000000213;39309;21411;45670;14683;12236;23229;35465;36094;-2447;1818;-629;-0,017735795855068376;-0,1999836547891468;0,07826423866718327;0,007187350263536278;1;2
2016-05-11;14;2016-05-11 14:00:00;20,74;21,4;-0,6600000000000001;39309;20523;45670;14643;12890;21393;34283;35166;-1753;870;-883;-0,025756205699617885;-0,1359968968192397;0,04066750806338522;-0,031822565091610425;1;2
2016-05-11;15;2016-05-11 15:00:00;21,73;23,13;-1,3999999999999986;39309;17548;45670;15322;13216;18370;31586;32870;-2106;822;-1284;-0,04065092129424429;-0,15935230024213076;0,04474686989657049;-0,0644270593649332;1;2
2016-05-11;16;2016-05-11 16:00:00;22,54;24,69;-2,150000000000002;39309;13540;45670;15848;13629;14558;28187;29388;-2219;1018;-1201;-0,04260829460389541;-0,1628145865434001;0,06992718780052205;-0,09538598047914829;1;2
2016-05-11;17;2016-05-11 17:00:00;23,36;25,63;-2,27;39309;9400;45670;16092;14184;10029;24213;25492;-1908;629;-1279;-0,05282286375087763;-0,13451776649746192;0,06271811745936784;-0,09717465753424658;1;2
2016-05-11;18;2016-05-11 18:00:00;25,87;30,0;-4,129999999999999;39309;5282;45670;15716;14483;5436;19919;20998;-1233;154;-1079;-0,05416938601335408;-0,08513429538079127;0,02832965415746873;-0,1596443757247777;1;2
2016-05-11;19;2016-05-11 19:00:00;31,32;33,8;-2,479999999999997;39309;2162;45670;14989;14625;2083;16708;17151;-364;-79;-443;-0,026514244673210438;-0,024888888888888887;-0,037926068170907344;-0,07918263090676873;1;2
2016-05-11;20;2016-05-11 20:00:00;29,94;32,6;-2,66;39309;402;45670;14629;15348;384;15732;15031;719;-18;701;0,044558860920416984;0,046846494657284334;-0,046875;-0,08884435537742151;1;2
2016-05-11;21;2016-05-11 21:00:00;25,09;30,18;-5,09;39309;2;45670;16033;16142;3;16145;16035;109;1;110;0,006813254877671105;0,006752570932969893;0,3333333333333333;-0,2028696691909127;1;2
2016-05-11;22;2016-05-11 22:00:00;22,23;28,58;-6,349999999999998;39309;0;45670;16322;16693;0;16693;16322;371;0;371;0,02222488468220212;0,02222488468220212;;-0,2856500224921277;1;2
2016-05-11;23;2016-05-11 23:00:00;19,44;25,62;-6,18;39309;0;45670;16790;16905;0;16905;16790;115;0;115;0,006802721088435374;0,006802721088435374;;-0,3179012345679012;1;2
2016-05-12;0;2016-05-12 00:00:00;19,5;19,1;0,3999999999999986;39312;0;45700;16891;16359;0;16359;16891;-532;0;-532;-0,032520325203252036;-0,032520325203252036;;0,02051282051282044;1;3
2016-05-12;1;2016-05-12 01:00:00;17,81;15,92;1,8899999999999988;39312;0;45700;16384;16171;0;16171;16384;-213;0;-213;-0,01317172716591429;-0,01317172716591429;;0,10612015721504767;1;3
2016-05-12;2;2016-05-12 02:00:00;14,67;14,87;-0,1999999999999993;39312;0;45700;15981;15969;0;15969;15981;-12;0;-12;-0,0007514559458951719;-0,0007514559458951719;;-0,01363326516700745;1;3
2016-05-12;3;2016-05-12 03:00:00;14,0;13,51;0,4900000000000002;39312;0;45700;15514;15700;0;15700;15514;186;0;186;0,011847133757961783;0,011847133757961783;;0,03500000000000002;1;3
2016-05-12;4;2016-05-12 04:00:00;13,02;13,83;-0,8100000000000005;39312;0;45700;14922;15409;0;15409;14922;487;0;487;0,031604906223635536;0,031604906223635536;;-0,06221198156682032;1;3
2016-05-12;5;2016-05-12 05:00:00;18,08;18,39;-0,3100000000000023;39312;88;45700;14263;14965;100;15065;14351;702;12;714;0,04739462329903751;0,046909455395923824;0,12;-0,01714601769911517;1;3
2016-05-12;6;2016-05-12 06:00:00;24,08;21,44;2,639999999999997;39312;1158;45700;13454;14291;1196;15487;14612;837;38;875;0,056498999160586295;0,05856832971800434;0,03177257525083612;0,1096345514950165;1;3
2016-05-12;7;2016-05-12 07:00:00;30,93;29,49;1,4400000000000013;39312;3988;45700;11688;13517;4171;17688;15676;1829;183;2012;0,11374943464495703;0,13531108973884737;0,0438743706545193;0,046556741028128075;1;3
2016-05-12;8;2016-05-12 08:00:00;34,05;36,67;-2,6200000000000045;39312;7718;45700;9604;13067;8054;21121;17322;3463;336;3799;0,1798683774442498;0,26501874952169585;0,04171840079463621;-0,07694566813509558;1;3
2016-05-12;9;2016-05-12 09:00:00;30,96;33,74;-2,780000000000001;39312;11377;45700;9286;13415;11612;25027;20663;4129;235;4364;0,1743716785871259;0,3077897875512486;0,0202376851532897;-0,08979328165374681;1;3
2016-05-12;10;2016-05-12 10:00:00;28,93;28,9;0,030000000000001137;39312;13937;45700;10868;14063;14016;28079;24805;3195;79;3274;0,11659959400263542;0,22719192206499325;0,005636415525114155;0,0010369858278603918;1;3
2016-05-12;11;2016-05-12 11:00:00;26,95;27,26;-0,3100000000000023;39312;15167;45700;13609;14857;15235;30092;28776;1248;68;1316;0,04373255350259205;0,08400080770007404;0,004463406629471612;-0,011502782931354445;1;3
2016-05-12;12;2016-05-12 12:00:00;25,24;28,5;-3,2600000000000016;39312;15161;45700;16172;15557;15607;31164;31333;-615;446;-169;-0,005422923886535746;-0,03953204345310793;0,028576920612545652;-0,12916006339144223;1;3
2016-05-12;13;2016-05-12 13:00:00;24,15;28,69;-4,540000000000003;39312;14363;45700;16948;15937;15243;31180;31311;-1011;880;-131;-0,004201411161000641;-0,06343728430695865;0,05773141769992784;-0,18799171842650117;1;3
2016-05-12;14;2016-05-12 14:00:00;24,75;29,61;-4,8599999999999985;39312;13039;45700;16860;15905;14033;29938;29899;-955;994;39;0,0013026922306099272;-0,06004401131719585;0,0708330364141666;-0,1963636363636363;1;3
2016-05-12;15;2016-05-12 15:00:00;25,07;28,35;-3,280000000000001;39312;11490;45700;16036;15392;12176;27568;27526;-644;686;42;0,0015235055136390016;-0,04183991683991684;0,056340341655716164;-0,1308336657359394;1;3
2016-05-12;16;2016-05-12 16:00:00;25,14;28,56;-3,419999999999998;39312;9496;45700;15523;14813;9790;24603;25019;-710;294;-416;-0,01690850709263098;-0,04793087153176264;0,03003064351378958;-0,1360381861575178;1;3
2016-05-12;17;2016-05-12 17:00:00;27,47;31,4;-3,93;39312;6844;45700;15443;14229;6862;21091;22287;-1214;18;-1196;-0,05670665212649945;-0,08531871529973997;0,0026231419411250363;-0,14306516199490354;1;3
2016-05-12;18;2016-05-12 18:00:00;29,79;35,27;-5,480000000000004;39312;3988;45700;15044;13552;3933;17485;19032;-1492;-55;-1547;-0,08847583643122676;-0,11009445100354191;-0,01398423595219934;-0,1839543470963412;1;3
2016-05-12;19;2016-05-12 19:00:00;32,91;34,26;-1,3500000000000014;39312;1694;45700;13968;12714;1621;14335;15662;-1254;-73;-1327;-0,09257063132193931;-0,09863142991977347;-0,04503392967304133;-0,04102096627165;1;3
2016-05-12;20;2016-05-12 20:00:00;32,85;30,79;2,0600000000000023;39312;348;45700;13248;12373;311;12684;13596;-875;-37;-912;-0,07190160832544938;-0,07071849995958943;-0,1189710610932476;0,06270928462709291;1;3
2016-05-12;21;2016-05-12 21:00:00;31,84;28,02;3,82;39312;5;45700;12530;11967;4;11971;12535;-563;-1;-564;-0,047113858491354105;-0,047046043285702346;-0,25;0,11997487437185929;1;3
2016-05-12;22;2016-05-12 22:00:00;29,98;26,83;3,1500000000000017;39312;0;45700;11091;11270;0;11270;11091;179;0;179;0,01588287488908607;0,01588287488908607;;0,10507004669779858;1;3
2016-05-12;23;2016-05-12 23:00:00;25,14;25,16;-0,01999999999999957;39312;0;45700;10063;10488;0;10488;10063;425;0;425;0,04052250190694127;0,04052250190694127;;-0,0007955449482895613;1;3
2016-05-13;0;2016-05-13 00:00:00;23,07;20,76;2,3099999999999987;39317;0;45737;9211;9313;0;9313;9211;102;0;102;0,0109524320841834;0,0109524320841834;;0,10013003901170345;1;4
2016-05-13;1;2016-05-13 01:00:00;21,41;20,42;0,9899999999999984;39317;0;45737;8352;8561;0;8561;8352;209;0;209;0,024413035860296695;0,024413035860296695;;0,046240074731433836;1;4
2016-05-13;2;2016-05-13 02:00:00;21,04;18,88;2,16;39317;0;45737;7803;7843;0;7843;7803;40;0;40;0,005100089251561903;0,005100089251561903;;0,10266159695817492;1;4
2016-05-13;3;2016-05-13 03:00:00;20,55;17,72;2,830000000000002;39317;0;45737;7344;7221;0;7221;7344;-123;0;-123;-0,01703365184877441;-0,01703365184877441;;0,13771289537712905;1;4
2016-05-13;4;2016-05-13 04:00:00;21,13;16,51;4,619999999999997;39317;0;45737;6894;6682;0;6682;6894;-212;0;-212;-0,03172702783597725;-0,03172702783597725;;0,2186464742072881;1;4
2016-05-13;5;2016-05-13 05:00:00;23,0;19,53;3,469999999999999;39317;70;45737;6212;6130;86;6216;6282;-82;16;-66;-0,010617760617760617;-0,013376835236541599;0,18604651162790697;0,15086956521739125;1;4
2016-05-13;6;2016-05-13 06:00:00;28,07;22,42;5,649999999999999;39317;910;45737;5519;5466;1011;6477;6429;-53;101;48;0,007410838351088467;-0,009696304427369191;0,09990108803165183;0,20128250801567504;1;4
2016-05-13;7;2016-05-13 07:00:00;36,14;35,31;0,8299999999999983;39317;3030;45737;4224;4721;3365;8086;7254;497;335;832;0,10289389067524116;0,10527430629104004;0,09955423476968796;0,022966242390702774;1;4
2016-05-13;8;2016-05-13 08:00:00;40,21;37,87;2,3400000000000034;39317;6004;45737;3106;4299;6537;10836;9110;1193;533;1726;0,15928386858619417;0,2775063968364736;0,08153587272449135;0,05819447898532712;1;4
2016-05-13;9;2016-05-13 09:00:00;38,23;37,28;0,9499999999999956;39317;9322;45737;3132;4428;9862;14290;12454;1296;540;1836;0,128481455563331;0,2926829268292683;0,0547556276617319;0,02484959455924655;1;4
2016-05-13;10;2016-05-13 10:00:00;35,37;33,45;1,9199999999999944;39317;12438;45737;3973;4792;12696;17488;16411;819;258;1077;0,06158508691674291;0,17090984974958265;0,020321361058601134;0,054283290924512145;1;4
2016-05-13;11;2016-05-13 11:00:00;35,45;33,33;2,1200000000000045;39317;14604;45737;5517;5521;14729;20250;20121;4;125;129;0,00637037037037037;0,0007245064299945662;0,008486658972095865;0,0598025387870241;1;4
2016-05-13;12;2016-05-13 12:00:00;30,94;28,5;2,4400000000000013;39317;15844;45737;7008;6597;15868;22465;22852;-411;24;-387;-0,017226797240151345;-0,062301045929968164;0,0015124779430299975;0,07886231415643184;1;4
2016-05-13;13;2016-05-13 13:00:00;27,99;26,39;1,599999999999998;39317;16024;45737;8187;7785;16112;23897;24211;-402;88;-314;-0,013139724651629912;-0,05163776493256262;0,005461767626613704;0,05716327259735613;1;4
2016-05-13;14;2016-05-13 14:00:00;25,28;25,15;0,13000000000000256;39317;15777;45737;10286;8920;15572;24492;26063;-1366;-205;-1571;-0,06414339376122816;-0,1531390134529148;-0,013164654508091447;0,00514240506329124;1;4
2016-05-13;15;2016-05-13 15:00:00;23,8;22,66;1,1400000000000006;39317;14391;45737;12474;10015;14076;24091;26865;-2459;-315;-2774;-0,1151467352953385;-0,2455317024463305;-0,02237851662404092;0,04789915966386557;1;4
2016-05-13;16;2016-05-13 16:00:00;23,53;21,43;2,1000000000000014;39317;11864;45737;13573;11050;11678;22728;25437;-2523;-186;-2709;-0,1191921858500528;-0,22832579185520363;-0,015927384826168865;0,0892477688057799;1;4
2016-05-13;17;2016-05-13 17:00:00;24,01;22,66;1,3500000000000014;39317;8477;45737;14119;11854;8469;20323;22596;-2265;-8;-2273;-0,11184372385966639;-0,1910747427028851;-0,0009446215609871296;0,05622657226155774;1;4
2016-05-13;18;2016-05-13 18:00:00;26,37;27,17;-0,8000000000000007;39317;4809;45737;14160;12108;4958;17066;18969;-2052;149;-1903;-0,11150826204148599;-0,1694747274529237;0,030052440500201696;-0,030337504740235142;1;4
2016-05-13;19;2016-05-13 19:00:00;29,0;29,97;-0,9699999999999988;39317;1946;45737;13260;12083;2009;14092;15206;-1177;63;-1114;-0,0790519443655975;-0,09740958371265414;0,0313588850174216;-0,03344827586206892;1;4
2016-05-13;20;2016-05-13 20:00:00;27,1;28,61;-1,509999999999998;39317;410;45737;11993;12091;382;12473;12403;98;-28;70;0,005612122183917261;0,008105202216524688;-0,07329842931937172;-0,05571955719557188;1;4
2016-05-13;21;2016-05-13 21:00:00;25,03;27,0;-1,9699999999999989;39317;6;45737;11146;12399;5;12404;11152;1253;-1;1252;0,10093518219929055;0,10105653681748528;-0,2;-0,07870555333599676;1;4
2016-05-13;22;2016-05-13 22:00:00;26,96;27,77;-0,8099999999999987;39317;0;45737;11236;12769;0;12769;11236;1533;0;1533;0,12005638656120292;0,12005638656120292;;-0,030044510385756628;1;4
2016-05-13;23;2016-05-13 23:00:00;23,02;27,29;-4,27;39317;0;45737;11588;13196;0;13196;11588;1608;0;1608;0,12185510760836617;0,12185510760836617;;-0,18549087749782797;1;4
2016-05-14;0;2016-05-14 00:00:00;13,76;20,74;-6,979999999999999;39318;0;45737;11893;12970;0;12970;11893;1077;0;1077;0,08303777949113339;0,08303777949113339;;-0,507267441860465;1;5
2016-05-14;1;2016-05-14 01:00:00;13,1;18,71;-5,610000000000001;39318;0;45737;12289;13351;0;13351;12289;1062;0;1062;0,07954460340049435;0,07954460340049435;;-0,4282442748091604;1;5
2016-05-14;2;2016-05-14 02:00:00;11,51;14,75;-3,24;39318;0;45737;12804;13753;0;13753;12804;949;0;949;0,06900312659056206;0,06900312659056206;;-0,28149435273675066;1;5
2016-05-14;3;2016-05-14 03:00:00;9,71;13,97;-4,26;39318;0;45737;13432;14174;0;14174;13432;742;0;742;0,05234937208974178;0,05234937208974178;;-0,43872296601441807;1;5
2016-05-14;4;2016-05-14 04:00:00;10,37;12,19;-1,8200000000000005;39318;0;45737;13916;14570;0;14570;13916;654;0;654;0,044886753603294444;0,044886753603294444;;-0,17550626808100295;1;5
2016-05-14;5;2016-05-14 05:00:00;10,21;11,17;-0,9599999999999992;39318;90;45737;14014;14896;111;15007;14104;882;21;903;0,06017191977077364;0,05921052631578947;0,1891891891891892;-0,09402546523016642;1;5
2016-05-14;6;2016-05-14 06:00:00;9,91;13,32;-3,41;39318;1144;45737;14179;15171;1281;16452;15323;992;137;1129;0,06862387551665451;0,0653879111462659;0,10694769711163153;-0,3440968718466196;1;5
2016-05-14;7;2016-05-14 07:00:00;11,24;15,6;-4,3599999999999985;39318;3686;45737;14277;15539;4334;19873;17963;1262;648;1910;0,09611030040758818;0,08121500740073363;0,1495154591601292;-0,387900355871886;1;5
2016-05-14;8;2016-05-14 08:00:00;15,57;22,11;-6,539999999999999;39318;6797;45737;15666;15818;8377;24195;22463;152;1580;1732;0,07158503823103947;0,009609305854090276;0,18861167482392263;-0,420038535645472;1;5
2016-05-14;9;2016-05-14 09:00:00;14,86;18,1;-3,240000000000002;39318;9970;45737;16230;15902;12412;28314;26200;-328;2442;2114;0,07466271102634739;-0,020626336309898127;0,19674508540122462;-0,21803499327052503;1;5
2016-05-14;10;2016-05-14 10:00:00;11,99;15,26;-3,27;39318;12641;45737;16441;16053;15793;31846;29082;-388;3152;2764;0,08679268981975759;-0,0241699370834112;0,19958209333248908;-0,2727272727272727;1;5
2016-05-14;11;2016-05-14 11:00:00;11,37;17,5;-6,130000000000001;39318;14918;45737;17141;16296;18180;34476;32059;-845;3262;2417;0,07010674092122056;-0,05185321551300933;0,17942794279427943;-0,5391380826737028;1;5
2016-05-14;12;2016-05-14 12:00:00;10,27;17,55;-7,280000000000001;39318;15741;45737;17333;16668;19450;36118;33074;-665;3709;3044;0,08427930671687248;-0,039896808255339575;0,19069408740359897;-0,708860759493671;1;5
2016-05-14;13;2016-05-14 13:00:00;8,14;15,34;-7,199999999999998;39318;15765;45737;17918;17196;19398;36594;33683;-722;3633;2911;0,07954855987320325;-0,041986508490346595;0,1872873492112589;-0,8845208845208843;1;5
2016-05-14;14;2016-05-14 14:00:00;7,01;13,45;-6,44;39318;14938;45737;18643;17923;18179;36102;33581;-720;3241;2521;0,06982992631987148;-0,040171846231099706;0,17828263380824028;-0,9186875891583453;1;5
2016-05-14;15;2016-05-14 15:00:00;4,95;12,99;-8,04;39318;12562;45737;19022;18819;15992;34811;31584;-203;3430;3227;0,09270058314900463;-0,010786970614804187;0,21448224112056027;-1,624242424242424;1;5
2016-05-14;16;2016-05-14 16:00:00;4,92;11,9;-6,98;39318;9995;45737;19456;19454;13065;32519;29451;-2;3070;3068;0,09434484455241551;-0,00010280662074637607;0,23497895139686184;-1,41869918699187;1;5
2016-05-14;17;2016-05-14 17:00:00;9,91;17,71;-7,800000000000002;39318;7156;45737;19536;19572;9371;28943;26692;36;2215;2251;0,07777355491828766;0,0018393623543838135;0,23636751680717105;-0,7870837537840567;1;5
2016-05-14;18;2016-05-14 18:00:00;15,01;22,21;-7,200000000000001;39318;4270;45737;18697;18937;5467;24404;22967;240;1197;1437;0,05888378954269792;0,012673601943285632;0,21895006402048656;-0,47968021319120596;1;5
2016-05-14;19;2016-05-14 19:00:00;20,71;24,31;-3,5999999999999983;39318;1945;45737;17697;17938;2281;20219;19642;241;336;577;0,02853751421929868;0,013435165570297692;0,14730381411661553;-0,17382906808305157;1;5
2016-05-14;20;2016-05-14 20:00:00;20,46;26,31;-5,849999999999998;39318;385;45737;16282;16877;435;17312;16667;595;50;645;0,03725739371534196;0,035255080879303194;0,11494252873563218;-0,285923753665689;1;5
2016-05-14;21;2016-05-14 21:00:00;19,3;27,41;-8,11;39318;6;45737;14788;16023;7;16030;14794;1235;1;1236;0,07710542732376793;0,07707670224052923;0,14285714285714285;-0,4202072538860103;1;5
2016-05-14;22;2016-05-14 22:00:00;23,6;31,7;-8,099999999999998;39318;0;45737;14547;15461;0;15461;14547;914;0;914;0,059116486643813464;0,059116486643813464;;-0,3432203389830507;1;5
2016-05-14;23;2016-05-14 23:00:00;20,52;28,12;-7,600000000000001;39318;0;45737;14907;15406;0;15406;14907;499;0;499;0,03238997793067636;0,03238997793067636;;-0,37037037037037046;1;5
2016-05-15;0;2016-05-15 00:00:00;20,0;18,75;1,25;39318;0;45737;14820;15763;0;15763;14820;943;0;943;0,05982363763243038;0,05982363763243038;;0,0625;1;6
2016-05-15;1;2016-05-15 01:00:00;12,98;11,24;1,7400000000000002;39318;0;45737;15437;16126;0;16126;15437;689;0;689;0,04272603249410889;0,04272603249410889;;0,13405238828967644;1;6
2016-05-15;2;2016-05-15 02:00:00;11,94;9,02;2,92;39318;0;45737;15472;16292;0;16292;15472;820;0;820;0,05033145101890498;0,05033145101890498;;0,24455611390284757;1;6
2016-05-15;3;2016-05-15 03:00:00;9,13;5,13;4,000000000000001;39318;0;45737;15313;16372;0;16372;15313;1059;0;1059;0,06468360615685316;0,06468360615685316;;0,4381161007667032;1;6
2016-05-15;4;2016-05-15 04:00:00;9,19;5,18;4,01;39318;0;45737;15226;16462;0;16462;15226;1236;0;1236;0,07508200704653141;0,07508200704653141;;0,4363438520130577;1;6
2016-05-15;5;2016-05-15 05:00:00;9,56;5,0;4,5600000000000005;39318;87;45737;15435;16484;108;16592;15522;1049;21;1070;0,06448891031822565;0,06363746663431206;0,19444444444444445;0,4769874476987448;1;6
2016-05-15;6;2016-05-15 06:00:00;7,1;4,77;2,33;39318;1191;45737;15479;16440;1318;17758;16670;961;127;1088;0,061268160828922176;0,05845498783454988;0,09635811836115327;0,32816901408450705;1;6
2016-05-15;7;2016-05-15 07:00:00;5,63;2,53;3,1;39318;3687;45737;15218;16522;4388;20910;18905;1304;701;2005;0,09588713534194165;0,07892506960416415;0,1597538742023701;0,5506216696269982;1;6
2016-05-15;8;2016-05-15 08:00:00;5,5;5,14;0,3600000000000003;39318;6764;45737;15487;16866;8375;25241;22251;1379;1611;2990;0,1184580642605285;0,08176212498517728;0,19235820895522387;0,06545454545454552;1;6
2016-05-15;9;2016-05-15 09:00:00;4,57;7,97;-3,3999999999999995;39318;10232;45737;16738;17197;12349;29546;26970;459;2117;2576;0,08718608271847289;0,02669070186660464;0,1714308850919103;-0,7439824945295404;1;6
2016-05-15;10;2016-05-15 10:00:00;3,5;10,95;-7,449999999999998;39318;12226;45737;18018;17367;15420;32787;30244;-651;3194;2543;0,07756122853570012;-0,037484885126964934;0,2071335927367056;-2,128571428571428;1;6
2016-05-15;11;2016-05-15 11:00:00;3,63;13,5;-9,87;39318;13224;45737;19134;17711;17467;35178;32358;-1423;4243;2820;0,08016373870032406;-0,08034554796454181;0,24291521154176446;-2,71900826446281;1;6
2016-05-15;12;2016-05-15 12:00:00;0,73;15,48;-14,75;39318;13899;45737;19429;18379;18253;36632;33328;-1050;4354;3304;0,0901943655820048;-0,05713042058871538;0,23853613104695118;-20,205479452054796;1;6
2016-05-15;13;2016-05-15 13:00:00;-9,25;13,46;-22,71;39318;14752;45737;19951;19118;17749;36867;34703;-833;2997;2164;0,05869748013128272;-0,04357150329532378;0,16885458335680884;2,4551351351351354;1;6
2016-05-15;14;2016-05-15 14:00:00;-35,02;1,41;-36,43;39318;14710;45737;20029;19294;16396;35690;34739;-735;1686;951;0,026646119361165593;-0,03809474448014927;0,10282995852646987;1,0402627070245574;1;6
2016-05-15;15;2016-05-15 15:00:00;-8,24;3,62;-11,86;39318;13401;45737;20349;19530;14375;33905;33750;-819;974;155;0,0045715971095708595;-0,041935483870967745;0,06775652173913044;1,4393203883495145;1;6
2016-05-15;16;2016-05-15 16:00:00;-2,97;4,37;-7,34;39318;11146;45737;19710;19630;11877;31507;30856;-80;731;651;0,02066207509442346;-0,004075394803871625;0,06154752883724846;2,471380471380471;1;6
2016-05-15;17;2016-05-15 17:00:00;2,49;11,12;-8,629999999999999;39318;8130;45737;18978;18955;8739;27694;27108;-23;609;586;0,02115981801112154;-0,001213400158269586;0,06968760727772057;-3,46586345381526;1;6
2016-05-15;18;2016-05-15 18:00:00;14,45;18,93;-4,48;39318;4902;45737;18200;17320;5273;22593;23102;-880;371;-509;-0,022529101934227417;-0,050808314087759814;0,07035842973639295;-0,3100346020761246;1;6
2016-05-15;19;2016-05-15 19:00:00;21,41;25,64;-4,23;39318;2192;45737;16077;15542;2307;17849;18269;-535;115;-420;-0,023530730012885876;-0,034422854201518464;0,04984828781967924;-0,19757122839794491;1;6
2016-05-15;20;2016-05-15 20:00:00;21,69;25,1;-3,41;39318;385;45737;14058;14047;429;14476;14443;-11;44;33;0,0022796352583586625;-0,0007830853563038371;0,10256410256410256;-0,15721530659289995;1;6
2016-05-15;21;2016-05-15 21:00:00;22,95;25,33;-2,379999999999999;39318;7;45737;13065;13113;7;13120;13072;48;0;48;0,003658536585365854;0,0036604895904827272;0,0;-0,10370370370370366;1;6
2016-05-15;22;2016-05-15 22:00:00;24,28;27,47;-3,1899999999999977;39318;0;45737;12621;12511;0;12511;12621;-110;0;-110;-0,008792262808728319;-0,008792262808728319;;-0,1313838550247116;1;6
2016-05-15;23;2016-05-15 23:00:00;22,36;23,28;-0,9200000000000016;39318;0;45737;13078;12217;0;12217;13078;-861;0;-861;-0,07047556683310141;-0,07047556683310141;;-0,041144901610017964;1;6
2016-05-16;0;2016-05-16 00:00:00;17,85;15,81;2,040000000000001;39318;0;45737;12562;12046;0;12046;12562;-516;0;-516;-0,04283579611489291;-0,04283579611489291;;0,11428571428571432;1;0
2016-05-16;1;2016-05-16 01:00:00;16,86;15,44;1,42;39318;0;45737;12060;12024;0;12024;12060;-36;0;-36;-0,0029940119760479044;-0,0029940119760479044;;0,08422301304863582;1;0
2016-05-16;2;2016-05-16 02:00:00;16,06;15,15;0,9099999999999984;39318;0;45737;11727;11957;0;11957;11727;230;0;230;0,019235594212595134;0,019235594212595134;;0,056662515566625056;1;0
2016-05-16;3;2016-05-16 03:00:00;15,04;16,35;-1,3100000000000025;39318;0;45737;11276;11719;0;11719;11276;443;0;443;0,03780186022698182;0,03780186022698182;;-0,08710106382978741;1;0
2016-05-16;4;2016-05-16 04:00:00;14,06;16,71;-2,6500000000000004;39318;0;45737;11226;11418;1;11419;11226;192;1;193;0,016901655136176547;0,016815554387808723;1,0;-0,18847795163584638;1;0
2016-05-16;5;2016-05-16 05:00:00;15,93;17,61;-1,6799999999999995;39318;94;45737;11154;11155;121;11276;11248;1;27;28;0,0024831500532103584;8,964589870013447e-05;0,2231404958677686;-0,1054613935969868;1;0
2016-05-16;6;2016-05-16 06:00:00;16,42;17,35;-0,9299999999999996;39318;1082;45737;10104;10900;1212;12112;11186;796;130;926;0,07645310435931307;0,07302752293577981;0,10726072607260725;-0,05663824604141288;1;0
2016-05-16;7;2016-05-16 07:00:00;19,43;19,58;-0,14999999999999858;39318;3220;45737;9615;10713;3801;14514;12835;1098;581;1679;0,11568141105139865;0,10249229907588911;0,15285451197053407;-0,007720020586721492;1;0
2016-05-16;8;2016-05-16 08:00:00;22,54;22,58;-0,03999999999999915;39318;5721;45737;9984;10631;6996;17627;15705;647;1275;1922;0,10903727236625631;0,06085974978835481;0,18224699828473415;-0,0017746228926352773;1;0
2016-05-16;9;2016-05-16 09:00:00;22,91;25,39;-2,4800000000000004;39318;8235;45737;10930;10573;10166;20739;19165;-357;1931;1574;0,07589565552823184;-0,03376525111132129;0,18994688176273855;-0,10824967263203843;1;0
2016-05-16;10;2016-05-16 10:00:00;23,11;24,96;-1,8500000000000012;39318;10332;45737;10890;10518;12825;23343;21222;-372;2493;2121;0,09086235702351883;-0,03536794067313177;0,1943859649122807;-0,08005192557334492;1;0
2016-05-16;11;2016-05-16 11:00:00;23,35;25,35;-2,0;39318;12057;45737;10598;10584;14706;25290;22655;-14;2649;2635;0,10419137999209174;-0,0013227513227513227;0,18013055895552835;-0,08565310492505353;1;0
2016-05-16;12;2016-05-16 12:00:00;22,9;25,67;-2,770000000000003;39318;13066;45737;10998;10830;15624;26454;24064;-168;2558;2390;0,09034550540560973;-0,01551246537396122;0,16372247823860728;-0,12096069868995647;1;0
2016-05-16;13;2016-05-16 13:00:00;18,23;23,27;-5,039999999999999;39318;13260;45737;11119;11191;15643;26834;24379;72;2383;2455;0,0914884102258329;0,0064337413993387545;0,15233650834238957;-0,27646736149204604;1;0
2016-05-16;14;2016-05-16 14:00:00;16,09;20,81;-4,719999999999999;39318;12949;45737;11952;11767;15025;26792;24901;-185;2076;1891;0,07058077037921767;-0,01572193422282655;0,13816971713810317;-0,293349906774394;1;0
2016-05-16;15;2016-05-16 15:00:00;16,26;21,09;-4,829999999999998;39318;11918;45737;12460;12490;13617;26107;24378;30;1699;1729;0,06622744857701;0,0024019215372297837;0,12477050745391789;-0,29704797047970466;1;0
2016-05-16;16;2016-05-16 16:00:00;17,15;20,08;-2,93;39318;9698;45737;12927;13061;11313;24374;22625;134;1615;1749;0,07175679002215475;0,010259551336038588;0,14275612127640766;-0,1708454810495627;1;0
2016-05-16;17;2016-05-16 17:00:00;18,27;21,0;-2,7300000000000004;39318;7124;45737;13032;13124;8289;21413;20156;92;1165;1257;0,05870265726427871;0,007010057909174032;0,1405477138376161;-0,14942528735632188;1;0
2016-05-16;18;2016-05-16 18:00:00;24,0;27,8;-3,8000000000000007;39318;4420;45737;12983;12527;5037;17564;17403;-456;617;161;0,009166476884536551;-0,03640137303424603;0,1224935477466746;-0,15833333333333335;1;0
2016-05-16;19;2016-05-16 19:00:00;27,16;27,64;-0,4800000000000004;39318;2063;45737;11876;11684;2192;13876;13939;-192;129;-63;-0,004540213317959066;-0,01643272851763095;0,05885036496350365;-0,01767304860088367;1;0
2016-05-16;20;2016-05-16 20:00:00;28,37;26,8;1,5700000000000005;39318;415;45737;10498;10579;439;11018;10913;81;24;105;0,009529860228716646;0,007656678324983458;0,05466970387243736;0,05534014804370816;1;0
2016-05-16;21;2016-05-16 21:00:00;31,93;27,36;4,57;39318;6;45737;9537;10060;9;10069;9543;523;3;526;0,052239547124838616;0,05198807157057654;0,3333333333333333;0,14312558722204824;1;0
2016-05-16;22;2016-05-16 22:00:00;29,99;27,03;2,9599999999999973;39318;0;45737;9300;9945;0;9945;9300;645;0;645;0,06485671191553545;0,06485671191553545;;0,09869956652217397;1;0
2016-05-16;23;2016-05-16 23:00:00;24,99;22,45;2,539999999999999;39318;0;45737;9952;10052;0;10052;9952;100;0;100;0,009948269001193792;0,009948269001193792;;0,10164065626250497;1;0
2016-05-17;0;2016-05-17 00:00:00;30,0;24,39;5,6099999999999985;39320;0;45752;9973;9385;0;9385;9973;-588;0;-588;-0,06265316995205114;-0,06265316995205114;;0,18699999999999994;1;1
2016-05-17;1;2016-05-17 01:00:00;24,0;18,47;5,530000000000001;39320;0;45752;10170;9641;0;9641;10170;-529;0;-529;-0,0548698267814542;-0,0548698267814542;;0,23041666666666671;1;1
2016-05-17;2;2016-05-17 02:00:00;22,82;17,82;5,0;39320;0;45752;10425;9900;0;9900;10425;-525;0;-525;-0,05303030303030303;-0,05303030303030303;;0,21910604732690622;1;1
2016-05-17;3;2016-05-17 03:00:00;21,6;18,02;3,580000000000002;39320;0;45752;10266;10126;0;10126;10266;-140;0;-140;-0,013825794983211535;-0,013825794983211535;;0,16574074074074083;1;1
2016-05-17;4;2016-05-17 04:00:00;21,73;17,28;4,449999999999998;39320;0;45752;10485;10318;1;10319;10485;-167;1;-166;-0,016086830119197596;-0,01618530723008335;1,0;0,2047860101242521;1;1
2016-05-17;5;2016-05-17 05:00:00;22,91;17,32;5,59;39320;90;45752;10313;10458;117;10575;10403;145;27;172;0,016264775413711585;0,013864983744501817;0,23076923076923078;0,2439982540375382;1;1
2016-05-17;6;2016-05-17 06:00:00;29,95;24,71;5,239999999999998;39320;1103;45752;9693;10435;1359;11794;10796;742;256;998;0,08461929794810921;0,07110685194058457;0,188373804267844;0,17495826377295487;1;1
2016-05-17;7;2016-05-17 07:00:00;36,36;34,55;1,8100000000000025;39320;3119;45752;9349;10527;4158;14685;12468;1178;1039;2217;0,15097037793667006;0,11190272632278903;0,24987974987974987;0,04977997799779985;1;1
2016-05-17;8;2016-05-17 08:00:00;38,0;39,32;-1,3200000000000005;39320;5598;45752;9732;10929;7533;18462;15330;1197;1935;3132;0,1696457588560286;0,10952511666209168;0,25686977299880526;-0,03473684210526317;1;1
2016-05-17;9;2016-05-17 09:00:00;30,93;39,58;-8,649999999999999;39320;8505;45752;10808;11605;10763;22368;19313;797;2258;3055;0,13657904148783978;0,06867729426971134;0,20979280869646008;-0,2796637568703524;1;1
2016-05-17;10;2016-05-17 10:00:00;28,99;36,9;-7,91;39320;11106;45752;10833;12161;12790;24951;21939;1328;1684;3012;0,12071660454490803;0,10920154592549955;0,13166536356528538;-0,2728527078302863;1;1
2016-05-17;11;2016-05-17 11:00:00;32,22;35,93;-3,7100000000000013;39320;12340;45752;10447;12536;13785;26321;22787;2089;1445;3534;0,13426541544774134;0,16664007657945118;0,1048240841494378;-0,1151458721291124;1;1
2016-05-17;12;2016-05-17 12:00:00;31,61;34,13;-2,520000000000003;39320;12769;45752;10377;12691;14235;26926;23146;2314;1466;3780;0,1403847582262497;0,18233393743597825;0,10298559887600983;-0,07972160708636518;1;1
2016-05-17;13;2016-05-17 13:00:00;30,08;34,62;-4,539999999999999;39320;12281;45752;10494;12660;14365;27025;22775;2166;2084;4250;0,1572617946345976;0,17109004739336492;0,14507483466759485;-0,15093085106382978;1;1
2016-05-17;14;2016-05-17 14:00:00;29,93;34,49;-4,560000000000001;39320;11563;45752;10256;12400;13829;26229;21819;2144;2266;4410;0,16813450760608487;0,17290322580645162;0,16385855810253813;-0,15235549615770136;1;1
2016-05-17;15;2016-05-17 15:00:00;30,0;34,46;-4,460000000000001;39320;10681;45752;9769;12140;12496;24636;20450;2371;1815;4186;0,16991394706932944;0,19530477759472817;0,14524647887323944;-0,1486666666666667;1;1
2016-05-17;16;2016-05-17 16:00:00;30,02;33,33;-3,3099999999999987;39320;9202;45752;9015;11602;10498;22100;18217;2587;1296;3883;0,17570135746606336;0,22297879675917945;0,12345208611164031;-0,1102598267821452;1;1
2016-05-17;17;2016-05-17 17:00:00;30,14;35,68;-5,539999999999999;39320;7183;45752;7706;10450;7905;18355;14889;2744;722;3466;0,18883138109506947;0,26258373205741625;0,09133459835547122;-0,18380889183808888;1;1
2016-05-17;18;2016-05-17 18:00:00;34,64;36,73;-2,0899999999999963;39320;4821;45752;6461;8712;4937;13649;11282;2251;116;2367;0,17341929811707818;0,25837924701561066;0,02349605023293498;-0,06033487297921467;1;1
2016-05-17;19;2016-05-17 19:00:00;34,92;36,55;-1,6299999999999957;39320;2307;45752;4870;6910;2222;9132;7177;2040;-85;1955;0,21408234778799826;0,2952243125904486;-0,038253825382538256;-0,04667812142038934;1;1
2016-05-17;20;2016-05-17 20:00:00;36,76;36,17;0,5899999999999963;39320;481;45752;3622;5584;435;6019;4103;1962;-46;1916;0,3183253032065127;0,35136103151862463;-0,10574712643678161;0,01605005440696399;1;1
2016-05-17;21;2016-05-17 21:00:00;37,44;36,39;1,0499999999999972;39320;7;45752;3209;4982;8;4990;3216;1773;1;1774;0,3555110220440882;0,355881172219992;0,125;0,02804487179487172;1;1
2016-05-17;22;2016-05-17 22:00:00;33,22;35,86;-2,640000000000001;39320;0;45752;3418;4691;0;4691;3418;1273;0;1273;0,27137070986996376;0,27137070986996376;;-0,07947019867549672;1;1
2016-05-17;23;2016-05-17 23:00:00;29,0;30,64;-1,6400000000000006;39320;0;45752;3794;4692;0;4692;3794;898;0;898;0,19138959931798807;0,19138959931798807;;-0,05655172413793105;1;1
2016-05-18;0;2016-05-18 00:00:00;24,91;22,69;2,2199999999999993;39323;0;45773;4002;3862;0;3862;4002;-140;0;-140;-0,03625064733298809;-0,03625064733298809;;0,08912083500602165;1;2
2016-05-18;1;2016-05-18 01:00:00;24,29;21,49;2,8000000000000007;39323;0;45773;4036;4216;0;4216;4036;180;0;180;0,04269449715370019;0,04269449715370019;;0,11527377521613837;1;2
2016-05-18;2;2016-05-18 02:00:00;23,89;21,59;2,3000000000000007;39323;0;45773;4084;4545;0;4545;4084;461;0;461;0,10143014301430144;0,10143014301430144;;0,0962745918794475;1;2
2016-05-18;3;2016-05-18 03:00:00;22,92;23,3;-0,37999999999999895;39323;0;45773;4282;4837;0;4837;4282;555;0;555;0,11474054165805252;0,11474054165805252;;-0,016579406631762605;1;2
2016-05-18;4;2016-05-18 04:00:00;23,31;22,35;0,9599999999999972;39323;0;45773;4679;5082;1;5083;4679;403;1;404;0,07948062168011018;0,07929948839039748;1,0;0,041184041184041065;1;2
2016-05-18;5;2016-05-18 05:00:00;24,57;22,71;1,8599999999999997;39323;116;45773;4896;5186;140;5326;5012;290;24;314;0,058956064588809615;0,05591978403393753;0,17142857142857143;0,07570207570207568;1;2
2016-05-18;6;2016-05-18 06:00:00;31,12;27,96;3,16;39323;1196;45773;4823;5070;1215;6285;6019;247;19;266;0,04232299124900557;0,04871794871794872;0,015637860082304528;0,10154241645244216;1;2
2016-05-18;7;2016-05-18 07:00:00;37,06;35,93;1,1300000000000026;39323;3878;45773;4204;4752;4261;9013;8082;548;383;931;0,1032952402085876;0,11531986531986532;0,0898850035203004;0,030491095520777185;1;2
2016-05-18;8;2016-05-18 08:00:00;39,48;38,83;0,6499999999999986;39323;7684;45773;3062;4220;8868;13088;10746;1158;1184;2342;0,17894254278728605;0,27440758293838863;0,13351375732972484;0,016464032421479195;1;2
2016-05-18;9;2016-05-18 09:00:00;35,31;36,03;-0,7199999999999989;39323;12316;45773;3056;4046;13878;17924;15372;990;1562;2552;0,1423789332738228;0,24468610973801286;0,11255224095691022;-0,020390824129141852;1;2
2016-05-18;10;2016-05-18 10:00:00;32,58;29,85;2,729999999999997;39323;16294;45773;3682;4333;17421;21754;19976;651;1127;1778;0,08173209524685116;0,15024232633279483;0,06469203834452672;0,083793738489871;1;2
2016-05-18;11;2016-05-18 11:00:00;30,98;28,91;2,0700000000000003;39323;18574;45773;3867;4721;18818;23539;22441;854;244;1098;0,04664599175835847;0,1808938784155899;0,012966308853225635;0,06681730148482894;1;2
2016-05-18;12;2016-05-18 12:00:00;31,12;28,86;2,2600000000000016;39323;18796;45773;4276;4913;19034;23947;23072;637;238;875;0,03653902367728734;0,12965601465499696;0,012503940317326889;0,07262210796915172;1;2
2016-05-18;13;2016-05-18 13:00:00;30,9;26,67;4,229999999999997;39323;17342;45773;4230;4954;18467;23421;21572;724;1125;1849;0,07894624482302208;0,14614452967299152;0,060919477987761955;0,13689320388349505;1;2
2016-05-18;14;2016-05-18 14:00:00;30,87;26,88;3,990000000000002;39323;15485;45773;3738;4727;17102;21829;19223;989;1617;2606;0,11938247285720831;0,20922360905436851;0,09455034498889019;0,12925170068027217;1;2
2016-05-18;15;2016-05-18 15:00:00;30,85;28,72;2,1300000000000026;39323;13396;45773;3441;4172;14953;19125;16837;731;1557;2288;0,11963398692810458;0,175215723873442;0,10412626228850398;0,06904376012965972;1;2
2016-05-18;16;2016-05-18 16:00:00;31,32;31,51;-0,19000000000000128;39323;11048;45773;2918;3409;12251;15660;13966;491;1203;1694;0,10817369093231162;0,14403050748019947;0,09819606562729573;-0,006066411238825072;1;2
2016-05-18;17;2016-05-18 17:00:00;31,69;31,56;0,13000000000000256;39323;8255;45773;2364;2641;8864;11505;10619;277;609;886;0,07700999565406345;0,10488451344187807;0,06870487364620939;0,0041022404544021;1;2
2016-05-18;18;2016-05-18 18:00:00;33,08;34,67;-1,5900000000000034;39323;4885;45773;1925;2201;5291;7492;6810;276;406;682;0,09103043246129204;0,12539754656974103;0,07673407673407673;-0,04806529625151159;1;2
2016-05-18;19;2016-05-18 19:00:00;34,94;37,49;-2,5500000000000043;39323;2064;45773;1971;1966;2326;4292;4035;-5;262;257;0,059878844361602984;-0,00254323499491353;0,11263972484952708;-0,0729822552947912;1;2
2016-05-18;20;2016-05-18 20:00:00;34,64;36,79;-2,1499999999999986;39323;372;45773;2334;2243;463;2706;2706;-91;91;0;0,0;-0,04057066428889879;0,19654427645788336;-0,062066974595842914;1;2
2016-05-18;21;2016-05-18 21:00:00;34,95;38,03;-3,0799999999999983;39323;6;45773;3034;3235;9;3244;3040;201;3;204;0,06288532675709001;0,06213292117465224;0,3333333333333333;-0,08812589413447777;1;2
2016-05-18;22;2016-05-18 22:00:00;33,09;36,12;-3,0299999999999936;39323;0;45773;3820;4389;0;4389;3820;569;0;569;0,1296422875370244;0,1296422875370244;;-0,09156844968268339;1;2
2016-05-18;23;2016-05-18 23:00:00;27,2;28,61;-1,41;39323;0;45773;4464;5112;0;5112;4464;648;0;648;0,1267605633802817;0,1267605633802817;;-0,05183823529411764;1;2
2016-05-19;0;2016-05-19 00:00:00;24,88;25,86;-0,9800000000000004;39326;0;45787;4852;5544;0;5544;4852;692;0;692;0,12481962481962482;0,12481962481962482;;-0,03938906752411577;1;3
2016-05-19;1;2016-05-19 01:00:00;22,91;26,02;-3,1099999999999994;39326;0;45787;4947;5533;0;5533;4947;586;0;586;0,10590999457798662;0,10590999457798662;;-0,13574858140549975;1;3
2016-05-19;2;2016-05-19 02:00:00;22,23;25,67;-3,4400000000000013;39326;0;45787;4709;5203;0;5203;4709;494;0;494;0,0949452239092831;0,0949452239092831;;-0,15474583895636532;1;3
2016-05-19;3;2016-05-19 03:00:00;21,85;23,34;-1,4899999999999984;39326;0;45787;4196;4600;0;4600;4196;404;0;404;0,08782608695652173;0,08782608695652173;;-0,06819221967963379;1;3
2016-05-19;4;2016-05-19 04:00:00;22,29;22,57;-0,28000000000000114;39326;0;45787;3658;4013;0;4013;3658;355;0;355;0,08846249688512335;0,08846249688512335;;-0,01256168685509202;1;3
2016-05-19;5;2016-05-19 05:00:00;23,9;26,13;-2,2300000000000004;39326;112;45787;3134;3376;124;3500;3246;242;12;254;0,07257142857142856;0,07168246445497631;0,0967741935483871;-0,09330543933054396;1;3
2016-05-19;6;2016-05-19 06:00:00;31,58;26,83;4,75;39326;1031;45787;2514;2729;1080;3809;3545;215;49;264;0,0693095300603833;0,07878343715646757;0,04537037037037037;0,15041165294490186;1;3
2016-05-19;7;2016-05-19 07:00:00;39,4;40,0;-0,6000000000000014;39326;2997;45787;1914;2082;3100;5182;4911;168;103;271;0,05229641065225782;0,08069164265129683;0,0332258064516129;-0,015228426395939123;1;3
2016-05-19;8;2016-05-19 08:00:00;46,0;51,32;-5,32;39326;5394;45787;1394;1533;5535;7068;6788;139;141;280;0,039615166949632144;0,09067188519243313;0,025474254742547425;-0,11565217391304349;1;3
2016-05-19;9;2016-05-19 09:00:00;44,13;43,19;0,9400000000000048;39326;8205;45787;1071;1216;8113;9329;9276;145;-92;53;0,005681209132811662;0,11924342105263158;-0,011339824972266732;0,02130070246997518;1;3
2016-05-19;10;2016-05-19 10:00:00;45,0;40,81;4,189999999999999;39326;10769;45787;1000;1052;10330;11382;11769;52;-439;-387;-0,03400105429625725;0,049429657794676805;-0,04249757986447241;0,09311111111111108;1;3
2016-05-19;11;2016-05-19 11:00:00;44,91;38,28;6,629999999999996;39326;12775;45787;1008;966;12008;12974;13783;-42;-767;-809;-0,06235548019115154;-0,043478260869565216;-0,0638740839440373;0,14762859051436197;1;3
2016-05-19;12;2016-05-19 12:00:00;40,07;34,4;5,670000000000003;39326;13764;45787;971;952;13020;13972;14735;-19;-744;-763;-0,05460921843687375;-0,01995798319327731;-0,05714285714285714;0,1415023708510108;1;3
2016-05-19;13;2016-05-19 13:00:00;38,96;34,49;4,469999999999999;39326;13687;45787;926;923;13178;14101;14613;-3;-509;-512;-0,03630948159704985;-0,0032502708559046588;-0,038624981028987704;0,11473305954825459;1;3
2016-05-19;14;2016-05-19 14:00:00;35,0;32,8;2,200000000000003;39326;13126;45787;974;906;12684;13590;14100;-68;-442;-510;-0,037527593818984545;-0,07505518763796909;-0,034847051403342794;0,06285714285714294;1;3
2016-05-19;15;2016-05-19 15:00:00;33,06;31,0;2,0600000000000023;39326;11959;45787;988;983;11563;12546;12947;-5;-396;-401;-0,03196237844731389;-0,00508646998982706;-0,034247167690045835;0,06231094978826383;1;3
2016-05-19;16;2016-05-19 16:00:00;31,91;29,79;2,120000000000001;39326;10176;45787;1159;1112;9764;10876;11335;-47;-412;-459;-0,042203015814637736;-0,04226618705035971;-0,04219582138467841;0,06643685365089316;1;3
2016-05-19;17;2016-05-19 17:00:00;32,35;29,24;3,110000000000003;39326;7927;45787;1374;1246;7367;8613;9301;-128;-560;-688;-0,07987925229304539;-0,10272873194221509;-0,0760146599701371;0,09613601236476052;1;3
2016-05-19;18;2016-05-19 18:00:00;34,0;30,8;3,1999999999999997;39326;5018;45787;1704;1334;4656;5990;6722;-370;-362;-732;-0,12220367278797997;-0,2773613193403298;-0,07774914089347079;0,09411764705882353;1;3
2016-05-19;19;2016-05-19 19:00:00;36,08;31,49;4,59;39326;2319;45787;1932;1448;2171;3619;4251;-484;-148;-632;-0,17463387676153633;-0,3342541436464088;-0,06817134960847536;0,12721729490022174;1;3
2016-05-19;20;2016-05-19 20:00:00;34,96;31,55;3,41;39326;526;45787;2229;1685;480;2165;2755;-544;-46;-590;-0,27251732101616627;-0,3228486646884273;-0,09583333333333334;0,0975400457665904;1;3
2016-05-19;21;2016-05-19 21:00:00;33,85;31,6;2,25;39326;10;45787;3051;2325;10;2335;3061;-726;0;-726;-0,31092077087794434;-0,31225806451612903;0,0;0,06646971935007386;1;3
2016-05-19;22;2016-05-19 22:00:00;32,08;29,24;2,84;39326;0;45787;3982;3101;0;3101;3982;-881;0;-881;-0,28410190261206064;-0,28410190261206064;;0,0885286783042394;1;3
2016-05-19;23;2016-05-19 23:00:00;29,14;27,67;1,4699999999999989;39326;0;45787;4757;3829;0;3829;4757;-928;0;-928;-0,24236092974667015;-0,24236092974667015;;0,05044612216884004;1;3
2016-05-20;0;2016-05-20 00:00:00;24,73;22,86;1,870000000000001;39333;0;45813;5240;4304;0;4304;5240;-936;0;-936;-0,2174721189591078;-0,2174721189591078;;0,07561665992721395;1;4
2016-05-20;1;2016-05-20 01:00:00;23,42;21,06;2,360000000000003;39333;0;45813;6193;4801;0;4801;6193;-1392;0;-1392;-0,28993959591751717;-0,28993959591751717;;0,10076857386848859;1;4
2016-05-20;2;2016-05-20 02:00:00;21,5;20,02;1,4800000000000004;39333;0;45813;7204;5385;0;5385;7204;-1819;0;-1819;-0,33779015784586813;-0,33779015784586813;;0,0688372093023256;1;4
2016-05-20;3;2016-05-20 03:00:00;21,34;18,57;2,77;39333;0;45813;8125;5951;0;5951;8125;-2174;0;-2174;-0,3653167534868089;-0,3653167534868089;;0,12980318650421743;1;4
2016-05-20;4;2016-05-20 04:00:00;21,52;18,93;2,59;39333;0;45813;9031;6448;1;6449;9031;-2583;1;-2582;-0,40037215072104204;-0,4005893300248139;1,0;0,12035315985130111;1;4
2016-05-20;5;2016-05-20 05:00:00;23,23;21,43;1,8000000000000007;39333;147;45813;9261;6628;163;6791;9408;-2633;16;-2617;-0,38536298041525546;-0,3972540736270368;0,09815950920245399;0,0774860094705123;1;4
2016-05-20;6;2016-05-20 06:00:00;27,71;24,52;3,1900000000000013;39333;1425;45813;9438;6630;1558;8188;10863;-2808;133;-2675;-0,3266976062530533;-0,4235294117647059;0,08536585365853659;0,11512089498376042;1;4
2016-05-20;7;2016-05-20 07:00:00;33,07;28,97;4,100000000000001;39333;4344;45813;8481;6539;4753;11292;12825;-1942;409;-1533;-0,13575982996811903;-0,2969873069276648;0,08605091521144541;0,12397943755669795;1;4
2016-05-20;8;2016-05-20 08:00:00;34,97;32,84;2,1299999999999955;39333;8338;45813;7958;6672;8900;15572;16296;-1286;562;-724;-0,046493706652966864;-0,19274580335731414;0,06314606741573034;0,06090935087217602;1;4
2016-05-20;9;2016-05-20 09:00:00;31,91;26,49;5,420000000000003;39333;12398;45813;8678;7283;12884;20167;21076;-1395;486;-909;-0,04507363514652651;-0,19154194699986268;0,03772120459484632;0,1698527107489816;1;4
2016-05-20;10;2016-05-20 10:00:00;27,5;23,47;4,030000000000001;39333;15528;45813;9630;7994;15586;23580;25158;-1636;58;-1578;-0,06692111959287532;-0,20465349011758818;0,003721288335685872;0,1465454545454546;1;4
2016-05-20;11;2016-05-20 11:00:00;26,27;22,24;4,030000000000001;39333;16424;45813;10126;8622;16870;25492;26550;-1504;446;-1058;-0,04150321669543386;-0,17443748550220367;0,026437462951985773;0,15340692805481543;1;4
2016-05-20;12;2016-05-20 12:00:00;24,99;24,79;0,1999999999999993;39333;16219;45813;10243;9038;17135;26173;26462;-1205;916;-289;-0,011041913422229014;-0,13332595707014827;0,053457834840968776;0,008003201280512177;1;4
2016-05-20;13;2016-05-20 13:00:00;24,3;25,1;-0,8000000000000007;39333;15343;45813;10406;9301;16516;25817;25749;-1105;1173;68;0,002633923383816865;-0,11880442963122245;0,07102203923468152;-0,03292181069958851;1;4
2016-05-20;14;2016-05-20 14:00:00;24,22;25,2;-0,9800000000000004;39333;14412;45813;9778;9225;15076;24301;24190;-553;664;111;0,00456771326282869;-0,05994579945799458;0,044043512868134786;-0,04046242774566476;1;4
2016-05-20;15;2016-05-20 15:00:00;24,2;24,68;-0,4800000000000004;39333;13129;45813;9422;8853;12998;21851;22551;-569;-131;-700;-0,03203514713285433;-0,06427199819270304;-0,01007847361132482;-0,01983471074380167;1;4
2016-05-20;16;2016-05-20 16:00:00;24,57;25,38;-0,8099999999999987;39333;11042;45813;8522;8152;10640;18792;19564;-370;-402;-772;-0,041081311196253724;-0,04538763493621197;-0,03778195488721805;-0,03296703296703291;1;4
2016-05-20;17;2016-05-20 17:00:00;28,9;27,55;1,349999999999998;39333;8158;45813;7527;7132;7859;14991;15685;-395;-299;-694;-0,04629444333266627;-0,05538418395961862;-0,0380455528693218;0,04671280276816603;1;4
2016-05-20;18;2016-05-20 18:00:00;32,69;30,64;2,0499999999999967;39333;4902;45813;6652;6009;4825;10834;11554;-643;-77;-720;-0,06645744877238324;-0,10700615743052089;-0,01595854922279793;0,06271030896298553;1;4
2016-05-20;19;2016-05-20 19:00:00;33,92;31,48;2,4400000000000013;39333;2156;45813;5708;4862;2213;7075;7864;-846;57;-789;-0,11151943462897526;-0,1740024681201152;0,025756891098056935;0,07193396226415098;1;4
2016-05-20;20;2016-05-20 20:00:00;34,06;31,95;2,1100000000000034;39333;424;45813;4519;3982;473;4455;4943;-537;49;-488;-0,10953984287317621;-0,13485685585133098;0,10359408033826638;0,06194950088079869;1;4
2016-05-20;21;2016-05-20 21:00:00;33,21;32,39;0,8200000000000003;39333;8;45813;3711;3626;10;3636;3719;-85;2;-83;-0,02282728272827283;-0,02344180915609487;0,2;0,024691358024691367;1;4
2016-05-20;22;2016-05-20 22:00:00;33,66;31,87;1,7899999999999956;39333;0;45813;3768;3475;0;3475;3768;-293;0;-293;-0,08431654676258993;-0,08431654676258993;;0,05317884729649423;1;4
2016-05-20;23;2016-05-20 23:00:00;27,98;26,45;1,5300000000000011;39333;0;45813;3778;3414;0;3414;3778;-364;0;-364;-0,10661980082015231;-0,10661980082015231;;0,05468191565403864;1;4
2016-05-21;0;2016-05-21 00:00:00;24,36;23,82;0,5399999999999991;39334;0;45813;3620;3692;0;3692;3620;72;0;72;0,01950162513542795;0,01950162513542795;;0,02216748768472903;1;5
2016-05-21;1;2016-05-21 01:00:00;23,49;23,25;0,23999999999999844;39334;0;45813;3614;3656;0;3656;3614;42;0;42;0,011487964989059081;0,011487964989059081;;0,010217113665389462;1;5
2016-05-21;2;2016-05-21 02:00:00;22,6;24,74;-2,1399999999999966;39334;0;45813;3625;3663;0;3663;3625;38;0;38;0,010374010374010374;0,010374010374010374;;-0,0946902654867255;1;5
2016-05-21;3;2016-05-21 03:00:00;21,75;22,41;-0,6600000000000001;39334;0;45813;3887;3723;0;3723;3887;-164;0;-164;-0,0440504969110932;-0,0440504969110932;;-0,030344827586206904;1;5
2016-05-21;4;2016-05-21 04:00:00;21,26;21,59;-0,3299999999999983;39334;0;45813;4183;3799;1;3800;4183;-384;1;-383;-0,10078947368421053;-0,10107923137667807;1,0;-0,015522107243649965;1;5
2016-05-21;5;2016-05-21 05:00:00;20,5;21,06;-0,5599999999999987;39334;159;45813;4459;3776;148;3924;4618;-683;-11;-694;-0,17686034658511723;-0,1808792372881356;-0,07432432432432433;-0,027317073170731645;1;5
2016-05-21;6;2016-05-21 06:00:00;20,66;20,79;-0,129999999999999;39334;1636;45813;4800;3679;1502;5181;6436;-1121;-134;-1255;-0,242231229492376;-0,30470236477303614;-0,08921438082556592;-0,006292352371732769;1;5
2016-05-21;7;2016-05-21 07:00:00;22,88;24,35;-1,4700000000000024;39334;4710;45813;4496;3529;4636;8165;9206;-967;-74;-1041;-0,12749540722596447;-0,2740153017852083;-0,015962036238136326;-0,06424825174825186;1;5
2016-05-21;8;2016-05-21 08:00:00;23,06;24,3;-1,240000000000002;39334;9204;45813;3912;3494;9052;12546;13116;-418;-152;-570;-0,04543280726924916;-0,11963365769891242;-0,016791869200176758;-0,053772766695576846;1;5
2016-05-21;9;2016-05-21 09:00:00;22,55;26,0;-3,4499999999999997;39334;13978;45813;4192;3731;13881;17612;18170;-461;-97;-558;-0,03168294344764933;-0,12355936746180649;-0,006987969166486564;-0,15299334811529933;1;5
2016-05-21;10;2016-05-21 10:00:00;20,32;23,28;-2,9600000000000013;39334;18154;45813;4998;4099;17825;21924;23152;-899;-329;-1228;-0,05601167670133187;-0,21932178580141498;-0,018457223001402526;-0,14566929133858275;1;5
2016-05-21;11;2016-05-21 11:00:00;18,95;21,03;-2,0800000000000023;39334;20429;45813;6044;4460;20431;24891;26473;-1584;2;-1582;-0,06355710899521916;-0,35515695067264574;9,7890460574617e-05;-0,10976253298153046;1;5
2016-05-21;12;2016-05-21 12:00:00;16,19;19,39;-3,1999999999999997;39334;21354;45813;6184;4742;21644;26386;27538;-1442;290;-1152;-0,04365951641021754;-0,30409110080134966;0,01339863241545001;-0,1976528721432983;1;5
2016-05-21;13;2016-05-21 13:00:00;15,24;19,24;-3,9999999999999982;39334;21482;45813;6525;4898;21576;26474;28007;-1627;94;-1533;-0,05790586991010047;-0,33217639853001224;0,0043566926214312195;-0,26246719160104975;1;5
2016-05-21;14;2016-05-21 14:00:00;15,09;16,92;-1,8300000000000016;39334;20300;45813;6950;4879;20432;25311;27250;-2071;132;-1939;-0,07660700881039864;-0,42447222791555644;0,006460454189506656;-0,12127236580516909;1;5
2016-05-21;15;2016-05-21 15:00:00;13,29;12,44;0,8499999999999996;39334;18326;45813;6924;4752;18261;23013;25250;-2172;-65;-2237;-0,09720592708469127;-0,45707070707070707;-0,0035594983845353484;0,0639578630549285;1;5
2016-05-21;16;2016-05-21 16:00:00;17,42;8,9;8,520000000000001;39334;15410;45813;6450;4473;15248;19721;21860;-1977;-162;-2139;-0,10846305968257187;-0,44198524480214624;-0,010624344176285414;0,48909299655568317;1;5
2016-05-21;17;2016-05-21 17:00:00;19,06;12,68;6,379999999999999;39334;11234;45813;5884;4046;11172;15218;17118;-1838;-62;-1900;-0,12485214877119201;-0,4542758279782501;-0,0055495882563551735;0,3347324239244491;1;5
2016-05-21;18;2016-05-21 18:00:00;23,9;25,11;-1,2100000000000009;39334;6702;45813;4959;3511;6518;10029;11661;-1448;-184;-1632;-0,16272808854322465;-0,4124181144972942;-0,02822951825713409;-0,05062761506276155;1;5
2016-05-21;19;2016-05-21 19:00:00;26,28;30,0;-3,719999999999999;39334;2996;45813;3814;3060;2718;5778;6810;-754;-278;-1032;-0,1786085150571132;-0,24640522875816995;-0,10228108903605593;-0,14155251141552508;1;5
2016-05-21;20;2016-05-21 20:00:00;30,94;29,94;1,0;39334;752;45813;3522;3077;655;3732;4274;-445;-97;-542;-0,1452304394426581;-0,14462138446538836;-0,1480916030534351;0,03232062055591467;1;5
2016-05-21;21;2016-05-21 21:00:00;31,49;34,78;-3,2900000000000027;39334;13;45813;4810;4151;17;4168;4823;-659;4;-655;-0,15714971209213052;-0,1587569260419176;0,23529411764705882;-0,1044776119402986;1;5
2016-05-21;22;2016-05-21 22:00:00;28,94;37,48;-8,539999999999996;39334;0;45813;6402;5793;0;5793;6402;-609;0;-609;-0,10512687726566546;-0,10512687726566546;;-0,29509329647546634;1;5
2016-05-21;23;2016-05-21 23:00:00;23,42;30,31;-6,889999999999998;39334;0;45813;7851;7434;0;7434;7851;-417;0;-417;-0,05609362389023406;-0,05609362389023406;;-0,29419299743808697;1;5
2016-05-22;0;2016-05-22 00:00:00;17,79;19,84;-2,0500000000000007;39334;0;45813;8897;10033;0;10033;8897;1136;0;1136;0,11322635303498454;0,11322635303498454;;-0,11523327712197869;1;6
2016-05-22;1;2016-05-22 01:00:00;10,38;9,27;1,1100000000000012;39334;0;45813;9749;11186;0;11186;9749;1437;0;1437;0,12846415161809405;0,12846415161809405;;0,10693641618497121;1;6
2016-05-22;2;2016-05-22 02:00:00;7,62;5,99;1,63;39334;0;45813;9805;11905;0;11905;9805;2100;0;2100;0,17639647207055859;0,17639647207055859;;0,21391076115485563;1;6
2016-05-22;3;2016-05-22 03:00:00;4,6;8,5;-3,9;39334;0;45813;9651;12376;0;12376;9651;2725;0;2725;0,2201842275371687;0,2201842275371687;;-0,8478260869565218;1;6
2016-05-22;4;2016-05-22 04:00:00;2,81;9,26;-6,449999999999998;39334;0;45813;10078;12784;1;12785;10078;2706;1;2707;0,21173249902229174;0,21167083854818522;1,0;-2,2953736654804264;1;6
2016-05-22;5;2016-05-22 05:00:00;0,13;7,93;-7,8;39334;216;45813;10734;12958;213;13171;10950;2224;-3;2221;0,16862804646572013;0,17163142460256212;-0,014084507042253521;-60,0;1;6
2016-05-22;6;2016-05-22 06:00:00;-1,0;7,49;-8,49;39334;1791;45813;11087;12723;1776;14499;12878;1636;-15;1621;0,11180081384923098;0,12858602530849642;-0,008445945945945946;8,49;1;6
2016-05-22;7;2016-05-22 07:00:00;0,5;6,39;-5,89;39334;5370;45813;9515;11915;5616;17531;14885;2400;246;2646;0,1509326336204438;0,20142677297524128;0,0438034188034188;-11,78;1;6
2016-05-22;8;2016-05-22 08:00:00;2,59;8,55;-5,960000000000001;39334;10534;45813;6964;10784;11002;21786;17498;3820;468;4288;0,19682364821444964;0,3542284866468843;0,0425377204144701;-2,3011583011583014;1;6
2016-05-22;9;2016-05-22 09:00:00;-0,94;10,58;-11,52;39334;15565;45813;6338;10301;16289;26590;21903;3963;724;4687;0,17626927416321925;0,3847199301038734;0,04444717293879305;12,25531914893617;1;6
2016-05-22;10;2016-05-22 10:00:00;-1,11;12,76;-13,87;39334;19134;45813;7912;10405;20437;30842;27046;2493;1303;3796;0,12307891835808313;0,2395963479096588;0,063756911484073;12,495495495495494;1;6
2016-05-22;11;2016-05-22 11:00:00;-0,9;10,76;-11,66;39334;21636;45813;10179;10681;22988;33669;31815;502;1352;1854;0,05506549051055867;0,04699934463065256;0,05881329389246563;12,955555555555556;1;6
2016-05-22;12;2016-05-22 12:00:00;-5,68;5,23;-10,91;39334;22562;45813;12024;11047;24142;35189;34586;-977;1580;603;0,017136036829691097;-0,08844030053408165;0,06544611051279928;1,920774647887324;1;6
2016-05-22;13;2016-05-22 13:00:00;-25,72;-2,96;-22,76;39334;22248;45813;12103;11219;23872;35091;34351;-884;1624;740;0,021088028269356816;-0,07879490150637311;0,06802949061662199;0,8849144634525662;1;6
2016-05-22;14;2016-05-22 14:00:00;-10,97;2,91;-13,88;39334;20436;45813;11204;10891;22291;33182;31640;-313;1855;1542;0,04647097824121511;-0,02873932604903131;0,08321744201695752;1,2652689152233363;1;6
2016-05-22;15;2016-05-22 15:00:00;-7,82;4,38;-12,2;39334;17308;45813;10000;10033;19437;29470;27308;33;2129;2162;0,07336274177129284;0,0032891458187979668;0,10953336420229459;1,560102301790281;1;6
2016-05-22;16;2016-05-22 16:00:00;-5,19;7,75;-12,94;39334;13070;45813;9065;8988;15452;24440;22135;-77;2382;2305;0,0943126022913257;-0,008566978193146417;0,15415480196738288;2,493256262042389;1;6
2016-05-22;17;2016-05-22 17:00:00;2,02;16,68;-14,66;39334;8608;45813;8107;7935;10653;18588;16715;-172;2045;1873;0,10076393372068;-0,021676118462507877;0,19196470477799682;-7,257425742574258;1;6
2016-05-22;18;2016-05-22 18:00:00;21,33;27,2;-5,870000000000001;39334;4558;45813;7534;6994;5765;12759;12092;-540;1207;667;0,052276824202523706;-0,077209036316843;0,209366869037294;-0,27519924988279426;1;6
2016-05-22;19;2016-05-22 19:00:00;23,65;29,08;-5,43;39334;1956;45813;7395;6456;2333;8789;9351;-939;377;-562;-0,0639435658209125;-0,1454460966542751;0,16159451350192885;-0,22959830866807612;1;6
2016-05-22;20;2016-05-22 20:00:00;25,32;25,99;-0,6699999999999982;39334;443;45813;7515;6478;559;7037;7958;-1037;116;-921;-0,13087963620861162;-0,16008027168879282;0,2075134168157424;-0,026461295418641315;1;6
2016-05-22;21;2016-05-22 21:00:00;26,11;24,38;1,7300000000000004;39334;9;45813;7804;6851;13;6864;7813;-953;4;-949;-0,13825757575757575;-0,13910378047000438;0,3076923076923077;0,06625813864419765;1;6
2016-05-22;22;2016-05-22 22:00:00;27,22;26,57;0,6499999999999986;39334;0;45813;8493;7130;0;7130;8493;-1363;0;-1363;-0,191164095371669;-0,191164095371669;;0,023879500367376877;1;6
2016-05-22;23;2016-05-22 23:00:00;22,9;24,83;-1,93;39334;0;45813;8887;6966;0;6966;8887;-1921;0;-1921;-0,2757680160780936;-0,2757680160780936;;-0,08427947598253276;1;6
2016-05-23;0;2016-05-23 00:00:00;22,61;23,22;-0,6099999999999994;39337;0;45834;8370;7506;0;7506;8370;-864;0;-864;-0,11510791366906475;-0,11510791366906475;;-0,026979212737726646;1;0
2016-05-23;1;2016-05-23 01:00:00;20,89;20,73;0,16000000000000014;39337;0;45834;7004;7196;0;7196;7004;192;0;192;0,02668148971650917;0,02668148971650917;;0,007659167065581625;1;0
2016-05-23;2;2016-05-23 02:00:00;19,51;21,3;-1,7899999999999991;39337;0;45834;5146;6980;0;6980;5146;1834;0;1834;0,26275071633237823;0,26275071633237823;;-0,09174782162993332;1;0
2016-05-23;3;2016-05-23 03:00:00;18,91;21,92;-3,0100000000000016;39337;0;45834;4639;6829;0;6829;4639;2190;0;2190;0,3206911700102504;0,3206911700102504;;-0,1591750396615548;1;0
2016-05-23;4;2016-05-23 04:00:00;19,46;22,44;-2,9800000000000004;39337;0;45834;4228;6761;1;6762;4228;2533;1;2534;0,3747412008281574;0,37464872060346105;1,0;-0,15313463514902365;1;0
2016-05-23;5;2016-05-23 05:00:00;20,69;24,61;-3,919999999999998;39337;155;45834;4338;6626;165;6791;4493;2288;10;2298;0,3383890443233692;0,3453063688499849;0,06060606060606061;-0,18946350894151753;1;0
2016-05-23;6;2016-05-23 06:00:00;28,05;35,32;-7,27;39337;1137;45834;4486;6202;1215;7417;5623;1716;78;1794;0,24187676958338952;0,2766849403418252;0,06419753086419754;-0,25918003565062386;1;0
2016-05-23;7;2016-05-23 07:00:00;34,51;40,97;-6,460000000000001;39337;2937;45834;4388;5735;3312;9047;7325;1347;375;1722;0,19033933900740577;0,23487358326068003;0,11322463768115942;-0,18719211822660103;1;0
2016-05-23;8;2016-05-23 08:00:00;35,93;40,26;-4,329999999999998;39337;4932;45834;4248;5407;5636;11043;9180;1159;704;1863;0,1687041564792176;0,21435176622896246;0,12491128459900638;-0,12051210687447811;1;0
2016-05-23;9;2016-05-23 09:00:00;33,99;39,06;-5,07;39337;7004;45834;4473;5307;7750;13057;11477;834;746;1580;0,12100788848893314;0,15715093273035613;0,09625806451612903;-0,14916151809355693;1;0
2016-05-23;10;2016-05-23 10:00:00;36,0;38,89;-2,890000000000001;39337;8343;45834;4442;5362;9242;14604;12785;920;899;1819;0,12455491646124349;0,17157776948899664;0,09727331746375244;-0,08027777777777781;1;0
2016-05-23;11;2016-05-23 11:00:00;35,94;39,36;-3,4200000000000017;39337;9303;45834;4337;5578;10147;15725;13640;1241;844;2085;0,1325914149443561;0,222481176048763;0,08317729378141323;-0,09515859766277134;1;0
2016-05-23;12;2016-05-23 12:00:00;33,91;38,35;-4,440000000000005;39337;9447;45834;4434;5920;10434;16354;13881;1486;987;2473;0,15121682768741593;0,25101351351351353;0,0945945945945946;-0,13093482748451798;1;0
2016-05-23;13;2016-05-23 13:00:00;33,54;37,83;-4,289999999999999;39337;9456;45834;5104;6324;9924;16248;14560;1220;468;1688;0,10388970950270802;0,19291587602783047;0,0471584038694075;-0,12790697674418602;1;0
2016-05-23;14;2016-05-23 14:00:00;32,5;37,74;-5,240000000000002;39337;8831;45834;5711;6662;8932;15594;14542;951;101;1052;0,0674618442990894;0,14274992494746322;0,011307657859381997;-0,1612307692307693;1;0
2016-05-23;15;2016-05-23 15:00:00;32,78;35,39;-2,6099999999999994;39337;7577;45834;6389;7134;7530;14664;13966;745;-47;698;0,047599563557010366;0,10442949257078778;-0,006241699867197875;-0,07962172056131786;1;0
2016-05-23;16;2016-05-23 16:00:00;31,96;33,07;-1,1099999999999994;39337;6236;45834;7144;7706;5931;13637;13380;562;-305;257;0,01884578719659749;0,07293018427199585;-0,05142471758556736;-0,034730913642052545;1;0
2016-05-23;17;2016-05-23 17:00:00;31,68;32,38;-0,7000000000000028;39337;4526;45834;8077;8294;4264;12558;12603;217;-262;-45;-0,00358337314859054;0,02616349168073306;-0,06144465290806754;-0,022095959595959686;1;0
2016-05-23;18;2016-05-23 18:00:00;32,49;31,07;1,4200000000000017;39337;2628;45834;9172;8865;2639;11504;11800;-307;11;-296;-0,02573018080667594;-0,03463056965595036;0,004168245547555892;0,043705755617113005;1;0
2016-05-23;19;2016-05-23 19:00:00;33,09;31,56;1,5300000000000047;39337;1128;45834;10316;9541;1243;10784;11444;-775;115;-660;-0,061201780415430264;-0,08122838276910177;0,0925181013676589;0,0462375339981869;1;0
2016-05-23;20;2016-05-23 20:00:00;33,97;30,02;3,9499999999999993;39337;239;45834;12008;10385;300;10685;12247;-1623;61;-1562;-0,14618624239588207;-0,15628310062590275;0,20333333333333334;0,11627906976744184;1;0
2016-05-23;21;2016-05-23 21:00:00;31,97;28,57;3,3999999999999986;39337;7;45834;13753;10978;10;10988;13760;-2775;3;-2772;-0,2522752093192574;-0,25277828384040807;0,3;0,10634970284641848;1;0
2016-05-23;22;2016-05-23 22:00:00;24,47;24,18;0,28999999999999915;39337;0;45834;14202;11399;0;11399;14202;-2803;0;-2803;-0,2458987630493903;-0,2458987630493903;;0,011851246424192855;1;0
2016-05-23;23;2016-05-23 23:00:00;22,71;20,5;2,210000000000001;39337;0;45834;13496;11703;0;11703;13496;-1793;0;-1793;-0,15320857899683843;-0,15320857899683843;;0,09731395860854253;1;0
2016-05-24;0;2016-05-24 00:00:00;21,99;20,26;1,7299999999999969;39351;0;45845;12737;10315;0;10315;12737;-2422;0;-2422;-0,23480368395540474;-0,23480368395540474;;0,0786721236925874;1;1
2016-05-24;1;2016-05-24 01:00:00;21,75;19,06;2,6900000000000013;39351;0;45845;11829;10203;0;10203;11829;-1626;0;-1626;-0,15936489267862394;-0,15936489267862394;;0,12367816091954029;1;1
2016-05-24;2;2016-05-24 02:00:00;20,48;18,51;1,9699999999999989;39351;0;45845;12419;9977;0;9977;12419;-2442;0;-2442;-0,24476295479603086;-0,24476295479603086;;0,09619140624999994;1;1
2016-05-24;3;2016-05-24 03:00:00;20,0;19,82;0,17999999999999972;39351;0;45845;11799;9879;0;9879;11799;-1920;0;-1920;-0,19435165502581234;-0,19435165502581234;;0,008999999999999985;1;1
2016-05-24;4;2016-05-24 04:00:00;20,72;19,11;1,6099999999999994;39351;0;45845;11425;9962;1;9963;11425;-1463;1;-1462;-0,1467429489109706;-0,1468580606303955;1,0;0,07770270270270269;1;1
2016-05-24;5;2016-05-24 05:00:00;22,61;21,46;1,1499999999999986;39351;100;45845;11420;9880;118;9998;11520;-1540;18;-1522;-0,15223044608921785;-0,15587044534412955;0,15254237288135594;0,050862450243255135;1;1
2016-05-24;6;2016-05-24 06:00:00;26,13;24,47;1,66;39351;612;45845;11140;9570;715;10285;11752;-1570;103;-1467;-0,14263490520175012;-0,16405433646812956;0,14405594405594405;0,06352851128970533;1;1
2016-05-24;7;2016-05-24 07:00:00;34,38;30,89;3,490000000000002;39351;1528;45845;10298;9145;1862;11007;11826;-1153;334;-819;-0,07440719542109567;-0,126079825041006;0,17937701396348013;0,10151250727166962;1;1
2016-05-24;8;2016-05-24 08:00:00;37,09;35,2;1,8900000000000008;39351;2591;45845;9751;8731;3238;11969;12342;-1020;647;-373;-0,0311638399197928;-0,11682510594433627;0,19981470043236566;0,050957131302237814;1;1
2016-05-24;9;2016-05-24 09:00:00;36,19;33,47;2,719999999999999;39351;3741;45845;9360;8243;4654;12897;13101;-1117;913;-204;-0,015817632007443592;-0,13550891665655707;0,19617533304684143;0,07515888366952195;1;1
2016-05-24;10;2016-05-24 10:00:00;36,94;32,59;4,349999999999993;39351;4984;45845;9090;7767;6003;13770;14074;-1323;1019;-304;-0,02207697893972404;-0,17033603707995365;0,16974845910378145;0,11775852734163492;1;1
2016-05-24;11;2016-05-24 11:00:00;36,06;33,48;2,5800000000000054;39351;5936;45845;8690;7272;7102;14374;14626;-1418;1166;-252;-0,01753165437595659;-0,19499449944994499;0,16417910447761194;0,07154742096505838;1;1
2016-05-24;12;2016-05-24 12:00:00;33,09;33,03;0,060000000000002274;39351;6573;45845;8044;6730;7827;14557;14617;-1314;1254;-60;-0,004121728378099883;-0,19524517087667162;0,16021464162514373;0,0018132366273799416;1;1
2016-05-24;13;2016-05-24 13:00:00;33,0;32,93;0,07000000000000027;39351;6953;45845;7432;6212;7875;14087;14385;-1220;922;-298;-0,021154255696741675;-0,19639407598197037;0,11707936507936507;0,0021212121212121292;1;1
2016-05-24;14;2016-05-24 14:00:00;32,69;31,71;0,9799999999999968;39351;6882;45845;6802;5811;7508;13319;13684;-991;626;-365;-0,02740445979427885;-0,17053863362588195;0,0833777304208844;0,02997858672376864;1;1
2016-05-24;15;2016-05-24 15:00:00;30,92;30,77;0,15000000000000213;39351;6200;45845;6669;5563;6773;12336;12869;-1106;573;-533;-0,04320687418936446;-0,19881358978968183;0,08460062010925734;0,004851228978007831;1;1
2016-05-24;16;2016-05-24 16:00:00;29,12;31,24;-2,119999999999997;39351;4950;45845;6370;5479;5607;11086;11320;-891;657;-234;-0,021107703409705934;-0,1626209162255886;0,11717495987158909;-0,0728021978021977;1;1
2016-05-24;17;2016-05-24 17:00:00;29,8;33,4;-3,5999999999999983;39351;3448;45845;5879;5431;4223;9654;9327;-448;775;327;0,03387197016780609;-0,0824894126311913;0,18351882547951692;-0,12080536912751672;1;1
2016-05-24;18;2016-05-24 18:00:00;31,25;32,03;-0,7800000000000011;39351;2055;45845;5485;5352;2761;8113;7540;-133;706;573;0,07062738814248737;-0,02485052316890882;0,25570445490764215;-0,024960000000000038;1;1
2016-05-24;19;2016-05-24 19:00:00;32,2;31,76;0,4400000000000013;39351;910;45845;5116;5158;1384;6542;6026;42;474;516;0,07887496178538674;0,0081426909654905;0,342485549132948;0,013664596273291965;1;1
2016-05-24;20;2016-05-24 20:00:00;31,64;31,8;-0,16000000000000014;39351;201;45845;4911;4847;339;5186;5112;-64;138;74;0,014269186270728885;-0,013204043738394884;0,40707964601769914;-0,00505689001264223;1;1
2016-05-24;21;2016-05-24 21:00:00;32,38;30,93;1,4500000000000028;39351;8;45845;4473;4588;12;4600;4481;115;4;119;0,025869565217391303;0,025065387968613774;0,3333333333333333;0,04478072884496611;1;1
2016-05-24;22;2016-05-24 22:00:00;30,43;28,7;1,7300000000000004;39351;0;45845;4099;4330;0;4330;4099;231;0;231;0,0533487297921478;0,0533487297921478;;0,056851790995727916;1;1
2016-05-24;23;2016-05-24 23:00:00;24,98;22,51;2,4699999999999993;39351;0;45845;3465;4058;0;4058;3465;593;0;593;0,14613109906357813;0,14613109906357813;;0,09887910328262607;1;1
2016-05-25;0;2016-05-25 00:00:00;22,97;23,85;-0,8800000000000026;39366;0;45870;3077;3884;0;3884;3077;807;0;807;0,20777548918640576;0,20777548918640576;;-0,03831084022638235;1;2
2016-05-25;1;2016-05-25 01:00:00;22,57;22,87;-0,3000000000000007;39366;0;45870;2694;3582;0;3582;2694;888;0;888;0,24790619765494137;0,24790619765494137;;-0,01329198050509529;1;2
2016-05-25;2;2016-05-25 02:00:00;21,57;22,91;-1,34;39366;0;45870;2427;3329;0;3329;2427;902;0;902;0,2709522379092821;0,2709522379092821;;-0,06212331942512749;1;2
2016-05-25;3;2016-05-25 03:00:00;21,0;19,66;1,34;39366;0;45870;2270;3139;0;3139;2270;869;0;869;0,27683975788467663;0,27683975788467663;;0,06380952380952382;1;2
2016-05-25;4;2016-05-25 04:00:00;21,63;22,95;-1,3200000000000005;39366;0;45870;2170;2941;1;2942;2170;771;1;772;0,26240652617267163;0,26215572934376064;1,0;-0,06102635228848824;1;2
2016-05-25;5;2016-05-25 05:00:00;22,99;23,82;-0,8300000000000018;39366;117;45870;1960;2712;150;2862;2077;752;33;785;0,2742837176799441;0,27728613569321536;0,22;-0,03610265332753379;1;2
2016-05-25;6;2016-05-25 06:00:00;30,92;31,79;-0,8699999999999974;39366;963;45870;1772;2482;1266;3748;2735;710;303;1013;0,2702774813233725;0,2860596293311845;0,23933649289099526;-0,028137128072444936;1;2
2016-05-25;7;2016-05-25 07:00:00;35,8;34,55;1,25;39366;2538;45870;1628;2256;3699;5955;4166;628;1161;1789;0,30041981528127626;0,2783687943262411;0,31386861313868614;0,03491620111731844;1;2
2016-05-25;8;2016-05-25 08:00:00;39,2;37,58;1,6200000000000043;39366;4081;45870;1401;1992;6772;8764;5482;591;2691;3282;0,37448653582838887;0,29668674698795183;0,39737152982870644;0,041326530612245005;1;2
2016-05-25;9;2016-05-25 09:00:00;34,99;37,91;-2,9199999999999946;39366;5905;45870;1244;1733;9998;11731;7149;489;4093;4582;0,3905890375927031;0,28216964800923255;0,40938187637527507;-0,08345241497570718;1;2
2016-05-25;10;2016-05-25 10:00:00;34,16;38,95;-4,790000000000006;39366;7827;45870;1056;1513;12678;14191;8883;457;4851;5308;0,37403988443379604;0,30204890945142104;0,3826313298627544;-0,14022248243559737;1;2
2016-05-25;11;2016-05-25 11:00:00;33,07;38,88;-5,810000000000002;39366;9550;45870;881;1318;14574;15892;10431;437;5024;5461;0,34363201610873395;0,3315629742033384;0,3447234801701661;-0,1756879346840037;1;2
2016-05-25;12;2016-05-25 12:00:00;31,02;36,43;-5,41;39366;10850;45870;801;1182;15651;16833;11651;381;4801;5182;0,3078476801520822;0,3223350253807107;0,306753562072711;-0,17440361057382334;1;2
2016-05-25;13;2016-05-25 13:00:00;28,95;33,64;-4,690000000000001;39366;11762;45870;764;1089;15944;17033;12526;325;4182;4507;0,2646040039922503;0,29843893480257117;0,26229302558956347;-0,16200345423143356;1;2
2016-05-25;14;2016-05-25 14:00:00;30,13;32,66;-2,5299999999999976;39366;11894;45870;670;1038;15461;16499;12564;368;3567;3935;0,23849930298805988;0,35452793834296725;0,2307095271974646;-0,08396946564885488;1;2
2016-05-25;15;2016-05-25 15:00:00;30,12;32,42;-2,3000000000000007;39366;11460;45870;608;1057;14162;15219;12068;449;2702;3151;0,20704382679545305;0,4247871333964049;0,19079226098008756;-0,07636122177954849;1;2
2016-05-25;16;2016-05-25 16:00:00;30,9;31,98;-1,0800000000000018;39366;9634;45870;596;1058;12031;13089;10230;462;2397;2859;0,21842768737107496;0,43667296786389415;0,1992353087856371;-0,034951456310679675;1;2
2016-05-25;17;2016-05-25 17:00:00;32,92;34,18;-1,259999999999998;39366;6965;45870;625;1031;9076;10107;7590;406;2111;2517;0,24903532205402196;0,3937924345295829;0,23259144997796385;-0,038274605103280616;1;2
2016-05-25;18;2016-05-25 18:00:00;35,8;35,15;0,6499999999999986;39366;4409;45870;682;1037;5602;6639;5091;355;1193;1548;0,23316764572977858;0,3423336547733848;0,21295965726526242;0,018156424581005547;1;2
2016-05-25;19;2016-05-25 19:00:00;36,61;31,84;4,77;39366;2134;45870;652;1076;2566;3642;2786;424;432;856;0,23503569467325644;0,3940520446096654;0,16835541699142634;0,13029226987161976;1;2
2016-05-25;20;2016-05-25 20:00:00;36,76;31,79;4,969999999999999;39366;554;45870;561;1167;628;1795;1115;606;74;680;0,3788300835654596;0,519280205655527;0,1178343949044586;0,13520130576713818;1;2
2016-05-25;21;2016-05-25 21:00:00;35,49;32,82;2,6700000000000017;39366;18;45870;638;1346;18;1364;656;708;0;708;0,5190615835777126;0,5260029717682021;0,0;0,0752324598478445;1;2
2016-05-25;22;2016-05-25 22:00:00;34,92;33,23;1,6900000000000048;39366;0;45870;832;1568;0;1568;832;736;0;736;0,46938775510204084;0,46938775510204084;;0,04839633447880884;1;2
2016-05-25;23;2016-05-25 23:00:00;28,06;29,88;-1,8200000000000005;39366;0;45870;938;1681;0;1681;938;743;0;743;0,44199881023200477;0,44199881023200477;;-0,0648610121168924;1;2
2016-05-26;0;2016-05-26 00:00:00;25,74;26,53;-0,7900000000000027;39366;0;45939;956;1264;0;1264;956;308;0;308;0,24367088607594936;0,24367088607594936;;-0,0306915306915308;1;3
2016-05-26;1;2016-05-26 01:00:00;24,16;24,33;-0,16999999999999815;39366;0;45939;936;1250;0;1250;936;314;0;314;0,2512;0,2512;;-0,007036423841059526;1;3
2016-05-26;2;2016-05-26 02:00:00;23,42;22,86;0,5600000000000023;39366;0;45939;894;1225;0;1225;894;331;0;331;0,2702040816326531;0,2702040816326531;;0,023911187019641428;1;3
2016-05-26;3;2016-05-26 03:00:00;23,27;23,42;-0,15000000000000213;39366;0;45939;800;1226;0;1226;800;426;0;426;0,3474714518760196;0,3474714518760196;;-0,006446067898581957;1;3
2016-05-26;4;2016-05-26 04:00:00;23,33;20,76;2,5699999999999967;39366;0;45939;693;1228;1;1229;693;535;1;536;0,43612693246541906;0,43566775244299677;1,0;0,11015859408486914;1;3
2016-05-26;5;2016-05-26 05:00:00;23,79;22,04;1,75;39366;149;45939;771;1158;145;1303;920;387;-4;383;0,29393706830391403;0,33419689119170987;-0,027586206896551724;0,0735603194619588;1;3
2016-05-26;6;2016-05-26 06:00:00;26,15;26,35;-0,20000000000000284;39366;1312;45939;706;997;1313;2310;2018;291;1;292;0,1264069264069264;0,29187562688064195;0,0007616146230007616;-0,007648183556405463;1;3
2016-05-26;7;2016-05-26 07:00:00;30,96;32,6;-1,6400000000000006;39366;3922;45939;533;786;4184;4970;4455;253;262;515;0,10362173038229376;0,32188295165394404;0,06261950286806883;-0,052971576227390196;1;3
2016-05-26;8;2016-05-26 08:00:00;30,97;29,49;1,4800000000000004;39366;7952;45939;420;677;8339;9016;8372;257;387;644;0,07142857142857142;0,37961595273264404;0,0464084422592637;0,047788182111721034;1;3
2016-05-26;9;2016-05-26 09:00:00;27,94;24,97;2,9700000000000024;39366;12727;45939;421;646;12704;13350;13148;225;-23;202;0,015131086142322097;0,34829721362229105;-0,0018104534005037784;0,10629921259842527;1;3
2016-05-26;10;2016-05-26 10:00:00;25,57;22,74;2,830000000000002;39366;16612;45939;452;631;16275;16906;17064;179;-337;-158;-0,009345794392523364;0,2836767036450079;-0,020706605222734254;0,11067657411028556;1;3
2016-05-26;11;2016-05-26 11:00:00;24,79;21,26;3,5299999999999976;39366;18514;45939;476;651;18586;19237;18990;175;72;247;0,012839839891875033;0,26881720430107525;0,0038738835682771977;0,14239612747075425;1;3
2016-05-26;12;2016-05-26 12:00:00;25,46;22,61;2,8500000000000014;39366;19143;45939;580;709;19673;20382;19723;129;530;659;0,03233245020115789;0,18194640338504936;0,026940476795608195;0,11194029850746273;1;3
2016-05-26;13;2016-05-26 13:00:00;24,71;22,66;2,0500000000000007;39366;18831;45939;674;804;19587;20391;19505;130;756;886;0,04345054190574273;0,16169154228855723;0,03859702864144586;0,08296236341562123;1;3
2016-05-26;14;2016-05-26 14:00:00;24,69;24,64;0,05000000000000071;39366;18224;45939;684;926;18439;19365;18908;242;215;457;0,023599277046217403;0,2613390928725702;0,011660068333423722;0,0020251113811259906;1;3
2016-05-26;15;2016-05-26 15:00:00;25,16;23,59;1,5700000000000005;39366;16804;45939;617;1091;16370;17461;17421;474;-434;40;0,0022908195406906823;0,4344637946837763;-0,02651191203420892;0,062400635930047715;1;3
2016-05-26;16;2016-05-26 16:00:00;25,76;22,76;3,0;39366;14283;45939;600;1209;13492;14701;14883;609;-791;-182;-0,012380110196585267;0,5037220843672456;-0,058627334716869255;0,11645962732919254;1;3
2016-05-26;17;2016-05-26 17:00:00;28,07;26,33;1,740000000000002;39366;10622;45939;565;1253;9888;11141;11187;688;-734;-46;-0,004128893277084642;0,5490822027134876;-0,07423139158576052;0,06198788742429647;1;3
2016-05-26;18;2016-05-26 18:00:00;34,0;32,48;1,5200000000000031;39366;6397;45939;612;1219;5941;7160;7009;607;-456;151;0,021089385474860334;0,49794913863822804;-0,0767547550917354;0,04470588235294127;1;3
2016-05-26;19;2016-05-26 19:00:00;35,27;35,95;-0,6799999999999997;39366;2848;45939;710;1186;2664;3850;3558;476;-184;292;0,07584415584415584;0,40134907251264756;-0,06906906906906907;-0,01927984122483696;1;3
2016-05-26;20;2016-05-26 20:00:00;34,95;37,61;-2,6599999999999966;39366;731;45939;940;1245;680;1925;1671;305;-51;254;0,13194805194805195;0,24497991967871485;-0,075;-0,07610872675250348;1;3
2016-05-26;21;2016-05-26 21:00:00;32,94;35,26;-2,3200000000000003;39366;27;45939;1307;1450;26;1476;1334;143;-1;142;0,09620596205962059;0,09862068965517241;-0,038461538461538464;-0,07043108682452946;1;3
2016-05-26;22;2016-05-26 22:00:00;33,1;30,29;2,8100000000000023;39366;0;45939;1750;1663;0;1663;1750;-87;0;-87;-0,052315093205051115;-0,052315093205051115;;0,08489425981873118;1;3
2016-05-26;23;2016-05-26 23:00:00;26,94;25,48;1,4600000000000009;39366;0;45939;2147;1740;0;1740;2147;-407;0;-407;-0,23390804597701148;-0,23390804597701148;;0,05419450631031926;1;3
2016-05-27;0;2016-05-27 00:00:00;24,43;23,52;0,91;39368;0;45954;2232;1809;0;1809;2232;-423;0;-423;-0,23383084577114427;-0,23383084577114427;;0,03724928366762178;1;4
2016-05-27;1;2016-05-27 01:00:00;23,42;23,03;0,39000000000000057;39368;0;45954;2116;1815;0;1815;2116;-301;0;-301;-0,16584022038567492;-0,16584022038567492;;0,016652433817250237;1;4
2016-05-27;2;2016-05-27 02:00:00;21,95;23,01;-1,0600000000000025;39368;0;45954;1899;1802;0;1802;1899;-97;0;-97;-0,05382907880133185;-0,05382907880133185;;-0,04829157175398645;1;4
2016-05-27;3;2016-05-27 03:00:00;20,61;23,6;-2,990000000000002;39368;0;45954;1884;1794;0;1794;1884;-90;0;-90;-0,05016722408026756;-0,05016722408026756;;-0,14507520621057748;1;4
2016-05-27;4;2016-05-27 04:00:00;21,69;22,46;-0,7699999999999996;39368;0;45954;1741;1803;1;1804;1741;62;1;63;0,03492239467849224;0,03438713255684969;1,0;-0,03550023052097739;1;4
2016-05-27;5;2016-05-27 05:00:00;23,45;24,79;-1,34;39368;184;45954;1632;1775;179;1954;1816;143;-5;138;0,07062436028659161;0,08056338028169015;-0,027932960893854747;-0,05714285714285715;1;4
2016-05-27;6;2016-05-27 06:00:00;27,88;32,35;-4,4700000000000015;39368;1384;45954;1442;1670;1396;3066;2826;228;12;240;0,07827788649706457;0,13652694610778443;0,008595988538681949;-0,16032998565279777;1;4
2016-05-27;7;2016-05-27 07:00:00;32,99;33,96;-0,9699999999999988;39368;3523;45954;1261;1493;3773;5266;4784;232;250;482;0,09153057349031522;0,15539182853315472;0,06626027034190299;-0,02940284934828732;1;4
2016-05-27;8;2016-05-27 08:00:00;35,48;35,04;0,4399999999999977;39368;5980;45954;1094;1249;6565;7814;7074;155;585;740;0,0947018172510878;0,12409927942353884;0,0891089108910891;0,012401352874859013;1;4
2016-05-27;9;2016-05-27 09:00:00;34,26;35,75;-1,490000000000002;39368;8822;45954;843;1010;9625;10635;9665;167;803;970;0,09120827456511518;0,16534653465346535;0,08342857142857144;-0,04349095154699364;1;4
2016-05-27;10;2016-05-27 10:00:00;32,95;34,65;-1,6999999999999955;39368;12160;45954;642;834;12498;13332;12802;192;338;530;0,039753975397539755;0,2302158273381295;0,027044327092334775;-0,05159332321699531;1;4
2016-05-27;11;2016-05-27 11:00:00;32,91;33,09;-0,18000000000000682;39368;15428;45954;494;723;14763;15486;15922;229;-665;-436;-0,028154462094795298;0,31673582295988933;-0,04504504504504504;-0,005469462169553535;1;4
2016-05-27;12;2016-05-27 12:00:00;30,37;29,17;1,1999999999999993;39368;17498;45954;471;698;16108;16806;17969;227;-1390;-1163;-0,06920147566345353;0,32521489971346706;-0,08629252545319097;0,03951267698386563;1;4
2016-05-27;13;2016-05-27 13:00:00;27,2;24,95;2,25;39368;17994;45954;526;701;16173;16874;18520;175;-1821;-1646;-0,09754652127533484;0,24964336661911554;-0,11259506585049156;0,08272058823529412;1;4
2016-05-27;14;2016-05-27 14:00:00;26,64;24,09;2,5500000000000007;39368;16799;45954;645;742;15280;16022;17444;97;-1519;-1422;-0,08875296467357384;0,1307277628032345;-0,09941099476439791;0,09572072072072074;1;4
2016-05-27;15;2016-05-27 15:00:00;26,86;24,44;2,4199999999999977;39368;14445;45954;814;860;13710;14570;15259;46;-735;-689;-0,04728894989704873;0,053488372093023255;-0,053610503282275714;0,09009679821295599;1;4
2016-05-27;16;2016-05-27 16:00:00;27,68;24,26;3,419999999999998;39368;11724;45954;1096;1021;11418;12439;12820;-75;-306;-381;-0,03062947182249377;-0,07345739471106758;-0,026799789805570153;0,12355491329479762;1;4
2016-05-27;17;2016-05-27 17:00:00;30,96;25,96;5,0;39368;8659;45954;1508;1269;8508;9777;10167;-239;-151;-390;-0,039889536667689476;-0,18833727344365642;-0,01774800188058298;0,16149870801033592;1;4
2016-05-27;18;2016-05-27 18:00:00;32,91;27,9;5,009999999999998;39368;5476;45954;1727;1635;5278;6913;7203;-92;-198;-290;-0,04194994937075076;-0,056269113149847096;-0,03751420992800303;0,15223336371923424;1;4
2016-05-27;19;2016-05-27 19:00:00;33,2;29,33;3,870000000000005;39368;2664;45954;1767;2017;2476;4493;4431;250;-188;62;0,013799243267304697;0,12394645513138325;-0,07592891760904685;0,1165662650602411;1;4
2016-05-27;20;2016-05-27 20:00:00;32,19;29,15;3,0399999999999987;39368;632;45954;1942;2319;617;2936;2574;377;-15;362;0,12329700272479564;0,16257007330746012;-0,024311183144246355;0,09443926685305992;1;4
2016-05-27;21;2016-05-27 21:00:00;31,85;29,4;2,450000000000003;39368;25;45954;2404;2758;25;2783;2429;354;0;354;0,127200862378728;0,12835387962291517;0,0;0,07692307692307701;1;4
2016-05-27;22;2016-05-27 22:00:00;30,23;31,01;-0,7800000000000011;39368;0;45954;2714;3198;0;3198;2714;484;0;484;0,15134459036898062;0,15134459036898062;;-0,02580218326166064;1;4
2016-05-27;23;2016-05-27 23:00:00;25,99;30,08;-4,09;39368;0;45954;2842;3421;0;3421;2842;579;0;579;0,16924875767319497;0,16924875767319497;;-0,15736821854559446;1;4
2016-05-28;0;2016-05-28 00:00:00;28,92;26,67;2,25;39368;0;45970;2894;4003;0;4003;2894;1109;0;1109;0,2770422183362478;0,2770422183362478;;0,07780082987551867;1;5
2016-05-28;1;2016-05-28 01:00:00;24,38;26,53;-2,150000000000002;39368;0;45970;2989;3992;0;3992;2989;1003;0;1003;0,25125250501002006;0,25125250501002006;;-0,0881870385561937;1;5
2016-05-28;2;2016-05-28 02:00:00;22,79;22,92;-0,13000000000000256;39368;0;45970;2940;4042;0;4042;2940;1102;0;1102;0,272637308263236;0,272637308263236;;-0,0057042562527425435;1;5
2016-05-28;3;2016-05-28 03:00:00;22,14;21,0;1,1400000000000006;39368;0;45970;2807;4041;0;4041;2807;1234;0;1234;0,30536995793120514;0,30536995793120514;;0,051490514905149075;1;5
2016-05-28;4;2016-05-28 04:00:00;21,69;20,45;1,240000000000002;39368;1;45970;2474;3960;1;3961;2475;1486;0;1486;0,37515778843726333;0,3752525252525252;0,0;0,05716920239741825;1;5
2016-05-28;5;2016-05-28 05:00:00;21,91;20,88;1,0300000000000011;39368;241;45970;2330;3845;220;4065;2571;1515;-21;1494;0,3675276752767528;0,3940182054616385;-0,09545454545454546;0,04701049748973077;1;5
2016-05-28;6;2016-05-28 06:00:00;22,56;23,73;-1,1700000000000017;39368;1565;45970;2147;3446;1560;5006;3712;1299;-5;1294;0,25848981222532963;0,3769587928032501;-0,003205128205128205;-0,051861702127659656;1;5
2016-05-28;7;2016-05-28 07:00:00;24,02;28,29;-4,27;39368;3870;45970;1752;2767;4286;7053;5622;1015;416;1431;0,20289238621863037;0,3668232743043007;0,0970601959869342;-0,1777685262281432;1;5
2016-05-28;8;2016-05-28 08:00:00;26,57;28,84;-2,27;39368;7047;45970;1316;2493;7779;10272;8363;1177;732;1909;0,185845015576324;0,4721219414360209;0,09409949865021211;-0,08543470079036507;1;5
2016-05-28;9;2016-05-28 09:00:00;26,95;26,42;0,5299999999999976;39368;11538;45970;1024;2510;11440;13950;12562;1486;-98;1388;0,09949820788530465;0,5920318725099601;-0,008566433566433567;0,01966604823747672;1;5
2016-05-28;10;2016-05-28 10:00:00;24,46;23,05;1,41;39368;15880;45970;1006;2649;14449;17098;16886;1643;-1431;212;0,012399111007135338;0,6202340505851265;-0,0990379957090456;0,05764513491414554;1;5
2016-05-28;11;2016-05-28 11:00:00;23,49;23,38;0,10999999999999943;39368;18700;45970;1186;2900;16655;19555;19886;1714;-2045;-331;-0,016926617233444134;0,5910344827586207;-0,12278595016511558;0,00468284376330351;1;5
2016-05-28;12;2016-05-28 12:00:00;22,87;21,38;1,490000000000002;39368;19773;45970;1318;3212;17902;21114;21091;1894;-1871;23;0,0010893246187363835;0,5896637608966376;-0,10451346218299631;0,06515085264538706;1;5
2016-05-28;13;2016-05-28 13:00:00;22,06;20,74;1,3200000000000005;39368;19102;45970;1487;3511;18054;21565;20589;2024;-1048;976;0,04525852075121725;0,576473939048704;-0,05804807798825745;0,05983680870353584;1;5
2016-05-28;14;2016-05-28 14:00:00;21,47;21,22;0,25;39368;17575;45970;1780;3817;17371;21188;19355;2037;-204;1833;0,08651123277326789;0,5336651820801677;-0,01174371078233838;0,011644154634373545;1;5
2016-05-28;15;2016-05-28 15:00:00;20,42;19,25;1,1700000000000017;39368;15013;45970;2322;4178;15565;19743;17335;1856;552;2408;0,1219672795421162;0,44423168980373384;0,03546418246064889;0,057296767874632795;1;5
2016-05-28;16;2016-05-28 16:00:00;20,0;19,07;0,9299999999999996;39368;12108;45970;3006;4581;12780;17361;15114;1575;672;2247;0,12942802833938138;0,343811394891945;0,05258215962441314;0,04649999999999998;1;5
2016-05-28;17;2016-05-28 17:00:00;22,01;25,05;-3,0399999999999987;39368;9032;45970;3712;5049;9292;14341;12744;1337;260;1597;0,11135904051321387;0,2648049118637354;0,027981058975462762;-0,13811903680145382;1;5
2016-05-28;18;2016-05-28 18:00:00;25,57;27,01;-1,4400000000000013;39368;5704;45970;4270;5583;5601;11184;9974;1313;-103;1210;0,10819027181688126;0,23517821959519972;-0,01838957329048384;-0,05631599530700044;1;5
2016-05-28;19;2016-05-28 19:00:00;26,42;27,24;-0,8199999999999967;39368;2692;45970;4393;6274;2574;8848;7085;1881;-118;1763;0,19925406871609402;0,2998087344596749;-0,04584304584304584;-0,03103709311127921;1;5
2016-05-28;20;2016-05-28 20:00:00;27,1;29,03;-1,93;39368;724;45970;4969;7276;688;7964;5693;2307;-36;2271;0,28515821195379204;0,31706981858163824;-0,05232558139534884;-0,07121771217712176;1;5
2016-05-28;21;2016-05-28 21:00:00;25,69;28,69;-3,0;39368;28;45970;6622;7949;29;7978;6650;1327;1;1328;0,1664577588368012;0,16693923763995472;0,034482758620689655;-0,11677695601401322;1;5
2016-05-28;22;2016-05-28 22:00:00;23,37;27,54;-4,169999999999998;39368;0;45970;8090;8383;0;8383;8090;293;0;293;0,03495168793987832;0,03495168793987832;;-0,17843388960205384;1;5
2016-05-28;23;2016-05-28 23:00:00;22,31;21,13;1,1799999999999995;39368;0;45970;8500;8455;0;8455;8500;-45;0;-45;-0,005322294500295683;-0,005322294500295683;;0,05289108023307932;1;5
2016-05-29;0;2016-05-29 00:00:00;18,03;13,99;4,040000000000001;39368;0;45970;8257;8483;0;8483;8257;226;0;226;0,026641518330779206;0,026641518330779206;;0,22407099278979484;1;6
2016-05-29;1;2016-05-29 01:00:00;13,15;10,88;2,27;39368;0;45970;7760;8219;0;8219;7760;459;0;459;0,055846210001216694;0,055846210001216694;;0,1726235741444867;1;6
2016-05-29;2;2016-05-29 02:00:00;12,97;9,37;3,6000000000000014;39368;0;45970;6962;7985;0;7985;6962;1023;0;1023;0,12811521603005635;0,12811521603005635;;0,27756360832690835;1;6
2016-05-29;3;2016-05-29 03:00:00;13,17;12,1;1,0700000000000005;39368;0;45970;5831;7761;0;7761;5831;1930;0;1930;0,24867929390542456;0,24867929390542456;;0,08124525436598333;1;6
2016-05-29;4;2016-05-29 04:00:00;8,9;11,3;-2,4000000000000004;39368;1;45970;5300;7538;2;7540;5301;2238;1;2239;0,29694960212201593;0,2968957283098965;0,5;-0,26966292134831465;1;6
2016-05-29;5;2016-05-29 05:00:00;6,16;10,92;-4,76;39368;190;45970;5209;7210;218;7428;5399;2001;28;2029;0,27315562735595045;0,27753120665742026;0,12844036697247707;-0,7727272727272727;1;6
2016-05-29;6;2016-05-29 06:00:00;10,58;11,85;-1,2699999999999996;39368;1388;45970;4847;6805;1481;8286;6235;1958;93;2051;0,2475259473811248;0,28772961058045554;0,06279540850776502;-0,12003780718336479;1;6
2016-05-29;7;2016-05-29 07:00:00;13,87;14,51;-0,6400000000000006;39368;3648;45970;4381;6397;3800;10197;8029;2016;152;2168;0,21261155241737767;0,3151477254963264;0,04;-0,046142754145638114;1;6
2016-05-29;8;2016-05-29 08:00:00;14,67;15,96;-1,2900000000000011;39368;6687;45970;4066;6153;6521;12674;10753;2087;-166;1921;0,15157014360107307;0,3391841378189501;-0,025456218371415425;-0,08793456032719844;1;6
2016-05-29;9;2016-05-29 09:00:00;15,23;16,21;-0,9800000000000004;39368;9564;45970;4062;6291;9256;15547;13626;2229;-308;1921;0,12356081559143244;0,35431568907963756;-0,03327571305099395;-0,0643466841759685;1;6
2016-05-29;10;2016-05-29 10:00:00;12,87;16,99;-4,119999999999999;39368;12429;45970;4111;6646;11485;18131;16540;2535;-944;1591;0,08775026198224037;0,3814324405657538;-0,08219416630387462;-0,32012432012432007;1;6
2016-05-29;11;2016-05-29 11:00:00;14,03;17,55;-3,5200000000000014;39368;14874;45970;4447;7171;13177;20348;19321;2724;-1697;1027;0,050471790839394536;0,3798633384465207;-0,12878500417393943;-0,25089094796863876;1;6
2016-05-29;12;2016-05-29 12:00:00;10,46;17,38;-6,919999999999997;39368;15355;45970;5064;8038;14011;22049;20419;2974;-1344;1630;0,07392625515896413;0,36999253545658123;-0,0959246306473485;-0,6615678776290628;1;6
2016-05-29;13;2016-05-29 13:00:00;8,57;17,89;-9,32;39368;14450;45970;5311;8900;13917;22817;19761;3589;-533;3056;0,13393522373668756;0,40325842696629216;-0,038298483868649855;-1,087514585764294;1;6
2016-05-29;14;2016-05-29 14:00:00;4,6;17,53;-12,93;39368;13282;45970;5551;9515;12904;22419;18833;3964;-378;3586;0,15995361077657344;0,4166053599579611;-0,029293242405455673;-2,8108695652173914;1;6
2016-05-29;15;2016-05-29 15:00:00;3,78;15,78;-12,0;39368;11906;45970;5870;10040;11279;21319;17776;4170;-627;3543;0,1661897837609644;0,4153386454183267;-0,05559003457753347;-3,174603174603175;1;6
2016-05-29;16;2016-05-29 16:00:00;5,32;15,09;-9,77;39368;9417;45970;6390;10322;9022;19344;15807;3932;-395;3537;0,18284739454094293;0,38093392753342376;-0,04378186654843715;-1,8364661654135337;1;6
2016-05-29;17;2016-05-29 17:00:00;8,42;20,24;-11,82;39368;6198;45970;7482;10536;6467;17003;13680;3054;269;3323;0,19543609951185084;0,2898633257403189;0,041595794031235506;-1,4038004750593824;1;6
2016-05-29;18;2016-05-29 18:00:00;18,08;25,23;-7,150000000000002;39368;3531;45970;8197;10791;4025;14816;11728;2594;494;3088;0,2084233261339093;0,24038550644055232;0,12273291925465839;-0,39546460176991166;1;6
2016-05-29;19;2016-05-29 19:00:00;21,88;29,07;-7,190000000000001;39368;1594;45970;9076;11070;1940;13010;10670;1994;346;2340;0,17986164488854728;0,18012646793134598;0,17835051546391753;-0,3286106032906765;1;6
2016-05-29;20;2016-05-29 20:00:00;22,77;28,81;-6,039999999999999;39368;395;45970;9423;11443;504;11947;9818;2020;109;2129;0,1782037331547669;0,17652713449270296;0,21626984126984128;-0,2652613087395696;1;6
2016-05-29;21;2016-05-29 21:00:00;23,04;29,69;-6,650000000000002;39368;20;45970;9830;12015;23;12038;9850;2185;3;2188;0,18175776707094202;0,18185601331668746;0,13043478260869565;-0,2886284722222223;1;6
2016-05-29;22;2016-05-29 22:00:00;23,1;30,35;-7,25;39368;0;45970;10196;12644;0;12644;10196;2448;0;2448;0,19360961720974376;0,19360961720974376;;-0,31385281385281383;1;6
2016-05-29;23;2016-05-29 23:00:00;19,73;25,61;-5,879999999999999;39368;0;45970;10082;12986;0;12986;10082;2904;0;2904;0,2236254427845372;0,2236254427845372;;-0,298023314749113;1;6
2016-05-30;0;2016-05-30 00:00:00;18,07;14,08;3,99;39371;0;46029;10460;11082;0;11082;10460;622;0;622;0,05612705287854178;0,05612705287854178;;0,22080796900940786;1;0
2016-05-30;1;2016-05-30 01:00:00;13,87;10,19;3,68;39371;0;46029;10955;11005;0;11005;10955;50;0;50;0,004543389368468878;0,004543389368468878;;0,26532083633741893;1;0
2016-05-30;2;2016-05-30 02:00:00;12,27;6,31;5,96;39371;0;46029;11037;11090;0;11090;11037;53;0;53;0,004779080252479711;0,004779080252479711;;0,48573757131214346;1;0
2016-05-30;3;2016-05-30 03:00:00;11,28;4,21;7,0699999999999985;39371;0;46029;10737;11333;0;11333;10737;596;0;596;0,052589782052413304;0,052589782052413304;;0,6267730496453899;1;0
2016-05-30;4;2016-05-30 04:00:00;11,86;4,17;7,689999999999999;39371;1;46029;11376;11609;2;11611;11377;233;1;234;0,02015330290242012;0,02007063485226979;0,5;0,648397976391231;1;0
2016-05-30;5;2016-05-30 05:00:00;18,01;8,59;9,420000000000002;39371;213;46029;11175;11857;201;12058;11388;682;-12;670;0,055564770276994524;0,05751876528632875;-0,05970149253731343;0,5230427540255415;1;0
2016-05-30;6;2016-05-30 06:00:00;26,16;21,9;4,260000000000002;39371;1244;46029;10410;11926;1062;12988;11654;1516;-182;1334;0,10271019402525408;0,1271172228743921;-0,1713747645951036;0,16284403669724776;1;0
2016-05-30;7;2016-05-30 07:00:00;34,94;30,15;4,789999999999999;39371;2996;46029;9582;11835;2751;14586;12578;2253;-245;2008;0,13766625531331414;0,19036755386565274;-0,089058524173028;0,13709215798511734;1;0
2016-05-30;8;2016-05-30 08:00:00;35,25;35,45;-0,20000000000000284;39371;5310;46029;8552;11800;4846;16646;13862;3248;-464;2784;0,1672473867595819;0,2752542372881356;-0,09574907139909203;-0,005673758865248308;1;0
2016-05-30;9;2016-05-30 09:00:00;35,43;35,2;0,2299999999999969;39371;8051;46029;8235;12319;7081;19400;16286;4084;-970;3114;0,16051546391752577;0,3315204156181508;-0,136986301369863;0,0064916737228336695;1;0
2016-05-30;10;2016-05-30 10:00:00;34,79;32,91;1,8800000000000023;39371;10646;46029;8269;12835;9099;21934;18915;4566;-1547;3019;0,13764019330719432;0,35574600701207637;-0,1700186833717991;0,054038516815176844;1;0
2016-05-30;11;2016-05-30 11:00:00;34,25;33,26;0,9900000000000021;39371;12256;46029;9307;13194;10670;23864;21563;3887;-1586;2301;0,09642138786456587;0,2946036077004699;-0,1486410496719775;0,028905109489051155;1;0
2016-05-30;12;2016-05-30 12:00:00;29,0;32,41;-3,4099999999999966;39371;13067;46029;10367;13648;11715;25363;23434;3281;-1352;1929;0,07605567164767575;0,24040152403282533;-0,11540759709773794;-0,11758620689655161;1;0
2016-05-30;13;2016-05-30 13:00:00;26,33;30,05;-3,7200000000000015;39371;14124;46029;11174;14028;12133;26161;25298;2854;-1991;863;0,03298803562554948;0,20345024237239806;-0,16409791477787852;-0,14128370679832897;1;0
2016-05-30;14;2016-05-30 14:00:00;25,08;29,47;-4,3900000000000015;39371;13731;46029;11303;14341;11909;26250;25034;3038;-1822;1216;0,046323809523809524;0,2118401785091695;-0,15299353430178855;-0,17503987240829352;1;0
2016-05-30;15;2016-05-30 15:00:00;24,67;29,36;-4,689999999999999;39371;12690;46029;11537;14279;10969;25248;24227;2742;-1721;1021;0,040438846641318124;0,19203025421948317;-0,1568967089069195;-0,19010944466963917;1;0
2016-05-30;16;2016-05-30 16:00:00;25,06;30,09;-5,030000000000001;39371;11058;46029;11168;13800;9293;23093;22226;2632;-1765;867;0,03754384445502966;0,1907246376811594;-0,18992790272247928;-0,2007182761372706;1;0
2016-05-30;17;2016-05-30 17:00:00;25,47;29,24;-3,77;39371;8089;46029;11254;13098;7075;20173;19343;1844;-1014;830;0,041144103504684476;0,14078485264925944;-0,14332155477031802;-0,1480172752257558;1;0
2016-05-30;18;2016-05-30 18:00:00;28,74;32,43;-3,690000000000001;39371;4835;46029;10798;12301;4565;16866;15633;1503;-270;1233;0,07310565635005337;0,12218518819608162;-0,05914567360350493;-0,12839248434238;1;0
2016-05-30;19;2016-05-30 19:00:00;28,99;34,43;-5,440000000000001;39371;2229;46029;10525;11790;2269;14059;12754;1265;40;1305;0,09282310263887901;0,10729431721798134;0,01762891141472014;-0,18765091410831328;1;0
2016-05-30;20;2016-05-30 20:00:00;25,48;33,71;-8,23;39371;572;46029;10031;11646;640;12286;10603;1615;68;1683;0,13698518639101417;0,13867422290915335;0,10625;-0,3229984301412873;1;0
2016-05-30;21;2016-05-30 21:00:00;24,68;31,88;-7,199999999999998;39371;25;46029;10225;11763;33;11796;10250;1538;8;1546;0,13106137673787724;0,13074895859899685;0,24242424242424243;-0,29173419773095616;1;0
2016-05-30;22;2016-05-30 22:00:00;23,9;32,05;-8,149999999999999;39371;0;46029;10122;11836;0;11836;10122;1714;0;1714;0,14481243663399798;0,14481243663399798;;-0,3410041841004184;1;0
2016-05-30;23;2016-05-30 23:00:00;21,94;28,85;-6,91;39371;0;46029;10289;11562;0;11562;10289;1273;0;1273;0,11010205846739318;0,11010205846739318;;-0,31494986326344576;1;0
2016-05-31;0;2016-05-31 00:00:00;21,17;22,72;-1,5499999999999972;39382;0;46041;9488;9766;0;9766;9488;278;0;278;0,028466106901494984;0,028466106901494984;;-0,0732168162494094;1;1
2016-05-31;1;2016-05-31 01:00:00;19,25;20,02;-0,7699999999999996;39382;0;46041;9058;9133;0;9133;9058;75;0;75;0,00821197853936275;0,00821197853936275;;-0,03999999999999998;1;1
2016-05-31;2;2016-05-31 02:00:00;16,44;16,52;-0,0799999999999983;39382;0;46041;8139;8507;0;8507;8139;368;0;368;0,043258493005759964;0,043258493005759964;;-0,0048661800486616965;1;1
2016-05-31;3;2016-05-31 03:00:00;16,09;17,19;-1,1000000000000014;39382;0;46041;7410;7916;0;7916;7410;506;0;506;0,0639211723092471;0,0639211723092471;;-0,06836544437538852;1;1
2016-05-31;4;2016-05-31 04:00:00;17,31;16,64;0,6699999999999982;39382;1;46041;6867;7308;4;7312;6868;441;3;444;0,06072210065645514;0,0603448275862069;0,75;0,038705950317735306;1;1
2016-05-31;5;2016-05-31 05:00:00;20,98;22,04;-1,0599999999999987;39382;242;46041;6286;6832;267;7099;6528;546;25;571;0,0804338639244964;0,07991803278688525;0,09363295880149813;-0,05052430886558621;1;1
2016-05-31;6;2016-05-31 06:00:00;24,52;34,26;-9,739999999999998;39382;1552;46041;5496;6141;1735;7876;7048;645;183;828;0,10512950736414424;0,10503175378602833;0,10547550432276658;-0,39722675367047305;1;1
2016-05-31;7;2016-05-31 07:00:00;32,93;41,57;-8,64;39382;4310;46041;4574;5294;4611;9905;8884;720;301;1021;0,10307925290257446;0,1360030222893842;0,06527868141400997;-0,26237473428484664;1;1
2016-05-31;8;2016-05-31 08:00:00;35,81;46,86;-11,049999999999995;39382;8156;46041;3570;4713;8305;13018;11726;1143;149;1292;0,09924719618989092;0,24252068746021643;0,01794099939795304;-0,30857302429488953;1;1
2016-05-31;9;2016-05-31 09:00:00;35,47;43,37;-7,899999999999999;39382;11729;46041;3306;4511;11882;16393;15035;1205;153;1358;0,08284023668639054;0,2671248060297052;0,012876620097626662;-0,22272342824922467;1;1
2016-05-31;10;2016-05-31 10:00:00;34,94;41,01;-6,07;39382;14163;46041;3268;4313;14494;18807;17431;1045;331;1376;0,07316424735470835;0,2422907488986784;0,02283703601490272;-0,17372638809387522;1;1
2016-05-31;11;2016-05-31 11:00:00;35,8;39,23;-3,43;39382;15052;46041;3140;4092;15984;20076;18192;952;932;1884;0,09384339509862523;0,23264907135874877;0,058308308308308306;-0,0958100558659218;1;1
2016-05-31;12;2016-05-31 12:00:00;32,78;38,16;-5,379999999999996;39382;15302;46041;2764;3923;16386;20309;18066;1159;1084;2243;0,11044364567433158;0,29543716543461634;0,06615403393140486;-0,16412446613788884;1;1
2016-05-31;13;2016-05-31 13:00:00;30,94;37,64;-6,699999999999998;39382;15273;46041;2631;3753;16463;20216;17904;1122;1190;2312;0,11436485951721409;0,29896083133493206;0,07228330194982688;-0,21654815772462827;1;1
2016-05-31;14;2016-05-31 14:00:00;30,57;37,05;-6,479999999999998;39382;14863;46041;2557;3551;15824;19375;17420;994;961;1955;0,10090322580645161;0,2799211489721205;0,06073053589484328;-0,211972522080471;1;1
2016-05-31;15;2016-05-31 15:00:00;28,82;37,19;-8,369999999999997;39382;13350;46041;2865;3396;14307;17703;16215;531;957;1488;0,08405355024572106;0,15636042402826855;0,06689033340322918;-0,2904233171408743;1;1
2016-05-31;16;2016-05-31 16:00:00;29,26;35,51;-6,2499999999999964;39382;11023;46041;3159;3262;11858;15120;14182;103;835;938;0,062037037037037036;0,03157572041692213;0,07041659639062237;-0,21360218728639768;1;1
2016-05-31;17;2016-05-31 17:00:00;32,37;35,46;-3,0900000000000034;39382;8200;46041;3800;3177;8839;12016;12000;-623;639;16;0,0013315579227696406;-0,1960969468051621;0,07229324584228985;-0,09545875810936064;1;1
2016-05-31;18;2016-05-31 18:00:00;34,94;37,14;-2,200000000000003;39382;4983;46041;4077;3199;5527;8726;9060;-878;544;-334;-0,03827641531056612;-0,27446076899030947;0,09842590917314999;-0,06296508299942767;1;1
2016-05-31;19;2016-05-31 19:00:00;35,92;36,91;-0,9899999999999948;39382;2468;46041;4241;3226;2690;5916;6709;-1015;222;-793;-0,13404327248140635;-0,314631122132672;0,08252788104089219;-0,02756124721603549;1;1
2016-05-31;20;2016-05-31 20:00:00;32,95;35,65;-2,699999999999996;39382;696;46041;4064;3357;751;4108;4760;-707;55;-652;-0,1587147030185005;-0,21060470658325886;0,07323568575233022;-0,08194233687405147;1;1
2016-05-31;21;2016-05-31 21:00:00;31,98;32,63;-0,6500000000000021;39382;43;46041;4278;3743;39;3782;4321;-535;-4;-539;-0,1425171866737176;-0,14293347582153354;-0,10256410256410256;-0,020325203252032586;1;1
2016-05-31;22;2016-05-31 22:00:00;30,78;36,29;-5,509999999999998;39382;0;46041;4413;4118;0;4118;4413;-295;0;-295;-0,07163671685284119;-0,07163671685284119;;-0,17901234567901228;1;1
2016-05-31;23;2016-05-31 23:00:00;26,15;29,59;-3,4400000000000013;39382;0;46041;4760;4354;0;4354;4760;-406;0;-406;-0,0932475884244373;-0,0932475884244373;;-0,13154875717017214;1;1
2016-06-01;0;2016-06-01 00:00:00;24,0;24,67;-0,6700000000000017;39384;0;46062;4972;5663;0;5663;4972;691;0;691;0,12202013067278827;0,12202013067278827;;-0,02791666666666674;1;2
2016-06-01;1;2016-06-01 01:00:00;22,23;22,19;0,03999999999999915;39384;0;46062;5542;5859;0;5859;5542;317;0;317;0,05410479604027991;0,05410479604027991;;0,0017993702204228137;1;2
2016-06-01;2;2016-06-01 02:00:00;21,07;21,99;-0,9199999999999982;39384;0;46062;5412;6034;0;6034;5412;622;0;622;0,10308253231687106;0,10308253231687106;;-0,043663977218794406;1;2
2016-06-01;3;2016-06-01 03:00:00;20,08;20,11;-0,030000000000001137;39384;0;46062;5319;6112;0;6112;5319;793;0;793;0,12974476439790575;0,12974476439790575;;-0,001494023904382527;1;2
2016-06-01;4;2016-06-01 04:00:00;20,18;18,2;1,9800000000000004;39384;1;46062;5506;6133;1;6134;5507;627;0;627;0,10221715030974894;0,10223381705527475;0,0;0,09811694747274531;1;2
2016-06-01;5;2016-06-01 05:00:00;23,1;20,88;2,2200000000000024;39384;144;46062;5466;6181;152;6333;5610;715;8;723;0,11416390336333491;0,11567707490697299;0,05263157894736842;0,0961038961038962;1;2
2016-06-01;6;2016-06-01 06:00:00;29,9;24,2;5,699999999999998;39384;1024;46062;4840;6207;1047;7254;5864;1367;23;1390;0,19161841742486904;0,2202352183019172;0,021967526265520534;0,19063545150501668;1;2
2016-06-01;7;2016-06-01 07:00:00;37,49;35,27;2,2199999999999993;39384;2714;46062;4349;6200;2848;9048;7063;1851;134;1985;0,21938549955791334;0,29854838709677417;0,047050561797752806;0,05921579087756733;1;2
2016-06-01;8;2016-06-01 08:00:00;40,87;38,83;2,039999999999999;39384;4796;46062;4223;6216;5023;11239;9019;1993;227;2220;0,1975264703265415;0,32062419562419564;0,045192116265180174;0,04991436261316367;1;2
2016-06-01;9;2016-06-01 09:00:00;41,0;40,28;0,7199999999999989;39384;6928;46062;4548;6375;7159;13534;11476;1827;231;2058;0,15206147480419685;0,28658823529411764;0,032267076407319455;0,01756097560975607;1;2
2016-06-01;10;2016-06-01 10:00:00;40,44;39,29;1,1499999999999986;39384;8741;46062;5391;6662;8934;15596;14132;1271;193;1464;0,09387022313413695;0,19078354848393875;0,021602865457801657;0,02843719090009888;1;2
2016-06-01;11;2016-06-01 11:00:00;40,51;40,62;-0,10999999999999943;39384;9984;46062;6141;7147;10264;17411;16125;1006;280;1286;0,07386135201883867;0,14075836015111234;0,027279812938425563;-0,0027153789187854714;1;2
2016-06-01;12;2016-06-01 12:00:00;36,64;37,09;-0,4500000000000029;39384;10712;46062;7010;7908;11185;19093;17722;898;473;1371;0,07180642120148746;0,1135558927668184;0,04228877961555655;-0,012281659388646367;1;2
2016-06-01;13;2016-06-01 13:00:00;32,11;31,95;0,16000000000000014;39384;10961;46062;8250;8698;11438;20136;19211;448;477;925;0,04593762415574096;0,051506093354794204;0,041703094946668996;0,004982871379632518;1;2
2016-06-01;14;2016-06-01 14:00:00;30,9;31,27;-0,37000000000000105;39384;10588;46062;9155;9339;11017;20356;19743;184;429;613;0,030113971310670073;0,019702323589249383;0,038939820277752564;-0,011974110032362494;1;2
2016-06-01;15;2016-06-01 15:00:00;28,96;27,18;1,7800000000000011;39384;10356;46062;10272;9846;10009;19855;20628;-426;-347;-773;-0,038932258876857216;-0,043266301035953685;-0,034668798081726446;0,06146408839779009;1;2
2016-06-01;16;2016-06-01 16:00:00;28,12;25,07;3,0500000000000007;39384;8953;46062;10764;10106;8548;18654;19717;-658;-405;-1063;-0,056985097030127586;-0,06510983574114387;-0,04737950397753861;0,10846372688477954;1;2
2016-06-01;17;2016-06-01 17:00:00;30,11;28,56;1,5500000000000007;39384;6658;46062;10290;10227;6571;16798;16948;-63;-87;-150;-0,008929634480295273;-0,006160164271047228;-0,013239993912646478;0,05147791431418136;1;2
2016-06-01;18;2016-06-01 18:00:00;32,66;31,48;1,1799999999999962;39384;4126;46062;9812;10120;4253;14373;13938;308;127;435;0,03026508035900647;0,030434782608695653;0,02986127439454503;0,03612982241273718;1;2
2016-06-01;19;2016-06-01 19:00:00;32,92;33,6;-0,6799999999999997;39384;1904;46062;9470;9978;2150;12128;11374;508;246;754;0,06217018469656992;0,05091200641411105;0,1144186046511628;-0,020656136087484803;1;2
2016-06-01;20;2016-06-01 20:00:00;30,95;34,0;-3,0500000000000007;39384;487;46062;8960;9973;599;10572;9447;1013;112;1125;0,10641316685584563;0,10157425047628597;0,18697829716193656;-0,09854604200323104;1;2
2016-06-01;21;2016-06-01 21:00:00;29,57;33,9;-4,329999999999998;39384;37;46062;8926;9822;32;9854;8963;896;-5;891;0,090420133955754;0,09122378334351455;-0,15625;-0,14643219479201888;1;2
2016-06-01;22;2016-06-01 22:00:00;30,9;34,04;-3,140000000000001;39384;0;46062;8627;9624;0;9624;8627;997;0;997;0,103595178719867;0,103595178719867;;-0,10161812297734632;1;2
2016-06-01;23;2016-06-01 23:00:00;26,64;29,65;-3,009999999999998;39384;0;46062;7972;9379;0;9379;7972;1407;0;1407;0,1500159931762448;0,1500159931762448;;-0,11298798798798791;1;2
2016-06-02;0;2016-06-02 00:00:00;21,96;21,15;0,8100000000000023;39386;0;46083;7429;7852;0;7852;7429;423;0;423;0,05387162506367804;0,05387162506367804;;0,03688524590163945;1;3
2016-06-02;1;2016-06-02 01:00:00;20,75;19,16;1,59;39386;0;46083;6608;7286;0;7286;6608;678;0;678;0,09305517430688992;0,09305517430688992;;0,07662650602409639;1;3
2016-06-02;2;2016-06-02 02:00:00;20,06;19,6;0,4599999999999973;39386;0;46083;5591;6718;0;6718;5591;1127;0;1127;0,16775826138731764;0,16775826138731764;;0,022931206380857296;1;3
2016-06-02;3;2016-06-02 03:00:00;20,0;17,59;2,41;39386;0;46083;5079;6197;0;6197;5079;1118;0;1118;0,18040987574632886;0,18040987574632886;;0,12050000000000001;1;3
2016-06-02;4;2016-06-02 04:00:00;20,0;16,71;3,2899999999999987;39386;2;46083;4817;5693;5;5698;4819;876;3;879;0,15426465426465427;0,15387317758650976;0,6;0,16449999999999992;1;3
2016-06-02;5;2016-06-02 05:00:00;22,37;18,82;3,5500000000000007;39386;200;46083;4539;5162;237;5399;4739;623;37;660;0,12224486015928876;0,1206896551724138;0,15611814345991562;0,15869468037550294;1;3
2016-06-02;6;2016-06-02 06:00:00;29,03;29,26;-0,23000000000000045;39386;1173;46083;4486;4552;1433;5985;5659;66;260;326;0,05446950710108605;0,014499121265377855;0,18143754361479414;-0,007922838442990026;1;3
2016-06-02;7;2016-06-02 07:00:00;37,97;43,33;-5,3599999999999985;39386;2832;46083;4074;4011;3744;7755;6906;-63;912;849;0,10947775628626692;-0,015706806282722512;0,24358974358974358;-0,141164076902818;1;3
2016-06-02;8;2016-06-02 08:00:00;39,54;48,33;-8,79;39386;4896;46083;3594;3643;6564;10207;8490;49;1668;1717;0,1682178896835505;0,013450452923414768;0,25411334552102377;-0,22230652503793624;1;3
2016-06-02;9;2016-06-02 09:00:00;37,98;53,8;-15,82;39386;7375;46083;3737;3446;9567;13013;11112;-291;2192;1901;0,146084684546223;-0,0844457341845618;0,22912093655273336;-0,4165350184307531;1;3
2016-06-02;10;2016-06-02 10:00:00;37,09;50,35;-13,259999999999998;39386;9850;46083;3806;3404;12225;15629;13656;-402;2375;1973;0,12623968264124383;-0,11809635722679201;0,19427402862985685;-0,3575087624696683;1;3
2016-06-02;11;2016-06-02 11:00:00;36,37;43,9;-7,530000000000001;39386;12123;46083;3804;3547;14149;17696;15927;-257;2026;1769;0,09996609403254973;-0,07245559627854525;0,14319033147218885;-0,20703876821556233;1;3
2016-06-02;12;2016-06-02 12:00:00;32,08;40,07;-7,990000000000002;39386;13778;46083;4250;3846;15310;19156;18028;-404;1532;1128;0,05888494466485696;-0,10504420176807072;0,1000653167864141;-0,24906483790523698;1;3
2016-06-02;13;2016-06-02 13:00:00;28,67;36,18;-7,509999999999998;39386;14200;46083;4698;4174;15697;19871;18898;-524;1497;973;0,04896582960092597;-0,12553905126976522;0,09536854175957189;-0,2619462853156609;1;3
2016-06-02;14;2016-06-02 14:00:00;26,68;32,14;-5,460000000000001;39386;13461;46083;5143;4444;15147;19591;18604;-699;1686;987;0,05038027665764892;-0,15729072907290728;0,11130917013269954;-0,20464767616191906;1;3
2016-06-02;15;2016-06-02 15:00:00;25,95;32,28;-6,330000000000003;39386;12171;46083;5738;4767;13607;18374;17909;-971;1436;465;0,025307499727876347;-0,2036920495070275;0,10553391636657602;-0,2439306358381504;1;3
2016-06-02;16;2016-06-02 16:00:00;25,92;31,24;-5,319999999999997;39386;11200;46083;5825;5079;11265;16344;17025;-746;65;-681;-0,041666666666666664;-0,14687930695018706;0,005770084332001775;-0,20524691358024677;1;3
2016-06-02;17;2016-06-02 17:00:00;28,22;33,49;-5,270000000000003;39386;8704;46083;5332;5259;8341;13600;14036;-73;-363;-436;-0,032058823529411765;-0,013880965963110857;-0,04351996163529553;-0,18674698795180736;1;3
2016-06-02;18;2016-06-02 18:00:00;31,84;37,24;-5,400000000000002;39386;5468;46083;4950;5280;5272;10552;10418;330;-196;134;0,01269901440485216;0,0625;-0,03717754172989378;-0,1695979899497488;1;3
2016-06-02;19;2016-06-02 19:00:00;32,96;39,07;-6,1099999999999985;39386;2675;46083;4446;5084;2623;7707;7121;638;-52;586;0,07603477358245751;0,12549173878835562;-0,019824628288219594;-0,18537621359223297;1;3
2016-06-02;20;2016-06-02 20:00:00;31,96;37,86;-5,899999999999999;39386;734;46083;4100;4826;764;5590;4834;726;30;756;0,13524150268336316;0,1504351429755491;0,03926701570680628;-0,18460575719649558;1;3
2016-06-02;21;2016-06-02 21:00:00;29,46;34,59;-5,130000000000003;39386;53;46083;4205;5024;41;5065;4258;819;-12;807;0,15932872655478775;0,1630175159235669;-0,2926829268292683;-0,1741344195519349;1;3
2016-06-02;22;2016-06-02 22:00:00;29,16;35,3;-6,139999999999998;39386;0;46083;4207;5402;0;5402;4207;1195;0;1195;0,2212143650499815;0,2212143650499815;;-0,2105624142661179;1;3
2016-06-02;23;2016-06-02 23:00:00;24,59;28,57;-3,98;39386;0;46083;4099;5676;0;5676;4099;1577;0;1577;0,27783650458069065;0,27783650458069065;;-0,16185441236274908;1;3
2016-06-03;0;2016-06-03 00:00:00;24,1;27,27;-3,169999999999998;39388;0;46110;3924;5777;0;5777;3924;1853;0;1853;0,32075471698113206;0,32075471698113206;;-0,1315352697095435;1;4
2016-06-03;1;2016-06-03 01:00:00;21,68;25,14;-3,4600000000000013;39388;0;46110;3919;5662;0;5662;3919;1743;0;1743;0,30784175203108444;0,30784175203108444;;-0,15959409594095947;1;4
2016-06-03;2;2016-06-03 02:00:00;21,22;25,1;-3,8800000000000026;39388;0;46110;4064;5429;0;5429;4064;1365;0;1365;0,2514275188800884;0,2514275188800884;;-0,18284637134778525;1;4
2016-06-03;3;2016-06-03 03:00:00;20,64;21,46;-0,8200000000000003;39388;0;46110;4114;5127;0;5127;4114;1013;0;1013;0,19758143163643457;0,19758143163643457;;-0,03972868217054265;1;4
2016-06-03;4;2016-06-03 04:00:00;20,9;19,67;1,2299999999999969;39388;2;46110;3937;4814;5;4819;3939;877;3;880;0,18261050010375596;0,182176983797258;0,6;0,05885167464114818;1;4
2016-06-03;5;2016-06-03 05:00:00;22,5;24,2;-1,6999999999999993;39388;228;46110;3663;4489;250;4739;3891;826;22;848;0,1789407047900401;0,18400534640231678;0,088;-0,07555555555555553;1;4
2016-06-03;6;2016-06-03 06:00:00;27,46;30,19;-2,7300000000000004;39388;1444;46110;3176;4018;1601;5619;4620;842;157;999;0,1777896422851041;0,20955699352911897;0,09806371018113678;-0,09941733430444284;1;4
2016-06-03;7;2016-06-03 07:00:00;35,45;39,09;-3,640000000000001;39388;3838;46110;2344;3511;4194;7705;6182;1167;356;1523;0,19766385463984426;0,33238393620051265;0,08488316642823081;-0,10267983074753176;1;4
2016-06-03;8;2016-06-03 08:00:00;40,08;49,69;-9,61;39388;6819;46110;1706;3256;7263;10519;8525;1550;444;1994;0,1895617454130621;0,476044226044226;0,06113176373399422;-0,23977045908183633;1;4
2016-06-03;9;2016-06-03 09:00:00;39,93;47,48;-7,549999999999998;39388;10228;46110;1928;3317;10362;13679;12156;1389;134;1523;0,11133854813948388;0,4187518842327404;0,012931866435051148;-0,18908089156023036;1;4
2016-06-03;10;2016-06-03 10:00:00;36,44;41,54;-5,100000000000001;39388;13003;46110;3028;3570;12985;16555;16031;542;-18;524;0,03165206886137119;0,15182072829131651;-0,001386214863303812;-0,13995609220636668;1;4
2016-06-03;11;2016-06-03 11:00:00;35,64;36,42;-0,7800000000000011;39388;15014;46110;4149;4008;14779;18787;19163;-141;-235;-376;-0,020013839357002183;-0,035179640718562874;-0,015900940523716083;-0,021885521885521918;1;4
2016-06-03;12;2016-06-03 12:00:00;30,92;30,26;0,6600000000000001;39388;16386;46110;4907;4527;15747;20274;21293;-380;-639;-1019;-0,050261418565650584;-0,08394079964656505;-0,040579157934844734;0,021345407503234156;1;4
2016-06-03;13;2016-06-03 13:00:00;27,77;26,97;0,8000000000000007;39388;16437;46110;5236;4985;15844;20829;21673;-251;-593;-844;-0,040520428249075806;-0,05035105315947844;-0,037427417318858874;0,02880806625855242;1;4
2016-06-03;14;2016-06-03 14:00:00;25,28;26,21;-0,9299999999999996;39388;15611;46110;5702;5234;15035;20269;21313;-468;-576;-1044;-0,051507227786274604;-0,08941536110049675;-0,038310608579980046;-0,036787974683544285;1;4
2016-06-03;15;2016-06-03 15:00:00;25,26;26,49;-1,2299999999999969;39388;14251;46110;6460;5435;13545;18980;20711;-1025;-706;-1731;-0,09120126448893572;-0,18859245630174792;-0,05212255444813584;-0,04869358669833716;1;4
2016-06-03;16;2016-06-03 16:00:00;25,49;27,1;-1,6100000000000032;39388;11861;46110;6318;5709;11347;17056;18179;-609;-514;-1123;-0,06584193245778612;-0,10667367314766159;-0,04529831673570107;-0,06316202432326415;1;4
2016-06-03;17;2016-06-03 17:00:00;28,0;28,49;-0,4899999999999984;39388;9016;46110;6382;5695;8395;14090;15398;-687;-621;-1308;-0,0928317955997161;-0,12063213345039508;-0,07397260273972603;-0,017499999999999943;1;4
2016-06-03;18;2016-06-03 18:00:00;31,82;30,39;1,4299999999999995;39388;5549;46110;5913;5266;5163;10429;11462;-647;-386;-1033;-0,09905072394285167;-0,1228636536270414;-0,0747627348440829;0,044940289126335624;1;4
2016-06-03;19;2016-06-03 19:00:00;33,61;30,58;3,030000000000001;39388;2718;46110;4959;4819;2487;7306;7677;-140;-231;-371;-0,050780180673419106;-0,029051670471052084;-0,09288299155609167;0,09015174055340676;1;4
2016-06-03;20;2016-06-03 20:00:00;31,98;29,81;2,1700000000000017;39388;762;46110;4129;4521;738;5259;4891;392;-24;368;0,06997528047157255;0,08670648086706481;-0,032520325203252036;0,06785490931832401;1;4
2016-06-03;21;2016-06-03 21:00:00;30,66;29,19;1,4699999999999989;39388;46;46110;4443;4738;48;4786;4489;295;2;297;0,062055996656916;0,06226255804136767;0,041666666666666664;0,04794520547945202;1;4
2016-06-03;22;2016-06-03 22:00:00;32,16;30,19;1,9699999999999955;39388;0;46110;4396;5050;0;5050;4396;654;0;654;0,1295049504950495;0,1295049504950495;;0,061256218905472504;1;4
2016-06-03;23;2016-06-03 23:00:00;28,94;27,41;1,5300000000000011;39388;0;46110;4234;5187;0;5187;4234;953;0;953;0,1837285521496048;0,1837285521496048;;0,052868002764340054;1;4
2016-06-04;0;2016-06-04 00:00:00;23,72;25,55;-1,8300000000000016;39389;0;46110;3752;5081;0;5081;3752;1329;0;1329;0,26156268451092307;0,26156268451092307;;-0,07715008431703212;1;5
2016-06-04;1;2016-06-04 01:00:00;23,21;24,16;-0,9499999999999992;39389;0;46110;3386;4748;0;4748;3386;1362;0;1362;0,2868576242628475;0,2868576242628475;;-0,04093063334769492;1;5
2016-06-04;2;2016-06-04 02:00:00;21,63;22,78;-1,150000000000002;39389;0;46110;3175;4436;0;4436;3175;1261;0;1261;0,28426510369702435;0,28426510369702435;;-0,053166897827092094;1;5
2016-06-04;3;2016-06-04 03:00:00;21,29;22,39;-1,1000000000000014;39389;0;46110;2806;4080;0;4080;2806;1274;0;1274;0,3122549019607843;0,3122549019607843;;-0,05166744950681078;1;5
2016-06-04;4;2016-06-04 04:00:00;21,26;22,21;-0,9499999999999992;39389;3;46110;2547;3672;6;3678;2550;1125;3;1128;0,3066884176182708;0,30637254901960786;0,5;-0,04468485418626524;1;5
2016-06-04;5;2016-06-04 05:00:00;21,3;21,68;-0,37999999999999895;39389;300;46110;2225;3158;305;3463;2525;933;5;938;0,270863413225527;0,2954401519949335;0,01639344262295082;-0,01784037558685441;1;5
2016-06-04;6;2016-06-04 06:00:00;21,53;22,43;-0,8999999999999986;39389;1733;46110;1851;2478;1742;4220;3584;627;9;636;0,15071090047393365;0,25302663438256656;0,005166475315729047;-0,04180213655364601;1;5
2016-06-04;7;2016-06-04 07:00:00;23,5;23,01;0,4899999999999984;39389;4692;46110;1141;1682;4732;6414;5833;541;40;581;0,09058309946990957;0,321640903686088;0,0084530853761623;0,020851063829787166;1;5
2016-06-04;8;2016-06-04 08:00:00;27,49;24,66;2,8299999999999983;39389;8480;46110;570;1071;8564;9635;9050;501;84;585;0,06071613907628438;0,4677871148459384;0,009808500700607193;0,10294652600945793;1;5
2016-06-04;9;2016-06-04 09:00:00;28,98;31,32;-2,34;39389;12736;46110;509;927;12413;13340;13245;418;-323;95;0,00712143928035982;0,45091693635382957;-0,026021106904052203;-0,08074534161490683;1;5
2016-06-04;10;2016-06-04 10:00:00;26,56;30,16;-3,6000000000000014;39389;16574;46110;747;1024;15561;16585;17321;277;-1013;-736;-0,04437744950256255;0,2705078125;-0,06509864404601247;-0,13554216867469884;1;5
2016-06-04;11;2016-06-04 11:00:00;26,91;28,36;-1,4499999999999993;39389;18794;46110;1169;1241;17523;18764;19963;72;-1271;-1199;-0,06389895544659988;0,05801772763900081;-0,07253324202476745;-0,05388331475287994;1;5
2016-06-04;12;2016-06-04 12:00:00;25,73;26,59;-0,8599999999999994;39389;19918;46110;1541;1537;18424;19961;21459;-4;-1494;-1498;-0,07504634036370923;-0,002602472348731295;-0,08108988276161529;-0,0334240186552662;1;5
2016-06-04;13;2016-06-04 13:00:00;22,78;25,7;-2,919999999999998;39389;19704;46110;1708;1848;18580;20428;21412;140;-1124;-984;-0,04816917955747014;0,07575757575757576;-0,060495156081808395;-0,12818261633011405;1;5
2016-06-04;14;2016-06-04 14:00:00;21,58;28,02;-6,440000000000001;39389;18826;46110;2013;2171;17688;19859;20839;158;-1138;-980;-0,049347902714134646;0,07277752187931828;-0,0643374038896427;-0,298424467099166;1;5
2016-06-04;15;2016-06-04 15:00:00;21,41;27,76;-6,350000000000001;39389;16881;46110;2430;2532;15693;18225;19311;102;-1188;-1086;-0,059588477366255145;0,04028436018957346;-0,07570254253488817;-0,2965903783278842;1;5
2016-06-04;16;2016-06-04 16:00:00;21,53;27,57;-6,039999999999999;39389;14079;46110;2978;2873;12985;15858;17057;-105;-1094;-1199;-0,07560852566527936;-0,036547163243995824;-0,08425105891413169;-0,28053878309335806;1;5
2016-06-04;17;2016-06-04 17:00:00;25,29;27,5;-2,210000000000001;39389;10295;46110;3328;3177;9605;12782;13623;-151;-690;-841;-0,06579565013299953;-0,047529115517784076;-0,07183758459135867;-0,08738631870304472;1;5
2016-06-04;18;2016-06-04 18:00:00;28,19;29,04;-0,8499999999999979;39389;6364;46110;3348;3471;5977;9448;9712;123;-387;-264;-0,0279424216765453;0,03543647363872083;-0,06474820143884892;-0,030152536360411417;1;5
2016-06-04;19;2016-06-04 19:00:00;30,07;31,17;-1,1000000000000014;39389;3086;46110;3416;3621;2927;6548;6502;205;-159;46;0,007025045815516188;0,05661419497376415;-0,05432183122651179;-0,03658131027602266;1;5
2016-06-04;20;2016-06-04 20:00:00;29,87;32,16;-2,289999999999996;39389;897;46110;2854;3544;847;4391;3751;690;-50;640;0,14575267592803462;0,19469525959367945;-0,0590318772136954;-0,0766655507197856;1;5
2016-06-04;21;2016-06-04 21:00:00;29,88;32,37;-2,4899999999999984;39389;60;46110;2888;3630;53;3683;2948;742;-7;735;0,1995655715449362;0,20440771349862258;-0,1320754716981132;-0,08333333333333329;1;5
2016-06-04;22;2016-06-04 22:00:00;30,99;34,06;-3,0700000000000043;39389;0;46110;3108;3734;0;3734;3108;626;0;626;0,1676486341724692;0,1676486341724692;;-0,09906421426266553;1;5
2016-06-04;23;2016-06-04 23:00:00;28,88;31,69;-2,8100000000000023;39389;0;46110;3064;3627;0;3627;3064;563;0;563;0,15522470361180038;0,15522470361180038;;-0,09729916897506934;1;5
2016-06-05;0;2016-06-05 00:00:00;24,43;21,1;3,3299999999999983;39389;0;46110;2608;2974;0;2974;2608;366;0;366;0,1230665770006725;0,1230665770006725;;0,13630781825624225;1;6
2016-06-05;1;2016-06-05 01:00:00;22,0;19,66;2,34;39389;0;46110;2224;2543;0;2543;2224;319;0;319;0,12544239087691703;0,12544239087691703;;0,10636363636363635;1;6
2016-06-05;2;2016-06-05 02:00:00;20,08;18,18;1,8999999999999984;39389;0;46110;1914;2160;0;2160;1914;246;0;246;0,11388888888888889;0,11388888888888889;;0,09462151394422304;1;6
2016-06-05;3;2016-06-05 03:00:00;19,08;15,35;3,729999999999999;39389;0;46110;1589;1894;0;1894;1589;305;0;305;0,1610348468848997;0,1610348468848997;;0,19549266247379452;1;6
2016-06-05;4;2016-06-05 04:00:00;18,03;15,44;2,5900000000000016;39389;3;46110;1368;1651;6;1657;1371;283;3;286;0,17260108630054316;0,17141126589945488;0,5;0,14364947310038834;1;6
2016-06-05;5;2016-06-05 05:00:00;16,61;13,72;2,889999999999999;39389;318;46110;1242;1434;318;1752;1560;192;0;192;0,1095890410958904;0,13389121338912133;0,0;0,17399157134256465;1;6
2016-06-05;6;2016-06-05 06:00:00;16,09;10,22;5,869999999999999;39389;1764;46110;1137;1184;1800;2984;2901;47;36;83;0,02781501340482574;0,03969594594594594;0,02;0,3648228713486637;1;6
2016-06-05;7;2016-06-05 07:00:00;17,78;16,24;1,5400000000000027;39389;4653;46110;872;889;4972;5861;5525;17;319;336;0,057328101006654156;0,019122609673790775;0,06415929203539823;0,08661417322834661;1;6
2016-06-05;8;2016-06-05 08:00:00;17,89;19,83;-1,9399999999999975;39389;8148;46110;604;632;9029;9661;8752;28;881;909;0,0940896387537522;0,04430379746835443;0,09757448222394506;-0,10844046953605352;1;6
2016-06-05;9;2016-06-05 09:00:00;17,08;22,36;-5,280000000000001;39389;11892;46110;605;525;13133;13658;12497;-80;1241;1161;0,08500512520134719;-0,1523809523809524;0,09449478413157694;-0,30913348946135843;1;6
2016-06-05;10;2016-06-05 10:00:00;17,84;22,39;-4,550000000000002;39389;15441;46110;718;535;16503;17038;16159;-183;1062;879;0,051590562272567204;-0,34205607476635513;0,06435193601163425;-0,25504484304932745;1;6
2016-06-05;11;2016-06-05 11:00:00;18,48;23,43;-4,949999999999998;39389;18225;46110;894;618;18786;19404;19119;-276;561;285;0,01468769325912183;-0,44660194174757284;0,02986266368572341;-0,26785714285714274;1;6
2016-06-05;12;2016-06-05 12:00:00;17,94;22,19;-4,25;39389;20234;46110;1144;764;19993;20757;21378;-380;-241;-621;-0,02991761815291227;-0,4973821989528796;-0,012054218976641825;-0,23690078037904122;1;6
2016-06-05;13;2016-06-05 13:00:00;15,15;20,96;-5,8100000000000005;39389;20901;46110;1478;954;20044;20998;22379;-524;-857;-1381;-0,06576816839699019;-0,549266247379455;-0,042755936938734786;-0,38349834983498354;1;6
2016-06-05;14;2016-06-05 14:00:00;14,47;17,82;-3,35;39389;20130;46110;1814;1201;18761;19962;21944;-613;-1369;-1982;-0,09928864843202084;-0,5104079933388843;-0,07297052395927722;-0,23151347615756737;1;6
2016-06-05;15;2016-06-05 15:00:00;14,03;13,56;0,4699999999999989;39389;17920;46110;2452;1551;16470;18021;20372;-901;-1450;-2351;-0,13045890905055213;-0,5809155383623469;-0,0880388585306618;0,033499643620812466;1;6
2016-06-05;16;2016-06-05 16:00:00;14,54;14,19;0,34999999999999964;39389;15126;46110;3077;1934;13604;15538;18203;-1143;-1522;-2665;-0,1715149954949157;-0,5910031023784902;-0,11187885915907086;0,024071526822558437;1;6
2016-06-05;17;2016-06-05 17:00:00;18,62;19,28;-0,6600000000000001;39389;11061;46110;3559;2318;9973;12291;14620;-1241;-1088;-2329;-0,18948824343015214;-0,5353753235547886;-0,10909455529930813;-0,035445757250268536;1;6
2016-06-05;18;2016-06-05 18:00:00;23,91;30,5;-6,59;39389;6590;46110;3525;2603;6104;8707;10115;-922;-486;-1408;-0,1617089697944183;-0,35420668459469845;-0,07961992136304064;-0,27561689669594314;1;6
2016-06-05;19;2016-06-05 19:00:00;26,92;35,1;-8,18;39389;3165;46110;3330;2836;2876;5712;6495;-494;-289;-783;-0,13707983193277312;-0,17418899858956277;-0,10048678720445063;-0,3038632986627043;1;6
2016-06-05;20;2016-06-05 20:00:00;28,85;32,76;-3,9099999999999966;39389;994;46110;3349;2762;863;3625;4343;-587;-131;-718;-0,19806896551724137;-0,21252715423606083;-0,15179606025492468;-0,13552859618717492;1;6
2016-06-05;21;2016-06-05 21:00:00;29,14;34,17;-5,030000000000001;39389;72;46110;3646;2880;60;2940;3718;-766;-12;-778;-0,2646258503401361;-0,2659722222222222;-0,2;-0,17261496225120113;1;6
2016-06-05;22;2016-06-05 22:00:00;30,74;36,03;-5,290000000000003;39389;0;46110;3784;3137;0;3137;3784;-647;0;-647;-0,20624800765062162;-0,20624800765062162;;-0,17208848405985697;1;6
2016-06-05;23;2016-06-05 23:00:00;27,93;31,37;-3,4400000000000013;39389;0;46110;3281;3244;0;3244;3281;-37;0;-37;-0,011405672009864365;-0,011405672009864365;;-0,12316505549588261;1;6
2016-06-06;0;2016-06-06 00:00:00;24,59;26,27;-1,6799999999999995;39391;0;46113;2884;3112;0;3112;2884;228;0;228;0,07326478149100257;0,07326478149100257;;-0,06832045546970311;1;0
2016-06-06;1;2016-06-06 01:00:00;22,76;25,71;-2,9499999999999997;39391;0;46113;2764;2954;0;2954;2764;190;0;190;0,06431956668923494;0,06431956668923494;;-0,12961335676625657;1;0
2016-06-06;2;2016-06-06 02:00:00;21,87;25,74;-3,869999999999997;39391;0;46113;2657;2935;0;2935;2657;278;0;278;0,09471890971039182;0,09471890971039182;;-0,17695473251028793;1;0
2016-06-06;3;2016-06-06 03:00:00;21,19;24,53;-3,34;39391;0;46113;2495;3000;0;3000;2495;505;0;505;0,16833333333333333;0,16833333333333333;;-0,15762151958470974;1;0
2016-06-06;4;2016-06-06 04:00:00;21,15;22,1;-0,9500000000000028;39391;3;46113;2690;3066;6;3072;2693;376;3;379;0,12337239583333333;0,12263535551206783;0,5;-0,044917257683215264;1;0
2016-06-06;5;2016-06-06 05:00:00;22,71;26,64;-3,93;39391;354;46113;2780;3014;359;3373;3134;234;5;239;0,07085680403201898;0,0776376907763769;0,013927576601671309;-0,17305151915455746;1;0
2016-06-06;6;2016-06-06 06:00:00;29,98;34,74;-4,760000000000002;39391;1932;46113;2558;2677;2005;4682;4490;119;73;192;0,04100811618966254;0,044452745610758314;0,03640897755610972;-0,15877251501000672;1;0
2016-06-06;7;2016-06-06 07:00:00;36,16;39,4;-3,240000000000002;39391;5612;46113;1781;2209;5782;7991;7393;428;170;598;0,07483418846201977;0,19375282933454052;0,02940159114493255;-0,0896017699115045;1;0
2016-06-06;8;2016-06-06 08:00:00;37,82;42,77;-4,950000000000003;39391;10620;46113;1366;1895;10951;12846;11986;529;331;860;0,06694690954382687;0,279155672823219;0,03022555017806593;-0,13088313061872034;1;0
2016-06-06;9;2016-06-06 09:00:00;34,94;36,2;-1,2600000000000051;39391;15891;46113;1035;1757;16216;17973;16926;722;325;1047;0,05825404773827408;0,4109277177006261;0,0200419338924519;-0,036061820263308675;1;0
2016-06-06;10;2016-06-06 10:00:00;32,57;31,01;1,5599999999999987;39391;20674;46113;936;1716;20479;22195;21610;780;-195;585;0,02635728767740482;0,45454545454545453;-0,009521949313931344;0,0478968375805956;1;0
2016-06-06;11;2016-06-06 11:00:00;31,93;28,64;3,2899999999999987;39391;23960;46113;1174;1777;23223;25000;25134;603;-737;-134;-0,00536;0,3393359594822735;-0,03173577918442923;0,10303789539617911;1;0
2016-06-06;12;2016-06-06 12:00:00;28,63;24,84;3,7899999999999987;39391;25468;46113;1517;1902;24518;26420;26985;385;-950;-565;-0,021385314155942466;0,2024185068349106;-0,03874704298882454;0,13237862382116658;1;0
2016-06-06;13;2016-06-06 13:00:00;28,08;25,21;2,869999999999997;39391;25389;46113;1785;2043;24354;26397;27174;258;-1035;-777;-0,0294351630867144;0,1262848751835536;-0,04249815225424981;0,10220797720797711;1;0
2016-06-06;14;2016-06-06 14:00:00;28,78;25,67;3,1099999999999994;39391;23967;46113;1946;2195;22776;24971;25913;249;-1191;-942;-0,037723759561090864;0,11343963553530752;-0,052291886195995785;0,10806115357887419;1;0
2016-06-06;15;2016-06-06 15:00:00;29,63;25,57;4,059999999999999;39391;20985;46113;2355;2410;20042;22452;23340;55;-943;-888;-0,03955104222340994;0,022821576763485476;-0,047051192495758905;0,13702328720890986;1;0
2016-06-06;16;2016-06-06 16:00:00;30,99;24,84;6,149999999999999;39391;17340;46113;2871;2677;16407;19084;20211;-194;-933;-1127;-0,05905470551247118;-0,07246918192005977;-0,056865971841287256;0,19845111326234266;1;0
2016-06-06;17;2016-06-06 17:00:00;34,68;29,2;5,48;39391;12581;46113;3180;3067;11826;14893;15761;-113;-755;-868;-0,05828241455717451;-0,036843821323769156;-0,06384238119397936;0,15801614763552482;1;0
2016-06-06;18;2016-06-06 18:00:00;38,76;32,5;6,259999999999998;39391;7677;46113;3598;3599;6926;10525;11275;1;-751;-750;-0,07125890736342043;0,0002778549597110308;-0,10843199537972856;0,1615067079463364;1;0
2016-06-06;19;2016-06-06 19:00:00;41,06;34,76;6,300000000000003;39391;3657;46113;3800;4138;3070;7208;7457;338;-587;-249;-0,0345449500554939;0,08168197196713388;-0,19120521172638436;0,15343399902581595;1;0
2016-06-06;20;2016-06-06 20:00:00;37,31;32,37;4,940000000000005;39391;1168;46113;3762;4502;972;5474;4930;740;-196;544;0,09937888198757763;0,16437139049311417;-0,20164609053497942;0,13240418118466912;1;0
2016-06-06;21;2016-06-06 21:00:00;34,2;29,45;4,750000000000004;39391;69;46113;4434;5068;67;5135;4503;634;-2;632;0,12307692307692308;0,1250986582478295;-0,029850746268656716;0,138888888888889;1;0
2016-06-06;22;2016-06-06 22:00:00;33,81;29,05;4,760000000000002;39391;0;46113;5331;5645;0;5645;5331;314;0;314;0,05562444641275465;0,05562444641275465;;0,1407867494824017;1;0
2016-06-06;23;2016-06-06 23:00:00;28,79;25,54;3,25;39391;0;46113;5519;5902;0;5902;5519;383;0;383;0,06489325652321247;0,06489325652321247;;0,11288641889544981;1;0
2016-06-07;0;2016-06-07 00:00:00;24,85;26,9;-2,0499999999999967;39393;0;46130;5262;5594;0;5594;5262;332;0;332;0,059349302824454775;0,059349302824454775;;-0,08249496981891334;1;1
2016-06-07;1;2016-06-07 01:00:00;23,34;25,48;-2,140000000000001;39393;0;46130;4730;5209;0;5209;4730;479;0;479;0,09195622960261086;0,09195622960261086;;-0,09168808911739508;1;1
2016-06-07;2;2016-06-07 02:00:00;22,59;23,18;-0,5899999999999999;39393;0;46130;4051;4774;0;4774;4051;723;0;723;0,1514453288646837;0,1514453288646837;;-0,026117751217352804;1;1
2016-06-07;3;2016-06-07 03:00:00;21,58;22,16;-0,5800000000000018;39393;0;46130;3544;4394;0;4394;3544;850;0;850;0,19344560764679108;0,19344560764679108;;-0,0268767377201113;1;1
2016-06-07;4;2016-06-07 04:00:00;21,67;22,67;-1,0;39393;4;46130;3103;4029;6;4035;3107;926;2;928;0,22998760842627014;0,2298337056341524;0,3333333333333333;-0,046146746654360866;1;1
2016-06-07;5;2016-06-07 05:00:00;22,09;26,55;-4,460000000000001;39393;386;46130;2738;3568;379;3947;3124;830;-7;823;0,20851279452748922;0,23262331838565023;-0,018469656992084433;-0,20190131281122684;1;1
2016-06-07;6;2016-06-07 06:00:00;29,68;31,33;-1,6499999999999986;39393;2062;46130;2232;2850;1985;4835;4294;618;-77;541;0,11189245087900723;0,2168421052631579;-0,038790931989924435;-0,05559299191374659;1;1
2016-06-07;7;2016-06-07 07:00:00;35,82;34,17;1,6499999999999986;39393;6152;46130;1220;1951;5925;7876;7372;731;-227;504;0,06399187404773997;0,37467965146078935;-0,038312236286919835;0,04606365159128974;1;1
2016-06-07;8;2016-06-07 08:00:00;39,48;34,98;4,5;39393;11657;46130;474;1256;11336;12592;12131;782;-321;461;0,03661054637865311;0,6226114649681529;-0,028316866619618915;0,11398176291793315;1;1
2016-06-07;9;2016-06-07 09:00:00;34,49;29,7;4,790000000000003;39393;16908;46130;246;956;16699;17655;17154;710;-209;501;0,028377230246389124;0,7426778242677824;-0,012515719504161926;0,1388808350246449;1;1
2016-06-07;10;2016-06-07 10:00:00;29,15;29,43;-0,28000000000000114;39393;21267;46130;270;827;20972;21799;21537;557;-295;262;0,01201889994953897;0,6735187424425635;-0,014066374213236697;-0,009605488850771908;1;1
2016-06-07;11;2016-06-07 11:00:00;28,8;27,63;1,1700000000000017;39393;24148;46130;422;757;23661;24418;24570;335;-487;-152;-0,006224916045540175;0,4425363276089828;-0,020582392967330207;0,04062500000000006;1;1
2016-06-07;12;2016-06-07 12:00:00;25,94;25,65;0,2900000000000027;39393;25522;46130;606;712;24846;25558;26128;106;-676;-570;-0,022302214570780188;0,14887640449438203;-0,027207598808661353;0,011179645335389463;1;1
2016-06-07;13;2016-06-07 13:00:00;25,59;25,64;-0,05000000000000071;39393;25261;46130;772;655;24635;25290;26033;-117;-626;-743;-0,02937920126532226;-0,17862595419847327;-0,025411000608889792;-0,0019538882375928373;1;1
2016-06-07;14;2016-06-07 14:00:00;25,18;26,14;-0,9600000000000009;39393;23341;46130;956;652;23182;23834;24297;-304;-159;-463;-0,01942603004111773;-0,4662576687116564;-0,006858769735139332;-0,03812549642573475;1;1
2016-06-07;15;2016-06-07 15:00:00;26,41;27,66;-1,25;39393;20241;46130;1244;747;20516;21263;21485;-497;275;-222;-0,010440671589145464;-0,6653279785809906;0,01340417235328524;-0,047330556607345704;1;1
2016-06-07;16;2016-06-07 16:00:00;27,53;28,59;-1,0599999999999987;39393;16041;46130;1726;865;16742;17607;17767;-861;701;-160;-0,00908729482592151;-0,9953757225433526;0,04187074423605304;-0,03850345078096617;1;1
2016-06-07;17;2016-06-07 17:00:00;32,13;30,21;1,9200000000000017;39393;11286;46130;2059;993;11991;12984;13345;-1066;705;-361;-0,027803450400492914;-1,0735146022155087;0,05879409557167876;0,059757236227824514;1;1
2016-06-07;18;2016-06-07 18:00:00;36,02;33,51;2,5100000000000047;39393;6743;46130;2076;1119;6933;8052;8819;-957;190;-767;-0,09525583705911575;-0,8552278820375335;0,02740516370979374;0,06968350916157702;1;1
2016-06-07;19;2016-06-07 19:00:00;38,48;33,3;5,18;39393;3004;46130;2168;1248;2965;4213;5172;-920;-39;-959;-0,227628768098742;-0,7371794871794872;-0,01315345699831366;0,1346153846153846;1;1
2016-06-07;20;2016-06-07 20:00:00;34,9;30,77;4,129999999999999;39393;842;46130;1970;1534;964;2498;2812;-436;122;-314;-0,1257005604483587;-0,2842242503259452;0,12655601659751037;0,11833810888252147;1;1
2016-06-07;21;2016-06-07 21:00:00;32,97;30,42;2,549999999999997;39393;62;46130;2454;1965;72;2037;2516;-489;10;-479;-0,23514972999509082;-0,24885496183206107;0,1388888888888889;0,07734303912647854;1;1
2016-06-07;22;2016-06-07 22:00:00;32,59;29,83;2,7600000000000047;39393;0;46130;3046;2396;0;2396;3046;-650;0;-650;-0,27128547579298834;-0,27128547579298834;;0,0846885547714024;1;1
2016-06-07;23;2016-06-07 23:00:00;27,54;25,28;2,259999999999998;39393;0;46130;3601;2692;0;2692;3601;-909;0;-909;-0,33766716196136703;-0,33766716196136703;;0,08206245461147416;1;1
2016-06-08;0;2016-06-08 00:00:00;25,98;21,3;4,68;39398;0;46154;3747;3226;0;3226;3747;-521;0;-521;-0,1615003099814011;-0,1615003099814011;;0,18013856812933024;1;2
2016-06-08;1;2016-06-08 01:00:00;23,89;20,58;3,3100000000000023;39398;0;46154;3814;3426;0;3426;3814;-388;0;-388;-0,11325160537069469;-0,11325160537069469;;0,13855169526998753;1;2
2016-06-08;2;2016-06-08 02:00:00;22,83;18,9;3,93;39398;0;46154;3908;3568;0;3568;3908;-340;0;-340;-0,0952914798206278;-0,0952914798206278;;0,1721419185282523;1;2
2016-06-08;3;2016-06-08 03:00:00;21,68;18,24;3,4400000000000013;39398;0;46154;4038;3608;0;3608;4038;-430;0;-430;-0,11917960088691797;-0,11917960088691797;;0,15867158671586723;1;2
2016-06-08;4;2016-06-08 04:00:00;21,54;17,61;3,93;39398;4;46154;4530;3620;7;3627;4534;-910;3;-907;-0,2500689274882823;-0,2513812154696133;0,42857142857142855;0,18245125348189417;1;2
2016-06-08;5;2016-06-08 05:00:00;23,38;17,28;6,099999999999998;39398;335;46154;4465;3519;345;3864;4800;-946;10;-936;-0,2422360248447205;-0,26882637112816143;0,028985507246376812;0,26090675791274587;1;2
2016-06-08;6;2016-06-08 06:00:00;28,21;19,79;8,420000000000002;39398;1838;46154;4028;3301;1806;5107;5866;-727;-32;-759;-0,14861954180536519;-0,22023629203271736;-0,017718715393133997;0,2984757178305566;1;2
2016-06-08;7;2016-06-08 07:00:00;35,07;30,58;4,490000000000002;39398;4628;46154;3832;3075;4954;8029;8460;-757;326;-431;-0,0536804085191182;-0,2461788617886179;0,06580540976988292;0,12802965497576282;1;2
2016-06-08;8;2016-06-08 08:00:00;41,31;36,16;5,150000000000006;39398;7851;46154;3420;3021;8840;11861;11271;-399;989;590;0,049742854734002195;-0,1320754716981132;0,11187782805429865;0,12466715081094179;1;2
2016-06-08;9;2016-06-08 09:00:00;37,33;34,18;3,1499999999999986;39398;11260;46154;3675;3281;12694;15975;14935;-394;1434;1040;0,06510172143974961;-0,12008533983541603;0,11296675594769183;0,08438253415483522;1;2
2016-06-08;10;2016-06-08 10:00:00;34,25;35,62;-1,3699999999999974;39398;14509;46154;4316;3783;15861;19644;18825;-533;1352;819;0,041692119731215636;-0,140893470790378;0,0852405270789988;-0,039999999999999925;1;2
2016-06-08;11;2016-06-08 11:00:00;32,99;35,47;-2,479999999999997;39398;16657;46154;5231;4481;18176;22657;21888;-750;1519;769;0,03394094540318665;-0,1673733541620174;0,08357174295774648;-0,07517429524098201;1;2
2016-06-08;12;2016-06-08 12:00:00;28,52;31,34;-2,8200000000000003;39398;17973;46154;6042;5417;19546;24963;24015;-625;1573;948;0,037976204783078955;-0,11537751522983201;0,08047682390258877;-0,09887798036465639;1;2
2016-06-08;13;2016-06-08 13:00:00;27,6;29,94;-2,34;39398;18585;46154;7180;6475;19731;26206;25765;-705;1146;441;0,016828207280775394;-0,10888030888030888;0,05808119203284172;-0,08478260869565217;1;2
2016-06-08;14;2016-06-08 14:00:00;27,18;29,16;-1,9800000000000004;39398;17964;46154;8371;7542;18736;26278;26335;-829;772;-57;-0,0021691148489230536;-0,10991779368867674;0,04120409906063194;-0,07284768211920531;1;2
2016-06-08;15;2016-06-08 15:00:00;26,37;27,27;-0,8999999999999986;39398;16098;46154;9445;8551;16593;25144;25543;-894;495;-399;-0,01586859688195991;-0,10454917553502514;0,029831856807087324;-0,03412969283276445;1;2
2016-06-08;16;2016-06-08 16:00:00;26,0;26,31;-0,3099999999999987;39398;13339;46154;10300;9353;13689;23042;23639;-947;350;-597;-0,025909209270028644;-0,10125093552870737;0,025567974285923004;-0,011923076923076873;1;2
2016-06-08;17;2016-06-08 17:00:00;28,24;25,86;2,379999999999999;39398;9641;46154;11170;9775;9936;19711;20811;-1395;295;-1100;-0,055806402516361424;-0,14271099744245525;0,02969001610305958;0,08427762039660054;1;2
2016-06-08;18;2016-06-08 18:00:00;30,68;26,24;4,440000000000001;39398;5755;46154;11254;9701;6034;15735;17009;-1553;279;-1274;-0,0809659993644741;-0,16008658901144213;0,04623798475306596;0,1447196870925685;1;2
2016-06-08;19;2016-06-08 19:00:00;32,9;28,07;4,829999999999998;39398;2770;46154;10750;9411;2803;12214;13520;-1339;33;-1306;-0,10692647781234649;-0,14228031027520985;0,011773100249732429;0,14680851063829783;1;2
2016-06-08;20;2016-06-08 20:00:00;32,12;27,87;4,2499999999999964;39398;896;46154;9704;9034;870;9904;10600;-670;-26;-696;-0,07027463651050081;-0,0741642683196812;-0,029885057471264367;0,13231631382316303;1;2
2016-06-08;21;2016-06-08 21:00:00;32,55;29,37;3,1799999999999957;39398;84;46154;8933;8942;76;9018;9017;9;-8;1;0,00011088933244621867;0,0010064862446879893;-0,10526315789473684;0,09769585253456209;1;2
2016-06-08;22;2016-06-08 22:00:00;30,9;28,65;2,25;39398;0;46154;8501;9051;0;9051;8501;550;0;550;0,060766766103193016;0,060766766103193016;;0,07281553398058253;1;2
2016-06-08;23;2016-06-08 23:00:00;26,5;26,01;0,4899999999999984;39398;0;46154;7578;9018;0;9018;7578;1440;0;1440;0,1596806387225549;0,1596806387225549;;0,018490566037735787;1;2
2016-06-09;0;2016-06-09 00:00:00;23,67;23,01;0,6600000000000001;39411;0;46182;6638;7808;0;7808;6638;1170;0;1170;0,14984631147540983;0,14984631147540983;;0,027883396704689485;1;3
2016-06-09;1;2016-06-09 01:00:00;21,87;20,57;1,3000000000000007;39411;0;46182;5422;7350;0;7350;5422;1928;0;1928;0,26231292517006805;0,26231292517006805;;0,059442158207590336;1;3
2016-06-09;2;2016-06-09 02:00:00;20,81;22,09;-1,2800000000000011;39411;0;46182;4714;6824;0;6824;4714;2110;0;2110;0,30920281359906215;0,30920281359906215;;-0,06150888995675162;1;3
2016-06-09;3;2016-06-09 03:00:00;20,58;21,62;-1,0400000000000027;39411;0;46182;4202;6276;0;6276;4202;2074;0;2074;0,33046526449968133;0,33046526449968133;;-0,05053449951409149;1;3
2016-06-09;4;2016-06-09 04:00:00;21,11;23,14;-2,0300000000000007;39411;2;46182;3895;5700;5;5705;3897;1805;3;1808;0,31691498685363717;0,31666666666666665;0,6;-0,09616295594504977;1;3
2016-06-09;5;2016-06-09 05:00:00;23,06;23,38;-0,3200000000000003;39411;249;46182;3652;5122;256;5378;3901;1470;7;1477;0,2746374116772034;0,28699726669269815;0,02734375;-0,01387684301821337;1;3
2016-06-09;6;2016-06-09 06:00:00;28,03;31,0;-2,969999999999999;39411;1436;46182;3312;4432;1455;5887;4748;1120;19;1139;0,19347715304909122;0,2527075812274368;0,013058419243986255;-0,10595790224759181;1;3
2016-06-09;7;2016-06-09 07:00:00;33,97;38,15;-4,18;39411;3490;46182;2608;3667;3677;7344;6098;1059;187;1246;0,1696623093681917;0,28879192800654485;0,050856676638564045;-0,12304974977921695;1;3
2016-06-09;8;2016-06-09 08:00:00;43,08;42,25;0,8299999999999983;39411;6138;46182;2031;2937;6404;9341;8169;906;266;1172;0,12546836527138422;0,3084780388151175;0,04153653966271081;0,01926648096564527;1;3
2016-06-09;9;2016-06-09 09:00:00;44,0;43,54;0,4600000000000009;39411;8811;46182;1712;2600;9331;11931;10523;888;520;1408;0,11801190176850222;0,3415384615384615;0,0557282177687279;0,010454545454545475;1;3
2016-06-09;10;2016-06-09 10:00:00;42,89;39,75;3,140000000000001;39411;11842;46182;1676;2513;12262;14775;13518;837;420;1257;0,0850761421319797;0,33306804615996816;0,034252161148262926;0,07321053858708326;1;3
2016-06-09;11;2016-06-09 11:00:00;41,4;36,87;4,530000000000001;39411;14738;46182;1793;2504;14846;17350;16531;711;108;819;0,04720461095100865;0,28394568690095845;0,007274686784319009;0,10942028985507249;1;3
2016-06-09;12;2016-06-09 12:00:00;34,99;32,14;2,8500000000000014;39411;16717;46182;2107;2600;16762;19362;18824;493;45;538;0,027786385703956203;0,1896153846153846;0,002684643837250925;0,08145184338382398;1;3
2016-06-09;13;2016-06-09 13:00:00;33,93;30,63;3,3000000000000007;39411;17662;46182;2771;2965;17893;20858;20433;194;231;425;0,020375874964042574;0,06543001686340641;0,01291007656625496;0,09725906277630418;1;3
2016-06-09;14;2016-06-09 14:00:00;30,2;29,42;0,7799999999999976;39411;17501;46182;3621;3656;18060;21716;21122;35;559;594;0,027353103702339288;0,009573304157549234;0,030952380952380953;0,025827814569536343;1;3
2016-06-09;15;2016-06-09 15:00:00;27,34;25,57;1,7699999999999996;39411;16810;46182;3898;4579;16963;21542;20708;681;153;834;0,03871506823878934;0,1487224284778336;0,009019630961504451;0,06474030724213604;1;3
2016-06-09;16;2016-06-09 16:00:00;27,01;24,41;2,6000000000000014;39411;15037;46182;4671;5457;14598;20055;19708;786;-439;347;0,01730241834953877;0,1440351841671248;-0,030072612686669407;0,09626064420584973;1;3
2016-06-09;17;2016-06-09 17:00:00;28,84;26,13;2,7100000000000013;39411;11868;46182;5332;6004;11068;17072;17200;672;-800;-128;-0,007497656982193065;0,11192538307794804;-0,07228044813877846;0,09396671289875178;1;3
2016-06-09;18;2016-06-09 18:00:00;32,95;28,11;4,840000000000003;39411;7763;46182;5794;6239;6941;13180;13557;445;-822;-377;-0,028603945371775418;0,07132553293797082;-0,11842673966287279;0,14688922610015184;1;3
2016-06-09;19;2016-06-09 19:00:00;34,94;30,42;4,519999999999996;39411;3833;46182;5741;6266;3206;9472;9574;525;-627;-102;-0,01076858108108108;0,08378550909671241;-0,1955708047411104;0,12936462507155114;1;3
2016-06-09;20;2016-06-09 20:00:00;33,7;30,44;3,2600000000000016;39411;1240;46182;5360;6165;995;7160;6600;805;-245;560;0,0782122905027933;0,1305758313057583;-0,24623115577889448;0,09673590504451042;1;3
2016-06-09;21;2016-06-09 21:00:00;31,51;28,41;3,1000000000000014;39411;100;46182;5502;6041;87;6128;5602;539;-13;526;0,0858355091383812;0,08922363847045191;-0,14942528735632185;0,09838146620120601;1;3
2016-06-09;22;2016-06-09 22:00:00;30,49;29,67;0,8199999999999967;39411;0;46182;5922;6037;0;6037;5922;115;0;115;0,019049196620838163;0,019049196620838163;;0,02689406362741872;1;3
2016-06-09;23;2016-06-09 23:00:00;25,89;26,46;-0,5700000000000003;39411;0;46182;6701;6176;0;6176;6701;-525;0;-525;-0,08500647668393782;-0,08500647668393782;;-0,02201622247972191;1;3
2016-06-10;0;2016-06-10 00:00:00;23,55;23,49;0,060000000000002274;39414;0;46196;6849;7227;0;7227;6849;378;0;378;0,052303860523038606;0,052303860523038606;;0,0025477707006370393;1;4
2016-06-10;1;2016-06-10 01:00:00;21,57;21,05;0,5199999999999996;39414;0;46196;6884;7718;0;7718;6884;834;0;834;0,10805908266390256;0,10805908266390256;;0,024107556791840498;1;4
2016-06-10;2;2016-06-10 02:00:00;21,03;22,06;-1,0299999999999976;39414;0;46196;7027;8339;0;8339;7027;1312;0;1312;0,15733301355078547;0,15733301355078547;;-0,04897765097479779;1;4
2016-06-10;3;2016-06-10 03:00:00;19,91;20,69;-0,7800000000000011;39414;0;46196;7284;8883;0;8883;7284;1599;0;1599;0,18000675447483958;0,18000675447483958;;-0,039176293319939784;1;4
2016-06-10;4;2016-06-10 04:00:00;19,16;19,85;-0,6900000000000013;39414;4;46196;7421;9315;7;9322;7425;1894;3;1897;0,20349710362583137;0,20332796564680622;0,42857142857142855;-0,03601252609603347;1;4
2016-06-10;5;2016-06-10 05:00:00;20,97;23,21;-2,240000000000002;39414;352;46196;7491;9648;360;10008;7843;2157;8;2165;0,2163269384492406;0,22356965174129353;0,022222222222222223;-0,10681926561754898;1;4
2016-06-10;6;2016-06-10 06:00:00;27,25;35,64;-8,39;39414;2062;46196;7348;10001;2050;12051;9410;2653;-12;2641;0,21915193759853954;0,2652734726527347;-0,005853658536585366;-0,30788990825688073;1;4
2016-06-10;7;2016-06-10 07:00:00;33,94;37,59;-3,6500000000000057;39414;5709;46196;7376;10434;5711;16145;13085;3058;2;3060;0,18953236296066894;0,2930803143569101;0,0003502013657853266;-0,10754272245138498;1;4
2016-06-10;8;2016-06-10 08:00:00;35,95;37,48;-1,529999999999994;39414;10741;46196;7458;10637;10669;21306;18199;3179;-72;3107;0,145827466441378;0,2988624612202689;-0,006748523760427406;-0,04255910987482598;1;4
2016-06-10;9;2016-06-10 09:00:00;30,97;33,51;-2,539999999999999;39414;16228;46196;7372;10630;15729;26359;23600;3258;-499;2759;0,10467013164384081;0,30649106302916274;-0,03172483946849768;-0,0820148530836293;1;4
2016-06-10;10;2016-06-10 10:00:00;24,68;27,81;-3,129999999999999;39414;20808;46196;7068;10691;19813;30504;27876;3623;-995;2628;0,08615263571990558;0,33888317276213636;-0,05021955281885631;-0,12682333873581844;1;4
2016-06-10;11;2016-06-10 11:00:00;24,47;28,47;-4,0;39414;23633;46196;7026;10787;22531;33318;30659;3761;-1102;2659;0,07980671108710007;0,3486604245851488;-0,048910390129155386;-0,16346546791990194;1;4
2016-06-10;12;2016-06-10 12:00:00;22,52;26,36;-3,84;39414;25260;46196;6908;10930;23922;34852;32168;4022;-1338;2684;0,07701136233214737;0,3679780420860018;-0,055931778279408075;-0,1705150976909414;1;4
2016-06-10;13;2016-06-10 13:00:00;21,37;25,8;-4,43;39414;25412;46196;6987;11083;23994;35077;32399;4096;-1418;2678;0,07634632380192148;0,3695750248127763;-0,059098107860298406;-0,20729995320542816;1;4
2016-06-10;14;2016-06-10 14:00:00;21,06;24,87;-3,8100000000000014;39414;24322;46196;7203;11145;22677;33822;31525;3942;-1645;2297;0,06791437525870735;0,3537012113055182;-0,07254045949640606;-0,180911680911681;1;4
2016-06-10;15;2016-06-10 15:00:00;21,8;25,09;-3,2899999999999987;39414;21913;46196;7459;11179;20159;31338;29372;3720;-1754;1966;0,06273533729019082;0,3327667948832633;-0,08700828414107843;-0,1509174311926605;1;4
2016-06-10;16;2016-06-10 16:00:00;23,09;24,91;-1,8200000000000005;39414;17940;46196;7297;10886;16631;27517;25237;3589;-1309;2280;0,08285786968056111;0,3296895094616939;-0,07870843605315375;-0,07882200086617586;1;4
2016-06-10;17;2016-06-10 17:00:00;26,29;29,87;-3,580000000000002;39414;13150;46196;6534;10242;12130;22372;19684;3708;-1020;2688;0,12015018773466833;0,36203866432337434;-0,08408903544929926;-0,13617344998098144;1;4
2016-06-10;18;2016-06-10 18:00:00;30,01;33,85;-3,84;39414;8152;46196;5732;9163;7267;16430;13884;3431;-885;2546;0,15496043822276323;0,3744406853650551;-0,12178340443098941;-0,1279573475508164;1;4
2016-06-10;19;2016-06-10 19:00:00;32,85;35,25;-2,3999999999999986;39414;3879;46196;4458;7951;3275;11226;8337;3493;-604;2889;0,25734901122394443;0,43931580933215947;-0,18442748091603053;-0,07305936073059356;1;4
2016-06-10;20;2016-06-10 20:00:00;32,06;33,45;-1,3900000000000006;39414;1195;46196;3295;6963;1032;7995;4490;3668;-163;3505;0,43839899937460913;0,5267844319977021;-0,15794573643410853;-0,04335620711166564;1;4
2016-06-10;21;2016-06-10 21:00:00;31,67;34,04;-2,369999999999997;39414;84;46196;2878;6245;79;6324;2962;3367;-5;3362;0,5316255534471853;0,5391513210568455;-0,06329113924050633;-0,07483422797600242;1;4
2016-06-10;22;2016-06-10 22:00:00;32,86;35,75;-2,890000000000001;39414;0;46196;2914;5590;0;5590;2914;2676;0;2676;0,47871198568872986;0,47871198568872986;;-0,08794887401095561;1;4
2016-06-10;23;2016-06-10 23:00:00;29,45;33,03;-3,580000000000002;39414;0;46196;2737;4965;0;4965;2737;2228;0;2228;0,44874118831822757;0,44874118831822757;;-0,12156196943972841;1;4
2016-06-11;0;2016-06-11 00:00:00;26,14;25,88;0,2600000000000016;39414;0;46214;2338;2794;0;2794;2338;456;0;456;0,1632068718682892;0,1632068718682892;;0,00994644223412401;1;5
2016-06-11;1;2016-06-11 01:00:00;24,2;24,74;-0,5399999999999991;39414;0;46214;1977;2427;0;2427;1977;450;0;450;0,18541409147095178;0,18541409147095178;;-0,022314049586776824;1;5
2016-06-11;2;2016-06-11 02:00:00;23,01;25,52;-2,509999999999998;39414;0;46214;1817;2123;0;2123;1817;306;0;306;0,14413565708902495;0,14413565708902495;;-0,10908300738809204;1;5
2016-06-11;3;2016-06-11 03:00:00;21,57;23,57;-2,0;39414;0;46214;1856;1897;0;1897;1856;41;0;41;0,02161307327358988;0,02161307327358988;;-0,0927213722763097;1;5
2016-06-11;4;2016-06-11 04:00:00;21,71;22,74;-1,0299999999999976;39414;4;46214;1985;1706;7;1713;1989;-279;3;-276;-0,16112084063047286;-0,16354044548651817;0,42857142857142855;-0,04744357438968206;1;5
2016-06-11;5;2016-06-11 05:00:00;21,25;21,7;-0,4499999999999993;39414;276;46214;2042;1531;295;1826;2318;-511;19;-492;-0,26944140197152244;-0,33376877857609405;0,06440677966101695;-0,021176470588235262;1;5
2016-06-11;6;2016-06-11 06:00:00;21,82;21,04;0,7800000000000011;39414;1629;46214;1913;1325;1658;2983;3542;-588;29;-559;-0,18739523969158564;-0,4437735849056604;0,017490952955367914;0,03574702108157659;1;5
2016-06-11;7;2016-06-11 07:00:00;22,85;23,42;-0,5700000000000003;39414;3914;46214;1348;1074;4221;5295;5262;-274;307;33;0,006232294617563739;-0,25512104283054005;0,07273158019426676;-0,024945295404814015;1;5
2016-06-11;8;2016-06-11 08:00:00;26,06;30,07;-4,010000000000002;39414;6513;46214;1162;851;7150;8001;7675;-311;637;326;0,04074490688663917;-0,3654524089306698;0,0890909090909091;-0,15387567152724488;1;5
2016-06-11;9;2016-06-11 09:00:00;29,47;31,68;-2,210000000000001;39414;9416;46214;1042;713;9894;10607;10458;-329;478;149;0,014047327236730462;-0,46143057503506313;0,04831210834849404;-0,07499151679674249;1;5
2016-06-11;10;2016-06-11 10:00:00;29,46;31,22;-1,759999999999998;39414;11994;46214;764;629;12043;12672;12758;-135;49;-86;-0,006786616161616162;-0,21462639109697934;0,004068753632815744;-0,05974202308214521;1;5
2016-06-11;11;2016-06-11 11:00:00;30,03;28,85;1,1799999999999995;39414;13733;46214;582;571;13476;14047;14315;-11;-257;-268;-0,019078806862675303;-0,01926444833625219;-0,019070940932027308;0,039294039294039275;1;5
2016-06-11;12;2016-06-11 12:00:00;28,49;27,63;0,8599999999999994;39414;14552;46214;564;552;14229;14781;15116;-12;-323;-335;-0,022664231107502875;-0,021739130434782608;-0,022700119474313024;0,030186030186030166;1;5
2016-06-11;13;2016-06-11 13:00:00;25,69;25,95;-0,259999999999998;39414;14952;46214;596;547;14106;14653;15548;-49;-846;-895;-0,061079642394049;-0,08957952468007313;-0,05997447894512973;-0,010120669521214402;1;5
2016-06-11;14;2016-06-11 14:00:00;23,85;24,37;-0,5199999999999996;39414;14800;46214;661;590;13373;13963;15461;-71;-1427;-1498;-0,10728353505693619;-0,12033898305084746;-0,10670754505346594;-0,021802935010482163;1;5
2016-06-11;15;2016-06-11 15:00:00;23,8;23,45;0,3500000000000014;39414;13548;46214;789;733;12044;12777;14337;-56;-1504;-1560;-0,12209438835407373;-0,07639836289222374;-0,1248754566589173;0,014705882352941235;1;5
2016-06-11;16;2016-06-11 16:00:00;24,06;24,38;-0,3200000000000003;39414;11603;46214;936;922;10128;11050;12539;-14;-1475;-1489;-0,13475113122171944;-0,015184381778741865;-0,14563586097946288;-0,013300083125519547;1;5
2016-06-11;17;2016-06-11 17:00:00;27,92;25,26;2,66;39414;8636;46214;1218;1149;7643;8792;9854;-69;-993;-1062;-0,12079162875341219;-0,06005221932114883;-0,12992280518121158;0,09527220630372493;1;5
2016-06-11;18;2016-06-11 18:00:00;30,23;30,29;-0,05999999999999873;39414;5600;46214;1672;1420;4898;6318;7272;-252;-702;-954;-0,150997150997151;-0,17746478873239438;-0,14332380563495303;-0,001984783327820004;1;5
2016-06-11;19;2016-06-11 19:00:00;31,47;32,73;-1,259999999999998;39414;2709;46214;2119;1810;2401;4211;4828;-309;-308;-617;-0,14652101638565662;-0,1707182320441989;-0,1282798833819242;-0,04003813155386076;1;5
2016-06-11;20;2016-06-11 20:00:00;31,85;30,54;1,3100000000000025;39414;829;46214;2392;2261;767;3028;3221;-131;-62;-193;-0,06373844121532364;-0,057938965059708095;-0,08083441981747067;0,041130298273155494;1;5
2016-06-11;21;2016-06-11 21:00:00;29,47;30,86;-1,3900000000000006;39414;66;46214;2677;2736;67;2803;2743;59;1;60;0,021405636817695327;0,021564327485380116;0,014925373134328358;-0,047166610111978306;1;5
2016-06-11;22;2016-06-11 22:00:00;30,94;31,68;-0,7399999999999984;39414;0;46214;3588;3207;0;3207;3588;-381;0;-381;-0,11880261927034612;-0,11880261927034612;;-0,023917259211376808;1;5
2016-06-11;23;2016-06-11 23:00:00;27,73;25,69;2,039999999999999;39414;0;46214;4045;3439;0;3439;4045;-606;0;-606;-0,17621401570223902;-0,17621401570223902;;0,07356653443923546;1;5
2016-06-12;0;2016-06-12 00:00:00;22,74;22,76;-0,02000000000000313;39414;0;46239;4022;4601;0;4601;4022;579;0;579;0,1258422082156053;0,1258422082156053;;-0,0008795074758136821;1;6
2016-06-12;1;2016-06-12 01:00:00;18,6;18,85;-0,25;39414;0;46239;4063;4571;0;4571;4063;508;0;508;0,11113541894552614;0,11113541894552614;;-0,013440860215053762;1;6
2016-06-12;2;2016-06-12 02:00:00;18,58;18,8;-0,2200000000000024;39414;0;46239;3867;4406;0;4406;3867;539;0;539;0,12233318202451203;0,12233318202451203;;-0,011840688912809602;1;6
2016-06-12;3;2016-06-12 03:00:00;18,58;18,5;0,0799999999999983;39414;0;46239;3728;4114;0;4114;3728;386;0;386;0,09382596013612056;0,09382596013612056;;0,004305705059203353;1;6
2016-06-12;4;2016-06-12 04:00:00;18,54;17,18;1,3599999999999994;39414;3;46239;3380;3826;7;3833;3383;446;4;450;0,1174015131750587;0,11657083115525353;0,5714285714285714;0,07335490830636458;1;6
2016-06-12;5;2016-06-12 05:00:00;17,5;15,95;1,5500000000000007;39414;249;46239;3074;3508;254;3762;3323;434;5;439;0,11669324827219564;0,12371721778791334;0,01968503937007874;0,0885714285714286;1;6
2016-06-12;6;2016-06-12 06:00:00;17,58;14,33;3,2499999999999982;39414;1462;46239;2700;3078;1347;4425;4162;378;-115;263;0,05943502824858757;0,12280701754385964;-0,08537490720118783;0,18486916951080765;1;6
2016-06-12;7;2016-06-12 07:00:00;19,16;17,86;1,3000000000000007;39414;3424;46239;2294;2619;3200;5819;5718;325;-224;101;0,017356934181130778;0,12409316533027873;-0,07;0,0678496868475992;1;6
2016-06-12;8;2016-06-12 08:00:00;21,57;23,58;-2,009999999999998;39414;5806;46239;2094;2350;5196;7546;7900;256;-610;-354;-0,04691227140206732;0,10893617021276596;-0,11739799846035412;-0,09318497913769115;1;6
2016-06-12;9;2016-06-12 09:00:00;22,91;25,34;-2,43;39414;8478;46239;2240;2232;7166;9398;10718;-8;-1312;-1320;-0,14045541604596723;-0,0035842293906810036;-0,18308679877197878;-0,10606721955477957;1;6
2016-06-12;10;2016-06-12 10:00:00;21,19;20,89;0,3000000000000007;39414;10971;46239;2460;2171;9015;11186;13431;-289;-1956;-2245;-0,20069730019667442;-0,13311837862736067;-0,21697171381031613;0,014157621519584742;1;6
2016-06-12;11;2016-06-12 11:00:00;25,3;21,15;4,150000000000002;39414;12931;46239;2686;2178;10550;12728;15617;-508;-2381;-2889;-0,2269798868636078;-0,23324150596877868;-0,2256872037914692;0,16403162055335976;1;6
2016-06-12;12;2016-06-12 12:00:00;22,94;18,52;4,420000000000002;39414;14353;46239;2982;2264;11744;14008;17335;-718;-2609;-3327;-0,23750713877784124;-0,31713780918727913;-0,22215599455040871;0,19267654751525726;1;6
2016-06-12;13;2016-06-12 13:00:00;19,16;12,25;6,91;39414;14576;46239;3335;2392;12292;14684;17911;-943;-2284;-3227;-0,21976300735494417;-0,3942307692307692;-0,18581191018548648;0,3606471816283925;1;6
2016-06-12;14;2016-06-12 14:00:00;18,53;10,69;7,8400000000000025;39414;13624;46239;3586;2509;12076;14585;17210;-1077;-1548;-2625;-0,17997943092218033;-0,4292546831406935;-0,12818814176879761;0,4230976794387481;1;6
2016-06-12;15;2016-06-12 15:00:00;19,07;12,3;6,77;39414;11686;46239;3701;2667;11036;13703;15387;-1034;-650;-1684;-0,12289279719769393;-0,3877015373078365;-0,058898151504168175;0,35500786575773463;1;6
2016-06-12;16;2016-06-12 16:00:00;21,06;15,54;5,52;39414;9021;46239;3547;2852;9147;11999;12568;-695;126;-569;-0,04742061838486541;-0,24368863955119213;0,013775008199409643;0,2621082621082621;1;6
2016-06-12;17;2016-06-12 17:00:00;23,93;21,39;2,539999999999999;39414;6613;46239;3751;3104;6878;9982;10364;-647;265;-382;-0,03826888399118413;-0,20844072164948454;0,038528642047106716;0,10614291684078558;1;6
2016-06-12;18;2016-06-12 18:00:00;27,52;26,27;1,25;39414;4316;46239;3916;3446;4458;7904;8232;-470;142;-328;-0,04149797570850203;-0,1363900174114916;0,031852848811126065;0,045421511627906974;1;6
2016-06-12;19;2016-06-12 19:00:00;29,78;26,59;3,1900000000000013;39414;2232;46239;3881;3875;2291;6166;6113;-6;59;53;0,00859552384041518;-0,0015483870967741935;0,0257529463116543;0,10711887172599063;1;6
2016-06-12;20;2016-06-12 20:00:00;31,33;26,48;4,849999999999998;39414;581;46239;4013;4367;698;5065;4594;354;117;471;0,09299111549851925;0,08106251431188459;0,167621776504298;0,1548037025215448;1;6
2016-06-12;21;2016-06-12 21:00:00;29,4;25,73;3,669999999999998;39414;37;46239;4185;4874;51;4925;4222;689;14;703;0,14274111675126905;0,14136233073450966;0,27450980392156865;0,12482993197278906;1;6
2016-06-12;22;2016-06-12 22:00:00;29,81;28,12;1,6899999999999975;39414;0;46239;4821;5258;0;5258;4821;437;0;437;0,08311144922023583;0,08311144922023583;;0,05669238510566916;1;6
2016-06-12;23;2016-06-12 23:00:00;23,24;22,41;0,8299999999999983;39414;0;46239;5003;5463;0;5463;5003;460;0;460;0,08420281896393923;0,08420281896393923;;0,03571428571428564;1;6
2016-06-13;0;2016-06-13 00:00:00;21,34;18,47;2,870000000000001;39417;0;46263;5055;5255;0;5255;5055;200;0;200;0,038058991436726926;0,038058991436726926;;0,13448922211808814;1;0
2016-06-13;1;2016-06-13 01:00:00;19,46;18,54;0,9200000000000016;39417;0;46263;4764;5241;0;5241;4764;477;0;477;0,09101316542644533;0,09101316542644533;;0,04727646454265167;1;0
2016-06-13;2;2016-06-13 02:00:00;17,63;17,45;0,17999999999999972;39417;0;46263;4471;5127;0;5127;4471;656;0;656;0,12795006826604252;0,12795006826604252;;0,010209869540555855;1;0
2016-06-13;3;2016-06-13 03:00:00;18,37;16,26;2,1099999999999994;39417;0;46263;4312;4903;0;4903;4312;591;0;591;0,12053844584947991;0,12053844584947991;;0,11486118671747411;1;0
2016-06-13;4;2016-06-13 04:00:00;18,57;16,76;1,8099999999999987;39417;2;46263;4197;4710;3;4713;4199;513;1;514;0,10906004667939741;0,1089171974522293;0,3333333333333333;0,09746903607969837;1;0
2016-06-13;5;2016-06-13 05:00:00;21,03;18,53;2,5;39417;186;46263;4354;4551;170;4721;4540;197;-16;181;0,038339334886676554;0,04328718962865304;-0,09411764705882353;0,11887779362815025;1;0
2016-06-13;6;2016-06-13 06:00:00;27,31;28,98;-1,6700000000000017;39417;1107;46263;4174;4380;1030;5410;5281;206;-77;129;0,023844731977818855;0,047031963470319633;-0,07475728155339806;-0,061149761991944405;1;0
2016-06-13;7;2016-06-13 07:00:00;33,49;32,2;1,2899999999999991;39417;2573;46263;3791;4152;2580;6732;6364;361;7;368;0,05466428995840761;0,08694605009633911;0,0027131782945736434;0,0385189608838459;1;0
2016-06-13;8;2016-06-13 08:00:00;37,13;34,23;2,9000000000000057;39417;4477;46263;3468;3916;4288;8204;7945;448;-189;259;0,031569965870307165;0,11440245148110317;-0,04407649253731343;0,07810395906275264;1;0
2016-06-13;9;2016-06-13 09:00:00;39,91;35,78;4,129999999999996;39417;6794;46263;3752;3697;6056;9753;10546;-55;-738;-793;-0,08130831539013637;-0,014876927238301325;-0,12186261558784676;0,1034828363818591;1;0
2016-06-13;10;2016-06-13 10:00:00;38,17;37,3;0,8700000000000045;39417;9366;46263;3819;3559;7792;11351;13185;-260;-1574;-1834;-0,16157166769447626;-0,07305422871593144;-0,20200205338809035;0,022792769190463833;1;0
2016-06-13;11;2016-06-13 11:00:00;39,09;34,84;4,25;39417;12024;46263;3826;3557;9397;12954;15850;-269;-2627;-2896;-0,22356029025783541;-0,0756255271296036;-0,27955730552303926;0,10872345868508569;1;0
2016-06-13;12;2016-06-13 12:00:00;34,23;32,66;1,5700000000000005;39417;14138;46263;4059;3743;10656;14399;18197;-316;-3482;-3798;-0,2637683172442531;-0,08442425861608335;-0,32676426426426425;0,045866199240432386;1;0
2016-06-13;13;2016-06-13 13:00:00;32,32;29,71;2,6099999999999994;39417;14885;46263;4256;3966;11434;15400;19141;-290;-3451;-3741;-0,24292207792207793;-0,07312153303076148;-0,3018191359104425;0,0807549504950495;1;0
2016-06-13;14;2016-06-13 14:00:00;31,68;28,69;2,9899999999999984;39417;13887;46263;4680;4196;11747;15943;18567;-484;-2140;-2624;-0,1645863388320893;-0,11534795042897998;-0,18217417212905423;0,09438131313131308;1;0
2016-06-13;15;2016-06-13 15:00:00;30,89;29,9;0,9900000000000021;39417;11996;46263;4953;4460;10956;15416;16949;-493;-1040;-1533;-0,09944213803840166;-0,11053811659192825;-0,09492515516611902;0,03204920686306255;1;0
2016-06-13;16;2016-06-13 16:00:00;29,38;31,0;-1,620000000000001;39417;9153;46263;4877;4695;9102;13797;14030;-182;-51;-233;-0,01688772921649634;-0,038764643237486685;-0,005603164139749505;-0,05513955071477199;1;0
2016-06-13;17;2016-06-13 17:00:00;30,45;32,39;-1,9400000000000013;39417;7282;46263;5028;4792;6841;11633;12310;-236;-441;-677;-0,058196509928651254;-0,049248747913188645;-0,06446425961116796;-0,06371100164203616;1;0
2016-06-13;18;2016-06-13 18:00:00;31,75;31,44;0,3099999999999987;39417;5159;46263;5179;4838;4477;9315;10338;-341;-682;-1023;-0,10982286634460547;-0,0704836709384043;-0,15233415233415235;0,009763779527559014;1;0
2016-06-13;19;2016-06-13 19:00:00;32,97;31,84;1,129999999999999;39417;2629;46263;5111;4832;2309;7141;7740;-279;-320;-599;-0,0838818092704103;-0,057740066225165566;-0,1385881333910784;0,03427358204428265;1;0
2016-06-13;20;2016-06-13 20:00:00;32,58;32,64;-0,060000000000002274;39417;732;46263;4852;4666;711;5377;5584;-186;-21;-207;-0,038497303328993863;-0,039862837548221175;-0,029535864978902954;-0,0018416206261510828;1;0
2016-06-13;21;2016-06-13 21:00:00;29,98;29,47;0,5100000000000016;39417;52;46263;4650;4687;59;4746;4702;37;7;44;0,009270965023177412;0,007894175378707062;0,11864406779661017;0,017011340893929337;1;0
2016-06-13;22;2016-06-13 22:00:00;29,31;32,13;-2,8200000000000043;39417;0;46263;4647;4772;0;4772;4647;125;0;125;0,026194467728415757;0,026194467728415757;;-0,09621289662231336;1;0
2016-06-13;23;2016-06-13 23:00:00;26,14;28,58;-2,4399999999999977;39417;0;46263;4420;4782;0;4782;4420;362;0;362;0,07570054370556252;0,07570054370556252;;-0,09334353481254773;1;0
2016-06-14;0;2016-06-14 00:00:00;24,82;25,79;-0,9699999999999988;39419;0;46286;4468;5041;0;5041;4468;573;0;573;0,11366792303114462;0,11366792303114462;;-0,0390813859790491;1;1
2016-06-14;1;2016-06-14 01:00:00;22,76;22,82;-0,05999999999999873;39419;0;46286;4303;4994;0;4994;4303;691;0;691;0,1383660392470965;0,1383660392470965;;-0,0026362038664322815;1;1
2016-06-14;2;2016-06-14 02:00:00;21,88;22,32;-0,4400000000000013;39419;0;46286;4053;4868;0;4868;4053;815;0;815;0,16741988496302382;0,16741988496302382;;-0,020109689213894028;1;1
2016-06-14;3;2016-06-14 03:00:00;21,64;19,14;2,5;39419;0;46286;3808;4664;0;4664;3808;856;0;856;0,1835334476843911;0,1835334476843911;;0,1155268022181146;1;1
2016-06-14;4;2016-06-14 04:00:00;22,04;21,39;0,6499999999999986;39419;2;46286;3518;4462;5;4467;3520;944;3;947;0,211999104544437;0,21156432093231733;0,6;0,02949183303085293;1;1
2016-06-14;5;2016-06-14 05:00:00;23,0;22,88;0,12000000000000098;39419;222;46286;3390;4256;230;4486;3612;866;8;874;0,19482835488185465;0,20347744360902256;0,034782608695652174;0,005217391304347869;1;1
2016-06-14;6;2016-06-14 06:00:00;27,4;30,28;-2,8800000000000026;39419;1393;46286;3163;4000;1272;5272;4556;837;-121;716;0,13581183611532624;0,20925;-0,09512578616352202;-0,10510948905109499;1;1
2016-06-14;7;2016-06-14 07:00:00;35,29;38,85;-3,5600000000000023;39419;3281;46286;2943;3763;3047;6810;6224;820;-234;586;0,08604992657856093;0,21791124103109222;-0,07679684936002626;-0,10087843581751212;1;1
2016-06-14;8;2016-06-14 08:00:00;38,39;40,08;-1,6899999999999975;39419;5829;46286;2700;3514;5110;8624;8529;814;-719;95;0,011015769944341372;0,23164484917472966;-0,1407045009784736;-0,0440218806980984;1;1
2016-06-14;9;2016-06-14 09:00:00;38,44;39,54;-1,1000000000000014;39419;8935;46286;2529;3202;7347;10549;11464;673;-1588;-915;-0,08673807943880936;0,21018113678950656;-0,21614264325575064;-0,02861602497398547;1;1
2016-06-14;10;2016-06-14 10:00:00;37,25;35,19;2,0600000000000023;39419;11851;46286;2397;2927;9823;12750;14248;530;-2028;-1498;-0,11749019607843138;0,1810727707550393;-0,2064542400488649;0,05530201342281885;1;1
2016-06-14;11;2016-06-14 11:00:00;35,83;32,4;3,43;39419;14004;46286;2364;2746;12221;14967;16368;382;-1783;-1401;-0,09360593305271597;0,13911143481427532;-0,14589640782260044;0,0957298353335194;1;1
2016-06-14;12;2016-06-14 12:00:00;32,0;32,34;-0,3400000000000034;39419;15114;46286;2494;2712;14186;16898;17608;218;-928;-710;-0,04201680672268908;0,0803834808259587;-0,06541660792330467;-0,010625000000000107;1;1
2016-06-14;13;2016-06-14 13:00:00;29,37;32,18;-2,8099999999999987;39419;16073;46286;2664;2744;15205;17949;18737;80;-868;-788;-0,04390216725165747;0,029154518950437316;-0,05708648470897731;-0,09567585972080349;1;1
2016-06-14;14;2016-06-14 14:00:00;27,55;30,94;-3,390000000000001;39419;15744;46286;2713;2782;15181;17963;18457;69;-563;-494;-0,027500974224795412;0,02480230050323508;-0,037085830972926684;-0,12304900181488207;1;1
2016-06-14;15;2016-06-14 15:00:00;27,38;27,8;-0,4200000000000017;39419;13720;46286;3020;2714;13808;16522;16740;-306;88;-218;-0,01319452850744462;-0,11274871039056743;0,006373117033603708;-0,015339663988312699;1;1
2016-06-14;16;2016-06-14 16:00:00;28,64;28,76;-0,12000000000000098;39419;11278;46286;2830;2565;11369;13934;14108;-265;91;-174;-0,012487440792306587;-0,10331384015594541;0,008004222007212595;-0,004189944134078246;1;1
2016-06-14;17;2016-06-14 17:00:00;32,51;30,56;1,9499999999999995;39419;8376;46286;2706;2324;8504;10828;11082;-382;128;-254;-0,023457702253417066;-0,16437177280550774;0,015051740357478834;0,05998154414026452;1;1
2016-06-14;18;2016-06-14 18:00:00;35,08;34,79;0,28999999999999915;39419;5358;46286;2284;1940;5426;7366;7642;-344;68;-276;-0,037469454249253326;-0,177319587628866;0,012532252119424991;0,008266818700114002;1;1
2016-06-14;19;2016-06-14 19:00:00;37,5;36,51;0,9900000000000021;39419;2842;46286;2176;1615;2781;4396;5018;-561;-61;-622;-0,14149226569608736;-0,3473684210526316;-0,02193455591513844;0,026400000000000055;1;1
2016-06-14;20;2016-06-14 20:00:00;36,0;33,1;2,8999999999999986;39419;906;46286;1908;1573;900;2473;2814;-335;-6;-341;-0,1378892033966842;-0,2129688493324857;-0,006666666666666667;0,08055555555555552;1;1
2016-06-14;21;2016-06-14 21:00:00;32,01;30,04;1,9699999999999989;39419;76;46286;1983;1875;76;1951;2059;-108;0;-108;-0,055356227575602254;-0,0576;0,0;0,06154326772883471;1;1
2016-06-14;22;2016-06-14 22:00:00;30,1;28,9;1,2000000000000028;39419;0;46286;2279;2299;0;2299;2279;20;0;20;0,008699434536755112;0,008699434536755112;;0,03986710963455159;1;1
2016-06-14;23;2016-06-14 23:00:00;26,59;26,49;0,10000000000000142;39419;0;46286;2668;2676;0;2676;2668;8;0;8;0,0029895366218236174;0,0029895366218236174;;0,003760812335464514;1;1
2016-06-15;0;2016-06-15 00:00:00;26,19;23,65;2,5400000000000027;39427;0;46302;2995;2839;0;2839;2995;-156;0;-156;-0,054948925678055656;-0,054948925678055656;;0,09698358151966409;1;2
2016-06-15;1;2016-06-15 01:00:00;25,34;23,33;2,0100000000000016;39427;0;46302;2974;2915;0;2915;2974;-59;0;-59;-0,020240137221269296;-0,020240137221269296;;0,07932123125493297;1;2
2016-06-15;2;2016-06-15 02:00:00;24,32;30,74;-6,419999999999997;39427;0;46302;2964;2829;0;2829;2964;-135;0;-135;-0,04772004241781548;-0,04772004241781548;;-0,26398026315789463;1;2
2016-06-15;3;2016-06-15 03:00:00;23,73;24,94;-1,2100000000000009;39427;0;46302;2762;2557;0;2557;2762;-205;0;-205;-0,08017207665232695;-0,08017207665232695;;-0,050990307627475806;1;2
2016-06-15;4;2016-06-15 04:00:00;23,52;21,52;2,0;39427;3;46302;2489;2280;5;2285;2492;-209;2;-207;-0,09059080962800875;-0,09166666666666666;0,4;0,08503401360544217;1;2
2016-06-15;5;2016-06-15 05:00:00;25,31;22,94;2,369999999999997;39427;228;46302;2253;2001;254;2255;2481;-252;26;-226;-0,10022172949002217;-0,12593703148425786;0,10236220472440945;0,09363887791386792;1;2
2016-06-15;6;2016-06-15 06:00:00;28,37;31,95;-3,5799999999999983;39427;1461;46302;1944;1716;1452;3168;3405;-228;-9;-237;-0,07481060606060606;-0,13286713286713286;-0,006198347107438017;-0,12618963694042998;1;2
2016-06-15;7;2016-06-15 07:00:00;35,91;35,19;0,7199999999999989;39427;3727;46302;1295;1470;3544;5014;5022;175;-183;-8;-0,0015955325089748703;0,11904761904761904;-0,05163656884875847;0,02005012531328318;1;2
2016-06-15;8;2016-06-15 08:00:00;38,79;39,08;-0,28999999999999915;39427;6543;46302;897;1325;6113;7438;7440;428;-430;-2;-0,00026888948642108095;0,3230188679245283;-0,07034189432357271;-0,007476153647847362;1;2
2016-06-15;9;2016-06-15 09:00:00;36,2;36,47;-0,269999999999996;39427;9676;46302;914;1308;8995;10303;10590;394;-681;-287;-0,02785596428224789;0,3012232415902141;-0,07570872707059477;-0,007458563535911492;1;2
2016-06-15;10;2016-06-15 10:00:00;35,91;35,83;0,0799999999999983;39427;12342;46302;988;1337;11768;13105;13330;349;-574;-225;-0,01716901945822205;0,2610321615557218;-0,048776342624065265;0,0022277917014758646;1;2
2016-06-15;11;2016-06-15 11:00:00;35,51;34,93;0,5799999999999983;39427;14159;46302;1314;1407;14010;15417;15473;93;-149;-56;-0,003632353895050918;0,06609808102345416;-0,010635260528194147;0,016333427203604572;1;2
2016-06-15;12;2016-06-15 12:00:00;30,21;30,12;0,08999999999999986;39427;14574;46302;1798;1584;15487;17071;16372;-214;913;699;0,04094663464354754;-0,1351010101010101;0,058952669981274616;0,002979145978152925;1;2
2016-06-15;13;2016-06-15 13:00:00;28,29;30,67;-2,3800000000000026;39427;14920;46302;2206;1783;15974;17757;17126;-423;1054;631;0,035535281860674665;-0,23724060572069547;0,06598222110930262;-0,08412866737363035;1;2
2016-06-15;14;2016-06-15 14:00:00;27,99;30,48;-2,490000000000002;39427;15284;46302;2558;1972;15439;17411;17842;-586;155;-431;-0,02475446556774453;-0,2971602434077079;0,010039510330979986;-0,08896034297963566;1;2
2016-06-15;15;2016-06-15 15:00:00;27,73;30,65;-2,919999999999998;39427;14876;46302;2916;2131;13903;16034;17792;-785;-973;-1758;-0,10964201072720468;-0,3683716564992961;-0,06998489534632812;-0,10530111792282719;1;2
2016-06-15;16;2016-06-15 16:00:00;29,12;30,03;-0,91;39427;13119;46302;3022;2179;11721;13900;16141;-843;-1398;-2241;-0,1612230215827338;-0,38687471317117944;-0,11927309956488354;-0,03125;1;2
2016-06-15;17;2016-06-15 17:00:00;31,0;29,44;1,5599999999999987;39427;10283;46302;3144;2099;8956;11055;13427;-1045;-1327;-2372;-0,2145635459068295;-0,49785612196283946;-0,14816882536846807;0,05032258064516125;1;2
2016-06-15;18;2016-06-15 18:00:00;34,53;33,7;0,8299999999999983;39427;6463;46302;2847;1895;5783;7678;9310;-952;-680;-1632;-0,21255535295649908;-0,5023746701846966;-0,11758602801314197;0,02403706921517516;1;2
2016-06-15;19;2016-06-15 19:00:00;36,91;35,48;1,4299999999999995;39427;3289;46302;2317;1654;2948;4602;5606;-663;-341;-1004;-0,21816601477618427;-0,40084643288996374;-0,11567164179104478;0,03874288810620427;1;2
2016-06-15;20;2016-06-15 20:00:00;35,49;35,64;-0,14999999999999858;39427;1096;46302;1836;1524;972;2496;2932;-312;-124;-436;-0,17467948717948717;-0,2047244094488189;-0,12757201646090535;-0,004226542688081109;1;2
2016-06-15;21;2016-06-15 21:00:00;33,25;33,57;-0,3200000000000003;39427;90;46302;1636;1778;76;1854;1726;142;-14;128;0,06903991370010787;0,0798650168728909;-0,18421052631578946;-0,009624060150375948;1;2
2016-06-15;22;2016-06-15 22:00:00;33,02;37,32;-4,299999999999997;39427;0;46302;1856;2237;0;2237;1856;381;0;381;0,170317389360751;0,170317389360751;;-0,13022410660205927;1;2
2016-06-15;23;2016-06-15 23:00:00;27,33;29,2;-1,870000000000001;39427;0;46302;2521;2688;0;2688;2521;167;0;167;0,06212797619047619;0,06212797619047619;;-0,0684229784120015;1;2
2016-06-16;0;2016-06-16 00:00:00;26,46;28,33;-1,8699999999999972;39430;0;46376;2912;3160;0;3160;2912;248;0;248;0,07848101265822785;0,07848101265822785;;-0,07067271352985628;1;3
2016-06-16;1;2016-06-16 01:00:00;25,64;26,87;-1,2300000000000004;39430;0;46376;3036;3456;0;3456;3036;420;0;420;0,12152777777777778;0,12152777777777778;;-0,04797191887675509;1;3
2016-06-16;2;2016-06-16 02:00:00;24,6;25,69;-1,09;39430;0;46376;3104;3609;0;3609;3104;505;0;505;0,1399279578830701;0,1399279578830701;;-0,0443089430894309;1;3
2016-06-16;3;2016-06-16 03:00:00;23,61;23,98;-0,37000000000000105;39430;0;46376;3168;3516;0;3516;3168;348;0;348;0,09897610921501707;0,09897610921501707;;-0,015671325709445197;1;3
2016-06-16;4;2016-06-16 04:00:00;23,99;21,98;2,009999999999998;39430;5;46376;3105;3265;7;3272;3110;160;2;162;0,049511002444987774;0,04900459418070444;0,2857142857142857;0,08378491037932465;1;3
2016-06-16;5;2016-06-16 05:00:00;24,95;24,19;0,7599999999999979;39430;339;46376;2817;2823;330;3153;3156;6;-9;-3;-0,0009514747859181732;0,0021253985122210413;-0,02727272727272727;0,030460921843687292;1;3
2016-06-16;6;2016-06-16 06:00:00;29,84;31,04;-1,1999999999999993;39430;1841;46376;2302;2211;1828;4039;4143;-91;-13;-104;-0,02574894775934637;-0,04115784712799638;-0,007111597374179431;-0,040214477211796225;1;3
2016-06-16;7;2016-06-16 07:00:00;37,82;34,64;3,18;39430;4999;46376;1155;1556;4927;6483;6154;401;-72;329;0,05074811044269628;0,2577120822622108;-0,014613354982748123;0,08408249603384453;1;3
2016-06-16;8;2016-06-16 08:00:00;39,74;35,51;4,230000000000004;39430;8774;46376;590;1124;8929;10053;9364;534;155;689;0,0685367551974535;0,4750889679715303;0,01735916675999552;0,10644187216909924;1;3
2016-06-16;9;2016-06-16 09:00:00;35,43;33,1;2,3299999999999983;39430;11960;46376;419;957;12978;13935;12379;538;1018;1556;0,11166128453534266;0,5621734587251829;0,07844043766373864;0,06576347727914192;1;3
2016-06-16;10;2016-06-16 10:00:00;34,88;34,21;0,6700000000000017;39430;14598;46376;598;913;16226;17139;15196;315;1628;1943;0,11336717428087986;0,34501642935377874;0,1003327992111426;0,019208715596330323;1;3
2016-06-16;11;2016-06-16 11:00:00;33,76;35,12;-1,3599999999999994;39430;16319;46376;736;961;18143;19104;17055;225;1824;2049;0,10725502512562814;0,23413111342351717;0,10053464145951607;-0,040284360189573445;1;3
2016-06-16;12;2016-06-16 12:00:00;29,71;34,08;-4,369999999999997;39430;16198;46376;738;1039;18864;19903;16936;301;2666;2967;0,14907300406973822;0,2897016361886429;0,14132739609838846;-0,14708852238303594;1;3
2016-06-16;13;2016-06-16 13:00:00;26,98;33,94;-6,959999999999997;39430;14895;46376;701;1093;18567;19660;15596;392;3672;4064;0,2067141403865717;0,3586459286367795;0,1977702375181774;-0,25796886582653805;1;3
2016-06-16;14;2016-06-16 14:00:00;27,44;35,14;-7,699999999999998;39430;12950;46376;690;1070;17242;18312;13640;380;4292;4672;0,25513324595893405;0,35514018691588783;0,24892703862660945;-0,2806122448979591;1;3
2016-06-16;15;2016-06-16 15:00:00;28,47;35,65;-7,18;39430;10966;46376;718;977;14986;15963;11684;259;4020;4279;0,26805738269748797;0,26509723643807576;0,26825036700920857;-0,2521952932911837;1;3
2016-06-16;16;2016-06-16 16:00:00;31,75;36,49;-4,740000000000002;39430;8592;46376;694;853;11815;12668;9286;159;3223;3382;0,2669718976949795;0,18640093786635403;0,27278882776132035;-0,14929133858267724;1;3
2016-06-16;17;2016-06-16 17:00:00;33,03;37,52;-4,490000000000002;39430;6652;46376;921;851;8242;9093;7573;-70;1590;1520;0,16716155284284615;-0,08225616921269095;0,1929143411793254;-0,13593702694520138;1;3
2016-06-16;18;2016-06-16 18:00:00;34,71;36,19;-1,4799999999999969;39430;4286;46376;1083;1034;5023;6057;5369;-49;737;688;0,11358758461284464;-0,047388781431334626;0,1467250647023691;-0,04263900893114367;1;3
2016-06-16;19;2016-06-16 19:00:00;35,2;36,39;-1,1899999999999975;39430;2157;46376;972;1367;2600;3967;3129;395;443;838;0,21124275270985632;0,28895391367959034;0,17038461538461538;-0,03380681818181811;1;3
2016-06-16;20;2016-06-16 20:00:00;35,28;37,48;-2,199999999999996;39430;629;46376;972;1970;855;2825;1601;998;226;1224;0,43327433628318585;0,5065989847715736;0,26432748538011697;-0,062358276643990816;1;3
2016-06-16;21;2016-06-16 21:00:00;33,02;34,04;-1,019999999999996;39430;71;46376;928;2815;73;2888;999;1887;2;1889;0,6540858725761773;0,6703374777975133;0,0273972602739726;-0,030890369473046516;1;3
2016-06-16;22;2016-06-16 22:00:00;31,05;34,04;-2,9899999999999984;39430;0;46376;868;3743;0;3743;868;2875;0;2875;0,7681004541811381;0,7681004541811381;;-0,09629629629629624;1;3
2016-06-16;23;2016-06-16 23:00:00;26,62;28,55;-1,93;39430;0;46376;952;4502;0;4502;952;3550;0;3550;0,7885384273656153;0,7885384273656153;;-0,07250187828700225;1;3
2016-06-17;0;2016-06-17 00:00:00;25,9;28,22;-2,3200000000000003;39434;0;46403;1226;3245;0;3245;1226;2019;0;2019;0,6221879815100154;0,6221879815100154;;-0,0895752895752896;1;4
2016-06-17;1;2016-06-17 01:00:00;23,73;26,18;-2,4499999999999997;39434;0;46403;1606;3593;0;3593;1606;1987;0;1987;0,5530197606457;0,5530197606457;;-0,10324483775811208;1;4
2016-06-17;2;2016-06-17 02:00:00;22,16;25,18;-3,02;39434;0;46403;1992;3939;0;3939;1992;1947;0;1947;0,49428789032749426;0,49428789032749426;;-0,13628158844765342;1;4
2016-06-17;3;2016-06-17 03:00:00;21,37;22,96;-1,59;39434;0;46403;2484;4190;0;4190;2484;1706;0;1706;0,4071599045346062;0,4071599045346062;;-0,07440336920917173;1;4
2016-06-17;4;2016-06-17 04:00:00;21,72;22,66;-0,9400000000000012;39434;2;46403;2816;4459;1;4460;2818;1643;-1;1642;0,3681614349775785;0,3684682664274501;-1,0;-0,04327808471454886;1;4
2016-06-17;5;2016-06-17 05:00:00;22,45;24,64;-2,1900000000000013;39434;130;46403;3308;4788;129;4917;3438;1480;-1;1479;0,3007931665649786;0,3091060985797828;-0,007751937984496124;-0,09755011135857466;1;4
2016-06-17;6;2016-06-17 06:00:00;27,85;31,55;-3,6999999999999993;39434;899;46403;3913;5176;845;6021;4812;1263;-54;1209;0,20079720976581963;0,24401081916537867;-0,06390532544378698;-0,1328545780969479;1;4
2016-06-17;7;2016-06-17 07:00:00;35,3;42,85;-7,550000000000003;39434;2284;46403;4043;5551;2210;7761;6327;1508;-74;1434;0,18477000386548126;0,2716627634660422;-0,0334841628959276;-0,21388101983002844;1;4
2016-06-17;8;2016-06-17 08:00:00;39,7;47,26;-7,559999999999995;39434;3787;46403;4596;5989;3939;9928;8383;1393;152;1545;0,15562046736502821;0,23259308732676573;0,03858847423203859;-0,19042821158690162;1;4
2016-06-17;9;2016-06-17 09:00:00;37,5;44,77;-7,270000000000002;39434;5703;46403;5152;6754;5926;12680;10855;1602;223;1825;0,14392744479495267;0,23719277465205804;0,03763077961525481;-0,19386666666666671;1;4
2016-06-17;10;2016-06-17 10:00:00;34,94;43,47;-8,530000000000001;39434;7863;46403;5903;7697;8196;15893;13766;1794;333;2127;0,13383250487636067;0,23307782252825776;0,04062957540263543;-0,2441327990841443;1;4
2016-06-17;11;2016-06-17 11:00:00;33,25;43,1;-9,85;39434;9765;46403;6810;8485;10626;19111;16575;1675;861;2536;0,13269844592119723;0,1974071891573365;0,08102766798418973;-0,2962406015037594;1;4
2016-06-17;12;2016-06-17 12:00:00;28,81;36,12;-7,309999999999999;39434;12211;46403;7632;9057;12783;21840;19843;1425;572;1997;0,09143772893772893;0,15733686651209008;0,044746929515763124;-0,25373134328358204;1;4
2016-06-17;13;2016-06-17 13:00:00;24,97;29,82;-4,850000000000001;39434;13702;46403;8110;9501;14136;23637;21812;1391;434;1825;0,07720945974531455;0,14640564151141985;0,03070175438596491;-0,19423307969563483;1;4
2016-06-17;14;2016-06-17 14:00:00;23,92;26,22;-2,299999999999997;39434;14487;46403;9093;9637;14518;24155;23580;544;31;575;0,023804595321879528;0,056449102417764865;0,0021352803416448546;-0,09615384615384603;1;4
2016-06-17;15;2016-06-17 15:00:00;23,01;22,59;0,4200000000000017;39434;13642;46403;9249;9543;13656;23199;22891;294;14;308;0,013276434329065908;0,030807922037095252;0,0010251903925014645;0,018252933507170867;1;4
2016-06-17;16;2016-06-17 16:00:00;23,06;21,23;1,8299999999999983;39434;11884;46403;9138;9431;11615;21046;21022;293;-269;24;0,001140359213152143;0,0310677552751564;-0,023159707275075332;0,07935819601040757;1;4
2016-06-17;17;2016-06-17 17:00:00;26,55;25,66;0,8900000000000006;39434;9698;46403;9211;9038;8775;17813;18909;-173;-923;-1096;-0,06152809745691349;-0,0191414029652578;-0,10518518518518519;0,03352165725047083;1;4
2016-06-17;18;2016-06-17 18:00:00;30,72;29,06;1,66;39434;6957;46403;8854;8267;5664;13931;15811;-587;-1293;-1880;-0,13495082908621062;-0,07100520140316922;-0,22828389830508475;0,054036458333333336;1;4
2016-06-17;19;2016-06-17 19:00:00;32,15;30,51;1,6399999999999968;39434;3610;46403;8321;7385;2934;10319;11931;-936;-676;-1612;-0,15621668766353328;-0,12674339878131347;-0,2304021813224267;0,051010886469673306;1;4
2016-06-17;20;2016-06-17 20:00:00;30,59;28,68;1,91;39434;1159;46403;7924;6760;994;7754;9083;-1164;-165;-1329;-0,17139540882125354;-0,17218934911242603;-0,1659959758551308;0,06243870545930042;1;4
2016-06-17;21;2016-06-17 21:00:00;28,16;27,52;0,6400000000000006;39434;99;46403;7930;6848;83;6931;8029;-1082;-16;-1098;-0,15841869860049054;-0,15800233644859812;-0,1927710843373494;0,02272727272727275;1;4
2016-06-17;22;2016-06-17 22:00:00;29,08;27,83;1,25;39434;0;46403;8368;7148;0;7148;8368;-1220;0;-1220;-0,1706771124790151;-0,1706771124790151;;0,04298486932599725;1;4
2016-06-17;23;2016-06-17 23:00:00;26,07;24,11;1,9600000000000009;39434;0;46403;8754;7463;0;7463;8754;-1291;0;-1291;-0,1729867345571486;-0,1729867345571486;;0,07518220176448027;1;4
2016-06-18;0;2016-06-18 00:00:00;23,06;19,62;3,4399999999999977;39434;0;46407;8756;7893;0;7893;8756;-863;0;-863;-0,10933738755859622;-0,10933738755859622;;0,14917606244579348;1;5
2016-06-18;1;2016-06-18 01:00:00;22,45;18,23;4,219999999999999;39434;0;46407;8812;7745;0;7745;8812;-1067;0;-1067;-0,13776630083925112;-0,13776630083925112;;0,18797327394209348;1;5
2016-06-18;2;2016-06-18 02:00:00;21,02;17,76;3,259999999999998;39434;0;46407;8712;7478;0;7478;8712;-1234;0;-1234;-0,16501738432736027;-0,16501738432736027;;0,15509039010466213;1;5
2016-06-18;3;2016-06-18 03:00:00;20,09;15,09;5,0;39434;0;46407;8331;7146;0;7146;8331;-1185;0;-1185;-0,1658270361041142;-0,1658270361041142;;0,24888003982080636;1;5
2016-06-18;4;2016-06-18 04:00:00;20,06;14,59;5,469999999999999;39434;5;46407;8149;6734;7;6741;8154;-1415;2;-1413;-0,2096128170894526;-0,21012771012771012;0,2857142857142857;0,2726819541375872;1;5
2016-06-18;5;2016-06-18 05:00:00;18,75;12,47;6,2799999999999985;39434;353;46407;7738;6189;377;6566;8091;-1549;24;-1525;-0,2322570819372525;-0,25028275973501374;0,0636604774535809;0,33493333333333325;1;5
2016-06-18;6;2016-06-18 06:00:00;20,73;13,55;7,18;39434;1973;46407;6799;5594;2039;7633;8772;-1205;66;-1139;-0,1492204899777283;-0,2154093671791205;0,032368808239333004;0,34635793535938253;1;5
2016-06-18;7;2016-06-18 07:00:00;22,75;20,21;2,539999999999999;39434;5190;46407;5916;5132;5325;10457;11106;-784;135;-649;-0,06206368939466386;-0,15276695245518315;0,02535211267605634;0,11164835164835162;1;5
2016-06-18;8;2016-06-18 08:00:00;24,47;27,69;-3,2200000000000024;39434;9287;46407;5639;5026;9416;14442;14926;-613;129;-484;-0,033513363800027694;-0,1219657779546359;0,013700084961767205;-0,13158970167552114;1;5
2016-06-18;9;2016-06-18 09:00:00;23,0;25,1;-2,1000000000000014;39434;13260;46407;6078;5172;13390;18562;19338;-906;130;-776;-0,04180583988794311;-0,1751740139211137;0,009708737864077669;-0,09130434782608701;1;5
2016-06-18;10;2016-06-18 10:00:00;21,64;22,7;-1,0599999999999987;39434;16082;46407;6466;5398;16434;21832;22548;-1068;352;-716;-0,032795895932576036;-0,1978510559466469;0,0214190093708166;-0,04898336414048053;1;5
2016-06-18;11;2016-06-18 11:00:00;21,08;22,94;-1,8600000000000032;39434;17514;46407;7028;5590;18367;23957;24542;-1438;853;-585;-0,024418750260884085;-0,25724508050089445;0,046441988348668806;-0,08823529411764722;1;5
2016-06-18;12;2016-06-18 12:00:00;16,04;19,03;-2,990000000000002;39434;18162;46407;7201;5666;19456;25122;25363;-1535;1294;-241;-0,009593185255950959;-0,27091422520296504;0,06650904605263158;-0,18640897755610986;1;5
2016-06-18;13;2016-06-18 13:00:00;12,85;19,69;-6,8400000000000025;39434;17975;46407;6969;5673;19322;24995;24944;-1296;1347;51;0,002040408081616323;-0,22845055526176627;0,0697132801987372;-0,5322957198443582;1;5
2016-06-18;14;2016-06-18 14:00:00;15,93;19,92;-3,990000000000002;39434;17110;46407;6466;5550;18023;23573;23576;-916;913;-3;-0,00012726424298986128;-0,16504504504504505;0,05065749320312934;-0,2504708097928438;1;5
2016-06-18;15;2016-06-18 15:00:00;18,67;21,89;-3,219999999999999;39434;15310;46407;6055;5308;15710;21018;21365;-747;400;-347;-0,01650965838804834;-0,1407309721175584;0,025461489497135583;-0,17246920192822704;1;5
2016-06-18;16;2016-06-18 16:00:00;21,49;20,98;0,509999999999998;39434;13090;46407;5417;4963;12769;17732;18507;-454;-321;-775;-0,043706293706293704;-0,09147692927664719;-0,02513900853629885;0,023731968357375434;1;5
2016-06-18;17;2016-06-18 17:00:00;23,38;22,03;1,349999999999998;39434;9944;46407;4792;4488;9399;13887;14736;-304;-545;-849;-0,06113631453877728;-0,0677361853832442;-0,05798489200978828;0,05774165953806665;1;5
2016-06-18;18;2016-06-18 18:00:00;26,53;25,99;0,5400000000000027;39434;6802;46407;4344;4023;6023;10046;11146;-321;-779;-1100;-0,10949631694206649;-0,07979120059656973;-0,12933753943217666;0,020354315868827844;1;5
2016-06-18;19;2016-06-18 19:00:00;27,28;21,82;5,460000000000001;39434;3565;46407;3676;3654;3144;6798;7241;-22;-421;-443;-0,06516622536040012;-0,0060207991242474;-0,1339058524173028;0,20014662756598242;1;5
2016-06-18;20;2016-06-18 20:00:00;26,83;25,64;1,1899999999999975;39434;1159;46407;3333;3518;1087;4605;4492;185;-72;113;0,024538545059717698;0,05258669698692439;-0,06623735050597976;0,04435333581811396;1;5
2016-06-18;21;2016-06-18 21:00:00;26,97;27,7;-0,7300000000000004;39434;104;46407;3374;3665;94;3759;3478;291;-10;281;0,07475392391593509;0,07939972714870396;-0,10638297872340426;-0,027067111605487595;1;5
2016-06-18;22;2016-06-18 22:00:00;28,0;28,21;-0,21000000000000085;39434;0;46407;3924;3935;0;3935;3924;11;0;11;0,0027954256670902162;0,0027954256670902162;;-0,00750000000000003;1;5
2016-06-18;23;2016-06-18 23:00:00;24,48;23,39;1,09;39434;0;46407;4496;4236;0;4236;4496;-260;0;-260;-0,061378659112370164;-0,061378659112370164;;0,044526143790849675;1;5
2016-06-19;0;2016-06-19 00:00:00;20,64;15,36;5,280000000000001;39435;0;46407;5131;4490;0;4490;5131;-641;0;-641;-0,1427616926503341;-0,1427616926503341;;0,25581395348837216;1;6
2016-06-19;1;2016-06-19 01:00:00;15,16;8,9;6,26;39435;0;46407;5430;4856;0;4856;5430;-574;0;-574;-0,11820428336079078;-0,11820428336079078;;0,4129287598944591;1;6
2016-06-19;2;2016-06-19 02:00:00;13,04;7,76;5,2799999999999985;39435;0;46407;5250;5005;0;5005;5250;-245;0;-245;-0,04895104895104895;-0,04895104895104895;;0,4049079754601226;1;6
2016-06-19;3;2016-06-19 03:00:00;10,88;7,5;3,3800000000000012;39435;0;46407;5162;4921;0;4921;5162;-241;0;-241;-0,048973785815891076;-0,048973785815891076;;0,31066176470588247;1;6
2016-06-19;4;2016-06-19 04:00:00;15,04;8,72;6,319999999999999;39435;4;46407;4957;4745;6;4751;4961;-212;2;-210;-0,04420122079562198;-0,04467860906217071;0,3333333333333333;0,4202127659574468;1;6
2016-06-19;5;2016-06-19 05:00:00;13,1;7,04;6,06;39435;278;46407;4891;4531;295;4826;5169;-360;17;-343;-0,07107335267302113;-0,0794526594570735;0,0576271186440678;0,4625954198473282;1;6
2016-06-19;6;2016-06-19 06:00:00;10,16;6,07;4,09;39435;1570;46407;4542;4349;1622;5971;6112;-193;52;-141;-0,023614134985764527;-0,044378017935157506;0,032059186189889025;0,40255905511811024;1;6
2016-06-19;7;2016-06-19 07:00:00;10,13;6,13;4,000000000000001;39435;3983;46407;3955;4110;3864;7974;7938;155;-119;36;0,004514672686230248;0,037712895377128956;-0,030797101449275364;0,3948667324777888;1;6
2016-06-19;8;2016-06-19 08:00:00;14,29;11,27;3,02;39435;6811;46407;3663;3999;6488;10487;10474;336;-323;13;0,0012396300181176695;0,08402100525131283;-0,04978421701602959;0,21133659902029392;1;6
2016-06-19;9;2016-06-19 09:00:00;16,98;12,08;4,9;39435;9469;46407;3742;3943;9198;13141;13211;201;-271;-70;-0,00532683966212617;0,05097641389804717;-0,029462926723200694;0,28857479387514723;1;6
2016-06-19;10;2016-06-19 10:00:00;17,55;13,05;4,5;39435;11592;46407;3844;3919;11687;15606;15436;75;95;170;0,010893246187363835;0,01913753508548099;0,008128689997433046;0,2564102564102564;1;6
2016-06-19;11;2016-06-19 11:00:00;19,08;16,4;2,68;39435;12774;46407;3640;4030;13755;17785;16414;390;981;1371;0,0770874332302502;0,0967741935483871;0,07131952017448201;0,14046121593291408;1;6
2016-06-19;12;2016-06-19 12:00:00;17,12;20,37;-3,25;39435;13536;46407;3851;4320;15243;19563;17387;469;1707;2176;0,11123038388795174;0,10856481481481481;0,11198582956111001;-0,18983644859813084;1;6
2016-06-19;13;2016-06-19 13:00:00;11,63;16,5;-4,869999999999999;39435;14604;46407;4035;4637;16016;20653;18639;602;1412;2014;0,09751609935602576;0,129825318093595;0,08816183816183816;-0,4187446259673258;1;6
2016-06-19;14;2016-06-19 14:00:00;9,04;14,13;-5,090000000000002;39435;15082;46407;4332;4793;15777;20570;19414;461;695;1156;0,05619834710743802;0,09618193198414354;0,04405146732585409;-0,563053097345133;1;6
2016-06-19;15;2016-06-19 15:00:00;8,9;12,05;-3,1500000000000004;39435;14432;46407;4228;4867;14661;19528;18660;639;229;868;0,04444899631298648;0,131292377234436;0,015619671236614147;-0,35393258426966295;1;6
2016-06-19;16;2016-06-19 16:00:00;11,79;9,54;2,25;39435;12696;46407;4051;4904;12620;17524;16747;853;-76;777;0,044339191965304725;0,17393964110929852;-0,006022187004754358;0,19083969465648856;1;6
2016-06-19;17;2016-06-19 17:00:00;19,04;18,45;0,5899999999999999;39435;9999;46407;3495;4675;9758;14433;13494;1180;-241;939;0,06505923924340054;0,25240641711229944;-0,024697683951629433;0,030987394957983187;1;6
2016-06-19;18;2016-06-19 18:00:00;22,97;22,06;0,91;39435;6741;46407;3093;4076;6420;10496;9834;983;-321;662;0,06307164634146341;0,24116781157998038;-0,05;0,03961689159773618;1;6
2016-06-19;19;2016-06-19 19:00:00;26,95;29,04;-2,09;39435;3622;46407;2796;3427;3407;6834;6418;631;-215;416;0,06087211003804507;0,1841260577764809;-0,06310537129439389;-0,07755102040816327;1;6
2016-06-19;20;2016-06-19 20:00:00;27,8;28,67;-0,870000000000001;39435;1229;46407;2170;2809;1185;3994;3399;639;-44;595;0,14897346019028543;0,22748309006763973;-0,03713080168776371;-0,03129496402877701;1;6
2016-06-19;21;2016-06-19 21:00:00;29,88;30,83;-0,9499999999999992;39435;116;46407;1862;2491;105;2596;1978;629;-11;618;0,23805855161787365;0,2525090325170614;-0,10476190476190476;-0,03179384203480586;1;6
2016-06-19;22;2016-06-19 22:00:00;29,26;32,71;-3,4499999999999997;39435;0;46407;1953;2345;0;2345;1953;392;0;392;0,16716417910447762;0,16716417910447762;;-0,11790840738209157;1;6
2016-06-19;23;2016-06-19 23:00:00;27,14;26,66;0,4800000000000004;39435;0;46407;2140;2305;0;2305;2140;165;0;165;0,07158351409978309;0,07158351409978309;;0,01768607221812824;1;6
2016-06-20;0;2016-06-20 00:00:00;24,92;24,12;0,8000000000000007;39437;0;46418;2487;2199;0;2199;2487;-288;0;-288;-0,13096862210095497;-0,13096862210095497;;0,03210272873194224;1;0
2016-06-20;1;2016-06-20 01:00:00;21,6;20,6;1,0;39437;0;46418;3210;2664;0;2664;3210;-546;0;-546;-0,20495495495495494;-0,20495495495495494;;0,046296296296296294;1;0
2016-06-20;2;2016-06-20 02:00:00;20,4;19,15;1,25;39437;0;46418;4589;3269;0;3269;4589;-1320;0;-1320;-0,40379320893239523;-0,40379320893239523;;0,06127450980392157;1;0
2016-06-20;3;2016-06-20 03:00:00;17,45;13,23;4,219999999999999;39437;0;46418;6012;4039;0;4039;6012;-1973;0;-1973;-0,4884872493191384;-0,4884872493191384;;0,2418338108882521;1;0
2016-06-20;4;2016-06-20 04:00:00;17,05;10,2;6,850000000000001;39437;5;46418;7128;4865;8;4873;7133;-2263;3;-2260;-0,4637800123127437;-0,46515930113052417;0,375;0,40175953079178894;1;0
2016-06-20;5;2016-06-20 05:00:00;19,99;14,28;5,709999999999999;39437;363;46418;7604;5531;382;5913;7967;-2073;19;-2054;-0,34737020125147977;-0,3747966009763153;0,049738219895287955;0,28564282141070535;1;0
2016-06-20;6;2016-06-20 06:00:00;28,97;23,69;5,2799999999999985;39437;1962;46418;7503;5842;2094;7936;9465;-1661;132;-1529;-0,19266633064516128;-0,2843204382060938;0,06303724928366762;0,1822575077666551;1;0
2016-06-20;7;2016-06-20 07:00:00;34,42;33,66;0,7600000000000051;39437;5731;46418;6896;5957;5775;11732;12627;-939;44;-895;-0,0762870780770542;-0,1576296793688098;0,007619047619047619;0,02208018593840805;1;0
2016-06-20;8;2016-06-20 08:00:00;34,94;34,34;0,5999999999999943;39437;11000;46418;6729;6182;10618;16800;17729;-547;-382;-929;-0,05529761904761905;-0,08848269168553866;-0,03597664343567527;0,01717229536348009;1;0
2016-06-20;9;2016-06-20 09:00:00;29,44;27,87;1,5700000000000005;39437;16074;46418;7923;6848;15213;22061;23997;-1075;-861;-1936;-0,08775667467476542;-0,1569801401869159;-0,0565963320844015;0,0533288043478261;1;0
2016-06-20;10;2016-06-20 10:00:00;26,84;25,37;1,4699999999999989;39437;19011;46418;9060;7707;18059;25766;28071;-1353;-952;-2305;-0,08945897694636343;-0,17555469054106657;-0,05271609723683482;0,05476900149031293;1;0
2016-06-20;11;2016-06-20 11:00:00;26,95;23,67;3,2799999999999976;39437;20184;46418;9656;8498;19248;27746;29840;-1158;-936;-2094;-0,07547033806674835;-0,1362673570251824;-0,048628428927680795;0,12170686456400734;1;0
2016-06-20;12;2016-06-20 12:00:00;25,51;24,11;1,400000000000002;39437;20658;46418;9932;9121;19336;28457;30590;-811;-1322;-2133;-0,07495519555821063;-0,08891568906918101;-0,06836988001654944;0,05488043904351242;1;0
2016-06-20;13;2016-06-20 13:00:00;25,24;25,11;0,129999999999999;39437;20724;46418;10456;9674;18831;28505;31180;-782;-1893;-2675;-0,0938431854060691;-0,08083522844738475;-0,10052572885136211;0,00515055467511882;1;0
2016-06-20;14;2016-06-20 14:00:00;25,44;23,4;2,0400000000000027;39437;19561;46418;10557;10076;17510;27586;30118;-481;-2051;-2532;-0,09178568839266295;-0,04773719730051608;-0,11713306681896059;0,08018867924528313;1;0
2016-06-20;15;2016-06-20 15:00:00;25,49;24,31;1,1799999999999995;39437;17071;46418;10738;10423;15427;25850;27809;-315;-1644;-1959;-0,07578336557059961;-0,03022162525184688;-0,10656640954171258;0,046292663789721446;1;0
2016-06-20;16;2016-06-20 16:00:00;25,19;24,75;0,4400000000000013;39437;13935;46418;10788;10590;12613;23203;24723;-198;-1322;-1520;-0,0655087704176184;-0,018696883852691217;-0,10481249504479505;0,017467248908296994;1;0
2016-06-20;17;2016-06-20 17:00:00;27,74;25,71;2,0299999999999976;39437;10170;46418;10880;10491;9149;19640;21050;-389;-1021;-1410;-0,07179226069246436;-0,03707940139166905;-0,11159689583561044;0,07317952415284779;1;0
2016-06-20;18;2016-06-20 18:00:00;32,97;29,86;3,1099999999999994;39437;5830;46418;10836;10320;5597;15917;16666;-516;-233;-749;-0,04705660614437394;-0,05;-0,041629444345184924;0,09432817713072489;1;0
2016-06-20;19;2016-06-20 19:00:00;34,96;31,44;3,52;39437;2512;46418;10950;10192;2705;12897;13462;-758;193;-565;-0,043808637667674656;-0,07437205651491366;0,07134935304990758;0,10068649885583524;1;0
2016-06-20;20;2016-06-20 20:00:00;33,57;28,9;4,670000000000002;39437;662;46418;10978;10334;895;11229;11640;-644;233;-411;-0,03660165642532728;-0,062318560092897234;0,26033519553072626;0,1391123026511767;1;0
2016-06-20;21;2016-06-20 21:00:00;31,76;27,99;3,770000000000003;39437;39;46418;11358;10360;65;10425;11397;-998;26;-972;-0,09323741007194244;-0,09633204633204633;0,4;0,11870277078085652;1;0
2016-06-20;22;2016-06-20 22:00:00;30,74;27,12;3,619999999999997;39437;0;46418;11889;10302;0;10302;11889;-1587;0;-1587;-0,15404775771694817;-0,15404775771694817;;0,117761873780091;1;0
2016-06-20;23;2016-06-20 23:00:00;25,38;24,4;0,9800000000000004;39437;0;46418;11647;10054;0;10054;11647;-1593;0;-1593;-0,15844440023871095;-0,15844440023871095;;0,03861308116627268;1;0
2016-06-21;0;2016-06-21 00:00:00;24,23;25,05;-0,8200000000000003;39439;0;46446;11206;10039;0;10039;11206;-1167;0;-1167;-0,11624663811136568;-0,11624663811136568;;-0,03384234420140323;1;1
2016-06-21;1;2016-06-21 01:00:00;23,37;21,64;1,7300000000000004;39439;0;46446;10296;9218;0;9218;10296;-1078;0;-1078;-0,11694510739856802;-0,11694510739856802;;0,07402652973898162;1;1
2016-06-21;2;2016-06-21 02:00:00;22,34;20,83;1,5100000000000016;39439;0;46446;9378;8262;0;8262;9378;-1116;0;-1116;-0,13507625272331156;-0,13507625272331156;;0,06759176365264108;1;1
2016-06-21;3;2016-06-21 03:00:00;21,23;18,63;2,6000000000000014;39439;0;46446;8753;7223;0;7223;8753;-1530;0;-1530;-0,21182334210161982;-0,21182334210161982;;0,12246820536975984;1;1
2016-06-21;4;2016-06-21 04:00:00;21,89;18,18;3,7100000000000013;39439;2;46446;8074;6307;1;6308;8076;-1767;-1;-1768;-0,280279010779962;-0,2801648961471381;-1,0;0,16948378254910923;1;1
2016-06-21;5;2016-06-21 05:00:00;23,93;19,09;4,84;39439;129;46446;7145;5622;113;5735;7274;-1523;-16;-1539;-0,2683522231909329;-0,27090003557452863;-0,1415929203539823;0,20225658169661512;1;1
2016-06-21;6;2016-06-21 06:00:00;29,54;22,58;6,960000000000001;39439;907;46446;6198;5055;630;5685;7105;-1143;-277;-1420;-0,2497801231310466;-0,22611275964391692;-0,4396825396825397;0,2356127285037238;1;1
2016-06-21;7;2016-06-21 07:00:00;38,73;36,3;2,43;39439;2513;46446;5135;4519;1607;6126;7648;-616;-906;-1522;-0,2484492327783219;-0,13631334366010178;-0,5637834474175483;0,06274206041828041;1;1
2016-06-21;8;2016-06-21 08:00:00;40,78;38,67;2,1099999999999994;39439;4764;46446;4672;4025;2830;6855;9436;-647;-1934;-2581;-0,37651349380014587;-0,16074534161490683;-0,6833922261484099;0,05174104953408532;1;1
2016-06-21;9;2016-06-21 09:00:00;42,59;35,29;7,300000000000003;39439;7299;46446;4408;3553;4257;7810;11707;-855;-3042;-3897;-0,49897567221510886;-0,24064171122994651;-0,7145877378435518;0,1714017374970651;1;1
2016-06-21;10;2016-06-21 10:00:00;41,79;34,02;7,769999999999996;39439;10188;46446;4388;3191;5955;9146;14576;-1197;-4233;-5430;-0,5937021648808222;-0,37511751801942966;-0,710831234256927;0,18592964824120595;1;1
2016-06-21;11;2016-06-21 11:00:00;43,73;33,17;10,559999999999997;39439;12465;46446;4349;2953;7659;10612;16814;-1396;-4806;-6202;-0,5844327176781002;-0,4727395868608195;-0,627497062279671;0,24148182026069054;1;1
2016-06-21;12;2016-06-21 12:00:00;39,59;31,35;8,240000000000002;39439;13951;46446;4038;2764;9159;11923;17989;-1274;-4792;-6066;-0,5087645726746625;-0,4609261939218524;-0,5232012228409215;0,2081333670118717;1;1
2016-06-21;13;2016-06-21 13:00:00;37,64;30,25;7,3900000000000015;39439;14669;46446;3761;2593;10280;12873;18430;-1168;-4389;-5557;-0,43167870737201897;-0,45044350173544156;-0,4269455252918288;0,19633368756641875;1;1
2016-06-21;14;2016-06-21 14:00:00;35,84;30,1;5,740000000000002;39439;15485;46446;3183;2397;10922;13319;18668;-786;-4563;-5349;-0,40160672723177415;-0,327909887359199;-0,4177806262589269;0,16015625000000003;1;1
2016-06-21;15;2016-06-21 15:00:00;34,16;29,38;4,7799999999999985;39439;14840;46446;2679;2195;10714;12909;17519;-484;-4126;-4610;-0,35711519095204897;-0,220501138952164;-0,38510360276274036;0,13992974238875874;1;1
2016-06-21;16;2016-06-21 16:00:00;32,45;30,08;2,3700000000000045;39439;12798;46446;2115;1954;9571;11525;14913;-161;-3227;-3388;-0,29396963123644254;-0,08239508700102355;-0,33716435064256606;0,07303543913713419;1;1
2016-06-21;17;2016-06-21 17:00:00;33,05;32,53;0,519999999999996;39439;10155;46446;1834;1696;7713;9409;11989;-138;-2442;-2580;-0,27420554787968965;-0,08136792452830188;-0,3166083236094905;0,01573373676248097;1;1
2016-06-21;18;2016-06-21 18:00:00;34,94;36,62;-1,6799999999999995;39439;6596;46446;1508;1443;5312;6755;8104;-65;-1284;-1349;-0,19970392301998519;-0,04504504504504504;-0,24171686746987953;-0,04808242701774469;1;1
2016-06-21;19;2016-06-21 19:00:00;35,91;37,6;-1,6900000000000048;39439;3288;46446;1168;1202;2914;4116;4456;34;-374;-340;-0,0826044703595724;0,028286189683860232;-0,12834591626630062;-0,04706209969367878;1;1
2016-06-21;20;2016-06-21 20:00:00;37,44;38,81;-1,3700000000000043;39439;1040;46446;1162;1165;985;2150;2202;3;-55;-52;-0,024186046511627906;0,002575107296137339;-0,05583756345177665;-0,03659188034188046;1;1
2016-06-21;21;2016-06-21 21:00:00;34,98;36,72;-1,740000000000002;39439;88;46446;1415;1566;88;1654;1503;151;0;151;0,0912938331318017;0,09642401021711366;0,0;-0,04974271012006867;1;1
2016-06-21;22;2016-06-21 22:00:00;33,93;38,38;-4,450000000000003;39439;0;46446;1710;2167;0;2167;1710;457;0;457;0,21089063221042917;0,21089063221042917;;-0,13115237253168296;1;1
2016-06-21;23;2016-06-21 23:00:00;30,0;33,77;-3,770000000000003;39439;0;46446;2299;2836;0;2836;2299;537;0;537;0,18935119887165022;0,18935119887165022;;-0,12566666666666676;1;1
2016-06-22;0;2016-06-22 00:00:00;28,06;29,78;-1,7200000000000024;39442;0;46467;2824;2525;0;2525;2824;-299;0;-299;-0,11841584158415841;-0,11841584158415841;;-0,061297220242337934;1;2
2016-06-22;1;2016-06-22 01:00:00;24,95;27,98;-3,030000000000001;39442;0;46467;3379;2846;0;2846;3379;-533;0;-533;-0,18728039353478568;-0,18728039353478568;;-0,12144288577154314;1;2
2016-06-22;2;2016-06-22 02:00:00;23,95;26,48;-2,5300000000000007;39442;0;46467;3426;3055;0;3055;3426;-371;0;-371;-0,12144026186579378;-0,12144026186579378;;-0,10563674321503135;1;2
2016-06-22;3;2016-06-22 03:00:00;23,14;25,34;-2,1999999999999997;39442;0;46467;3472;3033;0;3033;3472;-439;0;-439;-0,14474118034948896;-0,14474118034948896;;-0,0950734658599827;1;2
2016-06-22;4;2016-06-22 04:00:00;22,97;26,24;-3,27;39442;4;46467;3435;2880;4;2884;3439;-555;0;-555;-0,19244105409153953;-0,19270833333333334;0,0;-0,14235959947757945;1;2
2016-06-22;5;2016-06-22 05:00:00;24,06;28,73;-4,670000000000002;39442;254;46467;3167;2588;260;2848;3421;-579;6;-573;-0,2011938202247191;-0,22372488408037094;0,023076923076923078;-0,1940980881130508;1;2
2016-06-22;6;2016-06-22 06:00:00;29,98;35,25;-5,27;39442;1580;46467;2960;2215;1595;3810;4540;-745;15;-730;-0,19160104986876642;-0,3363431151241535;0,009404388714733543;-0,17578385590393594;1;2
2016-06-22;7;2016-06-22 07:00:00;40,0;45,25;-5,25;39442;4336;46467;2546;1695;4036;5731;6882;-851;-300;-1151;-0,20083755016576513;-0,5020648967551622;-0,07433102081268583;-0,13125;1;2
2016-06-22;8;2016-06-22 08:00:00;42,0;45,7;-3,700000000000003;39442;8228;46467;1989;1315;7285;8600;10217;-674;-943;-1617;-0,1880232558139535;-0,5125475285171103;-0,12944406314344545;-0,08809523809523816;1;2
2016-06-22;9;2016-06-22 09:00:00;40,0;41,07;-1,0700000000000005;39442;12638;46467;2203;1356;10893;12249;14841;-847;-1745;-2592;-0,21160911094783247;-0,6246312684365781;-0,160194620398421;-0,026750000000000013;1;2
2016-06-22;10;2016-06-22 10:00:00;37,27;34,84;2,43;39442;16653;46467;2422;1457;14026;15483;19075;-965;-2627;-3592;-0,23199638312988438;-0,6623198352779684;-0,1872950235277342;0,06519989267507378;1;2
2016-06-22;11;2016-06-22 11:00:00;36,62;31,96;4,659999999999997;39442;19186;46467;2857;1617;16457;18074;22043;-1240;-2729;-3969;-0,21959721146398142;-0,766852195423624;-0,16582609224038403;0,12725286728563617;1;2
2016-06-22;12;2016-06-22 12:00:00;33,6;28,95;4,650000000000002;39442;20158;46467;3274;1778;17924;19702;23432;-1496;-2234;-3730;-0,1893208811288194;-0,8413948256467941;-0,12463735773264896;0,1383928571428572;1;2
2016-06-22;13;2016-06-22 13:00:00;30,29;26,72;3,5700000000000003;39442;20657;46467;3082;1856;18433;20289;23739;-1226;-2224;-3450;-0,17004288037853024;-0,6605603448275862;-0,12065317636846959;0,11786068009243976;1;2
2016-06-22;14;2016-06-22 14:00:00;28,94;27,05;1,8900000000000008;39442;20357;46467;2749;1768;18152;19920;23106;-981;-2205;-3186;-0,15993975903614457;-0,5548642533936652;-0,12147421771705597;0,06530753282653769;1;2
2016-06-22;15;2016-06-22 15:00:00;28,93;27,32;1,6099999999999994;39442;18740;46467;2371;1605;16891;18496;21111;-766;-1849;-2615;-0,1413819204152249;-0,47725856697819313;-0,10946657983541531;0,0556515727618389;1;2
2016-06-22;16;2016-06-22 16:00:00;30,31;30,16;0,14999999999999858;39442;16407;46467;1849;1332;14676;16008;18256;-517;-1731;-2248;-0,14042978510744628;-0,38813813813813813;-0,1179476696647588;0,004948861761794741;1;2
2016-06-22;17;2016-06-22 17:00:00;33,7;34,69;-0,9899999999999948;39442;12741;46467;1326;1072;11351;12423;14067;-254;-1390;-1644;-0,132335184737986;-0,23694029850746268;-0,12245617126244383;-0,02937685459940637;1;2
2016-06-22;18;2016-06-22 18:00:00;38,12;40,65;-2,5300000000000007;39442;8248;46467;745;838;7289;8127;8993;93;-959;-866;-0,10655838562815308;0,11097852028639618;-0,13156811633968996;-0,06636935991605458;1;2
2016-06-22;19;2016-06-22 19:00:00;39,8;42,04;-2,240000000000002;39442;4057;46467;409;672;3580;4252;4466;263;-477;-214;-0,05032925682031985;0,3913690476190476;-0,13324022346368716;-0,05628140703517593;1;2
2016-06-22;20;2016-06-22 20:00:00;38,3;40,19;-1,8900000000000008;39442;1282;46467;327;766;1232;1998;1609;439;-50;389;0,1946946946946947;0,5731070496083551;-0,040584415584415584;-0,049347258485639714;1;2
2016-06-22;21;2016-06-22 21:00:00;37,39;40,18;-2,7899999999999987;39442;109;46467;464;1264;114;1378;573;800;5;805;0,5841799709724238;0,6329113924050633;0,043859649122807015;-0,0746188820540251;1;2
2016-06-22;22;2016-06-22 22:00:00;35,98;41,39;-5,410000000000004;39442;0;46467;920;1987;0;1987;920;1067;0;1067;0,536990437845999;0,536990437845999;;-0,15036131183991117;1;2
2016-06-22;23;2016-06-22 23:00:00;30,35;34,81;-4,460000000000001;39442;0;46467;1728;2831;0;2831;1728;1103;0;1103;0,3896149770399152;0,3896149770399152;;-0,1469522240527183;1;2
2016-06-23;0;2016-06-23 00:00:00;28,09;32,69;-4,599999999999998;39447;0;46501;2889;3121;0;3121;2889;232;0;232;0,0743351489907081;0,0743351489907081;;-0,16375934496262007;1;3
2016-06-23;1;2016-06-23 01:00:00;25,64;30,19;-4,550000000000002;39447;0;46501;4046;4019;0;4019;4046;-27;0;-27;-0,006718089076884797;-0,006718089076884797;;-0,1774570982839314;1;3
2016-06-23;2;2016-06-23 02:00:00;24,38;30,28;-5,900000000000002;39447;0;46501;5099;4803;0;4803;5099;-296;0;-296;-0,06162814907349573;-0,06162814907349573;;-0,24200164068908953;1;3
2016-06-23;3;2016-06-23 03:00:00;23,3;26,22;-2,919999999999998;39447;0;46501;6137;5408;0;5408;6137;-729;0;-729;-0,13480029585798817;-0,13480029585798817;;-0,12532188841201708;1;3
2016-06-23;4;2016-06-23 04:00:00;23,24;19,28;3,959999999999997;39447;4;46501;6750;5871;7;5878;6754;-879;3;-876;-0,14903028240898264;-0,14971895758814513;0,42857142857142855;0,1703958691910498;1;3
2016-06-23;5;2016-06-23 05:00:00;24,14;24,06;0,08000000000000185;39447;378;46501;7312;6001;366;6367;7690;-1311;-12;-1323;-0,20779016805402858;-0,21846358940176638;-0,03278688524590164;0,003314001657000905;1;3
2016-06-23;6;2016-06-23 06:00:00;28,16;31,02;-2,8599999999999994;39447;2075;46501;7210;5753;2083;7836;9285;-1457;8;-1449;-0,18491577335375192;-0,25325916912915003;0,003840614498319731;-0,10156249999999999;1;3
2016-06-23;7;2016-06-23 07:00:00;35,91;35,66;0,25;39447;6141;46501;5956;5085;6009;11094;12097;-871;-132;-1003;-0,09040923021453037;-0,17128810226155358;-0,02196704942586121;0,0069618490671122255;1;3
2016-06-23;8;2016-06-23 08:00:00;35,91;37,01;-1,1000000000000014;39447;11640;46501;3970;4254;11398;15652;15610;284;-242;42;0,0026833631484794273;0,06676069581570286;-0,021231795051763466;-0,030632135895293833;1;3
2016-06-23;9;2016-06-23 09:00:00;34,97;31,71;3,259999999999998;39447;17208;46501;3515;4082;16770;20852;20723;567;-438;129;0,00618645693458661;0,13890249877511024;-0,026118067978533093;0,09322276236774373;1;3
2016-06-23;10;2016-06-23 10:00:00;29,78;29,74;0,0400000000000027;39447;21720;46501;4308;4165;21157;25322;26028;-143;-563;-706;-0,02788089408419556;-0,034333733493397356;-0,026610578059271164;0,0013431833445266186;1;3
2016-06-23;11;2016-06-23 11:00:00;27,95;26,44;1,509999999999998;39447;24675;46501;4918;4405;24158;28563;29593;-513;-517;-1030;-0,03606063788817701;-0,11645856980703746;-0,021400778210116732;0,05402504472271907;1;3
2016-06-23;12;2016-06-23 12:00:00;25,62;25,64;-0,01999999999999957;39447;25972;46501;5325;4817;25726;30543;31297;-508;-246;-754;-0,024686507546737388;-0,10545982976956612;-0,00956231050299308;-0,0007806401249024032;1;3
2016-06-23;13;2016-06-23 13:00:00;25,08;25,31;-0,23000000000000045;39447;26011;46501;5498;5164;25911;31075;31509;-334;-100;-434;-0,013966210780370072;-0,06467854376452363;-0,0038593647485623867;-0,009170653907496032;1;3
2016-06-23;14;2016-06-23 14:00:00;25,37;26,6;-1,2300000000000004;39447;24540;46501;5612;5366;24877;30243;30152;-246;337;91;0,0030089607512482227;-0,04584420424897503;0,013546649515616835;-0,04848245959795035;1;3
2016-06-23;15;2016-06-23 15:00:00;25,71;27,49;-1,7799999999999976;39447;22335;46501;5306;5540;22486;28026;27641;234;151;385;0,013737243987725684;0,04223826714801444;0,006715289513475051;-0,0692337611824192;1;3
2016-06-23;16;2016-06-23 16:00:00;27,31;30,22;-2,91;39447;18882;46501;5204;5391;18585;23976;24086;187;-297;-110;-0,004587921254587921;0,03468744203301799;-0,015980629539951573;-0,1065543756865617;1;3
2016-06-23;17;2016-06-23 17:00:00;30,83;34,93;-4,100000000000001;39447;14170;46501;5147;5060;13487;18547;19317;-87;-683;-770;-0,04151614816412358;-0,017193675889328065;-0,05064135834507303;-0,1329873499837821;1;3
2016-06-23;18;2016-06-23 18:00:00;35,92;45,02;-9,1;39447;8676;46501;5233;4824;7830;12654;13909;-409;-846;-1255;-0,09917812549391497;-0,08478441127694859;-0,10804597701149425;-0,25334075723830735;1;3
2016-06-23;19;2016-06-23 19:00:00;40,06;49,87;-9,809999999999997;39447;3869;46501;5447;4739;3403;8142;9316;-708;-466;-1174;-0,14419061655612872;-0,14939860730111837;-0,13693799588598296;-0,24488267598602087;1;3
2016-06-23;20;2016-06-23 20:00:00;38,04;48,78;-10,740000000000002;39447;1285;46501;5920;5146;1091;6237;7205;-774;-194;-968;-0,15520282186948853;-0,150408083948698;-0,1778185151237397;-0,28233438485804424;1;3
2016-06-23;21;2016-06-23 21:00:00;32,72;41,53;-8,810000000000002;39447;133;46501;7596;6578;114;6692;7729;-1018;-19;-1037;-0,1549611476389719;-0,1547582851930678;-0,16666666666666666;-0,2692542787286064;1;3
2016-06-23;22;2016-06-23 22:00:00;30,77;38,9;-8,129999999999999;39447;0;46501;9414;8089;0;8089;9414;-1325;0;-1325;-0,16380269501792558;-0,16380269501792558;;-0,26421839454013646;1;3
2016-06-23;23;2016-06-23 23:00:00;26,99;29,85;-2,860000000000003;39447;0;46501;9832;8789;0;8789;9832;-1043;0;-1043;-0,11867106610535898;-0,11867106610535898;;-0,10596517228603199;1;3
2016-06-24;0;2016-06-24 00:00:00;26,03;28,86;-2,8299999999999983;39450;0;46534;9807;8680;0;8680;9807;-1127;0;-1127;-0,12983870967741937;-0,12983870967741937;;-0,10872070687668069;1;4
2016-06-24;1;2016-06-24 01:00:00;24,56;25,69;-1,1300000000000026;39450;0;46534;9429;8134;0;8134;9429;-1295;0;-1295;-0,15920826161790017;-0,15920826161790017;;-0,04600977198697079;1;4
2016-06-24;2;2016-06-24 02:00:00;24,08;26,25;-2,1700000000000017;39450;0;46534;8804;7431;0;7431;8804;-1373;0;-1373;-0,18476651863813753;-0,18476651863813753;;-0,09011627906976752;1;4
2016-06-24;3;2016-06-24 03:00:00;23,36;25,57;-2,210000000000001;39450;0;46534;8218;6727;0;6727;8218;-1491;0;-1491;-0,22164412070759626;-0,22164412070759626;;-0,09460616438356169;1;4
2016-06-24;4;2016-06-24 04:00:00;23,91;24,7;-0,7899999999999991;39450;4;46534;6893;6108;7;6115;6897;-785;3;-782;-0,12788225674570727;-0,12851997380484612;0,42857142857142855;-0,033040568799665375;1;4
2016-06-24;5;2016-06-24 05:00:00;26,43;27,13;-0,6999999999999993;39450;350;46534;6524;5557;352;5909;6874;-967;2;-965;-0,16331020477238112;-0,1740147561633975;0,005681818181818182;-0,02648505486189933;1;4
2016-06-24;6;2016-06-24 06:00:00;31,86;35,0;-3,140000000000001;39450;1990;46534;6697;4846;2025;6871;8687;-1851;35;-1816;-0,2642992286421191;-0,38196450680974;0,01728395061728395;-0,09855618330194604;1;4
2016-06-24;7;2016-06-24 07:00:00;37,03;39,01;-1,9799999999999969;39450;5610;46534;5859;3964;5850;9814;11469;-1895;240;-1655;-0,16863664153250457;-0,47805247225025227;0,041025641025641026;-0,05347015933027267;1;4
2016-06-24;8;2016-06-24 08:00:00;38,84;37,52;1,3200000000000005;39450;10126;46534;4402;3094;11050;14144;14528;-1308;924;-384;-0,027149321266968326;-0,4227537168713639;0,08361990950226245;0,033985581874356345;1;4
2016-06-24;9;2016-06-24 09:00:00;34,46;35,62;-1,1599999999999966;39450;15051;46534;3485;2733;16231;18964;18536;-752;1180;428;0,02256907825353301;-0,2751555067691182;0,0727003881461401;-0,033662217063261654;1;4
2016-06-24;10;2016-06-24 10:00:00;31,96;36,39;-4,43;39450;19211;46534;2800;2501;20382;22883;22011;-299;1171;872;0,03810689157890137;-0,11955217912834866;0,05745265430281621;-0,1386107634543179;1;4
2016-06-24;11;2016-06-24 11:00:00;30,01;35,62;-5,609999999999997;39450;21818;46534;2431;2472;23055;25527;24249;41;1237;1278;0,05006463744270772;0,016585760517799353;0,053654304923010196;-0,1869376874375207;1;4
2016-06-24;12;2016-06-24 12:00:00;29,93;35,27;-5,340000000000003;39450;22940;46534;2417;2675;24328;27003;25357;258;1388;1646;0,06095619005295708;0,09644859813084113;0,05705360078921407;-0,17841630471099243;1;4
2016-06-24;13;2016-06-24 13:00:00;28,27;34,0;-5,73;39450;22722;46534;2218;3032;24156;27188;24940;814;1434;2248;0,08268353685449463;0,2684696569920844;0,059364133134624936;-0,20268836222143616;1;4
2016-06-24;14;2016-06-24 14:00:00;28,66;34,5;-5,84;39450;20906;46534;2521;3165;22732;25897;23427;644;1826;2470;0,09537784299339692;0,20347551342812006;0,08032729192327996;-0,20376831821353802;1;4
2016-06-24;15;2016-06-24 15:00:00;28,38;34,79;-6,41;39450;18559;46534;2355;3061;20247;23308;20914;706;1688;2394;0,10271151535953321;0,2306435805292388;0,08337037585815182;-0,2258632840028189;1;4
2016-06-24;16;2016-06-24 16:00:00;29,63;34,89;-5,260000000000002;39450;15648;46534;2541;2952;16693;19645;18189;411;1045;1456;0,07411555103079664;0,13922764227642276;0,06260109027736177;-0,177522780965238;1;4
2016-06-24;17;2016-06-24 17:00:00;31,65;37,05;-5,399999999999999;39450;11654;46534;2860;2737;12083;14820;14514;-123;429;306;0,020647773279352227;-0,04493971501644136;0,03550442770835058;-0,1706161137440758;1;4
2016-06-24;18;2016-06-24 18:00:00;34,98;38,98;-4,0;39450;7171;46534;3393;2523;7197;9720;10564;-870;26;-844;-0,08683127572016461;-0,3448275862068966;0,0036126163679310822;-0,11435105774728417;1;4
2016-06-24;19;2016-06-24 19:00:00;35,53;41,21;-5,68;39450;3217;46534;4010;2364;3334;5698;7227;-1646;117;-1529;-0,26833976833976836;-0,6962774957698815;0,035092981403719255;-0,1598649028989586;1;4
2016-06-24;20;2016-06-24 20:00:00;34,95;36,98;-2,029999999999994;39450;1001;46534;3506;2443;1135;3578;4507;-1063;134;-929;-0,2596422582448295;-0,4351207531723291;0,11806167400881057;-0,05808297567954203;1;4
2016-06-24;21;2016-06-24 21:00:00;33,28;36,33;-3,049999999999997;39450;89;46534;3694;2806;102;2908;3783;-888;13;-875;-0,30089408528198075;-0,3164647184604419;0,12745098039215685;-0,09164663461538453;1;4
2016-06-24;22;2016-06-24 22:00:00;34,12;38,27;-4,150000000000007;39450;0;46534;4052;3124;0;3124;4052;-928;0;-928;-0,2970550576184379;-0,2970550576184379;;-0,1216295427901526;1;4
2016-06-24;23;2016-06-24 23:00:00;32,04;32,52;-0,4800000000000039;39450;0;46534;4011;3224;0;3224;4011;-787;0;-787;-0,24410669975186106;-0,24410669975186106;;-0,014981273408239824;1;4
2016-06-25;0;2016-06-25 00:00:00;30,14;30,73;-0,5899999999999999;39450;0;46536;3477;3606;0;3606;3477;129;0;129;0,03577371048252912;0,03577371048252912;;-0,019575315195753146;1;5
2016-06-25;1;2016-06-25 01:00:00;28,97;30,63;-1,66;39450;0;46536;3292;3355;0;3355;3292;63;0;63;0,018777943368107303;0,018777943368107303;;-0,05730065585088022;1;5
2016-06-25;2;2016-06-25 02:00:00;26,64;27,29;-0,6499999999999986;39450;0;46536;2842;3110;0;3110;2842;268;0;268;0,08617363344051447;0,08617363344051447;;-0,024399399399399346;1;5
2016-06-25;3;2016-06-25 03:00:00;24,28;28,08;-3,799999999999997;39450;0;46536;2780;2995;0;2995;2780;215;0;215;0,07178631051752922;0,07178631051752922;;-0,15650741350906083;1;5
2016-06-25;4;2016-06-25 04:00:00;23,35;27,99;-4,639999999999997;39450;4;46536;3099;2961;4;2965;3103;-138;0;-138;-0,04654300168634064;-0,04660587639311044;0,0;-0,19871520342612406;1;5
2016-06-25;5;2016-06-25 05:00:00;23,0;26,24;-3,2399999999999984;39450;281;46536;3090;2858;284;3142;3371;-232;3;-229;-0,0728835136855506;-0,08117564730580826;0,01056338028169014;-0,14086956521739125;1;5
2016-06-25;6;2016-06-25 06:00:00;24,0;25,62;-1,620000000000001;39450;1514;46536;2889;2578;1497;4075;4403;-311;-17;-328;-0,08049079754601227;-0,12063615205585726;-0,011356045424181697;-0,06750000000000005;1;5
2016-06-25;7;2016-06-25 07:00:00;26,93;28,17;-1,240000000000002;39450;3778;46536;2523;2223;3744;5967;6301;-300;-34;-334;-0,055974526562761855;-0,1349527665317139;-0,009081196581196582;-0,04604530263646498;1;5
2016-06-25;8;2016-06-25 08:00:00;30,25;30,92;-0,6700000000000017;39450;7056;46536;2059;1927;6429;8356;9115;-132;-627;-759;-0,090832934418382;-0,06850025947067981;-0,0975268315445637;-0,022148760330578568;1;5
2016-06-25;9;2016-06-25 09:00:00;32,96;32,09;0,8699999999999974;39450;10295;46536;2023;1878;9111;10989;12318;-145;-1184;-1329;-0,12093912093912094;-0,077209797657082;-0,12995280430249148;0,026395631067961087;1;5
2016-06-25;10;2016-06-25 10:00:00;33,86;30,6;3,259999999999998;39450;12918;46536;1987;1895;11361;13256;14905;-92;-1557;-1649;-0,12439649969824985;-0,04854881266490765;-0,13704779508846052;0,09627879503839333;1;5
2016-06-25;11;2016-06-25 11:00:00;32,95;30,65;2,3000000000000043;39450;15383;46536;2344;2024;12989;15013;17727;-320;-2394;-2714;-0,18077666022780256;-0,15810276679841898;-0,1843098006005081;0,06980273141122925;1;5
2016-06-25;12;2016-06-25 12:00:00;30,06;28,88;1,1799999999999995;39450;16708;46536;2901;2370;14003;16373;19609;-531;-2705;-3236;-0,19764246014780432;-0,2240506329113924;-0,19317289152324502;0,03925482368596139;1;5
2016-06-25;13;2016-06-25 13:00:00;27,81;24,06;3,75;39450;16802;46536;3402;2977;14046;17023;20204;-425;-2756;-3181;-0,18686482993596898;-0,14276116896204233;-0,19621244482414923;0,1348435814455232;1;5
2016-06-25;14;2016-06-25 14:00:00;25,08;22,1;2,979999999999997;39450;15680;46536;4308;3728;13204;16932;19988;-580;-2476;-3056;-0,18048665249232224;-0,1555793991416309;-0,18751893365646774;0,11881977671451344;1;5
2016-06-25;15;2016-06-25 15:00:00;24,43;22,97;1,4600000000000009;39450;12873;46536;6062;4357;11625;15982;18935;-1705;-1248;-2953;-0,1847703666624953;-0,3913243057149415;-0,10735483870967742;0,05976258698321739;1;5
2016-06-25;16;2016-06-25 16:00:00;24,43;23,47;0,9600000000000009;39450;9631;46536;7551;4901;9475;14376;17182;-2650;-156;-2806;-0,19518642181413468;-0,5407059783717608;-0,016464379947229553;0,039295947605403225;1;5
2016-06-25;17;2016-06-25 17:00:00;27,31;23,74;3,5700000000000003;39450;6242;46536;8718;5078;6990;12068;14960;-3640;748;-2892;-0,23964202850513755;-0,7168176447420245;0,10701001430615165;0,13072134749176129;1;5
2016-06-25;18;2016-06-25 18:00:00;29,42;26,0;3,4200000000000017;39450;3406;46536;8671;5050;4589;9639;12077;-3621;1183;-2438;-0,2529308019504098;-0,717029702970297;0,2577903682719547;0,11624745071380019;1;5
2016-06-25;19;2016-06-25 19:00:00;30,53;26,58;3,950000000000003;39450;1707;46536;8218;5003;2474;7477;9925;-3215;767;-2448;-0,3274040390530962;-0,6426144313411953;0,31002425222312047;0,12938093678349175;1;5
2016-06-25;20;2016-06-25 20:00:00;29,8;25,89;3,91;39450;620;46536;8288;4811;832;5643;8908;-3477;212;-3265;-0,5785929470139997;-0,7227187694865932;0,2548076923076923;0,13120805369127517;1;5
2016-06-25;21;2016-06-25 21:00:00;28,81;24,12;4,689999999999999;39450;69;46536;8500;4698;69;4767;8569;-3802;0;-3802;-0,7975666037340046;-0,8092805449127288;0,0;0,16279069767441856;1;5
2016-06-25;22;2016-06-25 22:00:00;29,61;25,67;3,9399999999999977;39450;0;46536;8435;4907;0;4907;8435;-3528;0;-3528;-0,7189728958630528;-0,7189728958630528;;0,13306315433975002;1;5
2016-06-25;23;2016-06-25 23:00:00;27,02;24,26;2,759999999999998;39450;0;46536;9669;5330;0;5330;9669;-4339;0;-4339;-0,8140712945590994;-0,8140712945590994;;0,10214655810510725;1;5
2016-06-26;0;2016-06-26 00:00:00;17,29;20,4;-3,1099999999999994;39450;0;46542;10132;8919;0;8919;10132;-1213;0;-1213;-0,13600179392308553;-0,13600179392308553;;-0,1798727588201272;1;6
2016-06-26;1;2016-06-26 01:00:00;12,78;14,44;-1,66;39450;0;46542;11063;8984;0;8984;11063;-2079;0;-2079;-0,2314113980409617;-0,2314113980409617;;-0,1298904538341158;1;6
2016-06-26;2;2016-06-26 02:00:00;14,25;9,32;4,93;39450;0;46542;10658;8763;0;8763;10658;-1895;0;-1895;-0,21625014264521283;-0,21625014264521283;;0,34596491228070175;1;6
2016-06-26;3;2016-06-26 03:00:00;13,35;6,97;6,38;39450;0;46542;10255;8403;0;8403;10255;-1852;0;-1852;-0,22039747709151494;-0,22039747709151494;;0,4779026217228464;1;6
2016-06-26;4;2016-06-26 04:00:00;13,08;5,6;7,48;39450;2;46542;10067;7949;2;7951;10069;-2118;0;-2118;-0,2663815872217331;-0,26644860988803626;0,0;0,5718654434250765;1;6
2016-06-26;5;2016-06-26 05:00:00;12,43;4,12;8,309999999999999;39450;266;46542;8661;7496;289;7785;8927;-1165;23;-1142;-0,14669235709698136;-0,1554162219850587;0,07958477508650519;0,6685438455349959;1;6
2016-06-26;6;2016-06-26 06:00:00;11,53;5,35;6,18;39450;1586;46542;7674;6986;1697;8683;9260;-688;111;-577;-0,0664516872048831;-0,09848267964500429;0,06540954625810254;0,5359930615784909;1;6
2016-06-26;7;2016-06-26 07:00:00;12,63;7,81;4,820000000000001;39450;4296;46542;6792;6496;4421;10917;11088;-296;125;-171;-0,015663643858202802;-0,04556650246305419;0,02827414612078715;0,381631037212985;1;6
2016-06-26;8;2016-06-26 08:00:00;13,46;12,36;1,1000000000000014;39450;8271;46542;7144;6240;8000;14240;15415;-904;-271;-1175;-0,08251404494382023;-0,14487179487179488;-0,033875;0,08172362555720664;1;6
2016-06-26;9;2016-06-26 09:00:00;13,51;8,9;4,6099999999999985;39450;12239;46542;8051;6264;11691;17955;20290;-1787;-548;-2335;-0,13004734057365636;-0,2852809706257982;-0,046873663501839025;0,34122871946706135;1;6
2016-06-26;10;2016-06-26 10:00:00;9,79;5,83;3,9599999999999986;39450;15651;46542;8768;6390;14680;21070;24419;-2378;-971;-3349;-0,15894636924537256;-0,37214397496087637;-0,06614441416893733;0,4044943820224718;1;6
2016-06-26;11;2016-06-26 11:00:00;12,86;5,52;7,34;39450;17484;46542;8729;6640;16602;23242;26213;-2089;-882;-2971;-0,1278289303846485;-0,31460843373493974;-0,05312612938200217;0,5707620528771384;1;6
2016-06-26;12;2016-06-26 12:00:00;12,08;4,84;7,24;39450;18278;46542;8559;6851;17641;24492;26837;-1708;-637;-2345;-0,09574554956720562;-0,2493066705590425;-0,03610906411201179;0,5993377483443709;1;6
2016-06-26;13;2016-06-26 13:00:00;9,29;5,61;3,679999999999999;39450;18004;46542;7758;6886;17867;24753;25762;-872;-137;-1009;-0,0407627358300004;-0,12663374963694451;-0,007667767392399396;0,3961248654467168;1;6
2016-06-26;14;2016-06-26 14:00:00;8,05;5,36;2,6900000000000004;39450;16886;46542;7609;6771;17083;23854;24495;-838;197;-641;-0,026871803471115955;-0,12376310736966474;0,011531932330386935;0,3341614906832298;1;6
2016-06-26;15;2016-06-26 15:00:00;9,19;11,15;-1,9600000000000009;39450;14500;46542;7406;6447;15321;21768;21906;-959;821;-138;-0,006339581036383682;-0,1487513572204126;0,05358658051041055;-0,2132752992383026;1;6
2016-06-26;16;2016-06-26 16:00:00;11,67;12,41;-0,7400000000000002;39450;12186;46542;6670;6030;12755;18785;18856;-640;569;-71;-0,0037796113920681397;-0,10613598673300166;0,044609956879655036;-0,06341045415595546;1;6
2016-06-26;17;2016-06-26 17:00:00;15,79;18,36;-2,5700000000000003;39450;9532;46542;5910;5492;9579;15071;15442;-418;47;-371;-0,024616813748258245;-0,07611070648215586;0,004906566447437102;-0,16276124129195696;1;6
2016-06-26;18;2016-06-26 18:00:00;23,76;23,86;-0,09999999999999787;39450;6556;46542;5124;4903;6167;11070;11680;-221;-389;-610;-0,05510388437217705;-0,04507444421782582;-0,06307767147721745;-0,0042087542087541185;1;6
2016-06-26;19;2016-06-26 19:00:00;26,79;24,07;2,719999999999999;39450;3423;46542;4533;4448;3202;7650;7956;-85;-221;-306;-0,04;-0,019109712230215826;-0,06901936289818864;0,10153042179917876;1;6
2016-06-26;20;2016-06-26 20:00:00;29,97;27,98;1,9899999999999984;39450;1139;46542;3785;4361;1110;5471;4924;576;-29;547;0,09998172180588558;0,1320797982114194;-0,026126126126126126;0,06639973306639968;1;6
2016-06-26;21;2016-06-26 21:00:00;28,46;29,35;-0,8900000000000006;39450;108;46542;3834;4576;107;4683;3942;742;-1;741;0,15823190262652145;0,16215034965034966;-0,009345794392523364;-0,031271960646521456;1;6
2016-06-26;22;2016-06-26 22:00:00;31,91;32,05;-0,13999999999999702;39450;0;46542;4290;4984;0;4984;4290;694;0;694;0,13924558587479935;0,13924558587479935;;-0,004387339392040019;1;6
2016-06-26;23;2016-06-26 23:00:00;28,12;30,39;-2,27;39450;0;46542;4913;5565;0;5565;4913;652;0;652;0,11716082659478885;0,11716082659478885;;-0,08072546230440968;1;6
2016-06-27;0;2016-06-27 00:00:00;24,1;24,5;-0,3999999999999986;39454;0;46587;5117;4675;0;4675;5117;-442;0;-442;-0,09454545454545454;-0,09454545454545454;;-0,016597510373443924;1;0
2016-06-27;1;2016-06-27 01:00:00;20,99;17,58;3,41;39454;0;46587;5266;5118;0;5118;5266;-148;0;-148;-0,028917545916373584;-0,028917545916373584;;0,16245831348261078;1;0
2016-06-27;2;2016-06-27 02:00:00;19,04;18,94;0,09999999999999787;39454;0;46587;5562;5508;0;5508;5562;-54;0;-54;-0,00980392156862745;-0,00980392156862745;;0,005252100840336023;1;0
2016-06-27;3;2016-06-27 03:00:00;16,29;17,06;-0,7699999999999996;39454;0;46587;6422;5782;0;5782;6422;-640;0;-640;-0,11068834313386372;-0,11068834313386372;;-0,047268262737875974;1;0
2016-06-27;4;2016-06-27 04:00:00;16,12;16,16;-0,03999999999999915;39454;3;46587;6733;5983;6;5989;6736;-750;3;-747;-0,12472866922691601;-0,12535517299013874;0,5;-0,002481389578163719;1;0
2016-06-27;5;2016-06-27 05:00:00;19,02;15,47;3,549999999999999;39454;268;46587;6836;6039;311;6350;7104;-797;43;-754;-0,11874015748031497;-0,13197549263123035;0,1382636655948553;0,18664563617245;1;0
2016-06-27;6;2016-06-27 06:00:00;27,75;23,91;3,84;39454;1720;46587;6469;6016;1795;7811;8189;-453;75;-378;-0,0483932915119703;-0,07529920212765957;0,04178272980501393;0,13837837837837838;1;0
2016-06-27;7;2016-06-27 07:00:00;33,07;35,83;-2,759999999999998;39454;4950;46587;5622;6150;4920;11070;10572;528;-30;498;0,044986449864498644;0,08585365853658537;-0,006097560975609756;-0,0834593286967039;1;0
2016-06-27;8;2016-06-27 08:00:00;34,26;38,09;-3,830000000000005;39454;9347;46587;5554;6642;9151;15793;14901;1088;-196;892;0,05648071930602166;0,16380608250526948;-0,021418424215932683;-0,11179217746643332;1;0
2016-06-27;9;2016-06-27 09:00:00;31,02;32,1;-1,0800000000000018;39454;13766;46587;7029;7475;13156;20631;20795;446;-610;-164;-0,007949202656196985;0,059665551839464884;-0,04636667680145941;-0,03481624758220509;1;0
2016-06-27;10;2016-06-27 10:00:00;26,57;27,67;-1,1000000000000014;39454;16870;46587;8566;8495;15971;24466;25436;-71;-899;-970;-0,03964685686258481;-0,008357857563272513;-0,05628952476363409;-0,041400075272864184;1;0
2016-06-27;11;2016-06-27 11:00:00;26,29;25,16;1,129999999999999;39454;18508;46587;9529;9303;17384;26687;28037;-226;-1124;-1350;-0,05058642784876532;-0,024293238740191337;-0,06465715600552233;0,042982122480030395;1;0
2016-06-27;12;2016-06-27 12:00:00;24,82;23,02;1,8000000000000007;39454;19469;46587;10300;9819;17702;27521;29769;-481;-1767;-2248;-0,08168307837651248;-0,04898665851919747;-0,09981922946559711;0,07252215954875103;1;0
2016-06-27;13;2016-06-27 13:00:00;25,38;22,71;2,6699999999999977;39454;18832;46587;10719;10186;17228;27414;29551;-533;-1604;-2137;-0,07795287079594368;-0,05232672295307284;-0,09310424889714418;0,10520094562647746;1;0
2016-06-27;14;2016-06-27 14:00:00;24,87;22,07;2,8000000000000007;39454;17152;46587;10898;10187;15879;26066;28050;-711;-1273;-1984;-0,07611447863116703;-0,0697948365563954;-0,08016877637130802;0,11258544431041417;1;0
2016-06-27;15;2016-06-27 15:00:00;25,95;22,98;2,969999999999999;39454;15202;46587;10557;9839;13797;23636;25759;-718;-1405;-2123;-0,08982061262480961;-0,07297489582274622;-0,10183373197071827;0,11445086705202308;1;0
2016-06-27;16;2016-06-27 16:00:00;25,92;23,95;1,9700000000000024;39454;12753;46587;10091;9163;11296;20459;22844;-928;-1457;-2385;-0,11657461263991398;-0,10127687438611808;-0,12898371104815864;0,07600308641975317;1;0
2016-06-27;17;2016-06-27 17:00:00;28,08;25,4;2,68;39454;9728;46587;9334;8413;8351;16764;19062;-921;-1377;-2298;-0,13707945597709378;-0,10947343397123499;-0,16489043228355885;0,09544159544159546;1;0
2016-06-27;18;2016-06-27 18:00:00;34,98;30,16;4,819999999999997;39454;6274;46587;7809;7476;5297;12773;14083;-333;-977;-1310;-0,10256008768496046;-0,044542536115569825;-0,18444402491976591;0,13779302458547735;1;0
2016-06-27;19;2016-06-27 19:00:00;39,05;32,4;6,649999999999999;39454;2998;46587;6177;6540;2589;9129;9175;363;-409;-46;-0,00503888706320517;0,055504587155963306;-0,15797605252993432;0,17029449423815618;1;0
2016-06-27;20;2016-06-27 20:00:00;38,31;31,46;6,850000000000001;39454;914;46587;4830;5659;918;6577;5744;829;4;833;0,12665348943287214;0,14649231312952818;0,004357298474945534;0,17880448968937618;1;0
2016-06-27;21;2016-06-27 21:00:00;36,52;30,32;6,200000000000002;39454;81;46587;4258;5035;81;5116;4339;777;0;777;0,15187646598905394;0,15431976166832176;0,0;0,16976998904709753;1;0
2016-06-27;22;2016-06-27 22:00:00;36,4;30,99;5,41;39454;0;46587;4574;4693;0;4693;4574;119;0;119;0,025356914553590452;0,025356914553590452;;0,14862637362637363;1;0
2016-06-27;23;2016-06-27 23:00:00;31,69;25,75;5,940000000000001;39454;0;46587;5155;4600;0;4600;5155;-555;0;-555;-0,12065217391304348;-0,12065217391304348;;0,18744083307036924;1;0
2016-06-28;0;2016-06-28 00:00:00;26,84;26,34;0,5;39458;0;46604;5382;4938;0;4938;5382;-444;0;-444;-0,0899149453219927;-0,0899149453219927;;0,018628912071535022;1;1
2016-06-28;1;2016-06-28 01:00:00;24,4;24,77;-0,37000000000000105;39458;0;46604;5522;4909;0;4909;5522;-613;0;-613;-0,12487268282745977;-0,12487268282745977;;-0,015163934426229552;1;1
2016-06-28;2;2016-06-28 02:00:00;24,09;23,35;0,7399999999999984;39458;0;46604;5505;4955;0;4955;5505;-550;0;-550;-0,11099899091826437;-0,11099899091826437;;0,030718140307181337;1;1
2016-06-28;3;2016-06-28 03:00:00;23,13;21,36;1,7699999999999996;39458;0;46604;5087;4665;0;4665;5087;-422;0;-422;-0,09046087888531619;-0,09046087888531619;;0,07652399481193253;1;1
2016-06-28;4;2016-06-28 04:00:00;22,76;21,41;1,3500000000000014;39458;2;46604;4638;4199;2;4201;4640;-439;0;-439;-0,10449892882646988;-0,10454870207192189;0,0;0,05931458699472765;1;1
2016-06-28;5;2016-06-28 05:00:00;24,19;23,3;0,8900000000000006;39458;260;46604;3997;3655;246;3901;4257;-342;-14;-356;-0,09125865162778775;-0,09357045143638851;-0,056910569105691054;0,03679206283588262;1;1
2016-06-28;6;2016-06-28 06:00:00;30,0;32,04;-2,039999999999999;39458;1666;46604;3674;3010;1567;4577;5340;-664;-99;-763;-0,16670308062049377;-0,22059800664451829;-0,0631780472239949;-0,06799999999999998;1;1
2016-06-28;7;2016-06-28 07:00:00;40,08;42,76;-2,68;39458;4378;46604;2944;2337;4031;6368;7322;-607;-347;-954;-0,14981155778894473;-0,259734702610184;-0,08608285785164971;-0,06686626746506986;1;1
2016-06-28;8;2016-06-28 08:00:00;41,91;42,04;-0,13000000000000256;39458;8024;46604;2991;1953;7269;9222;11015;-1038;-755;-1793;-0,19442637171980048;-0,5314900153609831;-0,10386573118723345;-0,0031018849916488326;1;1
2016-06-28;9;2016-06-28 09:00:00;41,98;38,02;3,9599999999999937;39458;12258;46604;3237;1829;10876;12705;15495;-1408;-1382;-2790;-0,21959858323494688;-0,7698195735374521;-0,12706877528503127;0,09433063363506418;1;1
2016-06-28;10;2016-06-28 10:00:00;38,94;37,08;1,8599999999999997;39458;15964;46604;3493;1760;14026;15786;19457;-1733;-1938;-3671;-0,23254782718864817;-0,9846590909090909;-0,13817196634821047;0,047765793528505386;1;1
2016-06-28;11;2016-06-28 11:00:00;37,88;36,35;1,5300000000000011;39458;18658;46604;3760;1748;16399;18147;22418;-2012;-2259;-4271;-0,2353557061773296;-1,1510297482837528;-0,13775230196963228;0,04039070749736011;1;1
2016-06-28;12;2016-06-28 12:00:00;35,36;33,35;2,009999999999998;39458;20440;46604;3525;1752;17741;19493;23965;-1773;-2699;-4472;-0,2294156876827579;-1,0119863013698631;-0,15213347612874134;0,056843891402714876;1;1
2016-06-28;13;2016-06-28 13:00:00;34,08;31,28;2,799999999999997;39458;20119;46604;3090;1745;18073;19818;23209;-1345;-2046;-3391;-0,17110707437682915;-0,7707736389684814;-0,11320754716981132;0,08215962441314546;1;1
2016-06-28;14;2016-06-28 14:00:00;32,62;31,35;1,2699999999999958;39458;19192;46604;2786;1696;17358;19054;21978;-1090;-1834;-2924;-0,1534585913718904;-0,6426886792452831;-0,10565733379421592;0,038933169834457264;1;1
2016-06-28;15;2016-06-28 15:00:00;31,37;31,73;-0,35999999999999943;39458;17665;46604;2388;1604;15630;17234;20053;-784;-2035;-2819;-0,16357200881977485;-0,48877805486284287;-0,13019833653230967;-0,011475932419509066;1;1
2016-06-28;16;2016-06-28 16:00:00;30,89;28,14;2,75;39458;15017;46604;2150;1417;13098;14515;17167;-733;-1919;-2652;-0,18270754392008268;-0,5172900494001411;-0,14651091769735838;0,08902557461961799;1;1
2016-06-28;17;2016-06-28 17:00:00;36,04;32,23;3,8100000000000014;39458;11554;46604;2052;1242;9910;11152;13606;-810;-1644;-2454;-0,22005021520803444;-0,6521739130434783;-0,16589303733602423;0,10571587125416208;1;1
2016-06-28;18;2016-06-28 18:00:00;39,85;35,24;4,6099999999999985;39458;7393;46604;1917;1113;6368;7481;9310;-804;-1025;-1829;-0,24448603127924073;-0,7223719676549866;-0,1609610552763819;0,11568381430363861;1;1
2016-06-28;19;2016-06-28 19:00:00;41,74;35,63;6,1099999999999985;39458;3616;46604;2030;1094;3270;4364;5646;-936;-346;-1282;-0,2937671860678277;-0,8555758683729433;-0,10581039755351682;0,14638236703402008;1;1
2016-06-28;20;2016-06-28 20:00:00;38,99;33,58;5,410000000000004;39458;1158;46604;2490;1389;1121;2510;3648;-1101;-37;-1138;-0,45338645418326695;-0,7926565874730022;-0,03300624442462088;0,1387535265452681;1;1
2016-06-28;21;2016-06-28 21:00:00;34,56;31,64;2,9200000000000017;39458;93;46604;3747;2248;98;2346;3840;-1499;5;-1494;-0,6368286445012787;-0,666814946619217;0,05102040816326531;0,08449074074074078;1;1
2016-06-28;22;2016-06-28 22:00:00;33,84;30,98;2,860000000000003;39458;0;46604;5422;3479;0;3479;5422;-1943;0;-1943;-0,5584938200632366;-0,5584938200632366;;0,08451536643026013;1;1
2016-06-28;23;2016-06-28 23:00:00;28,34;24,99;3,3500000000000014;39458;0;46604;7172;5041;0;5041;7172;-2131;0;-2131;-0,4227335846062289;-0,4227335846062289;;0,11820748059280174;1;1
2016-06-29;0;2016-06-29 00:00:00;24,03;19,09;4,940000000000001;39467;0;46686;8410;7062;0;7062;8410;-1348;0;-1348;-0,19088077032002265;-0,19088077032002265;;0,20557636287973372;1;2
2016-06-29;1;2016-06-29 01:00:00;22,14;16,68;5,460000000000001;39467;0;46686;9270;7993;0;7993;9270;-1277;0;-1277;-0,15976479419492057;-0,15976479419492057;;0,24661246612466128;1;2
2016-06-29;2;2016-06-29 02:00:00;20,64;13,31;7,33;39467;0;46686;9414;8676;0;8676;9414;-738;0;-738;-0,08506224066390042;-0,08506224066390042;;0,3551356589147287;1;2
2016-06-29;3;2016-06-29 03:00:00;19,91;9,0;10,91;39467;0;46686;9029;9191;0;9191;9029;162;0;162;0,017625938418017625;0,017625938418017625;;0,5479658463083877;1;2
2016-06-29;4;2016-06-29 04:00:00;19,17;7,01;12,160000000000002;39467;2;46686;9238;9529;1;9530;9240;291;-1;290;0,030430220356768102;0,030538356595655368;-1,0;0,6343244653103809;1;2
2016-06-29;5;2016-06-29 05:00:00;19,99;15,58;4,409999999999998;39467;183;46686;9646;9583;212;9795;9829;-63;29;-34;-0,0034711587544665645;-0,006574141709276844;0,13679245283018868;0,22061030515257624;1;2
2016-06-29;6;2016-06-29 06:00:00;24,58;27,42;-2,8400000000000034;39467;1340;46686;9320;9384;1506;10890;10660;64;166;230;0,021120293847566574;0,0068201193520886615;0,1102257636122178;-0,11554109031733131;1;2
2016-06-29;7;2016-06-29 07:00:00;32,91;35,05;-2,140000000000001;39467;3720;46686;8942;9264;4024;13288;12662;322;304;626;0,047110174593618305;0,03475820379965458;0,07554671968190854;-0,0650258280158007;1;2
2016-06-29;8;2016-06-29 08:00:00;34,94;37,88;-2,940000000000005;39467;7748;46686;9684;9384;7473;16857;17432;-300;-275;-575;-0,034110458563208164;-0,0319693094629156;-0,036799143583567506;-0,08414424728105338;1;2
2016-06-29;9;2016-06-29 09:00:00;31,82;32,49;-0,6700000000000017;39467;12264;46686;11556;10043;11343;21386;23820;-1513;-921;-2434;-0,11381277471242869;-0,1506521955590959;-0,08119545093890505;-0,021055939660590876;1;2
2016-06-29;10;2016-06-29 10:00:00;26,05;25,62;0,4299999999999997;39467;15337;46686;13277;10865;14970;25835;28614;-2412;-367;-2779;-0,1075672537255661;-0,22199723884031294;-0,02451569806279225;0,016506717850287896;1;2
2016-06-29;11;2016-06-29 11:00:00;24,71;24,54;0,1700000000000017;39467;17414;46686;14440;11447;17456;28903;31854;-2993;42;-2951;-0,10210012801439297;-0,26146588625840833;0,0024060494958753438;0,00687980574666134;1;2
2016-06-29;12;2016-06-29 12:00:00;23,92;24,08;-0,1599999999999966;39467;19723;46686;15306;11638;18831;30469;35029;-3668;-892;-4560;-0,14966031047950376;-0,3151744285959787;-0,04736870054697042;-0,006688963210702198;1;2
2016-06-29;13;2016-06-29 13:00:00;23,6;22,51;1,09;39467;20642;46686;15294;11637;19421;31058;35936;-3657;-1221;-4878;-0,157060982677571;-0,31425625161124;-0,0628700890788322;0,0461864406779661;1;2
2016-06-29;14;2016-06-29 14:00:00;23,4;21,58;1,8200000000000005;39467;20648;46686;14542;11265;19063;30328;35190;-3277;-1585;-4862;-0,16031390134529147;-0,2909010208610741;-0,08314536012170172;0,0777777777777778;1;2
2016-06-29;15;2016-06-29 15:00:00;23,96;23,76;0,1999999999999993;39467;19637;46686;14184;10539;17568;28107;33821;-3645;-2069;-5714;-0,2032945529583378;-0,34585824081981215;-0,11777094717668488;0,008347245409014995;1;2
2016-06-29;16;2016-06-29 16:00:00;23,71;22,9;0,8100000000000023;39467;16724;46686;12992;9614;15053;24667;29716;-3378;-1671;-5049;-0,20468642315644384;-0,3513625962138548;-0,11100777253703581;0,034162800506115656;1;2
2016-06-29;17;2016-06-29 17:00:00;26,54;24,09;2,4499999999999997;39467;12754;46686;11555;8350;11499;19849;24309;-3205;-1255;-4460;-0,22469645825986195;-0,3838323353293413;-0,1091399252108879;0,09231348907309721;1;2
2016-06-29;18;2016-06-29 18:00:00;33,46;30,67;2,7899999999999987;39467;8251;46686;9318;6663;7256;13919;17569;-2655;-995;-3650;-0,26223148214670594;-0,3984691580369203;-0,1371278941565601;0,08338314405260008;1;2
2016-06-29;19;2016-06-29 19:00:00;38,99;35,0;3,990000000000002;39467;3968;46686;6676;4954;3552;8506;10644;-1722;-416;-2138;-0,2513519868328239;-0,3475979006863141;-0,11711711711711711;0,10233393177737886;1;2
2016-06-29;20;2016-06-29 20:00:00;37,49;33,1;4,3900000000000015;39467;1193;46686;4634;3894;1226;5120;5827;-740;33;-707;-0,1380859375;-0,19003595274781715;0,026916802610114192;0,11709789277140574;1;2
2016-06-29;21;2016-06-29 21:00:00;34,98;32,78;2,199999999999996;39467;87;46686;3986;3620;110;3730;4073;-366;23;-343;-0,09195710455764075;-0,1011049723756906;0,20909090909090908;0,06289308176100619;1;2
2016-06-29;22;2016-06-29 22:00:00;34,94;33,38;1,5599999999999952;39467;0;46686;4541;3821;0;3821;4541;-720;0;-720;-0,1884323475529966;-0,1884323475529966;;0,04464796794504852;1;2
2016-06-29;23;2016-06-29 23:00:00;29,96;27,66;2,3000000000000007;39467;0;46686;5098;4445;0;4445;5098;-653;0;-653;-0,1469066366704162;-0,1469066366704162;;0,07676902536715623;1;2
2016-06-30;0;2016-06-30 00:00:00;25,16;25,05;0,10999999999999943;39479;0;46776;5565;6098;0;6098;5565;533;0;533;0,08740570678911118;0,08740570678911118;;0,004372019077901408;1;3
2016-06-30;1;2016-06-30 01:00:00;23,34;23,37;-0,030000000000001137;39479;0;46776;5634;6816;0;6816;5634;1182;0;1182;0,17341549295774647;0,17341549295774647;;-0,0012853470437018482;1;3
2016-06-30;2;2016-06-30 02:00:00;22,08;22,69;-0,6100000000000029;39479;0;46776;6143;7507;0;7507;6143;1364;0;1364;0,18169708272279206;0,18169708272279206;;-0,02762681159420303;1;3
2016-06-30;3;2016-06-30 03:00:00;20,11;22,0;-1,8900000000000008;39479;0;46776;6946;7972;0;7972;6946;1026;0;1026;0,12870045158053187;0,12870045158053187;;-0,09398309298856294;1;3
2016-06-30;4;2016-06-30 04:00:00;19,82;20,98;-1,16;39479;2;46776;7513;8362;2;8364;7515;849;0;849;0,101506456241033;0,1015307342740971;0,0;-0,05852674066599394;1;3
2016-06-30;5;2016-06-30 05:00:00;21,58;21,11;0,4699999999999989;39479;222;46776;8043;8518;212;8730;8265;475;-10;465;0,05326460481099656;0,055764263911716364;-0,04716981132075472;0,021779425393883178;1;3
2016-06-30;6;2016-06-30 06:00:00;26,61;25,96;0,6499999999999986;39479;1215;46776;8444;8425;1283;9708;9659;-19;68;49;0,0050473836011536875;-0,002255192878338279;0,05300077942322681;0,02442690717775267;1;3
2016-06-30;7;2016-06-30 07:00:00;34,94;33,04;1,8999999999999984;39479;2815;46776;7588;8254;3131;11385;10403;666;316;982;0,0862538427755819;0,08068815119941847;0,10092622165442351;0,05437893531768742;1;3
2016-06-30;8;2016-06-30 08:00:00;39,86;38,8;1,0600000000000025;39479;4436;46776;6479;8112;5195;13307;10915;1633;759;2392;0,1797550161569099;0,2013067061143984;0,14610202117420595;0,026593075765178185;1;3
2016-06-30;9;2016-06-30 09:00:00;38,24;52,34;-14,1;39479;6444;46776;6235;8080;7385;15465;12679;1845;941;2786;0,18014872292272874;0,22834158415841585;0,12742044685172646;-0,3687238493723849;1;3
2016-06-30;10;2016-06-30 10:00:00;38,49;54,19;-15,699999999999996;39479;9517;46776;6811;8198;9671;17869;16328;1387;154;1541;0,0862387374783144;0,1691876067333496;0,01592389618446903;-0,40789815536502977;1;3
2016-06-30;11;2016-06-30 11:00:00;36,0;44,06;-8,060000000000002;39479;12713;46776;7984;8556;11842;20398;20697;572;-871;-299;-0,014658299833316991;0,06685366993922394;-0,07355176490457693;-0,22388888888888894;1;3
2016-06-30;12;2016-06-30 12:00:00;30,69;36,01;-5,319999999999997;39479;13994;46776;8686;9020;13541;22561;22680;334;-453;-119;-0,005274588892336333;0,03702882483370288;-0,03345395465622923;-0,17334636689475388;1;3
2016-06-30;13;2016-06-30 13:00:00;27,63;32,13;-4,500000000000004;39479;14008;46776;8679;9473;14285;23758;22687;794;277;1071;0,04507955215085445;0,08381716457299694;0,019390969548477424;-0,1628664495114008;1;3
2016-06-30;14;2016-06-30 14:00:00;25,8;31,17;-5,370000000000001;39479;13874;46776;8275;9440;14096;23536;22149;1165;222;1387;0,058930999320190344;0,12341101694915255;0,015749148694665153;-0,20813953488372097;1;3
2016-06-30;15;2016-06-30 15:00:00;26,17;33,07;-6,899999999999999;39479;13491;46776;7489;8859;12983;21842;20980;1370;-508;862;0,039465250434941854;0,15464499379162433;-0,039128090579989214;-0,2636606801681314;1;3
2016-06-30;16;2016-06-30 16:00:00;26,28;34,26;-7,979999999999998;39479;11645;46776;6302;8112;10884;18996;17947;1810;-761;1049;0,05522215203200674;0,22312623274161736;-0,0699191473722896;-0,3036529680365296;1;3
2016-06-30;17;2016-06-30 17:00:00;29,77;37,81;-8,040000000000003;39479;9033;46776;5209;7302;8285;15587;14242;2093;-748;1345;0,08628985693205876;0,2866337989591893;-0,09028364514182258;-0,270070540812899;1;3
2016-06-30;18;2016-06-30 18:00:00;34,23;41,78;-7,550000000000003;39479;5926;46776;4309;6326;5402;11728;10235;2017;-524;1493;0,12730218281036834;0,31884287069238065;-0,09700111069974084;-0,2205667543090857;1;3
2016-06-30;19;2016-06-30 19:00:00;38,28;46,36;-8,079999999999998;39479;2996;46776;3307;5437;2778;8215;6303;2130;-218;1912;0,23274497869750457;0,39176016185396356;-0,07847372210223182;-0,21107628004179724;1;3
2016-06-30;20;2016-06-30 20:00:00;34,91;42,9;-7,990000000000002;39479;964;46776;2898;4999;898;5897;3862;2101;-66;2035;0,3450907240969985;0,42028405681136227;-0,07349665924276169;-0,22887424806645668;1;3
2016-06-30;21;2016-06-30 21:00:00;31,11;37,67;-6,560000000000002;39479;83;46776;2958;4873;72;4945;3041;1915;-11;1904;0,3850353892821031;0,39298173609686027;-0,1527777777777778;-0,21086467373834789;1;3
2016-06-30;22;2016-06-30 22:00:00;32,38;37,52;-5,1400000000000015;39479;0;46776;3808;5026;0;5026;3808;1218;0;1218;0,24233983286908078;0,24233983286908078;;-0,1587399629400865;1;3
2016-06-30;23;2016-06-30 23:00:00;27,72;32,69;-4,969999999999999;39479;0;46776;4919;5362;0;5362;4919;443;0;443;0,08261842596046251;0,08261842596046251;;-0,17929292929292925;1;3
2016-07-01;0;2016-07-01 00:00:00;29,36;30,6;-1,240000000000002;39484;0;46779;5920;5538;0;5538;5920;-382;0;-382;-0,06897797038642109;-0,06897797038642109;;-0,04223433242506819;2;4
2016-07-01;1;2016-07-01 01:00:00;24,69;26,66;-1,9699999999999989;39484;0;46779;6709;6325;0;6325;6709;-384;0;-384;-0,06071146245059288;-0,06071146245059288;;-0,07978938841636285;2;4
2016-07-01;2;2016-07-01 02:00:00;23,42;24,64;-1,2199999999999989;39484;0;46779;7328;7065;0;7065;7328;-263;0;-263;-0,03722576079263978;-0,03722576079263978;;-0,05209222886421856;2;4
2016-07-01;3;2016-07-01 03:00:00;21,91;24,69;-2,780000000000001;39484;0;46779;8343;7731;0;7731;8343;-612;0;-612;-0,07916181606519208;-0,07916181606519208;;-0,12688270196257423;2;4
2016-07-01;4;2016-07-01 04:00:00;20,19;24,06;-3,869999999999997;39484;2;46779;9724;8459;4;8463;9726;-1265;2;-1263;-0,14923785891527827;-0,14954486345903772;0,5;-0,19167904903417518;2;4
2016-07-01;5;2016-07-01 05:00:00;22,44;23,81;-1,3699999999999974;39484;280;46779;11197;9091;274;9365;11477;-2106;-6;-2112;-0,22552055525894288;-0,23165768342316576;-0,021897810218978103;-0,06105169340463446;2;4
2016-07-01;6;2016-07-01 06:00:00;26,84;30,13;-3,2899999999999987;39484;1776;46779;11860;9514;1750;11264;13636;-2346;-26;-2372;-0,21058238636363635;-0,246583981500946;-0,014857142857142857;-0,1225782414307004;2;4
2016-07-01;7;2016-07-01 07:00:00;33,58;35,61;-2,0300000000000007;39484;4822;46779;11548;9914;4626;14540;16370;-1634;-196;-1830;-0,12585969738651995;-0,1648174298971152;-0,04236921746649373;-0,06045265038713522;2;4
2016-07-01;8;2016-07-01 08:00:00;35,78;40,78;-5,0;39484;8921;46779;11663;10749;8349;19098;20584;-914;-572;-1486;-0,0778091946800712;-0,08503116568983161;-0,06851119894598155;-0,13974287311347122;2;4
2016-07-01;9;2016-07-01 09:00:00;29,8;32,25;-2,4499999999999997;39484;12914;46779;12706;12134;12191;24325;25620;-572;-723;-1295;-0,053237410071942444;-0,0471402670182957;-0,05930604544335986;-0,08221476510067113;2;4
2016-07-01;10;2016-07-01 10:00:00;24,0;26,28;-2,2800000000000007;39484;15993;46779;13786;13412;15112;28524;29779;-374;-881;-1255;-0,043998036740990044;-0,02788547569340889;-0,058298041291688724;-0,09500000000000003;2;4
2016-07-01;11;2016-07-01 11:00:00;23,26;24,88;-1,6199999999999974;39484;17254;46779;13926;14284;16913;31197;31180;358;-341;17;0,000544924191428663;0,02506300756090731;-0,020162005557854905;-0,0696474634565777;2;4
2016-07-01;12;2016-07-01 12:00:00;22,56;26,76;-4,200000000000003;39484;17090;46779;13954;14487;17816;32303;31044;533;726;1259;0,03897470823143361;0,03679160626768827;0,040749887741356086;-0,18617021276595758;2;4
2016-07-01;13;2016-07-01 13:00:00;22,09;27,7;-5,6099999999999985;39484;17215;46779;13072;14305;17978;32283;30287;1233;763;1996;0,061828206796146576;0,08619363858790632;0,042440760930025585;-0,25396106835672244;2;4
2016-07-01;14;2016-07-01 14:00:00;22,09;27,17;-5,080000000000002;39484;17188;46779;11862;13765;17283;31048;29050;1903;95;1998;0,06435197114145838;0,13824918270977116;0,005496730891627611;-0,2299683114531463;2;4
2016-07-01;15;2016-07-01 15:00:00;24,22;26,05;-1,8300000000000016;39484;16384;46779;11170;12868;15667;28535;27554;1698;-717;981;0,034378833012090416;0,1319552377991918;-0,04576498372375056;-0,07555739058629239;2;4
2016-07-01;16;2016-07-01 16:00:00;27,0;26,27;0,7300000000000004;39484;14304;46779;10317;11576;13306;24882;24621;1259;-998;261;0,01048951048951049;0,10875950241879752;-0,07500375770329175;0,027037037037037054;2;4
2016-07-01;17;2016-07-01 17:00:00;28,75;29,13;-0,37999999999999895;39484;11121;46779;9205;10075;10121;20196;20326;870;-1000;-130;-0,0064369182016240836;0,08635235732009926;-0,09880446596186147;-0,01321739130434779;2;4
2016-07-01;18;2016-07-01 18:00:00;32,43;31,92;0,509999999999998;39484;7246;46779;8418;8497;6475;14972;15664;79;-771;-692;-0,04621960993855197;0,009297399082028951;-0,11907335907335907;0,015726179463459698;2;4
2016-07-01;19;2016-07-01 19:00:00;33,95;32,41;1,5400000000000065;39484;3556;46779;7212;7150;3256;10406;10768;-62;-300;-362;-0,03478762252546608;-0,008671328671328672;-0,09213759213759214;0,04536082474226823;2;4
2016-07-01;20;2016-07-01 20:00:00;32,67;28,04;4,630000000000003;39484;1108;46779;6627;6556;1100;7656;7735;-71;-8;-79;-0,010318704284221526;-0,010829774252593044;-0,007272727272727273;0,14172023262932362;2;4
2016-07-01;21;2016-07-01 21:00:00;30,07;25,82;4,25;39484;76;46779;6931;6705;84;6789;7007;-226;8;-218;-0,032110767417881866;-0,0337061894108874;0,09523809523809523;0,14133688061190555;2;4
2016-07-01;22;2016-07-01 22:00:00;31,91;27,22;4,690000000000001;39484;0;46779;8514;7166;0;7166;8514;-1348;0;-1348;-0,18811052190901478;-0,18811052190901478;;0,14697586963334383;2;4
2016-07-01;23;2016-07-01 23:00:00;27,59;23,33;4,260000000000002;39484;0;46779;9950;7769;0;7769;9950;-2181;0;-2181;-0,280731110825074;-0,280731110825074;;0,15440376948169632;2;4
2016-07-02;0;2016-07-02 00:00:00;22,03;24,92;-2,890000000000001;39485;0;46779;11192;10332;0;10332;11192;-860;0;-860;-0,0832365466511808;-0,0832365466511808;;-0,13118474807081257;2;5
2016-07-02;1;2016-07-02 01:00:00;20,38;22,84;-2,460000000000001;39485;0;46779;12481;11575;0;11575;12481;-906;0;-906;-0,07827213822894169;-0,07827213822894169;;-0,12070657507360162;2;5
2016-07-02;2;2016-07-02 02:00:00;19,4;18,32;1,0799999999999983;39485;0;46779;12865;12405;0;12405;12865;-460;0;-460;-0,037081821846029824;-0,037081821846029824;;0,05567010309278342;2;5
2016-07-02;3;2016-07-02 03:00:00;17,09;14,03;3,0600000000000005;39485;0;46779;12621;12752;0;12752;12621;131;0;131;0,010272898368883312;0,010272898368883312;;0,179052077238151;2;5
2016-07-02;4;2016-07-02 04:00:00;16,79;13,43;3,3599999999999994;39485;2;46779;12467;12963;2;12965;12469;496;0;496;0,03825684535287312;0,03826274782072051;0,0;0,2001191185229303;2;5
2016-07-02;5;2016-07-02 05:00:00;16,58;16,33;0,25;39485;208;46779;12828;12896;215;13111;13036;68;7;75;0,005720387460910686;0,005272952853598015;0,03255813953488372;0,015078407720144755;2;5
2016-07-02;6;2016-07-02 06:00:00;17,99;15,48;2,509999999999998;39485;1361;46779;12932;12384;1341;13725;14293;-548;-20;-568;-0,04138433515482696;-0,04425064599483204;-0,014914243102162566;0,1395219566425791;2;5
2016-07-02;7;2016-07-02 07:00:00;20,05;15,99;4,0600000000000005;39485;3195;46779;11329;11821;3478;15299;14524;492;283;775;0,05065690568010981;0,041620844260214875;0,08136860264519839;0,20249376558603494;2;5
2016-07-02;8;2016-07-02 08:00:00;21,41;20,59;0,8200000000000003;39485;5251;46779;10936;11664;6016;17680;16187;728;765;1493;0,08444570135746607;0,062414266117969824;0,12716090425531915;0,03829985987856143;2;5
2016-07-02;9;2016-07-02 09:00:00;23,71;29,5;-5,789999999999999;39485;7354;46779;11603;11993;8484;20477;18957;390;1130;1520;0,07422962348000195;0,032518969398815975;0,1331918906176332;-0,24420075917334452;2;5
2016-07-02;10;2016-07-02 10:00:00;22,04;26,77;-4,73;39485;9060;46779;11998;12387;10419;22806;21058;389;1359;1748;0,0766464965359993;0,03140389117623315;0,13043478260869565;-0,21460980036297644;2;5
2016-07-02;11;2016-07-02 11:00:00;22,03;29,38;-7,349999999999998;39485;10146;46779;12652;12391;11789;24180;22798;-261;1643;1382;0,05715467328370554;-0,02106367524816399;0,13936720671812708;-0,3336359509759418;2;5
2016-07-02;12;2016-07-02 12:00:00;21,87;28,43;-6,559999999999999;39485;10881;46779;12461;11976;12461;24437;23342;-485;1580;1095;0,044809100953472195;-0,040497661990647964;0,12679560227911083;-0,2999542752629172;2;5
2016-07-02;13;2016-07-02 13:00:00;20,86;25,46;-4,600000000000001;39485;10519;46779;12435;11603;12454;24057;22954;-832;1935;1103;0,045849440911169305;-0,07170559338102216;0,15537176810663242;-0,22051773729626087;2;5
2016-07-02;14;2016-07-02 14:00:00;19,4;22,84;-3,4400000000000013;39485;10641;46779;12436;11356;12015;23371;23077;-1080;1374;294;0,012579692781652475;-0,09510390982740402;0,11435705368289638;-0,17731958762886607;2;5
2016-07-02;15;2016-07-02 15:00:00;18,52;22,6;-4,080000000000002;39485;10160;46779;11884;11150;11004;22154;22044;-734;844;110;0,004965243296921549;-0,06582959641255605;0,07669938204289349;-0,2203023758099353;2;5
2016-07-02;16;2016-07-02 16:00:00;17,95;21,55;-3,6000000000000014;39485;9088;46779;11201;10994;9729;20723;20289;-207;641;434;0,02094291367080056;-0,01882845188284519;0,06588549696782814;-0,20055710306406693;2;5
2016-07-02;17;2016-07-02 17:00:00;19,96;25,02;-5,059999999999999;39485;7576;46779;10357;10539;7936;18475;17933;182;360;542;0,029336941813261165;0,017269190625296516;0,04536290322580645;-0,25350701402805603;2;5
2016-07-02;18;2016-07-02 18:00:00;23,11;27,51;-4,400000000000002;39485;5615;46779;9954;9847;5552;15399;15569;-107;-63;-170;-0,011039677901162413;-0,010866253681324262;-0,011347262247838616;-0,19039376893119872;2;5
2016-07-02;19;2016-07-02 19:00:00;25,33;28,69;-3,360000000000003;39485;3022;46779;8697;8987;3068;12055;11719;290;46;336;0,0278722521775197;0,032268832758428845;0,01499348109517601;-0,13264903276746953;2;5
2016-07-02;20;2016-07-02 20:00:00;25,48;27,82;-2,34;39485;1126;46779;7807;8171;1054;9225;8933;364;-72;292;0,031653116531165315;0,04454779096805776;-0,0683111954459203;-0,09183673469387754;2;5
2016-07-02;21;2016-07-02 21:00:00;25,03;28,85;-3,82;39485;124;46779;7379;7959;96;8055;7503;580;-28;552;0,06852886405959031;0,07287347656740796;-0,2916666666666667;-0,15261685976827805;2;5
2016-07-02;22;2016-07-02 22:00:00;25,97;29,27;-3,3000000000000007;39485;0;46779;8403;8379;0;8379;8403;-24;0;-24;-0,0028643036161833156;-0,0028643036161833156;;-0,12706969580284946;2;5
2016-07-02;23;2016-07-02 23:00:00;22,4;24,5;-2,1000000000000014;39485;0;46779;10014;9030;0;9030;10014;-984;0;-984;-0,10897009966777409;-0,10897009966777409;;-0,09375000000000007;2;5
2016-07-03;0;2016-07-03 00:00:00;18,07;16,7;1,370000000000001;39485;0;46779;10602;10389;0;10389;10602;-213;0;-213;-0,020502454519203003;-0,020502454519203003;;0,07581627006087444;2;6
2016-07-03;1;2016-07-03 01:00:00;9,32;7,75;1,5700000000000005;39485;0;46779;11305;10900;0;10900;11305;-405;0;-405;-0,037155963302752296;-0,037155963302752296;;0,16845493562231764;2;6
2016-07-03;2;2016-07-03 02:00:00;7,88;6,94;0,9399999999999996;39485;0;46779;11548;11092;0;11092;11548;-456;0;-456;-0,04111071042192571;-0,04111071042192571;;0,1192893401015228;2;6
2016-07-03;3;2016-07-03 03:00:00;6,97;5,31;1,66;39485;0;46779;11142;10892;0;10892;11142;-250;0;-250;-0,022952625780389275;-0,022952625780389275;;0,2381635581061693;2;6
2016-07-03;4;2016-07-03 04:00:00;8,82;4,65;4,17;39485;2;46779;10598;10503;4;10507;10600;-95;2;-93;-0,008851242029123442;-0,009045034751975626;0,5;0,4727891156462585;2;6
2016-07-03;5;2016-07-03 05:00:00;7,77;4,04;3,73;39485;276;46779;10000;9966;303;10269;10276;-34;27;-7;-0,0006816632583503749;-0,0034115994380895043;0,0891089108910891;0,4800514800514801;2;6
2016-07-03;6;2016-07-03 06:00:00;8,14;3,63;4,510000000000002;39485;1891;46779;8615;9245;1915;11160;10506;630;24;654;0,05860215053763441;0,06814494321254733;0,012532637075718016;0,5540540540540542;2;6
2016-07-03;7;2016-07-03 07:00:00;8,82;5,77;3,0500000000000007;39485;5339;46779;6756;8364;5476;13840;12095;1608;137;1745;0,12608381502890173;0,19225251076040173;0,02501826150474799;0,3458049886621316;2;6
2016-07-03;8;2016-07-03 08:00:00;12,2;9,4;2,799999999999999;39485;9776;46779;6416;8090;10101;18191;16192;1674;325;1999;0,10988950579957121;0,2069221260815822;0,032175032175032175;0,2295081967213114;2;6
2016-07-03;9;2016-07-03 09:00:00;9,92;7,78;2,14;39485;14069;46779;6933;8490;14481;22971;21002;1557;412;1969;0,08571677332288538;0,1833922261484099;0,028451073820868724;0,2157258064516129;2;6
2016-07-03;10;2016-07-03 10:00:00;8,92;6,27;2,6500000000000004;39485;16676;46779;8145;8991;17639;26630;24821;846;963;1809;0,06793090499436726;0,0940940940940941;0,0545949316854697;0,297085201793722;2;6
2016-07-03;11;2016-07-03 11:00:00;8,86;7,46;1,3999999999999997;39485;17642;46779;8705;9356;19446;28802;26347;651;1804;2455;0,08523713630997848;0,06958101752885848;0,0927697212794405;0,15801354401805867;2;6
2016-07-03;12;2016-07-03 12:00:00;8,92;8,24;0,6799999999999997;39485;17807;46779;9123;9526;19900;29426;26930;403;2093;2496;0,08482294569428396;0,042305269787948775;0,10517587939698493;0,07623318385650221;2;6
2016-07-03;13;2016-07-03 13:00:00;7,09;8,99;-1,9000000000000004;39485;16786;46779;9938;9626;19196;28822;26724;-312;2410;2098;0,07279161751439872;-0,03241221691252857;0,1255469889560325;-0,26798307475317357;2;6
2016-07-03;14;2016-07-03 14:00:00;6,98;8,36;-1,379999999999999;39485;15179;46779;10018;9696;17820;27516;25197;-322;2641;2319;0,08427823811600524;-0,03320957095709571;0,14820426487093155;-0,19770773638968467;2;6
2016-07-03;15;2016-07-03 15:00:00;7,14;8,79;-1,6499999999999997;39485;13884;46779;10229;9513;15853;25366;24113;-716;1969;1253;0,04939683040290152;-0,07526542625880374;0,12420362076578566;-0,23109243697478987;2;6
2016-07-03;16;2016-07-03 16:00:00;8,97;9,28;-0,3099999999999987;39485;11979;46779;9412;8975;13355;22330;21391;-437;1376;939;0,04205105239587998;-0,048690807799442896;0,10303257207038562;-0,034559643255295286;2;6
2016-07-03;17;2016-07-03 17:00:00;18,08;16,42;1,6599999999999966;39485;9374;46779;8086;8070;10165;18235;17460;-16;791;775;0,04250068549492734;-0,001982651796778191;0,07781603541564192;0,09181415929203522;2;6
2016-07-03;18;2016-07-03 18:00:00;22,02;24,2;-2,18;39485;6240;46779;7390;6862;6586;13448;13630;-528;346;-182;-0,013533610945865556;-0,07694549693966773;0,0525356817491649;-0,09900090826521345;2;6
2016-07-03;19;2016-07-03 19:00:00;26,76;29,47;-2,7099999999999973;39485;3197;46779;6053;5583;3401;8984;9250;-470;204;-266;-0,029608192341941227;-0,08418413039584453;0,05998235812996178;-0,10127055306427493;2;6
2016-07-03;20;2016-07-03 20:00:00;27,97;28,84;-0,870000000000001;39485;1077;46779;4533;4676;1177;5853;5610;143;100;243;0,041517170681701694;0,03058169375534645;0,08496176720475786;-0,031104755094744405;2;6
2016-07-03;21;2016-07-03 21:00:00;30,49;29,02;1,4699999999999989;39485;98;46779;4042;4422;103;4525;4140;380;5;385;0,08508287292817679;0,08593396653098145;0,04854368932038835;0,048212528697933715;2;6
2016-07-03;22;2016-07-03 22:00:00;32,35;30,32;2,0300000000000007;39485;0;46779;4086;4604;0;4604;4086;518;0;518;0,11251086012163336;0,11251086012163336;;0,0627511591962906;2;6
2016-07-03;23;2016-07-03 23:00:00;29,37;29,9;-0,5299999999999976;39485;0;46779;4346;4922;0;4922;4346;576;0;576;0,11702559934985778;0,11702559934985778;;-0,018045624787197737;2;6
2016-07-04;0;2016-07-04 00:00:00;25,73;23,05;2,68;39487;0;46779;4430;5164;0;5164;4430;734;0;734;0,1421378776142525;0,1421378776142525;;0,10415856976292266;2;0
2016-07-04;1;2016-07-04 01:00:00;22,73;18,55;4,18;39487;0;46779;4259;5429;0;5429;4259;1170;0;1170;0,21550930189721865;0,21550930189721865;;0,1838979322481302;2;0
2016-07-04;2;2016-07-04 02:00:00;22,26;19,81;2,450000000000003;39487;0;46779;4388;5510;0;5510;4388;1122;0;1122;0,20362976406533576;0,20362976406533576;;0,11006289308176112;2;0
2016-07-04;3;2016-07-04 03:00:00;21,65;18,82;2,8299999999999983;39487;0;46779;4330;5357;0;5357;4330;1027;0;1027;0,19171177898077282;0,19171177898077282;;0,1307159353348729;2;0
2016-07-04;4;2016-07-04 04:00:00;21,69;17,99;3,700000000000003;39487;2;46779;4296;5083;4;5087;4298;787;2;789;0,15510123845095342;0,15482982490655126;0,5;0,17058552328261883;2;0
2016-07-04;5;2016-07-04 05:00:00;23,37;18,14;5,23;39487;234;46779;3901;4589;266;4855;4135;688;32;720;0,14830072090628219;0,14992373066027456;0,12030075187969924;0,22379118528027386;2;0
2016-07-04;6;2016-07-04 06:00:00;31,93;28,52;3,41;39487;1595;46779;3360;3946;1592;5538;4955;586;-3;583;0,10527266161068978;0,1485048150025342;-0,0018844221105527637;0,10679611650485438;2;0
2016-07-04;7;2016-07-04 07:00:00;35,19;34,05;1,1400000000000006;39487;4482;46779;2548;3278;4413;7691;7030;730;-69;661;0,08594461058379925;0,2226967663209274;-0,01563562202583277;0,03239556692242116;2;0
2016-07-04;8;2016-07-04 08:00:00;37,93;41,38;-3,450000000000003;39487;8621;46779;2058;2854;8162;11016;10679;796;-459;337;0,030591866376180103;0,27890679747722497;-0,056236216613575106;-0,09095702610071191;2;0
2016-07-04;9;2016-07-04 09:00:00;33,54;35,32;-1,7800000000000011;39487;13730;46779;2104;2945;12039;14984;15834;841;-1691;-850;-0,056727175654030966;0,28556876061120545;-0,14046017111055736;-0,05307096004770427;2;0
2016-07-04;10;2016-07-04 10:00:00;32,91;29,98;2,9299999999999957;39487;18274;46779;2427;3293;15214;18507;20701;866;-3060;-2194;-0,11854973793699682;0,26298208320680233;-0,2011305376626791;0,08903068975995126;2;0
2016-07-04;11;2016-07-04 11:00:00;31,68;27,61;4,07;39487;20731;46779;2626;3616;17317;20933;23357;990;-3414;-2424;-0,11579802226150097;0,273783185840708;-0,19714731189005025;0,12847222222222224;2;0
2016-07-04;12;2016-07-04 12:00:00;29,98;26,76;3,219999999999999;39487;20588;46779;2676;3747;18429;22176;23264;1071;-2159;-1088;-0,049062049062049064;0,28582866293034426;-0,11715231428726464;0,10740493662441623;2;0
2016-07-04;13;2016-07-04 13:00:00;29,33;26,92;2,4099999999999966;39487;19859;46779;2595;3725;18598;22323;22454;1130;-1261;-131;-0,005868386865564664;0,30335570469798656;-0,06780298956877083;0,08216842823048062;2;0
2016-07-04;14;2016-07-04 14:00:00;29,75;28,94;0,8099999999999987;39487;18722;46779;2657;3579;17982;21561;21379;922;-740;182;0,008441166921756876;0,2576138586197262;-0,0411522633744856;0,02722689075630248;2;0
2016-07-04;15;2016-07-04 15:00:00;29,26;29,91;-0,6499999999999986;39487;17392;46779;2445;3218;16490;19708;19837;773;-902;-129;-0,006545565252689263;0,24021131137352392;-0,05469981807155852;-0,022214627477785322;2;0
2016-07-04;16;2016-07-04 16:00:00;30,47;31,09;-0,620000000000001;39487;14887;46779;2062;2815;14252;17067;16949;753;-635;118;0,006913927462354251;0,2674955595026643;-0,0445551501543643;-0,020347883163767674;2;0
2016-07-04;17;2016-07-04 17:00:00;32,9;32,95;-0,05000000000000426;39487;11446;46779;1539;2343;10997;13340;12985;804;-449;355;0,026611694152923537;0,34314980793854033;-0,04082931708647813;-0,0015197568389059047;2;0
2016-07-04;18;2016-07-04 18:00:00;35,98;37,15;-1,1700000000000017;39487;7700;46779;1062;1814;7090;8904;8762;752;-610;142;0,015947888589398024;0,4145534729878721;-0,08603667136812412;-0,032518065591995604;2;0
2016-07-04;19;2016-07-04 19:00:00;38,41;40,31;-1,9000000000000057;39487;3907;46779;591;1334;3585;4919;4498;743;-322;421;0,08558650132140679;0,5569715142428786;-0,0898186889818689;-0,049466284821661176;2;0
2016-07-04;20;2016-07-04 20:00:00;38,65;37,49;1,1599999999999966;39487;1248;46779;394;919;1239;2158;1642;525;-9;516;0,2391102873030584;0,5712731229597389;-0,007263922518159807;0,030012936610607933;2;0
2016-07-04;21;2016-07-04 21:00:00;35,56;35,59;-0,030000000000001137;39487;106;46779;592;861;108;969;698;269;2;271;0,27966976264189886;0,3124274099883856;0,018518518518518517;-0,000843644544431978;2;0
2016-07-04;22;2016-07-04 22:00:00;34,96;35,55;-0,5899999999999963;39487;0;46779;890;1043;0;1043;890;153;0;153;0,14669223394055608;0,14669223394055608;;-0,01687643020594955;2;0
2016-07-04;23;2016-07-04 23:00:00;33,98;31,26;2,7199999999999958;39487;0;46779;1396;1270;0;1270;1396;-126;0;-126;-0,09921259842519685;-0,09921259842519685;;0,08004708652148311;2;0
2016-07-05;0;2016-07-05 00:00:00;29,93;26,59;3,34;39489;0;46785;2040;1851;0;1851;2040;-189;0;-189;-0,10210696920583469;-0,10210696920583469;;0,1115937186769128;2;1
2016-07-05;1;2016-07-05 01:00:00;27,0;25,4;1,6000000000000014;39489;0;46785;2871;2289;0;2289;2871;-582;0;-582;-0,254259501965924;-0,254259501965924;;0,05925925925925931;2;1
2016-07-05;2;2016-07-05 02:00:00;25,46;22,59;2,870000000000001;39489;0;46785;3506;2663;0;2663;3506;-843;0;-843;-0,31656027037176115;-0,31656027037176115;;0,11272584446190105;2;1
2016-07-05;3;2016-07-05 03:00:00;23,88;21,22;2,66;39489;0;46785;3971;2970;0;2970;3971;-1001;0;-1001;-0,337037037037037;-0,337037037037037;;0,11139028475711894;2;1
2016-07-05;4;2016-07-05 04:00:00;23,43;19,45;3,98;39489;1;46785;4234;3222;2;3224;4235;-1012;1;-1011;-0,31358560794044665;-0,31409062693978895;0,5;0,16986769099445156;2;1
2016-07-05;5;2016-07-05 05:00:00;25,31;21,21;4,099999999999998;39489;196;46785;4358;3410;235;3645;4554;-948;39;-909;-0,24938271604938272;-0,2780058651026393;0,16595744680851063;0,16199130778348472;2;1
2016-07-05;6;2016-07-05 06:00:00;30,28;27,03;3,25;39489;1540;46785;4412;3566;1589;5155;5952;-846;49;-797;-0,15460717749757516;-0,23724060572069547;0,030837004405286344;0,10733157199471598;2;1
2016-07-05;7;2016-07-05 07:00:00;34,94;31,24;3,6999999999999993;39489;4254;46785;4051;3631;4128;7759;8305;-420;-126;-546;-0,07036989302745199;-0,11567061415587993;-0,030523255813953487;0,10589582140812821;2;1
2016-07-05;8;2016-07-05 08:00:00;36,46;30,99;5,470000000000002;39489;8367;46785;3750;3856;7393;11249;12117;106;-974;-868;-0,07716241443683883;0,027489626556016597;-0,13174624644934396;0,1500274273176084;2;1
2016-07-05;9;2016-07-05 09:00:00;35,05;27,49;7,559999999999999;39489;12817;46785;5045;4773;10913;15686;17862;-272;-1904;-2176;-0,13872242764248374;-0,05698721977791745;-0,17447081462475947;0,21569186875891583;2;1
2016-07-05;10;2016-07-05 10:00:00;32,54;25,46;7,079999999999997;39489;16074;46785;7143;6237;14024;20261;23217;-906;-2050;-2956;-0,14589605646315582;-0,14526214526214526;-0,14617798060467768;0,217578365089121;2;1
2016-07-05;11;2016-07-05 11:00:00;31,46;25,36;6,100000000000001;39489;17054;46785;9724;7925;16284;24209;26778;-1799;-770;-2569;-0,1061175595852782;-0,2270031545741325;-0,047285679194301156;0,1938970120788303;2;1
2016-07-05;12;2016-07-05 12:00:00;28,6;25,78;2,8200000000000003;39489;16718;46785;12166;9697;17611;27308;28884;-2469;893;-1576;-0,05771202577999121;-0,25461482932865837;0,050706944523309296;0,0986013986013986;2;1
2016-07-05;13;2016-07-05 13:00:00;26,52;26,67;-0,15000000000000213;39489;16857;46785;14407;11424;18043;29467;31264;-2983;1186;-1797;-0,06098347303763532;-0,2611169467787115;0,06573186277226625;-0,005656108597285148;2;1
2016-07-05;14;2016-07-05 14:00:00;24,34;25,66;-1,3200000000000005;39489;17231;46785;16937;13050;17677;30727;34168;-3887;446;-3441;-0,11198620106095616;-0,2978544061302682;0,02523052554166431;-0,054231717337715715;2;1
2016-07-05;15;2016-07-05 15:00:00;22,28;22,58;-0,2999999999999972;39489;16742;46785;19304;14529;16355;30884;36046;-4775;-387;-5162;-0,1671415619738376;-0,32865303875008606;-0,02366248853561602;-0,013464991023339192;2;1
2016-07-05;16;2016-07-05 16:00:00;22,14;16,56;5,580000000000003;39489;14956;46785;21094;15532;13964;29496;36050;-5562;-992;-6554;-0,2221996202874966;-0,3580994076744785;-0,07103981667144085;0,25203252032520335;2;1
2016-07-05;17;2016-07-05 17:00:00;23,01;13,37;9,640000000000002;39489;11412;46785;22552;15878;10663;26541;33964;-6674;-749;-7423;-0,2796804943295279;-0,4203300163748583;-0,07024289599549845;0,41894828335506307;2;1
2016-07-05;18;2016-07-05 18:00:00;24,6;17,92;6,68;39489;7257;46785;23199;15473;6849;22322;30456;-7726;-408;-8134;-0,3643938715168892;-0,49932139856524266;-0,059570740254051686;0,2715447154471544;2;1
2016-07-05;19;2016-07-05 19:00:00;27,57;22,73;4,84;39489;3590;46785;23592;14946;3474;18420;27182;-8646;-116;-8762;-0,4756786102062975;-0,5784825371336813;-0,0333909038572251;0,1755531374682626;2;1
2016-07-05;20;2016-07-05 20:00:00;26,9;21,9;5,0;39489;1076;46785;23115;14104;1170;15274;24191;-9011;94;-8917;-0,5838025402645017;-0,6388967668746455;0,08034188034188035;0,1858736059479554;2;1
2016-07-05;21;2016-07-05 21:00:00;23,95;20,98;2,969999999999999;39489;71;46785;22085;13710;96;13806;22156;-8375;25;-8350;-0,6048095031145878;-0,6108679795769512;0,2604166666666667;0,12400835073068889;2;1
2016-07-05;22;2016-07-05 22:00:00;22,89;20,5;2,390000000000001;39489;0;46785;21904;13627;0;13627;21904;-8277;0;-8277;-0,6073970793278051;-0,6073970793278051;;0,10441240716470078;2;1
2016-07-05;23;2016-07-05 23:00:00;18,96;13,68;5,280000000000001;39489;0;46785;22570;13776;0;13776;22570;-8794;0;-8794;-0,6383565621370499;-0,6383565621370499;;0,2784810126582279;2;1
2016-07-06;0;2016-07-06 00:00:00;8,18;4,11;4,0699999999999985;39491;0;46785;22158;20872;0;20872;22158;-1286;0;-1286;-0,06161364507474128;-0,06161364507474128;;0,4975550122249387;2;2
2016-07-06;1;2016-07-06 01:00:00;9,26;7,16;2,1;39491;0;46785;21798;20963;0;20963;21798;-835;0;-835;-0,03983208510232314;-0,03983208510232314;;0,2267818574514039;2;2
2016-07-06;2;2016-07-06 02:00:00;8,17;6,07;2,1;39491;0;46785;21624;20884;0;20884;21624;-740;0;-740;-0,035433824937751386;-0,035433824937751386;;0,25703794369645044;2;2
2016-07-06;3;2016-07-06 03:00:00;5,84;4,46;1,38;39491;0;46785;20844;20675;0;20675;20844;-169;0;-169;-0,008174123337363967;-0,008174123337363967;;0,2363013698630137;2;2
2016-07-06;4;2016-07-06 04:00:00;4,9;7,22;-2,3199999999999994;39491;1;46785;20292;20476;3;20479;20293;184;2;186;0,009082474730211437;0,008986130103535847;0,6666666666666666;-0,4734693877551019;2;2
2016-07-06;5;2016-07-06 05:00:00;10,72;12,15;-1,4299999999999995;39491;210;46785;19564;20496;239;20735;19774;932;29;961;0,04634675669158428;0,045472287275565966;0,12133891213389121;-0,13339552238805966;2;2
2016-07-06;6;2016-07-06 06:00:00;20,09;21,38;-1,2899999999999991;39491;1600;46785;18910;20839;1679;22518;20510;1929;79;2008;0,0891731059596767;0,09256682182446374;0,04705181655747469;-0,064211050273768;2;2
2016-07-06;7;2016-07-06 07:00:00;24,54;33,35;-8,810000000000002;39491;4395;46785;19218;21344;4532;25876;23613;2126;137;2263;0,08745555727314887;0,09960644677661169;0,030229479258605474;-0,35900570497147527;2;2
2016-07-06;8;2016-07-06 08:00:00;24,15;34,2;-10,050000000000004;39491;8390;46785;19494;21984;8425;30409;27884;2490;35;2525;0,08303462790621198;0,11326419213973798;0,004154302670623145;-0,41614906832298154;2;2
2016-07-06;9;2016-07-06 09:00:00;20,12;28,13;-8,009999999999998;39491;12594;46785;20835;22564;12621;35185;33429;1729;27;1756;0,049907631092795224;0,07662648466583939;0,0021392916567625386;-0,3981113320079522;2;2
2016-07-06;10;2016-07-06 10:00:00;13,19;20,78;-7,5900000000000025;39491;16374;46785;21476;22930;16235;39165;37850;1454;-139;1315;0,03357589684667433;0,06341037941561273;-0,008561749307052663;-0,5754359363153907;2;2
2016-07-06;11;2016-07-06 11:00:00;13,15;20,44;-7,290000000000001;39491;18332;46785;21704;23230;18834;42064;40036;1526;502;2028;0,04821224800304298;0,06569091691777873;0,02665392375491133;-0,5543726235741445;2;2
2016-07-06;12;2016-07-06 12:00:00;9,36;18,69;-9,330000000000002;39491;19345;46785;22084;23473;20431;43904;41429;1389;1086;2475;0,05637299562682216;0,05917437055340178;0,05315452009201703;-0,996794871794872;2;2
2016-07-06;13;2016-07-06 13:00:00;8,17;18,84;-10,67;39491;19907;46785;22063;23677;20757;44434;41970;1614;850;2464;0,055453031462393665;0,06816741985893483;0,04095004095004095;-1,305997552019584;2;2
2016-07-06;14;2016-07-06 14:00:00;2,55;14,34;-11,79;39491;19671;46785;21679;23699;20022;43721;41350;2020;351;2371;0,05423023261133094;0,08523566395206549;0,017530716212166616;-4,623529411764705;2;2
2016-07-06;15;2016-07-06 15:00:00;9,23;16,56;-7,329999999999997;39491;18570;46785;21372;23713;18309;42022;39942;2341;-261;2080;0,04949788206177717;0,09872221987939105;-0,014255284286416517;-0,7941495124593713;2;2
2016-07-06;16;2016-07-06 16:00:00;11,6;18,2;-6,6;39491;16265;46785;20650;23375;15658;39033;36915;2725;-607;2118;0,05426177849511951;0,11657754010695187;-0,038766125942010475;-0,5689655172413793;2;2
2016-07-06;17;2016-07-06 17:00:00;14,73;22,36;-7,629999999999999;39491;12725;46785;20018;22656;11964;34620;32743;2638;-761;1877;0,05421721548238013;0,11643714689265537;-0,06360748913406887;-0,5179904955872369;2;2
2016-07-06;18;2016-07-06 18:00:00;23,32;30,9;-7,579999999999997;39491;8196;46785;19061;21480;7619;29099;27257;2419;-577;1842;0,06330114436922231;0,11261638733705773;-0,07573172332327077;-0,3250428816466551;2;2
2016-07-06;19;2016-07-06 19:00:00;28,27;32,15;-3,879999999999999;39491;4133;46785;17209;19900;3754;23654;21342;2691;-379;2312;0,09774245370761817;0,13522613065326633;-0,10095897709110283;-0,13724796604174033;2;2
2016-07-06;20;2016-07-06 20:00:00;29,32;32,4;-3,0799999999999983;39491;1311;46785;14330;18116;1274;19390;15641;3786;-37;3749;0,19334708612686952;0,20898653124310002;-0,029042386185243328;-0,10504774897680758;2;2
2016-07-06;21;2016-07-06 21:00:00;29,6;33,66;-4,059999999999995;39491;98;46785;11690;16421;110;16531;11788;4731;12;4743;0,28691549210574074;0,28810669264965594;0,10909090909090909;-0,13716216216216198;2;2
2016-07-06;22;2016-07-06 22:00:00;31,75;36,95;-5,200000000000003;39491;0;46785;10250;14657;0;14657;10250;4407;0;4407;0,30067544517977757;0,30067544517977757;;-0,1637795275590552;2;2
2016-07-06;23;2016-07-06 23:00:00;28,84;32,84;-4,000000000000004;39491;0;46785;9598;13199;0;13199;9598;3601;0;3601;0,27282369876505796;0,27282369876505796;;-0,13869625520110973;2;2
2016-07-07;0;2016-07-07 00:00:00;29,09;31,57;-2,4800000000000004;39493;0;46791;8565;10371;0;10371;8565;1806;0;1806;0,17413942724905987;0,17413942724905987;;-0,08525266414575457;2;3
2016-07-07;1;2016-07-07 01:00:00;25,56;30,4;-4,84;39493;0;46791;8000;9577;0;9577;8000;1577;0;1577;0,16466534405346142;0,16466534405346142;;-0,18935837245696402;2;3
2016-07-07;2;2016-07-07 02:00:00;24,21;29,66;-5,449999999999998;39493;0;46791;7646;9011;0;9011;7646;1365;0;1365;0,15148152258350905;0,15148152258350905;;-0,22511358942585702;2;3
2016-07-07;3;2016-07-07 03:00:00;22,11;23,67;-1,5600000000000025;39493;0;46791;7685;8613;0;8613;7685;928;0;928;0,10774410774410774;0,10774410774410774;;-0,07055630936227962;2;3
2016-07-07;4;2016-07-07 04:00:00;22,98;23,4;-0,41999999999999815;39493;1;46791;7153;8148;3;8151;7154;995;2;997;0,12231628021101705;0,12211585665193912;0,6666666666666666;-0,01827676240208869;2;3
2016-07-07;5;2016-07-07 05:00:00;23,74;28,35;-4,610000000000003;39493;249;46791;6467;7591;288;7879;6716;1124;39;1163;0,14760756441172737;0,14807008299301805;0,13541666666666666;-0,19418702611625963;2;3
2016-07-07;6;2016-07-07 06:00:00;30,6;33,73;-3,1299999999999955;39493;1808;46791;5196;6976;1914;8890;7004;1780;106;1886;0,21214848143982;0,2551605504587156;0,055381400208986416;-0,10228758169934625;2;3
2016-07-07;7;2016-07-07 07:00:00;34,28;39,55;-5,269999999999996;39493;5638;46791;3699;6515;5661;12176;9337;2816;23;2839;0,23316360052562418;0,43223330775134305;0,004062886415827592;-0,15373395565927642;2;3
2016-07-07;8;2016-07-07 08:00:00;35,71;38,22;-2,509999999999998;39493;11128;46791;3962;6508;10952;17460;15090;2546;-176;2370;0,13573883161512026;0,39121081745543945;-0,016070124178232285;-0,0702884346121534;2;3
2016-07-07;9;2016-07-07 09:00:00;31,51;32,49;-0,9800000000000004;39493;16440;46791;4816;6805;16260;23065;21256;1989;-180;1809;0,07843052243659224;0,2922850844966936;-0,01107011070110701;-0,031101237702316736;2;3
2016-07-07;10;2016-07-07 10:00:00;28,83;29,52;-0,6900000000000013;39493;20142;46791;5215;7026;20180;27206;25357;1811;38;1849;0,06796294934940822;0,25775690293196696;0,0018830525272547076;-0,023933402705515135;2;3
2016-07-07;11;2016-07-07 11:00:00;28,79;29,14;-0,3500000000000014;39493;22473;46791;5072;7197;22494;29691;27545;2125;21;2146;0,07227779461789768;0,295261914686675;0,0009335822886102961;-0,012156998957971567;2;3
2016-07-07;12;2016-07-07 12:00:00;26,91;28,39;-1,4800000000000004;39493;24024;46791;5282;7326;23576;30902;29306;2044;-448;1596;0,0516471425797683;0,279006279006279;-0,019002375296912115;-0,05499814195466371;2;3
2016-07-07;13;2016-07-07 13:00:00;25,97;27,4;-1,4299999999999995;39493;24868;46791;5554;7508;23640;31148;30422;1954;-1228;726;0,023308077565172725;0,2602557272242941;-0,05194585448392555;-0,055063534847901406;2;3
2016-07-07;14;2016-07-07 14:00:00;24,66;26,22;-1,5599999999999987;39493;23966;46791;5597;7642;22482;30124;29563;2045;-1484;561;0,018623024830699775;0,2676001046846375;-0,06600836224535184;-0,06326034063260336;2;3
2016-07-07;15;2016-07-07 15:00:00;25,41;26,43;-1,0199999999999996;39493;21869;46791;5564;7719;20050;27769;27433;2155;-1819;336;0,01209982354423998;0,27918124109340586;-0,09072319201995012;-0,040141676505312855;2;3
2016-07-07;16;2016-07-07 16:00:00;27,01;27,83;-0,8199999999999967;39493;18235;46791;5389;7678;16657;24335;23624;2289;-1578;711;0,02921717690569139;0,2981245115915603;-0,09473494626883593;-0,030359126249537086;2;3
2016-07-07;17;2016-07-07 17:00:00;30,42;31,35;-0,9299999999999996;39493;13471;46791;5392;7316;12362;19678;18863;1924;-1109;815;0,04141681065148897;0,2629852378348824;-0,08971040284743569;-0,030571992110453635;2;3
2016-07-07;18;2016-07-07 18:00:00;34,68;34,4;0,28000000000000114;39493;8296;46791;5096;6597;7586;14183;13392;1501;-710;791;0,05577099344285412;0,22752766408973776;-0,0935934616398629;0,00807381776239911;2;3
2016-07-07;19;2016-07-07 19:00:00;37,77;38,85;-1,0799999999999983;39493;3833;46791;4142;5803;3594;9397;7975;1661;-239;1422;0,15132489092263487;0,28623125969326213;-0,06649972175848637;-0,028594122319300985;2;3
2016-07-07;20;2016-07-07 20:00:00;37,91;36,45;1,4599999999999935;39493;1204;46791;2952;5030;1188;6218;4156;2078;-16;2062;0,3316178835638469;0,41312127236580515;-0,013468013468013467;0,03851226589290408;2;3
2016-07-07;21;2016-07-07 21:00:00;32,49;33,43;-0,9399999999999976;39493;91;46791;2199;4497;98;4595;2290;2298;7;2305;0,5016322089227421;0,5110073382254836;0,07142857142857142;-0,02893197907048315;2;3
2016-07-07;22;2016-07-07 22:00:00;36,53;34,58;1,9500000000000028;39493;0;46791;1879;4237;0;4237;1879;2358;0;2358;0,5565258437573755;0,5565258437573755;;0,053380782918149544;2;3
2016-07-07;23;2016-07-07 23:00:00;32,8;31,32;1,4799999999999969;39493;0;46791;1888;4221;0;4221;1888;2333;0;2333;0,552712627339493;0,552712627339493;;0,0451219512195121;2;3
2016-07-08;0;2016-07-08 00:00:00;28,62;30,63;-2,009999999999998;39496;0;46803;2240;3536;0;3536;2240;1296;0;1296;0,3665158371040724;0,3665158371040724;;-0,07023060796645696;2;4
2016-07-08;1;2016-07-08 01:00:00;26,52;29,56;-3,0399999999999987;39496;0;46803;2908;4032;0;4032;2908;1124;0;1124;0,2787698412698413;0,2787698412698413;;-0,114630467571644;2;4
2016-07-08;2;2016-07-08 02:00:00;25,04;25,78;-0,7400000000000021;39496;0;46803;3623;4607;0;4607;3623;984;0;984;0,2135880182331235;0,2135880182331235;;-0,029552715654952162;2;4
2016-07-08;3;2016-07-08 03:00:00;23,46;24,46;-1,0;39496;0;46803;4438;5273;0;5273;4438;835;0;835;0,15835387824767685;0,15835387824767685;;-0,042625745950554135;2;4
2016-07-08;4;2016-07-08 04:00:00;23,18;25,22;-2,039999999999999;39496;1;46803;5086;5806;1;5807;5087;720;0;720;0,12398828999483383;0,12400964519462625;0,0;-0,088006902502157;2;4
2016-07-08;5;2016-07-08 05:00:00;25,02;24,68;0,33999999999999986;39496;210;46803;5344;5946;228;6174;5554;602;18;620;0,10042112082928409;0,10124453414059872;0,07894736842105263;0,01358912869704236;2;4
2016-07-08;6;2016-07-08 06:00:00;30,0;32,17;-2,1700000000000017;39496;1678;46803;5038;5690;1693;7383;6716;652;15;667;0,09034267912772585;0,11458699472759226;0,008860011813349085;-0,07233333333333339;2;4
2016-07-08;7;2016-07-08 07:00:00;34,99;37,58;-2,5899999999999963;39496;4814;46803;4143;5169;4794;9963;8957;1026;-20;1006;0,10097360232861588;0,19849100406268136;-0,004171881518564873;-0,07402114889968552;2;4
2016-07-08;8;2016-07-08 08:00:00;38,62;38,11;0,509999999999998;39496;9150;46803;3029;4345;9114;13459;12179;1316;-36;1280;0,09510364811650197;0,3028768699654776;-0,003949967083607637;0,013205592957017039;2;4
2016-07-08;9;2016-07-08 09:00:00;35,26;36,18;-0,9200000000000016;39496;13530;46803;2288;3824;13681;17505;15818;1536;151;1687;0,09637246500999715;0,401673640167364;0,011037204882684015;-0,02609188882586505;2;4
2016-07-08;10;2016-07-08 10:00:00;33,36;35,95;-2,5900000000000034;39496;17471;46803;2938;3911;17508;21419;20409;973;37;1010;0,047154395630048085;0,24878547686013808;0,0021133196253141423;-0,0776378896882495;2;4
2016-07-08;11;2016-07-08 11:00:00;32,93;33,68;-0,75;39496;20200;46803;4558;4473;19938;24411;24758;-85;-262;-347;-0,014214903117447053;-0,019002906326849988;-0,013140736282475675;-0,022775584573337383;2;4
2016-07-08;12;2016-07-08 12:00:00;30,15;29,16;0,9899999999999984;39496;20805;46803;6838;5499;20817;26316;27643;-1339;12;-1327;-0,05042559659522724;-0,24349881796690306;0,0005764519383196426;0,03283582089552234;2;4
2016-07-08;13;2016-07-08 13:00:00;27,91;26,07;1,84;39496;19902;46803;9092;6757;20045;26802;28994;-2335;143;-2192;-0,08178494142228192;-0,34556755956785556;0,007133948615614867;0,06592619132927266;2;4
2016-07-08;14;2016-07-08 14:00:00;26,53;24,78;1,75;39496;17624;46803;11394;8099;18141;26240;29018;-3295;517;-2778;-0,10586890243902439;-0,4068403506605754;0,028498980210572736;0,06596306068601583;2;4
2016-07-08;15;2016-07-08 15:00:00;25,91;22,89;3,02;39496;15028;46803;13100;9389;15441;24830;28128;-3711;413;-3298;-0,13282319774466372;-0,3952497603578656;0,026746972346350626;0,11655731377846391;2;4
2016-07-08;16;2016-07-08 16:00:00;26,94;22,95;3,990000000000002;39496;11964;46803;13711;10464;12350;22814;25675;-3247;386;-2861;-0,12540545279214518;-0,3103019877675841;0,03125506072874494;0,1481069042316259;2;4
2016-07-08;17;2016-07-08 17:00:00;27,38;24,63;2,75;39496;8840;46803;14765;11134;8931;20065;23605;-3631;91;-3540;-0,17642661350610517;-0,3261181965151787;0,010189228529839884;0,1004382761139518;2;4
2016-07-08;18;2016-07-08 18:00:00;28,54;26,39;2,1499999999999986;39496;5587;46803;15807;11460;5519;16979;21394;-4347;-68;-4415;-0,2600270922904765;-0,3793193717277487;-0,012321072658090234;0,07533286615276799;2;4
2016-07-08;19;2016-07-08 19:00:00;29,79;26,4;3,390000000000001;39496;2960;46803;15503;11696;2728;14424;18463;-3807;-232;-4039;-0,2800194120909595;-0,32549589603283174;-0,08504398826979472;0,11379657603222562;2;4
2016-07-08;20;2016-07-08 20:00:00;28,1;25,98;2,120000000000001;39496;1010;46803;15125;12058;867;12925;16135;-3067;-143;-3210;-0,24835589941972921;-0,2543539558799138;-0,16493656286043828;0,07544483985765128;2;4
2016-07-08;21;2016-07-08 21:00:00;26,91;26,16;0,75;39496;78;46803;14965;11842;65;11907;15043;-3123;-13;-3136;-0,26337448559670784;-0,2637223441986151;-0,2;0,027870680044593088;2;4
2016-07-08;22;2016-07-08 22:00:00;28,08;26,28;1,7999999999999972;39496;0;46803;14604;11633;0;11633;14604;-2971;0;-2971;-0,2553941373678329;-0,2553941373678329;;0,064102564102564;2;4
2016-07-08;23;2016-07-08 23:00:00;24,61;24,57;0,03999999999999915;39496;0;46803;14892;11678;0;11678;14892;-3214;0;-3214;-0,2752183593081007;-0,2752183593081007;;0,001625355546525768;2;4
2016-07-09;0;2016-07-09 00:00:00;20,7;23,83;-3,129999999999999;39496;0;46803;15196;15821;0;15821;15196;625;0;625;0,039504456102648376;0,039504456102648376;;-0,15120772946859898;2;5
2016-07-09;1;2016-07-09 01:00:00;18,61;19,99;-1,379999999999999;39496;0;46803;14576;15958;0;15958;14576;1382;0;1382;0,08660233111918787;0,08660233111918787;;-0,07415368081676513;2;5
2016-07-09;2;2016-07-09 02:00:00;17,39;19,22;-1,8299999999999983;39496;0;46803;13614;15752;0;15752;13614;2138;0;2138;0,1357287963433215;0,1357287963433215;;-0,10523289246693492;2;5
2016-07-09;3;2016-07-09 03:00:00;19,0;20,91;-1,91;39496;0;46803;12722;15127;0;15127;12722;2405;0;2405;0,15898724135651485;0,15898724135651485;;-0,10052631578947369;2;5
2016-07-09;4;2016-07-09 04:00:00;17,1;24,37;-7,27;39496;0;46803;12424;14424;1;14425;12424;2000;1;2001;0,13871750433275562;0,1386577925679423;1,0;-0,42514619883040927;2;5
2016-07-09;5;2016-07-09 05:00:00;17,01;22,72;-5,709999999999997;39496;177;46803;11517;13790;221;14011;11694;2273;44;2317;0,16537006637641852;0,16482958665699782;0,19909502262443438;-0,3356848912404466;2;5
2016-07-09;6;2016-07-09 06:00:00;18,12;22,66;-4,539999999999999;39496;1471;46803;10118;13178;1677;14855;11589;3060;206;3266;0,21985863345674858;0,23220519046896343;0,12283840190816935;-0,2505518763796909;2;5
2016-07-09;7;2016-07-09 07:00:00;22,32;28,28;-5,960000000000001;39496;4188;46803;8785;12551;4796;17347;12973;3766;608;4374;0,2521473453623105;0,3000557724484105;0,1267723102585488;-0,2670250896057348;2;5
2016-07-09;8;2016-07-09 08:00:00;21,99;46,88;-24,890000000000004;39496;8217;46803;9176;12085;9181;21266;17393;2909;964;3873;0,18212169660490923;0,24071162598262308;0,10499945539701558;-1,1318781264211009;2;5
2016-07-09;9;2016-07-09 09:00:00;21,78;45,16;-23,379999999999995;39496;12691;46803;10210;11930;13787;25717;22901;1720;1096;2816;0,10949955282497958;0,14417435037720033;0,07949517661565243;-1,0734618916437095;2;5
2016-07-09;10;2016-07-09 10:00:00;16,99;28,16;-11,170000000000002;39496;16081;46803;11050;11844;17322;29166;27131;794;1241;2035;0,06977302338339161;0,06703816278284364;0,07164299734441751;-0,6574455562095352;2;5
2016-07-09;11;2016-07-09 11:00:00;16,99;23,61;-6,620000000000001;39496;18759;46803;10853;11627;19457;31084;29612;774;698;1472;0,04735555269592073;0,06656919239700697;0,035873978516729195;-0,3896409652736905;2;5
2016-07-09;12;2016-07-09 12:00:00;15,32;19,44;-4,120000000000001;39496;20453;46803;10538;11343;20558;31901;30991;805;105;910;0,02852575154383875;0,07096887948514502;0,0051075007296429616;-0,26892950391644915;2;5
2016-07-09;13;2016-07-09 13:00:00;8,98;14,39;-5,41;39496;20711;46803;10334;11169;20710;31879;31045;835;-1;834;0,026161422880266006;0,0747604978064285;-4,828585224529213e-05;-0,6024498886414253;2;5
2016-07-09;14;2016-07-09 14:00:00;11,64;18,21;-6,57;39496;19875;46803;9891;10885;19898;30783;29766;994;23;1017;0,03303771562225904;0,09131832797427653;0,0011558950648306362;-0,5644329896907216;2;5
2016-07-09;15;2016-07-09 15:00:00;11,25;21,69;-10,44;39496;18426;46803;9340;10388;17954;28342;27766;1048;-472;576;0,020323195257921107;0,10088563727377743;-0,026289406260443356;-0,9279999999999999;2;5
2016-07-09;16;2016-07-09 16:00:00;16,9;21,47;-4,57;39496;15583;46803;8301;9614;14983;24597;23884;1313;-600;713;0,02898727487091922;0,13657166631995007;-0,04004538476940533;-0,270414201183432;2;5
2016-07-09;17;2016-07-09 17:00:00;22,0;26,67;-4,670000000000002;39496;11674;46803;7680;8343;11206;19549;19354;663;-468;195;0,009974934779272597;0,07946781733189501;-0,04176334106728538;-0,21227272727272736;2;5
2016-07-09;18;2016-07-09 18:00:00;27,92;32,46;-4,539999999999999;39496;7506;46803;6261;6836;7041;13877;13767;575;-465;110;0,007926785328240975;0,08411351667641896;-0,06604175543246697;-0,16260744985673348;2;5
2016-07-09;19;2016-07-09 19:00:00;30,63;35,42;-4,790000000000003;39496;3670;46803;4620;5253;3465;8718;8290;633;-205;428;0,049093828859830234;0,12050256996002284;-0,05916305916305916;-0,1563826314071173;2;5
2016-07-09;20;2016-07-09 20:00:00;30,25;37,18;-6,93;39496;1068;46803;3162;3976;1146;5122;4230;814;78;892;0,17415072237407261;0,20472837022132798;0,06806282722513089;-0,2290909090909091;2;5
2016-07-09;21;2016-07-09 21:00:00;29,86;35,28;-5,420000000000003;39496;60;46803;3016;3553;86;3639;3076;537;26;563;0,15471283319593296;0,1511398817900366;0,3023255813953488;-0,1815137307434696;2;5
2016-07-09;22;2016-07-09 22:00:00;30,61;37,26;-6,649999999999999;39496;0;46803;3328;3696;0;3696;3328;368;0;368;0,09956709956709957;0,09956709956709957;;-0,217249264946096;2;5
2016-07-09;23;2016-07-09 23:00:00;28,0;36,67;-8,670000000000002;39496;0;46803;4105;4345;0;4345;4105;240;0;240;0,05523590333716916;0,05523590333716916;;-0,3096428571428572;2;5
2016-07-10;0;2016-07-10 00:00:00;23,17;34,04;-10,869999999999996;39496;0;46816;5047;6945;0;6945;5047;1898;0;1898;0,2732901367890569;0,2732901367890569;;-0,4691411307725505;2;6
2016-07-10;1;2016-07-10 01:00:00;18,54;25,13;-6,59;39496;0;46816;6175;8411;0;8411;6175;2236;0;2236;0,26584234930448225;0,26584234930448225;;-0,35544768069039917;2;6
2016-07-10;2;2016-07-10 02:00:00;15,04;20,39;-5,350000000000001;39496;0;46816;7123;9594;0;9594;7123;2471;0;2471;0,25755680633729416;0,25755680633729416;;-0,3557180851063831;2;6
2016-07-10;3;2016-07-10 03:00:00;11,96;18,84;-6,879999999999999;39496;0;46816;7882;10348;0;10348;7882;2466;0;2466;0,23830691921144181;0,23830691921144181;;-0,5752508361204012;2;6
2016-07-10;4;2016-07-10 04:00:00;11,17;14,88;-3,7100000000000013;39496;1;46816;8532;10866;1;10867;8533;2334;0;2334;0,21477868777031378;0,21479845389287686;0,0;-0,332139659803044;2;6
2016-07-10;5;2016-07-10 05:00:00;9,91;13,62;-3,7099999999999986;39496;188;46816;8749;11008;209;11217;8937;2259;21;2280;0,20326290451992512;0,20521438953488372;0,10047846889952153;-0,374369323915237;2;6
2016-07-10;6;2016-07-10 06:00:00;10,63;13,22;-2,59;39496;1576;46816;8506;10675;1641;12316;10082;2169;65;2234;0,18139006170834687;0,20318501170960188;0,039609993906154786;-0,24365004703668858;2;6
2016-07-10;7;2016-07-10 07:00:00;10,1;13,92;-3,82;39496;4930;46816;7905;10146;4985;15131;12835;2241;55;2296;0,1517414579340427;0,22087522176227084;0,011033099297893681;-0,3782178217821782;2;6
2016-07-10;8;2016-07-10 08:00:00;12,36;13,19;-0,8300000000000001;39496;10133;46816;6883;9656;9829;19485;17016;2773;-304;2469;0,12671285604311008;0,287178956089478;-0,030928883914945568;-0,06715210355987056;2;6
2016-07-10;9;2016-07-10 09:00:00;10,64;14,46;-3,82;39496;15665;46816;7007;9564;15047;24611;22672;2557;-618;1939;0,07878590873999432;0,26735675449602675;-0,04107130989566026;-0,3590225563909774;2;6
2016-07-10;10;2016-07-10 10:00:00;7,62;11,81;-4,19;39496;20024;46816;8323;9714;19492;29206;28347;1391;-532;859;0,029411764705882353;0,14319538809965;-0,027293248512210138;-0,5498687664041996;2;6
2016-07-10;11;2016-07-10 11:00:00;9,12;12,55;-3,430000000000001;39496;22986;46816;9098;9849;22585;32434;32084;751;-401;350;0,010791145094653759;0,07625139608082039;-0,017755147221607263;-0,3760964912280703;2;6
2016-07-10;12;2016-07-10 12:00:00;6,88;6,91;-0,03000000000000025;39496;24400;46816;9400;9968;24221;34189;33800;568;-179;389;0,011377928573517798;0,05698234349919743;-0,007390281160976012;-0,004360465116279106;2;6
2016-07-10;13;2016-07-10 13:00:00;-0,08;3,08;-3,16;39496;24506;46816;9482;10056;24513;34569;33988;574;7;581;0,016806965778587753;0,057080350039777246;0,0002855627626157549;39,5;2;6
2016-07-10;14;2016-07-10 14:00:00;-0,9;1,0;-1,9;39496;23604;46816;9242;9874;23550;33424;32846;632;-54;578;0,017292963140258497;0,06400648166902978;-0,0022929936305732482;2,111111111111111;2;6
2016-07-10;15;2016-07-10 15:00:00;3,96;1,31;2,65;39496;21385;46816;8812;9269;21319;30588;30197;457;-66;391;0,012782790636851053;0,04930413205308016;-0,0030958300107884985;0,6691919191919192;2;6
2016-07-10;16;2016-07-10 16:00:00;10,14;7,25;2,890000000000001;39496;17915;46816;7925;8342;17875;26217;25840;417;-40;377;0,014379982454132814;0,049988012467034285;-0,0022377622377622378;0,2850098619329389;2;6
2016-07-10;17;2016-07-10 17:00:00;19,5;16,68;2,8200000000000003;39496;13098;46816;7098;7146;13141;20287;20196;48;43;91;0,004485631192389215;0,006717044500419815;0,0032722015067346475;0,14461538461538462;2;6
2016-07-10;18;2016-07-10 18:00:00;24,18;25,74;-1,5599999999999987;39496;7944;46816;5618;5948;7884;13832;13562;330;-60;270;0,019519953730480048;0,0554808338937458;-0,0076103500761035;-0,06451612903225801;2;6
2016-07-10;19;2016-07-10 19:00:00;29,93;33,48;-3,549999999999997;39496;3548;46816;4685;4933;3598;8531;8233;248;50;298;0,034931426561950536;0,0502736671396716;0,013896609227348526;-0,11861009021049106;2;6
2016-07-10;20;2016-07-10 20:00:00;30,91;35,28;-4,370000000000001;39496;1052;46816;4410;4604;1170;5774;5462;194;118;312;0,05403533079321095;0,0421372719374457;0,10085470085470086;-0,1413781947589777;2;6
2016-07-10;21;2016-07-10 21:00:00;30,92;35,62;-4,699999999999996;39496;69;46816;5434;5209;89;5298;5503;-225;20;-205;-0,03869384673461684;-0,04319447110769822;0,2247191011235955;-0,15200517464424307;2;6
2016-07-10;22;2016-07-10 22:00:00;31,49;37,09;-5,600000000000005;39496;0;46816;6721;6255;0;6255;6721;-466;0;-466;-0,07450039968025579;-0,07450039968025579;;-0,17783423308986995;2;6
2016-07-10;23;2016-07-10 23:00:00;29,81;34,87;-5,059999999999999;39496;0;46816;8490;7317;0;7317;8490;-1173;0;-1173;-0,16031160311603115;-0,16031160311603115;;-0,16974169741697415;2;6
2016-07-11;0;2016-07-11 00:00:00;20,6;27,99;-7,389999999999998;39498;0;46816;10364;9932;0;9932;10364;-432;0;-432;-0,04349577124446234;-0,04349577124446234;;-0,3587378640776698;2;0
2016-07-11;1;2016-07-11 01:00:00;20,56;21,82;-1,2600000000000016;39498;0;46816;11395;10469;0;10469;11395;-926;0;-926;-0,08845161906581335;-0,08845161906581335;;-0,061284046692607085;2;0
2016-07-11;2;2016-07-11 02:00:00;21,08;20,65;0,4299999999999997;39498;0;46816;12163;10640;0;10640;12163;-1523;0;-1523;-0,1431390977443609;-0,1431390977443609;;0,020398481973434524;2;0
2016-07-11;3;2016-07-11 03:00:00;19,96;17,49;2,4700000000000024;39498;0;46816;11660;10605;0;10605;11660;-1055;0;-1055;-0,09948137670909948;-0,09948137670909948;;0,12374749498998007;2;0
2016-07-11;4;2016-07-11 04:00:00;19,77;17,27;2,5;39498;0;46816;10904;10428;1;10429;10904;-476;1;-475;-0,04554607344903634;-0,04564633678557729;1,0;0,12645422357106728;2;0
2016-07-11;5;2016-07-11 05:00:00;22,1;20,96;1,1400000000000006;39498;175;46816;10740;10169;207;10376;10915;-571;32;-539;-0,05194680030840401;-0,05615104730061953;0,15458937198067632;0,051583710407239844;2;0
2016-07-11;6;2016-07-11 06:00:00;27,67;29,38;-1,7099999999999973;39498;1560;46816;10830;9895;1622;11517;12390;-935;62;-873;-0,07580098984110445;-0,0944921677614957;0,03822441430332922;-0,06179978315865548;2;0
2016-07-11;7;2016-07-11 07:00:00;32,03;30,96;1,0700000000000005;39498;4480;46816;10010;9730;4604;14334;14490;-280;124;-156;-0,010883214734198409;-0,02877697841726619;0,02693310165073849;0,033406181704651906;2;0
2016-07-11;8;2016-07-11 08:00:00;32,94;35,99;-3,0500000000000043;39498;8514;46816;10446;10108;8525;18633;18960;-338;11;-327;-0,01754950893575914;-0,033438860308666406;0,0012903225806451613;-0,09259259259259273;2;0
2016-07-11;9;2016-07-11 09:00:00;29,95;32,63;-2,6800000000000037;39498;12858;46816;12096;11314;12601;23915;24954;-782;-257;-1039;-0,04344553627430483;-0,06911790701785399;-0,020395206729624634;-0,0894824707846412;2;0
2016-07-11;10;2016-07-11 10:00:00;26,28;28,02;-1,7399999999999984;39498;16820;46816;14018;13103;16008;29111;30838;-915;-812;-1727;-0,05932465391089279;-0,06983133633519041;-0,050724637681159424;-0,0662100456621004;2;0
2016-07-11;11;2016-07-11 11:00:00;24,91;24,74;0,1700000000000017;39498;19524;46816;16318;14914;18256;33170;35842;-1404;-1268;-2672;-0,08055471811878204;-0,09413973447767199;-0,06945661700262927;0,006824568446407134;2;0
2016-07-11;12;2016-07-11 12:00:00;22,09;19,7;2,390000000000001;39498;19980;46816;17868;16554;19214;35768;37848;-1314;-766;-2080;-0,05815253858197271;-0,07937658571946357;-0,039866763818049336;0,10819375282933459;2;0
2016-07-11;13;2016-07-11 13:00:00;20,4;20,12;0,2799999999999976;39498;19172;46816;19066;17953;19020;36973;38238;-1113;-152;-1265;-0,03421415627620155;-0,06199520971425389;-0,007991587802313354;0,013725490196078313;2;0
2016-07-11;14;2016-07-11 14:00:00;20,08;24,11;-4,030000000000001;39498;17613;46816;19576;18754;17818;36572;37189;-822;205;-617;-0,01687083014327901;-0,043830649461448226;0,011505219441014704;-0,20069721115537856;2;0
2016-07-11;15;2016-07-11 15:00:00;20,34;24,7;-4,3599999999999985;39498;15564;46816;19496;19089;15645;34734;35060;-407;81;-326;-0,009385616398917487;-0,02132117973702132;0,005177372962607862;-0,21435594886922313;2;0
2016-07-11;16;2016-07-11 16:00:00;22,23;27,33;-5,099999999999998;39498;12370;46816;19128;18885;12664;31549;31498;-243;294;51;0,001616533012139846;-0,012867355043685465;0,02321541377132028;-0,22941970310391352;2;0
2016-07-11;17;2016-07-11 17:00:00;25,45;29,51;-4,060000000000001;39498;8964;46816;18268;18115;9192;27307;27232;-153;228;75;0,0027465485040465815;-0,00844603919403809;0,024804177545691905;-0,15952848722986254;2;0
2016-07-11;18;2016-07-11 18:00:00;28,8;35,71;-6,91;39498;6020;46816;17016;16815;5863;22678;23036;-201;-157;-358;-0,015786224534791428;-0,011953612845673506;-0,026778099948831655;-0,23993055555555556;2;0
2016-07-11;19;2016-07-11 19:00:00;31,25;36,1;-4,850000000000001;39498;3112;46816;14866;15351;3064;18415;17978;485;-48;437;0,02373065435786044;0,03159403296202202;-0,015665796344647518;-0,15520000000000003;2;0
2016-07-11;20;2016-07-11 20:00:00;31,48;36,28;-4,800000000000002;39498;1025;46816;12273;14100;990;15090;13298;1827;-35;1792;0,11875414181577204;0,1295744680851064;-0,03535353535353535;-0,1524777636594664;2;0
2016-07-11;21;2016-07-11 21:00:00;30,02;35,27;-5,250000000000004;39498;78;46816;10874;13437;73;13510;10952;2563;-5;2558;0,18934122871946707;0,19074198109697105;-0,0684931506849315;-0,17488341105929395;2;0
2016-07-11;22;2016-07-11 22:00:00;28,5;36,07;-7,57;39498;0;46816;10609;13153;0;13153;10609;2544;0;2544;0,19341595073367293;0,19341595073367293;;-0,2656140350877193;2;0
2016-07-11;23;2016-07-11 23:00:00;26,97;32,52;-5,550000000000003;39498;0;46816;10872;12996;0;12996;10872;2124;0;2124;0,1634349030470914;0,1634349030470914;;-0,20578420467185776;2;0
2016-07-12;0;2016-07-12 00:00:00;25,09;26,42;-1,3300000000000018;39500;0;46816;10670;12045;0;12045;10670;1375;0;1375;0,1141552511415525;0,1141552511415525;;-0,053009166998804376;2;1
2016-07-12;1;2016-07-12 01:00:00;23,98;23,99;-0,009999999999998009;39500;0;46816;10430;11690;0;11690;10430;1260;0;1260;0,10778443113772455;0,10778443113772455;;-0,0004170141784819853;2;1
2016-07-12;2;2016-07-12 02:00:00;22,39;23,23;-0,8399999999999999;39500;0;46816;9544;11182;0;11182;9544;1638;0;1638;0,146485423001252;0,146485423001252;;-0,03751674854845913;2;1
2016-07-12;3;2016-07-12 03:00:00;22,59;21,06;1,5300000000000011;39500;0;46816;9088;10554;0;10554;9088;1466;0;1466;0,13890468068978587;0,13890468068978587;;0,0677290836653387;2;1
2016-07-12;4;2016-07-12 04:00:00;22,58;23,76;-1,1800000000000033;39500;0;46816;8665;9953;1;9954;8665;1288;1;1289;0,12949568012859153;0,12940821862754948;1,0;-0,05225863596102761;2;1
2016-07-12;5;2016-07-12 05:00:00;24,51;24,47;0,0400000000000027;39500;121;46816;8047;9393;159;9552;8168;1346;38;1384;0,14489112227805695;0,1432982007878207;0,2389937106918239;0,0016319869441045573;2;1
2016-07-12;6;2016-07-12 06:00:00;28,53;28,6;-0,07000000000000027;39500;1057;46816;7910;8883;1246;10129;8967;973;189;1162;0,11472011057360056;0,1095350669818755;0,15168539325842698;-0,0024535576586049864;2;1
2016-07-12;7;2016-07-12 07:00:00;33,63;34,64;-1,009999999999998;39500;3022;46816;7211;8507;3545;12052;10233;1296;523;1819;0,15092930633919682;0,15234512754202423;0,14753173483779972;-0,030032708890871184;2;1
2016-07-12;8;2016-07-12 08:00:00;34,94;38,09;-3,1500000000000057;39500;5848;46816;7075;8409;6522;14931;12923;1334;674;2008;0,13448529904226106;0,15863955286003092;0,10334253296534805;-0,09015455065827149;2;1
2016-07-12;9;2016-07-12 09:00:00;31,98;37,68;-5,699999999999998;39500;8766;46816;7647;8463;9603;18066;16413;816;837;1653;0,09149784124875457;0,09641970932293513;0,08716026241799438;-0,17823639774859282;2;1
2016-07-12;10;2016-07-12 10:00:00;31,96;35,01;-3,049999999999997;39500;11442;46816;8590;8569;12083;20652;20032;-21;641;620;0,030021305442572147;-0,002450694363402964;0,05304973930315319;-0,09543178973717137;2;1
2016-07-12;11;2016-07-12 11:00:00;32,7;33,94;-1,2399999999999949;39500;13230;46816;9524;8648;13688;22336;22754;-876;458;-418;-0,018714183381088826;-0,10129509713228492;0,03345996493278784;-0,037920489296635926;2;1
2016-07-12;12;2016-07-12 12:00:00;31,44;32,53;-1,09;39500;14485;46816;9676;8506;14451;22957;24161;-1170;-34;-1204;-0,05244587707453065;-0,13754996473077827;-0,0023527783544391393;-0,03466921119592876;2;1
2016-07-12;13;2016-07-12 13:00:00;29,99;31,84;-1,8500000000000012;39500;14406;46816;9483;8236;14404;22640;23889;-1247;-2;-1249;-0,0551678445229682;-0,15140845070422534;-0,00013885031935573453;-0,06168722907635883;2;1
2016-07-12;14;2016-07-12 14:00:00;30,22;33,12;-2,8999999999999986;39500;13041;46816;8737;7841;13796;21637;21778;-896;755;-141;-0,006516615057540325;-0,11427113888534626;0,05472600753841693;-0,09596293845135667;2;1
2016-07-12;15;2016-07-12 15:00:00;30,42;36,38;-5,960000000000001;39500;10992;46816;7855;7279;12522;19801;18847;-576;1530;954;0,048179384879551534;-0,07913174886660256;0,122184954480115;-0,19592373438527286;2;1
2016-07-12;16;2016-07-12 16:00:00;30,32;35,76;-5,439999999999998;39500;8549;46816;6277;6649;10388;17037;14826;372;1839;2211;0,1297763690790632;0,05594826289667619;0,17703118983442434;-0,17941952506596298;2;1
2016-07-12;17;2016-07-12 17:00:00;31,91;38,31;-6,400000000000002;39500;6016;46816;4710;5779;7787;13566;10726;1069;1771;2840;0,2093468966533982;0,18498010036338466;0,22743033260562476;-0,20056408649326238;2;1
2016-07-12;18;2016-07-12 18:00:00;33,03;46,98;-13,949999999999996;39500;4014;46816;3869;4631;5069;9700;7883;762;1055;1817;0,18731958762886597;0,16454329518462535;0,20812783586506214;-0,42234332425068105;2;1
2016-07-12;19;2016-07-12 19:00:00;33,61;42,56;-8,950000000000003;39500;2232;46816;2926;3633;2618;6251;5158;707;386;1093;0,1748520236762118;0,19460500963391136;0,14744079449961803;-0,26628979470395725;2;1
2016-07-12;20;2016-07-12 20:00:00;33,06;38,75;-5,689999999999998;39500;766;46816;2346;2818;836;3654;3112;472;70;542;0,14833059660645867;0,16749467707594037;0,08373205741626795;-0,1721113127646702;2;1
2016-07-12;21;2016-07-12 21:00:00;33,67;37,6;-3,93;39500;64;46816;1998;2413;63;2476;2062;415;-1;414;0,16720516962843296;0,17198508081226688;-0,015873015873015872;-0,11672111672111672;2;1
2016-07-12;22;2016-07-12 22:00:00;33,38;37,73;-4,349999999999993;39500;0;46816;2202;2227;0;2227;2202;25;0;25;0,01122586439155815;0,01122586439155815;;-0,13031755542240842;2;1
2016-07-12;23;2016-07-12 23:00:00;30,84;32,45;-1,6100000000000032;39500;0;46816;2285;2122;0;2122;2285;-163;0;-163;-0,0768143261074458;-0,0768143261074458;;-0,05220492866407274;2;1
2016-07-13;0;2016-07-13 00:00:00;27,95;19,57;8,379999999999999;39503;0;46828;2215;1877;0;1877;2215;-338;0;-338;-0,18007458710708577;-0,18007458710708577;;0,2998211091234347;2;2
2016-07-13;1;2016-07-13 01:00:00;27,16;21,69;5,469999999999999;39503;0;46828;1934;1756;0;1756;1934;-178;0;-178;-0,10136674259681093;-0,10136674259681093;;0,2013991163475699;2;2
2016-07-13;2;2016-07-13 02:00:00;26,05;22,88;3,1700000000000017;39503;0;46828;1555;1660;0;1660;1555;105;0;105;0,06325301204819277;0,06325301204819277;;0,12168905950095975;2;2
2016-07-13;3;2016-07-13 03:00:00;25,0;23,54;1,4600000000000009;39503;0;46828;1430;1599;0;1599;1430;169;0;169;0,10569105691056911;0,10569105691056911;;0,058400000000000035;2;2
2016-07-13;4;2016-07-13 04:00:00;25,1;24,01;1,09;39503;0;46828;1313;1536;1;1537;1313;223;1;224;0,1457384515289525;0,14518229166666666;1,0;0,04342629482071713;2;2
2016-07-13;5;2016-07-13 05:00:00;26,18;23,86;2,3200000000000003;39503;130;46828;1371;1437;150;1587;1501;66;20;86;0,05419029615626969;0,04592901878914405;0,13333333333333333;0,08861726508785334;2;2
2016-07-13;6;2016-07-13 06:00:00;31,85;27,8;4,050000000000002;39503;1166;46828;1591;1310;1278;2588;2757;-281;112;-169;-0,06530139103554869;-0,21450381679389313;0,08763693270735524;0,12715855572998436;2;2
2016-07-13;7;2016-07-13 07:00:00;34,94;33,61;1,3299999999999983;39503;3308;46828;1348;1189;3666;4855;4656;-159;358;199;0,04098867147270855;-0,13372582001682085;0,09765411893071467;0,038065254722381175;2;2
2016-07-13;8;2016-07-13 08:00:00;40,42;34,04;6,380000000000003;39503;6281;46828;960;1161;6794;7955;7241;201;513;714;0,08975487115021999;0,1731266149870801;0,07550780100088313;0,15784265215239987;2;2
2016-07-13;9;2016-07-13 09:00:00;40,62;36,91;3,7100000000000013;39503;9905;46828;945;1257;10024;11281;10850;312;119;431;0,038205832816239696;0,24821002386634844;0,011871508379888268;0,09133431806991633;2;2
2016-07-13;10;2016-07-13 10:00:00;39,36;35,14;4,219999999999999;39503;12949;46828;1120;1438;12678;14116;14069;318;-271;47;0,003329555114763389;0,2211404728789986;-0,021375611295156964;0,10721544715447152;2;2
2016-07-13;11;2016-07-13 11:00:00;39,66;35,05;4,6099999999999985;39503;14550;46828;1356;1698;14466;16164;15906;342;-84;258;0,015961395694135114;0,20141342756183744;-0,005806719203649938;0,11623802319717597;2;2
2016-07-13;12;2016-07-13 12:00:00;36,03;33,58;2,450000000000003;39503;14938;46828;2248;2026;15353;17379;17186;-222;415;193;0,011105357040105875;-0,10957551826258638;0,02703054777567902;0,06799888981404392;2;2
2016-07-13;13;2016-07-13 13:00:00;36,05;33,79;2,259999999999998;39503;13561;46828;2946;2362;15272;17634;16507;-584;1711;1127;0,06391062719745945;-0,2472480948348857;0,11203509690937663;0,06269070735090147;2;2
2016-07-13;14;2016-07-13 14:00:00;35,36;32,83;2,5300000000000007;39503;12464;46828;3134;2750;14170;16920;15598;-384;1706;1322;0,0781323877068558;-0,13963636363636364;0,12039520112914609;0,07154977375565613;2;2
2016-07-13;15;2016-07-13 15:00:00;32,87;30,11;2,759999999999998;39503;11267;46828;3240;3141;12485;15626;14507;-99;1218;1119;0,07161141686932036;-0,03151862464183381;0,09755706848217861;0,08396714329175535;2;2
2016-07-13;16;2016-07-13 16:00:00;31,94;31,31;0,6300000000000026;39503;9255;46828;3688;3502;10274;13776;12943;-186;1019;833;0,06046747967479675;-0,05311250713877784;0,09918240218026085;0,019724483406387053;2;2
2016-07-13;17;2016-07-13 17:00:00;32,94;32,12;0,8200000000000003;39503;6627;46828;3706;3822;7648;11470;10333;116;1021;1137;0,099128160418483;0,030350601779173206;0,1334989539748954;0,024893746205221626;2;2
2016-07-13;18;2016-07-13 18:00:00;34,22;31,81;2,41;39503;4196;46828;4207;4082;4855;8937;8403;-125;659;534;0,05975159449479691;-0,030622243998040175;0,1357363542739444;0,07042665108123905;2;2
2016-07-13;19;2016-07-13 19:00:00;35,06;31,76;3,3000000000000007;39503;2105;46828;4092;4345;2466;6811;6197;253;361;614;0,09014828953163999;0,05822784810126582;0,14639091646390917;0,09412435824301199;2;2
2016-07-13;20;2016-07-13 20:00:00;33,01;32,55;0,4600000000000009;39503;628;46828;3829;4355;771;5126;4457;526;143;669;0,13051111978150604;0,12078071182548794;0,185473411154345;0,013935171160254497;2;2
2016-07-13;21;2016-07-13 21:00:00;30,81;30,04;0,7699999999999996;39503;54;46828;3672;4316;54;4370;3726;644;0;644;0,14736842105263157;0,14921223354958293;0,0;0,02499188575137941;2;2
2016-07-13;22;2016-07-13 22:00:00;31,4;29,45;1,9499999999999995;39503;0;46828;3744;4364;0;4364;3744;620;0;620;0,14207149404216315;0,14207149404216315;;0,062101910828025464;2;2
2016-07-13;23;2016-07-13 23:00:00;27,86;27,62;0,23999999999999844;39503;0;46828;4242;4564;0;4564;4242;322;0;322;0,0705521472392638;0,0705521472392638;;0,008614501076812579;2;2
2016-07-14;0;2016-07-14 00:00:00;23,46;26,11;-2,6499999999999986;39509;0;46844;4907;5120;0;5120;4907;213;0;213;0,0416015625;0,0416015625;;-0,1129582267689684;2;3
2016-07-14;1;2016-07-14 01:00:00;23,24;24,95;-1,7100000000000009;39509;0;46844;5724;5503;0;5503;5724;-221;0;-221;-0,04015991277485008;-0,04015991277485008;;-0,07358003442340796;2;3
2016-07-14;2;2016-07-14 02:00:00;22,1;22,66;-0,5599999999999987;39509;0;46844;6492;5929;0;5929;6492;-563;0;-563;-0,09495699106088716;-0,09495699106088716;;-0,025339366515837045;2;3
2016-07-14;3;2016-07-14 03:00:00;21,83;19,75;2,0799999999999983;39509;0;46844;7004;6515;0;6515;7004;-489;0;-489;-0,0750575594781274;-0,0750575594781274;;0,09528172240036639;2;3
2016-07-14;4;2016-07-14 04:00:00;21,06;16,6;4,459999999999997;39509;0;46844;7224;7212;0;7212;7224;-12;0;-12;-0,0016638935108153079;-0,0016638935108153079;;0,211775878442545;2;3
2016-07-14;5;2016-07-14 05:00:00;22,05;18,57;3,4800000000000004;39509;80;46844;7760;7843;100;7943;7840;83;20;103;0,012967392672793655;0,010582685196990948;0,2;0,1578231292517007;2;3
2016-07-14;6;2016-07-14 06:00:00;24,06;22,88;1,1799999999999995;39509;777;46844;7946;8220;922;9142;8723;274;145;419;0,04583242178954277;0,03333333333333333;0,15726681127982647;0,04904405652535326;2;3
2016-07-14;7;2016-07-14 07:00:00;29,42;28,25;1,1700000000000017;39509;2354;46844;7934;8652;2835;11487;10288;718;481;1199;0,10437886306259249;0,08298659269533055;0,16966490299823633;0,03976886471787905;2;3
2016-07-14;8;2016-07-14 08:00:00;32,05;30,49;1,5599999999999987;39509;4736;46844;8125;9529;5493;15022;12861;1404;757;2161;0,14385567833843696;0,14733969986357434;0,13781176042235574;0,04867394695787828;2;3
2016-07-14;9;2016-07-14 09:00:00;31,02;26,4;4,620000000000001;39509;7311;46844;9444;10484;8414;18898;16755;1040;1103;2143;0,11339824320033866;0,09919877909194964;0,1310910387449489;0,14893617021276598;2;3
2016-07-14;10;2016-07-14 10:00:00;29,8;26,97;2,830000000000002;39509;9613;46844;11309;11345;11156;22501;20922;36;1543;1579;0,07017465890404871;0,0031732040546496253;0,1383112226604518;0,09496644295302019;2;3
2016-07-14;11;2016-07-14 11:00:00;30,43;26,64;3,7899999999999987;39509;11424;46844;12829;12120;13486;25606;24253;-709;2062;1353;0,052839178317581816;-0,0584983498349835;0,15289930298086904;0,12454814327965819;2;3
2016-07-14;12;2016-07-14 12:00:00;27,58;26,18;1,3999999999999986;39509;12532;46844;13359;12879;15006;27885;25891;-480;2474;1994;0,0715079792002869;-0,03726997437689262;0,16486738637878182;0,050761421319796905;2;3
2016-07-14;13;2016-07-14 13:00:00;25,06;23,17;1,8899999999999968;39509;13088;46844;14037;13726;15448;29174;27125;-311;2360;2049;0,07023376979502297;-0,022657729855748217;0,15277058518902123;0,0754189944134077;2;3
2016-07-14;14;2016-07-14 14:00:00;22,54;21,75;0,7899999999999991;39509;13302;46844;14240;14440;15146;29586;27542;200;1844;2044;0,06908673021023456;0,013850415512465374;0,12174831638716493;0,03504880212954743;2;3
2016-07-14;15;2016-07-14 15:00:00;20,65;19,35;1,2999999999999972;39509;12553;46844;14467;14815;13946;28761;27020;348;1393;1741;0,06053336114877786;0,023489706378670268;0,09988527176251255;0,06295399515738485;2;3
2016-07-14;16;2016-07-14 16:00:00;20,66;18,6;2,0599999999999987;39509;11188;46844;14696;14969;11786;26755;25884;273;598;871;0,03255466267987292;0,01823769122853898;0,05073816392329883;0,09970958373668919;2;3
2016-07-14;17;2016-07-14 17:00:00;22,09;18,93;3,16;39509;8875;46844;15183;14977;8939;23916;24058;-206;64;-142;-0,005937447733734738;-0,01375442344928891;0,007159637543349368;0,14305115436849253;2;3
2016-07-14;18;2016-07-14 18:00:00;25,74;21,47;4,27;39509;5828;46844;15774;14710;5784;20494;21602;-1064;-44;-1108;-0,05406460427442178;-0,07233174711080897;-0,007607192254495159;0,1658896658896659;2;3
2016-07-14;19;2016-07-14 19:00:00;28,95;23,72;5,23;39509;2838;46844;15963;14457;2929;17386;18801;-1506;91;-1415;-0,08138732313355573;-0,10417098983191533;0,031068624103789688;0,18065630397236618;2;3
2016-07-14;20;2016-07-14 20:00:00;27,93;21,6;6,329999999999997;39509;820;46844;16035;14252;882;15134;16855;-1783;62;-1721;-0,11371745738073212;-0,12510524838619141;0,07029478458049887;0,22663802363050475;2;3
2016-07-14;21;2016-07-14 21:00:00;25,65;20,42;5,229999999999997;39509;42;46844;16488;14396;51;14447;16530;-2092;9;-2083;-0,14418218315221154;-0,14531814392886913;0,17647058823529413;0,20389863547758275;2;3
2016-07-14;22;2016-07-14 22:00:00;25,56;22,13;3,43;39509;0;46844;16997;14724;0;14724;16997;-2273;0;-2273;-0,154373811464276;-0,154373811464276;;0,13419405320813774;2;3
2016-07-14;23;2016-07-14 23:00:00;21,85;20,87;0,9800000000000004;39509;0;46844;17158;15105;0;15105;17158;-2053;0;-2053;-0,13591525984773253;-0,13591525984773253;;0,04485125858123572;2;3
2016-07-15;0;2016-07-15 00:00:00;18,92;14,19;4,730000000000002;39512;0;46856;16964;15398;0;15398;16964;-1566;0;-1566;-0,10170151967788024;-0,10170151967788024;;0,2500000000000001;2;4
2016-07-15;1;2016-07-15 01:00:00;19,87;14,01;5,860000000000001;39512;0;46856;16722;15578;0;15578;16722;-1144;0;-1144;-0,07343689818975478;-0,07343689818975478;;0,29491696024157027;2;4
2016-07-15;2;2016-07-15 02:00:00;17,02;11,55;5,469999999999999;39512;0;46856;16765;15704;0;15704;16765;-1061;0;-1061;-0,06756240448293428;-0,06756240448293428;;0,3213866039952996;2;4
2016-07-15;3;2016-07-15 03:00:00;13,16;4,4;8,76;39512;0;46856;16503;15771;0;15771;16503;-732;0;-732;-0,046414304736541755;-0,046414304736541755;;0,6656534954407295;2;4
2016-07-15;4;2016-07-15 04:00:00;15,06;6,64;8,420000000000002;39512;0;46856;16514;15845;1;15846;16514;-669;1;-668;-0,04215574908494257;-0,04222152098453771;1,0;0,5590969455511289;2;4
2016-07-15;5;2016-07-15 05:00:00;18,88;9,65;9,23;39512;81;46856;16422;15983;114;16097;16503;-439;33;-406;-0,025222091072870722;-0,027466683351060502;0,2894736842105263;0,48887711864406785;2;4
2016-07-15;6;2016-07-15 06:00:00;23,44;15,05;8,39;39512;956;46856;16367;16231;1152;17383;17323;-136;196;60;0,0034516481619973538;-0,008379027786334791;0,1701388888888889;0,35793515358361777;2;4
2016-07-15;7;2016-07-15 07:00:00;29,08;25,21;3,869999999999997;39512;3001;46856;15611;16425;3439;19864;18612;814;438;1252;0,06302859444220701;0,049558599695586;0,127362605408549;0,13308115543328738;2;4
2016-07-15;8;2016-07-15 08:00:00;30,08;31,9;-1,8200000000000005;39512;6051;46856;15273;16675;6392;23067;21324;1402;341;1743;0,07556249187150475;0,08407796101949025;0,05334793491864831;-0,06050531914893619;2;4
2016-07-15;9;2016-07-15 09:00:00;31,82;31,54;0,28000000000000114;39512;9287;46856;15243;16944;9537;26481;24530;1701;250;1951;0,07367546542804275;0,10038951841359774;0,026213694033763238;0,00879949717159023;2;4
2016-07-15;10;2016-07-15 10:00:00;29,94;28,91;1,0300000000000011;39512;11822;46856;15242;16978;12230;29208;27064;1736;408;2144;0,07340454669953438;0,10224997055012369;0,03336058871627146;0,03440213760855047;2;4
2016-07-15;11;2016-07-15 11:00:00;29,73;28,68;1,0500000000000007;39512;13015;46856;14916;16783;14246;31029;27931;1867;1231;3098;0,09984208321247864;0,11124352022880296;0,08641022041274744;0,035317860746720504;2;4
2016-07-15;12;2016-07-15 12:00:00;27,39;30,93;-3,5399999999999987;39512;13336;46856;14964;16420;15436;31856;28300;1456;2100;3556;0,11162732295328981;0,08867235079171741;0,13604560767038093;-0,12924424972617737;2;4
2016-07-15;13;2016-07-15 13:00:00;23,8;27,62;-3,82;39512;13687;46856;15018;16060;15890;31950;28705;1042;2203;3245;0,10156494522691706;0,06488169364881693;0,13864065449968532;-0,16050420168067225;2;4
2016-07-15;14;2016-07-15 14:00:00;22,93;27,13;-4,199999999999998;39512;13735;46856;14504;15725;15589;31314;28239;1221;1854;3075;0,09819888867599157;0,07764705882352942;0,1189300147539932;-0,1831661578717836;2;4
2016-07-15;15;2016-07-15 15:00:00;22,02;24,56;-2,539999999999999;39512;12934;46856;13998;15430;14332;29762;26932;1432;1398;2830;0,0950876957193737;0,09280622164614387;0,09754395757744906;-0,11534968210717526;2;4
2016-07-15;16;2016-07-15 16:00:00;22,82;22,89;-0,07000000000000027;39512;11430;46856;13182;14847;12240;27087;24612;1665;810;2475;0,09137224498837081;0,11214386744796928;0,0661764705882353;-0,003067484662576699;2;4
2016-07-15;17;2016-07-15 17:00:00;27,71;25,54;2,1700000000000017;39512;9049;46856;11868;13755;9438;23193;20917;1887;389;2276;0,098133057388005;0,1371864776444929;0,04121635939817758;0,0783110790328402;2;4
2016-07-15;18;2016-07-15 18:00:00;31,92;29,68;2,240000000000002;39512;6230;46856;9982;12104;6168;18272;16212;2122;-62;2060;0,11274080560420316;0,17531394580304033;-0,010051880674448769;0,0701754385964913;2;4
2016-07-15;19;2016-07-15 19:00:00;34,67;31,04;3,6300000000000026;39512;3305;46856;7507;10279;3109;13388;10812;2772;-196;2576;0,19241111443083359;0,2696760385251484;-0,06304277902862657;0,10470147101240272;2;4
2016-07-15;20;2016-07-15 20:00:00;32,73;32,03;0,6999999999999957;39512;1024;46856;5638;8565;943;9508;6662;2927;-81;2846;0,2993268826251578;0,34173963806187974;-0,08589607635206786;0,021387106630002928;2;4
2016-07-15;21;2016-07-15 21:00:00;32,25;32,15;0,10000000000000142;39512;61;46856;4470;7394;54;7448;4531;2924;-7;2917;0,3916487647690655;0,3954557749526643;-0,12962962962962962;0,003100775193798494;2;4
2016-07-15;22;2016-07-15 22:00:00;34,94;34,14;0,7999999999999972;39512;0;46856;4244;6520;0;6520;4244;2276;0;2276;0,349079754601227;0,349079754601227;;0,02289639381797359;2;4
2016-07-15;23;2016-07-15 23:00:00;33,78;29,1;4,68;39512;0;46856;4306;6037;0;6037;4306;1731;0;1731;0,2867318204406162;0,2867318204406162;;0,13854351687388985;2;4
2016-07-16;0;2016-07-16 00:00:00;27,53;32,57;-5,039999999999999;39512;0;46865;4572;5257;0;5257;4572;685;0;685;0,1303024538710291;0,1303024538710291;;-0,18307301126044312;2;5
2016-07-16;1;2016-07-16 01:00:00;23,82;23,49;0,33000000000000185;39512;0;46865;4844;5525;0;5525;4844;681;0;681;0,1232579185520362;0,1232579185520362;;0,013853904282115947;2;5
2016-07-16;2;2016-07-16 02:00:00;23,0;22,72;0,28000000000000114;39512;0;46865;5283;5994;0;5994;5283;711;0;711;0,11861861861861862;0,11861861861861862;;0,012173913043478311;2;5
2016-07-16;3;2016-07-16 03:00:00;22,0;21,42;0,5799999999999983;39512;0;46865;5720;6450;0;6450;5720;730;0;730;0,11317829457364341;0,11317829457364341;;0,026363636363636287;2;5
2016-07-16;4;2016-07-16 04:00:00;21,91;20,11;1,8000000000000007;39512;0;46865;6142;6719;1;6720;6142;577;1;578;0,08601190476190476;0,08587587438606936;1,0;0,08215426745778187;2;5
2016-07-16;5;2016-07-16 05:00:00;21,79;19,3;2,4899999999999984;39512;123;46865;6188;6717;160;6877;6311;529;37;566;0,08230332994038098;0,07875539675450349;0,23125;0,11427260211106005;2;5
2016-07-16;6;2016-07-16 06:00:00;22,01;19,1;2,91;39512;1204;46865;6091;6555;1422;7977;7295;464;218;682;0,0854958004262254;0,07078565980167811;0,15330520393811534;0,13221263062244434;2;5
2016-07-16;7;2016-07-16 07:00:00;22,47;20,82;1,6499999999999986;39512;3908;46865;5513;6389;4533;10922;9421;876;625;1501;0,13742904229994507;0,13711065894506183;0,13787778513125964;0,07343124165554066;2;5
2016-07-16;8;2016-07-16 08:00:00;23,34;22,63;0,7100000000000009;39512;8041;46865;5129;6200;8883;15083;13170;1071;842;1913;0,12683153218855664;0,17274193548387096;0,0947877969154565;0,030419880034275957;2;5
2016-07-16;9;2016-07-16 09:00:00;22,96;22,4;0,5600000000000023;39512;12340;46865;5591;6133;13215;19348;17931;542;875;1417;0,07323754393218937;0,08837436817218328;0,06621263715474839;0,024390243902439122;2;5
2016-07-16;10;2016-07-16 10:00:00;21,99;20,57;1,4199999999999982;39512;15500;46865;6477;6108;16292;22400;21977;-369;792;423;0,018883928571428572;-0,06041257367387033;0,04861281610606433;0,06457480673033189;2;5
2016-07-16;11;2016-07-16 11:00:00;21,93;19,33;2,6000000000000014;39512;16360;46865;6645;6042;17841;23883;23005;-603;1481;878;0,03676255076832894;-0,09980139026812314;0,08301104198195168;0,11855905152758785;2;5
2016-07-16;12;2016-07-16 12:00:00;22,89;19,47;3,4200000000000017;39512;17014;46865;6228;5981;18355;24336;23242;-247;1341;1094;0,04495397764628534;-0,041297441899347934;0,0730591119585944;0,1494102228047183;2;5
2016-07-16;13;2016-07-16 13:00:00;21,98;18,97;3,0100000000000016;39512;17560;46865;5947;5992;18068;24060;23507;45;508;553;0,022984206151288447;0,007510013351134846;0,028116006198804517;0,13694267515923575;2;5
2016-07-16;14;2016-07-16 14:00:00;21,93;18,27;3,66;39512;17199;46865;5808;6036;16973;23009;23007;228;-226;2;8,692250858359773e-05;0,03777335984095427;-0,013315265421551876;0,16689466484268126;2;5
2016-07-16;15;2016-07-16 15:00:00;22,21;18,43;3,780000000000001;39512;15894;46865;5689;6094;15045;21139;21583;405;-849;-444;-0,02100383178012205;0,06645881194617656;-0,05643070787637089;0,17019360648356602;2;5
2016-07-16;16;2016-07-16 16:00:00;23,36;18,11;5,25;39512;13340;46865;5477;6031;12351;18382;18817;554;-989;-435;-0,023664454357523665;0,09185872989553971;-0,08007448789571694;0,2247431506849315;2;5
2016-07-16;17;2016-07-16 17:00:00;25,38;20,77;4,6099999999999985;39512;9728;46865;5547;5753;9056;14809;15275;206;-672;-466;-0,03146735093524208;0,03580740483226143;-0,07420494699646643;0,181639085894405;2;5
2016-07-16;18;2016-07-16 18:00:00;30,3;26,2;4,100000000000001;39512;5840;46865;5425;5251;5505;10756;11265;-174;-335;-509;-0,0473224246931945;-0,03313654541992001;-0,06085376930063579;0,13531353135313537;2;5
2016-07-16;19;2016-07-16 19:00:00;31,92;27,84;4,080000000000002;39512;2742;46865;4951;4715;2549;7264;7693;-236;-193;-429;-0,059058370044052864;-0,050053022269353126;-0,07571596704590035;0,1278195488721805;2;5
2016-07-16;20;2016-07-16 20:00:00;30,61;25,74;4,870000000000001;39512;716;46865;4206;4222;748;4970;4922;16;32;48;0,0096579476861167;0,0037896731406916154;0,0427807486631016;0,15909833387781774;2;5
2016-07-16;21;2016-07-16 21:00:00;30,99;27,23;3,759999999999998;39512;34;46865;3921;3971;38;4009;3955;50;4;54;0,013469693190321775;0,012591286829513977;0,10526315789473684;0,12132946111648914;2;5
2016-07-16;22;2016-07-16 22:00:00;32,16;26,39;5,769999999999996;39512;0;46865;3813;3914;0;3914;3813;101;0;101;0,0258048032703117;0,0258048032703117;;0,17941542288557202;2;5
2016-07-16;23;2016-07-16 23:00:00;27,78;23,73;4,050000000000002;39512;0;46865;3750;3903;0;3903;3750;153;0;153;0,03920061491160646;0,03920061491160646;;0,1457883369330454;2;5
2016-07-17;0;2016-07-17 00:00:00;24,53;20,72;3,8100000000000014;39512;0;46890;3420;3940;0;3940;3420;520;0;520;0,1319796954314721;0,1319796954314721;;0,15532001630656345;2;6
2016-07-17;1;2016-07-17 01:00:00;21,04;18,97;2,0700000000000003;39512;0;46890;3384;3815;0;3815;3384;431;0;431;0,11297509829619921;0,11297509829619921;;0,09838403041825097;2;6
2016-07-17;2;2016-07-17 02:00:00;21,03;19,3;1,7300000000000004;39512;0;46890;3395;3648;0;3648;3395;253;0;253;0,0693530701754386;0,0693530701754386;;0,08226343319068;2;6
2016-07-17;3;2016-07-17 03:00:00;20,17;18,53;1,6400000000000006;39512;0;46890;3012;3510;0;3510;3012;498;0;498;0,14188034188034188;0,14188034188034188;;0,08130887456618743;2;6
2016-07-17;4;2016-07-17 04:00:00;19,57;19,88;-0,3099999999999987;39512;0;46890;2869;3315;0;3315;2869;446;0;446;0,13453996983408748;0,13453996983408748;;-0,01584057230454771;2;6
2016-07-17;5;2016-07-17 05:00:00;19,4;20,0;-0,6000000000000014;39512;73;46890;2502;3041;88;3129;2575;539;15;554;0,17705337168424418;0,17724432752384084;0,17045454545454544;-0,030927835051546466;2;6
2016-07-17;6;2016-07-17 06:00:00;19,01;19,5;-0,4899999999999984;39512;780;46890;2110;2787;898;3685;2890;677;118;795;0,2157394843962008;0,242913527090061;0,13140311804008908;-0,02577590741714878;2;6
2016-07-17;7;2016-07-17 07:00:00;20,96;19,91;1,0500000000000007;39512;2610;46890;1871;2678;2769;5447;4481;807;159;966;0,17734532770332292;0,30134428678117997;0,05742145178764897;0,05009541984732828;2;6
2016-07-17;8;2016-07-17 08:00:00;21,13;20,88;0,25;39512;5352;46890;1769;2753;5328;8081;7121;984;-24;960;0,11879717856700904;0,3574282600799128;-0,0045045045045045045;0,011831519167061051;2;6
2016-07-17;9;2016-07-17 09:00:00;22,3;22,26;0,03999999999999915;39512;9042;46890;2099;3115;8253;11368;11141;1016;-789;227;0,019968332160450387;0,3261637239165329;-0,09560159941839332;0,001793721973094132;2;6
2016-07-17;10;2016-07-17 10:00:00;20,77;20,17;0,5999999999999979;39512;12543;46890;2864;3777;10998;14775;15407;913;-1545;-632;-0,04277495769881557;0,24172623775483187;-0,14048008728859793;0,02888781896966769;2;6
2016-07-17;11;2016-07-17 11:00:00;21,99;19,51;2,479999999999997;39512;15062;46890;3796;4555;13186;17741;18858;759;-1876;-1117;-0,06296150160644834;0,16663007683863887;-0,14227210677991808;0,11277853569804443;2;6
2016-07-17;12;2016-07-17 12:00:00;21,03;17,34;3,690000000000001;39512;16059;46890;5096;5264;14564;19828;21155;168;-1495;-1327;-0,06692555981440387;0,031914893617021274;-0,102650370777259;0,17546362339514981;2;6
2016-07-17;13;2016-07-17 13:00:00;16,19;11,92;4,270000000000001;39512;15844;46890;6084;5934;14949;20883;21928;-150;-895;-1045;-0,05004070296413351;-0,025278058645096056;-0,05987022543313934;0,2637430512662138;2;6
2016-07-17;14;2016-07-17 14:00:00;13,06;9,27;3,7900000000000014;39512;15239;46890;7280;6359;14692;21051;22519;-921;-547;-1468;-0,06973540449384827;-0,14483409341091366;-0,0372311462020147;0,29019908116385923;2;6
2016-07-17;15;2016-07-17 15:00:00;13,06;8,42;4,6400000000000015;39512;14144;46890;7924;6489;13678;20167;22068;-1435;-466;-1901;-0,0942629047453761;-0,22114347357065803;-0,0340693083784179;0,3552833078101073;2;6
2016-07-17;16;2016-07-17 16:00:00;13,02;9,03;3,99;39512;12744;46890;7811;6514;11885;18399;20555;-1297;-859;-2156;-0,11718028153704006;-0,19910961007061714;-0,07227597812368532;0,3064516129032258;2;6
2016-07-17;17;2016-07-17 17:00:00;20,03;14,97;5,0600000000000005;39512;10038;46890;7542;6355;9298;15653;17580;-1187;-740;-1927;-0,12310739155433463;-0,18678206136900077;-0,0795870079587008;0,2526210683974039;2;6
2016-07-17;18;2016-07-17 18:00:00;22,4;20,74;1,66;39512;6827;46890;6670;5875;6054;11929;13497;-795;-773;-1568;-0,1314443792438595;-0,13531914893617022;-0,1276841757515692;0,07410714285714286;2;6
2016-07-17;19;2016-07-17 19:00:00;27,37;24,56;2,8100000000000023;39512;3411;46890;5454;5180;2998;8178;8865;-274;-413;-687;-0,08400586940572267;-0,05289575289575289;-0,13775850567044695;0,10266715381804904;2;6
2016-07-17;20;2016-07-17 20:00:00;28,07;26,98;1,09;39512;997;46890;4748;4550;888;5438;5745;-198;-109;-307;-0,05645457888929754;-0,04351648351648352;-0,12274774774774774;0,03883149269682936;2;6
2016-07-17;21;2016-07-17 21:00:00;30,09;28,97;1,120000000000001;39512;56;46890;4570;4172;48;4220;4626;-398;-8;-406;-0,0962085308056872;-0,09539789069990412;-0,16666666666666666;0,03722166832834832;2;6
2016-07-17;22;2016-07-17 22:00:00;30,57;26,83;3,740000000000002;39512;0;46890;4313;4075;0;4075;4313;-238;0;-238;-0,05840490797546012;-0,05840490797546012;;0,12234216552175342;2;6
2016-07-17;23;2016-07-17 23:00:00;29,0;27,33;1,6700000000000017;39512;0;46890;4129;4121;0;4121;4129;-8;0;-8;-0,001941276389225916;-0,001941276389225916;;0,057586206896551785;2;6
2016-07-18;0;2016-07-18 00:00:00;26,03;24,34;1,6900000000000013;39514;0;46909;3879;4195;0;4195;3879;316;0;316;0,07532777115613826;0,07532777115613826;;0,06492508643872459;2;0
2016-07-18;1;2016-07-18 01:00:00;24,05;24,61;-0,5599999999999987;39514;0;46909;3776;4104;0;4104;3776;328;0;328;0,07992202729044834;0,07992202729044834;;-0,02328482328482323;2;0
2016-07-18;2;2016-07-18 02:00:00;23,31;24,95;-1,6400000000000006;39514;0;46909;3865;4146;0;4146;3865;281;0;281;0,06777616980221901;0,06777616980221901;;-0,07035607035607039;2;0
2016-07-18;3;2016-07-18 03:00:00;22,58;24,16;-1,5800000000000018;39514;0;46909;3914;4260;0;4260;3914;346;0;346;0,0812206572769953;0,0812206572769953;;-0,0699734278122233;2;0
2016-07-18;4;2016-07-18 04:00:00;23,02;24,37;-1,3500000000000014;39514;0;46909;3828;4341;1;4342;3828;513;1;514;0,11837862736066329;0,11817553559087768;1,0;-0,058644656820156446;2;0
2016-07-18;5;2016-07-18 05:00:00;23,81;27,88;-4,07;39514;96;46909;3883;4298;130;4428;3979;415;34;449;0,10140018066847335;0,0965565379246161;0,26153846153846155;-0,17093658126837466;2;0
2016-07-18;6;2016-07-18 06:00:00;28,82;33,95;-5,130000000000003;39514;1149;46909;3903;4158;1344;5502;5052;255;195;450;0,08178844056706652;0,06132756132756133;0,14508928571428573;-0,17800138792505213;2;0
2016-07-18;7;2016-07-18 07:00:00;33,09;39,56;-6,469999999999999;39514;3768;46909;3332;3994;4223;8217;7100;662;455;1117;0,13593769015455762;0,1657486229344016;0,10774331044281317;-0,19552734965246293;2;0
2016-07-18;8;2016-07-18 08:00:00;35,39;38,89;-3,5;39514;7698;46909;3001;3997;8400;12397;10699;996;702;1698;0,13696862144067112;0,2491868901676257;0,08357142857142857;-0,09889799378355467;2;0
2016-07-18;9;2016-07-18 09:00:00;32,98;38,09;-5,110000000000007;39514;12696;46909;3422;4588;13220;17808;16118;1166;524;1690;0,09490116801437556;0,25414123801220573;0,039636913767019666;-0,154942389326865;2;0
2016-07-18;10;2016-07-18 10:00:00;30,53;34,69;-4,159999999999997;39514;17311;46909;4189;5251;17350;22601;21500;1062;39;1101;0,04871465864342286;0,20224719101123595;0,0022478386167146974;-0,13625941696691768;2;0
2016-07-18;11;2016-07-18 11:00:00;30,22;33,01;-2,7899999999999987;39514;19740;46909;5187;5849;19915;25764;24927;662;175;837;0,03248719142990219;0,11318174046845615;0,008787346221441126;-0,09232296492389143;2;0
2016-07-18;12;2016-07-18 12:00:00;27,17;30,7;-3,5299999999999976;39514;20477;46909;5903;6320;21048;27368;26380;417;571;988;0,03610055539315989;0,06598101265822785;0,027128468263017864;-0,1299227088700772;2;0
2016-07-18;13;2016-07-18 13:00:00;27,92;31,36;-3,4399999999999977;39514;20532;46909;6482;6706;21364;28070;27014;224;832;1056;0,03762023512646954;0,033402922755741124;0,038944017974162144;-0,12320916905444117;2;0
2016-07-18;14;2016-07-18 14:00:00;26,4;30,23;-3,830000000000002;39514;20360;46909;6816;6873;20826;27699;27176;57;466;523;0,01888154807032745;0,008293321693583587;0,02237587630846058;-0,14507575757575766;2;0
2016-07-18;15;2016-07-18 15:00:00;26,51;27,91;-1,3999999999999986;39514;19208;46909;6547;6776;19237;26013;25755;229;29;258;0,00991811786414485;0,033795749704840616;0,0015075115662525342;-0,05281026027913989;2;0
2016-07-18;16;2016-07-18 16:00:00;26,76;26,5;0,2600000000000016;39514;16647;46909;6466;6512;16454;22966;23113;46;-193;-147;-0,006400766350256901;0,007063882063882064;-0,011729670596815364;0,009715994020926816;2;0
2016-07-18;17;2016-07-18 17:00:00;29,95;29,46;0,4899999999999984;39514;12846;46909;6243;5955;12497;18452;19089;-288;-349;-637;-0,03452200303490137;-0,04836272040302267;-0,027926702408578058;0,016360601001669396;2;0
2016-07-18;18;2016-07-18 18:00:00;33,0;31,52;1,4800000000000004;39514;8090;46909;5466;5071;7713;12784;13556;-395;-377;-772;-0,060387984981226536;-0,07789390652731217;-0,04887851678983534;0,04484848484848486;2;0
2016-07-18;19;2016-07-18 19:00:00;39,39;35,44;3,950000000000003;39514;3703;46909;4579;4127;3485;7612;8282;-452;-218;-670;-0,08801891749868629;-0,10952265568209353;-0,06255380200860833;0,10027925869510035;2;0
2016-07-18;20;2016-07-18 20:00:00;40,0;35,49;4,509999999999998;39514;1006;46909;3179;3230;1010;4240;4185;51;4;55;0,012971698113207548;0,015789473684210527;0,0039603960396039604;0,11274999999999995;2;0
2016-07-18;21;2016-07-18 21:00:00;38,61;36,74;1,8699999999999972;39514;56;46909;2613;2810;57;2867;2669;197;1;198;0,06906173700732474;0,0701067615658363;0,017543859649122806;0,04843304843304836;2;0
2016-07-18;22;2016-07-18 22:00:00;35,9;36,26;-0,35999999999999943;39514;0;46909;2540;2655;0;2655;2540;115;0;115;0,04331450094161959;0,04331450094161959;;-0,010027855153203327;2;0
2016-07-18;23;2016-07-18 23:00:00;30,45;31,29;-0,8399999999999999;39514;0;46909;2573;2634;0;2634;2573;61;0;61;0,0231586940015186;0,0231586940015186;;-0,02758620689655172;2;0
2016-07-19;0;2016-07-19 00:00:00;27,59;30,25;-2,66;39517;0;46930;2590;2971;0;2971;2590;381;0;381;0,12823964994951195;0,12823964994951195;;-0,09641174338528453;2;1
2016-07-19;1;2016-07-19 01:00:00;27,09;28,14;-1,0500000000000007;39517;0;46930;2628;2902;0;2902;2628;274;0;274;0,09441764300482426;0,09441764300482426;;-0,03875968992248065;2;1
2016-07-19;2;2016-07-19 02:00:00;26,41;21,59;4,82;39517;0;46930;2392;2778;0;2778;2392;386;0;386;0,13894888408927286;0,13894888408927286;;0,18250662627792505;2;1
2016-07-19;3;2016-07-19 03:00:00;25,89;23,18;2,7100000000000013;39517;0;46930;2213;2605;0;2605;2213;392;0;392;0,15047984644913628;0,15047984644913628;;0,1046736191579761;2;1
2016-07-19;4;2016-07-19 04:00:00;25,61;22,08;3,530000000000001;39517;0;46930;1950;2392;1;2393;1950;442;1;443;0,1851232762223151;0,18478260869565216;1,0;0,13783678250683332;2;1
2016-07-19;5;2016-07-19 05:00:00;26,14;22,54;3,6000000000000014;39517;109;46930;1692;2111;148;2259;1801;419;39;458;0,20274457724656927;0,19848413074372334;0,2635135135135135;0,1377199693955624;2;1
2016-07-19;6;2016-07-19 06:00:00;31,0;30,58;0,4200000000000017;39517;1264;46930;1526;1776;1461;3237;2790;250;197;447;0,1380908248378128;0,14076576576576577;0,13483915126625598;0,013548387096774249;2;1
2016-07-19;7;2016-07-19 07:00:00;36,99;34,53;2,460000000000001;39517;4510;46930;1212;1437;5002;6439;5722;225;492;717;0,11135269451778226;0,15657620041753653;0,09836065573770492;0,06650446066504463;2;1
2016-07-19;8;2016-07-19 08:00:00;40,01;35,78;4,229999999999997;39517;9473;46930;849;1156;10416;11572;10322;307;943;1250;0,10801935706878672;0,2655709342560554;0,09053379416282642;0,105723569107723;2;1
2016-07-19;9;2016-07-19 09:00:00;35,7;33,4;2,3000000000000043;39517;14558;46930;801;1177;15968;17145;15359;376;1410;1786;0,10417031204432779;0,31945624468988953;0,08830160320641282;0,06442577030812337;2;1
2016-07-19;10;2016-07-19 10:00:00;32,99;32,74;0,25;39517;19030;46930;1059;1300;20246;21546;20089;241;1216;1457;0,06762276060521674;0,1853846153846154;0,0600612466660081;0,007578053955744165;2;1
2016-07-19;11;2016-07-19 11:00:00;32,91;33,85;-0,9400000000000048;39517;22091;46930;1284;1432;22837;24269;23375;148;746;894;0,03683711731014875;0,10335195530726257;0,032666287165564654;-0,028562746885445304;2;1
2016-07-19;12;2016-07-19 12:00:00;31,38;34,07;-2,6900000000000013;39517;23807;46930;1493;1534;24054;25588;25300;41;247;288;0,011255275910583085;0,026727509778357236;0,010268562401263823;-0,08572339069471005;2;1
2016-07-19;13;2016-07-19 13:00:00;30,91;33,1;-2,1900000000000013;39517;24179;46930;1645;1626;24235;25861;25824;-19;56;37;0,0014307258033332045;-0,011685116851168511;0,0023107076542191046;-0,0708508573277257;2;1
2016-07-19;14;2016-07-19 14:00:00;30,08;31,86;-1,7800000000000011;39517;23256;46930;1784;1700;23269;24969;25040;-84;13;-71;-0,002843525972205535;-0,04941176470588235;0,0005586832266105119;-0,05917553191489366;2;1
2016-07-19;15;2016-07-19 15:00:00;31,28;32,46;-1,1799999999999995;39517;21344;46930;1716;1712;21075;22787;23060;-4;-269;-273;-0,01198051520603853;-0,002336448598130841;-0,01276393831553974;-0,03772378516624039;2;1
2016-07-19;16;2016-07-19 16:00:00;32,4;32,04;0,35999999999999943;39517;18034;46930;1484;1631;17818;19449;19518;147;-216;-69;-0,0035477402437143297;0,09012875536480687;-0,012122572679313054;0,011111111111111094;2;1
2016-07-19;17;2016-07-19 17:00:00;35,25;35,43;-0,17999999999999972;39517;13544;46930;1330;1462;13334;14796;14874;132;-210;-78;-0,0052716950527169504;0,09028727770177838;-0,01574921253937303;-0,005106382978723396;2;1
2016-07-19;18;2016-07-19 18:00:00;39,91;36,03;3,879999999999996;39517;8432;46930;1181;1264;8044;9308;9613;83;-388;-305;-0,032767511817791146;0,06566455696202532;-0,04823470909995027;0,09721874216988215;2;1
2016-07-19;19;2016-07-19 19:00:00;44,0;40,31;3,6899999999999977;39517;3707;46930;1086;1158;3493;4651;4793;72;-214;-142;-0,03053106858740056;0,06217616580310881;-0,061265387918694535;0,0838636363636363;2;1
2016-07-19;20;2016-07-19 20:00:00;37,03;40,66;-3,629999999999996;39517;1009;46930;1163;1305;994;2299;2172;142;-15;127;0,055241409308394954;0,10881226053639846;-0,015090543259557344;-0,09802862543883327;2;1
2016-07-19;21;2016-07-19 21:00:00;37,0;38,8;-1,7999999999999972;39517;57;46930;1894;1889;55;1944;1951;-5;-2;-7;-0,00360082304526749;-0,0026469031233456856;-0,03636363636363636;-0,048648648648648575;2;1
2016-07-19;22;2016-07-19 22:00:00;32,92;37,12;-4,199999999999996;39517;0;46930;2826;2681;0;2681;2826;-145;0;-145;-0,054084296904140246;-0,054084296904140246;;-0,12758201701093547;2;1
2016-07-19;23;2016-07-19 23:00:00;27,91;32,25;-4,34;39517;0;46930;3349;3253;0;3253;3349;-96;0;-96;-0,02951122041192745;-0,02951122041192745;;-0,15549982085274094;2;1
2016-07-20;0;2016-07-20 00:00:00;28,01;31,95;-3,9399999999999977;39520;0;46939;3644;3838;0;3838;3644;194;0;194;0,05054715997915581;0,05054715997915581;;-0,14066404855408773;2;2
2016-07-20;1;2016-07-20 01:00:00;26,32;30,07;-3,75;39520;0;46939;3783;4029;0;4029;3783;246;0;246;0,06105733432613552;0,06105733432613552;;-0,14247720364741642;2;2
2016-07-20;2;2016-07-20 02:00:00;25,1;29,45;-4,349999999999998;39520;0;46939;3924;4094;0;4094;3924;170;0;170;0,04152418172936004;0,04152418172936004;;-0,17330677290836644;2;2
2016-07-20;3;2016-07-20 03:00:00;24,79;28,2;-3,41;39520;0;46939;3941;4154;0;4154;3941;213;0;213;0,051275878671160326;0,051275878671160326;;-0,13755546591367487;2;2
2016-07-20;4;2016-07-20 04:00:00;24,83;27,53;-2,700000000000003;39520;0;46939;4127;4311;1;4312;4127;184;1;185;0,04290352504638219;0,04268151241011366;1,0;-0,10873942811115599;2;2
2016-07-20;5;2016-07-20 05:00:00;25,85;28,44;-2,59;39520;117;46939;4348;4532;147;4679;4465;184;30;214;0,045736268433425945;0,04060017652250662;0,20408163265306123;-0,10019342359767891;2;2
2016-07-20;6;2016-07-20 06:00:00;29,35;33,59;-4,240000000000002;39520;1314;46939;4430;4626;1459;6085;5744;196;145;341;0,056039441248972886;0,04236921746649373;0,0993831391363948;-0,14446337308347537;2;2
2016-07-20;7;2016-07-20 07:00:00;33,52;39,07;-5,549999999999998;39520;4882;46939;3828;4216;5212;9428;8710;388;330;718;0,07615613067458633;0,0920303605313093;0,06331542594013814;-0,16557279236276842;2;2
2016-07-20;8;2016-07-20 08:00:00;36,79;37,1;-0,3100000000000023;39520;10407;46939;2712;3407;10952;14359;13119;695;545;1240;0,08635698864823456;0,203991781626064;0,049762600438276114;-0,008426202772492588;2;2
2016-07-20;9;2016-07-20 09:00:00;34,1;34,29;-0,18999999999999773;39520;16139;46939;2648;3101;16896;19997;18787;453;757;1210;0,060509076361454216;0,14608190906159305;0,044803503787878785;-0,005571847507331311;2;2
2016-07-20;10;2016-07-20 10:00:00;32,39;33,07;-0,6799999999999997;39520;20690;46939;2923;3234;21726;24960;23613;311;1036;1347;0,053966346153846156;0,09616573902288188;0,04768480162017859;-0,02099413399197282;2;2
2016-07-20;11;2016-07-20 11:00:00;31,43;32,0;-0,5700000000000003;39520;23670;46939;3397;3502;24718;28220;27067;105;1048;1153;0,04085754783841247;0,02998286693318104;0,04239825228578364;-0,018135539293668478;2;2
2016-07-20;12;2016-07-20 12:00:00;28,02;29,61;-1,59;39520;25143;46939;4024;3939;25967;29906;29167;-85;824;739;0,024710760382531935;-0,02157908098502158;0,03173258366388108;-0,05674518201284797;2;2
2016-07-20;13;2016-07-20 13:00:00;26,63;28,14;-1,5100000000000016;39520;25580;46939;4735;4387;26263;30650;30315;-348;683;335;0,010929853181076673;-0,07932527923410075;0,026006168373757757;-0,05670296657904625;2;2
2016-07-20;14;2016-07-20 14:00:00;25,93;27,11;-1,1799999999999995;39520;24824;46939;5268;4811;25525;30336;30092;-457;701;244;0,00804324894514768;-0,09499064643525254;0,027463271302644466;-0,045507134593135344;2;2
2016-07-20;15;2016-07-20 15:00:00;26,43;27,27;-0,8399999999999999;39520;22834;46939;5956;5240;23280;28520;28790;-716;446;-270;-0,009467040673211781;-0,1366412213740458;0,019158075601374572;-0,03178206583427922;2;2
2016-07-20;16;2016-07-20 16:00:00;28,08;28,62;-0,5400000000000027;39520;19299;46939;6564;5727;19624;25351;25863;-837;325;-512;-0,020196441954952467;-0,14614981665793608;0,016561353444761517;-0,01923076923076933;2;2
2016-07-20;17;2016-07-20 17:00:00;31,66;31,76;-0,10000000000000142;39520;14461;46939;6998;6235;14443;20678;21459;-763;-18;-781;-0,037769610213753746;-0,12237369687249398;-0,0012462784740012462;-0,003158559696778314;2;2
2016-07-20;18;2016-07-20 18:00:00;33,3;34,97;-1,6700000000000017;39520;8435;46939;6905;6773;8388;15161;15340;-132;-47;-179;-0,011806609062726733;-0,019489148087996455;-0,005603242727706247;-0,0501501501501502;2;2
2016-07-20;19;2016-07-20 19:00:00;34,48;37,58;-3,1000000000000014;39520;3231;46939;6579;7559;3392;10951;9810;980;161;1141;0,10419139804584056;0,12964677867442784;0,047464622641509434;-0,08990719257540608;2;2
2016-07-20;20;2016-07-20 20:00:00;33,41;42,41;-9,0;39520;690;46939;7966;8588;936;9524;8656;622;246;868;0,09113817723645527;0,07242664182580345;0,26282051282051283;-0,2693804250224484;2;2
2016-07-20;21;2016-07-20 21:00:00;31,96;37,72;-5,759999999999998;39520;30;46939;9748;10176;51;10227;9778;428;21;449;0,043903392979368336;0,042059748427672954;0,4117647058823529;-0,18022528160200244;2;2
2016-07-20;22;2016-07-20 22:00:00;28,94;38,31;-9,37;39520;0;46939;10569;11502;0;11502;10569;933;0;933;0,08111632759520084;0,08111632759520084;;-0,32377332411886656;2;2
2016-07-20;23;2016-07-20 23:00:00;25,35;30,64;-5,289999999999999;39520;0;46939;10228;11895;0;11895;10228;1667;0;1667;0,1401429171920975;0,1401429171920975;;-0,20867850098619325;2;2
2016-07-21;0;2016-07-21 00:00:00;26,43;27,2;-0,7699999999999996;39523;0;46950;9168;10413;0;10413;9168;1245;0;1245;0,11956208585422068;0,11956208585422068;;-0,029133560348089275;2;3
2016-07-21;1;2016-07-21 01:00:00;26,46;31,35;-4,8900000000000015;39523;0;46950;8206;9595;0;9595;8206;1389;0;1389;0,1447628973423658;0,1447628973423658;;-0,18480725623582772;2;3
2016-07-21;2;2016-07-21 02:00:00;25,9;32,44;-6,539999999999999;39523;0;46950;7508;8381;0;8381;7508;873;0;873;0,10416418088533588;0,10416418088533588;;-0,2525096525096525;2;3
2016-07-21;3;2016-07-21 03:00:00;25,52;30,39;-4,870000000000001;39523;0;46950;7436;7197;0;7197;7436;-239;0;-239;-0,03320828122828957;-0,03320828122828957;;-0,19083072100313483;2;3
2016-07-21;4;2016-07-21 04:00:00;25,55;28,69;-3,140000000000001;39523;0;46950;6632;6330;0;6330;6632;-302;0;-302;-0,04770932069510268;-0,04770932069510268;;-0,12289628180039143;2;3
2016-07-21;5;2016-07-21 05:00:00;27,49;29,88;-2,390000000000001;39523;82;46950;6100;5414;99;5513;6182;-686;17;-669;-0,12134953745692001;-0,12670853343184338;0,1717171717171717;-0,08694070571116774;2;3
2016-07-21;6;2016-07-21 06:00:00;32,84;34,43;-1,5899999999999963;39523;972;46950;5821;4427;1034;5461;6793;-1394;62;-1332;-0,24391137154367332;-0,3148859272645132;0,059961315280464215;-0,0484165651644335;2;3
2016-07-21;7;2016-07-21 07:00:00;36,61;39,22;-2,6099999999999994;39523;2889;46950;4112;3259;3271;6530;7001;-853;382;-471;-0,07212863705972435;-0,2617367290579932;0,11678385814735555;-0,07129199672220703;2;3
2016-07-21;8;2016-07-21 08:00:00;39,16;38,34;0,8199999999999932;39523;5137;46950;2637;2091;6229;8320;7774;-546;1092;546;0,065625;-0,2611190817790531;0,17530903836891956;0,02093973442288032;2;3
2016-07-21;9;2016-07-21 09:00:00;36,04;38,67;-2,6300000000000026;39523;7881;46950;2435;1585;9306;10891;10316;-850;1425;575;0,052795886511798736;-0,5362776025236593;0,15312701482914248;-0,0729744728079912;2;3
2016-07-21;10;2016-07-21 10:00:00;37,02;38,97;-1,949999999999996;39523;11200;46950;2539;1496;11846;13342;13739;-1043;646;-397;-0,02975565882176585;-0,6971925133689839;0,054533175755529295;-0,05267423014586699;2;3
2016-07-21;11;2016-07-21 11:00:00;36,01;36,61;-0,6000000000000014;39523;13846;46950;2671;1408;13721;15129;16517;-1263;-125;-1388;-0,09174433207746711;-0,8970170454545454;-0,009110123168865242;-0,016662038322688182;2;3
2016-07-21;12;2016-07-21 12:00:00;35,04;35,74;-0,7000000000000028;39523;16012;46950;2643;1303;14805;16108;18655;-1340;-1207;-2547;-0,15812018872609884;-1,0283960092095166;-0,08152651131374536;-0,01997716894977177;2;3
2016-07-21;13;2016-07-21 13:00:00;34,24;35,33;-1,0899999999999963;39523;17190;46950;2455;1236;15176;16412;19645;-1219;-2014;-3233;-0,19699000731172314;-0,9862459546925566;-0,1327095413811281;-0,0318341121495326;2;3
2016-07-21;14;2016-07-21 14:00:00;32,94;33,04;-0,10000000000000142;39523;16421;46950;2206;1214;14915;16129;18627;-992;-1506;-2498;-0,1548763097526195;-0,8171334431630972;-0,10097217566208515;-0,0030358227079538987;2;3
2016-07-21;15;2016-07-21 15:00:00;33,0;34,57;-1,5700000000000005;39523;14671;46950;1894;1254;13953;15207;16565;-640;-718;-1358;-0,08930097981192872;-0,5103668261562998;-0,051458467713036624;-0,04757575757575759;2;3
2016-07-21;16;2016-07-21 16:00:00;33,31;37,65;-4,339999999999995;39523;12986;46950;1710;1332;12080;13412;14696;-378;-906;-1284;-0,09573516254100806;-0,28378378378378377;-0,075;-0,13029120384268975;2;3
2016-07-21;17;2016-07-21 17:00:00;34,37;38,86;-4,490000000000002;39523;9900;46950;1990;1432;9325;10757;11890;-558;-575;-1133;-0,10532676396764898;-0,38966480446927376;-0,06166219839142091;-0,1306371835903405;2;3
2016-07-21;18;2016-07-21 18:00:00;34,76;40,19;-5,43;39523;6435;46950;2554;1577;5932;7509;8989;-977;-503;-1480;-0,19709681715275004;-0,6195307545973368;-0,08479433580579905;-0,15621403912543153;2;3
2016-07-21;19;2016-07-21 19:00:00;38,38;44,1;-5,719999999999999;39523;3156;46950;2522;1732;2851;4583;5678;-790;-305;-1095;-0,23892646737944578;-0,4561200923787529;-0,10698000701508242;-0,14903595622720162;2;3
2016-07-21;20;2016-07-21 20:00:00;35,95;41,18;-5,229999999999997;39523;848;46950;2546;1842;799;2641;3394;-704;-49;-753;-0,2851192730026505;-0,38219326818675353;-0,06132665832290363;-0,14547983310152982;2;3
2016-07-21;21;2016-07-21 21:00:00;35,7;37,96;-2,259999999999998;39523;37;46950;2727;2009;36;2045;2764;-718;-1;-719;-0,3515892420537897;-0,35739173718267797;-0,027777777777777776;-0,06330532212885148;2;3
2016-07-21;22;2016-07-21 22:00:00;32,92;36,91;-3,9899999999999953;39523;0;46950;3050;2214;0;2214;3050;-836;0;-836;-0,37759710930442636;-0,37759710930442636;;-0,12120291616038867;2;3
2016-07-21;23;2016-07-21 23:00:00;31,01;33,69;-2,679999999999996;39523;0;46950;3068;2333;0;2333;3068;-735;0;-735;-0,3150450064294899;-0,3150450064294899;;-0,08642373427926463;2;3
2016-07-22;0;2016-07-22 00:00:00;29,26;28,17;1,09;39526;0;46950;2924;2211;0;2211;2924;-713;0;-713;-0,32247851650836723;-0,32247851650836723;;0,03725222146274778;2;4
2016-07-22;1;2016-07-22 01:00:00;27,24;31,85;-4,610000000000003;39526;0;46950;2670;2138;0;2138;2670;-532;0;-532;-0,2488306828811974;-0,2488306828811974;;-0,16923641703377398;2;4
2016-07-22;2;2016-07-22 02:00:00;27,1;29,0;-1,8999999999999984;39526;0;46950;2437;2074;0;2074;2437;-363;0;-363;-0,1750241080038573;-0,1750241080038573;;-0,07011070110701101;2;4
2016-07-22;3;2016-07-22 03:00:00;26,56;26,96;-0,4000000000000021;39526;0;46950;2144;2000;0;2000;2144;-144;0;-144;-0,072;-0,072;;-0,015060240963855501;2;4
2016-07-22;4;2016-07-22 04:00:00;26,5;28,17;-1,6700000000000017;39526;0;46950;1958;1883;0;1883;1958;-75;0;-75;-0,03983005841741901;-0,03983005841741901;;-0,06301886792452836;2;4
2016-07-22;5;2016-07-22 05:00:00;28,06;29,29;-1,2300000000000004;39526;91;46950;1905;1731;106;1837;1996;-174;15;-159;-0,08655416439847577;-0,10051993067590988;0,14150943396226415;-0,04383464005702069;2;4
2016-07-22;6;2016-07-22 06:00:00;32,36;34,25;-1,8900000000000008;39526;1214;46950;1970;1513;1250;2763;3184;-457;36;-421;-0,1523706116539993;-0,30204890945142104;0,0288;-0,05840543881334984;2;4
2016-07-22;7;2016-07-22 07:00:00;35,99;37,92;-1,93;39526;4158;46950;1636;1176;4205;5381;5794;-460;47;-413;-0,07675153317227282;-0,391156462585034;0,01117717003567182;-0,05362600722422895;2;4
2016-07-22;8;2016-07-22 08:00:00;36,81;39,7;-2,890000000000001;39526;8200;46950;1338;846;8408;9254;9538;-492;208;-284;-0,03068943159714718;-0,5815602836879432;0,024738344433872503;-0,07851127411029614;2;4
2016-07-22;9;2016-07-22 09:00:00;36,0;35,24;0,7599999999999979;39526;12898;46950;1547;773;12910;13683;14445;-774;12;-762;-0,05568954176715633;-1,001293661060802;0,0009295120061967467;0,021111111111111053;2;4
2016-07-22;10;2016-07-22 10:00:00;35,16;33,28;1,8799999999999957;39526;17034;46950;1789;789;16745;17534;18823;-1000;-289;-1289;-0,07351431504505532;-1,267427122940431;-0,017258883248730966;0,053469852104664276;2;4
2016-07-22;11;2016-07-22 11:00:00;34,41;31,4;3,009999999999998;39526;19854;46950;2018;800;19406;20206;21872;-1218;-448;-1666;-0,08245075720083143;-1,5225;-0,023085643615376687;0,08747457134553904;2;4
2016-07-22;12;2016-07-22 12:00:00;32,15;30,09;2,0599999999999987;39526;20994;46950;2046;862;20818;21680;23040;-1184;-176;-1360;-0,06273062730627306;-1,3735498839907192;-0,008454222307618407;0,06407465007776046;2;4
2016-07-22;13;2016-07-22 13:00:00;30,78;29,83;0,9500000000000028;39526;21078;46950;2132;937;20940;21877;23210;-1195;-138;-1333;-0,06093157197056269;-1,2753468516542157;-0,006590257879656161;0,03086419753086429;2;4
2016-07-22;14;2016-07-22 14:00:00;30,68;29,36;1,3200000000000005;39526;19807;46950;2184;1066;20010;21076;21991;-1118;203;-915;-0,043414310115771494;-1,048780487804878;0,010144927536231883;0,04302477183833118;2;4
2016-07-22;15;2016-07-22 15:00:00;31,19;31,54;-0,3499999999999979;39526;17202;46950;2456;1381;17710;19091;19658;-1075;508;-567;-0,02969985857210204;-0,778421433743664;0,028684359119141727;-0,011221545367104775;2;4
2016-07-22;16;2016-07-22 16:00:00;31,62;32,34;-0,7200000000000024;39526;13316;46950;2731;1785;14199;15984;16047;-946;883;-63;-0,003941441441441441;-0,5299719887955182;0,06218747799140784;-0,02277039848197351;2;4
2016-07-22;17;2016-07-22 17:00:00;32,93;35,94;-3,009999999999998;39526;8972;46950;3671;2235;10000;12235;12643;-1436;1028;-408;-0,03334695545565999;-0,6425055928411633;0,1028;-0,0914060127543273;2;4
2016-07-22;18;2016-07-22 18:00:00;34,91;33,65;1,259999999999998;39526;5084;46950;4250;2726;5846;8572;9334;-1524;762;-762;-0,08889407372841811;-0,5590608950843727;0,13034553540882654;0,0360928100830707;2;4
2016-07-22;19;2016-07-22 19:00:00;35,96;33,41;2,5500000000000043;39526;2336;46950;4705;3099;2663;5762;7041;-1606;327;-1279;-0,22197153766053454;-0,5182316876411746;0,12279384153210665;0,07091212458286997;2;4
2016-07-22;20;2016-07-22 20:00:00;33,26;32,6;0,6599999999999966;39526;610;46950;4414;3425;723;4148;5024;-989;113;-876;-0,2111861137897782;-0,28875912408759125;0,15629322268326418;0,01984365604329515;2;4
2016-07-22;21;2016-07-22 21:00:00;31,97;33,29;-1,3200000000000005;39526;35;46950;4499;4125;31;4156;4534;-374;-4;-378;-0,09095283926852743;-0,09066666666666667;-0,12903225806451613;-0,041288708163903676;2;4
2016-07-22;22;2016-07-22 22:00:00;31,96;35,31;-3,3500000000000014;39526;0;46950;4695;4793;0;4793;4695;98;0;98;0,02044648445649906;0,02044648445649906;;-0,10481852315394247;2;4
2016-07-22;23;2016-07-22 23:00:00;29,0;30,87;-1,870000000000001;39526;0;46950;4728;4966;0;4966;4728;238;0;238;0,04792589609343536;0,04792589609343536;;-0,0644827586206897;2;4
2016-07-23;0;2016-07-23 00:00:00;31,8;31,34;0,4600000000000009;39526;0;46950;4064;5137;0;5137;4064;1073;0;1073;0,20887677632859647;0,20887677632859647;;0,014465408805031475;2;5
2016-07-23;1;2016-07-23 01:00:00;30,83;31,17;-0,3400000000000034;39526;0;46950;3666;4806;0;4806;3666;1140;0;1140;0,23720349563046192;0,23720349563046192;;-0,01102821926694789;2;5
2016-07-23;2;2016-07-23 02:00:00;29,1;29,53;-0,4299999999999997;39526;0;46950;3358;4455;0;4455;3358;1097;0;1097;0,2462401795735129;0,2462401795735129;;-0,014776632302405487;2;5
2016-07-23;3;2016-07-23 03:00:00;27,02;27,03;-0,010000000000001565;39526;0;46950;2954;4154;0;4154;2954;1200;0;1200;0,2888781896966779;0,2888781896966779;;-0,00037009622501856274;2;5
2016-07-23;4;2016-07-23 04:00:00;25,77;26,58;-0,8099999999999987;39526;0;46950;2706;3878;0;3878;2706;1172;0;1172;0,3022176379577102;0,3022176379577102;;-0,03143189755529681;2;5
2016-07-23;5;2016-07-23 05:00:00;25,65;26,99;-1,34;39526;72;46950;2498;3504;93;3597;2570;1006;21;1027;0,28551570753405614;0,2871004566210046;0,22580645161290322;-0,052241715399610145;2;5
2016-07-23;6;2016-07-23 06:00:00;26,22;28,9;-2,68;39526;986;46950;2125;3038;1089;4127;3111;913;103;1016;0,24618366852435183;0,3005266622778143;0,0945821854912764;-0,10221205186880244;2;5
2016-07-23;7;2016-07-23 07:00:00;30,32;32,5;-2,18;39526;3256;46950;1415;2467;3664;6131;4671;1052;408;1460;0,23813407274506607;0,4264288609647345;0,11135371179039301;-0,07189973614775726;2;5
2016-07-23;8;2016-07-23 08:00:00;31,96;33,46;-1,5;39526;6304;46950;804;1906;7236;9142;7108;1102;932;2034;0,22248960840078758;0,5781741867785939;0,12880044223327805;-0,04693366708385482;2;5
2016-07-23;9;2016-07-23 09:00:00;32,53;32,9;-0,36999999999999744;39526;9826;46950;706;1608;11004;12612;10532;902;1178;2080;0,1649222962258167;0,5609452736318408;0,10705198109778262;-0,011374116200430292;2;5
2016-07-23;10;2016-07-23 10:00:00;32,26;33,32;-1,0600000000000025;39526;12946;46950;843;1562;14321;15883;13789;719;1375;2094;0,13183907322294278;0,46030729833546735;0,09601284826478598;-0,03285802851828898;2;5
2016-07-23;11;2016-07-23 11:00:00;31,97;33,73;-1,759999999999998;39526;14766;46950;1084;1546;16791;18337;15850;462;2025;2487;0,13562741997055133;0,2988357050452781;0,1206003216008576;-0,05505161088520482;2;5
2016-07-23;12;2016-07-23 12:00:00;29,02;33,01;-3,9899999999999984;39526;15471;46950;1237;1629;18170;19799;16708;392;2699;3091;0,15611899590888428;0,24063842848373235;0,14854155200880573;-0,1374913852515506;2;5
2016-07-23;13;2016-07-23 13:00:00;25,25;30,65;-5,399999999999999;39526;15785;46950;1200;1681;18340;20021;16985;481;2555;3036;0,15164077718395685;0,2861392028554432;0,13931297709923665;-0,2138613861386138;2;5
2016-07-23;14;2016-07-23 14:00:00;24,52;29,5;-4,98;39526;15384;46950;1164;1718;17349;19067;16548;554;1965;2519;0,1321130749462422;0,3224679860302678;0,11326301227736468;-0,20309951060358894;2;5
2016-07-23;15;2016-07-23 15:00:00;24,97;29,05;-4,080000000000002;39526;14370;46950;1139;1859;15267;17126;15509;720;897;1617;0,09441784421347658;0,3873050026896181;0,05875417567302024;-0,1633960752903485;2;5
2016-07-23;16;2016-07-23 16:00:00;27,72;29,7;-1,9800000000000004;39526;12091;46950;1185;2018;12374;14392;13276;833;283;1116;0,07754307948860478;0,41278493557978196;0,022870534992726683;-0,07142857142857145;2;5
2016-07-23;17;2016-07-23 17:00:00;30,57;31,27;-0,6999999999999993;39526;8705;46950;1368;2231;9016;11247;10073;863;311;1174;0,10438339112652263;0,38682205289108024;0,034494232475598935;-0,022898266274124935;2;5
2016-07-23;18;2016-07-23 18:00:00;31,86;34,27;-2,410000000000004;39526;5343;46950;1411;2518;5513;8031;6754;1107;170;1277;0,15900884074212426;0,4396346306592534;0,03083620533284963;-0,07564344005021985;2;5
2016-07-23;19;2016-07-23 19:00:00;33,62;36,1;-2,480000000000004;39526;2543;46950;1559;2805;2587;5392;4102;1246;44;1290;0,2392433234421365;0,44420677361853833;0,017008117510630073;-0,07376561570493766;2;5
2016-07-23;20;2016-07-23 20:00:00;32,9;35,99;-3,0900000000000034;39526;662;46950;1712;3170;684;3854;2374;1458;22;1480;0,384016606123508;0,45993690851735014;0,03216374269005848;-0,093920972644377;2;5
2016-07-23;21;2016-07-23 21:00:00;32,38;36,35;-3,969999999999999;39526;34;46950;1916;3739;28;3767;1950;1823;-6;1817;0,4823466949827449;0,4875635196576625;-0,21428571428571427;-0,1226065472513897;2;5
2016-07-23;22;2016-07-23 22:00:00;32,14;36,61;-4,469999999999999;39526;0;46950;2079;4176;0;4176;2079;2097;0;2097;0,5021551724137931;0,5021551724137931;;-0,13907902924704416;2;5
2016-07-23;23;2016-07-23 23:00:00;29,07;32,66;-3,5899999999999963;39526;0;46950;1888;4157;0;4157;1888;2269;0;2269;0,5458263170555689;0,5458263170555689;;-0,12349501203990355;2;5
2016-07-24;0;2016-07-24 00:00:00;30,11;32,31;-2,200000000000003;39526;0;46950;1616;3163;0;3163;1616;1547;0;1547;0,48909263357571925;0,48909263357571925;;-0,07306542676851555;2;6
2016-07-24;1;2016-07-24 01:00:00;28,11;31,04;-2,93;39526;0;46950;1263;2812;0;2812;1263;1549;0;1549;0,5508534850640113;0,5508534850640113;;-0,10423336890786197;2;6
2016-07-24;2;2016-07-24 02:00:00;25,99;27,19;-1,2000000000000028;39526;0;46950;1061;2517;0;2517;1061;1456;0;1456;0,578466428287644;0,578466428287644;;-0,04617160446325521;2;6
2016-07-24;3;2016-07-24 03:00:00;24,93;27,06;-2,129999999999999;39526;0;46950;895;2221;0;2221;895;1326;0;1326;0,5970283656010806;0,5970283656010806;;-0,08543922984356193;2;6
2016-07-24;4;2016-07-24 04:00:00;24,25;26,05;-1,8000000000000007;39526;0;46950;799;1912;0;1912;799;1113;0;1113;0,5821129707112971;0,5821129707112971;;-0,07422680412371137;2;6
2016-07-24;5;2016-07-24 05:00:00;23,98;25,42;-1,4400000000000013;39526;56;46950;837;1626;83;1709;893;789;27;816;0,47747220596840256;0,48523985239852396;0,3253012048192771;-0,0600500417014179;2;6
2016-07-24;6;2016-07-24 06:00:00;23,92;24,78;-0,8599999999999994;39526;874;46950;820;1323;1047;2370;1694;503;173;676;0,2852320675105485;0,3801965230536659;0,16523400191021967;-0,03595317725752506;2;6
2016-07-24;7;2016-07-24 07:00:00;24,79;27,73;-2,9400000000000013;39526;3010;46950;539;967;3608;4575;3549;428;598;1026;0,2242622950819672;0,44260599793174765;0,16574279379157428;-0,11859620814844701;2;6
2016-07-24;8;2016-07-24 08:00:00;25,67;29,1;-3,43;39526;6197;46950;255;583;7298;7881;6452;328;1101;1429;0,1813221672376602;0,5626072041166381;0,15086325020553576;-0,13361901051811453;2;6
2016-07-24;9;2016-07-24 09:00:00;25,95;30,22;-4,27;39526;10283;46950;192;413;11377;11790;10475;221;1094;1315;0,11153519932145886;0,5351089588377724;0,09615891711347456;-0,16454720616570326;2;6
2016-07-24;10;2016-07-24 10:00:00;24,87;29,23;-4,3599999999999985;39526;14240;46950;153;420;15112;15532;14393;267;872;1139;0,07333247489054855;0,6357142857142857;0,057702488088935945;-0,17531162042621626;2;6
2016-07-24;11;2016-07-24 11:00:00;25,13;27,99;-2,8599999999999994;39526;17428;46950;135;441;18063;18504;17563;306;635;941;0,05085386943363597;0,6938775510204082;0,03515473620107402;-0,11380819737365697;2;6
2016-07-24;12;2016-07-24 12:00:00;23,47;26,06;-2,59;39526;19753;46950;166;467;19881;20348;19919;301;128;429;0,021083153135443285;0,6445396145610278;0,00643830793219657;-0,11035364294844482;2;6
2016-07-24;13;2016-07-24 13:00:00;23,82;24,8;-0,9800000000000004;39526;20422;46950;265;500;20412;20912;20687;235;-10;225;0,010759372609028308;0,47;-0,0004899078973153047;-0,04114189756507139;2;6
2016-07-24;14;2016-07-24 14:00:00;23,3;24,19;-0,8900000000000006;39526;19698;46950;427;571;19709;20280;20125;144;11;155;0,007642998027613412;0,2521891418563923;0,0005581206555380791;-0,038197424892703884;2;6
2016-07-24;15;2016-07-24 15:00:00;23,48;24,96;-1,4800000000000004;39526;17318;46950;602;734;17690;18424;17920;132;372;504;0,02735562310030395;0,17983651226158037;0,021028829847371398;-0,06303236797274278;2;6
2016-07-24;16;2016-07-24 16:00:00;24,76;25,08;-0,31999999999999673;39526;14403;46950;883;920;14585;15505;15286;37;182;219;0,014124475975491777;0,04021739130434782;0,012478573877271169;-0,01292407108239082;2;6
2016-07-24;17;2016-07-24 17:00:00;26,42;28,99;-2,5699999999999967;39526;10680;46950;967;1130;10629;11759;11647;163;-51;112;0,009524619440428608;0,14424778761061946;-0,004798193621224951;-0,09727479182437535;2;6
2016-07-24;18;2016-07-24 18:00:00;29,91;31,27;-1,3599999999999994;39526;6614;46950;1008;1391;6395;7786;7622;383;-219;164;0,021063447212946312;0,2753414809489576;-0,034245504300234555;-0,045469742561016366;2;6
2016-07-24;19;2016-07-24 19:00:00;31,94;33,49;-1,5500000000000007;39526;3048;46950;861;1683;2930;4613;3909;822;-118;704;0,1526121829611966;0,48841354723707664;-0,040273037542662114;-0,04852849092047591;2;6
2016-07-24;20;2016-07-24 20:00:00;32,95;32,89;0,060000000000002274;39526;766;46950;861;1978;765;2743;1627;1117;-1;1116;0,4068538096974116;0,5647118301314459;-0,00130718954248366;0,0018209408194234376;2;6
2016-07-24;21;2016-07-24 21:00:00;33,22;34,09;-0,8700000000000045;39526;31;46950;982;2362;29;2391;1013;1380;-2;1378;0,5763278962777081;0,584250635055038;-0,06896551724137931;-0,026189042745334273;2;6
2016-07-24;22;2016-07-24 22:00:00;35,93;35,15;0,7800000000000011;39526;0;46950;1088;2652;0;2652;1088;1564;0;1564;0,5897435897435898;0,5897435897435898;;0,021708878374617345;2;6
2016-07-24;23;2016-07-24 23:00:00;33,3;31,47;1,8299999999999983;39526;0;46950;1129;2780;0;2780;1129;1651;0;1651;0,5938848920863309;0,5938848920863309;;0,05495495495495491;2;6
2016-07-25;0;2016-07-25 00:00:00;29,8;30,18;-0,37999999999999895;39531;0;46956;1098;1429;0;1429;1098;331;0;331;0,23163051084674596;0,23163051084674596;;-0,012751677852348958;2;0
2016-07-25;1;2016-07-25 01:00:00;27,32;29,24;-1,9199999999999984;39531;0;46956;1019;1391;0;1391;1019;372;0;372;0,2674335010783609;0,2674335010783609;;-0,07027818448023421;2;0
2016-07-25;2;2016-07-25 02:00:00;26,32;29,15;-2,8299999999999983;39531;0;46956;978;1372;0;1372;978;394;0;394;0,28717201166180756;0,28717201166180756;;-0,10752279635258352;2;0
2016-07-25;3;2016-07-25 03:00:00;25,93;27,11;-1,1799999999999995;39531;0;46956;932;1335;0;1335;932;403;0;403;0,30187265917602996;0,30187265917602996;;-0,045507134593135344;2;0
2016-07-25;4;2016-07-25 04:00:00;25,92;24,94;0,9800000000000004;39531;0;46956;883;1294;0;1294;883;411;0;411;0,3176197836166924;0,3176197836166924;;0,03780864197530866;2;0
2016-07-25;5;2016-07-25 05:00:00;27,8;27,13;0,6700000000000017;39531;68;46956;987;1222;81;1303;1055;235;13;248;0,1903300076745971;0,19230769230769232;0,16049382716049382;0,02410071942446049;2;0
2016-07-25;6;2016-07-25 06:00:00;35,0;32,09;2,9099999999999966;39531;1037;46956;1041;1138;1108;2246;2078;97;71;168;0,07479964381121995;0,0852372583479789;0,06407942238267147;0,08314285714285705;2;0
2016-07-25;7;2016-07-25 07:00:00;38,08;37,25;0,8299999999999983;39531;3629;46956;1072;1054;3751;4805;4701;-18;122;104;0,021644120707596255;-0,017077798861480076;0,0325246600906425;0,021796218487394915;2;0
2016-07-25;8;2016-07-25 08:00:00;39,52;38,16;1,3600000000000063;39531;7361;46956;944;919;7412;8331;8305;-25;51;26;0,0031208738446765094;-0,02720348204570185;0,006880733944954129;0,0344129554655872;2;0
2016-07-25;9;2016-07-25 09:00:00;37,94;35,19;2,75;39531;11659;46956;1160;969;11259;12228;12819;-191;-400;-591;-0,048331697742885184;-0,19711042311661506;-0,03552713384847678;0,07248286768581971;2;0
2016-07-25;10;2016-07-25 10:00:00;36,47;33,34;3,1299999999999955;39531;16032;46956;1401;1105;14490;15595;17433;-296;-1542;-1838;-0,11785828791279256;-0,2678733031674208;-0,10641821946169772;0,0858239649026596;2;0
2016-07-25;11;2016-07-25 11:00:00;36,05;31,63;4,419999999999998;39531;18652;46956;1627;1281;16647;17928;20279;-346;-2005;-2351;-0,13113565372601518;-0,27010148321623734;-0,12044212170361027;0,12260748959778082;2;0
2016-07-25;12;2016-07-25 12:00:00;33,64;29,92;3,719999999999999;39531;19490;46956;1897;1499;17651;19150;21387;-398;-1839;-2237;-0,11681462140992167;-0,26551034022681785;-0,10418673162993598;0,11058263971462541;2;0
2016-07-25;13;2016-07-25 13:00:00;32,95;30,22;2,730000000000004;39531;18934;46956;2511;1757;17746;19503;21445;-754;-1188;-1942;-0,09957442444752089;-0,42914058053500287;-0,06694466358616026;0,08285280728376339;2;0
2016-07-25;14;2016-07-25 14:00:00;32,35;31,47;0,8800000000000026;39531;17178;46956;2671;2073;16930;19003;19849;-598;-248;-846;-0,04451928642845866;-0,2884708152436083;-0,014648552864737152;0,02720247295208663;2;0
2016-07-25;15;2016-07-25 15:00:00;32,6;36,34;-3,740000000000002;39531;14919;46956;2746;2447;15053;17500;17665;-299;134;-165;-0,009428571428571429;-0,12219043727012668;0,008901880023915499;-0,11472392638036816;2;0
2016-07-25;16;2016-07-25 16:00:00;33,32;36,78;-3,4600000000000013;39531;11902;46956;2985;2710;12580;15290;14887;-275;678;403;0,026357096141268802;-0,1014760147601476;0,053895071542130364;-0,1038415366146459;2;0
2016-07-25;17;2016-07-25 17:00:00;35,18;36,4;-1,2199999999999989;39531;9000;46956;3061;2779;9479;12258;12061;-282;479;197;0,016071137216511665;-0,10147535084562792;0,05053275661989661;-0,03467879476975551;2;0
2016-07-25;18;2016-07-25 18:00:00;35,99;37,55;-1,5599999999999952;39531;5829;46956;3129;2715;5931;8646;8958;-414;102;-312;-0,03608605135322693;-0,15248618784530388;0,01719777440566515;-0,04334537371492068;2;0
2016-07-25;19;2016-07-25 19:00:00;36,59;37,93;-1,3399999999999963;39531;2793;46956;2887;2539;2839;5378;5680;-348;46;-302;-0,056154704351059875;-0,13706183536825522;0,01620288834096513;-0,03662202787646888;2;0
2016-07-25;20;2016-07-25 20:00:00;36,47;37,1;-0,6300000000000026;39531;702;46956;2484;2031;719;2750;3186;-453;17;-436;-0,15854545454545454;-0,22304283604135894;0,02364394993045897;-0,01727447216890602;2;0
2016-07-25;21;2016-07-25 21:00:00;36,08;38,04;-1,9600000000000009;39531;24;46956;2218;1822;25;1847;2242;-396;1;-395;-0,21386031402273958;-0,21734357848518113;0,04;-0,0543237250554324;2;0
2016-07-25;22;2016-07-25 22:00:00;35,47;37,22;-1,75;39531;0;46956;2065;1803;0;1803;2065;-262;0;-262;-0,14531336661120356;-0,14531336661120356;;-0,04933746828305611;2;0
2016-07-25;23;2016-07-25 23:00:00;30,4;33,97;-3,5700000000000003;39531;0;46956;1962;1769;0;1769;1962;-193;0;-193;-0,10910118711136235;-0,10910118711136235;;-0,11743421052631581;2;0
2016-07-26;0;2016-07-26 00:00:00;27,98;29,22;-1,2399999999999984;39534;0;46966;2092;1682;0;1682;2092;-410;0;-410;-0,2437574316290131;-0,2437574316290131;;-0,044317369549678284;2;1
2016-07-26;1;2016-07-26 01:00:00;27,5;27,76;-0,2600000000000016;39534;0;46966;2224;1659;0;1659;2224;-565;0;-565;-0,3405666063893912;-0,3405666063893912;;-0,009454545454545514;2;1
2016-07-26;2;2016-07-26 02:00:00;26,38;25,45;0,9299999999999996;39534;0;46966;2342;1670;0;1670;2342;-672;0;-672;-0,4023952095808383;-0,4023952095808383;;0,03525398028809703;2;1
2016-07-26;3;2016-07-26 03:00:00;25,88;24,1;1,7799999999999976;39534;0;46966;2441;1697;0;1697;2441;-744;0;-744;-0,4384207424867413;-0,4384207424867413;;0,06877897990726421;2;1
2016-07-26;4;2016-07-26 04:00:00;25,91;24,08;1,8300000000000016;39534;0;46966;2452;1657;0;1657;2452;-795;0;-795;-0,47978273989136994;-0,47978273989136994;;0,07062910073330766;2;1
2016-07-26;5;2016-07-26 05:00:00;26,53;27,56;-1,0299999999999976;39534;52;46966;2445;1512;61;1573;2497;-933;9;-924;-0,5874125874125874;-0,6170634920634921;0,14754098360655737;-0,03882397286091208;2;1
2016-07-26;6;2016-07-26 06:00:00;30,97;29,4;1,5700000000000005;39534;900;46966;2103;1281;913;2194;3003;-822;13;-809;-0,36873290793072017;-0,6416861826697893;0,014238773274917854;0,05069422021310948;2;1
2016-07-26;7;2016-07-26 07:00:00;35,9;36,77;-0,8700000000000045;39534;3166;46966;1600;1042;3166;4208;4766;-558;0;-558;-0,1326045627376426;-0,5355086372360844;0,0;-0,024233983286908206;2;1
2016-07-26;8;2016-07-26 08:00:00;39,16;40,05;-0,8900000000000006;39534;6958;46966;1190;854;6276;7130;8148;-336;-682;-1018;-0,14277699859747545;-0,39344262295081966;-0,10866794136392607;-0,022727272727272745;2;1
2016-07-26;9;2016-07-26 09:00:00;37,45;40,81;-3,3599999999999994;39534;11051;46966;1145;781;9791;10572;12196;-364;-1260;-1624;-0,15361331819901627;-0,4660691421254802;-0,12868961290981515;-0,08971962616822428;2;1
2016-07-26;10;2016-07-26 10:00:00;36,46;37,17;-0,7100000000000009;39534;14554;46966;1233;804;13092;13896;15787;-429;-1462;-1891;-0,13608232584916521;-0,5335820895522388;-0,11167124961808739;-0,019473395501919934;2;1
2016-07-26;11;2016-07-26 11:00:00;37,01;37,35;-0,3400000000000034;39534;16965;46966;1451;934;15782;16716;18416;-517;-1183;-1700;-0,10169897104570472;-0,5535331905781584;-0,07495881383855024;-0,009186706295595877;2;1
2016-07-26;12;2016-07-26 12:00:00;33,13;35,24;-2,1099999999999994;39534;17604;46966;1716;1222;17403;18625;19320;-494;-201;-695;-0,03731543624161074;-0,40425531914893614;-0,011549732804688847;-0,06368849984907936;2;1
2016-07-26;13;2016-07-26 13:00:00;32,91;35,85;-2,940000000000005;39534;17344;46966;1695;1586;17726;19312;19039;-109;382;273;0,014136288318144159;-0,06872635561160151;0,02155026514724134;-0,08933454876937116;2;1
2016-07-26;14;2016-07-26 14:00:00;31,8;36,79;-4,989999999999998;39534;16312;46966;1717;1866;16884;18750;18029;149;572;721;0,03845333333333333;0,07984994640943194;0,03387822790807866;-0,15691823899371063;2;1
2016-07-26;15;2016-07-26 15:00:00;32,92;38,23;-5,309999999999995;39534;14858;46966;1670;2057;15180;17237;16528;387;322;709;0,041132447641700993;0,18813806514341275;0,021212121212121213;-0,16130012150668271;2;1
2016-07-26;16;2016-07-26 16:00:00;32,26;35,97;-3,7100000000000013;39534;12755;46966;1734;2104;12625;14729;14489;370;-130;240;0,01629438522642406;0,1758555133079848;-0,010297029702970298;-0,1150030998140112;2;1
2016-07-26;17;2016-07-26 17:00:00;34,07;36,39;-2,3200000000000003;39534;9354;46966;1528;2004;9342;11346;10882;476;-12;464;0,040895469769081615;0,2375249500998004;-0,0012845215157353885;-0,06809509832697389;2;1
2016-07-26;18;2016-07-26 18:00:00;37,13;38,15;-1,019999999999996;39534;5952;46966;1386;1733;5774;7507;7338;347;-178;169;0,022512321832955907;0,20023081361800346;-0,03082784897817804;-0,027471047670347318;2;1
2016-07-26;19;2016-07-26 19:00:00;39,3;40,73;-1,4299999999999995;39534;2744;46966;1116;1450;2661;4111;3860;334;-83;251;0,061055704208221845;0,2303448275862069;-0,0311912814731304;-0,03638676844783714;2;1
2016-07-26;20;2016-07-26 20:00:00;37,28;38,65;-1,3699999999999974;39534;655;46966;1043;1130;669;1799;1698;87;14;101;0,05614230127848805;0,07699115044247788;0,02092675635276532;-0,03674892703862654;2;1
2016-07-26;21;2016-07-26 21:00:00;36,54;37,09;-0,5500000000000043;39534;19;46966;1158;1115;22;1137;1177;-43;3;-40;-0,03518029903254178;-0,03856502242152467;0,13636363636363635;-0,015051997810618617;2;1
2016-07-26;22;2016-07-26 22:00:00;35,81;36,58;-0,769999999999996;39534;0;46966;1274;1182;0;1182;1274;-92;0;-92;-0,077834179357022;-0,077834179357022;;-0,02150237363864831;2;1
2016-07-26;23;2016-07-26 23:00:00;30,2;32,02;-1,820000000000004;39534;0;46966;1350;1155;0;1155;1350;-195;0;-195;-0,16883116883116883;-0,16883116883116883;;-0,06026490066225179;2;1
2016-07-27;0;2016-07-27 00:00:00;28,12;29,02;-0,8999999999999986;39538;0;46975;1622;1290;0;1290;1622;-332;0;-332;-0,25736434108527134;-0,25736434108527134;;-0,03200568990042669;2;2
2016-07-27;1;2016-07-27 01:00:00;27,61;28,24;-0,629999999999999;39538;0;46975;1674;1321;0;1321;1674;-353;0;-353;-0,267221801665405;-0,267221801665405;;-0,0228178196305686;2;2
2016-07-27;2;2016-07-27 02:00:00;26,53;27,51;-0,9800000000000004;39538;0;46975;1576;1355;0;1355;1576;-221;0;-221;-0,16309963099630997;-0,16309963099630997;;-0,03693931398416888;2;2
2016-07-27;3;2016-07-27 03:00:00;25,87;27,47;-1,599999999999998;39538;0;46975;1614;1418;0;1418;1614;-196;0;-196;-0,1382228490832158;-0,1382228490832158;;-0,06184770003865474;2;2
2016-07-27;4;2016-07-27 04:00:00;26,0;27,21;-1,2100000000000009;39538;0;46975;1824;1523;0;1523;1824;-301;0;-301;-0,19763624425476034;-0,19763624425476034;;-0,04653846153846157;2;2
2016-07-27;5;2016-07-27 05:00:00;26,63;29,13;-2,5;39538;38;46975;2143;1636;53;1689;2181;-507;15;-492;-0,2912966252220249;-0,3099022004889976;0,2830188679245283;-0,0938790837401427;2;2
2016-07-27;6;2016-07-27 06:00:00;31,53;32,11;-0,5799999999999983;39538;785;46975;2522;1736;812;2548;3307;-786;27;-759;-0,2978806907378336;-0,45276497695852536;0,0332512315270936;-0,01839517919441796;2;2
2016-07-27;7;2016-07-27 07:00:00;36,43;37,44;-1,009999999999998;39538;2809;46975;2474;1793;2861;4654;5283;-681;52;-629;-0,13515255694026643;-0,3798103736754044;0,018175463124781546;-0,02772440296458957;2;2
2016-07-27;8;2016-07-27 08:00:00;39,11;37,89;1,2199999999999989;39538;5765;46975;2181;1757;5690;7447;7946;-424;-75;-499;-0,06700684839532697;-0,24132043255549232;-0,013181019332161687;0,031194068013295804;2;2
2016-07-27;9;2016-07-27 09:00:00;40,67;36,5;4,170000000000002;39538;9406;46975;2095;1799;8851;10650;11501;-296;-555;-851;-0,07990610328638498;-0,16453585325180656;-0,06270477912100328;0,10253257929677899;2;2
2016-07-27;10;2016-07-27 10:00:00;40,92;35,52;5,399999999999999;39538;13334;46975;2731;1989;11822;13811;16065;-742;-1512;-2254;-0,16320324379118095;-0,3730517848164907;-0,12789714092370158;0,1319648093841642;2;2
2016-07-27;11;2016-07-27 11:00:00;41,25;33,89;7,3599999999999985;39538;16524;46975;3262;2210;14187;16397;19786;-1052;-2337;-3389;-0,20668414953954992;-0,4760180995475113;-0,16472827236202156;0,1784242424242424;2;2
2016-07-27;12;2016-07-27 12:00:00;37,09;29,76;7,330000000000003;39538;17930;46975;3617;2544;15725;18269;21547;-1073;-2205;-3278;-0,17942963490065136;-0,42177672955974843;-0,14022257551669318;0,19762739282825564;2;2
2016-07-27;13;2016-07-27 13:00:00;36,53;28,01;8,52;39538;17719;46975;4400;2964;16376;19340;22119;-1436;-1343;-2779;-0,1436918304033092;-0,4844804318488529;-0,08201025891548608;0,2332329592116069;2;2
2016-07-27;14;2016-07-27 14:00:00;33,19;27,52;5,669999999999997;39538;16610;46975;5400;3391;16163;19554;22010;-2009;-447;-2456;-0,1256009000715966;-0,5924506045414332;-0,027655756975808948;0,17083458873154558;2;2
2016-07-27;15;2016-07-27 15:00:00;32,6;27,41;5,190000000000001;39538;14520;46975;6412;3809;14809;18618;20932;-2603;289;-2314;-0,12428832312815555;-0,6833814649514308;0,019515159700182323;0,15920245398773009;2;2
2016-07-27;16;2016-07-27 16:00:00;32,7;27,57;5,130000000000003;39538;12029;46975;6600;4158;12395;16553;18629;-2442;366;-2076;-0,12541533256811455;-0,5873015873015873;0,02952803549818475;0,1568807339449542;2;2
2016-07-27;17;2016-07-27 17:00:00;33,15;29,15;4,0;39538;8914;46975;6101;4242;9205;13447;15015;-1859;291;-1568;-0,1166059344091619;-0,43823668081093825;0,031613253666485604;0,12066365007541478;2;2
2016-07-27;18;2016-07-27 18:00:00;35,97;32,65;3,3200000000000003;39538;5465;46975;5376;3983;5652;9635;10841;-1393;187;-1206;-0,12516865594187856;-0,34973637961335674;0,03308563340410474;0,09229913817069782;2;2
2016-07-27;19;2016-07-27 19:00:00;36,61;33,56;3,049999999999997;39538;2501;46975;4548;3642;2560;6202;7049;-906;59;-847;-0,136568848758465;-0,2487644151565074;0,023046875;0,08331057088227253;2;2
2016-07-27;20;2016-07-27 20:00:00;36,37;33,72;2,6499999999999986;39538;617;46975;3770;3366;610;3976;4387;-404;-7;-411;-0,1033702213279678;-0,12002376708259062;-0,011475409836065573;0,07286224910640635;2;2
2016-07-27;21;2016-07-27 21:00:00;35,56;33,43;2,1300000000000026;39538;14;46975;3469;3247;18;3265;3483;-222;4;-218;-0,0667687595712098;-0,06837080381890977;0,2222222222222222;0,05989876265466824;2;2
2016-07-27;22;2016-07-27 22:00:00;34,04;31,58;2,460000000000001;39538;0;46975;3803;3148;0;3148;3803;-655;0;-655;-0,20806861499364676;-0,20806861499364676;;0,07226792009400708;2;2
2016-07-27;23;2016-07-27 23:00:00;29,94;26,42;3,52;39538;0;46975;3884;3119;0;3119;3884;-765;0;-765;-0,2452709201667201;-0,2452709201667201;;0,11756847027388109;2;2
2016-07-28;0;2016-07-28 00:00:00;26,9;25,63;1,2699999999999996;39541;0;46982;3499;3643;0;3643;3499;144;0;144;0,03952786165248422;0,03952786165248422;;0,047211895910780656;2;3
2016-07-28;1;2016-07-28 01:00:00;26,39;24,43;1,9600000000000009;39541;0;46982;3208;3538;0;3538;3208;330;0;330;0,09327303561334087;0,09327303561334087;;0,07427055702917774;2;3
2016-07-28;2;2016-07-28 02:00:00;25,8;24,94;0,8599999999999994;39541;0;46982;2944;3352;0;3352;2944;408;0;408;0,12171837708830549;0,12171837708830549;;0,03333333333333331;2;3
2016-07-28;3;2016-07-28 03:00:00;25,29;22,38;2,91;39541;0;46982;2590;3061;0;3061;2590;471;0;471;0,15387128389415225;0,15387128389415225;;0,11506524317912219;2;3
2016-07-28;4;2016-07-28 04:00:00;25,26;22,62;2,640000000000001;39541;0;46982;2362;2710;0;2710;2362;348;0;348;0,12841328413284134;0,12841328413284134;;0,10451306413301666;2;3
2016-07-28;5;2016-07-28 05:00:00;26,39;23,29;3,1000000000000014;39541;44;46982;2056;2289;58;2347;2100;233;14;247;0,10524073285044738;0,1017911751856706;0,2413793103448276;0,11746873815839338;2;3
2016-07-28;6;2016-07-28 06:00:00;29,92;24,71;5,210000000000001;39541;868;46982;1727;1926;940;2866;2595;199;72;271;0,09455687369155617;0,10332294911734165;0,07659574468085106;0,17413101604278078;2;3
2016-07-28;7;2016-07-28 07:00:00;34,91;29,29;5,619999999999997;39541;3283;46982;1362;1627;3392;5019;4645;265;109;374;0,07451683602311217;0,1628764597418562;0,032134433962264154;0,1609853910054425;2;3
2016-07-28;8;2016-07-28 08:00:00;36,94;32,77;4,1699999999999955;39541;6588;46982;871;1438;6844;8282;7459;567;256;823;0,09937213233518474;0,39429763560500697;0,037405026300409115;0,11288576069301559;2;3
2016-07-28;9;2016-07-28 09:00:00;35,79;32,82;2,969999999999999;39541;10454;46982;678;1388;10523;11911;11132;710;69;779;0,06540172949374527;0,5115273775216138;0,006557065475624822;0,08298407376362109;2;3
2016-07-28;10;2016-07-28 10:00:00;33,93;32,14;1,7899999999999991;39541;14160;46982;764;1422;13639;15061;14924;658;-521;137;0,009096341544386164;0,46272855133614627;-0,0381992814722487;0,052755673445328596;2;3
2016-07-28;11;2016-07-28 11:00:00;33,75;32,07;1,6799999999999995;39541;16050;46982;1098;1529;15800;17329;17148;431;-250;181;0,010444918922038202;0,2818835840418574;-0,015822784810126583;0,04977777777777776;2;3
2016-07-28;12;2016-07-28 12:00:00;33,81;33,05;0,7600000000000051;39541;16430;46982;1564;1647;17118;18765;17994;83;688;771;0,04108713029576339;0,050394656952034;0,04019161116952915;0,022478556640047474;2;3
2016-07-28;13;2016-07-28 13:00:00;31,79;35,11;-3,3200000000000003;39541;15865;46982;1874;1775;17632;19407;17739;-99;1767;1668;0,08594836914515382;-0,05577464788732395;0,10021551724137931;-0,10443535703051275;2;3
2016-07-28;14;2016-07-28 14:00:00;30,97;34,14;-3,1700000000000017;39541;15070;46982;2032;1835;17050;18885;17102;-197;1980;1783;0,09441355573206249;-0,10735694822888284;0,11612903225806452;-0,10235711979334847;2;3
2016-07-28;15;2016-07-28 15:00:00;31,43;32,5;-1,0700000000000005;39541;13931;46982;2051;1828;15388;17216;15982;-223;1457;1234;0,0716775092936803;-0,12199124726477024;0,0946841694827138;-0,03404390709513205;2;3
2016-07-28;16;2016-07-28 16:00:00;31,43;31,76;-0,33000000000000185;39541;12224;46982;1996;1743;12714;14457;14220;-253;490;237;0,01639344262295082;-0,1451520367183018;0,038540191914425044;-0,010499522748966015;2;3
2016-07-28;17;2016-07-28 17:00:00;32,98;30,8;2,1799999999999957;39541;9447;46982;2044;1578;9378;10956;11491;-466;-69;-535;-0,04883169039795546;-0,2953105196451204;-0,007357645553422905;0,06610066707095197;2;3
2016-07-28;18;2016-07-28 18:00:00;34,97;31,85;3,119999999999997;39541;5831;46982;1762;1445;5693;7138;7593;-317;-138;-455;-0,06374334547492294;-0,2193771626297578;-0,024240295099244687;0,0892193308550185;2;3
2016-07-28;19;2016-07-28 19:00:00;36,72;32,48;4,240000000000002;39541;2614;46982;1650;1351;2525;3876;4264;-299;-89;-388;-0,1001031991744066;-0,22131754256106587;-0,035247524752475244;0,1154684095860567;2;3
2016-07-28;20;2016-07-28 20:00:00;35,5;32,4;3,1000000000000014;39541;552;46982;1664;1350;583;1933;2216;-314;31;-283;-0,1464045525090533;-0,2325925925925926;0,05317324185248713;0,08732394366197187;2;3
2016-07-28;21;2016-07-28 21:00:00;34,04;31,98;2,0599999999999987;39541;17;46982;2124;1673;14;1687;2141;-451;-3;-454;-0,2691167753408417;-0,269575612671847;-0,21428571428571427;0,06051703877790831;2;3
2016-07-28;22;2016-07-28 22:00:00;33,93;32,08;1,8500000000000012;39541;0;46982;2634;2190;0;2190;2634;-444;0;-444;-0,20273972602739726;-0,20273972602739726;;0,05452402004126146;2;3
2016-07-28;23;2016-07-28 23:00:00;29,92;29,46;0,4600000000000009;39541;0;46982;3127;2769;0;2769;3127;-358;0;-358;-0,1292885518237631;-0,1292885518237631;;0,01537433155080217;2;3
2016-07-29;0;2016-07-29 00:00:00;28,21;30,17;-1,9600000000000009;39545;0;47034;3606;4046;0;4046;3606;440;0;440;0,10874938210578348;0,10874938210578348;;-0,06947890818858564;2;4
2016-07-29;1;2016-07-29 01:00:00;27,04;26,73;0,3099999999999987;39545;0;47034;3707;4414;0;4414;3707;707;0;707;0,16017217942908926;0,16017217942908926;;0,011464497041420071;2;4
2016-07-29;2;2016-07-29 02:00:00;26,03;26,05;-0,01999999999999957;39545;0;47034;3734;4608;0;4608;3734;874;0;874;0,1896701388888889;0,1896701388888889;;-0,0007683442182097414;2;4
2016-07-29;3;2016-07-29 03:00:00;24,58;25,04;-0,4600000000000009;39545;0;47034;3916;4650;0;4650;3916;734;0;734;0,1578494623655914;0,1578494623655914;;-0,0187144019528072;2;4
2016-07-29;4;2016-07-29 04:00:00;24,84;26,81;-1,9699999999999989;39545;0;47034;3885;4659;0;4659;3885;774;0;774;0,16613007083065034;0,16613007083065034;;-0,07930756843800317;2;4
2016-07-29;5;2016-07-29 05:00:00;25,95;28,62;-2,6700000000000017;39545;36;47034;3646;4674;50;4724;3682;1028;14;1042;0,220575783234547;0,21994009413778348;0,28;-0,1028901734104047;2;4
2016-07-29;6;2016-07-29 06:00:00;29,68;31,89;-2,210000000000001;39545;722;47034;3841;4672;840;5512;4563;831;118;949;0,1721698113207547;0,1778681506849315;0,14047619047619048;-0,07446091644204855;2;4
2016-07-29;7;2016-07-29 07:00:00;33,99;37,09;-3,1000000000000014;39545;2681;47034;3543;4671;3063;7734;6224;1128;382;1510;0,1952417895009051;0,24149004495825305;0,1247143323539014;-0,09120329508679027;2;4
2016-07-29;8;2016-07-29 08:00:00;36,13;39,39;-3,259999999999998;39545;5963;47034;3236;4897;6391;11288;9199;1661;428;2089;0,18506378454996456;0,33918725750459466;0,06696917540291034;-0,09022972598948237;2;4
2016-07-29;9;2016-07-29 09:00:00;36,09;39,59;-3,5;39545;9668;47034;3727;5477;10133;15610;13395;1750;465;2215;0,1418962203715567;0,31951798429797335;0,045889667423270504;-0,0969797727902466;2;4
2016-07-29;10;2016-07-29 10:00:00;33,75;36,67;-2,9200000000000017;39545;12888;47034;4717;6199;13420;19619;17605;1482;532;2014;0,10265558896987614;0,23907081787385062;0,03964232488822653;-0,08651851851851856;2;4
2016-07-29;11;2016-07-29 11:00:00;33,21;34,24;-1,0300000000000011;39545;14855;47034;5210;6832;15686;22518;20065;1622;831;2453;0,10893507416289192;0,2374121779859485;0,05297717710059926;-0,031014754591990396;2;4
2016-07-29;12;2016-07-29 12:00:00;31,67;34,85;-3,18;39545;16553;47034;6206;7401;17015;24416;22759;1195;462;1657;0,06786533420707733;0,16146466693690043;0,02715251248898031;-0,10041048310704137;2;4
2016-07-29;13;2016-07-29 13:00:00;29,5;31,81;-2,3099999999999987;39545;17723;47034;6944;8133;17364;25497;24667;1189;-359;830;0,03255284935482606;0,14619451616869544;-0,02067495968670813;-0,07830508474576267;2;4
2016-07-29;14;2016-07-29 14:00:00;27,94;28,24;-0,2999999999999972;39545;17617;47034;7661;8759;16810;25569;25278;1098;-807;291;0,01138096914232078;0,1253567758876584;-0,04800713860797145;-0,010737294201861031;2;4
2016-07-29;15;2016-07-29 15:00:00;27,37;26,31;1,0600000000000025;39545;16419;47034;8212;9041;15350;24391;24631;829;-1069;-240;-0,009839694969455947;0,09169339674814733;-0,06964169381107492;0,03872853489221784;2;4
2016-07-29;16;2016-07-29 16:00:00;28,09;26,87;1,2199999999999989;39545;14339;47034;8222;9115;12893;22008;22561;893;-1446;-553;-0,025127226463104325;0,097970378496983;-0,11215388195144652;0,043431826272694866;2;4
2016-07-29;17;2016-07-29 17:00:00;29,11;31,64;-2,5300000000000007;39545;10640;47034;7854;8761;9505;18266;18494;907;-1135;-228;-0,01248220737983138;0,1035269946353156;-0,11941083640189375;-0,08691171418756444;2;4
2016-07-29;18;2016-07-29 18:00:00;31,5;35,53;-4,030000000000001;39545;6424;47034;7028;7871;5662;13533;13452;843;-762;81;0,005985369097761028;0,10710202007368823;-0,13458141999293535;-0,12793650793650796;2;4
2016-07-29;19;2016-07-29 19:00:00;34,13;36,05;-1,9199999999999944;39545;2778;47034;5675;6831;2441;9272;8453;1156;-337;819;0,0883304572907679;0,169228517054604;-0,13805817287996722;-0,056255493700556526;2;4
2016-07-29;20;2016-07-29 20:00:00;32,98;36,09;-3,1100000000000065;39545;584;47034;4191;5998;575;6573;4775;1807;-9;1798;0,2735432831279477;0,3012670890296766;-0,01565217391304348;-0,09429957550030342;2;4
2016-07-29;21;2016-07-29 21:00:00;30,86;36,57;-5,710000000000001;39545;13;47034;3926;5956;13;5969;3939;2030;0;2030;0,3400904674149774;0,3408327736736064;0,0;-0,18502916396629945;2;4
2016-07-29;22;2016-07-29 22:00:00;29,81;35,51;-5,699999999999998;39545;0;47034;4440;6293;0;6293;4440;1853;0;1853;0,29445415541077385;0,29445415541077385;;-0,19121100301912106;2;4
2016-07-29;23;2016-07-29 23:00:00;28,87;33,75;-4,879999999999999;39545;0;47034;5056;6778;0;6778;5056;1722;0;1722;0,2540572440247861;0,2540572440247861;;-0,16903359889158293;2;4
2016-07-30;0;2016-07-30 00:00:00;31,07;29,23;1,84;39546;0;47109;5202;6401;0;6401;5202;1199;0;1199;0,18731448211216997;0,18731448211216997;;0,059221113614419056;2;5
2016-07-30;1;2016-07-30 01:00:00;26,51;26,11;0,4000000000000021;39546;0;47109;5392;6749;0;6749;5392;1357;0;1357;0,20106682471477255;0,20106682471477255;;0,015088645794040062;2;5
2016-07-30;2;2016-07-30 02:00:00;25,59;24,78;0,8099999999999987;39546;0;47109;5581;6955;0;6955;5581;1374;0;1374;0,19755571531272467;0,19755571531272467;;0,031652989449003466;2;5
2016-07-30;3;2016-07-30 03:00:00;24,56;22,44;2,119999999999997;39546;0;47109;5862;7016;0;7016;5862;1154;0;1154;0,1644811858608894;0,1644811858608894;;0,08631921824104223;2;5
2016-07-30;4;2016-07-30 04:00:00;24,17;23,4;0,7700000000000031;39546;0;47109;5927;6984;0;6984;5927;1057;0;1057;0,1513459335624284;0,1513459335624284;;0,03185767480347551;2;5
2016-07-30;5;2016-07-30 05:00:00;24,39;23,56;0,8300000000000018;39546;34;47109;6032;6903;48;6951;6066;871;14;885;0,1273198100992663;0,12617702448210924;0,2916666666666667;0,03403034030340311;2;5
2016-07-30;6;2016-07-30 06:00:00;24,72;23,31;1,41;39546;878;47109;6031;6620;862;7482;6909;589;-16;573;0,07658380112269447;0,08897280966767372;-0,018561484918793503;0,05703883495145631;2;5
2016-07-30;7;2016-07-30 07:00:00;25,46;22,26;3,1999999999999997;39546;3459;47109;5483;6227;3285;9512;8942;744;-174;570;0,05992430613961312;0,11947968524168942;-0,052968036529680365;0,12568735271013354;2;5
2016-07-30;8;2016-07-30 08:00:00;26,74;26,42;0,31999999999999673;39546;7604;47109;5061;5958;6962;12920;12665;897;-642;255;0,019736842105263157;0,15055387713997986;-0,09221488078138466;0,011967090501121793;2;5
2016-07-30;9;2016-07-30 09:00:00;28,97;27,11;1,8599999999999997;39546;11876;47109;5197;5966;11153;17119;17073;769;-723;46;0,002687072843039897;0,12889708347301373;-0,06482560745987627;0,06420434932688987;2;5
2016-07-30;10;2016-07-30 10:00:00;28,38;26,69;1,6899999999999975;39546;15233;47109;5816;6178;14683;20861;21049;362;-550;-188;-0,00901203202147548;0,058595014567821305;-0,03745828509160253;0,05954897815362923;2;5
2016-07-30;11;2016-07-30 11:00:00;27,93;26,18;1,75;39546;17422;47109;6009;6285;17145;23430;23431;276;-277;-1;-4,268032437046522e-05;0,043914081145584725;-0,01615631379410907;0,06265664160401002;2;5
2016-07-30;12;2016-07-30 12:00:00;26,33;26,53;-0,20000000000000284;39546;18311;47109;6083;6234;18478;24712;24394;151;167;318;0,012868242149562965;0,024222008341353865;0,009037774650936248;-0,007595898214964028;2;5
2016-07-30;13;2016-07-30 13:00:00;24,79;25,83;-1,0399999999999991;39546;18376;47109;6234;6162;18900;25062;24610;-72;524;452;0,018035272524140132;-0,011684518013631937;0,027724867724867725;-0,041952400161355353;2;5
2016-07-30;14;2016-07-30 14:00:00;23,99;25,52;-1,5300000000000011;39546;18462;47109;6402;5964;18337;24301;24864;-438;-125;-563;-0,0231677708736266;-0,07344064386317907;-0,00681681845449092;-0,06377657357232185;2;5
2016-07-30;15;2016-07-30 15:00:00;24,04;23,17;0,8699999999999974;39546;17248;47109;6573;5597;16598;22195;23821;-976;-650;-1626;-0,07325974318540211;-0,17437913167768448;-0,03916134474033016;0,03618968386023284;2;5
2016-07-30;16;2016-07-30 16:00:00;25,04;22,63;2,41;39546;14526;47109;6389;5036;13853;18889;20915;-1353;-673;-2026;-0,10725819259886707;-0,2686656076250993;-0,04858153468562766;0,09624600638977637;2;5
2016-07-30;17;2016-07-30 17:00:00;26,1;24,02;2,0800000000000023;39546;10816;47109;5824;4220;10190;14410;16640;-1604;-626;-2230;-0,15475364330326163;-0,3800947867298578;-0,06143277723258096;0,0796934865900384;2;5
2016-07-30;18;2016-07-30 18:00:00;30,51;26,39;4,120000000000001;39546;6480;47109;4675;3287;6029;9316;11155;-1388;-451;-1839;-0,19740231859167023;-0,42226954669911776;-0,07480510864156577;0,13503769255981649;2;5
2016-07-30;19;2016-07-30 19:00:00;31,92;30,69;1,2300000000000004;39546;2651;47109;3295;2299;2538;4837;5946;-996;-113;-1109;-0,22927434360140583;-0,43323183993040454;-0,04452324665090623;0,03853383458646618;2;5
2016-07-30;20;2016-07-30 20:00:00;32,55;31,62;0,9299999999999962;39546;568;47109;1995;1573;567;2140;2563;-422;-1;-423;-0,19766355140186917;-0,2682771773680865;-0,001763668430335097;0,028571428571428456;2;5
2016-07-30;21;2016-07-30 21:00:00;32,09;33,84;-1,75;39546;10;47109;1378;1355;12;1367;1388;-23;2;-21;-0,015362106803218726;-0,016974169741697416;0,16666666666666666;-0,054534122779682136;2;5
2016-07-30;22;2016-07-30 22:00:00;36,02;33,82;2,200000000000003;39546;0;47109;1076;1282;0;1282;1076;206;0;206;0,1606864274570983;0,1606864274570983;;0,06107717934480851;2;5
2016-07-30;23;2016-07-30 23:00:00;32,96;30,91;2,0500000000000007;39546;0;47109;838;1235;0;1235;838;397;0;397;0,3214574898785425;0,3214574898785425;;0,062196601941747594;2;5
2016-07-31;0;2016-07-31 00:00:00;28,08;28,23;-0,15000000000000213;39546;0;47128;617;1217;0;1217;617;600;0;600;0,4930156121610518;0,4930156121610518;;-0,005341880341880418;2;6
2016-07-31;1;2016-07-31 01:00:00;25,36;24,54;0,8200000000000003;39546;0;47128;575;1122;0;1122;575;547;0;547;0,4875222816399287;0,4875222816399287;;0,03233438485804418;2;6
2016-07-31;2;2016-07-31 02:00:00;23,8;24,72;-0,9199999999999982;39546;0;47128;551;1081;0;1081;551;530;0;530;0,4902867715078631;0,4902867715078631;;-0,03865546218487387;2;6
2016-07-31;3;2016-07-31 03:00:00;22,56;24,71;-2,150000000000002;39546;0;47128;549;1067;0;1067;549;518;0;518;0,4854732895970009;0,4854732895970009;;-0,09530141843971641;2;6
2016-07-31;4;2016-07-31 04:00:00;22,14;22,69;-0,5500000000000007;39546;0;47128;732;1035;0;1035;732;303;0;303;0,2927536231884058;0,2927536231884058;;-0,024841915085817557;2;6
2016-07-31;5;2016-07-31 05:00:00;21,65;23,65;-2,0;39546;25;47128;878;965;41;1006;903;87;16;103;0,10238568588469185;0,09015544041450778;0,3902439024390244;-0,09237875288683603;2;6
2016-07-31;6;2016-07-31 06:00:00;20,98;23,8;-2,8200000000000003;39546;672;47128;1031;882;755;1637;1703;-149;83;-66;-0,04031765424557117;-0,1689342403628118;0,10993377483443709;-0,13441372735938992;2;6
2016-07-31;7;2016-07-31 07:00:00;21,99;22,6;-0,6100000000000029;39546;2567;47128;947;820;2807;3627;3514;-127;240;113;0,0311552247036118;-0,1548780487804878;0,08550053437833986;-0,027739881764438513;2;6
2016-07-31;8;2016-07-31 08:00:00;23,8;22,63;1,1700000000000017;39546;4845;47128;717;772;5635;6407;5562;55;790;845;0,1318869985952864;0,07124352331606218;0,1401952085181899;0,04915966386554629;2;6
2016-07-31;9;2016-07-31 09:00:00;25,12;25,94;-0,8200000000000003;39546;7128;47128;636;799;8682;9481;7764;163;1554;1717;0,1810990401856344;0,20400500625782228;0,17899101589495509;-0,032643312101910835;2;6
2016-07-31;10;2016-07-31 10:00:00;25,28;27,91;-2,629999999999999;39546;9108;47128;826;900;11135;12035;9934;74;2027;2101;0,17457415870378065;0,08222222222222222;0,18203861697350696;-0,10403481012658224;2;6
2016-07-31;11;2016-07-31 11:00:00;26,77;28,36;-1,59;39546;10299;47128;992;1101;12763;13864;11291;109;2464;2573;0,18558857472590884;0,09900090826521345;0,19305805845020763;-0,05939484497571909;2;6
2016-07-31;12;2016-07-31 12:00:00;26,34;28,13;-1,7899999999999991;39546;10651;47128;1219;1373;13599;14972;11870;154;2948;3102;0,2071867485973818;0,11216314639475601;0,2167806456357085;-0,0679574791192103;2;6
2016-07-31;13;2016-07-31 13:00:00;25,56;27,84;-2,2800000000000007;39546;10664;47128;1627;1700;13542;15242;12291;73;2878;2951;0,1936097624983598;0,04294117647058823;0,21252399940924532;-0,08920187793427234;2;6
2016-07-31;14;2016-07-31 14:00:00;24,35;26,87;-2,52;39546;9498;47128;2296;2085;12679;14764;11794;-211;3181;2970;0,2011649959360607;-0,10119904076738609;0,25088729395062703;-0,10349075975359343;2;6
2016-07-31;15;2016-07-31 15:00:00;23,32;26,29;-2,969999999999999;39546;9098;47128;3080;2618;11059;13677;12178;-462;1961;1499;0,10960005849235943;-0,17647058823529413;0,17732163848449226;-0,12735849056603768;2;6
2016-07-31;16;2016-07-31 16:00:00;22,78;24,78;-2,0;39546;7974;47128;3731;3125;8940;12065;11705;-606;966;360;0,029838375466224618;-0,19392;0,10805369127516778;-0,08779631255487269;2;6
2016-07-31;17;2016-07-31 17:00:00;25,25;24,27;0,9800000000000004;39546;6800;47128;4526;3489;6571;10060;11326;-1037;-229;-1266;-0,12584493041749503;-0,29721983376325595;-0,03485009891949475;0,038811881188118826;2;6
2016-07-31;18;2016-07-31 18:00:00;25,09;25,99;-0,8999999999999986;39546;4560;47128;5136;3759;4065;7824;9696;-1377;-495;-1872;-0,2392638036809816;-0,3663208300079808;-0,12177121771217712;-0,03587086488640887;2;6
2016-07-31;19;2016-07-31 19:00:00;28,23;27,87;0,35999999999999943;39546;2220;47128;5468;3921;1855;5776;7688;-1547;-365;-1912;-0,33102493074792244;-0,3945422086202499;-0,1967654986522911;0,012752391073326229;2;6
2016-07-31;20;2016-07-31 20:00:00;28,92;28,11;0,8100000000000023;39546;520;47128;5358;4120;414;4534;5878;-1238;-106;-1344;-0,2964269960299956;-0,3004854368932039;-0,2560386473429952;0,0280082987551868;2;6
2016-07-31;21;2016-07-31 21:00:00;30,19;27,84;2,3500000000000014;39546;11;47128;5188;4442;10;4452;5199;-746;-1;-747;-0,16778975741239893;-0,16794236830256642;-0,1;0,07784034448492883;2;6
2016-07-31;22;2016-07-31 22:00:00;31,39;27,98;3,41;39546;0;47128;5830;4936;0;4936;5830;-894;0;-894;-0,18111831442463533;-0,18111831442463533;;0,10863332271424021;2;6
2016-07-31;23;2016-07-31 23:00:00;27,78;25,37;2,41;39546;0;47128;6239;5542;0;5542;6239;-697;0;-697;-0,12576687116564417;-0,12576687116564417;;0,08675305975521959;2;6
2016-08-01;0;2016-08-01 00:00:00;24,91;22,45;2,460000000000001;39549;0;47168;6245;5439;0;5439;6245;-806;0;-806;-0,14818900533186247;-0,14818900533186247;;0,09875551987153756;2;0
2016-08-01;1;2016-08-01 01:00:00;23,79;21,05;2,7399999999999984;39549;0;47168;6528;5806;0;5806;6528;-722;0;-722;-0,12435411643127799;-0,12435411643127799;;0,11517444304329544;2;0
2016-08-01;2;2016-08-01 02:00:00;22,55;19,77;2,780000000000001;39549;0;47168;7010;5993;0;5993;7010;-1017;0;-1017;-0,16969798097780744;-0,16969798097780744;;0,12328159645232821;2;0
2016-08-01;3;2016-08-01 03:00:00;22,14;18,87;3,27;39549;0;47168;7466;6090;0;6090;7466;-1376;0;-1376;-0,225944170771757;-0,225944170771757;;0,14769647696476965;2;0
2016-08-01;4;2016-08-01 04:00:00;22,42;18,51;3,91;39549;0;47168;7610;6200;0;6200;7610;-1410;0;-1410;-0,22741935483870968;-0,22741935483870968;;0,17439785905441568;2;0
2016-08-01;5;2016-08-01 05:00:00;23,93;19,04;4,8900000000000015;39549;33;47168;7356;6095;46;6141;7389;-1261;13;-1248;-0,20322423058133854;-0,20689089417555373;0,2826086956521739;0,20434600919348106;2;0
2016-08-01;6;2016-08-01 06:00:00;29,06;23,25;5,809999999999999;39549;904;47168;7100;5810;947;6757;8004;-1290;43;-1247;-0,18454935622317598;-0,22203098106712565;0,0454065469904963;0,1999311768754301;2;0
2016-08-01;7;2016-08-01 07:00:00;32,17;28,34;3,830000000000002;39549;3845;47168;6083;5543;3920;9463;9928;-540;75;-465;-0,04913875092465392;-0,09742016958325816;0,01913265306122449;0,11905502020516014;2;0
2016-08-01;8;2016-08-01 08:00:00;35,0;31,4;3,6000000000000014;39549;8502;47168;5277;5328;8623;13951;13779;51;121;172;0,012328865314314387;0,009572072072072071;0,01403223935985156;0,1028571428571429;2;0
2016-08-01;9;2016-08-01 09:00:00;33,21;30,05;3,16;39549;13681;47168;5619;5390;13856;19246;19300;-229;175;-54;-0,002805777823963421;-0,0424860853432282;0,012629907621247114;0,09515206263173744;2;0
2016-08-01;10;2016-08-01 10:00:00;30,13;27,55;2,5799999999999983;39549;17481;47168;6261;5537;18133;23670;23742;-724;652;-72;-0,003041825095057034;-0,13075672746974895;0,035956543318811006;0,08562894125456351;2;0
2016-08-01;11;2016-08-01 11:00:00;29,8;26,64;3,16;39549;19362;47168;6553;5703;20881;26584;25915;-850;1519;669;0,0251655130905808;-0,14904436261616694;0,07274555816292323;0,10604026845637585;2;0
2016-08-01;12;2016-08-01 12:00:00;27,92;26,82;1,1000000000000014;39549;19810;47168;7048;6172;22033;28205;26858;-876;2223;1347;0,04775748980677185;-0,14193130265716136;0,10089411337539146;0,03939828080229231;2;0
2016-08-01;13;2016-08-01 13:00:00;25,93;27,62;-1,6900000000000013;39549;19428;47168;7168;6678;21774;28452;26596;-490;2346;1856;0,06523267257134824;-0,07337526205450734;0,10774317993937724;-0,06517547242576172;2;0
2016-08-01;14;2016-08-01 14:00:00;27,03;27,9;-0,8699999999999974;39549;18645;47168;7622;6879;20393;27272;26267;-743;1748;1005;0,03685098269287181;-0,10800988515772642;0,08571568675525916;-0,03218645948945607;2;0
2016-08-01;15;2016-08-01 15:00:00;27,01;28,53;-1,5199999999999996;39549;16450;47168;7573;6853;18014;24867;24023;-720;1564;844;0,033940563799412876;-0,1050634758499927;0,08682136116353947;-0,056275453535727486;2;0
2016-08-01;16;2016-08-01 16:00:00;28,48;28,37;0,10999999999999943;39549;13556;47168;7336;6623;14678;21301;20892;-713;1122;409;0,019200976479977466;-0,10765514117469424;0,07644093200708543;0,0038623595505617777;2;0
2016-08-01;17;2016-08-01 17:00:00;32,05;30,9;1,1499999999999986;39549;10087;47168;6559;6014;10547;16561;16646;-545;460;-85;-0,005132540305537105;-0,09062188227469238;0,043614297904617426;0,035881435257410256;2;0
2016-08-01;18;2016-08-01 18:00:00;35,97;34,13;1,8399999999999963;39549;6432;47168;5374;5010;6118;11128;11806;-364;-314;-678;-0,0609273903666427;-0,07265469061876248;-0,05132396207911082;0,05115373922713362;2;0
2016-08-01;19;2016-08-01 19:00:00;37,15;35,92;1,2299999999999969;39549;2939;47168;4026;3986;2528;6514;6965;-40;-411;-451;-0,06923549278477126;-0,010035122930255895;-0,16257911392405064;0,03310901749663518;2;0
2016-08-01;20;2016-08-01 20:00:00;38,33;35,74;2,5899999999999963;39549;572;47168;2941;3215;538;3753;3513;274;-34;240;0,0639488409272582;0,08522550544323483;-0,06319702602230483;0,0675710931385337;2;0
2016-08-01;21;2016-08-01 21:00:00;36,95;35,78;1,1700000000000017;39549;9;47168;2723;2872;10;2882;2732;149;1;150;0,0520471894517696;0,05188022284122563;0,1;0,03166441136671182;2;0
2016-08-01;22;2016-08-01 22:00:00;35,99;36,4;-0,4099999999999966;39549;0;47168;2791;2814;0;2814;2791;23;0;23;0,008173418621179816;0,008173418621179816;;-0,01139205334815217;2;0
2016-08-01;23;2016-08-01 23:00:00;31,63;33,8;-2,1699999999999977;39549;0;47168;2931;2872;0;2872;2931;-59;0;-59;-0,02054317548746518;-0,02054317548746518;;-0,06860575403098318;2;0
2016-08-02;0;2016-08-02 00:00:00;27,56;28,36;-0,8000000000000007;39551;0;47189;2880;3241;0;3241;2880;361;0;361;0,11138537488429497;0,11138537488429497;;-0,029027576197387547;2;1
2016-08-02;1;2016-08-02 01:00:00;25,79;26,8;-1,0100000000000016;39551;0;47189;2801;3309;0;3309;2801;508;0;508;0,1535207011181626;0,1535207011181626;;-0,03916246607212104;2;1
2016-08-02;2;2016-08-02 02:00:00;25,35;26,45;-1,099999999999998;39551;0;47189;2808;3221;0;3221;2808;413;0;413;0,1282210493635517;0,1282210493635517;;-0,04339250493096639;2;1
2016-08-02;3;2016-08-02 03:00:00;24,7;24,61;0,08999999999999986;39551;0;47189;2800;3061;0;3061;2800;261;0;261;0,08526625285854296;0,08526625285854296;;0,0036437246963562696;2;1
2016-08-02;4;2016-08-02 04:00:00;24,27;23,7;0,5700000000000003;39551;0;47189;2708;2961;0;2961;2708;253;0;253;0,08544410672070246;0,08544410672070246;;0,023485784919653904;2;1
2016-08-02;5;2016-08-02 05:00:00;25,9;25,1;0,7999999999999972;39551;19;47189;2567;2880;29;2909;2586;313;10;323;0,11103471983499484;0,10868055555555556;0,3448275862068966;0,03088803088803078;2;1
2016-08-02;6;2016-08-02 06:00:00;30,43;27,13;3,3000000000000007;39551;537;47189;2615;2831;578;3409;3152;216;41;257;0,0753886770313875;0,0762981278700106;0,07093425605536333;0,10844561288202434;2;1
2016-08-02;7;2016-08-02 07:00:00;34,87;36,07;-1,2000000000000028;39551;2183;47189;2622;2876;2211;5087;4805;254;28;282;0,05543542362885787;0,08831710709318498;0,012663952962460425;-0,03441353599082314;2;1
2016-08-02;8;2016-08-02 08:00:00;36,87;37,71;-0,8400000000000034;39551;4210;47189;2483;2952;4364;7316;6693;469;154;623;0,08515582285401858;0,15887533875338752;0,03528872593950504;-0,022782750203417506;2;1
2016-08-02;9;2016-08-02 09:00:00;36,92;36,74;0,17999999999999972;39551;6319;47189;2540;3093;6437;9530;8859;553;118;671;0,07040923399790136;0,17879081797607502;0,018331520894826783;0,00487540628385698;2;1
2016-08-02;10;2016-08-02 10:00:00;36,97;36,6;0,36999999999999744;39551;8252;47189;2504;3306;7919;11225;10756;802;-333;469;0,04178173719376392;0,2425892316999395;-0,04205076398535169;0,010008114687584458;2;1
2016-08-02;11;2016-08-02 11:00:00;38,09;37,09;1,0;39551;9501;47189;2994;3701;8857;12558;12495;707;-644;63;0,005016722408026756;0,19102945149959472;-0,07271085017500283;0,02625360987135731;2;1
2016-08-02;12;2016-08-02 12:00:00;37,83;35,69;2,140000000000001;39551;10612;47189;3286;4247;9299;13546;13898;961;-1313;-352;-0,025985530783995275;0,22627737226277372;-0,1411979782772341;0,05656886069257206;2;1
2016-08-02;13;2016-08-02 13:00:00;36,85;35,04;1,8100000000000025;39551;9832;47189;3663;4744;9046;13790;13495;1081;-786;295;0,02139231327048586;0,22786677908937605;-0,0868892328100818;0,04911804613297157;2;1
2016-08-02;14;2016-08-02 14:00:00;35,98;33,57;2,4099999999999966;39551;8711;47189;4030;4936;8188;13124;12741;906;-523;383;0,02918317586101798;0,18354943273905996;-0,06387396189545677;0,06698165647581981;2;1
2016-08-02;15;2016-08-02 15:00:00;35,73;33,1;2,6299999999999955;39551;7714;47189;4102;4944;7012;11956;11816;842;-702;140;0,0117096018735363;0,17030744336569578;-0,10011409013120365;0,07360761265043368;2;1
2016-08-02;16;2016-08-02 16:00:00;34,92;33,11;1,8100000000000025;39551;6117;47189;3986;4866;5518;10384;10103;880;-599;281;0,02706086286594761;0,1808466913275791;-0,10855382384922073;0,05183276059564726;2;1
2016-08-02;17;2016-08-02 17:00:00;35,94;34,06;1,8799999999999957;39551;4244;47189;4140;4760;3913;8673;8384;620;-331;289;0,03332180329759022;0,13025210084033614;-0,08458982877587529;0,05230940456316071;2;1
2016-08-02;18;2016-08-02 18:00:00;35,92;34,71;1,2100000000000009;39551;2544;47189;4182;4659;2318;6977;6726;477;-226;251;0,03597534757058908;0,10238248551191242;-0,09749784296807593;0,03368596881959913;2;1
2016-08-02;19;2016-08-02 19:00:00;34,95;33,84;1,1099999999999994;39551;1107;47189;4178;4633;973;5606;5285;455;-134;321;0,057260078487335;0,0982085042089359;-0,13771839671120248;0,031759656652360496;2;1
2016-08-02;20;2016-08-02 20:00:00;32,83;31,31;1,5199999999999996;39551;218;47189;4252;4766;201;4967;4470;514;-17;497;0,10006039863096436;0,10784725136382711;-0,0845771144278607;0,04629911666159;2;1
2016-08-02;21;2016-08-02 21:00:00;32,4;31,72;0,6799999999999997;39551;3;47189;4754;5185;3;5188;4757;431;0;431;0,0830763299922899;0,08312439729990356;0,0;0,020987654320987648;2;1
2016-08-02;22;2016-08-02 22:00:00;31,19;30,79;0,4000000000000021;39551;0;47189;5183;5723;0;5723;5183;540;0;540;0,09435610693692119;0,09435610693692119;;0,012824623276691312;2;1
2016-08-02;23;2016-08-02 23:00:00;28,98;29,43;-0,4499999999999993;39551;0;47189;5758;6306;0;6306;5758;548;0;548;0,08690136378052649;0,08690136378052649;;-0,015527950310558982;2;1
2016-08-03;0;2016-08-03 00:00:00;26,03;24,22;1,8100000000000025;39553;0;47197;6398;5647;0;5647;6398;-751;0;-751;-0,1329909686559235;-0,1329909686559235;;0,06953515174798319;2;2
2016-08-03;1;2016-08-03 01:00:00;24,53;22,98;1,5500000000000007;39553;0;47197;6732;6101;0;6101;6732;-631;0;-631;-0,10342566792329126;-0,10342566792329126;;0,06318793314309012;2;2
2016-08-03;2;2016-08-03 02:00:00;23,74;20,0;3,7399999999999984;39553;0;47197;7013;6517;0;6517;7013;-496;0;-496;-0,07610863894429952;-0,07610863894429952;;0,1575400168491996;2;2
2016-08-03;3;2016-08-03 03:00:00;22,69;18,09;4,600000000000001;39553;0;47197;7270;6869;0;6869;7270;-401;0;-401;-0,0583782209928665;-0,0583782209928665;;0,20273248126928167;2;2
2016-08-03;4;2016-08-03 04:00:00;22,48;19,37;3,1099999999999994;39553;0;47197;7524;7297;0;7297;7524;-227;0;-227;-0,031108674797862137;-0,031108674797862137;;0,13834519572953735;2;2
2016-08-03;5;2016-08-03 05:00:00;23,66;23,17;0,4899999999999984;39553;9;47197;8265;7871;13;7884;8274;-394;4;-390;-0,04946727549467275;-0,05005717189683649;0,3076923076923077;0,020710059171597565;2;2
2016-08-03;6;2016-08-03 06:00:00;27,06;24,82;2,2399999999999984;39553;390;47197;9180;8603;353;8956;9570;-577;-37;-614;-0,06855739169271996;-0,06706962687434616;-0,1048158640226629;0,08277900960827785;2;2
2016-08-03;7;2016-08-03 07:00:00;31,82;29,94;1,879999999999999;39553;1905;47197;10060;9385;1502;10887;11965;-675;-403;-1078;-0,09901717644897584;-0,07192328183271178;-0,26830892143808255;0,05908233815210556;2;2
2016-08-03;8;2016-08-03 08:00:00;33,95;31,28;2,6700000000000017;39553;4409;47197;10230;10211;3294;13505;14639;-19;-1115;-1134;-0,08396890040725657;-0,0018607384193516795;-0,3384942319368549;0,0786450662739323;2;2
2016-08-03;9;2016-08-03 09:00:00;34,97;30,65;4,32;39553;7028;47197;10630;11107;5375;16482;17658;477;-1653;-1176;-0,07135056425191118;0,042945889979292336;-0,30753488372093024;0,12353445810694882;2;2
2016-08-03;10;2016-08-03 10:00:00;35,02;30,89;4,130000000000003;39553;9640;47197;11900;12074;7377;19451;21540;174;-2263;-2089;-0,10739807721968023;0,01441113135663409;-0,3067642673173377;0,11793260993717881;2;2
2016-08-03;11;2016-08-03 11:00:00;34,95;30,02;4,930000000000003;39553;11560;47197;13172;12934;9163;22097;24732;-238;-2397;-2635;-0,1192469566004435;-0,018401113344672954;-0,26159554730983303;0,14105865522174543;2;2
2016-08-03;12;2016-08-03 12:00:00;33,57;26,54;7,030000000000001;39553;12263;47197;14214;13483;10415;23898;26477;-731;-1848;-2579;-0,1079169805004603;-0,054216420677890675;-0,1774363898223716;0,20941316651772418;2;2
2016-08-03;13;2016-08-03 13:00:00;30,04;23,68;6,3599999999999985;39553;11982;47197;14639;13765;10859;24624;26621;-874;-1123;-1997;-0,08109974009096817;-0,06349436977842354;-0,10341652085827424;0,2117177097203728;2;2
2016-08-03;14;2016-08-03 14:00:00;28,13;24,54;3,59;39553;11422;47197;14782;13693;10642;24335;26204;-1089;-780;-1869;-0,0768029587014588;-0,07952968670123421;-0,07329449351625635;0,12762175613224316;2;2
2016-08-03;15;2016-08-03 15:00:00;28,38;26,93;1,4499999999999993;39553;10154;47197;14698;13393;9680;23073;24852;-1305;-474;-1779;-0,07710310752827981;-0,09743896065108638;-0,04896694214876033;0,051092318534178977;2;2
2016-08-03;16;2016-08-03 16:00:00;28,45;27,82;0,629999999999999;39553;8808;47197;14854;13022;8132;21154;23662;-1832;-676;-2508;-0,11855913775172544;-0,14068499462448164;-0,08312838170191834;0,0221441124780316;2;2
2016-08-03;17;2016-08-03 17:00:00;29,95;28,88;1,0700000000000005;39553;6429;47197;13812;12584;6156;18740;20241;-1228;-273;-1501;-0,08009605122732123;-0,09758423394787032;-0,04434697855750487;0,03572621035058433;2;2
2016-08-03;18;2016-08-03 18:00:00;32,52;29,95;2,570000000000004;39553;3864;47197;13004;12064;3744;15808;16868;-940;-120;-1060;-0,06705465587044535;-0,07791777188328912;-0,03205128205128205;0,07902829028290294;2;2
2016-08-03;19;2016-08-03 19:00:00;33,0;31,6;1,3999999999999986;39553;1655;47197;12559;11538;1543;13081;14214;-1021;-112;-1133;-0,08661417322834646;-0,08849020627491766;-0,07258587167854828;0,04242424242424238;2;2
2016-08-03;20;2016-08-03 20:00:00;31,25;30,77;0,4800000000000004;39553;334;47197;11932;11401;286;11687;12266;-531;-48;-579;-0,049542226405407716;-0,04657486185422331;-0,16783216783216784;0,015360000000000014;2;2
2016-08-03;21;2016-08-03 21:00:00;30,33;30,52;-0,19000000000000128;39553;6;47197;11431;11459;3;11462;11437;28;-3;25;0,002181120223346711;0,002443494196701283;-1,0;-0,006264424662050817;2;2
2016-08-03;22;2016-08-03 22:00:00;28,99;29,62;-0,6300000000000026;39553;0;47197;11212;11474;0;11474;11212;262;0;262;0,022834233920167334;0,022834233920167334;;-0,02173163159710254;2;2
2016-08-03;23;2016-08-03 23:00:00;26,91;27,47;-0,5599999999999987;39553;0;47197;11105;11443;0;11443;11105;338;0;338;0,029537708642838417;0,029537708642838417;;-0,02081010776662946;2;2
2016-08-04;0;2016-08-04 00:00:00;23,55;28,9;-5,349999999999998;39556;0;47212;10793;12478;0;12478;10793;1685;0;1685;0,1350376662926751;0,1350376662926751;;-0,22717622080679395;2;3
2016-08-04;1;2016-08-04 01:00:00;22,43;26,97;-4,539999999999999;39556;0;47212;11296;12699;0;12699;11296;1403;0;1403;0,11048114024726356;0,11048114024726356;;-0,20240748996879177;2;3
2016-08-04;2;2016-08-04 02:00:00;20,05;24,38;-4,329999999999998;39556;0;47212;11279;12798;0;12798;11279;1519;0;1519;0,11869042037818409;0,11869042037818409;;-0,21596009975062336;2;3
2016-08-04;3;2016-08-04 03:00:00;19,42;22,11;-2,6899999999999977;39556;0;47212;10978;12658;0;12658;10978;1680;0;1680;0,13272238900300207;0,13272238900300207;;-0,13851699279093704;2;3
2016-08-04;4;2016-08-04 04:00:00;19,83;21,15;-1,3200000000000005;39556;0;47212;10873;12508;0;12508;10873;1635;0;1635;0,13071634154141348;0,13071634154141348;;-0,06656580937972771;2;3
2016-08-04;5;2016-08-04 05:00:00;22,42;25,57;-3,1499999999999986;39556;16;47212;10598;12380;26;12406;10614;1782;10;1792;0,1444462356924069;0,14394184168012925;0,38461538461538464;-0,14049955396966987;2;3
2016-08-04;6;2016-08-04 06:00:00;25,49;28,47;-2,9800000000000004;39556;644;47212;10858;12272;727;12999;11502;1414;83;1497;0,11516270482344795;0,11522164276401564;0,11416781292984869;-0,11690859160455083;2;3
2016-08-04;7;2016-08-04 07:00:00;30,01;32,28;-2,27;39556;3035;47212;10708;12265;3150;15415;13743;1557;115;1672;0,10846578008433344;0,12694659600489197;0,03650793650793651;-0,07564145284905031;2;3
2016-08-04;8;2016-08-04 08:00:00;33,05;35,08;-2,0300000000000007;39556;6624;47212;10640;12502;6828;19330;17264;1862;204;2066;0,10688049663735127;0,14893617021276595;0,029876977152899824;-0,06142208774583966;2;3
2016-08-04;9;2016-08-04 09:00:00;32,03;34,84;-2,8100000000000023;39556;10690;47212;11142;12979;10813;23792;21832;1837;123;1960;0,08238063214525891;0,14153632791432313;0,011375196522704153;-0,08773025288791765;2;3
2016-08-04;10;2016-08-04 10:00:00;29,01;33,92;-4,91;39556;14353;47212;12100;13473;14254;27727;26453;1373;-99;1274;0,04594799293107801;0,10190751874118607;-0,006945418829802161;-0,1692519820751465;2;3
2016-08-04;11;2016-08-04 11:00:00;27,98;31,79;-3,809999999999999;39556;16539;47212;13152;13980;16763;30743;29691;828;224;1052;0,03421917184399701;0,0592274678111588;0,013362763228539045;-0,13616869192280198;2;3
2016-08-04;12;2016-08-04 12:00:00;25,45;29,15;-3,6999999999999993;39556;17444;47212;13580;14386;18138;32524;31024;806;694;1500;0,04611978846390358;0,056026692617822886;0,03826221193075312;-0,1453831041257367;2;3
2016-08-04;13;2016-08-04 13:00:00;23,58;28,87;-5,290000000000003;39556;16769;47212;13461;14648;18116;32764;30230;1187;1347;2534;0,07734098400683677;0,08103495357728017;0,07435416206668138;-0,2243426632739611;2;3
2016-08-04;14;2016-08-04 14:00:00;23,97;30,92;-6,950000000000002;39556;15324;47212;12857;14322;16952;31274;28181;1465;1628;3093;0,09890004476562;0,10229018293534423;0,09603586597451629;-0,28994576554025875;2;3
2016-08-04;15;2016-08-04 15:00:00;27,02;32,83;-5,809999999999999;39556;12969;47212;12346;13605;14715;28320;25315;1259;1746;3005;0,1061087570621469;0,09253950753399486;0,11865443425076452;-0,21502590673575125;2;3
2016-08-04;16;2016-08-04 16:00:00;29,29;34,29;-5,0;39556;9925;47212;11252;12444;11457;23901;21177;1192;1532;2724;0,11397012677293837;0,09578913532626165;0,13371737802216985;-0,1707067258449983;2;3
2016-08-04;17;2016-08-04 17:00:00;32,98;36,36;-3,3800000000000026;39556;6739;47212;10334;10893;7768;18661;17073;559;1029;1588;0,08509726166872086;0,05131735977233085;0,13246652935118436;-0,10248635536688912;2;3
2016-08-04;18;2016-08-04 18:00:00;34,58;36,87;-2,289999999999999;39556;3648;47212;9046;9286;4303;13589;12694;240;655;895;0,06586209434101112;0,025845358604350634;0,15221938182663258;-0,06622325043377673;2;3
2016-08-04;19;2016-08-04 19:00:00;34,9;36,54;-1,6400000000000006;39556;1488;47212;7774;7983;1713;9696;9262;209;225;434;0,04476072607260726;0,026180633846924716;0,13134851138353765;-0,04699140401146134;2;3
2016-08-04;20;2016-08-04 20:00:00;34,58;36,21;-1,6300000000000026;39556;286;47212;6571;7221;307;7528;6857;650;21;671;0,08913390010626993;0,09001523334718183;0,06840390879478828;-0,047137073452863006;2;3
2016-08-04;21;2016-08-04 21:00:00;34,46;36,69;-2,229999999999997;39556;6;47212;6412;6894;4;6898;6418;482;-2;480;0,06958538706871557;0,06991586887148245;-0,5;-0,06471271038885655;2;3
2016-08-04;22;2016-08-04 22:00:00;33,91;37,08;-3,1700000000000017;39556;0;47212;6152;6746;0;6746;6152;594;0;594;0,08805217906907797;0,08805217906907797;;-0,0934827484517842;2;3
2016-08-04;23;2016-08-04 23:00:00;29,37;31,93;-2,5599999999999987;39556;0;47212;5744;6645;0;6645;5744;901;0;901;0,13559066967644845;0,13559066967644845;;-0,08716377255703094;2;3
2016-08-05;0;2016-08-05 00:00:00;28,13;26,32;1,8099999999999987;39558;0;47235;5210;5876;0;5876;5210;666;0;666;0,1133424098025868;0,1133424098025868;;0,06434411660149303;2;4
2016-08-05;1;2016-08-05 01:00:00;26,83;25,84;0,9899999999999984;39558;0;47235;4639;5760;0;5760;4639;1121;0;1121;0,19461805555555556;0,19461805555555556;;0,03689899366380911;2;4
2016-08-05;2;2016-08-05 02:00:00;25,12;23,97;1,150000000000002;39558;0;47235;4363;5574;0;5574;4363;1211;0;1211;0,21725870111230713;0,21725870111230713;;0,04578025477707014;2;4
2016-08-05;3;2016-08-05 03:00:00;23,95;22,35;1,599999999999998;39558;0;47235;4198;5385;0;5385;4198;1187;0;1187;0,2204271123491179;0,2204271123491179;;0,06680584551148218;2;4
2016-08-05;4;2016-08-05 04:00:00;24,07;22,44;1,629999999999999;39558;0;47235;4172;5188;0;5188;4172;1016;0;1016;0,19583654587509639;0,19583654587509639;;0,06771915247195676;2;4
2016-08-05;5;2016-08-05 05:00:00;26,24;28,0;-1,7600000000000016;39558;6;47235;4540;4985;13;4998;4546;445;7;452;0,09043617446978791;0,08926780341023069;0,5384615384615384;-0,06707317073170738;2;4
2016-08-05;6;2016-08-05 06:00:00;30,45;29,22;1,2300000000000004;39558;313;47235;4333;4772;357;5129;4646;439;44;483;0,09417040358744394;0,09199497066219614;0,12324929971988796;0,040394088669950756;2;4
2016-08-05;7;2016-08-05 07:00:00;34,01;33,81;0,19999999999999574;39558;1557;47235;3979;4531;1650;6181;5536;552;93;645;0,1043520465944022;0,1218274111675127;0,056363636363636366;0,0058806233460745585;2;4
2016-08-05;8;2016-08-05 08:00:00;37,19;37,76;-0,5700000000000003;39558;3435;47235;3435;4354;3656;8010;6870;919;221;1140;0,14232209737827714;0,211070280202113;0,06044857768052517;-0,015326700726001622;2;4
2016-08-05;9;2016-08-05 09:00:00;38,69;38,91;-0,21999999999999886;39558;5746;47235;3425;4348;5965;10313;9171;923;219;1142;0,11073402501696887;0,2122815087396504;0,03671416596814753;-0,0056862238304471145;2;4
2016-08-05;10;2016-08-05 10:00:00;38,54;39,64;-1,1000000000000014;39558;8170;47235;4000;4456;8378;12834;12170;456;208;664;0,051737572074177965;0,10233393177737882;0,024826927667701122;-0,02854177477944996;2;4
2016-08-05;11;2016-08-05 11:00:00;38,0;40,15;-2,1499999999999986;39558;10319;47235;4676;4798;10598;15396;14995;122;279;401;0,026045726162639646;0,02542726135889954;0,02632572183430836;-0,05657894736842101;2;4
2016-08-05;12;2016-08-05 12:00:00;36,0;36,15;-0,14999999999999858;39558;11524;47235;5616;5375;12183;17558;17140;-241;659;418;0,02380681170976193;-0,044837209302325584;0,054091767216613316;-0,004166666666666628;2;4
2016-08-05;13;2016-08-05 13:00:00;33,96;34,85;-0,8900000000000006;39558;12727;47235;6078;6006;12855;18861;18805;-72;128;56;0,0029690896559037166;-0,011988011988011988;0,009957215091404122;-0,02620730270906951;2;4
2016-08-05;14;2016-08-05 14:00:00;31,39;31,77;-0,37999999999999895;39558;12509;47235;6707;6540;12883;19423;19216;-167;374;207;0,01065746795036812;-0,025535168195718654;0,02903050531708453;-0,012105766167569256;2;4
2016-08-05;15;2016-08-05 15:00:00;28,23;28,76;-0,5300000000000011;39558;11801;47235;7482;7019;12037;19056;19283;-463;236;-227;-0,011912258606213266;-0,0659638125089044;0,019606214172966686;-0,01877435352461924;2;4
2016-08-05;16;2016-08-05 16:00:00;28,46;26,69;1,7699999999999996;39558;10612;47235;7645;7246;10240;17486;18257;-399;-372;-771;-0,044092416790575316;-0,055064863372895394;-0,036328125;0,06219255094869991;2;4
2016-08-05;17;2016-08-05 17:00:00;31,29;26,89;4,399999999999999;39558;8194;47235;7986;7149;7737;14886;16180;-837;-457;-1294;-0,0869273142550047;-0,117079311791859;-0,0590668217655422;0,14062000639181843;2;4
2016-08-05;18;2016-08-05 18:00:00;33,89;29,32;4,57;39558;5028;47235;7518;6765;4807;11572;12546;-753;-221;-974;-0,08416868302799861;-0,11130820399113082;-0,04597462034532973;0,13484803776925347;2;4
2016-08-05;19;2016-08-05 19:00:00;34,4;30,54;3,86;39558;2164;47235;7477;6380;2085;8465;9641;-1097;-79;-1176;-0,13892498523331365;-0,1719435736677116;-0,03788968824940048;0,11220930232558139;2;4
2016-08-05;20;2016-08-05 20:00:00;34,15;30,52;3,629999999999999;39558;410;47235;6914;6358;385;6743;7324;-556;-25;-581;-0,08616342874091651;-0,08744888329663417;-0,06493506493506493;0,1062957540263543;2;4
2016-08-05;21;2016-08-05 21:00:00;33,02;30,15;2,8700000000000045;39558;5;47235;6302;6716;5;6721;6307;414;0;414;0,061597976491593515;0,06164383561643835;0,0;0,08691701998788626;2;4
2016-08-05;22;2016-08-05 22:00:00;32,3;29,83;2,4699999999999993;39558;0;47235;6135;7124;0;7124;6135;989;0;989;0,1388265019651881;0,1388265019651881;;0,07647058823529411;2;4
2016-08-05;23;2016-08-05 23:00:00;28,84;29,11;-0,2699999999999996;39558;0;47235;6567;7458;0;7458;6567;891;0;891;0,11946902654867257;0,11946902654867257;;-0,009361997226074881;2;4
2016-08-06;0;2016-08-06 00:00:00;29,58;24,16;5,419999999999997;39558;0;47235;6525;6826;0;6826;6525;301;0;301;0,044096103135071785;0,044096103135071785;;0,18323191345503712;2;5
2016-08-06;1;2016-08-06 01:00:00;26,68;24,68;2,0;39558;0;47235;6022;6960;0;6960;6022;938;0;938;0,13477011494252875;0,13477011494252875;;0,07496251874062969;2;5
2016-08-06;2;2016-08-06 02:00:00;25,34;22,05;3,2899999999999987;39558;0;47235;5673;6978;0;6978;5673;1305;0;1305;0,18701633705932932;0,18701633705932932;;0,12983425414364635;2;5
2016-08-06;3;2016-08-06 03:00:00;23,77;20,23;3,5399999999999987;39558;0;47235;5460;6868;0;6868;5460;1408;0;1408;0,2050087361677344;0,2050087361677344;;0,14892721918384513;2;5
2016-08-06;4;2016-08-06 04:00:00;22,4;18,8;3,5999999999999983;39558;0;47235;5286;6717;0;6717;5286;1431;0;1431;0,21304153640017864;0,21304153640017864;;0,16071428571428564;2;5
2016-08-06;5;2016-08-06 05:00:00;22,01;18,2;3,8100000000000014;39558;15;47235;5133;6602;23;6625;5148;1469;8;1477;0,2229433962264151;0,2225083308088458;0,34782608695652173;0,1731031349386643;2;5
2016-08-06;6;2016-08-06 06:00:00;22,97;18,7;4,27;39558;615;47235;5486;6269;709;6978;6101;783;94;877;0,12568071080538837;0,12490030307864093;0,1325811001410437;0,18589464518937743;2;5
2016-08-06;7;2016-08-06 07:00:00;25,02;21,3;3,719999999999999;39558;2989;47235;5233;5791;3212;9003;8222;558;223;781;0,08674886149061424;0,09635641512692109;0,06942714819427148;0,14868105515587526;2;5
2016-08-06;8;2016-08-06 08:00:00;26,36;21,49;4,870000000000001;39558;6631;47235;4590;5544;7034;12578;11221;954;403;1357;0,10788678645253617;0,17207792207792208;0,05729314756895081;0,18474962063732933;2;5
2016-08-06;9;2016-08-06 09:00:00;26,47;23,68;2,7899999999999987;39558;10575;47235;5150;5792;11271;17063;15725;642;696;1338;0,07841528453378656;0,11084254143646409;0,061751397391535796;0,10540234227427271;2;5
2016-08-06;10;2016-08-06 10:00:00;24,94;23,48;1,4600000000000009;39558;13684;47235;6332;6288;14864;21152;20016;-44;1180;1136;0,05370650529500756;-0,006997455470737914;0,0793864370290635;0,05854049719326387;2;5
2016-08-06;11;2016-08-06 11:00:00;23,71;21,95;1,7600000000000016;39558;15620;47235;7284;7012;17210;24222;22904;-272;1590;1318;0,054413343241681116;-0,0387906446092413;0,09238814642649622;0,07423028258118944;2;5
2016-08-06;12;2016-08-06 12:00:00;22,07;19,89;2,18;39558;16174;47235;7466;7852;18394;26246;23640;386;2220;2606;0,09929132058218396;0,04915944982170148;0,12069152984668914;0,09877661984594473;2;5
2016-08-06;13;2016-08-06 13:00:00;19,81;18,5;1,3099999999999987;39558;16249;47235;8128;8736;18529;27265;24377;608;2280;2888;0,1059233449477352;0,0695970695970696;0,12305035349991905;0,06612821807168091;2;5
2016-08-06;14;2016-08-06 14:00:00;18,38;17,43;0,9499999999999992;39558;15640;47235;8730;9587;17703;27290;24370;857;2063;2920;0,10699890069622572;0,08939188484405966;0,11653392080438343;0,05168661588683347;2;5
2016-08-06;15;2016-08-06 15:00:00;17,83;15,6;2,229999999999998;39558;14326;47235;9162;10399;15812;26211;23488;1237;1486;2723;0,1038876807447255;0,11895374555245697;0,09397925626106754;0,12507010656197412;2;5
2016-08-06;16;2016-08-06 16:00:00;17,18;13,51;3,67;39558;12120;47235;9915;10972;13047;24019;22035;1057;927;1984;0,08260127399142346;0,09633612832664966;0,07105081627960451;0,21362048894062863;2;5
2016-08-06;17;2016-08-06 17:00:00;22,03;19,92;2,1099999999999994;39558;8948;47235;10206;10869;9471;20340;19154;663;523;1186;0,05830875122910521;0,06099917195694176;0,055221201562664975;0,0957784838856105;2;5
2016-08-06;18;2016-08-06 18:00:00;26,32;25,57;0,75;39558;5494;47235;9489;10168;5555;15723;14983;679;61;740;0,04706480951472365;0,06677812745869394;0,010981098109810981;0,028495440729483283;2;5
2016-08-06;19;2016-08-06 19:00:00;28,96;26,48;2,4800000000000004;39558;2338;47235;7852;9244;2257;11501;10190;1392;-81;1311;0,11399008781845058;0,1505841627001298;-0,0358883473637572;0,08563535911602212;2;5
2016-08-06;20;2016-08-06 20:00:00;28,92;27,95;0,9700000000000024;39558;418;47235;6074;8732;399;9131;6492;2658;-19;2639;0,28901544190121564;0,30439761795694;-0,047619047619047616;0,033540802213001465;2;5
2016-08-06;21;2016-08-06 21:00:00;30,32;30,81;-0,4899999999999984;39558;1;47235;6005;8410;5;8415;6006;2405;4;2409;0,28627450980392155;0,2859690844233056;0,8;-0,016160949868073825;2;5
2016-08-06;22;2016-08-06 22:00:00;30,44;30,36;0,08000000000000185;39558;0;47235;6201;8156;0;8156;6201;1955;0;1955;0,2397008337420304;0,2397008337420304;;0,0026281208935611646;2;5
2016-08-06;23;2016-08-06 23:00:00;28,12;26,72;1,400000000000002;39558;0;47235;6065;7936;0;7936;6065;1871;0;1871;0,2357610887096774;0,2357610887096774;;0,049786628733997224;2;5
2016-08-07;0;2016-08-07 00:00:00;24,6;22,79;1,8100000000000025;39558;0;47235;5631;5669;0;5669;5631;38;0;38;0,006703122243781972;0,006703122243781972;;0,07357723577235782;2;6
2016-08-07;1;2016-08-07 01:00:00;20,05;20,73;-0,6799999999999997;39558;0;47235;5595;5648;0;5648;5595;53;0;53;0,009383852691218131;0,009383852691218131;;-0,0339152119700748;2;6
2016-08-07;2;2016-08-07 02:00:00;17,99;16,71;1,2799999999999976;39558;0;47235;5743;5658;0;5658;5743;-85;0;-85;-0,015022976316719689;-0,015022976316719689;;0,07115063924402433;2;6
2016-08-07;3;2016-08-07 03:00:00;12,86;10,87;1,99;39558;0;47235;6218;5897;0;5897;6218;-321;0;-321;-0,05443445819908428;-0,05443445819908428;;0,1547433903576983;2;6
2016-08-07;4;2016-08-07 04:00:00;12,38;9,28;3,1000000000000014;39558;0;47235;6653;6122;0;6122;6653;-531;0;-531;-0,08673636066644887;-0,08673636066644887;;0,2504038772213248;2;6
2016-08-07;5;2016-08-07 05:00:00;12,35;8,79;3,5600000000000005;39558;14;47235;7174;6274;26;6300;7188;-900;12;-888;-0,14095238095238094;-0,14344915524386356;0,46153846153846156;0,2882591093117409;2;6
2016-08-07;6;2016-08-07 06:00:00;12,51;8,61;3,9;39558;693;47235;7887;6457;797;7254;8580;-1430;104;-1326;-0,1827956989247312;-0,22146507666098808;0,13048933500627352;0,3117505995203837;2;6
2016-08-07;7;2016-08-07 07:00:00;11,93;7,02;4,91;39558;3594;47235;7417;6713;3858;10571;11011;-704;264;-440;-0,04162330905306972;-0,10487114553850738;0,06842923794712286;0,4115674769488684;2;6
2016-08-07;8;2016-08-07 08:00:00;12,25;6,18;6,07;39558;8540;47235;6472;7243;8891;16134;15012;771;351;1122;0,0695425808850874;0,10644760458373602;0,03947812394556293;0,49551020408163265;2;6
2016-08-07;9;2016-08-07 09:00:00;12,79;7,45;5,339999999999999;39558;14254;47235;7582;8001;14481;22482;21836;419;227;646;0,02873409838982297;0,05236845394325709;0,015675713003245634;0,41751368256450344;2;6
2016-08-07;10;2016-08-07 10:00:00;9,95;2,66;7,289999999999999;39558;18866;47235;9253;8918;19130;28048;28119;-335;264;-71;-0,002531374786081004;-0,037564476339986545;0,013800313643491897;0,7326633165829145;2;6
2016-08-07;11;2016-08-07 11:00:00;8,83;0,27;8,56;39558;22227;47235;10584;9643;22209;31852;32811;-941;-18;-959;-0,030107999497676754;-0,09758373950015556;-0,0008104822369309739;0,9694224235560589;2;6
2016-08-07;12;2016-08-07 12:00:00;5,93;-3,66;9,59;39558;24084;47235;11362;10214;23784;33998;35446;-1148;-300;-1448;-0,04259074063180187;-0,11239475230076366;-0,012613521695257316;1,6172006745362564;2;6
2016-08-07;13;2016-08-07 13:00:00;0,02;-14,76;14,78;39558;24258;47235;12121;10671;24042;34713;36379;-1450;-216;-1666;-0,04799354708610607;-0,13588229781651204;-0,008984277514349888;739,0;2;6
2016-08-07;14;2016-08-07 14:00:00;0,04;-15,15;15,19;39558;23046;47235;12095;10930;22925;33855;35141;-1165;-121;-1286;-0,03798552651011668;-0,10658737419945105;-0,005278080697928026;379,75;2;6
2016-08-07;15;2016-08-07 15:00:00;2,35;-17,77;20,12;39558;20516;47235;11882;10959;20375;31334;32398;-923;-141;-1064;-0,03395672432501436;-0,08422301304863583;-0,006920245398773006;8,561702127659574;2;6
2016-08-07;16;2016-08-07 16:00:00;5,67;-10,97;16,64;39558;16745;47235;11484;10652;16485;27137;28229;-832;-260;-1092;-0,040240262372406674;-0,07810739767179872;-0,015771913861085837;2,9347442680776017;2;6
2016-08-07;17;2016-08-07 17:00:00;12,84;4,34;8,5;39558;11817;47235;10766;10045;11521;21566;22583;-721;-296;-1017;-0,04715756283038115;-0,07177700348432056;-0,02569221421751584;0,661993769470405;2;6
2016-08-07;18;2016-08-07 18:00:00;24,7;20,47;4,23;39558;6598;47235;9772;9204;6188;15392;16370;-568;-410;-978;-0,06353950103950104;-0,061712299000434595;-0,06625727213962508;0,17125506072874497;2;6
2016-08-07;19;2016-08-07 19:00:00;27,77;25,59;2,18;39558;2412;47235;8550;8407;2165;10572;10962;-143;-247;-390;-0,03688989784335982;-0,017009634828119423;-0,1140877598152425;0,07850198055455528;2;6
2016-08-07;20;2016-08-07 20:00:00;30,48;27,35;3,129999999999999;39558;401;47235;7324;8396;372;8768;7725;1072;-29;1043;0,11895529197080291;0,1276798475464507;-0,07795698924731183;0,10269028871391073;2;6
2016-08-07;21;2016-08-07 21:00:00;32,37;28,0;4,369999999999997;39558;0;47235;7530;8800;5;8805;7530;1270;5;1275;0,14480408858603067;0,14431818181818182;1,0;0,13500154464009878;2;6
2016-08-07;22;2016-08-07 22:00:00;32,65;28,57;4,079999999999998;39558;0;47235;8727;9517;0;9517;8727;790;0;790;0,08300935168645582;0,08300935168645582;;0,12496171516079628;2;6
2016-08-07;23;2016-08-07 23:00:00;26,33;25,5;0,8299999999999983;39558;0;47235;10156;10227;0;10227;10156;71;0;71;0,006942407353084971;0,006942407353084971;;0,0315229775921002;2;6
2016-08-08;0;2016-08-08 00:00:00;20,62;18,61;2,0100000000000016;39563;0;47235;11204;10595;0;10595;11204;-609;0;-609;-0,057479943369513925;-0,057479943369513925;;0,09747817652764314;2;0
2016-08-08;1;2016-08-08 01:00:00;16,44;13,37;3,0700000000000016;39563;0;47235;11491;11495;0;11495;11491;4;0;4;0,00034797738147020446;0,00034797738147020446;;0,18673965936739667;2;0
2016-08-08;2;2016-08-08 02:00:00;12,91;12,45;0,4600000000000009;39563;0;47235;11687;12469;0;12469;11687;782;0;782;0,06271553452562355;0,06271553452562355;;0,03563129357087536;2;0
2016-08-08;3;2016-08-08 03:00:00;8,16;12,09;-3,93;39563;0;47235;12538;13446;0;13446;12538;908;0;908;0,06752937676632456;0,06752937676632456;;-0,48161764705882354;2;0
2016-08-08;4;2016-08-08 04:00:00;8,12;13,8;-5,6800000000000015;39563;0;47235;13730;14390;0;14390;13730;660;0;660;0,04586518415566365;0,04586518415566365;;-0,6995073891625618;2;0
2016-08-08;5;2016-08-08 05:00:00;8,94;13,43;-4,49;39563;10;47235;14715;15178;19;15197;14725;463;9;472;0,031058761597683754;0,030504677823165106;0,47368421052631576;-0,5022371364653244;2;0
2016-08-08;6;2016-08-08 06:00:00;17,85;16,31;1,5400000000000027;39563;592;47235;15433;15795;678;16473;16025;362;86;448;0,027196017725975838;0,022918645140867364;0,12684365781710916;0,0862745098039217;2;0
2016-08-08;7;2016-08-08 07:00:00;23,71;24,84;-1,129999999999999;39563;3171;47235;15394;16265;3379;19644;18565;871;208;1079;0,05492771329668092;0,05355056870581002;0,061556673572062744;-0,04765921552087722;2;0
2016-08-08;8;2016-08-08 08:00:00;26,29;29,46;-3,1700000000000017;39563;7688;47235;15250;16914;7711;24625;22938;1664;23;1687;0,06850761421319797;0,09838004020338181;0,0029827519128517704;-0,12057816660327128;2;0
2016-08-08;9;2016-08-08 09:00:00;24,02;27,21;-3,1900000000000013;39563;12582;47235;16229;17917;12424;30341;28811;1688;-158;1530;0,050426815200553705;0,09421220070324272;-0,012717321313586607;-0,13280599500416326;2;0
2016-08-08;10;2016-08-08 10:00:00;20,26;22,07;-1,8099999999999987;39563;16748;47235;16916;18977;16355;35332;33664;2061;-393;1668;0,04720932865391147;0,10860515360699795;-0,02402934882298991;-0,08933859822309963;2;0
2016-08-08;11;2016-08-08 11:00:00;18,73;21,76;-3,030000000000001;39563;19736;47235;18238;19919;19055;38974;37974;1681;-681;1000;0,025658131061733463;0,08439178673628195;-0,03573865127263186;-0,16177255739455426;2;0
2016-08-08;12;2016-08-08 12:00:00;14,28;17,65;-3,3699999999999988;39563;20624;47235;19364;20595;20491;41086;39988;1231;-133;1098;0,02672443167989096;0,05977178926924011;-0,006490654433653799;-0,23599439775910355;2;0
2016-08-08;13;2016-08-08 13:00:00;13,41;18,16;-4,75;39563;20346;47235;19885;20857;20545;41402;40231;972;199;1171;0,028283657794309455;0,04660305892506113;0,009686055001216842;-0,3542132736763609;2;0
2016-08-08;14;2016-08-08 14:00:00;12,89;17,53;-4,6400000000000015;39563;19585;47235;19683;20741;19372;40113;39268;1058;-213;845;0,021065489990776058;0,051010076659756036;-0,010995250877555235;-0,3599689681923973;2;0
2016-08-08;15;2016-08-08 15:00:00;17,92;21,12;-3,1999999999999997;39563;17778;47235;19577;20508;17179;37687;37355;931;-599;332;0,008809403773184387;0,04539691827579481;-0,0348681529774725;-0,17857142857142855;2;0
2016-08-08;16;2016-08-08 16:00:00;20,82;21,99;-1,1699999999999982;39563;14598;47235;19090;19722;14041;33763;33688;632;-557;75;0,0022213665847229213;0,032045431497819694;-0,03966953920660921;-0,056195965417867345;2;0
2016-08-08;17;2016-08-08 17:00:00;26,52;24,49;2,0300000000000007;39563;10550;47235;17711;18562;9959;28521;28261;851;-591;260;0,009116089898671154;0,04584635276371081;-0,0593433075610001;0,07654600301659129;2;0
2016-08-08;18;2016-08-08 18:00:00;31,29;30,63;0,6600000000000001;39563;6030;47235;16381;16766;5569;22335;22411;385;-461;-76;-0,003402731139467204;0,022963139687462723;-0,08277967319087808;0,021093000958772777;2;0
2016-08-08;19;2016-08-08 19:00:00;34,39;33,06;1,3299999999999983;39563;2208;47235;14640;14559;2133;16692;16848;-81;-75;-156;-0,009345794392523364;-0,0055635689264372555;-0,035161744022503515;0,03867403314917122;2;0
2016-08-08;20;2016-08-08 20:00:00;33,23;31,29;1,9399999999999975;39563;330;47235;12395;12011;343;12354;12725;-384;13;-371;-0,030030759268253198;-0,03197069353092998;0,037900874635568516;0,058380981041227735;2;0
2016-08-08;21;2016-08-08 21:00:00;34,0;33,39;0,6099999999999994;39563;0;47235;10344;10142;3;10145;10344;-202;3;-199;-0,01961557417447018;-0,01991717609938868;1,0;0,017941176470588217;2;0
2016-08-08;22;2016-08-08 22:00:00;33,93;33,17;0,7599999999999979;39563;0;47235;9073;8642;0;8642;9073;-431;0;-431;-0,04987271464938672;-0,04987271464938672;;0,02239905688181544;2;0
2016-08-08;23;2016-08-08 23:00:00;31,75;29,9;1,8500000000000012;39563;0;47235;8038;7644;0;7644;8038;-394;0;-394;-0,05154369440083726;-0,05154369440083726;;0,05826771653543311;2;0
2016-08-09;0;2016-08-09 00:00:00;23,88;24,51;-0,6300000000000026;39567;0;47239;7212;8615;0;8615;7212;1403;0;1403;0,1628554846198491;0,1628554846198491;;-0,0263819095477388;2;1
2016-08-09;1;2016-08-09 01:00:00;23,06;21,72;1,34;39567;0;47239;6509;8216;0;8216;6509;1707;0;1707;0,20776533592989288;0,20776533592989288;;0,058109280138768434;2;1
2016-08-09;2;2016-08-09 02:00:00;22,6;21,99;0,6100000000000029;39567;0;47239;5968;7857;0;7857;5968;1889;0;1889;0,24042255313732977;0,24042255313732977;;0,026991150442478;2;1
2016-08-09;3;2016-08-09 03:00:00;20,32;22,48;-2,16;39567;0;47239;5470;7512;0;7512;5470;2042;0;2042;0,27183173588924386;0,27183173588924386;;-0,1062992125984252;2;1
2016-08-09;4;2016-08-09 04:00:00;19,94;21,75;-1,8099999999999987;39567;0;47239;5263;7116;0;7116;5263;1853;0;1853;0,2603991006183249;0,2603991006183249;;-0,09077231695085249;2;1
2016-08-09;5;2016-08-09 05:00:00;22,97;23,5;-0,5300000000000011;39567;4;47239;5240;6802;11;6813;5244;1562;7;1569;0,23029502421840597;0,2296383416642164;0,6363636363636364;-0,02307357422725299;2;1
2016-08-09;6;2016-08-09 06:00:00;28,33;25,69;2,639999999999997;39567;298;47239;5636;6553;400;6953;5934;917;102;1019;0,14655544369336976;0,13993590721806806;0,255;0,09318743381574293;2;1
2016-08-09;7;2016-08-09 07:00:00;32,86;31,0;1,8599999999999997;39567;1547;47239;5128;6413;1900;8313;6675;1285;353;1638;0,19704077950198484;0,20037423982535474;0,18578947368421053;0,05660377358490565;2;1
2016-08-09;8;2016-08-09 08:00:00;34,83;35,08;-0,25;39567;3563;47239;4615;6399;4279;10678;8178;1784;716;2500;0,2341262408690766;0,27879356149398343;0,16732881514372516;-0,00717772035601493;2;1
2016-08-09;9;2016-08-09 09:00:00;35,03;35,7;-0,6700000000000017;39567;6210;47239;4776;6744;6989;13733;10986;1968;779;2747;0,20002912692055633;0,2918149466192171;0,11146086707683503;-0,019126463031687174;2;1
2016-08-09;10;2016-08-09 10:00:00;34,6;33,33;1,2700000000000031;39567;9334;47239;6046;7423;9427;16850;15380;1377;93;1470;0,08724035608308606;0,1855045130001347;0,009865280577065875;0,036705202312138814;2;1
2016-08-09;11;2016-08-09 11:00:00;34,26;30,28;3,979999999999997;39567;11736;47239;7687;8111;11305;19416;19423;424;-431;-7;-0,00036052740008240625;0,052274688694365676;-0,03812472357363998;0,11617046117921766;2;1
2016-08-09;12;2016-08-09 12:00:00;33,6;28,84;4,760000000000002;39567;13348;47239;9328;8882;12513;21395;22676;-446;-835;-1281;-0,059873802290254734;-0,050213915784733165;-0,06673060017581715;0,14166666666666672;2;1
2016-08-09;13;2016-08-09 13:00:00;32,78;28,17;4,6099999999999985;39567;14358;47239;10340;9650;12850;22500;24698;-690;-1508;-2198;-0,0976888888888889;-0,07150259067357513;-0,11735408560311283;0,14063453325198286;2;1
2016-08-09;14;2016-08-09 14:00:00;30,22;26,81;3,41;39567;14216;47239;11310;10334;12469;22803;25526;-976;-1747;-2723;-0,11941411217822216;-0,09444551964389394;-0,14010746651696207;0,1128391793514229;2;1
2016-08-09;15;2016-08-09 15:00:00;27,84;24,56;3,280000000000001;39567;12618;47239;12266;11047;11371;22418;24884;-1219;-1247;-2466;-0,11000089214024444;-0,1103467004616638;-0,10966493712074575;0,11781609195402303;2;1
2016-08-09;16;2016-08-09 16:00:00;25,97;23,61;2,3599999999999994;39567;10014;47239;12399;11646;9544;21190;22413;-753;-470;-1223;-0,057715903728173666;-0,0646573930963421;-0,04924559932942162;0,09087408548324989;2;1
2016-08-09;17;2016-08-09 17:00:00;28,12;27,18;0,9400000000000012;39567;7090;47239;12230;11833;7106;18939;19320;-397;16;-381;-0,020117218438143514;-0,033550240851854984;0,002251618350689558;0,03342816500711242;2;1
2016-08-09;18;2016-08-09 18:00:00;30,35;28,56;1,7900000000000027;39567;4210;47239;12075;11426;4248;15674;16285;-649;38;-611;-0,038981753221896134;-0,05680028006301418;0,008945386064030132;0,058978583196046215;2;1
2016-08-09;19;2016-08-09 19:00:00;32,02;30,85;1,1700000000000017;39567;1652;47239;9966;11014;1698;12712;11618;1048;46;1094;0,08606041535556955;0,09515162520428545;0,027090694935217905;0,0365396627108058;2;1
2016-08-09;20;2016-08-09 20:00:00;30,91;30,22;0,6900000000000013;39567;247;47239;8725;10399;259;10658;8972;1674;12;1686;0,15819103021204728;0,1609770170208674;0,04633204633204633;0,022322872856680727;2;1
2016-08-09;21;2016-08-09 21:00:00;30,47;31,35;-0,8800000000000026;39567;0;47239;7989;9800;2;9802;7989;1811;2;1813;0,1849622526015099;0,18479591836734693;1,0;-0,028880866425992864;2;1
2016-08-09;22;2016-08-09 22:00:00;29,1;30,87;-1,7699999999999996;39567;0;47239;7769;9389;0;9389;7769;1620;0;1620;0,17254233677707956;0,17254233677707956;;-0,06082474226804122;2;1
2016-08-09;23;2016-08-09 23:00:00;26,45;27,33;-0,879999999999999;39567;0;47239;7352;9258;0;9258;7352;1906;0;1906;0,20587599913588248;0,20587599913588248;;-0,033270321361058564;2;1
2016-08-10;0;2016-08-10 00:00:00;23,35;23,26;0,08999999999999986;39569;0;47265;6955;7813;0;7813;6955;858;0;858;0,10981697171381032;0,10981697171381032;;0,0038543897216274025;2;2
2016-08-10;1;2016-08-10 01:00:00;23,11;20,92;2,1899999999999977;39569;0;47265;6782;7751;0;7751;6782;969;0;969;0,1250161269513611;0,1250161269513611;;0,09476417135439194;2;2
2016-08-10;2;2016-08-10 02:00:00;22,0;19,51;2,4899999999999984;39569;0;47265;6716;7662;0;7662;6716;946;0;946;0,12346645784390499;0,12346645784390499;;0,1131818181818181;2;2
2016-08-10;3;2016-08-10 03:00:00;19,99;15,63;4,3599999999999985;39569;0;47265;6661;7443;0;7443;6661;782;0;782;0,10506516189708451;0,10506516189708451;;0,21810905452726356;2;2
2016-08-10;4;2016-08-10 04:00:00;20,19;16,39;3,8000000000000007;39569;0;47265;6614;7355;0;7355;6614;741;0;741;0,10074779061862678;0,10074779061862678;;0,18821198613174842;2;2
2016-08-10;5;2016-08-10 05:00:00;23,18;22,68;0,5;39569;6;47265;6536;7235;14;7249;6542;699;8;707;0,09753069388881225;0,09661368348306842;0,5714285714285714;0,021570319240724764;2;2
2016-08-10;6;2016-08-10 06:00:00;27,59;27,57;0,01999999999999957;39569;396;47265;6273;7165;513;7678;6669;892;117;1009;0,13141443084136495;0,1244940683879972;0,22807017543859648;0,0007249003262051313;2;2
2016-08-10;7;2016-08-10 07:00:00;32,21;32,02;0,18999999999999773;39569;2017;47265;5598;6891;2620;9511;7615;1293;603;1896;0,1993481232257386;0,18763604701784936;0,23015267175572518;0,005898789195901823;2;2
2016-08-10;8;2016-08-10 08:00:00;33,95;34,94;-0,9899999999999948;39569;4594;47265;5003;6804;5962;12766;9597;1801;1368;3169;0,24823750587498042;0,2646972369194591;0,22945320362294533;-0,02916053019145787;2;2
2016-08-10;9;2016-08-10 09:00:00;33,5;36,8;-3,299999999999997;39569;8131;47265;4989;7038;9791;16829;13120;2049;1660;3709;0,22039336858993405;0,2911338448422847;0,16954345827801043;-0,09850746268656708;2;2
2016-08-10;10;2016-08-10 10:00:00;32,01;33,76;-1,75;39569;11834;47265;5521;7366;13238;20604;17355;1845;1404;3249;0,15768782760629005;0,25047515612272603;0,10605831696630912;-0,05467041549515777;2;2
2016-08-10;11;2016-08-10 11:00:00;31,87;32,19;-0,31999999999999673;39569;14291;47265;6738;7792;15927;23719;21029;1054;1636;2690;0,11341118934187781;0,1352669404517454;0,10271865385822816;-0,010040790712268488;2;2
2016-08-10;12;2016-08-10 12:00:00;29,66;31,55;-1,8900000000000008;39569;15127;47265;8268;8043;17648;25691;23395;-225;2521;2296;0,08936981822428088;-0,027974636329727715;0,14284904805077062;-0,06372218476062039;2;2
2016-08-10;13;2016-08-10 13:00:00;26,91;29,9;-2,9899999999999984;39569;14674;47265;9053;8369;18107;26476;23727;-684;3433;2749;0,10382988366822783;-0,08173019476639981;0,18959518418291268;-0,11111111111111105;2;2
2016-08-10;14;2016-08-10 14:00:00;25,43;29,39;-3,9600000000000013;39569;14197;47265;9596;8869;17457;26326;23793;-727;3260;2533;0,09621666793284206;-0,08197090991092569;0,1867445723778427;-0,1557215886747936;2;2
2016-08-10;15;2016-08-10 15:00:00;24,51;29,45;-4,939999999999999;39569;13410;47265;10330;9303;15611;24914;23740;-1027;2201;1174;0,04712210002408285;-0,11039449639901107;0,14099032733329062;-0,20155038759689917;2;2
2016-08-10;16;2016-08-10 16:00:00;24,31;27,0;-2,6900000000000013;39569;11958;47265;10642;9590;12732;22322;22600;-1052;774;-278;-0,012454081175521907;-0,10969760166840459;0,06079170593779453;-0,11065405183052247;2;2
2016-08-10;17;2016-08-10 17:00:00;27,33;28,2;-0,870000000000001;39569;9095;47265;10255;9351;9068;18419;19350;-904;-27;-931;-0,05054563222759107;-0,09667415249705914;-0,0029775033083370094;-0,03183315038419323;2;2
2016-08-10;18;2016-08-10 18:00:00;31,48;29,08;2,400000000000002;39569;5322;47265;9498;8803;5200;14003;14820;-695;-122;-817;-0,05834464043419267;-0,07895035783255708;-0,02346153846153846;0,07623888182973323;2;2
2016-08-10;19;2016-08-10 19:00:00;33,68;31,54;2,140000000000001;39569;2130;47265;8277;7959;2006;9965;10407;-318;-124;-442;-0,04435524335173106;-0,03995476818695816;-0,06181455633100698;0,06353919239904991;2;2
2016-08-10;20;2016-08-10 20:00:00;33,72;30,97;2,75;39569;302;47265;6676;7402;292;7694;6978;726;-10;716;0,0930595269040811;0,0980815995676844;-0,03424657534246575;0,08155397390272835;2;2
2016-08-10;21;2016-08-10 21:00:00;33,93;31,47;2,460000000000001;39569;0;47265;6186;6928;3;6931;6186;742;3;745;0,10748809695570624;0,10710161662817552;1,0;0,07250221043324494;2;2
2016-08-10;22;2016-08-10 22:00:00;32,93;30,84;2,09;39569;0;47265;6665;6561;0;6561;6665;-104;0;-104;-0,01585124218869075;-0,01585124218869075;;0,06346796234436683;2;2
2016-08-10;23;2016-08-10 23:00:00;28,65;26,65;2,0;39569;0;47265;7144;6503;0;6503;7144;-641;0;-641;-0,09856989081962171;-0,09856989081962171;;0,06980802792321117;2;2
2016-08-11;0;2016-08-11 00:00:00;24,23;21,27;2,9600000000000013;39572;0;47273;7904;7007;0;7007;7904;-897;0;-897;-0,1280148423005566;-0,1280148423005566;;0,12216260833677264;2;3
2016-08-11;1;2016-08-11 01:00:00;23,01;18,44;4,57;39572;0;47273;7718;6975;0;6975;7718;-743;0;-743;-0,10652329749103942;-0,10652329749103942;;0,19860930030421556;2;3
2016-08-11;2;2016-08-11 02:00:00;22,72;17,84;4,879999999999999;39572;0;47273;7493;6984;0;6984;7493;-509;0;-509;-0,07288087056128294;-0,07288087056128294;;0,21478873239436616;2;3
2016-08-11;3;2016-08-11 03:00:00;20,49;15,95;4,539999999999999;39572;0;47273;7444;6984;0;6984;7444;-460;0;-460;-0,06586483390607102;-0,06586483390607102;;0,22157149829184966;2;3
2016-08-11;4;2016-08-11 04:00:00;21,48;16,21;5,27;39572;0;47273;7608;6990;0;6990;7608;-618;0;-618;-0,08841201716738198;-0,08841201716738198;;0,24534450651769085;2;3
2016-08-11;5;2016-08-11 05:00:00;22,77;15,94;6,83;39572;8;47273;7476;6811;16;6827;7484;-665;8;-657;-0,09623553537424931;-0,09763617677286741;0,5;0,29995608256477824;2;3
2016-08-11;6;2016-08-11 06:00:00;27,97;20,97;7,0;39572;566;47273;6782;6343;651;6994;7348;-439;85;-354;-0,05061481269659708;-0,06921015292448368;0,130568356374808;0,25026814444047196;2;3
2016-08-11;7;2016-08-11 07:00:00;34,09;25,35;8,740000000000002;39572;3269;47273;5487;5840;3600;9440;8756;353;331;684;0,07245762711864406;0,060445205479452056;0,09194444444444444;0,2563801701378704;2;3
2016-08-11;8;2016-08-11 08:00:00;35,67;29,94;5,73;39572;7762;47273;4174;5639;8520;14159;11936;1465;758;2223;0,15700261317889683;0,2597978364958326;0,08896713615023474;0,16063919259882253;2;3
2016-08-11;9;2016-08-11 09:00:00;33,07;30,01;3,0599999999999987;39572;12799;47273;4793;6022;13861;19883;17592;1229;1062;2291;0,1152240607554192;0,20408502158751246;0,07661784864006926;0,09253099485938913;2;3
2016-08-11;10;2016-08-11 10:00:00;30,86;28,59;2,27;39572;16272;47273;6296;6958;17634;24592;22568;662;1362;2024;0,0823031880286272;0,09514228226501868;0,07723715549506635;0,07355800388852884;2;3
2016-08-11;11;2016-08-11 11:00:00;30,48;27,83;2,650000000000002;39572;17253;47273;8173;8111;19408;27519;25426;-62;2155;2093;0,07605654275228024;-0,007643940327949698;0,11103668590272053;0,08694225721784783;2;3
2016-08-11;12;2016-08-11 12:00:00;28,57;28,52;0,05000000000000071;39572;17279;47273;9703;9232;19834;29066;26982;-471;2555;2084;0,07169889217642607;-0,051018197573656845;0,12881919935464353;0,0017500875043752436;2;3
2016-08-11;13;2016-08-11 13:00:00;27,17;27,58;-0,4099999999999966;39572;16811;47273;10694;10191;19180;29371;27505;-503;2369;1866;0,06353205542882435;-0,04935727602786773;0,1235140771637122;-0,015090172984909701;2;3
2016-08-11;14;2016-08-11 14:00:00;24,99;25,82;-0,8300000000000018;39572;15727;47273;10918;11041;17426;28467;26645;123;1699;1822;0,06400393438015949;0,011140295263110226;0,09749799150694365;-0,03321328531412573;2;3
2016-08-11;15;2016-08-11 15:00:00;25,62;25,69;-0,07000000000000027;39572;13814;47273;11228;11761;14739;26500;25042;533;925;1458;0,0550188679245283;0,045319275571805116;0,06275866748083317;-0,0027322404371584804;2;3
2016-08-11;16;2016-08-11 16:00:00;25,69;22,93;2,7600000000000016;39572;10903;47273;11144;12018;11325;23343;22047;874;422;1296;0,05551985605963244;0,072724246962889;0,03726269315673289;0,10743479953289223;2;3
2016-08-11;17;2016-08-11 17:00:00;31,4;28,5;2,8999999999999986;39572;7498;47273;10662;11845;7541;19386;18160;1183;43;1226;0,06324151449499639;0,09987336428872942;0,0057021615170401805;0,09235668789808914;2;3
2016-08-11;18;2016-08-11 18:00:00;34,37;30,48;3,889999999999997;39572;3911;47273;9564;11305;3960;15265;13475;1741;49;1790;0,1172617097936456;0,15400265369305616;0,012373737373737374;0,1131800989234797;2;3
2016-08-11;19;2016-08-11 19:00:00;34,95;30,88;4,070000000000004;39572;1308;47273;8417;10791;1368;12159;9725;2374;60;2434;0,20018093593223127;0,2199981466036512;0,043859649122807015;0,11645207439198865;2;3
2016-08-11;20;2016-08-11 20:00:00;35,11;31,4;3,7100000000000013;39572;124;47273;7787;10912;166;11078;7911;3125;42;3167;0,2858819281458747;0,28638196480938416;0,25301204819277107;0,10566790088293937;2;3
2016-08-11;21;2016-08-11 21:00:00;34,82;31,28;3,5399999999999987;39572;0;47273;7474;11129;1;11130;7474;3655;1;3656;0,32848158131176997;0,32842124180070087;1,0;0,10166570936243534;2;3
2016-08-11;22;2016-08-11 22:00:00;33,87;30,2;3,669999999999998;39572;0;47273;7580;11511;0;11511;7580;3931;0;3931;0,3414994353227348;0,3414994353227348;;0,10835547682314728;2;3
2016-08-11;23;2016-08-11 23:00:00;28,82;26,43;2,390000000000001;39572;0;47273;7718;12060;0;12060;7718;4342;0;4342;0,36003316749585407;0,36003316749585407;;0,08292852185981961;2;3
2016-08-12;0;2016-08-12 00:00:00;24,07;24,11;-0,03999999999999915;39575;0;47286;7759;9353;0;9353;7759;1594;0;1594;0,17042660109055918;0,17042660109055918;;-0,0016618196925633215;2;4
2016-08-12;1;2016-08-12 01:00:00;22,97;22,63;0,33999999999999986;39575;0;47286;7307;9544;0;9544;7307;2237;0;2237;0,2343880972338642;0,2343880972338642;;0,014801915542011313;2;4
2016-08-12;2;2016-08-12 02:00:00;21,05;19,7;1,3500000000000014;39575;0;47286;6806;9613;0;9613;6806;2807;0;2807;0,2920004161031936;0,2920004161031936;;0,06413301662707845;2;4
2016-08-12;3;2016-08-12 03:00:00;19,9;17,14;2,759999999999998;39575;0;47286;6371;9500;0;9500;6371;3129;0;3129;0,3293684210526316;0,3293684210526316;;0,13869346733668333;2;4
2016-08-12;4;2016-08-12 04:00:00;20,05;19,29;0,7600000000000016;39575;0;47286;6132;9387;0;9387;6132;3255;0;3255;0,34675615212527966;0,34675615212527966;;0,03790523690773075;2;4
2016-08-12;5;2016-08-12 05:00:00;22,98;25,33;-2,349999999999998;39575;2;47286;5789;9282;2;9284;5791;3493;0;3493;0,3762386902197329;0,37631975867269984;0,0;-0,10226283724978233;2;4
2016-08-12;6;2016-08-12 06:00:00;27,93;29,31;-1,379999999999999;39575;147;47286;5580;9214;138;9352;5727;3634;-9;3625;0,387617621899059;0,3943998263512047;-0,06521739130434782;-0,049409237379162155;2;4
2016-08-12;7;2016-08-12 07:00:00;32,55;37,13;-4,5800000000000045;39575;869;47286;5344;9085;675;9760;6213;3741;-194;3547;0,36342213114754096;0,41177765547605943;-0,2874074074074074;-0,1407066052227344;2;4
2016-08-12;8;2016-08-12 08:00:00;33,8;37,07;-3,270000000000003;39575;2105;47286;5069;9055;1536;10591;7174;3986;-569;3417;0,32263242375601925;0,4401987852015461;-0,3704427083333333;-0,09674556213017761;2;4
2016-08-12;9;2016-08-12 09:00:00;34,04;36,0;-1,9600000000000009;39575;3498;47286;5178;9381;2527;11908;8676;4203;-971;3232;0,27141417534430634;0,4480332587144228;-0,3842500989315394;-0,05757931844888369;2;4
2016-08-12;10;2016-08-12 10:00:00;34,91;36,33;-1,4200000000000017;39575;5060;47286;5847;9756;3543;13299;10907;3909;-1517;2392;0,1798631476050831;0,40067650676506766;-0,4281682190234265;-0,04067602406187344;2;4
2016-08-12;11;2016-08-12 11:00:00;35,25;36,38;-1,1300000000000026;39575;6309;47286;6469;10198;4487;14685;12778;3729;-1822;1907;0,12986040177051414;0,36565993332025887;-0,4060619567639848;-0,03205673758865255;2;4
2016-08-12;12;2016-08-12 12:00:00;34,95;34,11;0,8400000000000034;39575;7221;47286;7243;10732;5219;15951;14464;3489;-2002;1487;0,09322299542348442;0,3251024972046217;-0,38359839049626365;0,024034334763948593;2;4
2016-08-12;13;2016-08-12 13:00:00;32,1;32,8;-0,6999999999999957;39575;7733;47286;8526;11223;5550;16773;16259;2697;-2183;514;0,030644488165504084;0,24031007751937986;-0,3933333333333333;-0,021806853582554384;2;4
2016-08-12;14;2016-08-12 14:00:00;29,5;29,38;0,12000000000000098;39575;7906;47286;9446;11576;5570;17146;17352;2130;-2336;-206;-0,012014464014930596;0,18400138217000692;-0,4193895870736086;0,0040677966101695245;2;4
2016-08-12;15;2016-08-12 15:00:00;27,12;27,75;-0,629999999999999;39575;7586;47286;9588;12009;5288;17297;17174;2421;-2298;123;0,00711105972133896;0,2015988008993255;-0,4345688350983359;-0,023230088495575184;2;4
2016-08-12;16;2016-08-12 16:00:00;24,2;25,98;-1,7800000000000011;39575;6319;47286;9831;12214;4718;16932;16150;2383;-1601;782;0,04618473895582329;0,19510397904044538;-0,3393387028401865;-0,07355371900826452;2;4
2016-08-12;17;2016-08-12 17:00:00;26,9;28,35;-1,4500000000000028;39575;4735;47286;10040;12099;3826;15925;14775;2059;-909;1150;0,07221350078492936;0,1701793536655922;-0,23758494511238892;-0,053903345724907174;2;4
2016-08-12;18;2016-08-12 18:00:00;28,09;30,49;-2,3999999999999986;39575;2833;47286;9874;11660;2448;14108;12707;1786;-385;1401;0,09930535866175219;0,15317324185248712;-0,15727124183006536;-0,08543965824136698;2;4
2016-08-12;19;2016-08-12 19:00:00;29,06;31,46;-2,400000000000002;39575;1146;47286;9713;11138;988;12126;10859;1425;-158;1267;0,10448622793996372;0,12794038427006643;-0,15991902834008098;-0,08258774948382665;2;4
2016-08-12;20;2016-08-12 20:00:00;29,13;30,31;-1,1799999999999995;39575;147;47286;9598;10858;142;11000;9745;1260;-5;1255;0,11409090909090909;0,1160434702523485;-0,035211267605633804;-0,04050806728458632;2;4
2016-08-12;21;2016-08-12 21:00:00;28,99;30,78;-1,7900000000000027;39575;0;47286;9476;10877;1;10878;9476;1401;1;1402;0,12888398602684317;0,12880389813367657;1,0;-0,06174542945843404;2;4
2016-08-12;22;2016-08-12 22:00:00;28,34;31,24;-2,8999999999999986;39575;0;47286;9434;11124;0;11124;9434;1690;0;1690;0,1519237684286228;0,1519237684286228;;-0,10232886379675366;2;4
2016-08-12;23;2016-08-12 23:00:00;24,7;28,95;-4,25;39575;0;47286;9382;11342;0;11342;9382;1960;0;1960;0,17280902839005466;0,17280902839005466;;-0,17206477732793524;2;4
2016-08-13;0;2016-08-13 00:00:00;21,7;23,91;-2,210000000000001;39575;0;47286;9754;11145;0;11145;9754;1391;0;1391;0,12480933153880663;0,12480933153880663;;-0,10184331797235027;2;5
2016-08-13;1;2016-08-13 01:00:00;19,97;21,73;-1,7600000000000016;39575;0;47286;10025;11414;0;11414;10025;1389;0;1389;0,12169265813912739;0,12169265813912739;;-0,08813219829744626;2;5
2016-08-13;2;2016-08-13 02:00:00;18,09;19,82;-1,7300000000000004;39575;0;47286;10052;11521;0;11521;10052;1469;0;1469;0,12750629285652287;0,12750629285652287;;-0,09563294637921506;2;5
2016-08-13;3;2016-08-13 03:00:00;16,89;19,17;-2,2800000000000007;39575;0;47286;9826;11415;0;11415;9826;1589;0;1589;0,13920280332895313;0,13920280332895313;;-0,13499111900532865;2;5
2016-08-13;4;2016-08-13 04:00:00;16,1;15,95;0,15000000000000213;39575;0;47286;9574;11309;0;11309;9574;1735;0;1735;0,15341763197453356;0,15341763197453356;;0,009316770186335536;2;5
2016-08-13;5;2016-08-13 05:00:00;14,46;15,49;-1,0299999999999994;39575;5;47286;9718;11218;10;11228;9723;1500;5;1505;0,13403990024937656;0,13371367445177393;0,5;-0,07123098201936372;2;5
2016-08-13;6;2016-08-13 06:00:00;16,08;17,87;-1,7900000000000027;39575;459;47286;9834;11172;510;11682;10293;1338;51;1389;0,11890087313816128;0,11976369495166488;0,1;-0,11131840796019918;2;5
2016-08-13;7;2016-08-13 07:00:00;18,05;22,3;-4,25;39575;2922;47286;9727;11072;2987;14059;12649;1345;65;1410;0,10029162813855894;0,12147760115606937;0,02176096417810512;-0,23545706371191136;2;5
2016-08-13;8;2016-08-13 08:00:00;20,06;25,25;-5,190000000000001;39575;7313;47286;9546;11407;7194;18601;16859;1861;-119;1742;0,09365087898500081;0,16314543701236084;-0,016541562413122046;-0,2587238285144567;2;5
2016-08-13;9;2016-08-13 09:00:00;20,06;24,2;-4,1400000000000015;39575;12613;47286;10548;12524;12146;24670;23161;1976;-467;1509;0,06116740980948521;0,15777706802938357;-0,038448872056644164;-0,20638085742771695;2;5
2016-08-13;10;2016-08-13 10:00:00;18,06;20,49;-2,43;39575;17117;47286;13110;13666;16391;30057;30227;556;-726;-170;-0,005655920417872709;0,040684911459095564;-0,044292599597340006;-0,13455149501661132;2;5
2016-08-13;11;2016-08-13 11:00:00;15,85;13,98;1,8699999999999992;39575;19655;47286;15193;14621;19197;33818;34848;-572;-458;-1030;-0,030457152995446213;-0,03912181109363245;-0,02385789446267646;0,117981072555205;2;5
2016-08-13;12;2016-08-13 12:00:00;13,64;11,59;2,0500000000000007;39575;20675;47286;15693;15203;20701;35904;36368;-490;26;-464;-0,012923351158645277;-0,032230480826152735;0,0012559779720786436;0,15029325513196484;2;5
2016-08-13;13;2016-08-13 13:00:00;9,07;7,1;1,9700000000000009;39575;21117;47286;16125;15549;21016;36565;37242;-576;-101;-677;-0,01851497333515657;-0,037044182905653096;-0,004805862200228397;0,21719955898566712;2;5
2016-08-13;14;2016-08-13 14:00:00;9,11;4,2;4,909999999999998;39575;20726;47286;15757;15642;20013;35655;36483;-115;-713;-828;-0,023222549432057215;-0,007352001022887099;-0,03562684255234098;0,5389681668496157;2;5
2016-08-13;15;2016-08-13 15:00:00;10,54;5,9;4,639999999999999;39575;18762;47286;15448;15639;17764;33403;34210;191;-998;-807;-0,024159506631140915;0,01221305710083765;-0,056181040306237336;0,44022770398481964;2;5
2016-08-13;16;2016-08-13 16:00:00;12,52;18,12;-5,600000000000001;39575;15488;47286;14948;15244;14496;29740;30436;296;-992;-696;-0,02340282447881641;0,019417475728155338;-0,0684326710816777;-0,44728434504792347;2;5
2016-08-13;17;2016-08-13 17:00:00;18,77;19,9;-1,129999999999999;39575;10879;47286;14072;14456;10209;24665;24951;384;-670;-286;-0,011595378066085547;0,026563364692861097;-0,06562836712704477;-0,06020245071923277;2;5
2016-08-13;18;2016-08-13 18:00:00;24,72;26,88;-2,16;39575;5891;47286;12508;13229;5504;18733;18399;721;-387;334;0,01782949874552928;0,05450147403431854;-0,0703125;-0,08737864077669903;2;5
2016-08-13;19;2016-08-13 19:00:00;26,88;31,33;-4,449999999999998;39575;1872;47286;10627;11787;1859;13646;12499;1160;-13;1147;0,08405393521911182;0,09841350640536184;-0,006993006993006993;-0,16555059523809518;2;5
2016-08-13;20;2016-08-13 20:00:00;27,7;32,36;-4,66;39575;211;47286;9204;10828;230;11058;9415;1624;19;1643;0,14858021342014832;0,1499815293683044;0,08260869565217391;-0,16823104693140795;2;5
2016-08-13;21;2016-08-13 21:00:00;29,08;33,61;-4,530000000000001;39575;0;47286;8350;10042;1;10043;8350;1692;1;1693;0,16857512695409738;0,16849233220474008;1,0;-0,15577716643741407;2;5
2016-08-13;22;2016-08-13 22:00:00;28,31;31,13;-2,8200000000000003;39575;0;47286;7329;9274;0;9274;7329;1945;0;1945;0,20972611602329091;0,20972611602329091;;-0,09961144471918051;2;5
2016-08-13;23;2016-08-13 23:00:00;25,73;29,04;-3,3099999999999987;39575;0;47286;6285;8677;0;8677;6285;2392;0;2392;0,275671314970612;0,275671314970612;;-0,12864360668480368;2;5
2016-08-14;0;2016-08-14 00:00:00;23,44;25,32;-1,879999999999999;39576;0;47286;5496;6877;0;6877;5496;1381;0;1381;0,20081430856478116;0,20081430856478116;;-0,08020477815699655;2;6
2016-08-14;1;2016-08-14 01:00:00;21,18;23,18;-2,0;39576;0;47286;4658;6244;0;6244;4658;1586;0;1586;0,25400384368994233;0,25400384368994233;;-0,09442870632672333;2;6
2016-08-14;2;2016-08-14 02:00:00;19,61;20,69;-1,0800000000000018;39576;0;47286;4078;5806;0;5806;4078;1728;0;1728;0,29762314846710297;0,29762314846710297;;-0,05507394186639479;2;6
2016-08-14;3;2016-08-14 03:00:00;19,03;20,68;-1,6499999999999986;39576;0;47286;3675;5383;0;5383;3675;1708;0;1708;0,31729518855656696;0,31729518855656696;;-0,08670520231213864;2;6
2016-08-14;4;2016-08-14 04:00:00;18,05;19,29;-1,2399999999999984;39576;0;47286;3545;5001;0;5001;3545;1456;0;1456;0,29114177164567084;0,29114177164567084;;-0,06869806094182816;2;6
2016-08-14;5;2016-08-14 05:00:00;18,08;19,89;-1,8100000000000025;39576;4;47286;3408;4566;8;4574;3412;1158;4;1162;0,2540445999125492;0,2536136662286465;0,5;-0,10011061946902669;2;6
2016-08-14;6;2016-08-14 06:00:00;18,06;20,08;-2,02;39576;452;47286;3307;4184;502;4686;3759;877;50;927;0,19782330345710628;0,20960803059273422;0,099601593625498;-0,11184939091915837;2;6
2016-08-14;7;2016-08-14 07:00:00;19,14;21,31;-2,1699999999999977;39576;2940;47286;3156;3584;3007;6591;6096;428;67;495;0,07510241238051889;0,11941964285714286;0,02228134353175923;-0,1133751306165098;2;6
2016-08-14;8;2016-08-14 08:00:00;19,9;21,02;-1,120000000000001;39576;7448;47286;2798;3169;7202;10371;10246;371;-246;125;0,01205283964902131;0,11707163142947302;-0,03415717856151069;-0,05628140703517593;2;6
2016-08-14;9;2016-08-14 09:00:00;18,99;20,32;-1,3300000000000018;39576;12565;47286;3462;3778;11990;15768;16027;316;-575;-259;-0,016425672247590055;0,08364213869772366;-0,04795663052543787;-0,07003686150605593;2;6
2016-08-14;10;2016-08-14 10:00:00;19,74;19,86;-0,12000000000000098;39576;16442;47286;3738;4060;16038;20098;20180;322;-404;-82;-0,0040800079609911435;0,07931034482758621;-0,025190173338321485;-0,006079027355623151;2;6
2016-08-14;11;2016-08-14 11:00:00;20,46;18,69;1,7699999999999996;39576;19084;47286;4262;4293;18749;23042;23346;31;-335;-304;-0,013193299192778405;0,007221057535522944;-0,017867619606379007;0,08651026392961875;2;6
2016-08-14;12;2016-08-14 12:00:00;19,1;17,42;1,6799999999999995;39576;19928;47286;4470;4616;20025;24641;24398;146;97;243;0,009861612759222434;0,03162911611785095;0,0048439450686641695;0,08795811518324605;2;6
2016-08-14;13;2016-08-14 13:00:00;17,41;13,18;4,23;39576;19710;47286;4831;4974;19995;24969;24541;143;285;428;0,01714125515639393;0,028749497386409327;0,014253563390847712;0,24296381390005747;2;6
2016-08-14;14;2016-08-14 14:00:00;15,99;13,05;2,9399999999999995;39576;18742;47286;5187;5259;18841;24100;23929;72;99;171;0,007095435684647303;0,013690815744438107;0,005254498168887001;0,1838649155722326;2;6
2016-08-14;15;2016-08-14 15:00:00;16,57;13,97;2,6;39576;17022;47286;5346;5412;16545;21957;22368;66;-477;-411;-0,01871840415357289;0,012195121951219513;-0,028830462375339982;0,15691007845503924;2;6
2016-08-14;16;2016-08-14 16:00:00;16,89;15,15;1,7400000000000002;39576;14235;47286;5275;5460;13373;18833;19510;185;-862;-677;-0,03594753889449371;0,03388278388278388;-0,0644582367456816;0,1030195381882771;2;6
2016-08-14;17;2016-08-14 17:00:00;20,13;19,26;0,8699999999999974;39576;10316;47286;5247;5199;9384;14583;15563;-48;-932;-980;-0,06720153603510938;-0,009232544720138488;-0,09931798806479114;0,04321907600596113;2;6
2016-08-14;18;2016-08-14 18:00:00;26,75;25,92;0,8299999999999983;39576;5798;47286;4789;4742;5108;9850;10587;-47;-690;-737;-0,07482233502538072;-0,009911429776465626;-0,1350822239624119;0,031028037383177505;2;6
2016-08-14;19;2016-08-14 19:00:00;29,57;30,06;-0,4899999999999984;39576;2018;47286;4272;4148;1745;5893;6290;-124;-273;-397;-0,06736806380451384;-0,029893924783027964;-0,15644699140401147;-0,016570848833276915;2;6
2016-08-14;20;2016-08-14 20:00:00;31,56;31,48;0,0799999999999983;39576;222;47286;3862;3416;199;3615;4084;-446;-23;-469;-0,12973720608575381;-0,13056206088992975;-0,11557788944723618;0,002534854245880808;2;6
2016-08-14;21;2016-08-14 21:00:00;32,3;30,66;1,6399999999999968;39576;0;47286;4145;3397;1;3398;4145;-748;1;-747;-0,2198351971748087;-0,22019428907859875;1,0;0,05077399380804944;2;6
2016-08-14;22;2016-08-14 22:00:00;31,56;31,66;-0,10000000000000142;39576;0;47286;4139;3273;0;3273;4139;-866;0;-866;-0,26458906202260923;-0,26458906202260923;;-0,0031685678073511223;2;6
2016-08-14;23;2016-08-14 23:00:00;28,5;24,7;3,8000000000000007;39576;0;47286;4068;3135;0;3135;4068;-933;0;-933;-0,2976076555023923;-0,2976076555023923;;0,13333333333333336;2;6
2016-08-15;0;2016-08-15 00:00:00;25,15;23,53;1,6199999999999974;39577;0;47297;3850;2982;0;2982;3850;-868;0;-868;-0,29107981220657275;-0,29107981220657275;;0,06441351888667982;2;0
2016-08-15;1;2016-08-15 01:00:00;22,94;23,75;-0,8099999999999987;39577;0;47297;3504;2863;0;2863;3504;-641;0;-641;-0,22389102340202585;-0,22389102340202585;;-0,03530950305143848;2;0
2016-08-15;2;2016-08-15 02:00:00;21,61;17,65;3,9600000000000013;39577;0;47297;3240;2825;0;2825;3240;-415;0;-415;-0,14690265486725665;-0,14690265486725665;;0,18324849606663587;2;0
2016-08-15;3;2016-08-15 03:00:00;21,01;18,77;2,240000000000002;39577;0;47297;3164;2840;0;2840;3164;-324;0;-324;-0,11408450704225352;-0,11408450704225352;;0,10661589719181351;2;0
2016-08-15;4;2016-08-15 04:00:00;21,5;17,99;3,5100000000000016;39577;0;47297;3132;2877;0;2877;3132;-255;0;-255;-0,0886339937434828;-0,0886339937434828;;0,16325581395348845;2;0
2016-08-15;5;2016-08-15 05:00:00;23,29;19,11;4,18;39577;3;47297;3097;2774;6;2780;3100;-323;3;-320;-0,11510791366906475;-0,11643835616438356;0,5;0,1794761700300558;2;0
2016-08-15;6;2016-08-15 06:00:00;27,21;23,17;4,039999999999999;39577;429;47297;3092;2492;481;2973;3521;-600;52;-548;-0,1843255970400269;-0,24077046548956663;0,10810810810810811;0,1484748254318265;2;0
2016-08-15;7;2016-08-15 07:00:00;30,82;26,44;4,379999999999999;39577;2855;47297;2487;2032;3058;5090;5342;-455;203;-252;-0,04950884086444008;-0,22391732283464566;0,06638325703073905;0,14211550940947434;2;0
2016-08-15;8;2016-08-15 08:00:00;32,0;31,18;0,8200000000000003;39577;7234;47297;1440;1465;7603;9068;8674;25;369;394;0,04344949272165858;0,017064846416382253;0,048533473628830724;0,02562500000000001;2;0
2016-08-15;9;2016-08-15 09:00:00;30,59;30,94;-0,3500000000000014;39577;12646;47297;1105;1425;12884;14309;13751;320;238;558;0,0389964358096303;0,22456140350877193;0,01847252406085067;-0,011441647597254051;2;0
2016-08-15;10;2016-08-15 10:00:00;28,65;28,56;0,08999999999999986;39577;17458;47297;1298;1577;17113;18690;18756;279;-345;-66;-0,003531300160513644;0,17691819911223844;-0,020160112195407;0,003141361256544498;2;0
2016-08-15;11;2016-08-15 11:00:00;28,32;26,67;1,6499999999999986;39577;20296;47297;1530;1734;19707;21441;21826;204;-589;-385;-0,017956252040483185;0,11764705882352941;-0,029887857106611865;0,05826271186440673;2;0
2016-08-15;12;2016-08-15 12:00:00;27,02;23,68;3,34;39577;21129;47297;1631;1850;20916;22766;22760;219;-213;6;0,0002635509092506369;0,11837837837837838;-0,010183591508892713;0,1236121391561806;2;0
2016-08-15;13;2016-08-15 13:00:00;25,0;23,04;1,9600000000000009;39577;20626;47297;1913;2006;20932;22938;22539;93;306;399;0,017394716191472665;0,04636091724825524;0,014618765526466654;0,07840000000000004;2;0
2016-08-15;14;2016-08-15 14:00:00;23,9;23,29;0,6099999999999994;39577;19675;47297;2262;2239;19720;21959;21937;-23;45;22;0,0010018671159888885;-0,01027244305493524;0,002281947261663286;0,025523012552301234;2;0
2016-08-15;15;2016-08-15 15:00:00;24,1;24,02;0,08000000000000185;39577;17697;47297;2327;2550;17504;20054;20024;223;-193;30;0,0014959609055550016;0,08745098039215686;-0,011026051188299817;0,003319502074688873;2;0
2016-08-15;16;2016-08-15 16:00:00;25,54;25,95;-0,41000000000000014;39577;14586;47297;2538;2810;14289;17099;17124;272;-297;-25;-0,0014620738054857009;0,09679715302491103;-0,020785219399538105;-0,01605324980422867;2;0
2016-08-15;17;2016-08-15 17:00:00;30,62;28,84;1,7800000000000011;39577;10669;47297;2796;2906;10091;12997;13465;110;-578;-468;-0,03600830960990998;0,03785271851342051;-0,05727876325438509;0,058131939908556536;2;0
2016-08-15;18;2016-08-15 18:00:00;33,98;31,04;2,9399999999999977;39577;6142;47297;2939;2900;5477;8377;9081;-39;-665;-704;-0,08403963232660858;-0,013448275862068966;-0,12141683403322986;0,08652148322542666;2;0
2016-08-15;19;2016-08-15 19:00:00;35,88;32,61;3,270000000000003;39577;2108;47297;2946;2847;1829;4676;5054;-99;-279;-378;-0,08083832335329341;-0,03477344573234984;-0,15254237288135594;0,09113712374581948;2;0
2016-08-15;20;2016-08-15 20:00:00;34,32;33,51;0,8100000000000023;39577;231;47297;2980;2817;199;3016;3211;-163;-32;-195;-0,06465517241379311;-0,05786297479588214;-0,16080402010050251;0,023601398601398666;2;0
2016-08-15;21;2016-08-15 21:00:00;34,47;32,88;1,5899999999999963;39577;0;47297;3772;3078;1;3079;3772;-694;1;-693;-0,2250730756739201;-0,22547108512020791;1,0;0,04612706701479537;2;0
2016-08-15;22;2016-08-15 22:00:00;33,22;31,25;1,9699999999999989;39577;0;47297;4172;3161;0;3161;4172;-1011;0;-1011;-0,31983549509648845;-0,31983549509648845;;0,05930162552679106;2;0
2016-08-15;23;2016-08-15 23:00:00;30,42;26,25;4,170000000000002;39577;0;47297;4043;3110;0;3110;4043;-933;0;-933;-0,3;-0,3;;0,13708086785009868;2;0
2016-08-16;0;2016-08-16 00:00:00;26,26;24,1;2,16;39579;0;47300;3746;3139;0;3139;3746;-607;0;-607;-0,19337368588722523;-0,19337368588722523;;0,08225437928408226;2;1
2016-08-16;1;2016-08-16 01:00:00;23,99;22,35;1,6399999999999968;39579;0;47300;3317;2853;0;2853;3317;-464;0;-464;-0,16263582194181564;-0,16263582194181564;;0,06836181742392651;2;1
2016-08-16;2;2016-08-16 02:00:00;22,94;21,47;1,4700000000000024;39579;0;47300;2872;2647;0;2647;2872;-225;0;-225;-0,08500188893086513;-0,08500188893086513;;0,06408020924149967;2;1
2016-08-16;3;2016-08-16 03:00:00;22,03;19,84;2,1900000000000013;39579;0;47300;2474;2486;0;2486;2474;12;0;12;0,004827031375703942;0,004827031375703942;;0,09940989559691335;2;1
2016-08-16;4;2016-08-16 04:00:00;22,1;20,65;1,4500000000000028;39579;0;47300;2227;2366;0;2366;2227;139;0;139;0,05874894336432798;0,05874894336432798;;0,06561085972850692;2;1
2016-08-16;5;2016-08-16 05:00:00;24,1;24,4;-0,2999999999999972;39579;2;47300;2149;2209;6;2215;2151;60;4;64;0,028893905191873587;0,027161611588954276;0,6666666666666666;-0,01244813278008287;2;1
2016-08-16;6;2016-08-16 06:00:00;28,71;29,72;-1,009999999999998;39579;443;47300;2131;2002;487;2489;2574;-129;44;-85;-0,034150261149055845;-0,06443556443556443;0,09034907597535935;-0,035179380006966146;2;1
2016-08-16;7;2016-08-16 07:00:00;33,63;33,74;-0,10999999999999943;39579;3135;47300;1894;1698;3181;4879;5029;-196;46;-150;-0,030744004919040786;-0,1154299175500589;0,014460861364350833;-0,003270889087124574;2;1
2016-08-16;8;2016-08-16 08:00:00;34,14;33,03;1,1099999999999994;39579;8150;47300;1166;1133;7893;9026;9316;-33;-257;-290;-0,03212940394416131;-0,02912621359223301;-0,0325604966425947;0,03251318101933214;2;1
2016-08-16;9;2016-08-16 09:00:00;33,9;30,49;3,41;39579;13981;47300;756;856;13420;14276;14737;100;-561;-461;-0,032291958531801626;0,11682242990654206;-0,04180327868852459;0,10058997050147493;2;1
2016-08-16;10;2016-08-16 10:00:00;31,73;29,86;1,870000000000001;39579;18825;47300;928;788;17945;18733;19753;-140;-880;-1020;-0,054449367426466666;-0,17766497461928935;-0,049038729451100584;0,058934762054837726;2;1
2016-08-16;11;2016-08-16 11:00:00;30,13;28,36;1,7699999999999996;39579;21417;47300;1175;777;20762;21539;22592;-398;-655;-1053;-0,048888063512697894;-0,5122265122265123;-0,03154802042192467;0,05874543644208429;2;1
2016-08-16;12;2016-08-16 12:00:00;29,09;29,12;-0,030000000000001137;39579;22096;47300;1258;780;21981;22761;23354;-478;-115;-593;-0,026053336848117392;-0,6128205128205129;-0,005231791092306992;-0,0010312822275696507;2;1
2016-08-16;13;2016-08-16 13:00:00;28,93;30,36;-1,4299999999999995;39579;21745;47300;1592;810;21926;22736;23337;-782;181;-601;-0,026433849401829697;-0,9654320987654321;0,008255039678920004;-0,04942965779467679;2;1
2016-08-16;14;2016-08-16 14:00:00;28,94;28,99;-0,049999999999997165;39579;20887;47300;1936;929;20671;21600;22823;-1007;-216;-1223;-0,05662037037037037;-1,0839612486544672;-0,010449421895409027;-0,0017277125086384644;2;1
2016-08-16;15;2016-08-16 15:00:00;29,29;28,2;1,09;39579;18585;47300;2224;1184;18214;19398;20809;-1040;-371;-1411;-0,07273945767604907;-0,8783783783783784;-0,020368946963873945;0,037214066234209635;2;1
2016-08-16;16;2016-08-16 16:00:00;30,58;29,17;1,4099999999999966;39579;15332;47300;2593;1503;14688;16191;17925;-1090;-644;-1734;-0,10709653511209931;-0,7252162341982701;-0,04384531590413943;0,046108567691301394;2;1
2016-08-16;17;2016-08-16 17:00:00;33,12;32,3;0,8200000000000003;39579;11174;47300;2860;1910;10205;12115;14034;-950;-969;-1919;-0,15839867932315313;-0,4973821989528796;-0,09495345418912297;0,024758454106280203;2;1
2016-08-16;18;2016-08-16 18:00:00;34,33;34,19;0,14000000000000054;39579;6021;47300;2884;2336;5426;7762;8905;-548;-595;-1143;-0,14725586189126513;-0,2345890410958904;-0,10965720604496867;0,004078065831634155;2;1
2016-08-16;19;2016-08-16 19:00:00;35,79;35,63;0,1599999999999966;39579;1885;47300;3073;2731;1756;4487;4958;-342;-129;-471;-0,10496991308223758;-0,12522885389967045;-0,0734624145785877;0,004470522492316194;2;1
2016-08-16;20;2016-08-16 20:00:00;34,81;36,32;-1,509999999999998;39579;204;47300;3778;3245;185;3430;3982;-533;-19;-552;-0,160932944606414;-0,16425269645608628;-0,10270270270270271;-0,04337833955759833;2;1
2016-08-16;21;2016-08-16 21:00:00;34,36;35,54;-1,1799999999999995;39579;0;47300;4942;3934;1;3935;4942;-1008;1;-1007;-0,2559085133418043;-0,25622775800711745;1,0;-0,03434225844004655;2;1
2016-08-16;22;2016-08-16 22:00:00;31,25;31,0;0,25;39579;0;47300;5369;4417;0;4417;5369;-952;0;-952;-0,21553090332805072;-0,21553090332805072;;0,008;2;1
2016-08-16;23;2016-08-16 23:00:00;27,74;25,46;2,2799999999999976;39579;0;47300;5108;4523;0;4523;5108;-585;0;-585;-0,12933893433561794;-0,12933893433561794;;0,08219178082191772;2;1
2016-08-17;0;2016-08-17 00:00:00;25,03;22,84;2,1900000000000013;39586;0;47327;4260;4090;0;4090;4260;-170;0;-170;-0,04156479217603912;-0,04156479217603912;;0,08749500599280868;2;2
2016-08-17;1;2016-08-17 01:00:00;24,01;22,11;1,900000000000002;39586;0;47327;3659;3737;0;3737;3659;78;0;78;0,020872357506020872;0,020872357506020872;;0,07913369429404422;2;2
2016-08-17;2;2016-08-17 02:00:00;23,51;19,76;3,75;39586;0;47327;3250;3467;0;3467;3250;217;0;217;0,0625901355638881;0,0625901355638881;;0,1595065929391748;2;2
2016-08-17;3;2016-08-17 03:00:00;21,9;17,5;4,399999999999999;39586;0;47327;2870;3124;0;3124;2870;254;0;254;0,08130601792573623;0,08130601792573623;;0,20091324200913238;2;2
2016-08-17;4;2016-08-17 04:00:00;22,56;19,25;3,3099999999999987;39586;0;47327;2528;2818;0;2818;2528;290;0;290;0,10290986515259049;0,10290986515259049;;0,1467198581560283;2;2
2016-08-17;5;2016-08-17 05:00:00;25,05;22,32;2,7300000000000004;39586;2;47327;2424;2612;6;2618;2426;188;4;192;0,07333842627960276;0,07197549770290965;0,6666666666666666;0,10898203592814373;2;2
2016-08-17;6;2016-08-17 06:00:00;29,74;24,57;5,169999999999998;39586;398;47327;2348;2409;453;2862;2746;61;55;116;0,04053109713487072;0,0253217102532171;0,12141280353200883;0,17383994620040344;2;2
2016-08-17;7;2016-08-17 07:00:00;34,75;31,49;3,2600000000000016;39586;2869;47327;1946;2088;3120;5208;4815;142;251;393;0,07546082949308756;0,06800766283524905;0,08044871794871795;0,09381294964028782;2;2
2016-08-17;8;2016-08-17 08:00:00;36,1;34,44;1,6600000000000037;39586;7368;47327;1246;1336;7916;9252;8614;90;548;638;0,06895806312148725;0,06736526946107785;0,06922688226376958;0,04598337950138514;2;2
2016-08-17;9;2016-08-17 09:00:00;33,0;33,17;-0,1700000000000017;39586;12728;47327;652;960;13477;14437;13380;308;749;1057;0,07321465678465056;0,32083333333333336;0,055576166802700895;-0,005151515151515203;2;2
2016-08-17;10;2016-08-17 10:00:00;28,54;30,77;-2,2300000000000004;39586;17798;47327;547;980;18222;19202;18345;433;424;857;0,044630767628372044;0,4418367346938776;0,02326857644605422;-0,07813594954449897;2;2
2016-08-17;11;2016-08-17 11:00:00;28,03;30,01;-1,9800000000000004;39586;21366;47327;558;1035;21390;22425;21924;477;24;501;0,02234113712374582;0,4608695652173913;0,0011220196353436186;-0,07063860149839458;2;2
2016-08-17;12;2016-08-17 12:00:00;27,79;26,86;0,9299999999999996;39586;22908;47327;673;1058;22856;23914;23581;385;-52;333;0,013924897549552563;0,3638941398865784;-0,0022751137556877845;0,03346527527887728;2;2
2016-08-17;13;2016-08-17 13:00:00;27,72;26,1;1,6199999999999974;39586;23282;47327;759;1074;22852;23926;24041;315;-430;-115;-0,004806486667223941;0,29329608938547486;-0,018816733765097148;0,05844155844155835;2;2
2016-08-17;14;2016-08-17 14:00:00;27,05;25,14;1,91;39586;22286;47327;797;1061;21668;22729;23083;264;-618;-354;-0,01557481631396014;0,24882186616399624;-0,028521321764814474;0,07060998151571164;2;2
2016-08-17;15;2016-08-17 15:00:00;28,41;25,92;2,4899999999999984;39586;20371;47327;887;1149;19206;20355;21258;262;-1165;-903;-0,04436256448047163;0,2280243690165361;-0,060658127668436944;0,08764519535374862;2;2
2016-08-17;16;2016-08-17 16:00:00;30,47;26,58;3,890000000000001;39586;16899;47327;985;1415;15695;17110;17884;430;-1204;-774;-0,045236703682057275;0,303886925795053;-0,07671232876712329;0,1276665572694454;2;2
2016-08-17;17;2016-08-17 17:00:00;35,08;33,97;1,1099999999999994;39586;11782;47327;1240;1712;11040;12752;13022;472;-742;-270;-0,02117314930991217;0,2757009345794392;-0,06721014492753623;0,03164196123147091;2;2
2016-08-17;18;2016-08-17 18:00:00;35,67;35,9;-0,2299999999999969;39586;6210;47327;1483;2058;5825;7883;7693;575;-385;190;0,024102499048585566;0,2793974732750243;-0,06609442060085836;-0,006447995514437816;2;2
2016-08-17;19;2016-08-17 19:00:00;37,07;36,95;0,11999999999999746;39586;1870;47327;1568;2422;1805;4227;3438;854;-65;789;0,18665720369056069;0,35260115606936415;-0,036011080332409975;0,003237118964121863;2;2
2016-08-17;20;2016-08-17 20:00:00;36,45;35,64;0,8100000000000023;39586;196;47327;2021;2785;179;2964;2217;764;-17;747;0,2520242914979757;0,27432675044883303;-0,09497206703910614;0,022222222222222282;2;2
2016-08-17;21;2016-08-17 21:00:00;35,48;34,8;0,6799999999999997;39586;0;47327;2981;3298;1;3299;2981;317;1;318;0,09639284631706578;0,09611885991510007;1,0;0,019165727170236745;2;2
2016-08-17;22;2016-08-17 22:00:00;32,42;32,02;0,3999999999999986;39586;0;47327;3543;3796;0;3796;3543;253;0;253;0,0666491043203372;0,0666491043203372;;0,012338062924120869;2;2
2016-08-17;23;2016-08-17 23:00:00;28,82;26,68;2,140000000000001;39586;0;47327;3687;3784;0;3784;3687;97;0;97;0,025634249471458773;0,025634249471458773;;0,07425399028452467;2;2
2016-08-18;0;2016-08-18 00:00:00;25,16;24,75;0,41000000000000014;39588;0;47344;3396;3499;0;3499;3396;103;0;103;0,029436981994855674;0,029436981994855674;;0,016295707472178067;2;3
2016-08-18;1;2016-08-18 01:00:00;24,12;27,21;-3,09;39588;0;47344;3150;3367;0;3367;3150;217;0;217;0,06444906444906445;0,06444906444906445;;-0,1281094527363184;2;3
2016-08-18;2;2016-08-18 02:00:00;23,34;25,03;-1,6900000000000013;39588;0;47344;2936;3259;0;3259;2936;323;0;323;0,09911015648972077;0,09911015648972077;;-0,07240788346186809;2;3
2016-08-18;3;2016-08-18 03:00:00;21,83;24,51;-2,6800000000000037;39588;0;47344;2806;3142;0;3142;2806;336;0;336;0,10693825588796944;0,10693825588796944;;-0,12276683463124159;2;3
2016-08-18;4;2016-08-18 04:00:00;22,49;21,69;0,7999999999999972;39588;0;47344;2784;3002;0;3002;2784;218;0;218;0,072618254497002;0,072618254497002;;0,035571365051133716;2;3
2016-08-18;5;2016-08-18 05:00:00;25,05;24,68;0,37000000000000105;39588;1;47344;2660;2786;5;2791;2661;126;4;130;0,04657828735220351;0,04522613065326633;0,8;0,014770459081836369;2;3
2016-08-18;6;2016-08-18 06:00:00;30,26;33,19;-2,9299999999999957;39588;344;47344;2456;2539;395;2934;2800;83;51;134;0,04567143830947512;0,03269003544702639;0,1291139240506329;-0,09682749504296086;2;3
2016-08-18;7;2016-08-18 07:00:00;33,79;35,14;-1,3500000000000014;39588;2764;47344;2263;2167;2801;4968;5027;-96;37;-59;-0,011876006441223833;-0,044300876788186436;0,013209568011424491;-0,039952648712636915;2;3
2016-08-18;8;2016-08-18 08:00:00;35,67;36,01;-0,3399999999999963;39588;7266;47344;1848;1475;7327;8802;9114;-373;61;-312;-0,0354464894342195;-0,2528813559322034;0,00832537191210591;-0,009531819456125492;2;3
2016-08-18;9;2016-08-18 09:00:00;35,33;34,54;0,7899999999999991;39588;12484;47344;1307;1005;12492;13497;13791;-302;8;-294;-0,021782618359635474;-0,3004975124378109;0,0006404098623118795;0,02236060005660909;2;3
2016-08-18;10;2016-08-18 10:00:00;33,38;29,21;4,170000000000002;39588;16799;47344;1251;881;16695;17576;18050;-370;-104;-474;-0,026968593536640873;-0,4199772985244041;-0,0062294100029949085;0,12492510485320556;2;3
2016-08-18;11;2016-08-18 11:00:00;30,84;27,91;2,93;39588;19812;47344;1346;873;19499;20372;21158;-473;-313;-786;-0,03858236795601806;-0,5418098510882016;-0,01605210523616596;0,0950064850843061;2;3
2016-08-18;12;2016-08-18 12:00:00;29,15;28,28;0,8699999999999974;39588;20615;47344;1274;955;20891;21846;21889;-319;276;-43;-0,0019683237205895816;-0,33403141361256544;0,013211430759657269;0,02984562607204108;2;3
2016-08-18;13;2016-08-18 13:00:00;29,44;28,94;0,5;39588;19976;47344;1292;1077;20730;21807;21268;-215;754;539;0,024716834044114275;-0,19962859795728877;0,03637240713941148;0,016983695652173912;2;3
2016-08-18;14;2016-08-18 14:00:00;29,08;30,23;-1,150000000000002;39588;18540;47344;1422;1218;19264;20482;19962;-204;724;520;0,02538814568889757;-0,16748768472906403;0,03758305647840532;-0,03954607977991754;2;3
2016-08-18;15;2016-08-18 15:00:00;29,51;30,81;-1,2999999999999972;39588;16072;47344;1522;1354;16753;18107;17594;-168;681;513;0,02833158447009444;-0,1240768094534712;0,04064943592192443;-0,044052863436123246;2;3
2016-08-18;16;2016-08-18 16:00:00;32,78;34,66;-1,8799999999999957;39588;12708;47344;1616;1469;13337;14806;14324;-147;629;482;0,032554369850060785;-0,10006807351940095;0,047162030441628554;-0,057352043929225;2;3
2016-08-18;17;2016-08-18 17:00:00;35,01;36,83;-1,8200000000000005;39588;8466;47344;1856;1544;9081;10625;10322;-312;615;303;0,02851764705882353;-0,20207253886010362;0,06772381896266931;-0,051985147100828355;2;3
2016-08-18;18;2016-08-18 18:00:00;36,05;38,11;-2,0600000000000023;39588;4341;47344;2087;1584;4697;6281;6428;-503;356;-147;-0,02340391657379398;-0,317550505050505;0,07579305939961678;-0,05714285714285721;2;3
2016-08-18;19;2016-08-18 19:00:00;37,34;38,3;-0,9599999999999936;39588;1364;47344;2172;1635;1439;3074;3536;-537;75;-462;-0,15029277813923228;-0,3284403669724771;0,05211952744961779;-0,025709694697375295;2;3
2016-08-18;20;2016-08-18 20:00:00;36,85;37,49;-0,6400000000000006;39588;127;47344;2415;1713;132;1845;2542;-702;5;-697;-0,37777777777777777;-0,4098073555166375;0,03787878787878788;-0,01736770691994574;2;3
2016-08-18;21;2016-08-18 21:00:00;36,01;37,12;-1,1099999999999994;39588;0;47344;2607;1895;0;1895;2607;-712;0;-712;-0,37572559366754615;-0,37572559366754615;;-0,03082477089697305;2;3
2016-08-18;22;2016-08-18 22:00:00;32,74;33,85;-1,1099999999999994;39588;0;47344;2596;2031;0;2031;2596;-565;0;-565;-0,2781880846873461;-0,2781880846873461;;-0,03390348197923028;2;3
2016-08-18;23;2016-08-18 23:00:00;28,92;29,56;-0,6399999999999971;39588;0;47344;2242;1942;0;1942;2242;-300;0;-300;-0,15447991761071062;-0,15447991761071062;;-0,022130013831258545;2;3
2016-08-19;0;2016-08-19 00:00:00;27,71;27,55;0,16000000000000014;39593;0;47353;1686;1782;0;1782;1686;96;0;96;0,05387205387205387;0,05387205387205387;;0,005774088776614945;2;4
2016-08-19;1;2016-08-19 01:00:00;26,62;27,17;-0,5500000000000007;39593;0;47353;1367;1552;0;1552;1367;185;0;185;0,11920103092783506;0,11920103092783506;;-0,020661157024793413;2;4
2016-08-19;2;2016-08-19 02:00:00;25,0;27,31;-2,3099999999999987;39593;0;47353;1238;1367;0;1367;1238;129;0;129;0,09436722750548647;0,09436722750548647;;-0,09239999999999995;2;4
2016-08-19;3;2016-08-19 03:00:00;23,91;26,78;-2,870000000000001;39593;0;47353;1000;1225;0;1225;1000;225;0;225;0,1836734693877551;0,1836734693877551;;-0,1200334588038478;2;4
2016-08-19;4;2016-08-19 04:00:00;24,96;26,54;-1,5799999999999983;39593;0;47353;840;1119;0;1119;840;279;0;279;0,24932975871313673;0,24932975871313673;;-0,06330128205128198;2;4
2016-08-19;5;2016-08-19 05:00:00;26,08;27,39;-1,3100000000000025;39593;0;47353;738;1045;5;1050;738;307;5;312;0,29714285714285715;0,2937799043062201;1,0;-0,05023006134969335;2;4
2016-08-19;6;2016-08-19 06:00:00;32,25;31,84;0,41000000000000014;39593;300;47353;740;1003;358;1361;1040;263;58;321;0,23585598824393827;0,2622133599202393;0,16201117318435754;0,012713178294573647;2;4
2016-08-19;7;2016-08-19 07:00:00;36,25;38,3;-2,0499999999999967;39593;2529;47353;744;964;2733;3697;3273;220;204;424;0,11468758452799567;0,22821576763485477;0,07464324917672886;-0,05655172413793094;2;4
2016-08-19;8;2016-08-19 08:00:00;37,27;39,07;-1,7999999999999972;39593;6668;47353;578;719;7055;7774;7246;141;387;528;0,06791870337020839;0,19610570236439498;0,05485471296952516;-0,04829621679635087;2;4
2016-08-19;9;2016-08-19 09:00:00;36,45;38,4;-1,949999999999996;39593;11864;47353;308;589;12062;12651;12172;281;198;479;0,03786261955576634;0,4770797962648557;0,0164151881943293;-0,053497942386831164;2;4
2016-08-19;10;2016-08-19 10:00:00;34,48;37,46;-2,980000000000004;39593;16476;47353;332;559;16543;17102;16808;227;67;294;0,017190971816161853;0,40608228980322003;0,0040500513812488665;-0,08642691415313238;2;4
2016-08-19;11;2016-08-19 11:00:00;31,56;35,56;-4,000000000000004;39593;19706;47353;381;605;19895;20500;20087;224;189;413;0,020146341463414635;0,3702479338842975;0,009499874340286504;-0,12674271229404324;2;4
2016-08-19;12;2016-08-19 12:00:00;26,95;31,72;-4,77;39593;21198;47353;439;640;21833;22473;21637;201;635;836;0,03720019579050416;0,3140625;0,02908441350249622;-0,17699443413729127;2;4
2016-08-19;13;2016-08-19 13:00:00;26,01;31,01;-5,0;39593;21240;47353;484;724;22048;22772;21724;240;808;1048;0,04602142982610223;0,3314917127071823;0,03664731494920174;-0,19223375624759706;2;4
2016-08-19;14;2016-08-19 14:00:00;25,78;30,97;-5,189999999999999;39593;20253;47353;623;767;20748;21515;20876;144;495;639;0,02970020915640251;0,1877444589308996;0,02385772122614228;-0,20131885182311862;2;4
2016-08-19;15;2016-08-19 15:00:00;27,48;32,78;-5,300000000000002;39593;17812;47353;944;892;17962;18854;18756;-52;150;98;0,005197836002970192;-0,05829596412556054;0,008350963144415989;-0,19286754002911213;2;4
2016-08-19;16;2016-08-19 16:00:00;31,76;34,37;-2,6099999999999963;39593;13639;47353;1242;1110;14005;15115;14881;-132;366;234;0,015481309956996361;-0,11891891891891893;0,026133523741520885;-0,08217884130982356;2;4
2016-08-19;17;2016-08-19 17:00:00;34,09;35,98;-1,8899999999999932;39593;8832;47353;1401;1370;9274;10644;10233;-31;442;411;0,03861330326944758;-0,022627737226277374;0,04766012508087125;-0,055441478439424846;2;4
2016-08-19;18;2016-08-19 18:00:00;36,09;36,74;-0,6499999999999986;39593;4425;47353;1587;1807;4600;6407;6012;220;175;395;0,061651318869985955;0,12174875484228002;0,03804347826086957;-0,01801052923247433;2;4
2016-08-19;19;2016-08-19 19:00:00;36,46;36,57;-0,10999999999999943;39593;1256;47353;1960;2361;1324;3685;3216;401;68;469;0,12727272727272726;0,16984328674290555;0,0513595166163142;-0,003017004936917154;2;4
2016-08-19;20;2016-08-19 20:00:00;34,99;35,85;-0,8599999999999994;39593;76;47353;2777;3753;104;3857;2853;976;28;1004;0,26030593725693546;0,26005861977085;0,2692307692307692;-0,02457845098599598;2;4
2016-08-19;21;2016-08-19 21:00:00;34,32;37,17;-2,8500000000000014;39593;0;47353;4427;5583;0;5583;4427;1156;0;1156;0,20705713773956655;0,20705713773956655;;-0,08304195804195809;2;4
2016-08-19;22;2016-08-19 22:00:00;32,22;33,47;-1,25;39593;0;47353;6035;7430;0;7430;6035;1395;0;1395;0,18775235531628534;0,18775235531628534;;-0,03879577901924271;2;4
2016-08-19;23;2016-08-19 23:00:00;28,87;28,43;0,4400000000000013;39593;0;47353;6848;8564;0;8564;6848;1716;0;1716;0,20037365716954694;0,20037365716954694;;0,015240734326290311;2;4
2016-08-20;0;2016-08-20 00:00:00;26,54;24,72;1,8200000000000005;39593;0;47353;7314;7482;0;7482;7314;168;0;168;0,022453889334402566;0,022453889334402566;;0,06857573474001509;2;5
2016-08-20;1;2016-08-20 01:00:00;25,04;21,73;3,3099999999999987;39593;0;47353;7586;7425;0;7425;7586;-161;0;-161;-0,021683501683501683;-0,021683501683501683;;0,13218849840255587;2;5
2016-08-20;2;2016-08-20 02:00:00;23,31;18,72;4,59;39593;0;47353;7660;7042;0;7042;7660;-618;0;-618;-0,08775915932973587;-0,08775915932973587;;0,1969111969111969;2;5
2016-08-20;3;2016-08-20 03:00:00;22,81;17,44;5,369999999999997;39593;0;47353;7249;6548;0;6548;7249;-701;0;-701;-0,10705558949297496;-0,10705558949297496;;0,23542306006137648;2;5
2016-08-20;4;2016-08-20 04:00:00;22,32;18,58;3,740000000000002;39593;0;47353;6470;6281;0;6281;6470;-189;0;-189;-0,030090749880592262;-0,030090749880592262;;0,167562724014337;2;5
2016-08-20;5;2016-08-20 05:00:00;22,02;19,55;2,4699999999999993;39593;0;47353;6004;6042;2;6044;6004;38;2;40;0,0066181336863004635;0,006289308176100629;1,0;0,11217075386012713;2;5
2016-08-20;6;2016-08-20 06:00:00;22,44;19,34;3,1000000000000014;39593;194;47353;5682;5761;264;6025;5876;79;70;149;0,024730290456431537;0,013712897066481513;0,26515151515151514;0,13814616755793233;2;5
2016-08-20;7;2016-08-20 07:00:00;23,08;20,16;2,919999999999998;39593;1779;47353;6036;5586;2100;7686;7815;-450;321;-129;-0,01678376268540203;-0,08055853920515575;0,15285714285714286;0,12651646447140374;2;5
2016-08-20;8;2016-08-20 08:00:00;26,94;23,91;3,030000000000001;39593;4888;47353;5388;5340;5373;10713;10276;-48;485;437;0,04079156165406515;-0,008988764044943821;0,09026614554252745;0,11247216035634748;2;5
2016-08-20;9;2016-08-20 09:00:00;29,03;25,94;3,09;39593;9174;47353;4740;5001;9266;14267;13914;261;92;353;0,024742412560454195;0,052189562087582485;0,009928771854090222;0,10644161212538752;2;5
2016-08-20;10;2016-08-20 10:00:00;25,79;26,52;-0,7300000000000004;39593;12895;47353;5279;5035;12804;17839;18174;-244;-91;-335;-0,018779079544817535;-0,04846077457795432;-0,007107154014370509;-0,028305544784800327;2;5
2016-08-20;11;2016-08-20 11:00:00;24,22;25,59;-1,370000000000001;39593;15746;47353;5924;5338;15530;20868;21670;-586;-216;-802;-0,03843204907034694;-0,10977894342450356;-0,013908564069542821;-0,056564822460776265;2;5
2016-08-20;12;2016-08-20 12:00:00;23,12;22,7;0,4200000000000017;39593;16389;47353;6389;5921;17009;22930;22778;-468;620;152;0,006628870475359791;-0,07904070258402297;0,03645129049326827;0,018166089965397998;2;5
2016-08-20;13;2016-08-20 13:00:00;22,09;20,38;1,7100000000000009;39593;14460;47353;6480;6516;16338;22854;20940;36;1878;1914;0,08374901548962982;0,0055248618784530384;0,1149467499081895;0,07741059302851973;2;5
2016-08-20;14;2016-08-20 14:00:00;21,71;20,88;0,8300000000000018;39593;11331;47353;6374;6773;14398;21171;17705;399;3067;3466;0,16371451513863303;0,05891037944780747;0,21301569662453118;0,0382312298479964;2;5
2016-08-20;15;2016-08-20 15:00:00;22,0;22,77;-0,7699999999999996;39593;8472;47353;6013;6586;11905;18491;14485;573;3433;4006;0,21664593586068898;0,0870027330701488;0,2883662326753465;-0,03499999999999998;2;5
2016-08-20;16;2016-08-20 16:00:00;20,95;22,15;-1,1999999999999993;39593;6656;47353;5892;6261;9002;15263;12548;369;2346;2715;0,1778811504946603;0,058936272160996644;0,26060875361030883;-0,05727923627684961;2;5
2016-08-20;17;2016-08-20 17:00:00;22,73;24,65;-1,9199999999999984;39593;4696;47353;5988;5848;5909;11757;10684;-140;1213;1073;0,09126477842987156;-0,023939808481532147;0,20528008123201896;-0,08446986361636596;2;5
2016-08-20;18;2016-08-20 18:00:00;26,99;29,05;-2,0600000000000023;39593;2554;47353;5468;5379;3098;8477;8022;-89;544;455;0,053674649050371594;-0,01654582636177728;0,17559715945771465;-0,07632456465357548;2;5
2016-08-20;19;2016-08-20 19:00:00;29,34;28,91;0,4299999999999997;39593;861;47353;4907;4993;995;5988;5768;86;134;220;0,03674014696058784;0,017224113759262968;0,13467336683417086;0,01465576005453305;2;5
2016-08-20;20;2016-08-20 20:00:00;30,0;27,89;2,1099999999999994;39593;90;47353;4194;5026;75;5101;4284;832;-15;817;0,16016467359341305;0,1655391961798647;-0,2;0,07033333333333332;2;5
2016-08-20;21;2016-08-20 21:00:00;30,38;28,27;2,1099999999999994;39593;0;47353;5583;5476;0;5476;5583;-107;0;-107;-0,01953981008035062;-0,01953981008035062;;0,06945358788676759;2;5
2016-08-20;22;2016-08-20 22:00:00;29,11;26,84;2,27;39593;0;47353;6150;6201;0;6201;6150;51;0;51;0,00822447992259313;0,00822447992259313;;0,07798007557540364;2;5
2016-08-20;23;2016-08-20 23:00:00;25,03;23,31;1,7200000000000024;39593;0;47353;7269;6943;0;6943;7269;-326;0;-326;-0,04695376638340775;-0,04695376638340775;;0,06871753895325619;2;5
2016-08-21;0;2016-08-21 00:00:00;18,51;20,0;-1,4899999999999984;39593;0;47353;7882;7966;0;7966;7882;84;0;84;0,01054481546572935;0,01054481546572935;;-0,08049702863317117;2;6
2016-08-21;1;2016-08-21 01:00:00;15,01;11,32;3,69;39593;0;47353;8586;8344;0;8344;8586;-242;0;-242;-0,02900287631831256;-0,02900287631831256;;0,245836109260493;2;6
2016-08-21;2;2016-08-21 02:00:00;12,13;7,59;4,540000000000001;39593;0;47353;9684;8554;0;8554;9684;-1130;0;-1130;-0,1321019406125789;-0,1321019406125789;;0,3742786479802144;2;6
2016-08-21;3;2016-08-21 03:00:00;9,72;6,78;2,9400000000000004;39593;0;47353;10203;8820;0;8820;10203;-1383;0;-1383;-0,15680272108843538;-0,15680272108843538;;0,30246913580246915;2;6
2016-08-21;4;2016-08-21 04:00:00;9,83;6,73;3,1;39593;0;47353;9877;9185;0;9185;9877;-692;0;-692;-0,0753402286336418;-0,0753402286336418;;0,31536113936927773;2;6
2016-08-21;5;2016-08-21 05:00:00;9,74;6,9;2,84;39593;0;47353;10269;9414;3;9417;10269;-855;3;-852;-0,09047467346288628;-0,09082217973231357;1,0;0,2915811088295688;2;6
2016-08-21;6;2016-08-21 06:00:00;9,62;6,35;3,27;39593;202;47353;10610;9501;266;9767;10812;-1109;64;-1045;-0,10699293539469643;-0,11672455530996736;0,24060150375939848;0,33991683991683996;2;6
2016-08-21;7;2016-08-21 07:00:00;9,13;6,86;2,2700000000000005;39593;1829;47353;10297;9314;2022;11336;12126;-983;193;-790;-0,06968948482709951;-0,1055400472407129;0,09545004945598418;0,2486308871851041;2;6
2016-08-21;8;2016-08-21 08:00:00;11,34;8,4;2,9399999999999995;39593;5110;47353;9735;8998;5441;14439;14845;-737;331;-406;-0,028118290740355982;-0,08190709046454768;0,06083440544017644;0,25925925925925924;2;6
2016-08-21;9;2016-08-21 09:00:00;11,55;10,16;1,3900000000000006;39593;8984;47353;10195;9039;9404;18443;19179;-1156;420;-736;-0,03990673968443312;-0,12789025334660914;0,04466184602296895;0,12034632034632038;2;6
2016-08-21;10;2016-08-21 10:00:00;11,59;10,52;1,0700000000000005;39593;11284;47353;11052;9611;12921;22532;22336;-1441;1637;196;0,00869873957038878;-0,14993236916033711;0,1266929804194722;0,09232096635030203;2;6
2016-08-21;11;2016-08-21 11:00:00;11,6;14,95;-3,35;39593;13147;47353;11710;9972;15417;25389;24857;-1738;2270;532;0,020953956437827406;-0,17428800641797032;0,14724005967438542;-0,28879310344827586;2;6
2016-08-21;12;2016-08-21 12:00:00;11,45;15,48;-4,030000000000001;39593;14838;47353;12574;10240;16664;26904;27412;-2334;1826;-508;-0,01888195063931014;-0,2279296875;0,10957753240518484;-0,35196506550218354;2;6
2016-08-21;13;2016-08-21 13:00:00;9,09;13,32;-4,23;39593;15407;47353;13281;10462;16524;26986;28688;-2819;1117;-1702;-0,06306973986511524;-0,2694513477346588;0,06759864439603001;-0,4653465346534654;2;6
2016-08-21;14;2016-08-21 14:00:00;7,19;10,08;-2,89;39593;14787;47353;13970;10425;15459;25884;28757;-3545;672;-2873;-0,11099520939576572;-0,34004796163069545;0,04346982340384242;-0,4019471488178025;2;6
2016-08-21;15;2016-08-21 15:00:00;7,88;6,06;1,8200000000000005;39593;13844;47353;13731;10281;13666;23947;27575;-3450;-178;-3628;-0,15150123188708398;-0,33557046979865773;-0,013025025611005416;0,2309644670050762;2;6
2016-08-21;16;2016-08-21 16:00:00;8,94;4,18;4,76;39593;11735;47353;12754;9750;11088;20838;24489;-3004;-647;-3651;-0,1752087532392744;-0,3081025641025641;-0,05835137085137085;0,5324384787472036;2;6
2016-08-21;17;2016-08-21 17:00:00;10,86;8,99;1,8699999999999992;39593;8454;47353;11801;8974;7648;16622;20255;-2827;-806;-3633;-0,21856575622668753;-0,31502117227546245;-0,10538702928870293;0,17219152854511965;2;6
2016-08-21;18;2016-08-21 18:00:00;22,04;18,62;3,419999999999998;39593;4867;47353;10116;7966;4044;12010;14983;-2150;-823;-2973;-0,24754371357202332;-0,2698970625156917;-0,20351137487636003;0,15517241379310337;2;6
2016-08-21;19;2016-08-21 19:00:00;28,13;23,89;4,239999999999998;39593;1407;47353;7712;6914;1213;8127;9119;-798;-194;-992;-0,12206226159714532;-0,11541799247902806;-0,15993404781533388;0,15072875933167432;2;6
2016-08-21;20;2016-08-21 20:00:00;30,74;28,88;1,8599999999999997;39593;92;47353;6715;6395;75;6470;6807;-320;-17;-337;-0,05208655332302937;-0,05003909304143862;-0,22666666666666666;0,060507482108002594;2;6
2016-08-21;21;2016-08-21 21:00:00;31,9;32,8;-0,8999999999999986;39593;0;47353;7308;6528;0;6528;7308;-780;0;-780;-0,11948529411764706;-0,11948529411764706;;-0,028213166144200583;2;6
2016-08-21;22;2016-08-21 22:00:00;30,59;32,06;-1,4700000000000024;39593;0;47353;7794;6940;0;6940;7794;-854;0;-854;-0,12305475504322766;-0,12305475504322766;;-0,0480549199084669;2;6
2016-08-21;23;2016-08-21 23:00:00;23,54;26,78;-3,240000000000002;39593;0;47353;8178;7350;0;7350;8178;-828;0;-828;-0,1126530612244898;-0,1126530612244898;;-0,13763806287170782;2;6
2016-08-22;0;2016-08-22 00:00:00;20,68;24,99;-4,309999999999999;39595;0;47380;8534;8720;0;8720;8534;186;0;186;0,0213302752293578;0,0213302752293578;;-0,20841392649903281;2;0
2016-08-22;1;2016-08-22 01:00:00;19,04;22,66;-3,620000000000001;39595;0;47380;8659;8745;0;8745;8659;86;0;86;0,009834190966266438;0,009834190966266438;;-0,19012605042016814;2;0
2016-08-22;2;2016-08-22 02:00:00;18,78;20,91;-2,129999999999999;39595;0;47380;8603;8726;0;8726;8603;123;0;123;0,014095805638322256;0,014095805638322256;;-0,11341853035143765;2;0
2016-08-22;3;2016-08-22 03:00:00;17,5;13,35;4,15;39595;0;47380;8350;8619;0;8619;8350;269;0;269;0,031210117182967862;0,031210117182967862;;0,23714285714285716;2;0
2016-08-22;4;2016-08-22 04:00:00;18,07;13,68;4,3900000000000015;39595;0;47380;8004;8399;0;8399;8004;395;0;395;0,04702940826288844;0,04702940826288844;;0,24294410625345886;2;0
2016-08-22;5;2016-08-22 05:00:00;20,81;17,56;3,25;39595;0;47380;7459;7935;3;7938;7459;476;3;479;0,06034265558075082;0,059987397605545056;1,0;0,15617491590581453;2;0
2016-08-22;6;2016-08-22 06:00:00;26,82;24,59;2,2300000000000004;39595;215;47380;6740;7336;270;7606;6955;596;55;651;0,08559032342887195;0,0812431842966194;0,2037037037037037;0,08314690529455632;2;0
2016-08-22;7;2016-08-22 07:00:00;31,42;32,52;-1,1000000000000014;39595;1982;47380;6264;6693;2301;8994;8246;429;319;748;0,08316655548143206;0,06409681757059614;0,13863537592351152;-0,03500954805856147;2;0
2016-08-22;8;2016-08-22 08:00:00;34,41;35,37;-0,9600000000000009;39595;5190;47380;5866;6185;5912;12097;11056;319;722;1041;0,0860543936513185;0,05157639450282943;0,12212449255751015;-0,027898866608544057;2;0
2016-08-22;9;2016-08-22 09:00:00;35,0;36,8;-1,7999999999999972;39595;9039;47380;6165;6179;9925;16104;15204;14;886;900;0,05588673621460507;0,0022657387926849006;0,08926952141057934;-0,051428571428571344;2;0
2016-08-22;10;2016-08-22 10:00:00;31,66;34,45;-2,7900000000000027;39595;12261;47380;6720;6593;13008;19601;18981;-127;747;620;0,03163103923269221;-0,0192628545426968;0,05742619926199262;-0,0881238155401138;2;0
2016-08-22;11;2016-08-22 11:00:00;29,06;32,5;-3,4400000000000013;39595;14319;47380;7564;7181;14700;21881;21883;-383;381;-2;-9,140350075407889e-05;-0,05333519008494639;0,025918367346938774;-0,11837577426015146;2;0
2016-08-22;12;2016-08-22 12:00:00;27,25;32,58;-5,329999999999998;39595;15548;47380;8032;7738;15353;23091;23580;-294;-195;-489;-0,021177081979992206;-0,037994313776169554;-0,012701100762066046;-0,1955963302752293;2;0
2016-08-22;13;2016-08-22 13:00:00;27,19;31,21;-4,02;39595;15442;47380;8404;8297;14988;23285;23846;-107;-454;-561;-0,02409276358170496;-0,012896227552127274;-0,03029089938617561;-0,14784847370356746;2;0
2016-08-22;14;2016-08-22 14:00:00;27,3;29,18;-1,879999999999999;39595;14642;47380;8266;8459;13752;22211;22908;193;-890;-697;-0,03138084732790059;0,02281593568979785;-0,06471785922047703;-0,06886446886446883;2;0
2016-08-22;15;2016-08-22 15:00:00;27,81;30,15;-2,34;39595;13019;47380;7896;8162;11871;20033;20915;266;-1148;-882;-0,044027354864473615;0,032590051457975985;-0,09670625895038329;-0,08414239482200647;2;0
2016-08-22;16;2016-08-22 16:00:00;28,49;30,3;-1,8100000000000025;39595;10590;47380;7984;7653;9551;17204;18574;-331;-1039;-1370;-0,0796326435712625;-0,043251012674768066;-0,10878442047953094;-0,06353106353106362;2;0
2016-08-22;17;2016-08-22 17:00:00;32,9;33,35;-0,4500000000000029;39595;7569;47380;8264;7023;6596;13619;15833;-1241;-973;-2214;-0,1625670019825244;-0,17670511177559448;-0,14751364463311098;-0,013677811550152064;2;0
2016-08-22;18;2016-08-22 18:00:00;36,59;34,94;1,6500000000000057;39595;4034;47380;7992;6330;3417;9747;12026;-1662;-617;-2279;-0,23381553298450805;-0,26255924170616113;-0,18056774948785484;0,04509428805684628;2;0
2016-08-22;19;2016-08-22 19:00:00;37,71;36,87;0,8400000000000034;39595;1220;47380;7554;5615;957;6572;8774;-1939;-263;-2202;-0,33505782105903836;-0,34532502226179873;-0,27481713688610243;0,022275258552108285;2;0
2016-08-22;20;2016-08-22 20:00:00;37,64;36,31;1,3299999999999983;39595;75;47380;7314;5104;52;5156;7389;-2210;-23;-2233;-0,43308766485647787;-0,43299373040752354;-0,4423076923076923;0,035334750265674765;2;0
2016-08-22;21;2016-08-22 21:00:00;35,02;34,49;0,5300000000000011;39595;0;47380;7459;4945;0;4945;7459;-2514;0;-2514;-0,5083923154701719;-0,5083923154701719;;0,015134209023415222;2;0
2016-08-22;22;2016-08-22 22:00:00;30,99;31,34;-0,3500000000000014;39595;0;47380;7534;4935;0;4935;7534;-2599;0;-2599;-0,526646403242148;-0,526646403242148;;-0,011293965795417924;2;0
2016-08-22;23;2016-08-22 23:00:00;27,92;28,41;-0,4899999999999984;39595;0;47380;7465;4882;0;4882;7465;-2583;0;-2583;-0,5290864399836133;-0,5290864399836133;;-0,017550143266475585;2;0
2016-08-23;0;2016-08-23 00:00:00;23,68;23,39;0,28999999999999915;39597;0;47392;6936;7050;0;7050;6936;114;0;114;0,016170212765957447;0,016170212765957447;;0,012246621621621585;2;1
2016-08-23;1;2016-08-23 01:00:00;22,35;22,08;0,2700000000000031;39597;0;47392;6459;6836;0;6836;6459;377;0;377;0,05514921006436513;0,05514921006436513;;0,012080536912751816;2;1
2016-08-23;2;2016-08-23 02:00:00;21,62;22,77;-1,1499999999999986;39597;0;47392;5806;6453;0;6453;5806;647;0;647;0,10026344335967767;0,10026344335967767;;-0,05319148936170206;2;1
2016-08-23;3;2016-08-23 03:00:00;20,29;23,75;-3,4600000000000013;39597;0;47392;5023;5797;0;5797;5023;774;0;774;0,13351733655338968;0,13351733655338968;;-0,17052735337604738;2;1
2016-08-23;4;2016-08-23 04:00:00;22,01;24,11;-2,099999999999998;39597;0;47392;4460;5221;0;5221;4460;761;0;761;0,14575751771691248;0,14575751771691248;;-0,09541117673784633;2;1
2016-08-23;5;2016-08-23 05:00:00;23,52;28,35;-4,830000000000002;39597;0;47392;4126;4706;2;4708;4126;580;2;582;0,12361937128292269;0,12324691882702933;1,0;-0,20535714285714293;2;1
2016-08-23;6;2016-08-23 06:00:00;30,56;35,83;-5,27;39597;202;47392;3877;4208;215;4423;4079;331;13;344;0,07777526565679403;0,0786596958174905;0,06046511627906977;-0,1724476439790576;2;1
2016-08-23;7;2016-08-23 07:00:00;35,24;38,58;-3,3399999999999963;39597;2209;47392;3618;3706;2032;5738;5827;88;-177;-89;-0,015510630881840362;0,023745277927684834;-0,08710629921259842;-0,09477866061293973;2;1
2016-08-23;8;2016-08-23 08:00:00;37,31;35,92;1,3900000000000006;39597;6789;47392;2622;3002;6068;9070;9411;380;-721;-341;-0,037596471885336276;0,12658227848101267;-0,11882003955174687;0,03725542749932995;2;1
2016-08-23;9;2016-08-23 09:00:00;37,95;33,2;4,75;39597;12293;47392;1837;2531;11256;13787;14130;694;-1037;-343;-0,024878508740117503;0,27419992097984985;-0,09212864250177683;0,12516469038208167;2;1
2016-08-23;10;2016-08-23 10:00:00;34,94;31,95;2,9899999999999984;39597;16860;47392;1712;2419;15716;18135;18572;707;-1144;-437;-0,024097049903501516;0,29226953286482016;-0,07279205904810385;0,08557527189467655;2;1
2016-08-23;11;2016-08-23 11:00:00;32,36;30,64;1,7199999999999989;39597;20106;47392;1709;2387;18869;21256;21815;678;-1237;-559;-0,026298456906285284;0,28403854210305823;-0,06555726323599555;0,05315203955500614;2;1
2016-08-23;12;2016-08-23 12:00:00;28,78;29,12;-0,33999999999999986;39597;21643;47392;1632;2304;20637;22941;23275;672;-1006;-334;-0,014559086351946297;0,2916666666666667;-0,04874739545476571;-0,011813759555246694;2;1
2016-08-23;13;2016-08-23 13:00:00;28,07;28,39;-0,3200000000000003;39597;21802;47392;1505;2184;20946;23130;23307;679;-856;-177;-0,007652399481193255;0,3108974358974359;-0,04086699131099016;-0,011400071250445325;2;1
2016-08-23;14;2016-08-23 14:00:00;27,95;28,35;-0,4000000000000021;39597;20579;47392;1372;1961;19942;21903;21951;589;-637;-48;-0,002191480619093275;0,3003569607343192;-0,031942633637548894;-0,014311270125223688;2;1
2016-08-23;15;2016-08-23 15:00:00;30,2;30,2;0,0;39597;18364;47392;1223;1582;17627;19209;19587;359;-737;-378;-0,0196782758082149;0,22692793931731986;-0,041810858342315765;0,0;2;1
2016-08-23;16;2016-08-23 16:00:00;34,63;35,51;-0,8799999999999955;39597;14692;47392;1034;1228;14290;15518;15726;194;-402;-208;-0,013403789148086093;0,15798045602605862;-0,028131560531840447;-0,025411492925209223;2;1
2016-08-23;17;2016-08-23 17:00:00;37,96;37,59;0,36999999999999744;39597;10184;47392;758;953;9813;10766;10942;195;-371;-176;-0,016347761471298534;0,20461699895068206;-0,03780699072658718;0,00974710221285557;2;1
2016-08-23;18;2016-08-23 18:00:00;40,2;37,96;2,240000000000002;39597;5189;47392;542;834;4925;5759;5731;292;-264;28;0,004861955200555652;0,3501199040767386;-0,053604060913705585;0,055721393034825914;2;1
2016-08-23;19;2016-08-23 19:00:00;41,6;42,58;-0,9799999999999968;39597;1391;47392;504;799;1301;2100;1895;295;-90;205;0,09761904761904762;0,3692115143929912;-0,06917755572636433;-0,023557692307692227;2;1
2016-08-23;20;2016-08-23 20:00:00;42,0;43,13;-1,1300000000000026;39597;81;47392;953;1097;75;1172;1034;144;-6;138;0,11774744027303755;0,13126709206927986;-0,08;-0,026904761904761966;2;1
2016-08-23;21;2016-08-23 21:00:00;38,92;41,65;-2,729999999999997;39597;0;47392;1914;1638;0;1638;1914;-276;0;-276;-0,1684981684981685;-0,1684981684981685;;-0,07014388489208624;2;1
2016-08-23;22;2016-08-23 22:00:00;33,38;36,04;-2,6599999999999966;39597;0;47392;2704;2185;0;2185;2704;-519;0;-519;-0,23752860411899313;-0,23752860411899313;;-0,07968843618933483;2;1
2016-08-23;23;2016-08-23 23:00:00;27,57;30,4;-2,8299999999999983;39597;0;47392;3162;2616;0;2616;3162;-546;0;-546;-0,20871559633027523;-0,20871559633027523;;-0,10264780558578158;2;1
2016-08-24;0;2016-08-24 00:00:00;26,19;29,17;-2,9800000000000004;39603;0;47409;3585;3040;0;3040;3585;-545;0;-545;-0,17927631578947367;-0,17927631578947367;;-0,11378388697976329;2;2
2016-08-24;1;2016-08-24 01:00:00;23,9;25,79;-1,8900000000000008;39603;0;47409;3853;3443;0;3443;3853;-410;0;-410;-0,11908219575951205;-0,11908219575951205;;-0,07907949790794983;2;2
2016-08-24;2;2016-08-24 02:00:00;22,82;24,38;-1,5599999999999987;39603;0;47409;4022;3782;0;3782;4022;-240;0;-240;-0,06345848757271286;-0,06345848757271286;;-0,06836108676599469;2;2
2016-08-24;3;2016-08-24 03:00:00;22,24;23,6;-1,360000000000003;39603;0;47409;4010;3954;0;3954;4010;-56;0;-56;-0,014162873039959535;-0,014162873039959535;;-0,06115107913669079;2;2
2016-08-24;4;2016-08-24 04:00:00;22,25;23,63;-1,379999999999999;39603;0;47409;4060;4151;0;4151;4060;91;0;91;0,021922428330522766;0,021922428330522766;;-0,062022471910112315;2;2
2016-08-24;5;2016-08-24 05:00:00;24,23;26,16;-1,93;39603;0;47409;4163;4293;2;4295;4163;130;2;132;0,030733410942956927;0,03028185418122525;1,0;-0,07965332232769294;2;2
2016-08-24;6;2016-08-24 06:00:00;30,85;31,07;-0,21999999999999886;39603;224;47409;4408;4385;252;4637;4632;-23;28;5;0,0010782833728703904;-0,00524515393386545;0,1111111111111111;-0,007131280388978893;2;2
2016-08-24;7;2016-08-24 07:00:00;34,9;33,91;0,9900000000000021;39603;2613;47409;4541;4303;2470;6773;7154;-238;-143;-381;-0,05625276834489886;-0,055310248663722986;-0,05789473684210526;0,028366762177650492;2;2
2016-08-24;8;2016-08-24 08:00:00;36,02;37,71;-1,6899999999999975;39603;7981;47409;3684;3870;7620;11490;11665;186;-361;-175;-0,015230635335073977;0,04806201550387597;-0,047375328083989504;-0,04691837867851186;2;2
2016-08-24;9;2016-08-24 09:00:00;34,93;34,78;0,14999999999999858;39603;14112;47409;2667;3178;13736;16914;16779;511;-376;135;0,007981553742461865;0,16079295154185022;-0,027373325567850902;0,00429430289149724;2;2
2016-08-24;10;2016-08-24 10:00:00;29,96;34,06;-4,100000000000001;39603;19264;47409;2667;3140;18854;21994;21931;473;-410;63;0,002864417568427753;0,15063694267515923;-0,021746048583854885;-0,136849132176235;2;2
2016-08-24;11;2016-08-24 11:00:00;27,56;31,22;-3,66;39603;22677;47409;2999;3246;22424;25670;25676;247;-253;-6;-0,00023373587845734321;0,07609365372766481;-0,011282554405993577;-0,1328011611030479;2;2
2016-08-24;12;2016-08-24 12:00:00;26,83;30,48;-3,6500000000000017;39603;24582;47409;2990;3212;24348;27560;27572;222;-234;-12;-0,0004354136429608128;0,06911581569115816;-0,009610645638245442;-0,13604174431606417;2;2
2016-08-24;13;2016-08-24 13:00:00;26,24;30,03;-3,7900000000000023;39603;25076;47409;2980;3115;24779;27894;28056;135;-297;-162;-0,005807700580770058;0,04333868378812199;-0,01198595584971145;-0,14443597560975618;2;2
2016-08-24;14;2016-08-24 14:00:00;26,0;30,34;-4,34;39603;23985;47409;2893;3016;23742;26758;26878;123;-243;-120;-0,004484640107631363;0,04078249336870027;-0,01023502653525398;-0,16692307692307692;2;2
2016-08-24;15;2016-08-24 15:00:00;30,48;31,74;-1,259999999999998;39603;21350;47409;2741;2812;21065;23877;24091;71;-285;-214;-0,008962599991623738;0,025248933143669987;-0,013529551388559222;-0,04133858267716529;2;2
2016-08-24;16;2016-08-24 16:00:00;32,97;33,35;-0,38000000000000256;39603;17273;47409;2754;2633;16934;19567;20027;-121;-339;-460;-0,023508969182807787;-0,04595518420053171;-0,02001889689382308;-0,011525629360024343;2;2
2016-08-24;17;2016-08-24 17:00:00;34,95;36,25;-1,2999999999999972;39603;11652;47409;2922;2710;11303;14013;14574;-212;-349;-561;-0,04003425390708628;-0,07822878228782287;-0,030876758382730247;-0,03719599427753926;2;2
2016-08-24;18;2016-08-24 18:00:00;37,69;39,36;-1,6700000000000017;39603;5612;47409;3135;2997;5349;8346;8747;-138;-263;-401;-0,04804696860771627;-0,04604604604604605;-0,04916806879790615;-0,04430883523481034;2;2
2016-08-24;19;2016-08-24 19:00:00;38,44;40,37;-1,93;39603;1369;47409;3542;3585;1325;4910;4911;43;-44;-1;-0,00020366598778004074;0,01199442119944212;-0,03320754716981132;-0,05020811654526535;2;2
2016-08-24;20;2016-08-24 20:00:00;37,99;38,95;-0,9600000000000009;39603;70;47409;5553;5163;70;5233;5623;-390;0;-390;-0,07452703993884961;-0,07553747821034282;0,0;-0,025269807844169538;2;2
2016-08-24;21;2016-08-24 21:00:00;34,01;35,88;-1,8700000000000043;39603;0;47409;8476;6850;0;6850;8476;-1626;0;-1626;-0,23737226277372261;-0,23737226277372261;;-0,054983828285798425;2;2
2016-08-24;22;2016-08-24 22:00:00;28,61;27,84;0,7699999999999996;39603;0;47409;10402;8232;0;8232;10402;-2170;0;-2170;-0,26360544217687076;-0,26360544217687076;;0,026913666550157273;2;2
2016-08-24;23;2016-08-24 23:00:00;24,49;22,49;2,0;39603;0;47409;11250;9025;0;9025;11250;-2225;0;-2225;-0,24653739612188366;-0,24653739612188366;;0,08166598611678237;2;2
2016-08-25;0;2016-08-25 00:00:00;21,96;21,87;0,08999999999999986;39615;0;47418;11685;11210;0;11210;11685;-475;0;-475;-0,0423728813559322;-0,0423728813559322;;0,004098360655737698;2;3
2016-08-25;1;2016-08-25 01:00:00;21,86;20,32;1,5399999999999991;39615;0;47418;11758;10887;0;10887;11758;-871;0;-871;-0,0800036741067328;-0,0800036741067328;;0,07044830741079594;2;3
2016-08-25;2;2016-08-25 02:00:00;20,97;19,4;1,5700000000000005;39615;0;47418;11214;10347;0;10347;11214;-867;0;-867;-0,083792403595245;-0,083792403595245;;0,07486886027658562;2;3
2016-08-25;3;2016-08-25 03:00:00;21,16;18,1;3,0599999999999987;39615;0;47418;10459;9731;0;9731;10459;-728;0;-728;-0,07481245504059192;-0,07481245504059192;;0,14461247637051033;2;3
2016-08-25;4;2016-08-25 04:00:00;21,45;19,91;1,5399999999999991;39615;0;47418;10137;9260;0;9260;10137;-877;0;-877;-0,09470842332613391;-0,09470842332613391;;0,07179487179487176;2;3
2016-08-25;5;2016-08-25 05:00:00;23,3;20,62;2,68;39615;0;47418;10030;8781;2;8783;10030;-1249;2;-1247;-0,14197882272572013;-0,14223892495160004;1,0;0,11502145922746781;2;3
2016-08-25;6;2016-08-25 06:00:00;30,33;28,54;1,7899999999999991;39615;227;47418;9710;8392;282;8674;9937;-1318;55;-1263;-0,14560756283145032;-0,15705433746425168;0,1950354609929078;0,05901747444774148;2;3
2016-08-25;7;2016-08-25 07:00:00;34,2;32,85;1,3500000000000014;39615;2716;47418;8494;7854;2870;10724;11210;-640;154;-486;-0,04531891085415889;-0,08148714031066973;0,05365853658536585;0,039473684210526355;2;3
2016-08-25;8;2016-08-25 08:00:00;35,7;33,04;2,660000000000004;39615;8109;47418;5639;6456;8219;14675;13748;817;110;927;0,06316865417376491;0,12654894671623296;0,013383623311838424;0,07450980392156874;2;3
2016-08-25;9;2016-08-25 09:00:00;34,91;33,29;1,6199999999999974;39615;14382;47418;3826;4860;14427;19287;18208;1034;45;1079;0,0559444185202468;0,21275720164609052;0,0031191515907673115;0,04640504153537661;2;3
2016-08-25;10;2016-08-25 10:00:00;29,26;30,88;-1,6199999999999974;39615;19469;47418;3822;4291;19697;23988;23291;469;228;697;0,02905619476404869;0,10929853181076672;0,01157536680712799;-0,05536568694463422;2;3
2016-08-25;11;2016-08-25 11:00:00;27,78;26,22;1,5600000000000025;39615;23114;47418;3958;3797;23335;27132;27072;-161;221;60;0,0022114108801415304;-0,04240189623386884;0,00947075208913649;0,056155507559395336;2;3
2016-08-25;12;2016-08-25 12:00:00;26,81;24,49;2,3200000000000003;39615;24960;47418;3966;3522;25262;28784;28926;-444;302;-142;-0,004933296275708727;-0,1260647359454855;0,011954714591085425;0,08653487504662441;2;3
2016-08-25;13;2016-08-25 13:00:00;25,42;24,09;1,3300000000000018;39615;25225;47418;4222;3433;25635;29068;29447;-789;410;-379;-0,013038392734278243;-0,22982813865423826;0,015993758533255315;0,05232100708103862;2;3
2016-08-25;14;2016-08-25 14:00:00;24,98;23,11;1,870000000000001;39615;24024;47418;4522;3399;24483;27882;28546;-1123;459;-664;-0,023814647442794636;-0,3303912915563401;0,018747702487440263;0,0748598879103283;2;3
2016-08-25;15;2016-08-25 15:00:00;27,26;24,09;3,1700000000000017;39615;21389;47418;5026;3409;21687;25096;26415;-1617;298;-1319;-0,0525581766018489;-0,47433264887063653;0,013740950800018444;0,11628760088041092;2;3
2016-08-25;16;2016-08-25 16:00:00;30,17;26,38;3,7900000000000023;39615;17277;47418;5469;3427;17365;20792;22746;-2042;88;-1954;-0,09397845325125048;-0,5958564341990079;0,005067664843075151;0,1256214782896918;2;3
2016-08-25;17;2016-08-25 17:00:00;34,0;29,2;4,800000000000002;39615;11606;47418;5565;3592;11519;15111;17171;-1973;-87;-2060;-0,13632453179802792;-0,5492761692650334;-0,007552738953034118;0,14117647058823535;2;3
2016-08-25;18;2016-08-25 18:00:00;36,65;32,97;3,68;39615;5546;47418;5344;3998;5422;9420;10890;-1346;-124;-1470;-0,15605095541401273;-0,3366683341670835;-0,022869789745481373;0,1004092769440655;2;3
2016-08-25;19;2016-08-25 19:00:00;38,78;37,69;1,0900000000000034;39615;1298;47418;5415;4648;1284;5932;6713;-767;-14;-781;-0,13165879973027647;-0,1650172117039587;-0,010903426791277258;0,028107271789582347;2;3
2016-08-25;20;2016-08-25 20:00:00;37,96;37,17;0,7899999999999991;39615;62;47418;7360;5960;62;6022;7422;-1400;0;-1400;-0,23248090335436733;-0,2348993288590604;0,0;0,020811380400421475;2;3
2016-08-25;21;2016-08-25 21:00:00;34,16;31,82;2,3399999999999963;39615;0;47418;10014;7406;0;7406;10014;-2608;0;-2608;-0,35214690791250336;-0,35214690791250336;;0,06850117096018725;2;3
2016-08-25;22;2016-08-25 22:00:00;27,98;26,38;1,6000000000000014;39615;0;47418;11627;8515;0;8515;11627;-3112;0;-3112;-0,3654726952436876;-0,3654726952436876;;0,057183702644746294;2;3
2016-08-25;23;2016-08-25 23:00:00;24,26;23,46;0,8000000000000007;39615;0;47418;12046;9150;0;9150;12046;-2896;0;-2896;-0,3165027322404372;-0,3165027322404372;;0,03297609233305856;2;3
2016-08-26;0;2016-08-26 00:00:00;22,1;25,13;-3,0299999999999976;39618;0;47424;11702;11180;0;11180;11702;-522;0;-522;-0,04669051878354204;-0,04669051878354204;;-0,13710407239818992;2;4
2016-08-26;1;2016-08-26 01:00:00;20,34;24,66;-4,32;39618;0;47424;11394;10980;0;10980;11394;-414;0;-414;-0,03770491803278689;-0,03770491803278689;;-0,21238938053097348;2;4
2016-08-26;2;2016-08-26 02:00:00;20,31;24,38;-4,07;39618;0;47424;10926;10707;0;10707;10926;-219;0;-219;-0,020453908657887362;-0,020453908657887362;;-0,20039389463318566;2;4
2016-08-26;3;2016-08-26 03:00:00;20,23;22,96;-2,7300000000000004;39618;0;47424;10600;10417;0;10417;10600;-183;0;-183;-0,017567437841989057;-0,017567437841989057;;-0,13494809688581316;2;4
2016-08-26;4;2016-08-26 04:00:00;21,25;22,5;-1,25;39618;0;47424;10462;10199;0;10199;10462;-263;0;-263;-0,025786841847239925;-0,025786841847239925;;-0,058823529411764705;2;4
2016-08-26;5;2016-08-26 05:00:00;23,1;24,94;-1,84;39618;0;47424;10534;9970;2;9972;10534;-564;2;-562;-0,056357801845166464;-0,05656970912738215;1,0;-0,07965367965367966;2;4
2016-08-26;6;2016-08-26 06:00:00;29,0;29,67;-0,6700000000000017;39618;208;47424;10544;9699;258;9957;10752;-845;50;-795;-0,07984332630310334;-0,08712238375090216;0,1937984496124031;-0,023103448275862127;2;4
2016-08-26;7;2016-08-26 07:00:00;34,47;30,63;3,84;39618;2600;47424;9225;9077;2756;11833;11825;-148;156;8;0,0006760753824051382;-0,01630494656824942;0,05660377358490566;0,1114012184508268;2;4
2016-08-26;8;2016-08-26 08:00:00;35,9;34,82;1,0799999999999983;39618;7986;47424;6626;7640;8070;15710;14612;1014;84;1098;0,06989178866963718;0,13272251308900523;0,010408921933085501;0,03008356545960998;2;4
2016-08-26;9;2016-08-26 09:00:00;34,92;35,9;-0,9799999999999968;39618;13976;47424;4257;5694;14253;19947;18233;1437;277;1714;0,08592770842733242;0,2523709167544784;0,019434505016487757;-0,02806414662084756;2;4
2016-08-26;10;2016-08-26 10:00:00;32,55;34,63;-2,0800000000000054;39618;18944;47424;3529;4224;19534;23758;22473;695;590;1285;0,0540870443640037;0,16453598484848486;0,030203747312378418;-0,06390168970814149;2;4
2016-08-26;11;2016-08-26 11:00:00;28,87;31,76;-2,890000000000001;39618;22356;47424;3420;3594;23173;26767;25776;174;817;991;0,037023200209212834;0,048414023372287146;0,035256548569455835;-0,10010391409767928;2;4
2016-08-26;12;2016-08-26 12:00:00;26,67;29,79;-3,119999999999997;39618;24150;47424;3222;3422;25096;28518;27372;200;946;1146;0,04018514622343783;0,058445353594389245;0,03769525023908193;-0,11698537682789639;2;4
2016-08-26;13;2016-08-26 13:00:00;25,13;28,73;-3,6000000000000014;39618;24340;47424;2989;3404;25400;28804;27329;415;1060;1475;0,05120816553256492;0,12191539365452408;0,04173228346456693;-0,14325507361719067;2;4
2016-08-26;14;2016-08-26 14:00:00;24,49;27,81;-3,3200000000000003;39618;23017;47424;3304;3478;24159;27637;26321;174;1142;1316;0,047617324601078266;0,050028752156411734;0,04727016846723788;-0,13556553695385873;2;4
2016-08-26;15;2016-08-26 15:00:00;26,68;27,9;-1,2199999999999989;39618;20333;47424;3278;3601;21253;24854;23611;323;920;1243;0,05001207049167136;0,0896973063038045;0,0432880063990966;-0,04572713643178407;2;4
2016-08-26;16;2016-08-26 16:00:00;29,73;30,2;-0,4699999999999989;39618;16248;47424;3067;3636;16855;20491;19315;569;607;1176;0,05739104972914938;0,15649064906490648;0,036013052506674574;-0,015808947191389134;2;4
2016-08-26;17;2016-08-26 17:00:00;34,92;35,89;-0,9699999999999988;39618;10846;47424;2819;3628;11063;14691;13665;809;217;1026;0,06983867674086175;0,22298787210584345;0,019614932658410918;-0,02777777777777774;2;4
2016-08-26;18;2016-08-26 18:00:00;38,45;38,37;0,0800000000000054;39618;5096;47424;2608;3725;5181;8906;7704;1117;85;1202;0,13496519200538962;0,2998657718120805;0,01640609920864698;0,0020806241872563173;2;4
2016-08-26;19;2016-08-26 19:00:00;41,99;39,14;2,8500000000000014;39618;1161;47424;2542;4161;1196;5357;3703;1619;35;1654;0,30875490013067014;0,38908916125931264;0,029264214046822744;0,06787330316742085;2;4
2016-08-26;20;2016-08-26 20:00:00;39,01;37,95;1,0599999999999952;39618;51;47424;3192;4998;48;5046;3243;1806;-3;1803;0,3573127229488704;0,36134453781512604;-0,0625;0,027172519866700724;2;4
2016-08-26;21;2016-08-26 21:00:00;37,06;36,35;0,7100000000000009;39618;0;47424;3958;5503;0;5503;3958;1545;0;1545;0,2807559512992913;0,2807559512992913;;0,019158121964382106;2;4
2016-08-26;22;2016-08-26 22:00:00;32,09;31,71;0,38000000000000256;39618;0;47424;4161;5609;0;5609;4161;1448;0;1448;0,2581565341415582;0,2581565341415582;;0,01184169523215963;2;4
2016-08-26;23;2016-08-26 23:00:00;27,22;28,4;-1,1799999999999995;39618;0;47424;4170;5303;0;5303;4170;1133;0;1133;0,2136526494437111;0,2136526494437111;;-0,04335047759000733;2;4
2016-08-27;0;2016-08-27 00:00:00;25,93;26,37;-0,4400000000000013;39619;0;47424;3746;4522;0;4522;3746;776;0;776;0,17160548429898276;0,17160548429898276;;-0,016968762051677643;2;5
2016-08-27;1;2016-08-27 01:00:00;24,05;25,14;-1,09;39619;0;47424;3394;4092;0;4092;3394;698;0;698;0,1705767350928641;0,1705767350928641;;-0,045322245322245325;2;5
2016-08-27;2;2016-08-27 02:00:00;23,0;23,25;-0,25;39619;0;47424;3102;3715;0;3715;3102;613;0;613;0,16500672947510095;0,16500672947510095;;-0,010869565217391304;2;5
2016-08-27;3;2016-08-27 03:00:00;23,07;25,27;-2,1999999999999997;39619;0;47424;2950;3354;0;3354;2950;404;0;404;0,12045319022063208;0,12045319022063208;;-0,09536194191590809;2;5
2016-08-27;4;2016-08-27 04:00:00;23,28;23,97;-0,6899999999999977;39619;0;47424;2707;3056;0;3056;2707;349;0;349;0,11420157068062828;0,11420157068062828;;-0,02963917525773186;2;5
2016-08-27;5;2016-08-27 05:00:00;23,18;21,97;1,2100000000000009;39619;0;47424;2584;2782;2;2784;2584;198;2;200;0,07183908045977011;0,07117181883537024;1,0;0,052200172562553965;2;5
2016-08-27;6;2016-08-27 06:00:00;25,28;22,84;2,4400000000000013;39619;181;47424;2581;2488;224;2712;2762;-93;43;-50;-0,018436578171091445;-0,03737942122186495;0,19196428571428573;0,0965189873417722;2;5
2016-08-27;7;2016-08-27 07:00:00;26,84;25,91;0,9299999999999996;39619;2430;47424;2252;2092;2460;4552;4682;-160;30;-130;-0,028558875219683654;-0,07648183556405354;0,012195121951219513;0,03464977645305513;2;5
2016-08-27;8;2016-08-27 08:00:00;29,5;29,26;0,23999999999999844;39619;7388;47424;1377;1653;7427;9080;8765;276;39;315;0,034691629955947136;0,16696914700544466;0,005251110811902518;0,00813559322033893;2;5
2016-08-27;9;2016-08-27 09:00:00;29,56;28,82;0,7399999999999984;39619;13284;47424;839;1197;13282;14479;14123;358;-2;356;0,02458733337937703;0,29908103592314117;-0,0001505797319680771;0,025033829499323357;2;5
2016-08-27;10;2016-08-27 10:00:00;25,14;25,4;-0,259999999999998;39619;18226;47424;636;854;18445;19299;18862;218;219;437;0,022643660293279445;0,25526932084309134;0,01187313635131472;-0,010342084327764439;2;5
2016-08-27;11;2016-08-27 11:00:00;23,02;23,2;-0,17999999999999972;39619;21718;47424;635;720;22149;22869;22353;85;431;516;0,022563295290568018;0,11805555555555555;0,01945911779312836;-0,00781928757602084;2;5
2016-08-27;12;2016-08-27 12:00:00;21,93;21,11;0,8200000000000003;39619;23641;47424;739;743;24217;24960;24380;4;576;580;0,023237179487179488;0,005383580080753701;0,023784944460502954;0,03739170086639308;2;5
2016-08-27;13;2016-08-27 13:00:00;20,03;20,06;-0,02999999999999758;39619;23914;47424;864;837;24619;25456;24778;-27;705;678;0,02663419233186675;-0,03225806451612903;0,028636419025955564;-0,0014977533699449615;2;5
2016-08-27;14;2016-08-27 14:00:00;19,96;19,65;0,3100000000000023;39619;22769;47424;1038;993;23474;24467;23807;-45;705;660;0,026975109330935547;-0,045317220543806644;0,03003322825253472;0,01553106212424861;2;5
2016-08-27;15;2016-08-27 15:00:00;20,76;20,32;0,4400000000000013;39619;20001;47424;1374;1248;20648;21896;21375;-126;647;521;0,02379430032882718;-0,10096153846153846;0,03133475397132894;0,021194605009633972;2;5
2016-08-27;16;2016-08-27 16:00:00;23,03;21,06;1,9700000000000024;39619;15882;47424;1936;1556;16272;17828;17818;-380;390;10;0,0005609154139555755;-0,2442159383033419;0,02396755162241888;0,08554059921841087;2;5
2016-08-27;17;2016-08-27 17:00:00;28,41;24,47;3,940000000000001;39619;10353;47424;2776;1976;10552;12528;13129;-800;199;-601;-0,04797254150702426;-0,4048582995951417;0,01885898407884761;0,138683562126012;2;5
2016-08-27;18;2016-08-27 18:00:00;34,94;32,28;2,6599999999999966;39619;4715;47424;3199;2585;4805;7390;7914;-614;90;-524;-0,07090663058186739;-0,23752417794970987;0,018730489073881373;0,07613050944476235;2;5
2016-08-27;19;2016-08-27 19:00:00;35,36;32,63;2,729999999999997;39619;1056;47424;4030;3375;1068;4443;5086;-655;12;-643;-0,1447220346612649;-0,19407407407407407;0,011235955056179775;0,07720588235294108;2;5
2016-08-27;20;2016-08-27 20:00:00;34,95;32,27;2,68;39619;37;47424;5870;4352;43;4395;5907;-1518;6;-1512;-0,3440273037542662;-0,34880514705882354;0,13953488372093023;0,07668097281831188;2;5
2016-08-27;21;2016-08-27 21:00:00;33,61;29,72;3,890000000000001;39619;0;47424;7933;5378;0;5378;7933;-2555;0;-2555;-0,4750836742283377;-0,4750836742283377;;0,11573936328473672;2;5
2016-08-27;22;2016-08-27 22:00:00;29,92;25,93;3,990000000000002;39619;0;47424;9571;6259;0;6259;9571;-3312;0;-3312;-0,5291580124620546;-0,5291580124620546;;0,1333556149732621;2;5
2016-08-27;23;2016-08-27 23:00:00;24,73;23,15;1,5800000000000018;39619;0;47424;11003;6891;0;6891;11003;-4112;0;-4112;-0,5967203598897112;-0,5967203598897112;;0,06389001213101504;2;5
2016-08-28;0;2016-08-28 00:00:00;23,14;23,71;-0,5700000000000003;39619;0;47424;11104;9540;0;9540;11104;-1564;0;-1564;-0,1639412997903564;-0,1639412997903564;;-0,024632670700086443;2;6
2016-08-28;1;2016-08-28 01:00:00;20,98;20,12;0,8599999999999994;39619;0;47424;10186;9642;0;9642;10186;-544;0;-544;-0,056419829910806886;-0,056419829910806886;;0,040991420400381284;2;6
2016-08-28;2;2016-08-28 02:00:00;21,01;22,3;-1,2899999999999991;39619;0;47424;8349;9747;0;9747;8349;1398;0;1398;0,14342874730686364;0,14342874730686364;;-0,061399333650642506;2;6
2016-08-28;3;2016-08-28 03:00:00;21,29;20,93;0,35999999999999943;39619;0;47424;7564;9421;0;9421;7564;1857;0;1857;0,19711283303258678;0,19711283303258678;;0,016909347111319844;2;6
2016-08-28;4;2016-08-28 04:00:00;19,85;23,59;-3,7399999999999984;39619;0;47424;8143;8933;0;8933;8143;790;0;790;0,08843613567670436;0,08843613567670436;;-0,18841309823677574;2;6
2016-08-28;5;2016-08-28 05:00:00;19,83;22,51;-2,6800000000000037;39619;0;47424;8310;8646;1;8647;8310;336;1;337;0,03897305423846421;0,0388619014573213;1,0;-0,1351487644982352;2;6
2016-08-28;6;2016-08-28 06:00:00;20,48;22,01;-1,5300000000000011;39619;170;47424;8657;8443;216;8659;8827;-214;46;-168;-0,019401778496362168;-0,02534644083856449;0,21296296296296297;-0,07470703125000006;2;6
2016-08-28;7;2016-08-28 07:00:00;20,18;20,55;-0,37000000000000105;39619;2345;47424;7682;8116;2542;10658;10027;434;197;631;0,05920435353724902;0,053474618038442584;0,07749803304484658;-0,01833498513379589;2;6
2016-08-28;8;2016-08-28 08:00:00;22,07;24,43;-2,3599999999999994;39619;6610;47424;7252;7294;7458;14752;13862;42;848;890;0,06033080260303687;0,005758157389635317;0,11370340573880397;-0,10693248753964656;2;6
2016-08-28;9;2016-08-28 09:00:00;23,19;25,4;-2,2099999999999973;39619;11715;47424;6157;6131;13229;19360;17872;-26;1514;1488;0,0768595041322314;-0,004240743761213505;0,11444553632171744;-0,09529969814575236;2;6
2016-08-28;10;2016-08-28 10:00:00;20,07;24,04;-3,969999999999999;39619;16547;47424;4952;5140;18225;23365;21499;188;1678;1866;0,07986304301305372;0,036575875486381325;0,0920713305898491;-0,19780767314399594;2;6
2016-08-28;11;2016-08-28 11:00:00;20,09;21,83;-1,7399999999999984;39619;19971;47424;4338;4500;21588;26088;24309;162;1617;1779;0,06819227230910764;0,036;0,07490272373540856;-0,08661025385764054;2;6
2016-08-28;12;2016-08-28 12:00:00;13,38;13,05;0,3300000000000001;39619;21820;47424;5151;4429;23148;27577;26971;-722;1328;606;0,02197483410088117;-0,1630164822759088;0,05736996716778987;0,024663677130044852;2;6
2016-08-28;13;2016-08-28 13:00:00;10,05;9,33;0,7200000000000006;39619;21762;47424;6127;4701;22847;27548;27889;-1426;1085;-341;-0,012378394075794975;-0,30333971495426504;0,04748982360922659;0,07164179104477618;2;6
2016-08-28;14;2016-08-28 14:00:00;8,99;9,05;-0,0600000000000005;39619;20170;47424;7810;5377;20956;26333;27980;-2433;786;-1647;-0,06254509550753808;-0,45248279709875394;0,03750715785455239;-0,006674082313681924;2;6
2016-08-28;15;2016-08-28 15:00:00;13,51;12,99;0,5199999999999996;39619;16559;47424;9312;6381;17713;24094;25871;-2931;1154;-1777;-0,07375280152735121;-0,459332393041843;0,06514988991136453;0,03849000740192447;2;6
2016-08-28;16;2016-08-28 16:00:00;18,15;17,4;0,75;39619;12594;47424;10568;7442;13365;20807;23162;-3126;771;-2355;-0,11318306339212765;-0,42004837409298573;0,05768799102132435;0,04132231404958678;2;6
2016-08-28;17;2016-08-28 17:00:00;22,26;20,97;1,2900000000000027;39619;7980;47424;11495;8511;8410;16921;19475;-2984;430;-2554;-0,15093670586844748;-0,3506050992832805;0,05112960760998811;0,05795148247978448;2;6
2016-08-28;18;2016-08-28 18:00:00;29,01;29,0;0,010000000000001565;39619;3488;47424;12166;9311;3887;13198;15654;-2855;399;-2456;-0,1860888013335354;-0,306626570722801;0,10264985850270131;0,00034470872113069855;2;6
2016-08-28;19;2016-08-28 19:00:00;32,95;31,91;1,0400000000000027;39619;745;47424;12640;10044;877;10921;13385;-2596;132;-2464;-0,22562036443549124;-0,25846276383910793;0,15051311288483465;0,03156297420333847;2;6
2016-08-28;20;2016-08-28 20:00:00;33,92;31,89;2,0300000000000007;39619;32;47424;13685;10730;27;10757;13717;-2955;-5;-2960;-0,275169656967556;-0,27539608574091334;-0,18518518518518517;0,059846698113207565;2;6
2016-08-28;21;2016-08-28 21:00:00;33,25;28,11;5,1400000000000015;39619;0;47424;13678;11135;0;11135;13678;-2543;0;-2543;-0,228378985181859;-0,228378985181859;;0,15458646616541358;2;6
2016-08-28;22;2016-08-28 22:00:00;29,97;27,14;2,8299999999999983;39619;0;47424;11486;11566;0;11566;11486;80;0;80;0,006916825177243645;0,006916825177243645;;0,09442776109442771;2;6
2016-08-28;23;2016-08-28 23:00:00;23,3;24,55;-1,25;39619;0;47424;10658;11839;0;11839;10658;1181;0;1181;0,09975504687895938;0,09975504687895938;;-0,0536480686695279;2;6
2016-08-29;0;2016-08-29 00:00:00;22,16;28,65;-6,4899999999999975;39628;0;47453;9752;12045;0;12045;9752;2293;0;2293;0,19036944790369448;0,19036944790369448;;-0,2928700361010829;2;0
2016-08-29;1;2016-08-29 01:00:00;23,02;29,63;-6,6099999999999985;39628;0;47453;9544;11349;0;11349;9544;1805;0;1805;0,15904484976649924;0,15904484976649924;;-0,287141615986099;2;0
2016-08-29;2;2016-08-29 02:00:00;22,09;26,49;-4,399999999999999;39628;0;47453;9791;10766;0;10766;9791;975;0;975;0,09056288315065948;0,09056288315065948;;-0,1991851516523313;2;0
2016-08-29;3;2016-08-29 03:00:00;22,09;24,84;-2,75;39628;0;47453;9591;10320;0;10320;9591;729;0;729;0,07063953488372093;0,07063953488372093;;-0,12449071978270711;2;0
2016-08-29;4;2016-08-29 04:00:00;22,61;24,46;-1,8500000000000012;39628;0;47453;9589;10095;0;10095;9589;506;0;506;0,05012382367508668;0,05012382367508668;;-0,08182220256523667;2;0
2016-08-29;5;2016-08-29 05:00:00;24,52;27,0;-2,4800000000000004;39628;0;47453;9744;10135;1;10136;9744;391;1;392;0,03867403314917127;0,03857918105574741;1,0;-0,10114192495921699;2;0
2016-08-29;6;2016-08-29 06:00:00;34,95;35,84;-0,8900000000000006;39628;94;47453;9578;10302;145;10447;9672;724;51;775;0,07418397626112759;0,0702776159968938;0,35172413793103446;-0,025464949928469257;2;0
2016-08-29;7;2016-08-29 07:00:00;40,26;41,35;-1,0900000000000034;39628;1347;47453;9656;10499;1642;12141;11003;843;295;1138;0,09373198253850588;0,08029336127250214;0,17965895249695493;-0,027074018877297653;2;0
2016-08-29;8;2016-08-29 08:00:00;41,69;42,25;-0,5600000000000023;39628;4104;47453;9512;10869;4629;15498;13616;1357;525;1882;0,12143502387404827;0,12485049222559573;0,11341542449773169;-0,013432477812425098;2;0
2016-08-29;9;2016-08-29 09:00:00;35,32;42,21;-6,8900000000000015;39628;7630;47453;10394;11621;8131;19752;18024;1227;501;1728;0,08748481166464156;0,10558471732208932;0,06161603738777518;-0,19507361268403176;2;0
2016-08-29;10;2016-08-29 10:00:00;30,98;41,61;-10,63;39628;10482;47453;11282;12407;11456;23863;21764;1125;974;2099;0,08796044084985123;0,0906746191665995;0,0850209497206704;-0,34312459651387994;2;0
2016-08-29;11;2016-08-29 11:00:00;28,96;41,26;-12,299999999999995;39628;11806;47453;12163;12957;13951;26908;23969;794;2145;2939;0,10922402259551063;0,06127961719533843;0,15375241918142069;-0,42472375690607717;2;0
2016-08-29;12;2016-08-29 12:00:00;26,33;41,9;-15,57;39628;12565;47453;12078;13321;15333;28654;24643;1243;2768;4011;0,13998045648077057;0,09331131296449216;0,18052566360138264;-0,5913406760349412;2;0
2016-08-29;13;2016-08-29 13:00:00;24,95;42,14;-17,19;39628;13067;47453;12165;13606;15680;29286;25232;1441;2613;4054;0,13842791777641195;0,1059091577245333;0,1666454081632653;-0,6889779559118238;2;0
2016-08-29;14;2016-08-29 14:00:00;22,98;39,58;-16,599999999999998;39628;13406;47453;12099;13724;15240;28964;25505;1625;1834;3459;0,11942411269161718;0,11840571262022734;0,12034120734908137;-0,7223672758920799;2;0
2016-08-29;15;2016-08-29 15:00:00;23,02;35,19;-12,169999999999998;39628;12780;47453;11933;13689;13667;27356;24713;1756;887;2643;0,09661500219330312;0,12827817956023085;0,06490085607668106;-0,5286707211120764;2;0
2016-08-29;16;2016-08-29 16:00:00;22,99;35,1;-12,110000000000005;39628;10793;47453;11820;13471;11013;24484;22613;1651;220;1871;0,07641725208299298;0,12255957241481702;0,01997639153727413;-0,5267507612005222;2;0
2016-08-29;17;2016-08-29 17:00:00;30,0;37,46;-7,460000000000001;39628;7327;47453;11247;12803;7456;20259;18574;1556;129;1685;0,08317291080507429;0,12153401546512536;0,017301502145922746;-0,2486666666666667;2;0
2016-08-29;18;2016-08-29 18:00:00;34,01;39,08;-5,07;39628;3577;47453;10022;11554;3648;15202;13599;1532;71;1603;0,10544665175634785;0,13259477237320408;0,019462719298245616;-0,14907380182299326;2;0
2016-08-29;19;2016-08-29 19:00:00;36,64;41,74;-5,100000000000001;39628;807;47453;7995;10139;818;10957;8802;2144;11;2155;0,1966779227890846;0,2114606963211362;0,013447432762836185;-0,1391921397379913;2;0
2016-08-29;20;2016-08-29 20:00:00;37,55;40,73;-3,18;39628;24;47453;6879;9267;22;9289;6903;2388;-2;2386;0,25686295618473465;0,25768857235351245;-0,09090909090909091;-0,08468708388814915;2;0
2016-08-29;21;2016-08-29 21:00:00;34,09;37,27;-3,18;39628;0;47453;6580;8494;0;8494;6580;1914;0;1914;0,22533553096303272;0,22533553096303272;;-0,09328248753300088;2;0
2016-08-29;22;2016-08-29 22:00:00;29,29;32,15;-2,8599999999999994;39628;0;47453;6284;7673;0;7673;6284;1389;0;1389;0,18102437117164083;0,18102437117164083;;-0,097644247183339;2;0
2016-08-29;23;2016-08-29 23:00:00;24,19;25,54;-1,349999999999998;39628;0;47453;6269;7052;0;7052;6269;783;0;783;0,1110323312535451;0,1110323312535451;;-0,05580818520049599;2;0
2016-08-30;0;2016-08-30 00:00:00;24,85;23,51;1,34;39637;0;47460;6167;6045;0;6045;6167;-122;0;-122;-0,020181968569065345;-0,020181968569065345;;0,05392354124748491;2;1
2016-08-30;1;2016-08-30 01:00:00;24,15;23,72;0,4299999999999997;39637;0;47460;5925;5830;0;5830;5925;-95;0;-95;-0,016295025728987993;-0,016295025728987993;;0,017805383022774315;2;1
2016-08-30;2;2016-08-30 02:00:00;23,74;22,5;1,2399999999999984;39637;0;47460;5636;5693;0;5693;5636;57;0;57;0,010012295801861935;0,010012295801861935;;0,052232518955349555;2;1
2016-08-30;3;2016-08-30 03:00:00;23,35;22,3;1,0500000000000007;39637;0;47460;5760;5537;0;5537;5760;-223;0;-223;-0,04027451688640058;-0,04027451688640058;;0,04496788008565313;2;1
2016-08-30;4;2016-08-30 04:00:00;22,74;22,99;-0,25;39637;0;47460;5984;5405;0;5405;5984;-579;0;-579;-0,10712303422756707;-0,10712303422756707;;-0,010993843447669306;2;1
2016-08-30;5;2016-08-30 05:00:00;24,14;24,45;-0,3099999999999987;39637;0;47460;6170;5127;0;5127;6170;-1043;0;-1043;-0,20343280670957675;-0,20343280670957675;;-0,012841756420878156;2;1
2016-08-30;6;2016-08-30 06:00:00;32,65;34,16;-1,509999999999998;39637;128;47460;6061;4764;178;4942;6189;-1297;50;-1247;-0,25232699312019424;-0,27225020990764065;0,2808988764044944;-0,04624808575803976;2;1
2016-08-30;7;2016-08-30 07:00:00;40,59;39,71;0,8800000000000026;39637;2172;47460;5537;4270;2260;6530;7709;-1267;88;-1179;-0,18055130168453293;-0,2967213114754098;0,03893805309734513;0,021680216802168084;2;1
2016-08-30;8;2016-08-30 08:00:00;43,82;41,53;2,289999999999999;39637;6954;47460;4004;3448;7139;10587;10958;-556;185;-371;-0,03504297723623312;-0,16125290023201855;0,02591399355652052;0,05225924235508898;2;1
2016-08-30;9;2016-08-30 09:00:00;38,03;36,88;1,1499999999999986;39637;12668;47460;3233;3059;12901;15960;15901;-174;233;59;0,0036967418546365914;-0,05688133376920562;0,01806061545616619;0,03023928477517745;2;1
2016-08-30;10;2016-08-30 10:00:00;32,0;32,34;-0,3400000000000034;39637;17621;47460;3376;3505;17711;21216;20997;129;90;219;0,010322398190045249;0,03680456490727532;0,005081587713850149;-0,010625000000000107;2;1
2016-08-30;11;2016-08-30 11:00:00;30,06;30,36;-0,3000000000000007;39637;20876;47460;3250;3568;20897;24465;24126;318;21;339;0,013856529736358062;0,08912556053811659;0,0010049289371680146;-0,009980039920159705;2;1
2016-08-30;12;2016-08-30 12:00:00;27,07;26,28;0,7899999999999991;39637;22582;47460;3212;3461;22423;25884;25794;249;-159;90;0,0034770514603616135;0,07194452470384281;-0,007090933416581189;0,02918359807905427;2;1
2016-08-30;13;2016-08-30 13:00:00;26,97;26,87;0,09999999999999787;39637;22550;47460;3295;3341;22490;25831;25845;46;-60;-14;-0,0005419844373040145;0,013768332834480694;-0,0026678523788350376;0,0037078235076009594;2;1
2016-08-30;14;2016-08-30 14:00:00;26,86;26,31;0,5500000000000007;39637;21720;47460;3372;3213;21339;24552;25092;-159;-381;-540;-0,021994134897360705;-0,04948646125116713;-0,017854632363278503;0,020476545048399134;2;1
2016-08-30;15;2016-08-30 15:00:00;28,96;27,35;1,6099999999999994;39637;19342;47460;3012;3064;18756;21820;22354;52;-586;-534;-0,02447296058661778;0,016971279373368148;-0,031243335465984217;0,05559392265193368;2;1
2016-08-30;16;2016-08-30 16:00:00;33,33;30,69;2,639999999999997;39637;15713;47460;2538;2803;15070;17873;18251;265;-643;-378;-0,021149219493090135;0,09454156261148769;-0,04266755142667551;0,07920792079207913;2;1
2016-08-30;17;2016-08-30 17:00:00;37,77;34,32;3,450000000000003;39637;10495;47460;2228;2466;9828;12294;12723;238;-667;-429;-0,03489507076622743;0,09651257096512571;-0,06786731786731787;0,09134233518665615;2;1
2016-08-30;18;2016-08-30 18:00:00;40,6;38,48;2,1200000000000045;39637;4822;47460;1771;2116;4403;6519;6593;345;-419;-74;-0,011351434269059671;0,16304347826086957;-0,09516238928003634;0,052216748768473015;2;1
2016-08-30;19;2016-08-30 19:00:00;43,71;39,92;3,7899999999999987;39637;947;47460;1464;1865;873;2738;2411;401;-74;327;0,11943024105186267;0,21501340482573728;-0,08476517754868271;0,08670784717455957;2;1
2016-08-30;20;2016-08-30 20:00:00;44,83;38,98;5,850000000000001;39637;27;47460;1922;1971;22;1993;1949;49;-5;44;0,02207727044656297;0,024860476915271434;-0,22727272727272727;0,13049297345527552;2;1
2016-08-30;21;2016-08-30 21:00:00;40,83;37,96;2,869999999999997;39637;0;47460;2519;2231;0;2231;2519;-288;0;-288;-0,12909009412819364;-0,12909009412819364;;0,07029145236345817;2;1
2016-08-30;22;2016-08-30 22:00:00;32,96;29,87;3,09;39637;0;47460;2888;2484;0;2484;2888;-404;0;-404;-0,16264090177133655;-0,16264090177133655;;0,09375;2;1
2016-08-30;23;2016-08-30 23:00:00;26,64;25,83;0,8100000000000023;39637;0;47460;3039;2659;0;2659;3039;-380;0;-380;-0,1429108687476495;-0,1429108687476495;;0,03040540540540549;2;1
2016-08-31;0;2016-08-31 00:00:00;25,6;22,85;2,75;39648;0;47468;3156;3138;0;3138;3156;-18;0;-18;-0,0057361376673040155;-0,0057361376673040155;;0,107421875;2;2
2016-08-31;1;2016-08-31 01:00:00;24,02;23,18;0,8399999999999999;39648;0;47468;3222;3371;0;3371;3222;149;0;149;0,04420053396618214;0,04420053396618214;;0,03497085761865112;2;2
2016-08-31;2;2016-08-31 02:00:00;23,48;22,76;0,7199999999999989;39648;0;47468;3250;3562;0;3562;3250;312;0;312;0,08759124087591241;0,08759124087591241;;0,030664395229982915;2;2
2016-08-31;3;2016-08-31 03:00:00;22,77;22,85;-0,08000000000000185;39648;0;47468;3395;3677;0;3677;3395;282;0;282;0,07669295621430514;0,07669295621430514;;-0,003513394817742725;2;2
2016-08-31;4;2016-08-31 04:00:00;22,79;23,5;-0,7100000000000009;39648;0;47468;3394;3787;0;3787;3394;393;0;393;0,10377607604964352;0,10377607604964352;;-0,031154014918824083;2;2
2016-08-31;5;2016-08-31 05:00:00;25,34;25,09;0,25;39648;0;47468;3383;3891;0;3891;3383;508;0;508;0,13055769725006425;0,13055769725006425;;0,009865824782951855;2;2
2016-08-31;6;2016-08-31 06:00:00;32,98;33,48;-0,5;39648;126;47468;3528;3999;173;4172;3654;471;47;518;0,12416107382550336;0,1177794448612153;0,27167630057803466;-0,01516070345664039;2;2
2016-08-31;7;2016-08-31 07:00:00;40,46;40,11;0,3500000000000014;39648;2300;47468;3668;4056;2326;6382;5968;388;26;414;0,06486994672516452;0,09566074950690336;0,01117798796216681;0,008650519031141904;2;2
2016-08-31;8;2016-08-31 08:00:00;42,04;42,34;-0,30000000000000426;39648;7483;47468;2968;3675;7523;11198;10451;707;40;747;0,06670834077513842;0,19238095238095237;0,005317027781470158;-0,0071360608943864005;2;2
2016-08-31;9;2016-08-31 09:00:00;36,13;33,17;2,9600000000000013;39648;13598;47468;1649;2818;13768;16586;15247;1169;170;1339;0,08073073676594718;0,414833215046132;0,012347472399767577;0,08192637697204543;2;2
2016-08-31;10;2016-08-31 10:00:00;29,59;28,66;0,9299999999999996;39648;18670;47468;1387;2229;19105;21334;20057;842;435;1277;0,05985750445298584;0,3777478689995514;0,022768908662653756;0,03142953700574517;2;2
2016-08-31;11;2016-08-31 11:00:00;28,19;29,04;-0,8499999999999979;39648;22344;47468;1982;2081;22699;24780;24326;99;355;454;0,018321226795803065;0,04757328207592504;0,01563945548262038;-0,030152536360411417;2;2
2016-08-31;12;2016-08-31 12:00:00;26,78;27,18;-0,3999999999999986;39648;24361;47468;2218;1995;24403;26398;26579;-223;42;-181;-0,006856580043942723;-0,11177944862155388;0,0017210998647707249;-0,01493651979088867;2;2
2016-08-31;13;2016-08-31 13:00:00;27,06;26,26;0,7999999999999972;39648;24667;47468;2336;1882;24454;26336;27003;-454;-213;-667;-0,02532654921020656;-0,2412327311370882;-0,00871023145497669;0,02956393200295629;2;2
2016-08-31;14;2016-08-31 14:00:00;26,91;25,66;1,25;39648;23215;47468;2341;1801;22972;24773;25556;-540;-243;-783;-0,03160699148266258;-0,29983342587451417;-0,010578095072261885;0,046451133407655144;2;2
2016-08-31;15;2016-08-31 15:00:00;27,05;25,89;1,16;39648;20364;47468;2424;1825;20016;21841;22788;-599;-348;-947;-0,043358820566823865;-0,32821917808219175;-0,01738609112709832;0,042883548983364134;2;2
2016-08-31;16;2016-08-31 16:00:00;30,79;28,54;2,25;39648;15886;47468;2250;1870;15628;17498;18136;-380;-258;-638;-0,03646130986398446;-0,20320855614973263;-0,016508830304581522;0,07307567392010393;2;2
2016-08-31;17;2016-08-31 17:00:00;35,94;34,42;1,5199999999999958;39648;10163;47468;2142;1971;9830;11801;12305;-171;-333;-504;-0,04270824506397763;-0,0867579908675799;-0,03387589013224822;0,04229271007234268;2;2
2016-08-31;18;2016-08-31 18:00:00;38,96;38,43;0,5300000000000011;39648;4433;47468;2069;2207;4208;6415;6502;138;-225;-87;-0,013561964146531567;0,06252831898504757;-0,05346958174904943;0,013603696098562656;2;2
2016-08-31;19;2016-08-31 19:00:00;40,94;41,92;-0,980000000000004;39648;842;47468;1777;2613;796;3409;2619;836;-46;790;0,23173951305368143;0,3199387676999617;-0,05778894472361809;-0,023937469467513534;2;2
2016-08-31;20;2016-08-31 20:00:00;39,61;40,24;-0,6300000000000026;39648;14;47468;2068;3369;18;3387;2082;1301;4;1305;0,3852967227635075;0,38616800237459187;0,2222222222222222;-0,015905074476142454;2;2
2016-08-31;21;2016-08-31 21:00:00;35,96;36,18;-0,21999999999999886;39648;0;47468;2642;4216;0;4216;2642;1574;0;1574;0,3733396584440228;0,3733396584440228;;-0,006117908787541681;2;2
2016-08-31;22;2016-08-31 22:00:00;28,38;32,84;-4,460000000000004;39648;0;47468;2988;4891;0;4891;2988;1903;0;1903;0,3890819873236557;0,3890819873236557;;-0,15715292459478522;2;2
2016-08-31;23;2016-08-31 23:00:00;24,2;27,43;-3,2300000000000004;39648;0;47468;3374;5180;0;5180;3374;1806;0;1806;0,34864864864864864;0,34864864864864864;;-0,1334710743801653;2;2
2016-09-01;0;2016-09-01 00:00:00;24,34;28,12;-3,780000000000001;39656;0;47499;3246;5202;0;5202;3246;1956;0;1956;0,3760092272202999;0,3760092272202999;;-0,15529991783073135;2;3
2016-09-01;1;2016-09-01 01:00:00;23,73;25,94;-2,210000000000001;39656;0;47499;1664;5341;0;5341;1664;3677;0;3677;0,6884478562067029;0,6884478562067029;;-0,09313105773282768;2;3
2016-09-01;2;2016-09-01 02:00:00;23,37;26,03;-2,66;39656;0;47499;1628;5253;0;5253;1628;3625;0;3625;0,6900818579859128;0,6900818579859128;;-0,11382113821138211;2;3
2016-09-01;3;2016-09-01 03:00:00;22,98;25,36;-2,379999999999999;39656;0;47499;1562;4886;0;4886;1562;3324;0;3324;0,6803110929185427;0,6803110929185427;;-0,103568320278503;2;3
2016-09-01;4;2016-09-01 04:00:00;23,59;24,33;-0,7399999999999984;39656;0;47499;2171;4652;0;4652;2171;2481;0;2481;0,5333190025795357;0,5333190025795357;;-0,03136922424756246;2;3
2016-09-01;5;2016-09-01 05:00:00;25,1;26,27;-1,1699999999999982;39656;0;47499;2703;4491;0;4491;2703;1788;0;1788;0,3981295925183701;0,3981295925183701;;-0,04661354581673299;2;3
2016-09-01;6;2016-09-01 06:00:00;32,95;34,69;-1,7399999999999949;39656;101;47499;2595;4318;140;4458;2696;1723;39;1762;0,3952445042620009;0,3990273274664196;0,2785714285714286;-0,052807283763277535;2;3
2016-09-01;7;2016-09-01 07:00:00;37,97;39,24;-1,2700000000000031;39656;1849;47499;2787;4072;1915;5987;4636;1285;66;1351;0,22565558710539502;0,3155697445972495;0,03446475195822454;-0,033447458519884204;2;3
2016-09-01;8;2016-09-01 08:00:00;41,08;40,29;0,7899999999999991;39656;5826;47499;2630;3518;5786;9304;8456;888;-40;848;0,09114359415305245;0,25241614553723707;-0,0069132388524023505;0,01923076923076921;2;3
2016-09-01;9;2016-09-01 09:00:00;38,24;37,5;0,7400000000000021;39656;10376;47499;1698;2933;10349;13282;12074;1235;-27;1208;0,09095015810871857;0,42107057620184113;-0,002608947724417818;0,019351464435146497;2;3
2016-09-01;10;2016-09-01 10:00:00;34,92;35,02;-0,10000000000000142;39656;14536;47499;1641;2868;14490;17358;16177;1227;-46;1181;0,06803779237239313;0,42782426778242677;-0,0031746031746031746;-0,0028636884306987805;2;3
2016-09-01;11;2016-09-01 11:00:00;32,98;33,18;-0,20000000000000284;39656;17966;47499;2663;3282;17518;20800;20629;619;-448;171;0,008221153846153847;0,1886045094454601;-0,02557369562735472;-0,006064281382656242;2;3
2016-09-01;12;2016-09-01 12:00:00;29,93;30,48;-0,5500000000000007;39656;19886;47499;4195;4155;19206;23361;24081;-40;-680;-720;-0,030820598433286245;-0,009626955475330927;-0,035405602415911695;-0,01837621115937189;2;3
2016-09-01;13;2016-09-01 13:00:00;28,68;27,99;0,6900000000000013;39656;19391;47499;4983;5148;19161;24309;24374;165;-230;-65;-0,0026739067834958244;0,03205128205128205;-0,01200354887531966;0,024058577405857786;2;3
2016-09-01;14;2016-09-01 14:00:00;27,87;27,37;0,5;39656;17667;47499;5386;5836;17714;23550;23053;450;47;497;0,02110403397027601;0,07710760795065114;0,0026532686011064696;0,01794043774668102;2;3
2016-09-01;15;2016-09-01 15:00:00;27,88;27,64;0,23999999999999844;39656;15250;47499;5249;6000;15112;21112;20499;751;-138;613;0,029035619552860933;0,12516666666666668;-0,009131815775542616;0,008608321377331364;2;3
2016-09-01;16;2016-09-01 16:00:00;28,96;28,5;0,4600000000000009;39656;11994;47499;4918;5851;11802;17653;16912;933;-192;741;0,041975868124398116;0,15945992138096052;-0,01626842907981698;0,01588397790055252;2;3
2016-09-01;17;2016-09-01 17:00:00;34,06;34,93;-0,8699999999999974;39656;7868;47499;4842;5354;7689;13043;12710;512;-179;333;0,025530936134324927;0,09562943593574898;-0,023280010404473923;-0,025543159130945313;2;3
2016-09-01;18;2016-09-01 18:00:00;36,82;38,04;-1,2199999999999989;39656;3628;47499;4153;4595;3524;8119;7781;442;-104;338;0,04163074270230324;0,09619151251360174;-0,029511918274687854;-0,03313416621401409;2;3
2016-09-01;19;2016-09-01 19:00:00;38,96;41,06;-2,1000000000000014;39656;742;47499;3772;3869;682;4551;4514;97;-60;37;0,008130081300813009;0,02507107779788059;-0,08797653958944282;-0,05390143737166328;2;3
2016-09-01;20;2016-09-01 20:00:00;40,44;41,27;-0,8300000000000054;39656;12;47499;3150;3322;13;3335;3162;172;1;173;0,051874062968515745;0,05177603853100542;0,07692307692307693;-0,020524233432245437;2;3
2016-09-01;21;2016-09-01 21:00:00;37,93;37,57;0,35999999999999943;39656;0;47499;2943;3001;0;3001;2943;58;0;58;0,019326891036321226;0,019326891036321226;;0,00949116794094383;2;3
2016-09-01;22;2016-09-01 22:00:00;30,43;32,83;-2,3999999999999986;39656;0;47499;3071;2821;0;2821;3071;-250;0;-250;-0,08862105636299185;-0,08862105636299185;;-0,07886953664147218;2;3
2016-09-01;23;2016-09-01 23:00:00;26,93;25,86;1,0700000000000005;39656;0;47499;3306;2669;0;2669;3306;-637;0;-637;-0,2386661671037842;-0,2386661671037842;;0,0397326401782399;2;3
2016-09-02;0;2016-09-02 00:00:00;25,64;27,5;-1,8599999999999997;39658;0;47507;2912;2461;0;2461;2912;-451;0;-451;-0,18325883787078423;-0,18325883787078423;;-0,07254290171606863;2;4
2016-09-02;1;2016-09-02 01:00:00;23,89;27,63;-3,7399999999999984;39658;0;47507;2988;2541;0;2541;2988;-447;0;-447;-0,17591499409681227;-0,17591499409681227;;-0,1565508580996232;2;4
2016-09-02;2;2016-09-02 02:00:00;23,76;26,45;-2,6899999999999977;39658;0;47507;3260;2674;0;2674;3260;-586;0;-586;-0,21914734480179507;-0,21914734480179507;;-0,11321548821548812;2;4
2016-09-02;3;2016-09-02 03:00:00;22,91;24,57;-1,66;39658;0;47507;3062;2754;0;2754;3062;-308;0;-308;-0,11183732752360204;-0,11183732752360204;;-0,07245744216499345;2;4
2016-09-02;4;2016-09-02 04:00:00;23,1;24,54;-1,4399999999999975;39658;0;47507;2795;2764;0;2764;2795;-31;0;-31;-0,01121562952243126;-0,01121562952243126;;-0,06233766233766223;2;4
2016-09-02;5;2016-09-02 05:00:00;25,97;27,24;-1,2699999999999996;39658;0;47507;3026;2743;0;2743;3026;-283;0;-283;-0,10317170980678089;-0,10317170980678089;;-0,04890257989988447;2;4
2016-09-02;6;2016-09-02 06:00:00;33,08;36,29;-3,2100000000000013;39658;96;47507;3589;2792;131;2923;3685;-797;35;-762;-0,2606910708176531;-0,28545845272206305;0,26717557251908397;-0,097037484885127;2;4
2016-09-02;7;2016-09-02 07:00:00;38,41;39,32;-0,9100000000000036;39658;1953;47507;3946;2925;2010;4935;5899;-1021;57;-964;-0,19533941236068897;-0,3490598290598291;0,028358208955223882;-0,023691746940900902;2;4
2016-09-02;8;2016-09-02 08:00:00;40,5;38,53;1,9699999999999989;39658;6360;47507;3884;2974;6400;9374;10244;-910;40;-870;-0,09280989972263708;-0,30598520511096167;0,00625;0,04864197530864195;2;4
2016-09-02;9;2016-09-02 09:00:00;37,91;35,66;2,25;39658;11894;47507;3735;3085;11661;14746;15629;-650;-233;-883;-0,05988064559880646;-0,2106969205834684;-0,019981133693508277;0,05935109469796888;2;4
2016-09-02;10;2016-09-02 10:00:00;32,84;31,0;1,8400000000000036;39658;16675;47507;4208;3470;16390;19860;20883;-738;-285;-1023;-0,051510574018126885;-0,21268011527377523;-0,017388651616839536;0,05602923264311825;2;4
2016-09-02;11;2016-09-02 11:00:00;29,59;29,01;0,5799999999999983;39658;20137;47507;5011;3939;19732;23671;25148;-1072;-405;-1477;-0,062397025896666805;-0,27215029195227214;-0,020525035475369956;0,019601216627238873;2;4
2016-09-02;12;2016-09-02 12:00:00;26,81;26,85;-0,0400000000000027;39658;21923;47507;5756;4339;21515;25854;27679;-1417;-408;-1825;-0,07058869033805214;-0,3265729430744411;-0,018963513827562166;-0,0014919806042522454;2;4
2016-09-02;13;2016-09-02 13:00:00;25,69;26,65;-0,9599999999999972;39658;21628;47507;5592;4663;21685;26348;27220;-929;57;-872;-0,0330954911188705;-0,1992279648295089;0,0026285450772423335;-0,037368625924484124;2;4
2016-09-02;14;2016-09-02 14:00:00;25,85;27,33;-1,4799999999999969;39658;20084;47507;5027;4709;20341;25050;25111;-318;257;-61;-0,002435129740518962;-0,06753026120195371;0,012634580404109925;-0,057253384912959254;2;4
2016-09-02;15;2016-09-02 15:00:00;27,94;30,01;-2,0700000000000003;39658;17568;47507;4924;4498;17466;21964;22492;-426;-102;-528;-0,02403933709706793;-0,09470875944864385;-0,005839917554105119;-0,07408732999284182;2;4
2016-09-02;16;2016-09-02 16:00:00;29,17;31,03;-1,8599999999999997;39658;13715;47507;4716;4218;13506;17724;18431;-498;-209;-707;-0,039889415481832544;-0,11806543385490754;-0,015474603879757146;-0,06376414124100101;2;4
2016-09-02;17;2016-09-02 17:00:00;34,01;35,67;-1,6600000000000037;39658;8382;47507;4644;3896;8535;12431;13026;-748;153;-595;-0,04786421044163784;-0,1919917864476386;0,017926186291739893;-0,048809173772419986;2;4
2016-09-02;18;2016-09-02 18:00:00;37,56;38,78;-1,2199999999999989;39658;3345;47507;4309;3633;3698;7331;7654;-676;353;-323;-0,04405947346883099;-0,18607211670795487;0,09545700378583018;-0,03248136315228964;2;4
2016-09-02;19;2016-09-02 19:00:00;37,98;39,01;-1,0300000000000011;39658;541;47507;4235;3477;668;4145;4776;-758;127;-631;-0,15223160434258143;-0,2180040264595916;0,19011976047904192;-0,027119536598209617;2;4
2016-09-02;20;2016-09-02 20:00:00;38,79;38,96;-0,1700000000000017;39658;8;47507;4662;3439;12;3451;4670;-1223;4;-1219;-0,35323094755143436;-0,3556266356498982;0,3333333333333333;-0,00438257282804851;2;4
2016-09-02;21;2016-09-02 21:00:00;34,99;37,02;-2,0300000000000007;39658;0;47507;4629;3803;0;3803;4629;-826;0;-826;-0,21719694977649223;-0,21719694977649223;;-0,05801657616461848;2;4
2016-09-02;22;2016-09-02 22:00:00;29,09;31,84;-2,75;39658;0;47507;4501;4414;0;4414;4501;-87;0;-87;-0,01971001359311282;-0,01971001359311282;;-0,09453420419388106;2;4
2016-09-02;23;2016-09-02 23:00:00;27,61;30,37;-2,7600000000000016;39658;0;47507;4477;4988;0;4988;4477;511;0;511;0,10244587008821171;0,10244587008821171;;-0,0999637812386817;2;4
2016-09-03;0;2016-09-03 00:00:00;31,41;29,29;2,120000000000001;39658;0;47516;5263;5491;0;5491;5263;228;0;228;0,04152249134948097;0,04152249134948097;;0,06749442852594718;2;5
2016-09-03;1;2016-09-03 01:00:00;28,04;28,57;-0,5300000000000011;39658;0;47516;5302;5610;0;5610;5302;308;0;308;0,054901960784313725;0,054901960784313725;;-0,01890156918687593;2;5
2016-09-03;2;2016-09-03 02:00:00;25,37;26,67;-1,3000000000000007;39658;0;47516;4638;5416;0;5416;4638;778;0;778;0,14364844903988183;0,14364844903988183;;-0,051241623965313385;2;5
2016-09-03;3;2016-09-03 03:00:00;24,88;27,8;-2,9200000000000017;39658;0;47516;4367;5004;0;5004;4367;637;0;637;0,12729816147082335;0,12729816147082335;;-0,11736334405144702;2;5
2016-09-03;4;2016-09-03 04:00:00;24,02;27,57;-3,5500000000000007;39658;0;47516;4509;4655;0;4655;4509;146;0;146;0,031364124597207305;0,031364124597207305;;-0,14779350541215658;2;5
2016-09-03;5;2016-09-03 05:00:00;24,92;24,89;0,030000000000001137;39658;0;47516;4729;4402;0;4402;4729;-327;0;-327;-0,07428441617446616;-0,07428441617446616;;0,0012038523274478785;2;5
2016-09-03;6;2016-09-03 06:00:00;25,65;25,75;-0,10000000000000142;39658;76;47516;4430;4359;107;4466;4506;-71;31;-40;-0,008956560680698611;-0,016288139481532463;0,2897196261682243;-0,0038986354775829017;2;5
2016-09-03;7;2016-09-03 07:00:00;29,44;28,4;1,0400000000000027;39658;1502;47516;4498;4366;1666;6032;6000;-132;164;32;0,005305039787798408;-0,030233623453962438;0,09843937575030012;0,03532608695652183;2;5
2016-09-03;8;2016-09-03 08:00:00;31,55;30,46;1,09;39658;4952;47516;4305;4223;5189;9412;9257;-82;237;155;0,016468338291542713;-0,019417475728155338;0,04567354018115244;0,03454833597464343;2;5
2016-09-03;9;2016-09-03 09:00:00;32,95;33,41;-0,4599999999999938;39658;9535;47516;4168;3960;9378;13338;13703;-208;-157;-365;-0,027365422102264208;-0,052525252525252523;-0,01674130944764342;-0,013960546282245637;2;5
2016-09-03;10;2016-09-03 10:00:00;30,35;32,28;-1,93;39658;13340;47516;4982;3957;13332;17289;18322;-1025;-8;-1033;-0,059748973335646945;-0,2590346221885267;-0,0006000600060006001;-0,06359143327841844;2;5
2016-09-03;11;2016-09-03 11:00:00;29,06;29,5;-0,4400000000000013;39658;15813;47516;5012;4300;16322;20622;20825;-712;509;-203;-0,009843856076035303;-0,1655813953488372;0,031184903810807497;-0,015141087405368249;2;5
2016-09-03;12;2016-09-03 12:00:00;27,16;29,7;-2,539999999999999;39658;17262;47516;5365;4790;18093;22883;22627;-575;831;256;0,011187344316741687;-0,12004175365344467;0,045929364947769856;-0,09351988217967597;2;5
2016-09-03;13;2016-09-03 13:00:00;25,09;26,54;-1,4499999999999993;39658;18088;47516;6003;5199;18207;23406;24091;-804;119;-685;-0,029266000170896353;-0,15464512406231967;0,006535947712418301;-0,0577919489836588;2;5
2016-09-03;14;2016-09-03 14:00:00;25,11;26,15;-1,0399999999999991;39658;17270;47516;6303;5463;16972;22435;23573;-840;-298;-1138;-0,05072431468687319;-0,15376166941241076;-0,017558331369314166;-0,04141776184786934;2;5
2016-09-03;15;2016-09-03 15:00:00;25,36;23,54;1,8200000000000005;39658;15160;47516;6238;5500;14559;20059;21398;-738;-601;-1339;-0,06675307841866494;-0,13418181818181818;-0,041280307713441856;0,07176656151419561;2;5
2016-09-03;16;2016-09-03 16:00:00;26,85;23,62;3,2300000000000004;39658;12022;47516;5461;5234;11321;16555;17483;-227;-701;-928;-0,056055572334642104;-0,04337027130301872;-0,06192032505962371;0,1202979515828678;2;5
2016-09-03;17;2016-09-03 17:00:00;30,44;28,47;1,9700000000000024;39658;7606;47516;4573;4587;7297;11884;12179;14;-309;-295;-0,024823291820935713;0,003052103771528232;-0,04234616965876387;0,06471747700394226;2;5
2016-09-03;18;2016-09-03 18:00:00;34,27;32,5;1,7700000000000031;39658;3200;47516;3506;3574;3270;6844;6706;68;70;138;0,02016364699006429;0,019026301063234472;0,021406727828746176;0,05164867230814132;2;5
2016-09-03;19;2016-09-03 19:00:00;37,56;36,42;1,1400000000000006;39658;581;47516;2352;2706;592;3298;2933;354;11;365;0,11067313523347483;0,13082039911308205;0,018581081081081082;0,030351437699680524;2;5
2016-09-03;20;2016-09-03 20:00:00;38,56;38,41;0,15000000000000568;39658;9;47516;2407;2320;10;2330;2416;-87;1;-86;-0,03690987124463519;-0,0375;0,1;0,0038900414937760807;2;5
2016-09-03;21;2016-09-03 21:00:00;37,67;35,29;2,3800000000000026;39658;0;47516;2890;2396;0;2396;2890;-494;0;-494;-0,20617696160267113;-0,20617696160267113;;0,06318024953543941;2;5
2016-09-03;22;2016-09-03 22:00:00;33,01;29,97;3,0399999999999987;39658;0;47516;3564;2622;0;2622;3564;-942;0;-942;-0,35926773455377575;-0,35926773455377575;;0,09209330505907297;2;5
2016-09-03;23;2016-09-03 23:00:00;28,93;26,56;2,370000000000001;39658;0;47516;4042;2981;0;2981;4042;-1061;0;-1061;-0,3559208319355921;-0,3559208319355921;;0,08192188040096789;2;5
2016-09-04;0;2016-09-04 00:00:00;27,7;24,69;3,009999999999998;39658;0;47516;4984;4416;0;4416;4984;-568;0;-568;-0,1286231884057971;-0,1286231884057971;;0,10866425992779777;2;6
2016-09-04;1;2016-09-04 01:00:00;25,02;22,62;2,3999999999999986;39658;0;47516;6112;5717;0;5717;6112;-395;0;-395;-0,06909218121392338;-0,06909218121392338;;0,09592326139088724;2;6
2016-09-04;2;2016-09-04 02:00:00;23,09;20,71;2,379999999999999;39658;0;47516;6978;6826;0;6826;6978;-152;0;-152;-0,022267799589803693;-0,022267799589803693;;0,1030749242096145;2;6
2016-09-04;3;2016-09-04 03:00:00;22,04;19,21;2,8299999999999983;39658;0;47516;7792;7693;0;7693;7792;-99;0;-99;-0,012868841804237618;-0,012868841804237618;;0,1284029038112522;2;6
2016-09-04;4;2016-09-04 04:00:00;20,81;18,54;2,27;39658;0;47516;9269;8444;0;8444;9269;-825;0;-825;-0,09770251065845571;-0,09770251065845571;;0,1090821720326766;2;6
2016-09-04;5;2016-09-04 05:00:00;20,09;18,81;1,2800000000000011;39658;0;47516;9482;8973;0;8973;9482;-509;0;-509;-0,05672573275381701;-0,05672573275381701;;0,06371329019412648;2;6
2016-09-04;6;2016-09-04 06:00:00;20,03;19,42;0,6099999999999994;39658;55;47516;9495;9353;72;9425;9550;-142;17;-125;-0,013262599469496022;-0,015182294450978295;0,2361111111111111;0,030454318522216646;2;6
2016-09-04;7;2016-09-04 07:00:00;22,02;21,77;0,25;39658;1177;47516;9190;9782;1162;10944;10367;592;-15;577;0,05272295321637427;0,06051932120220814;-0,012908777969018933;0,011353315168029064;2;6
2016-09-04;8;2016-09-04 08:00:00;22,38;21,62;0,7599999999999979;39658;3827;47516;9185;9921;3588;13509;13012;736;-239;497;0,036790287956177364;0,07418606995262575;-0,06661092530657749;0,03395889186773896;2;6
2016-09-04;9;2016-09-04 09:00:00;23,5;22,77;0,7300000000000004;39658;6552;47516;9486;9981;6197;16178;16038;495;-355;140;0,00865372728396588;0,04959422903516682;-0,057285783443601745;0,03106382978723406;2;6
2016-09-04;10;2016-09-04 10:00:00;23,58;24,28;-0,7000000000000028;39658;8327;47516;9747;10520;8101;18621;18074;773;-226;547;0,02937543633532034;0,07347908745247149;-0,027897790396247377;-0,029686174724342786;2;6
2016-09-04;11;2016-09-04 11:00:00;24,99;25,96;-0,9700000000000024;39658;8968;47516;11265;11289;9284;20573;20233;24;316;340;0,016526515335634085;0,002125963327132607;0,034037052994398964;-0,03881552621048429;2;6
2016-09-04;12;2016-09-04 12:00:00;24,85;26,84;-1,9899999999999984;39658;9520;47516;11884;12267;9931;22198;21404;383;411;794;0,03576898819713488;0,031221977663650445;0,04138556036652905;-0,08008048289738424;2;6
2016-09-04;13;2016-09-04 13:00:00;23,49;26,34;-2,8500000000000014;39658;8977;47516;11303;13135;9866;23001;20280;1832;889;2721;0,11829920438241816;0,1394746859535592;0,09010743969187107;-0,12132822477650071;2;6
2016-09-04;14;2016-09-04 14:00:00;20,79;25,91;-5,120000000000001;39658;8938;47516;11566;13611;9118;22729;20504;2045;180;2225;0,09789256016542743;0,15024612445815885;0,019741171309497697;-0,24627224627224634;2;6
2016-09-04;15;2016-09-04 15:00:00;20,52;26,33;-5,809999999999999;39658;8335;47516;13529;13772;7830;21602;21864;243;-505;-262;-0,01212850661975743;0,01764449607900087;-0,06449553001277139;-0,28313840155945413;2;6
2016-09-04;16;2016-09-04 16:00:00;21,26;25,31;-4,049999999999997;39658;6636;47516;15320;13884;5972;19856;21956;-1436;-664;-2100;-0,10576148267526189;-0,10342840679919331;-0,11118553248492967;-0,19049858889934135;2;6
2016-09-04;17;2016-09-04 17:00:00;22,94;25,83;-2,889999999999997;39658;3973;47516;15566;13786;3866;17652;19539;-1780;-107;-1887;-0,10690006798096532;-0,1291164949949224;-0,02767718572167615;-0,12598081952920648;2;6
2016-09-04;18;2016-09-04 18:00:00;26,94;28,95;-2,009999999999998;39658;1527;47516;14575;13243;1765;15008;16102;-1332;238;-1094;-0,07289445628997868;-0,10058143925092501;0,1348441926345609;-0,07461024498886407;2;6
2016-09-04;19;2016-09-04 19:00:00;30,31;32,51;-2,1999999999999997;39658;269;47516;13646;12513;332;12845;13915;-1133;63;-1070;-0,08330089528999611;-0,09054583233437226;0,1897590361445783;-0,07258330583965687;2;6
2016-09-04;20;2016-09-04 20:00:00;33,83;33,58;0,25;39658;6;47516;13071;11617;5;11622;13077;-1454;-1;-1455;-0,12519359834796076;-0,12516140139450804;-0,2;0,007389890629618682;2;6
2016-09-04;21;2016-09-04 21:00:00;31,79;31,53;0,259999999999998;39658;0;47516;12364;11184;0;11184;12364;-1180;0;-1180;-0,10550786838340487;-0,10550786838340487;;0,008178672538534068;2;6
2016-09-04;22;2016-09-04 22:00:00;29,53;27,48;2,0500000000000007;39658;0;47516;11971;10941;0;10941;11971;-1030;0;-1030;-0,09414130335435518;-0,09414130335435518;;0,06942092786996278;2;6
2016-09-04;23;2016-09-04 23:00:00;25,06;23,32;1,7399999999999984;39658;0;47516;11978;10810;0;10810;11978;-1168;0;-1168;-0,10804810360777058;-0,10804810360777058;;0,06943335993615317;2;6
2016-09-05;0;2016-09-05 00:00:00;23,18;23,41;-0,23000000000000045;39659;0;47532;12010;11697;0;11697;12010;-313;0;-313;-0,02675899803368385;-0,02675899803368385;;-0,009922346850733411;2;0
2016-09-05;1;2016-09-05 01:00:00;22,3;22,08;0,2200000000000024;39659;0;47532;11638;11601;0;11601;11638;-37;0;-37;-0,0031893802258425997;-0,0031893802258425997;;0,009865470852018044;2;0
2016-09-05;2;2016-09-05 02:00:00;22,42;20,69;1,7300000000000004;39659;0;47532;11492;11196;0;11196;11492;-296;0;-296;-0,02643801357627724;-0,02643801357627724;;0,07716324710080287;2;0
2016-09-05;3;2016-09-05 03:00:00;21,73;19,23;2,5;39659;0;47532;11002;10672;0;10672;11002;-330;0;-330;-0,030922038980509745;-0,030922038980509745;;0,11504832029452369;2;0
2016-09-05;4;2016-09-05 04:00:00;22,96;16,97;5,990000000000002;39659;0;47532;10500;10186;0;10186;10500;-314;0;-314;-0,03082662477910858;-0,03082662477910858;;0,26088850174216033;2;0
2016-09-05;5;2016-09-05 05:00:00;24,96;20,06;4,900000000000002;39659;0;47532;10192;9696;0;9696;10192;-496;0;-496;-0,05115511551155116;-0,05115511551155116;;0,19631410256410264;2;0
2016-09-05;6;2016-09-05 06:00:00;33,6;34,22;-0,6199999999999974;39659;32;47532;9475;9208;61;9269;9507;-267;29;-238;-0,025676987808825116;-0,028996524761077325;0,47540983606557374;-0,018452380952380876;2;0
2016-09-05;7;2016-09-05 07:00:00;42,98;44,68;-1,7000000000000028;39659;847;47532;8370;8698;992;9690;9217;328;145;473;0,04881320949432404;0,03770981834904576;0,1461693548387097;-0,03955328059562594;2;0
2016-09-05;8;2016-09-05 08:00:00;44,42;47,05;-2,6299999999999955;39659;3080;47532;7473;8140;3285;11425;10553;667;205;872;0,07632385120350109;0,08194103194103194;0,0624048706240487;-0,05920756416028805;2;0
2016-09-05;9;2016-09-05 09:00:00;43,31;48,26;-4,949999999999996;39659;5849;47532;7065;7686;5916;13602;12914;621;67;688;0,05058079694162623;0,08079625292740047;0,011325219743069641;-0,11429231124451618;2;0
2016-09-05;10;2016-09-05 10:00:00;44,97;47,79;-2,8200000000000003;39659;8279;47532;6836;7416;8378;15794;15115;580;99;679;0,04299100924401671;0,07820927723840346;0,011816662687992361;-0,0627084723148766;2;0
2016-09-05;11;2016-09-05 11:00:00;48,01;45,04;2,969999999999999;39659;10480;47532;6418;7106;10309;17415;16898;688;-171;517;0,02968705139247775;0,096819589079651;-0,016587447861092248;0,061862112059987484;2;0
2016-09-05;12;2016-09-05 12:00:00;45,98;44,03;1,949999999999996;39659;11976;47532;5899;6702;11568;18270;17875;803;-408;395;0,02162014230979748;0,11981498060280513;-0,035269709543568464;0,04240974336668108;2;0
2016-09-05;13;2016-09-05 13:00:00;44,22;42,65;1,5700000000000005;39659;12308;47532;5450;6355;11969;18324;17758;905;-339;566;0,030888452302990612;0,14240755310778913;-0,028323168184476565;0,03550429669832656;2;0
2016-09-05;14;2016-09-05 14:00:00;42,58;44,2;-1,6200000000000043;39659;11905;47532;5030;6085;11589;17674;16935;1055;-316;739;0,041812832409188636;0,17337715694330322;-0,027267236172232288;-0,038046031000469806;2;0
2016-09-05;15;2016-09-05 15:00:00;43,03;43,74;-0,7100000000000009;39659;10805;47532;4650;5916;10300;16216;15455;1266;-505;761;0,04692895905278737;0,21399594320486814;-0,04902912621359223;-0,016500116198001413;2;0
2016-09-05;16;2016-09-05 16:00:00;41,9;42,7;-0,8000000000000043;39659;8506;47532;4511;5703;8118;13821;13017;1192;-388;804;0,05817234642934665;0,2090128002805541;-0,0477950234047795;-0,019093078758949982;2;0
2016-09-05;17;2016-09-05 17:00:00;41,98;41,7;0,27999999999999403;39659;5732;47532;3879;5302;5334;10636;9611;1423;-398;1025;0,09637081609627679;0,26838928706148624;-0,0746156730408699;0,006669842782277133;2;0
2016-09-05;18;2016-09-05 18:00:00;39,92;41,93;-2,009999999999998;39659;2582;47532;3150;4656;2397;7053;5732;1506;-185;1321;0,1872961860201333;0,3234536082474227;-0,07717980809345015;-0,05035070140280556;2;0
2016-09-05;19;2016-09-05 19:00:00;43,12;43,15;-0,030000000000001137;39659;417;47532;2559;4037;395;4432;2976;1478;-22;1456;0,3285198555956679;0,3661134505821154;-0,05569620253164557;-0,0006957328385900079;2;0
2016-09-05;20;2016-09-05 20:00:00;44,08;43,62;0,4600000000000009;39659;4;47532;2625;3636;5;3641;2629;1011;1;1012;0,27794561933534745;0,27805280528052806;0,2;0,010435571687840312;2;0
2016-09-05;21;2016-09-05 21:00:00;40,0;39,32;0,6799999999999997;39659;0;47532;2640;3399;0;3399;2640;759;0;759;0,22330097087378642;0,22330097087378642;;0,016999999999999994;2;0
2016-09-05;22;2016-09-05 22:00:00;32,96;31,77;1,1900000000000013;39659;0;47532;2429;3231;0;3231;2429;802;0;802;0,24822036521200866;0,24822036521200866;;0,036104368932038874;2;0
2016-09-05;23;2016-09-05 23:00:00;28,07;28,39;-0,3200000000000003;39659;0;47532;2142;2983;0;2983;2142;841;0;841;0,28193094200469326;0,28193094200469326;;-0,011400071250445325;2;0
2016-09-06;0;2016-09-06 00:00:00;27,68;29,76;-2,0800000000000023;39661;0;47542;1824;2178;0;2178;1824;354;0;354;0,162534435261708;0,162534435261708;;-0,07514450867052032;2;1
2016-09-06;1;2016-09-06 01:00:00;25,98;27,51;-1,5300000000000011;39661;0;47542;1703;1981;0;1981;1703;278;0;278;0,14033316506814741;0,14033316506814741;;-0,05889145496535801;2;1
2016-09-06;2;2016-09-06 02:00:00;24,84;25,92;-1,0800000000000018;39661;0;47542;1630;1843;0;1843;1630;213;0;213;0,1155724362452523;0,1155724362452523;;-0,04347826086956529;2;1
2016-09-06;3;2016-09-06 03:00:00;23,76;24,31;-0,5499999999999972;39661;0;47542;1641;1777;0;1777;1641;136;0;136;0,07653348339898705;0,07653348339898705;;-0,023148148148148025;2;1
2016-09-06;4;2016-09-06 04:00:00;23,92;23,62;0,3000000000000007;39661;0;47542;1732;1719;0;1719;1732;-13;0;-13;-0,0075625363583478765;-0,0075625363583478765;;0,012541806020066918;2;1
2016-09-06;5;2016-09-06 05:00:00;26,43;24,86;1,5700000000000005;39661;0;47542;1828;1632;0;1632;1828;-196;0;-196;-0,12009803921568628;-0,12009803921568628;;0,05940219447597429;2;1
2016-09-06;6;2016-09-06 06:00:00;34,37;34,01;0,35999999999999943;39661;57;47542;1724;1582;88;1670;1781;-142;31;-111;-0,06646706586826347;-0,0897597977243995;0,3522727272727273;0,010474250800116365;2;1
2016-09-06;7;2016-09-06 07:00:00;42,97;38,34;4,629999999999996;39661;1473;47542;1940;1503;1699;3202;3413;-437;226;-211;-0,06589631480324797;-0,2907518296739854;0,13301942319011184;0,10774959273912023;2;1
2016-09-06;8;2016-09-06 08:00:00;44,63;42,01;2,6200000000000045;39661;5434;47542;1764;1332;5929;7261;7198;-432;495;63;0,00867649084148189;-0,32432432432432434;0,08348794063079777;0,058704907013219905;2;1
2016-09-06;9;2016-09-06 09:00:00;41,96;39,0;2,9600000000000013;39661;10749;47542;1172;1163;11137;12300;11921;-9;388;379;0,0308130081300813;-0,007738607050730868;0,03483882553649995;0,07054337464251671;2;1
2016-09-06;10;2016-09-06 10:00:00;35,9;33,78;2,119999999999997;39661;15364;47542;1159;1152;15824;16976;16523;-7;460;453;0,02668473138548539;-0,006076388888888889;0,029069767441860465;0,05905292479108627;2;1
2016-09-06;11;2016-09-06 11:00:00;33,76;32,17;1,5899999999999963;39661;18416;47542;1408;1210;19141;20351;19824;-198;725;527;0,025895533389022653;-0,16363636363636364;0,0378768089441513;0,04709715639810416;2;1
2016-09-06;12;2016-09-06 12:00:00;28,48;29,89;-1,41;39661;20791;47542;1590;1300;20975;22275;22381;-290;184;-106;-0,0047586980920314255;-0,2230769230769231;0,008772348033373064;-0,04950842696629213;2;1
2016-09-06;13;2016-09-06 13:00:00;27,98;29,11;-1,129999999999999;39661;21509;47542;1502;1340;21403;22743;23011;-162;-106;-268;-0,011783845578859429;-0,1208955223880597;-0,004952576741578283;-0,040385989992852;2;1
2016-09-06;14;2016-09-06 14:00:00;28,59;28,94;-0,3500000000000014;39661;20311;47542;1481;1310;20442;21752;21792;-171;131;-40;-0,0018389113644722325;-0,13053435114503817;0,006408374914391939;-0,012242042672263078;2;1
2016-09-06;15;2016-09-06 15:00:00;29,02;28,77;0,25;39661;18142;47542;1324;1230;17970;19200;19466;-94;-172;-266;-0,013854166666666667;-0,07642276422764227;-0,009571508069003896;0,00861474844934528;2;1
2016-09-06;16;2016-09-06 16:00:00;31,46;30,7;0,7600000000000016;39661;14416;47542;1139;1127;14018;15145;15555;-12;-398;-410;-0,027071640805546384;-0,01064773735581189;-0,02839206734198887;0,024157660521296934;2;1
2016-09-06;17;2016-09-06 17:00:00;37,95;37,27;0,6799999999999997;39661;9130;47542;973;1080;8707;9787;10103;107;-423;-316;-0,032287728619597424;0,09907407407407408;-0,04858160101068106;0,017918313570487475;2;1
2016-09-06;18;2016-09-06 18:00:00;42,01;41,85;0,1599999999999966;39661;3752;47542;872;1206;3503;4709;4624;334;-249;85;0,018050541516245487;0,2769485903814262;-0,07108192977447902;0,0038086169959532633;2;1
2016-09-06;19;2016-09-06 19:00:00;45,16;47,04;-1,8800000000000023;39661;514;47542;1020;1533;495;2028;1534;513;-19;494;0,24358974358974358;0,33463796477495106;-0,03838383838383838;-0,04162976085031007;2;1
2016-09-06;20;2016-09-06 20:00:00;43,92;48,91;-4,989999999999995;39661;5;47542;1734;2179;6;2185;1739;445;1;446;0,20411899313501145;0,20422212023864159;0,16666666666666666;-0,11361566484517292;2;1
2016-09-06;21;2016-09-06 21:00:00;38,55;39,75;-1,2000000000000028;39661;0;47542;2869;3013;0;3013;2869;144;0;144;0,04779289744440757;0,04779289744440757;;-0,031128404669260777;2;1
2016-09-06;22;2016-09-06 22:00:00;28,0;29,06;-1,0599999999999987;39661;0;47542;4028;3878;0;3878;4028;-150;0;-150;-0,038679731820526045;-0,038679731820526045;;-0,03785714285714281;2;1
2016-09-06;23;2016-09-06 23:00:00;26,82;26,92;-0,10000000000000142;39661;0;47542;5082;4555;0;4555;5082;-527;0;-527;-0,11569703622392975;-0,11569703622392975;;-0,0037285607755406943;2;1
2016-09-07;0;2016-09-07 00:00:00;24,8;26,79;-1,9899999999999984;39663;0;47545;5842;5389;0;5389;5842;-453;0;-453;-0,08406012247170161;-0,08406012247170161;;-0,0802419354838709;2;2
2016-09-07;1;2016-09-07 01:00:00;23,64;23,04;0,6000000000000014;39663;0;47545;6017;5512;0;5512;6017;-505;0;-505;-0,09161828737300436;-0,09161828737300436;;0,025380710659898536;2;2
2016-09-07;2;2016-09-07 02:00:00;23,32;22,61;0,7100000000000009;39663;0;47545;5980;5405;0;5405;5980;-575;0;-575;-0,10638297872340426;-0,10638297872340426;;0,030445969125214443;2;2
2016-09-07;3;2016-09-07 03:00:00;23,16;22,02;1,1400000000000006;39663;0;47545;5607;5080;0;5080;5607;-527;0;-527;-0,10374015748031495;-0,10374015748031495;;0,04922279792746116;2;2
2016-09-07;4;2016-09-07 04:00:00;23,18;23,08;0,10000000000000142;39663;0;47545;4922;4743;0;4743;4922;-179;0;-179;-0,037739827113641156;-0,037739827113641156;;0,004314063848145014;2;2
2016-09-07;5;2016-09-07 05:00:00;25,11;25,11;0,0;39663;0;47545;4388;4469;0;4469;4388;81;0;81;0,018124860147684045;0,018124860147684045;;0,0;2;2
2016-09-07;6;2016-09-07 06:00:00;32,42;35,24;-2,8200000000000003;39663;52;47545;4096;4317;88;4405;4148;221;36;257;0,058342792281498294;0,051192958072735696;0,4090909090909091;-0,08698334361505244;2;2
2016-09-07;7;2016-09-07 07:00:00;37,97;37,81;0,1599999999999966;39663;1626;47545;3869;4121;1922;6043;5495;252;296;548;0,09068343537977826;0,061150206260616354;0,15400624349635797;0,004213853041875075;2;2
2016-09-07;8;2016-09-07 08:00:00;38,13;37,59;0,5399999999999991;39663;6026;47545;3008;3448;6796;10244;9034;440;770;1210;0,1181179226864506;0,12761020881670534;0,11330194231901118;0,014162077104641992;2;2
2016-09-07;9;2016-09-07 09:00:00;34,07;34,8;-0,7299999999999969;39663;11818;47545;1648;2231;12757;14988;13466;583;939;1522;0,10154790499065919;0,261317794710892;0,07360664733087717;-0,021426474904608066;2;2
2016-09-07;10;2016-09-07 10:00:00;29,95;31,06;-1,1099999999999994;39663;17314;47545;1104;1628;18041;19669;18418;524;727;1251;0,06360262341756062;0,32186732186732187;0,04029710104761377;-0,037061769616026696;2;2
2016-09-07;11;2016-09-07 11:00:00;28,92;29,32;-0,3999999999999986;39663;21346;47545;1144;1475;21763;23238;22490;331;417;748;0,03218865651088734;0,22440677966101694;0,019160961264531543;-0,013831258644536604;2;2
2016-09-07;12;2016-09-07 12:00:00;26,92;28,49;-1,5699999999999967;39663;23588;47545;1229;1453;23791;25244;24817;224;203;427;0,016914910473775947;0,15416379903647626;0,008532638392669496;-0,05832095096582454;2;2
2016-09-07;13;2016-09-07 13:00:00;26,41;28,01;-1,6000000000000014;39663;24247;47545;1258;1497;24142;25639;25505;239;-105;134;0,005226412886618043;0,15965263861055445;-0,004349266837875901;-0,060583112457402555;2;2
2016-09-07;14;2016-09-07 14:00:00;27,25;28,12;-0,870000000000001;39663;23032;47545;1438;1533;22864;24397;24470;95;-168;-73;-0,0029921711685863017;0,06196999347684279;-0,00734779566130161;-0,031926605504587195;2;2
2016-09-07;15;2016-09-07 15:00:00;27,92;29,73;-1,8099999999999987;39663;20116;47545;1526;1525;19870;21395;21642;-1;-246;-247;-0,011544753447067072;-0,0006557377049180328;-0,012380473074987419;-0,06482808022922631;2;2
2016-09-07;16;2016-09-07 16:00:00;28,93;32,56;-3,6300000000000026;39663;15604;47545;1642;1483;15237;16720;17246;-159;-367;-526;-0,03145933014354067;-0,10721510451786918;-0,024086106188882326;-0,12547528517110276;2;2
2016-09-07;17;2016-09-07 17:00:00;36,93;38,13;-1,2000000000000028;39663;9605;47545;1750;1512;9232;10744;11355;-238;-373;-611;-0,05686895011169025;-0,1574074074074074;-0,040402946273830155;-0,03249390739236401;2;2
2016-09-07;18;2016-09-07 18:00:00;40,7;41,69;-0,9899999999999948;39663;3767;47545;1818;1787;3577;5364;5585;-31;-190;-221;-0,041200596569724086;-0,017347509792949075;-0,05311713726586525;-0,024324324324324194;2;2
2016-09-07;19;2016-09-07 19:00:00;44,35;45,14;-0,7899999999999991;39663;479;47545;2121;2291;472;2763;2600;170;-7;163;0,0589938472674629;0,07420340462680053;-0,014830508474576272;-0,017812852311161198;2;2
2016-09-07;20;2016-09-07 20:00:00;41,9;43,35;-1,4500000000000028;39663;0;47545;3420;3355;6;3361;3420;-65;6;-59;-0,017554299315679856;-0,019374068554396422;1,0;-0,034606205250596725;2;2
2016-09-07;21;2016-09-07 21:00:00;36,94;40,04;-3,1000000000000014;39663;0;47545;4766;4794;0;4794;4766;28;0;28;0,005840634125990822;0,005840634125990822;;-0,08391987005955608;2;2
2016-09-07;22;2016-09-07 22:00:00;28,85;30,38;-1,5299999999999976;39663;0;47545;5335;5860;0;5860;5335;525;0;525;0,08959044368600683;0,08959044368600683;;-0,05303292894280754;2;2
2016-09-07;23;2016-09-07 23:00:00;26,59;29,4;-2,8099999999999987;39663;0;47545;5534;6469;0;6469;5534;935;0;935;0,14453547688978205;0,14453547688978205;;-0,10567882662655129;2;2
2016-09-08;0;2016-09-08 00:00:00;25,59;26,98;-1,3900000000000006;39668;0;47582;5492;5263;0;5263;5492;-229;0;-229;-0,04351130533916017;-0,04351130533916017;;-0,05431809300508013;2;3
2016-09-08;1;2016-09-08 01:00:00;24,07;26,41;-2,34;39668;0;47582;5234;5158;0;5158;5234;-76;0;-76;-0,014734393175649476;-0,014734393175649476;;-0,09721645201495636;2;3
2016-09-08;2;2016-09-08 02:00:00;23,5;25,05;-1,5500000000000007;39668;0;47582;5195;5074;0;5074;5195;-121;0;-121;-0,02384706346078045;-0,02384706346078045;;-0,06595744680851066;2;3
2016-09-08;3;2016-09-08 03:00:00;23,08;23,57;-0,490000000000002;39668;0;47582;5043;5068;0;5068;5043;25;0;25;0,004932912391475927;0,004932912391475927;;-0,021230502599653468;2;3
2016-09-08;4;2016-09-08 04:00:00;23,1;22,77;0,33000000000000185;39668;0;47582;5235;5162;0;5162;5235;-73;0;-73;-0,01414180550174351;-0,01414180550174351;;0,014285714285714365;2;3
2016-09-08;5;2016-09-08 05:00:00;24,24;25,01;-0,7700000000000031;39668;0;47582;5302;5327;0;5327;5302;25;0;25;0,0046930730242162565;0,0046930730242162565;;-0,03176567656765689;2;3
2016-09-08;6;2016-09-08 06:00:00;31,91;37,27;-5,360000000000003;39668;48;47582;5498;5656;77;5733;5546;158;29;187;0,03261817547531833;0,027934936350777935;0,37662337662337664;-0,16797242243810728;2;3
2016-09-08;7;2016-09-08 07:00:00;38,71;42,3;-3,5899999999999963;39668;1698;47582;5948;5799;1862;7661;7646;-149;164;15;0,0019579689335595873;-0,025694085187101225;0,08807733619763695;-0,09274089382588468;2;3
2016-09-08;8;2016-09-08 08:00:00;39,62;41,72;-2,1000000000000014;39668;6421;47582;5816;4947;6777;11724;12237;-869;356;-513;-0,04375639713408393;-0,17566201738427328;0,05253061826767006;-0,05300353356890463;2;3
2016-09-08;9;2016-09-08 09:00:00;38,31;39,01;-0,6999999999999957;39668;12498;47582;3690;3162;12854;16016;16188;-528;356;-172;-0,01073926073926074;-0,16698292220113853;0,02769565893885172;-0,01827199164708942;2;3
2016-09-08;10;2016-09-08 10:00:00;32,92;35,46;-2,539999999999999;39668;17874;47582;2884;2806;18298;21104;20758;-78;424;346;0,016394996209249432;-0,027797576621525304;0,02317193135861843;-0,07715674362089912;2;3
2016-09-08;11;2016-09-08 11:00:00;28,67;34,28;-5,6099999999999985;39668;21738;47582;3010;2733;22078;24811;24748;-277;340;63;0,0025391963242110353;-0,10135382363702891;0,015399945647250658;-0,19567492152075333;2;3
2016-09-08;12;2016-09-08 12:00:00;27,48;30,41;-2,93;39668;23751;47582;3423;3004;24040;27044;27174;-419;289;-130;-0,00480698121579648;-0,13948069241011984;0,0120216306156406;-0,10662299854439593;2;3
2016-09-08;13;2016-09-08 13:00:00;26,28;29,31;-3,0299999999999976;39668;23964;47582;4266;3299;24268;27567;28230;-967;304;-663;-0,024050495157253236;-0,2931191270081843;0,012526784242624031;-0,11529680365296793;2;3
2016-09-08;14;2016-09-08 14:00:00;26,85;29,12;-2,27;39668;22590;47582;4998;3560;22871;26431;27588;-1438;281;-1157;-0,043774355870001135;-0,40393258426966294;0,01228630142975821;-0,0845437616387337;2;3
2016-09-08;15;2016-09-08 15:00:00;27,7;28,92;-1,2200000000000024;39668;19539;47582;5193;3783;19758;23541;24732;-1410;219;-1191;-0,05059258315279725;-0,37272006344171293;0,011084117825690859;-0,04404332129963908;2;3
2016-09-08;16;2016-09-08 16:00:00;29,51;30,7;-1,1899999999999975;39668;14934;47582;5052;3857;15042;18899;19986;-1195;108;-1087;-0,05751627070215355;-0,3098262898625875;0,007179896290386917;-0,04032531345306667;2;3
2016-09-08;17;2016-09-08 17:00:00;35,92;36,37;-0,4499999999999957;39668;8988;47582;4491;3633;8998;12631;13479;-858;10;-848;-0,06713641041881087;-0,236168455821635;0,0011113580795732384;-0,012527839643652441;2;3
2016-09-08;18;2016-09-08 18:00:00;40,41;40,49;-0,0800000000000054;39668;3421;47582;3711;3504;3403;6907;7132;-207;-18;-225;-0,03257564789344144;-0,059075342465753425;-0,005289450484866294;-0,001979707993071156;2;3
2016-09-08;19;2016-09-08 19:00:00;42,59;41,81;0,7800000000000011;39668;397;47582;3475;3574;422;3996;3872;99;25;124;0,031031031031031032;0,027700055959709008;0,05924170616113744;0,018314158253111085;2;3
2016-09-08;20;2016-09-08 20:00:00;41,3;43,06;-1,7600000000000051;39668;0;47582;4194;4494;6;4500;4194;300;6;306;0,068;0,06675567423230974;1,0;-0,042615012106537654;2;3
2016-09-08;21;2016-09-08 21:00:00;36,91;40,37;-3,4600000000000013;39668;0;47582;5169;5344;0;5344;5169;175;0;175;0,03274700598802395;0,03274700598802395;;-0,09374153345976705;2;3
2016-09-08;22;2016-09-08 22:00:00;28,65;34,79;-6,1400000000000015;39668;0;47582;5578;5882;0;5882;5578;304;0;304;0,05168310098605916;0,05168310098605916;;-0,21431064572425834;2;3
2016-09-08;23;2016-09-08 23:00:00;25,99;32,34;-6,350000000000005;39668;0;47582;5936;6011;0;6011;5936;75;0;75;0,012477125270337714;0,012477125270337714;;-0,2443247402847251;2;3
2016-09-09;0;2016-09-09 00:00:00;25,08;28,83;-3,75;39672;0;47603;5666;6902;0;6902;5666;1236;0;1236;0,1790785279629093;0,1790785279629093;;-0,14952153110047847;2;4
2016-09-09;1;2016-09-09 01:00:00;23,81;28,77;-4,960000000000001;39672;0;47603;5566;6783;0;6783;5566;1217;0;1217;0,17941913607548282;0,17941913607548282;;-0,20831583368332637;2;4
2016-09-09;2;2016-09-09 02:00:00;23,49;27,77;-4,280000000000001;39672;0;47603;5258;6480;0;6480;5258;1222;0;1222;0,18858024691358025;0,18858024691358025;;-0,18220519369944663;2;4
2016-09-09;3;2016-09-09 03:00:00;22,97;26,87;-3,9000000000000017;39672;0;47603;4700;6098;0;6098;4700;1398;0;1398;0,2292554936044605;0,2292554936044605;;-0,16978667827601227;2;4
2016-09-09;4;2016-09-09 04:00:00;23,26;27,59;-4,329999999999998;39672;0;47603;4207;5756;0;5756;4207;1549;0;1549;0,2691104933981932;0,2691104933981932;;-0,18615649183147026;2;4
2016-09-09;5;2016-09-09 05:00:00;24,82;27,82;-3,0;39672;0;47603;3920;5494;0;5494;3920;1574;0;1574;0,28649435748088825;0,28649435748088825;;-0,12087026591458501;2;4
2016-09-09;6;2016-09-09 06:00:00;33,77;40,12;-6,349999999999994;39672;34;47603;3659;5292;62;5354;3693;1633;28;1661;0,31023533806499815;0,3085789871504157;0,45161290322580644;-0,1880367189813442;2;4
2016-09-09;7;2016-09-09 07:00:00;40,22;48,19;-7,969999999999999;39672;1371;47603;3688;4971;1600;6571;5059;1283;229;1512;0,2301019631715112;0,2580969623818145;0,143125;-0,1981601193436101;2;4
2016-09-09;8;2016-09-09 08:00:00;41,94;46,56;-4,6200000000000045;39672;5212;47603;2877;4098;5837;9935;8089;1221;625;1846;0,18580775037745345;0,2979502196193265;0,10707555250985096;-0,1101573676680974;2;4
2016-09-09;9;2016-09-09 09:00:00;40,99;43,96;-2,969999999999999;39672;10296;47603;1995;2883;11058;13941;12291;888;762;1650;0,11835592855605767;0,30801248699271594;0,06890938686923494;-0,07245669675530614;2;4
2016-09-09;10;2016-09-09 10:00:00;36,88;39,8;-2,9199999999999946;39672;15173;47603;1784;2531;15939;18470;16957;747;766;1513;0,08191662154845696;0,29514026076649547;0,04805822197126545;-0,07917570498915386;2;4
2016-09-09;11;2016-09-09 11:00:00;34,06;38,39;-4,329999999999998;39672;18925;47603;2245;2536;19448;21984;21170;291;523;814;0,03702692867540029;0,11474763406940063;0,026892225421637186;-0,12712859659424539;2;4
2016-09-09;12;2016-09-09 12:00:00;31,8;34,03;-2,2300000000000004;39672;20865;47603;2788;2553;21397;23950;23653;-235;532;297;0,012400835073068894;-0,09204857030943987;0,024863298593260738;-0,07012578616352202;2;4
2016-09-09;13;2016-09-09 13:00:00;29,04;30,58;-1,5399999999999991;39672;21070;47603;2868;2519;21614;24133;23938;-349;544;195;0,008080222102515229;-0,13854704247717348;0,025168872027389655;-0,053030303030303004;2;4
2016-09-09;14;2016-09-09 14:00:00;27,86;29,14;-1,2800000000000011;39672;19654;47603;2684;2413;20197;22610;22338;-271;543;272;0,012030075187969926;-0,11230832987981765;0,026885180967470418;-0,04594400574300076;2;4
2016-09-09;15;2016-09-09 15:00:00;29,49;29,22;0,2699999999999996;39672;17066;47603;2234;2170;17284;19454;19300;-64;218;154;0,007916109797470957;-0,029493087557603687;0,01261282110622541;0,009155645981688694;2;4
2016-09-09;16;2016-09-09 16:00:00;30,29;31,34;-1,0500000000000007;39672;13270;47603;1903;1878;13160;15038;15173;-25;-110;-135;-0,00897725761404442;-0,013312034078807242;-0,008358662613981762;-0,034664905909541126;2;4
2016-09-09;17;2016-09-09 17:00:00;35,89;38,89;-3,0;39672;8282;47603;1488;1652;7983;9635;9770;164;-299;-135;-0,01401141670991178;0,09927360774818401;-0,03745459100588751;-0,08358874338255781;2;4
2016-09-09;18;2016-09-09 18:00:00;39,77;41,4;-1,6299999999999957;39672;3208;47603;1186;1484;3072;4556;4394;298;-136;162;0,03555750658472344;0,20080862533692723;-0,044270833333333336;-0,04098566758863454;2;4
2016-09-09;19;2016-09-09 19:00:00;41,92;43,36;-1,4399999999999975;39672;363;47603;1034;1502;368;1870;1397;468;5;473;0,2529411764705882;0,31158455392809586;0,01358695652173913;-0,03435114503816788;2;4
2016-09-09;20;2016-09-09 20:00:00;41,42;43,79;-2,369999999999997;39672;0;47603;1258;1883;2;1885;1258;625;2;627;0,33262599469496024;0,33191715347849177;1,0;-0,0572187349106711;2;4
2016-09-09;21;2016-09-09 21:00:00;38,27;39,91;-1,6399999999999937;39672;0;47603;1600;2307;0;2307;1600;707;0;707;0,306458604247941;0,306458604247941;;-0,042853409981708744;2;4
2016-09-09;22;2016-09-09 22:00:00;30,73;33,42;-2,6900000000000013;39672;0;47603;1868;2494;0;2494;1868;626;0;626;0,25100240577385724;0,25100240577385724;;-0,08753660917670034;2;4
2016-09-09;23;2016-09-09 23:00:00;28,01;30,05;-2,039999999999999;39672;0;47603;2093;2716;0;2716;2093;623;0;623;0,22938144329896906;0,22938144329896906;;-0,07283113173866473;2;4
2016-09-10;0;2016-09-10 00:00:00;33,02;28,27;4,750000000000004;39672;0;47621;2379;2465;0;2465;2379;86;0;86;0,03488843813387424;0,03488843813387424;;0,14385221078134475;2;5
2016-09-10;1;2016-09-10 01:00:00;27,11;26,13;0,9800000000000004;39672;0;47621;2548;2697;0;2697;2548;149;0;149;0,05524657026325547;0,05524657026325547;;0,03614902250092219;2;5
2016-09-10;2;2016-09-10 02:00:00;27,42;26,25;1,1700000000000017;39672;0;47621;2741;2824;0;2824;2741;83;0;83;0,029390934844192633;0,029390934844192633;;0,04266958424507664;2;5
2016-09-10;3;2016-09-10 03:00:00;24,25;25,38;-1,129999999999999;39672;0;47621;2891;2831;0;2831;2891;-60;0;-60;-0,021193924408336277;-0,021193924408336277;;-0,04659793814432986;2;5
2016-09-10;4;2016-09-10 04:00:00;23,75;24,47;-0,7199999999999989;39672;0;47621;2870;2817;0;2817;2870;-53;0;-53;-0,018814341498047567;-0,018814341498047567;;-0,030315789473684164;2;5
2016-09-10;5;2016-09-10 05:00:00;24,2;25,78;-1,5800000000000018;39672;0;47621;2656;2799;0;2799;2656;143;0;143;0,051089674883887104;0,051089674883887104;;-0,06528925619834719;2;5
2016-09-10;6;2016-09-10 06:00:00;25,51;27,04;-1,5299999999999976;39672;33;47621;2288;2758;59;2817;2321;470;26;496;0,17607383741569044;0,17041334300217548;0,4406779661016949;-0,059976479811838394;2;5
2016-09-10;7;2016-09-10 07:00:00;29,04;30,32;-1,2800000000000011;39672;1430;47621;2087;2678;1590;4268;3517;591;160;751;0,1759606373008435;0,2206870799103809;0,10062893081761007;-0,04407713498622594;2;5
2016-09-10;8;2016-09-10 08:00:00;29,75;31,41;-1,66;39672;5766;47621;1874;2349;6122;8471;7640;475;356;831;0,09809939794593318;0,2022137079608344;0,05815093106827834;-0,05579831932773109;2;5
2016-09-10;9;2016-09-10 09:00:00;29,94;33,24;-3,3000000000000007;39672;11610;47621;1388;1623;12033;13656;12998;235;423;658;0,04818394844756883;0,1447935921133703;0,035153328347045626;-0,11022044088176354;2;5
2016-09-10;10;2016-09-10 10:00:00;25,22;26,7;-1,4800000000000004;39672;16698;47621;1052;1294;17289;18583;17750;242;591;833;0,04482591615993112;0,18701700154559506;0,03418358493840014;-0,058683584456780354;2;5
2016-09-10;11;2016-09-10 11:00:00;23,69;28,0;-4,309999999999999;39672;20389;47621;1115;1233;20891;22124;21504;118;502;620;0,02802386548544567;0,09570154095701541;0,024029486381695466;-0,1819333051920641;2;5
2016-09-10;12;2016-09-10 12:00:00;23,08;26,92;-3,8400000000000034;39672;22178;47621;1141;1228;22760;23988;23319;87;582;669;0,027888944472236117;0,07084690553745929;0,025571177504393673;-0,16637781629116133;2;5
2016-09-10;13;2016-09-10 13:00:00;23,06;25,72;-2,66;39672;22109;47621;1306;1203;22684;23887;23415;-103;575;472;0,01975970192992004;-0,085619285120532;0,025348263092928938;-0,11535125758889854;2;5
2016-09-10;14;2016-09-10 14:00:00;23,06;25,33;-2,27;39672;20490;47621;1368;1173;20932;22105;21858;-195;442;247;0,011173942546935083;-0,16624040920716113;0,021115994649340723;-0,098438855160451;2;5
2016-09-10;15;2016-09-10 15:00:00;25,61;25,86;-0,25;39672;17422;47621;1356;1177;17684;18861;18778;-179;262;83;0,004400615025714438;-0,15208156329651656;0,014815652567292469;-0,009761811792268645;2;5
2016-09-10;16;2016-09-10 16:00:00;28,65;27,1;1,5499999999999972;39672;13189;47621;1221;1194;13288;14482;14410;-27;99;72;0,004971688993232979;-0,022613065326633167;0,0074503311258278145;0,05410122164048856;2;5
2016-09-10;17;2016-09-10 17:00:00;31,99;32,85;-0,860000000000003;39672;7921;47621;1146;1317;7889;9206;9067;171;-32;139;0,01509884857701499;0,12984054669703873;-0,004056280897452149;-0,02688340106283223;2;5
2016-09-10;18;2016-09-10 18:00:00;34,05;35,63;-1,5800000000000054;39672;2940;47621;1177;1705;2950;4655;4117;528;10;538;0,11557465091299678;0,3096774193548387;0,003389830508474576;-0,04640234948605009;2;5
2016-09-10;19;2016-09-10 19:00:00;38,7;38,15;0,5500000000000043;39672;297;47621;1736;2341;331;2672;2033;605;34;639;0,23914670658682635;0,2584365655702691;0,1027190332326284;0,01421188630490967;2;5
2016-09-10;20;2016-09-10 20:00:00;38,98;38,33;0,6499999999999986;39672;0;47621;2942;3265;2;3267;2942;323;2;325;0,09947964493419038;0,0989280245022971;1,0;0,016675218060543832;2;5
2016-09-10;21;2016-09-10 21:00:00;34,08;33,87;0,21000000000000085;39672;0;47621;3914;4105;0;4105;3914;191;0;191;0,04652862362971985;0,04652862362971985;;0,006161971830985941;2;5
2016-09-10;22;2016-09-10 22:00:00;30,65;31,33;-0,6799999999999997;39672;0;47621;4493;4875;0;4875;4493;382;0;382;0,07835897435897436;0,07835897435897436;;-0,022185970636215326;2;5
2016-09-10;23;2016-09-10 23:00:00;26,76;29,19;-2,43;39672;0;47621;5129;5328;0;5328;5129;199;0;199;0,03734984984984985;0,03734984984984985;;-0,09080717488789238;2;5
2016-09-11;0;2016-09-11 00:00:00;24,05;23,86;0,19000000000000128;39672;0;47621;5808;6139;0;6139;5808;331;0;331;0,05391757615246783;0,05391757615246783;;0,007900207900207953;2;6
2016-09-11;1;2016-09-11 01:00:00;22,87;22,24;0,6300000000000026;39672;0;47621;6252;6428;0;6428;6252;176;0;176;0,027380211574362167;0,027380211574362167;;0,027547004809794603;2;6
2016-09-11;2;2016-09-11 02:00:00;22,51;21,71;0,8000000000000007;39672;0;47621;6587;6340;0;6340;6587;-247;0;-247;-0,038958990536277605;-0,038958990536277605;;0,03553976010661931;2;6
2016-09-11;3;2016-09-11 03:00:00;21,73;19,7;2,0300000000000007;39672;0;47621;6696;6014;0;6014;6696;-682;0;-682;-0,1134020618556701;-0,1134020618556701;;0,09341923607915327;2;6
2016-09-11;4;2016-09-11 04:00:00;21,1;19,67;1,4299999999999995;39672;0;47621;6562;5554;0;5554;6562;-1008;0;-1008;-0,1814908174288801;-0,1814908174288801;;0,06777251184834121;2;6
2016-09-11;5;2016-09-11 05:00:00;22,09;19,78;2,3099999999999987;39672;0;47621;6325;4985;0;4985;6325;-1340;0;-1340;-0,2688064192577733;-0,2688064192577733;;0,10457220461747391;2;6
2016-09-11;6;2016-09-11 06:00:00;22,94;19,62;3,3200000000000003;39672;27;47621;5742;4390;46;4436;5769;-1352;19;-1333;-0,30049594229035165;-0,30797266514806376;0,41304347826086957;0,14472537053182216;2;6
2016-09-11;7;2016-09-11 07:00:00;22,93;19,85;3,0799999999999983;39672;1229;47621;5170;3839;1331;5170;6399;-1331;102;-1229;-0,23771760154738877;-0,3467048710601719;0,07663410969196092;0,13432184910597464;2;6
2016-09-11;8;2016-09-11 08:00:00;24,07;21,54;2,5300000000000007;39672;5094;47621;3932;3141;4974;8115;9026;-791;-120;-911;-0,11226124460874923;-0,2518306271887934;-0,024125452352231604;0,10511009555463235;2;6
2016-09-11;9;2016-09-11 09:00:00;25,11;23,3;1,8099999999999987;39672;10234;47621;2374;2040;9530;11570;12608;-334;-704;-1038;-0,08971477960242005;-0,16372549019607843;-0,0738719832109129;0,0720828355236957;2;6
2016-09-11;10;2016-09-11 10:00:00;24,96;24,19;0,7699999999999996;39672;15032;47621;1638;1366;13840;15206;16670;-272;-1192;-1464;-0,09627778508483494;-0,19912152269399708;-0,0861271676300578;0,030849358974358955;2;6
2016-09-11;11;2016-09-11 11:00:00;25,48;22,61;2,870000000000001;39672;18310;47621;1205;1336;16835;18171;19515;131;-1475;-1344;-0,07396400858510814;0,09805389221556886;-0,08761508761508761;0,11263736263736268;2;6
2016-09-11;12;2016-09-11 12:00:00;25,16;22,05;3,1099999999999994;39672;20015;47621;901;1047;18275;19322;20916;146;-1740;-1594;-0,08249663595901045;0,13944603629417382;-0,09521203830369357;0,12360890302066771;2;6
2016-09-11;13;2016-09-11 13:00:00;24,54;21,75;2,7899999999999987;39672;20026;47621;639;783;18416;19199;20665;144;-1610;-1466;-0,07635814365331528;0,1839080459770115;-0,08742397914856646;0,11369193154034225;2;6
2016-09-11;14;2016-09-11 14:00:00;23,48;20,93;2,5500000000000007;39672;18334;47621;470;594;17289;17883;18804;124;-1045;-921;-0,051501425935245766;0,20875420875420875;-0,06044305627855862;0,10860306643952303;2;6
2016-09-11;15;2016-09-11 15:00:00;23,42;20,84;2,5800000000000023;39672;15779;47621;441;535;14849;15384;16220;94;-930;-836;-0,05434217368694748;0,17570093457943925;-0,06263048016701461;0,11016225448334765;2;6
2016-09-11;16;2016-09-11 16:00:00;24,01;19,18;4,830000000000002;39672;12194;47621;400;486;11262;11748;12594;86;-932;-846;-0,07201225740551584;0,17695473251028807;-0,08275617119516959;0,20116618075801757;2;6
2016-09-11;17;2016-09-11 17:00:00;28,73;25,81;2,9200000000000017;39672;7493;47621;504;542;6744;7286;7997;38;-749;-711;-0,0975844084545704;0,07011070110701106;-0,11106168446026098;0,10163592064044559;2;6
2016-09-11;18;2016-09-11 18:00:00;36,36;34,94;1,4200000000000017;39672;2734;47621;679;757;2544;3301;3413;78;-190;-112;-0,03392911239018479;0,10303830911492734;-0,07468553459119497;0,0390539053905391;2;6
2016-09-11;19;2016-09-11 19:00:00;39,85;37,83;2,020000000000003;39672;260;47621;976;1106;272;1378;1236;130;12;142;0,10304789550072568;0,11754068716094032;0,04411764705882353;0,05069008782936018;2;6
2016-09-11;20;2016-09-11 20:00:00;42,57;40,84;1,7299999999999969;39672;0;47621;1600;1496;1;1497;1600;-104;1;-103;-0,06880427521710086;-0,06951871657754011;1,0;0,04063894761569173;2;6
2016-09-11;21;2016-09-11 21:00:00;38,93;34,62;4,310000000000001;39672;0;47621;2430;1872;0;1872;2430;-558;0;-558;-0,2980769230769231;-0,2980769230769231;;0,11071153352170567;2;6
2016-09-11;22;2016-09-11 22:00:00;35,94;31,89;4,049999999999997;39672;0;47621;3202;2219;0;2219;3202;-983;0;-983;-0,4429923388913925;-0,4429923388913925;;0,11268781302170276;2;6
2016-09-11;23;2016-09-11 23:00:00;31,27;28,38;2,890000000000001;39672;0;47621;3759;2489;0;2489;3759;-1270;0;-1270;-0,5102450783447168;-0,5102450783447168;;0,09242085065558046;2;6
2016-09-12;0;2016-09-12 00:00:00;24,06;22,51;1,5499999999999972;39674;0;47638;4400;3953;0;3953;4400;-447;0;-447;-0,11307867442448773;-0,11307867442448773;;0,06442227763923514;2;0
2016-09-12;1;2016-09-12 01:00:00;23,45;21,84;1,6099999999999994;39674;0;47638;5003;4211;0;4211;5003;-792;0;-792;-0,18807884113037282;-0,18807884113037282;;0,06865671641791042;2;0
2016-09-12;2;2016-09-12 02:00:00;22,88;21,35;1,5299999999999976;39674;0;47638;5401;4421;0;4421;5401;-980;0;-980;-0,22166930558697126;-0,22166930558697126;;0,06687062937062926;2;0
2016-09-12;3;2016-09-12 03:00:00;22,15;21,48;0,6699999999999982;39674;0;47638;5490;4543;0;4543;5490;-947;0;-947;-0,20845256438476778;-0,20845256438476778;;0,030248306997742582;2;0
2016-09-12;4;2016-09-12 04:00:00;22,75;20,51;2,2399999999999984;39674;0;47638;5525;4711;0;4711;5525;-814;0;-814;-0,17278709403523668;-0,17278709403523668;;0,09846153846153839;2;0
2016-09-12;5;2016-09-12 05:00:00;24,12;22,66;1,4600000000000009;39674;0;47638;5572;4851;0;4851;5572;-721;0;-721;-0,14862914862914864;-0,14862914862914864;;0,06053067993366504;2;0
2016-09-12;6;2016-09-12 06:00:00;36,69;40,13;-3,440000000000005;39674;24;47638;5077;4891;45;4936;5101;-186;21;-165;-0,03342787682333873;-0,03802903291760376;0,4666666666666667;-0,0937585173071683;2;0
2016-09-12;7;2016-09-12 07:00:00;43,0;43,99;-0,9900000000000021;39674;1339;47638;4685;4751;1471;6222;6024;66;132;198;0,03182256509161042;0,013891812250052621;0,08973487423521415;-0,023023255813953536;2;0
2016-09-12;8;2016-09-12 08:00:00;42,53;43,56;-1,0300000000000011;39674;5851;47638;3658;3882;6088;9970;9509;224;237;461;0,04623871614844534;0,05770221535291087;0,03892904073587385;-0,02421819891841056;2;0
2016-09-12;9;2016-09-12 09:00:00;39,43;36,93;2,5;39674;11769;47638;2126;2487;12117;14604;13895;361;348;709;0,048548342919748015;0,1451548049859268;0,028719980193117108;0,063403499873193;2;0
2016-09-12;10;2016-09-12 10:00:00;33,5;30,19;3,3099999999999987;39674;16992;47638;1347;1925;17463;19388;18339;578;471;1049;0,05410563234990716;0,3002597402597403;0,02697131077134513;0,0988059701492537;2;0
2016-09-12;11;2016-09-12 11:00:00;30,71;29,16;1,5500000000000007;39674;20470;47638;1138;1641;21154;22795;21608;503;684;1187;0,052072822987497255;0,3065204143814747;0,03233431029592512;0,05047215890589387;2;0
2016-09-12;12;2016-09-12 12:00:00;30,16;30,02;0,14000000000000054;39674;22300;47638;1170;1749;23028;24777;23470;579;728;1307;0,05275053477014974;0,33104631217838765;0,03161368768455793;0,0046419098143236255;2;0
2016-09-12;13;2016-09-12 13:00:00;29,61;32,69;-3,0799999999999983;39674;22555;47638;1328;2222;23101;25323;23883;894;546;1440;0,056865300319867314;0,40234023402340235;0,023635340461451885;-0,10401891252955077;2;0
2016-09-12;14;2016-09-12 14:00:00;31,15;32,71;-1,5600000000000025;39674;21076;47638;1369;2232;21524;23756;22445;863;448;1311;0,05518605825896616;0,3866487455197133;0,02081397509756551;-0,05008025682182994;2;0
2016-09-12;15;2016-09-12 15:00:00;32,69;33,58;-0,8900000000000006;39674;18138;47638;1349;1786;18339;20125;19487;437;201;638;0,03170186335403727;0,24468085106382978;0,010960248650417144;-0,027225451208320605;2;0
2016-09-12;16;2016-09-12 16:00:00;36,66;39,66;-3,0;39674;13567;47638;1354;1521;13714;15235;14921;167;147;314;0,02061043649491303;0,10979618671926364;0,010718973311943998;-0,08183306055646482;2;0
2016-09-12;17;2016-09-12 17:00:00;41,81;45,56;-3,75;39674;7919;47638;1490;1650;7948;9598;9409;160;29;189;0,019691602417170245;0,09696969696969697;0,0036487166582788123;-0,0896914613728773;2;0
2016-09-12;18;2016-09-12 18:00:00;42,97;58,8;-15,829999999999998;39674;2744;47638;1837;2163;2793;4956;4581;326;49;375;0,07566585956416465;0,15071659731853906;0,017543859649122806;-0,3683965557365604;2;0
2016-09-12;19;2016-09-12 19:00:00;46,73;78,56;-31,830000000000005;39674;232;47638;2926;3189;273;3462;3158;263;41;304;0,0878105141536684;0,08247099404201944;0,15018315018315018;-0,6811470147656753;2;0
2016-09-12;20;2016-09-12 20:00:00;42,83;87,69;-44,86;39674;0;47638;5006;4225;0;4225;5006;-781;0;-781;-0,18485207100591716;-0,18485207100591716;;-1,0473966845668925;2;0
2016-09-12;21;2016-09-12 21:00:00;37,93;46,05;-8,119999999999997;39674;0;47638;6567;5125;0;5125;6567;-1442;0;-1442;-0,28136585365853656;-0,28136585365853656;;-0,21407856577906664;2;0
2016-09-12;22;2016-09-12 22:00:00;30,65;31,28;-0,6300000000000026;39674;0;47638;6944;5768;0;5768;6944;-1176;0;-1176;-0,20388349514563106;-0,20388349514563106;;-0,02055464926590547;2;0
2016-09-12;23;2016-09-12 23:00:00;26,59;25,73;0,8599999999999994;39674;0;47638;6802;5980;0;5980;6802;-822;0;-822;-0,1374581939799331;-0,1374581939799331;;0,032342986084994335;2;0
2016-09-13;0;2016-09-13 00:00:00;26,64;29,1;-2,460000000000001;39676;0;47654;6476;6314;0;6314;6476;-162;0;-162;-0,025657269559708585;-0,025657269559708585;;-0,09234234234234237;2;1
2016-09-13;1;2016-09-13 01:00:00;24,8;24,42;0,37999999999999895;39676;0;47654;5924;6081;0;6081;5924;157;0;157;0,025818122019404702;0,025818122019404702;;0,015322580645161248;2;1
2016-09-13;2;2016-09-13 02:00:00;24,01;23,92;0,08999999999999986;39676;0;47654;5342;5793;0;5793;5342;451;0;451;0,07785258070084584;0,07785258070084584;;0,003748438150770506;2;1
2016-09-13;3;2016-09-13 03:00:00;23,52;22,67;0,8499999999999979;39676;0;47654;4872;5553;0;5553;4872;681;0;681;0,12263641274986493;0,12263641274986493;;0,03613945578231283;2;1
2016-09-13;4;2016-09-13 04:00:00;23,55;21,64;1,91;39676;0;47654;4611;5370;0;5370;4611;759;0;759;0,14134078212290502;0,14134078212290502;;0,081104033970276;2;1
2016-09-13;5;2016-09-13 05:00:00;26,39;22,92;3,469999999999999;39676;0;47654;4563;5257;0;5257;4563;694;0;694;0,13201445691459007;0,13201445691459007;;0,13148920045471765;2;1
2016-09-13;6;2016-09-13 06:00:00;37,48;32,55;4,93;39676;21;47654;4626;5202;43;5245;4647;576;22;598;0,11401334604385129;0,11072664359861592;0,5116279069767442;0,1315368196371398;2;1
2016-09-13;7;2016-09-13 07:00:00;44,44;41,22;3,219999999999999;39676;1382;47654;4631;5091;1566;6657;6013;460;184;644;0,09674027339642481;0,09035552936554704;0,11749680715197956;0,07245724572457243;2;1
2016-09-13;8;2016-09-13 08:00:00;42,76;46,78;-4,020000000000003;39676;5832;47654;4132;4662;6397;11059;9964;530;565;1095;0,09901437743014739;0,11368511368511368;0,08832265124277004;-0,09401309635173066;2;1
2016-09-13;9;2016-09-13 09:00:00;38,92;41,75;-2,8299999999999983;39676;11638;47654;2677;3576;12436;16012;14315;899;798;1697;0,10598301274044467;0,25139821029082776;0,06416854293985204;-0,07271325796505648;2;1
2016-09-13;10;2016-09-13 10:00:00;35,91;37,97;-2,0600000000000023;39676;16749;47654;1722;2697;17786;20483;18471;975;1037;2012;0,09822779866230533;0,3615127919911012;0,058304284268525804;-0,0573656363130048;2;1
2016-09-13;11;2016-09-13 11:00:00;32,74;38,38;-5,6400000000000015;39676;20317;47654;2205;2859;21416;24275;22522;654;1099;1753;0,07221421215242019;0,22875131164742918;0,05131677250653717;-0,17226634086744047;2;1
2016-09-13;12;2016-09-13 12:00:00;28,13;34,78;-6,650000000000002;39676;22250;47654;3506;3602;23290;26892;25756;96;1040;1136;0,04224304625911052;0,026651860077734593;0,0446543580936024;-0,2364024173480271;2;1
2016-09-13;13;2016-09-13 13:00:00;27,62;31,86;-4,239999999999998;39676;22407;47654;4861;4524;23451;27975;27268;-337;1044;707;0,025272564789991063;-0,07449160035366932;0,044518357426122555;-0,1535119478638667;2;1
2016-09-13;14;2016-09-13 14:00:00;28,73;31,3;-2,5700000000000003;39676;20966;47654;5281;5080;21998;27078;26247;-201;1032;831;0,03068912031907822;-0,039566929133858265;0,04691335575961451;-0,08945353289244692;2;1
2016-09-13;15;2016-09-13 15:00:00;28,25;30,52;-2,27;39676;17992;47654;5217;5129;18843;23972;23209;-88;851;763;0,03182880026697814;-0,01715734061220511;0,045162659873693146;-0,08035398230088496;2;1
2016-09-13;16;2016-09-13 16:00:00;30,23;33,75;-3,52;39676;13528;47654;5177;5094;14057;19151;18705;-83;529;446;0,02328860111743512;-0,01629367883784845;0,03763249626520595;-0,11644062189877605;2;1
2016-09-13;17;2016-09-13 17:00:00;37,42;41,05;-3,629999999999996;39676;7843;47654;5417;5393;8068;13461;13260;-24;225;201;0,01493202585246267;-0,004450213239384387;0,02788795240456123;-0,09700694815606616;2;1
2016-09-13;18;2016-09-13 18:00:00;40,42;43,33;-2,9099999999999966;39676;2677;47654;5882;6250;2743;8993;8559;368;66;434;0,04825975758923607;0,05888;0,024061246810061977;-0,07199406234537349;2;1
2016-09-13;19;2016-09-13 19:00:00;41,93;43,62;-1,6899999999999975;39676;241;47654;8052;7942;251;8193;8293;-110;10;-100;-0,012205541315757355;-0,013850415512465374;0,0398406374501992;-0,040305270689243916;2;1
2016-09-13;20;2016-09-13 20:00:00;38,94;42,13;-3,190000000000005;39676;0;47654;11722;9735;0;9735;11722;-1987;0;-1987;-0,20410888546481767;-0,20410888546481767;;-0,0819209039548024;2;1
2016-09-13;21;2016-09-13 21:00:00;33,52;30,89;2,6300000000000026;39676;0;47654;13932;11009;0;11009;13932;-2923;0;-2923;-0,26551003724225636;-0,26551003724225636;;0,07846062052505974;2;1
2016-09-13;22;2016-09-13 22:00:00;25,76;24,14;1,620000000000001;39676;0;47654;14398;11702;0;11702;14398;-2696;0;-2696;-0,23038796786874038;-0,23038796786874038;;0,06288819875776401;2;1
2016-09-13;23;2016-09-13 23:00:00;24,27;21,35;2,919999999999998;39676;0;47654;13952;11798;0;11798;13952;-2154;0;-2154;-0,18257331751144262;-0,18257331751144262;;0,12031314379892864;2;1
2016-09-14;0;2016-09-14 00:00:00;23,0;21,33;1,6700000000000017;39680;0;47659;13025;11219;0;11219;13025;-1806;0;-1806;-0,16097691416347268;-0,16097691416347268;;0,07260869565217398;2;2
2016-09-14;1;2016-09-14 01:00:00;22,17;20,4;1,7700000000000031;39680;0;47659;11892;10825;0;10825;11892;-1067;0;-1067;-0,09856812933025404;-0,09856812933025404;;0,07983761840324777;2;2
2016-09-14;2;2016-09-14 02:00:00;21,34;20,28;1,0599999999999987;39680;0;47659;10758;10596;0;10596;10758;-162;0;-162;-0,015288788221970554;-0,015288788221970554;;0,049671977507028994;2;2
2016-09-14;3;2016-09-14 03:00:00;21,85;20,83;1,0200000000000031;39680;0;47659;9904;10123;0;10123;9904;219;0;219;0,021633902993183837;0,021633902993183837;;0,046681922196796476;2;2
2016-09-14;4;2016-09-14 04:00:00;22,74;23,23;-0,490000000000002;39680;0;47659;9375;9730;0;9730;9375;355;0;355;0,03648509763617677;0,03648509763617677;;-0,021547933157431927;2;2
2016-09-14;5;2016-09-14 05:00:00;23,31;26,65;-3,34;39680;0;47659;8645;9481;0;9481;8645;836;0;836;0,08817635270541083;0,08817635270541083;;-0,14328614328614328;2;2
2016-09-14;6;2016-09-14 06:00:00;33,22;34,16;-0,9399999999999976;39680;18;47659;8404;9270;37;9307;8422;866;19;885;0,09508971741699795;0,09341963322545847;0,5135135135135135;-0,028296207104154054;2;2
2016-09-14;7;2016-09-14 07:00:00;38,98;40,24;-1,2600000000000051;39680;1262;47659;8254;8897;1480;10377;9516;643;218;861;0,08297195721306735;0,07227155220860965;0,1472972972972973;-0,03232426885582363;2;2
2016-09-14;8;2016-09-14 08:00:00;39,9;38,4;1,5;39680;5676;47659;6938;8075;6220;14295;12614;1137;544;1681;0,11759356418328087;0,1408049535603715;0,08745980707395498;0,03759398496240601;2;2
2016-09-14;9;2016-09-14 09:00:00;34,95;34,89;0,060000000000002274;39680;11406;47659;4590;6768;12205;18973;15996;2178;799;2977;0,15690718389290043;0,32180851063829785;0,06546497337156904;0,0017167381974249577;2;2
2016-09-14;10;2016-09-14 10:00:00;31,8;33,79;-1,9899999999999984;39680;16658;47659;3610;5862;17548;23410;20268;2252;890;3142;0,13421614694574968;0,38416922552030025;0,05071803054479143;-0,0625786163522012;2;2
2016-09-14;11;2016-09-14 11:00:00;31,9;31,66;0,23999999999999844;39680;20380;47659;3903;5784;21233;27017;24283;1881;853;2734;0,1011955435466558;0,32520746887966806;0,04017331512268638;0,007523510971786785;2;2
2016-09-14;12;2016-09-14 12:00:00;27,03;28,26;-1,2300000000000004;39680;22110;47659;5330;6572;23180;29752;27440;1242;1070;2312;0,07770906157569239;0,18898356664637858;0,04616048317515099;-0,045504994450610445;2;2
2016-09-14;13;2016-09-14 13:00:00;25,23;26,03;-0,8000000000000007;39680;22200;47659;7236;7573;23392;30965;29436;337;1192;1529;0,04937833037300177;0,04450019807209824;0,05095759233926129;-0,03170828378913994;2;2
2016-09-14;14;2016-09-14 14:00:00;26,22;25,57;0,6499999999999986;39680;20739;47659;7892;8196;21907;30103;28631;304;1168;1472;0,04889878085240674;0,03709126403123475;0,05331629159629342;0,024790236460716958;2;2
2016-09-14;15;2016-09-14 15:00:00;26,95;25,78;1,1699999999999982;39680;17640;47659;7721;8457;18736;27193;25361;736;1096;1832;0,06737027911594896;0,0870284971029916;0,058497011101622545;0,04341372912801478;2;2
2016-09-14;16;2016-09-14 16:00:00;28,55;28,45;0,10000000000000142;39680;13105;47659;7428;8730;13917;22647;20533;1302;812;2114;0,09334569700181039;0,14914089347079038;0,05834590788244593;0,0035026269702277207;2;2
2016-09-14;17;2016-09-14 17:00:00;35,69;34,49;1,1999999999999955;39680;7571;47659;7566;9431;7925;17356;15137;1865;354;2219;0,12785203964047015;0,19775209415756548;0,04466876971608833;0,03362286354721198;2;2
2016-09-14;18;2016-09-14 18:00:00;37,66;37,67;-0,010000000000005116;39680;2482;47659;8252;10813;2630;13443;10734;2561;148;2709;0,20151751841106896;0,2368445389808564;0,05627376425855513;-0,0002655337227829293;2;2
2016-09-14;19;2016-09-14 19:00:00;37,44;37,11;0,3299999999999983;39680;179;47659;10533;12448;227;12675;10712;1915;48;1963;0,15487179487179487;0,15383997429305912;0,21145374449339208;0,008814102564102519;2;2
2016-09-14;20;2016-09-14 20:00:00;34,1;29,1;5,0;39680;0;47659;13806;13744;0;13744;13806;-62;0;-62;-0,004511059371362049;-0,004511059371362049;;0,14662756598240467;2;2
2016-09-14;21;2016-09-14 21:00:00;26,84;23,02;3,82;39680;0;47659;15708;14685;0;14685;15708;-1023;0;-1023;-0,0696629213483146;-0,0696629213483146;;0,14232488822652756;2;2
2016-09-14;22;2016-09-14 22:00:00;24,27;22,04;2,2300000000000004;39680;0;47659;15974;15120;0;15120;15974;-854;0;-854;-0,05648148148148148;-0,05648148148148148;;0,09188298310671612;2;2
2016-09-14;23;2016-09-14 23:00:00;22,96;23,16;-0,1999999999999993;39680;0;47659;15610;15018;0;15018;15610;-592;0;-592;-0,039419363430550004;-0,039419363430550004;;-0,008710801393728191;2;2
2016-09-15;0;2016-09-15 00:00:00;22,93;22,64;0,28999999999999915;39683;0;47705;14932;14403;0;14403;14932;-529;0;-529;-0,036728459348746786;-0,036728459348746786;;0,012647187091146933;2;3
2016-09-15;1;2016-09-15 01:00:00;21,88;22,02;-0,14000000000000054;39683;0;47705;14132;13652;0;13652;14132;-480;0;-480;-0,03515968356284793;-0,03515968356284793;;-0,006398537477148105;2;3
2016-09-15;2;2016-09-15 02:00:00;21,42;20,85;0,5700000000000003;39683;0;47705;13398;12990;0;12990;13398;-408;0;-408;-0,03140877598152425;-0,03140877598152425;;0,02661064425770309;2;3
2016-09-15;3;2016-09-15 03:00:00;21,13;21,9;-0,7699999999999996;39683;0;47705;12915;12441;0;12441;12915;-474;0;-474;-0,03809983120327948;-0,03809983120327948;;-0,03644107903454802;2;3
2016-09-15;4;2016-09-15 04:00:00;21,35;24,04;-2,6899999999999977;39683;0;47705;12914;12080;0;12080;12914;-834;0;-834;-0,06903973509933775;-0,06903973509933775;;-0,12599531615925047;2;3
2016-09-15;5;2016-09-15 05:00:00;23,05;23,26;-0,21000000000000085;39683;0;47705;12518;11896;0;11896;12518;-622;0;-622;-0,052286482851378616;-0,052286482851378616;;-0,009110629067245156;2;3
2016-09-15;6;2016-09-15 06:00:00;27,01;25,55;1,4600000000000009;39683;14;47705;12394;11776;35;11811;12408;-618;21;-597;-0,050546101092202186;-0,05247961956521739;0,6;0,054054054054054085;2;3
2016-09-15;7;2016-09-15 07:00:00;37,08;34,93;2,1499999999999986;39683;1246;47705;11790;11518;1428;12946;13036;-272;182;-90;-0,00695195427158968;-0,023615210974127453;0,12745098039215685;0,057982740021574934;2;3
2016-09-15;8;2016-09-15 08:00:00;37,01;36,77;0,2399999999999949;39683;5712;47705;9790;10832;6134;16966;15502;1042;422;1464;0,08629022751385124;0,09619645494830133;0,06879686990544506;0,006484733855714534;2;3
2016-09-15;9;2016-09-15 09:00:00;33,71;33,66;0,05000000000000426;39683;11664;47705;7181;9912;12123;22035;18845;2731;459;3190;0,14476968459269343;0,27552461662631156;0,0378619153674833;0,0014832393948384533;2;3
2016-09-15;10;2016-09-15 10:00:00;27,96;28,21;-0,25;39683;16943;47705;6961;9671;17318;26989;23904;2710;375;3085;0,11430582830041869;0,2802192120773446;0,021653770643261346;-0,008941344778254649;2;3
2016-09-15;11;2016-09-15 11:00:00;26,83;28,58;-1,75;39683;20236;47705;9791;10049;20885;30934;30027;258;649;907;0,02932048878256934;0,025674196437456463;0,03107493416327508;-0,06522549385016772;2;3
2016-09-15;12;2016-09-15 12:00:00;24,79;24,91;-0,12000000000000098;39683;21634;47705;11388;10474;22494;32968;33022;-914;860;-54;-0,0016379519534093668;-0,08726370059194195;0,0382324175335645;-0,004840661557079507;2;3
2016-09-15;13;2016-09-15 13:00:00;24,71;24,29;0,4200000000000017;39683;21070;47705;10762;10672;22246;32918;31832;-90;1176;1086;0,0329910687162039;-0,00843328335832084;0,05286343612334802;0,016997167138810266;2;3
2016-09-15;14;2016-09-15 14:00:00;23,99;25,77;-1,7800000000000011;39683;19292;47705;9992;10614;20220;30834;29284;622;928;1550;0,050269183369008236;0,05860184661767477;0,045895153313550936;-0,07419758232596921;2;3
2016-09-15;15;2016-09-15 15:00:00;26,63;28,9;-2,27;39683;15798;47705;9687;10448;16695;27143;25485;761;897;1658;0,06108388903216299;0,07283690658499234;0,053728661275831084;-0,08524220803604957;2;3
2016-09-15;16;2016-09-15 16:00:00;26,99;28,15;-1,16;39683;11124;47705;9934;10369;12027;22396;21058;435;903;1338;0,059742811216288626;0,04195197222490115;0,07508106759790471;-0,04297888106706187;2;3
2016-09-15;17;2016-09-15 17:00:00;32,15;30,25;1,8999999999999984;39683;6159;47705;10460;10349;6630;16979;16619;-111;471;360;0,02120266211202073;-0,010725673978162141;0,07104072398190045;0,0590979782270606;2;3
2016-09-15;18;2016-09-15 18:00:00;37,22;40,19;-2,969999999999999;39683;2010;47705;10342;10501;2149;12650;12352;159;139;298;0,023557312252964428;0,015141415103323492;0,06468124709167054;-0,07979580870499728;2;3
2016-09-15;19;2016-09-15 19:00:00;38,86;36,86;2,0;39683;136;47705;11162;11245;175;11420;11298;83;39;122;0,010683012259194396;0,007381058248110271;0,22285714285714286;0,0514668039114771;2;3
2016-09-15;20;2016-09-15 20:00:00;37,41;34,53;2,8799999999999955;39683;0;47705;13092;12232;0;12232;13092;-860;0;-860;-0,07030739045127535;-0,07030739045127535;;0,07698476343223726;2;3
2016-09-15;21;2016-09-15 21:00:00;29,0;26,17;2,8299999999999983;39683;0;47705;13493;12607;0;12607;13493;-886;0;-886;-0,07027841675259776;-0,07027841675259776;;0,09758620689655166;2;3
2016-09-15;22;2016-09-15 22:00:00;25,06;24,5;0,5599999999999987;39683;0;47705;12708;12551;0;12551;12708;-157;0;-157;-0,012508963429208828;-0,012508963429208828;;0,022346368715083748;2;3
2016-09-15;23;2016-09-15 23:00:00;23,02;22,11;0,91;39683;0;47705;11837;12045;0;12045;11837;208;0;208;0,017268576172685762;0,017268576172685762;;0,03953084274543875;2;3
2016-09-16;0;2016-09-16 00:00:00;22,26;26,06;-3,799999999999997;39687;0;47727;10404;10814;0;10814;10404;410;0;410;0,037913815424449784;0,037913815424449784;;-0,17070979335130265;2;4
2016-09-16;1;2016-09-16 01:00:00;21,24;24,92;-3,6800000000000033;39687;0;47727;8936;9864;0;9864;8936;928;0;928;0,09407948094079481;0,09407948094079481;;-0,1732580037664785;2;4
2016-09-16;2;2016-09-16 02:00:00;21,22;25,24;-4,02;39687;0;47727;7876;8961;0;8961;7876;1085;0;1085;0,12108023658073876;0,12108023658073876;;-0,1894439208294062;2;4
2016-09-16;3;2016-09-16 03:00:00;21,29;22,31;-1,0199999999999996;39687;0;47727;6822;8089;0;8089;6822;1267;0;1267;0,1566324638397824;0,1566324638397824;;-0,04790981681540628;2;4
2016-09-16;4;2016-09-16 04:00:00;20,35;23,56;-3,2099999999999973;39687;0;47727;6052;7242;0;7242;6052;1190;0;1190;0,1643192488262911;0,1643192488262911;;-0,15773955773955758;2;4
2016-09-16;5;2016-09-16 05:00:00;22,59;25,75;-3,16;39687;0;47727;5647;6493;0;6493;5647;846;0;846;0,1302941629447097;0,1302941629447097;;-0,13988490482514387;2;4
2016-09-16;6;2016-09-16 06:00:00;31,47;36,81;-5,340000000000003;39687;9;47727;5504;5898;20;5918;5513;394;11;405;0,06843528218992903;0,06680230586639539;0,55;-0,16968541468064835;2;4
2016-09-16;7;2016-09-16 07:00:00;39,96;43,76;-3,799999999999997;39687;856;47727;5247;5328;876;6204;6103;81;20;101;0,016279819471308833;0,015202702702702704;0,0228310502283105;-0,09509509509509502;2;4
2016-09-16;8;2016-09-16 08:00:00;40,7;43,18;-2,479999999999997;39687;3642;47727;4208;4652;3714;8366;7850;444;72;516;0,06167822137222089;0,09544282029234738;0,01938610662358643;-0,06093366093366085;2;4
2016-09-16;9;2016-09-16 09:00:00;39,98;39,19;0,7899999999999991;39687;7381;47727;2876;3930;7260;11190;10257;1054;-121;933;0,08337801608579089;0,2681933842239186;-0,016666666666666666;0,019759879939969964;2;4
2016-09-16;10;2016-09-16 10:00:00;38,98;38,46;0,519999999999996;39687;11225;47727;2476;3463;10480;13943;13701;987;-745;242;0,017356379545291543;0,28501299451342765;-0,07108778625954199;0,013340174448434994;2;4
2016-09-16;11;2016-09-16 11:00:00;37,81;35,04;2,770000000000003;39687;14166;47727;2415;3215;12753;15968;16581;800;-1413;-613;-0,03838927855711423;0,24883359253499224;-0,11079745942131264;0,07326104205236718;2;4
2016-09-16;12;2016-09-16 12:00:00;36,0;31,65;4,350000000000001;39687;15460;47727;2754;3136;13947;17083;18214;382;-1513;-1131;-0,0662061698764854;0,12181122448979592;-0,10848211084821109;0,12083333333333338;2;4
2016-09-16;13;2016-09-16 13:00:00;31,95;29,91;2,039999999999999;39687;14576;47727;2890;3031;13908;16939;17466;141;-668;-527;-0,03111163586988606;0,046519300560871;-0,04802991084268047;0,06384976525821594;2;4
2016-09-16;14;2016-09-16 14:00:00;29,84;28,46;1,379999999999999;39687;11886;47727;3069;2867;12774;15641;14955;-202;888;686;0,04385908829358737;-0,07045692361353331;0,06951620479098168;0,04624664879356565;2;4
2016-09-16;15;2016-09-16 15:00:00;33,99;32,25;1,740000000000002;39687;9103;47727;2808;2643;10693;13336;11911;-165;1590;1425;0,10685362927414517;-0,06242905788876277;0,14869540821097915;0,05119152691968232;2;4
2016-09-16;16;2016-09-16 16:00:00;35,61;39,56;-3,950000000000003;39687;6296;47727;2442;2444;7785;10229;8738;2;1489;1491;0,14576204907615603;0,0008183306055646482;0,19126525369299935;-0,11092389778152213;2;4
2016-09-16;17;2016-09-16 17:00:00;38,28;41,16;-2,8799999999999955;39687;3448;47727;2285;2433;4473;6906;5733;148;1025;1173;0,16985230234578627;0,06083025071927661;0,22915269394142634;-0,07523510971786822;2;4
2016-09-16;18;2016-09-16 18:00:00;40,1;42,65;-2,549999999999997;39687;1096;47727;2019;2692;1479;4171;3115;673;383;1056;0,25317669623591466;0,25;0,2589587559161596;-0,0635910224438902;2;4
2016-09-16;19;2016-09-16 19:00:00;41,75;41,3;0,4500000000000029;39687;77;47727;2195;3153;115;3268;2272;958;38;996;0,3047735618115055;0,30383761496986994;0,33043478260869563;0,010778443113772525;2;4
2016-09-16;20;2016-09-16 20:00:00;40,99;40,66;0,3300000000000054;39687;0;47727;2460;3641;1;3642;2460;1181;1;1182;0,3245469522240527;0,32436143916506455;1,0;0,008050744083923039;2;4
2016-09-16;21;2016-09-16 21:00:00;36,5;38,07;-1,5700000000000005;39687;0;47727;2734;3980;0;3980;2734;1246;0;1246;0,31306532663316583;0,31306532663316583;;-0,043013698630137;2;4
2016-09-16;22;2016-09-16 22:00:00;30,74;33,07;-2,3300000000000023;39687;0;47727;2977;4230;0;4230;2977;1253;0;1253;0,2962174940898345;0,2962174940898345;;-0,07579700715679903;2;4
2016-09-16;23;2016-09-16 23:00:00;25,16;27,89;-2,7300000000000004;39687;0;47727;3102;4399;0;4399;3102;1297;0;1297;0,2948397363037054;0,2948397363037054;;-0,10850556438791735;2;4
2016-09-17;0;2016-09-17 00:00:00;29,84;30,27;-0,4299999999999997;39687;0;47730;3227;3366;0;3366;3227;139;0;139;0,04129530600118835;0,04129530600118835;;-0,014410187667560312;2;5
2016-09-17;1;2016-09-17 01:00:00;26,32;28,61;-2,289999999999999;39687;0;47730;3288;3417;0;3417;3288;129;0;129;0,03775241439859526;0,03775241439859526;;-0,08700607902735559;2;5
2016-09-17;2;2016-09-17 02:00:00;24,08;24,93;-0,8500000000000014;39687;0;47730;3400;3484;0;3484;3400;84;0;84;0,024110218140068886;0,024110218140068886;;-0,0352990033222592;2;5
2016-09-17;3;2016-09-17 03:00:00;22,81;24,38;-1,5700000000000005;39687;0;47730;3557;3542;0;3542;3557;-15;0;-15;-0,004234895539243365;-0,004234895539243365;;-0,06882946076282336;2;5
2016-09-17;4;2016-09-17 04:00:00;22,25;23,22;-0,9699999999999988;39687;0;47730;3654;3650;0;3650;3654;-4;0;-4;-0,001095890410958904;-0,001095890410958904;;-0,043595505617977474;2;5
2016-09-17;5;2016-09-17 05:00:00;22,91;23,46;-0,5500000000000007;39687;0;47730;3807;3850;0;3850;3807;43;0;43;0,011168831168831168;0,011168831168831168;;-0,024006983849847258;2;5
2016-09-17;6;2016-09-17 06:00:00;24,91;26,05;-1,1400000000000006;39687;6;47730;4210;4247;10;4257;4216;37;4;41;0,009631195677707306;0,00871203202260419;0,4;-0,045764753111200346;2;5
2016-09-17;7;2016-09-17 07:00:00;27,92;32,49;-4,57;39687;260;47730;4244;4746;382;5128;4504;502;122;624;0,12168486739469579;0,10577328276443321;0,3193717277486911;-0,16368194842406877;2;5
2016-09-17;8;2016-09-17 08:00:00;31,41;38,57;-7,16;39687;1296;47730;4564;5290;1770;7060;5860;726;474;1200;0,16997167138810199;0,13724007561436674;0,2677966101694915;-0,2279528812480102;2;5
2016-09-17;9;2016-09-17 09:00:00;36,93;40,54;-3,61;39687;2992;47730;4856;5819;3558;9377;7848;963;566;1529;0,16305854750986457;0,1654923526379103;0,15907813378302418;-0,09775250473869483;2;5
2016-09-17;10;2016-09-17 10:00:00;36,91;41,6;-4,690000000000005;39687;4805;47730;5325;6345;5164;11509;10130;1020;359;1379;0,11981927187418542;0,1607565011820331;0,06951975213013169;-0,12706583581685194;2;5
2016-09-17;11;2016-09-17 11:00:00;36,08;39,59;-3,5100000000000047;39687;6425;47730;6014;6946;6393;13339;12439;932;-32;900;0,06747132468700802;0,1341779441405125;-0,005005474737994682;-0,09728381374722851;2;5
2016-09-17;12;2016-09-17 12:00:00;30,53;37,38;-6,850000000000001;39687;7834;47730;6612;7680;7081;14761;14446;1068;-753;315;0,02134001761398279;0,1390625;-0,10634091230052252;-0,22436947264985263;2;5
2016-09-17;13;2016-09-17 13:00:00;25,1;30,88;-5,779999999999998;39687;7743;47730;7533;8444;6960;15404;15276;911;-783;128;0,008309529992209816;0,10788725722406442;-0,1125;-0,23027888446215128;2;5
2016-09-17;14;2016-09-17 14:00:00;24,79;29,54;-4,75;39687;6870;47730;8257;9097;6306;15403;15127;840;-564;276;0,017918587288190613;0,09233813345058811;-0,08943862987630828;-0,19160951996772893;2;5
2016-09-17;15;2016-09-17 15:00:00;24,14;28,36;-4,219999999999999;39687;5305;47730;8612;9726;5168;14894;13917;1114;-137;977;0,06559688465153753;0,11453835081225582;-0,026509287925696595;-0,17481358740679365;2;5
2016-09-17;16;2016-09-17 16:00:00;24,93;28,69;-3,7600000000000016;39687;3546;47730;8918;10215;3727;13942;12464;1297;181;1478;0,10601061540668484;0,1269701419481155;0,04856452911188624;-0,15082230244685124;2;5
2016-09-17;17;2016-09-17 17:00:00;27,85;31,97;-4,119999999999997;39687;1838;47730;9578;10662;2135;12797;11416;1084;297;1381;0,10791591779323279;0,10166948039767398;0,13911007025761124;-0,14793536804308788;2;5
2016-09-17;18;2016-09-17 18:00:00;27,03;33,05;-6,019999999999996;39687;510;47730;10056;11206;713;11919;10566;1150;203;1353;0,11351623458343821;0,10262359450294485;0,2847124824684432;-0,2227155012948574;2;5
2016-09-17;19;2016-09-17 19:00:00;32,52;40,33;-7,809999999999995;39687;37;47730;11198;11875;61;11936;11235;677;24;701;0,0587298927613941;0,05701052631578948;0,39344262295081966;-0,24015990159901582;2;5
2016-09-17;20;2016-09-17 20:00:00;31,98;37,08;-5,099999999999998;39687;0;47730;12172;12127;1;12128;12172;-45;1;-44;-0,0036279683377308707;-0,003710728127319205;1,0;-0,15947467166979354;2;5
2016-09-17;21;2016-09-17 21:00:00;24,57;24,37;0,1999999999999993;39687;0;47730;12266;12402;0;12402;12266;136;0;136;0,010965973230124174;0,010965973230124174;;0,008140008140008112;2;5
2016-09-17;22;2016-09-17 22:00:00;23,51;24,58;-1,0699999999999967;39687;0;47730;11600;12497;0;12497;11600;897;0;897;0,07177722653436824;0,07177722653436824;;-0,04551254785197774;2;5
2016-09-17;23;2016-09-17 23:00:00;23,19;25,11;-1,9199999999999984;39687;0;47730;10994;12301;0;12301;10994;1307;0;1307;0,10625152426631981;0,10625152426631981;;-0,0827943078913324;2;5
2016-09-18;0;2016-09-18 00:00:00;21,22;23,09;-1,870000000000001;39687;0;47730;10630;12143;0;12143;10630;1513;0;1513;0,12459853413489252;0,12459853413489252;;-0,08812441093308206;2;6
2016-09-18;1;2016-09-18 01:00:00;22,39;22,45;-0,05999999999999873;39687;0;47730;10205;11652;0;11652;10205;1447;0;1447;0,12418468932372125;0,12418468932372125;;-0,00267976775346131;2;6
2016-09-18;2;2016-09-18 02:00:00;21,22;21,33;-0,10999999999999943;39687;0;47730;10080;11240;0;11240;10080;1160;0;1160;0,10320284697508897;0,10320284697508897;;-0,005183788878416562;2;6
2016-09-18;3;2016-09-18 03:00:00;20,0;20,22;-0,21999999999999886;39687;0;47730;9962;11002;0;11002;9962;1040;0;1040;0,09452826758771132;0,09452826758771132;;-0,010999999999999944;2;6
2016-09-18;4;2016-09-18 04:00:00;18,43;19,21;-0,7800000000000011;39687;0;47730;10267;10899;0;10899;10267;632;0;632;0,05798697128176897;0,05798697128176897;;-0,04232230059685302;2;6
2016-09-18;5;2016-09-18 05:00:00;19,53;19,7;-0,16999999999999815;39687;0;47730;10358;10799;0;10799;10358;441;0;441;0,0408371145476433;0,0408371145476433;;-0,008704557091653771;2;6
2016-09-18;6;2016-09-18 06:00:00;20,43;20,51;-0,08000000000000185;39687;5;47730;10447;10597;9;10606;10452;150;4;154;0,014520082971902697;0,0141549495140134;0,4444444444444444;-0,003915810083211055;2;6
2016-09-18;7;2016-09-18 07:00:00;20,73;20,78;-0,05000000000000071;39687;431;47730;10174;10288;524;10812;10605;114;93;207;0,019145394006659266;0,011080870917573872;0,17748091603053434;-0,0024119633381572943;2;6
2016-09-18;8;2016-09-18 08:00:00;22,77;19,96;2,8099999999999987;39687;1951;47730;9424;9896;2398;12294;11375;472;447;919;0,07475191150154548;0,047696038803556995;0,18640533778148458;0,12340799297321031;2;6
2016-09-18;9;2016-09-18 09:00:00;24,78;24,32;0,4600000000000009;39687;4313;47730;8966;9602;4898;14500;13279;636;585;1221;0,08420689655172414;0,06623620079150178;0,1194365046957942;0,018563357546408428;2;6
2016-09-18;10;2016-09-18 10:00:00;24,56;24,47;0,08999999999999986;39687;6630;47730;9176;9395;7378;16773;15806;219;748;967;0,05765217909735885;0,0233102714209686;0,10138248847926268;0,003664495114006509;2;6
2016-09-18;11;2016-09-18 11:00:00;24,98;24,77;0,21000000000000085;39687;8638;47730;9209;8908;9301;18209;17847;-301;663;362;0,019880278982920534;-0,03378985181859003;0,07128265777873347;0,008406725380304278;2;6
2016-09-18;12;2016-09-18 12:00:00;24,0;24,73;-0,7300000000000004;39687;9482;47730;8728;8350;10477;18827;18210;-378;995;617;0,03277208264726191;-0,04526946107784431;0,0949699341414527;-0,030416666666666686;2;6
2016-09-18;13;2016-09-18 13:00:00;24,1;23,46;0,6400000000000006;39687;9583;47730;8129;7741;10594;18335;17712;-388;1011;623;0,03397872920643578;-0,05012272316238212;0,09543137625070795;0,026556016597510397;2;6
2016-09-18;14;2016-09-18 14:00:00;23,15;24,47;-1,3200000000000005;39687;8514;47730;7754;7140;9841;16981;16268;-614;1327;713;0,04198810435192274;-0,08599439775910364;0,13484401991667513;-0,05701943844492443;2;6
2016-09-18;15;2016-09-18 15:00:00;22,93;24,05;-1,120000000000001;39687;6889;47730;7423;6721;8318;15039;14312;-702;1429;727;0,04834098011835893;-0,10444874274661509;0,1717961048328925;-0,04884430876580903;2;6
2016-09-18;16;2016-09-18 16:00:00;23,2;24,05;-0,8500000000000014;39687;4785;47730;7120;6428;6063;12491;11905;-692;1278;586;0,04691377792010248;-0,10765401369010578;0,21078673923800098;-0,03663793103448282;2;6
2016-09-18;17;2016-09-18 17:00:00;27,16;26,15;1,0100000000000016;39687;2541;47730;7033;6182;3417;9599;9574;-851;876;25;0,0026044379622877385;-0,13765771594953088;0,25636523266022826;0,03718703976435941;2;6
2016-09-18;18;2016-09-18 18:00:00;32,54;30,11;2,43;39687;832;47730;6475;5983;1064;7047;7307;-492;232;-260;-0,036895132680573296;-0,082232993481531;0,21804511278195488;0,07467732022126614;2;6
2016-09-18;19;2016-09-18 19:00:00;36,11;32,81;3,299999999999997;39687;56;47730;6081;5915;74;5989;6137;-166;18;-148;-0,024711971948572383;-0,028064243448858835;0,24324324324324326;0,09138742730545547;2;6
2016-09-18;20;2016-09-18 20:00:00;34,94;31,1;3,839999999999996;39687;0;47730;6072;5993;1;5994;6072;-79;1;-78;-0,013013013013013013;-0,013182045720006674;1,0;0,1099026903262735;2;6
2016-09-18;21;2016-09-18 21:00:00;31,1;29,29;1,8100000000000025;39687;0;47730;5872;6085;0;6085;5872;213;0;213;0,03500410846343468;0,03500410846343468;;0,058199356913183356;2;6
2016-09-18;22;2016-09-18 22:00:00;27,94;25,78;2,16;39687;0;47730;5290;5947;0;5947;5290;657;0;657;0,11047587018664873;0,11047587018664873;;0,07730851825340014;2;6
2016-09-18;23;2016-09-18 23:00:00;25,46;23,67;1,7899999999999991;39687;0;47730;4531;5500;0;5500;4531;969;0;969;0,1761818181818182;0,1761818181818182;;0,07030636292223091;2;6
2016-09-19;0;2016-09-19 00:00:00;24,56;24,73;-0,1700000000000017;39696;0;47754;3991;4820;0;4820;3991;829;0;829;0,17199170124481328;0,17199170124481328;;-0,0069218241042345975;2;0
2016-09-19;1;2016-09-19 01:00:00;24,15;24,4;-0,25;39696;0;47754;3617;4352;0;4352;3617;735;0;735;0,16888786764705882;0,16888786764705882;;-0,010351966873706004;2;0
2016-09-19;2;2016-09-19 02:00:00;23,78;23,69;0,08999999999999986;39696;0;47754;3189;3925;0;3925;3189;736;0;736;0,187515923566879;0,187515923566879;;0,0037846930193439804;2;0
2016-09-19;3;2016-09-19 03:00:00;22,44;22,88;-0,4399999999999977;39696;0;47754;2900;3584;0;3584;2900;684;0;684;0,19084821428571427;0,19084821428571427;;-0,0196078431372548;2;0
2016-09-19;4;2016-09-19 04:00:00;22,05;23,1;-1,0500000000000007;39696;0;47754;2843;3323;0;3323;2843;480;0;480;0,14444778814324405;0,14444778814324405;;-0,04761904761904765;2;0
2016-09-19;5;2016-09-19 05:00:00;23,91;21,99;1,9200000000000017;39696;0;47754;2915;3138;0;3138;2915;223;0;223;0,07106437221159974;0,07106437221159974;;0,08030112923462994;2;0
2016-09-19;6;2016-09-19 06:00:00;36,06;31,56;4,500000000000004;39696;7;47754;2888;3019;9;3028;2895;131;2;133;0,04392338177014531;0,04339185160649221;0,2222222222222222;0,1247920133111482;2;0
2016-09-19;7;2016-09-19 07:00:00;42,31;42,22;0,09000000000000341;39696;314;47754;2916;2848;492;3340;3230;-68;178;110;0,03293413173652695;-0,023876404494382022;0,3617886178861789;0,002127156700543687;2;0
2016-09-19;8;2016-09-19 08:00:00;44,6;49,01;-4,409999999999997;39696;1573;47754;2642;2552;2358;4910;4215;-90;785;695;0,1415478615071283;-0,03526645768025078;0,3329092451229856;-0,09887892376681606;2;0
2016-09-19;9;2016-09-19 09:00:00;43,91;47,68;-3,770000000000003;39696;3693;47754;2068;2194;4838;7032;5761;126;1145;1271;0,18074516496018203;0,05742935278030994;0,23666804464654817;-0,08585743566385796;2;0
2016-09-19;10;2016-09-19 10:00:00;43,95;46,15;-2,199999999999996;39696;6258;47754;1964;1934;7241;9175;8222;-30;983;953;0,1038692098092643;-0,015511892450879007;0,13575473000966717;-0,05005688282138785;2;0
2016-09-19;11;2016-09-19 11:00:00;43,97;43,92;0,049999999999997165;39696;8380;47754;2082;1835;9139;10974;10462;-247;759;512;0,04665573172954256;-0,13460490463215258;0,08305066199803042;0,0011371389583806496;2;0
2016-09-19;12;2016-09-19 12:00:00;41,27;41,24;0,030000000000001137;39696;9390;47754;2240;1789;10248;12037;11630;-451;858;407;0,033812411730497635;-0,2520961430967021;0,08372365339578454;0,0007269202810758695;2;0
2016-09-19;13;2016-09-19 13:00:00;39,31;39,96;-0,6499999999999986;39696;8969;47754;2050;1707;10188;11895;11019;-343;1219;876;0,07364438839848676;-0,20093731693028705;0,1196505692972124;-0,016535232765199658;2;0
2016-09-19;14;2016-09-19 14:00:00;37,68;40,26;-2,5799999999999983;39696;8262;47754;1880;1618;9250;10868;10142;-262;988;726;0,06680161943319839;-0,1619283065512979;0,10681081081081081;-0,06847133757961779;2;0
2016-09-19;15;2016-09-19 15:00:00;37,93;39,0;-1,0700000000000005;39696;6431;47754;1843;1593;7621;9214;8274;-250;1190;940;0,10201866724549598;-0,15693659761456372;0,15614748720640337;-0,028209860268916438;2;0
2016-09-19;16;2016-09-19 16:00:00;37,78;38,01;-0,2299999999999969;39696;4456;47754;1772;1631;5453;7084;6228;-141;997;856;0,12083568605307736;-0,08645003065603923;0,1828351366220429;-0,006087877183694994;2;0
2016-09-19;17;2016-09-19 17:00:00;39,22;39,56;-0,3400000000000034;39696;2458;47754;1936;1741;3011;4752;4394;-195;553;358;0,07533670033670034;-0,11200459506031017;0,18365991364995018;-0,008669046404895549;2;0
2016-09-19;18;2016-09-19 18:00:00;39,9;38,91;0,9900000000000021;39696;750;47754;1926;1968;908;2876;2676;42;158;200;0,06954102920723226;0,021341463414634148;0,17400881057268722;0,024812030075188025;2;0
2016-09-19;19;2016-09-19 19:00:00;41,99;39,87;2,1200000000000045;39696;45;47754;2168;2284;56;2340;2213;116;11;127;0,054273504273504275;0,050788091068301226;0,19642857142857142;0,050488211478923656;2;0
2016-09-19;20;2016-09-19 20:00:00;40,1;37,76;2,3400000000000034;39696;0;47754;2566;2596;0;2596;2566;30;0;30;0,011556240369799691;0,011556240369799691;;0,05835411471321704;2;0
2016-09-19;21;2016-09-19 21:00:00;30,0;29,04;0,9600000000000009;39696;0;47754;2691;2720;0;2720;2691;29;0;29;0,010661764705882353;0,010661764705882353;;0,03200000000000003;2;0
2016-09-19;22;2016-09-19 22:00:00;28,01;25,67;2,34;39696;0;47754;2494;2730;0;2730;2494;236;0;236;0,08644688644688645;0,08644688644688645;;0,0835415922884684;2;0
2016-09-19;23;2016-09-19 23:00:00;26,02;23,94;2,0799999999999983;39696;0;47754;2085;2588;0;2588;2085;503;0;503;0,19435857805255022;0,19435857805255022;;0,07993850883935427;2;0
2016-09-20;0;2016-09-20 00:00:00;24,79;24,04;0,75;39698;0;47786;1859;1816;0;1816;1859;-43;0;-43;-0,0236784140969163;-0,0236784140969163;;0,030254134731746672;2;1
2016-09-20;1;2016-09-20 01:00:00;24,83;23,16;1,6699999999999982;39698;0;47786;1631;1529;0;1529;1631;-102;0;-102;-0,06671026814911707;-0,06671026814911707;;0,067257349979863;2;1
2016-09-20;2;2016-09-20 02:00:00;23,51;22,32;1,1900000000000013;39698;0;47786;1417;1309;0;1309;1417;-108;0;-108;-0,0825057295645531;-0,0825057295645531;;0,050616758826031526;2;1
2016-09-20;3;2016-09-20 03:00:00;23,06;20,79;2,27;39698;0;47786;1186;1180;0;1180;1186;-6;0;-6;-0,005084745762711864;-0,005084745762711864;;0,098438855160451;2;1
2016-09-20;4;2016-09-20 04:00:00;23,44;21,25;2,1900000000000013;39698;0;47786;1000;1102;0;1102;1000;102;0;102;0,0925589836660617;0,0925589836660617;;0,09343003412969288;2;1
2016-09-20;5;2016-09-20 05:00:00;25,24;23,54;1,6999999999999993;39698;0;47786;790;1052;0;1052;790;262;0;262;0,24904942965779467;0,24904942965779467;;0,06735340729001582;2;1
2016-09-20;6;2016-09-20 06:00:00;32,73;29,66;3,0699999999999967;39698;6;47786;685;974;8;982;691;289;2;291;0,29633401221995925;0,29671457905544146;0,25;0,09379773907729902;2;1
2016-09-20;7;2016-09-20 07:00:00;42,96;41,17;1,7899999999999991;39698;421;47786;666;878;526;1404;1087;212;105;317;0,2257834757834758;0,24145785876993167;0,19961977186311788;0,041666666666666644;2;1
2016-09-20;8;2016-09-20 08:00:00;43,88;41,71;2,1700000000000017;39698;1766;47786;587;743;2643;3386;2353;156;877;1033;0,30507974010632016;0,20995962314939434;0,3318199016269391;0,0494530537830447;2;1
2016-09-20;9;2016-09-20 09:00:00;42,77;42,85;-0,0799999999999983;39698;4292;47786;493;561;5509;6070;4785;68;1217;1285;0,2116968698517298;0,12121212121212122;0,22091123615901254;-0,0018704699555762985;2;1
2016-09-20;10;2016-09-20 10:00:00;42,18;42,19;-0,009999999999998009;39698;7456;47786;457;420;8464;8884;7913;-37;1008;971;0,10929761368752815;-0,0880952380952381;0,11909262759924386;-0,00023707918444755829;2;1
2016-09-20;11;2016-09-20 11:00:00;41,17;40,1;1,0700000000000005;39698;10514;47786;540;395;11074;11469;11054;-145;560;415;0,03618449734065742;-0,3670886075949367;0,05056890012642225;0,025989798396890952;2;1
2016-09-20;12;2016-09-20 12:00:00;38,21;35,24;2,969999999999999;39698;12060;47786;647;441;12769;13210;12707;-206;709;503;0,038077214231642696;-0,4671201814058957;0,05552509985120213;0,07772834336561106;2;1
2016-09-20;13;2016-09-20 13:00:00;35,6;31,18;4,420000000000002;39698;11913;47786;796;503;13008;13511;12709;-293;1095;802;0,059359040781585375;-0,5825049701789264;0,0841789667896679;0,12415730337078656;2;1
2016-09-20;14;2016-09-20 14:00:00;34,22;29,79;4,43;39698;10964;47786;814;554;12134;12688;11778;-260;1170;910;0,07172131147540983;-0,4693140794223827;0,09642327344651393;0,12945645821157217;2;1
2016-09-20;15;2016-09-20 15:00:00;34,55;30,33;4,219999999999999;39698;8886;47786;840;612;10258;10870;9726;-228;1372;1144;0,10524379024839006;-0,37254901960784315;0,1337492688633262;0,12214182344428362;2;1
2016-09-20;16;2016-09-20 16:00:00;36,08;31,76;4,319999999999997;39698;6469;47786;882;680;7375;8055;7351;-202;906;704;0,08739913097454997;-0,29705882352941176;0,12284745762711864;0,11973392461197331;2;1
2016-09-20;17;2016-09-20 17:00:00;39,13;35,04;4,090000000000003;39698;3515;47786;858;784;4010;4794;4373;-74;495;421;0,08781810596579057;-0,09438775510204081;0,12344139650872818;0,10452338359315111;2;1
2016-09-20;18;2016-09-20 18:00:00;42,07;37,15;4,920000000000002;39698;965;47786;812;967;1112;2079;1777;155;147;302;0,14526214526214526;0,16028955532574973;0,13219424460431656;0,11694794390301881;2;1
2016-09-20;19;2016-09-20 19:00:00;46,8;42,08;4,719999999999999;39698;41;47786;942;1241;63;1304;983;299;22;321;0,24616564417177914;0,24093473005640612;0,3492063492063492;0,10085470085470084;2;1
2016-09-20;20;2016-09-20 20:00:00;41,95;37,23;4,720000000000006;39698;0;47786;1229;1566;0;1566;1229;337;0;337;0,21519795657726692;0,21519795657726692;;0,11251489868891551;2;1
2016-09-20;21;2016-09-20 21:00:00;35,06;33,01;2,0500000000000043;39698;0;47786;1530;1823;0;1823;1530;293;0;293;0,16072408118486012;0,16072408118486012;;0,058471192241871195;2;1
2016-09-20;22;2016-09-20 22:00:00;28,54;28,5;0,03999999999999915;39698;0;47786;1695;1985;0;1985;1695;290;0;290;0,14609571788413098;0,14609571788413098;;0,0014015416958654222;2;1
2016-09-20;23;2016-09-20 23:00:00;26,03;26,31;-0,2799999999999976;39698;0;47786;1780;1996;0;1996;1780;216;0;216;0,10821643286573146;0,10821643286573146;;-0,010756819054936518;2;1
2016-09-21;0;2016-09-21 00:00:00;25,43;26,34;-0,91;39702;0;47847;1729;1887;0;1887;1729;158;0;158;0,08373078961314255;0,08373078961314255;;-0,03578450648839953;2;2
2016-09-21;1;2016-09-21 01:00:00;24,94;25,54;-0,5999999999999979;39702;0;47847;1737;1755;0;1755;1737;18;0;18;0,010256410256410256;0,010256410256410256;;-0,02405773857257409;2;2
2016-09-21;2;2016-09-21 02:00:00;24,11;25,37;-1,2600000000000016;39702;0;47847;1655;1621;0;1621;1655;-34;0;-34;-0,020974706971005553;-0,020974706971005553;;-0,05226047283284951;2;2
2016-09-21;3;2016-09-21 03:00:00;24,13;24,92;-0,7900000000000027;39702;0;47847;1622;1530;0;1530;1622;-92;0;-92;-0,06013071895424837;-0,06013071895424837;;-0,03273932863655212;2;2
2016-09-21;4;2016-09-21 04:00:00;24,09;25,33;-1,2399999999999984;39702;0;47847;1618;1483;0;1483;1618;-135;0;-135;-0,09103169251517194;-0,09103169251517194;;-0,05147364051473634;2;2
2016-09-21;5;2016-09-21 05:00:00;25,71;26,74;-1,0299999999999976;39702;0;47847;1575;1475;0;1475;1575;-100;0;-100;-0,06779661016949153;-0,06779661016949153;;-0,04006223259432118;2;2
2016-09-21;6;2016-09-21 06:00:00;36,97;36,22;0,75;39702;6;47847;1470;1452;9;1461;1476;-18;3;-15;-0,01026694045174538;-0,012396694214876033;0,3333333333333333;0,02028671896131999;2;2
2016-09-21;7;2016-09-21 07:00:00;48,19;45,44;2,75;39702;587;47847;1428;1376;636;2012;2015;-52;49;-3;-0,0014910536779324055;-0,0377906976744186;0,0770440251572327;0,05706578128242374;2;2
2016-09-21;8;2016-09-21 08:00:00;49,71;48,13;1,5799999999999983;39702;3627;47847;1282;1200;3553;4753;4909;-82;-74;-156;-0,03282137597306964;-0,06833333333333333;-0,02082746974387841;0,031784349225507914;2;2
2016-09-21;9;2016-09-21 09:00:00;44,5;40,85;3,649999999999999;39702;8508;47847;852;920;7944;8864;9360;68;-564;-496;-0,05595667870036101;0,07391304347826087;-0,07099697885196375;0,08202247191011233;2;2
2016-09-21;10;2016-09-21 10:00:00;39,98;34,52;5,459999999999994;39702;13545;47847;706;712;12468;13180;14251;6;-1077;-1071;-0,08125948406676783;0,008426966292134831;-0,08638113570741097;0,1365682841420709;2;2
2016-09-21;11;2016-09-21 11:00:00;36,03;28,0;8,030000000000001;39702;17281;47847;890;655;16081;16736;18171;-235;-1200;-1435;-0,08574330783938815;-0,35877862595419846;-0,07462222498600833;0,2228698306966417;2;2
2016-09-21;12;2016-09-21 12:00:00;32,15;26,54;5,6099999999999985;39702;18725;47847;1006;675;18133;18808;19731;-331;-592;-923;-0,049074861760952784;-0,49037037037037035;-0,0326476589643192;0,17449455676516326;2;2
2016-09-21;13;2016-09-21 13:00:00;31,92;27,23;4,690000000000001;39702;18522;47847;968;692;18088;18780;19490;-276;-434;-710;-0,03780617678381257;-0,3988439306358382;-0,023993808049535603;0,14692982456140355;2;2
2016-09-21;14;2016-09-21 14:00:00;30,7;26,05;4,649999999999999;39702;17123;47847;962;715;16456;17171;18085;-247;-667;-914;-0,0532292819288335;-0,34545454545454546;-0,04053232863393291;0,15146579804560256;2;2
2016-09-21;15;2016-09-21 15:00:00;32,81;25,69;7,120000000000001;39702;14362;47847;1006;764;13619;14383;15368;-242;-743;-985;-0,06848362650351109;-0,31675392670157065;-0,05455613481166018;0,21700701005790918;2;2
2016-09-21;16;2016-09-21 16:00:00;35,36;28,04;7,32;39702;10644;47847;1144;867;9760;10627;11788;-277;-884;-1161;-0,10925002352498353;-0,31949250288350634;-0,09057377049180328;0,2070135746606335;2;2
2016-09-21;17;2016-09-21 17:00:00;42,7;37,69;5,010000000000005;39702;5815;47847;1009;1032;5286;6318;6824;23;-529;-506;-0,0800886356441912;0,022286821705426358;-0,10007567158531971;0,11733021077283383;2;2
2016-09-21;18;2016-09-21 18:00:00;45,0;43,94;1,0600000000000025;39702;1603;47847;994;1260;1451;2711;2597;266;-152;114;0,04205090372556252;0,2111111111111111;-0,10475534114403859;0,02355555555555561;2;2
2016-09-21;19;2016-09-21 19:00:00;48,75;46,96;1,7899999999999991;39702;52;47847;1516;1604;74;1678;1568;88;22;110;0,06555423122765197;0,05486284289276808;0,2972972972972973;0,0367179487179487;2;2
2016-09-21;20;2016-09-21 20:00:00;43,87;43,77;0,09999999999999433;39702;0;47847;2230;2020;0;2020;2230;-210;0;-210;-0,10396039603960396;-0,10396039603960396;;0,002279462046956789;2;2
2016-09-21;21;2016-09-21 21:00:00;37,96;36,32;1,6400000000000006;39702;0;47847;2842;2361;0;2361;2842;-481;0;-481;-0,20372723422278696;-0,20372723422278696;;0,04320337197049527;2;2
2016-09-21;22;2016-09-21 22:00:00;28,49;26,77;1,7199999999999989;39702;0;47847;2866;2639;0;2639;2866;-227;0;-227;-0,08601743084501705;-0,08601743084501705;;0,06037206037206033;2;2
2016-09-21;23;2016-09-21 23:00:00;27,09;25,86;1,2300000000000004;39702;0;47847;2889;2760;0;2760;2889;-129;0;-129;-0,04673913043478261;-0,04673913043478261;;0,045404208194905885;2;2
2016-09-22;0;2016-09-22 00:00:00;25,86;25,61;0,25;39706;0;47882;2921;2329;0;2329;2921;-592;0;-592;-0,2541863460712752;-0,2541863460712752;;0,009667440061871617;2;3
2016-09-22;1;2016-09-22 01:00:00;25,09;25,05;0,03999999999999915;39706;0;47882;2868;2229;0;2229;2868;-639;0;-639;-0,28667563930013457;-0,28667563930013457;;0,0015942606616181406;2;3
2016-09-22;2;2016-09-22 02:00:00;24,73;24,02;0,7100000000000009;39706;0;47882;2686;2058;0;2058;2686;-628;0;-628;-0,3051506316812439;-0,3051506316812439;;0,02871006874241815;2;3
2016-09-22;3;2016-09-22 03:00:00;24,26;23,58;0,6800000000000033;39706;0;47882;2448;1877;0;1877;2448;-571;0;-571;-0,30420884389984015;-0,30420884389984015;;0,028029678483099885;2;3
2016-09-22;4;2016-09-22 04:00:00;24,24;25,16;-0,9200000000000016;39706;0;47882;2248;1737;0;1737;2248;-511;0;-511;-0,2941853770869315;-0,2941853770869315;;-0,037953795379538025;2;3
2016-09-22;5;2016-09-22 05:00:00;26,84;28,57;-1,7300000000000004;39706;0;47882;2060;1626;0;1626;2060;-434;0;-434;-0,26691266912669126;-0,26691266912669126;;-0,06445603576751119;2;3
2016-09-22;6;2016-09-22 06:00:00;38,19;36,47;1,7199999999999989;39706;3;47882;1815;1537;9;1546;1818;-278;6;-272;-0,1759379042690815;-0,180871828236825;0,6666666666666666;0,04503796805446449;2;3
2016-09-22;7;2016-09-22 07:00:00;43,34;41,94;1,4000000000000057;39706;756;47882;1698;1436;760;2196;2454;-262;4;-258;-0,11748633879781421;-0,18245125348189414;0,005263157894736842;0,032302722658052736;2;3
2016-09-22;8;2016-09-22 08:00:00;42,2;47,0;-4,799999999999997;39706;4839;47882;1643;1272;4525;5797;6482;-371;-314;-685;-0,1181645678799379;-0,2916666666666667;-0,06939226519337016;-0,11374407582938381;2;3
2016-09-22;9;2016-09-22 09:00:00;35,77;33,1;2,6700000000000017;39706;10814;47882;1040;953;10214;11167;11854;-87;-600;-687;-0,06152055162532462;-0,0912906610703043;-0,05874290189935383;0,07464355605255805;2;3
2016-09-22;10;2016-09-22 10:00:00;28,79;27,09;1,6999999999999993;39706;16468;47882;474;613;15594;16207;16942;139;-874;-735;-0,045350774356759424;0,2267536704730832;-0,05604719764011799;0,05904828065300449;2;3
2016-09-22;11;2016-09-22 11:00:00;27,75;27,01;0,7399999999999984;39706;20134;47882;526;408;19413;19821;20660;-118;-721;-839;-0,04232884314615812;-0,28921568627450983;-0,03714006078401071;0,02666666666666661;2;3
2016-09-22;12;2016-09-22 12:00:00;27,11;27,45;-0,33999999999999986;39706;21604;47882;671;380;21139;21519;22275;-291;-465;-756;-0,03513174404015056;-0,7657894736842106;-0,021997256256208905;-0,012541497602360747;2;3
2016-09-22;13;2016-09-22 13:00:00;27,06;27,16;-0,10000000000000142;39706;20986;47882;778;369;20837;21206;21764;-409;-149;-558;-0,026313307554465717;-1,10840108401084;-0,007150741469501368;-0,003695491500369602;2;3
2016-09-22;14;2016-09-22 14:00:00;27,29;27,66;-0,37000000000000105;39706;18605;47882;717;345;18741;19086;19322;-372;136;-236;-0,012365084355024626;-1,0782608695652174;0,007256816605303879;-0,01355807988274097;2;3
2016-09-22;15;2016-09-22 15:00:00;28,61;28,1;0,509999999999998;39706;15189;47882;616;316;15225;15541;15805;-300;36;-264;-0,01698732385303391;-0,9493670886075949;0,0023645320197044333;0,017825934987766447;2;3
2016-09-22;16;2016-09-22 16:00:00;31,87;35,97;-4,099999999999998;39706;10761;47882;538;293;10651;10944;11299;-245;-110;-355;-0,03243786549707602;-0,8361774744027304;-0,010327668763496386;-0,12864763100094126;2;3
2016-09-22;17;2016-09-22 17:00:00;39,93;45,08;-5,149999999999999;39706;5496;47882;566;291;5533;5824;6062;-275;37;-238;-0,040865384615384616;-0,9450171821305842;0,00668714982830291;-0,12897570748810414;2;3
2016-09-22;18;2016-09-22 18:00:00;43,06;46,05;-2,9899999999999953;39706;1297;47882;620;352;1408;1760;1917;-268;111;-157;-0,08920454545454545;-0,7613636363636364;0,07883522727272728;-0,06943799349744531;2;3
2016-09-22;19;2016-09-22 19:00:00;49,06;51,82;-2,759999999999998;39706;32;47882;802;508;65;573;834;-294;33;-261;-0,45549738219895286;-0,5787401574803149;0,5076923076923077;-0,056257643701589845;2;3
2016-09-22;20;2016-09-22 20:00:00;45,82;48,01;-2,1899999999999977;39706;0;47882;928;743;0;743;928;-185;0;-185;-0,2489905787348587;-0,2489905787348587;;-0,047795722391968526;2;3
2016-09-22;21;2016-09-22 21:00:00;38,95;40,31;-1,3599999999999994;39706;0;47882;1124;1021;0;1021;1124;-103;0;-103;-0,10088148873653281;-0,10088148873653281;;-0,034916559691912694;2;3
2016-09-22;22;2016-09-22 22:00:00;29,97;30,11;-0,14000000000000054;39706;0;47882;1410;1319;0;1319;1410;-91;0;-91;-0,06899166034874905;-0,06899166034874905;;-0,004671338004671356;2;3
2016-09-22;23;2016-09-22 23:00:00;26,47;26,76;-0,2900000000000027;39706;0;47882;1792;1611;0;1611;1792;-181;0;-181;-0,11235257603972688;-0,11235257603972688;;-0,010955799017756052;2;3
2016-09-23;0;2016-09-23 00:00:00;25,84;30,08;-4,239999999999998;39711;0;47933;1984;2227;0;2227;1984;243;0;243;0,10911540188594522;0,10911540188594522;;-0,1640866873065015;2;4
2016-09-23;1;2016-09-23 01:00:00;25,03;27,86;-2,8299999999999983;39711;0;47933;2138;2384;0;2384;2138;246;0;246;0,10318791946308725;0,10318791946308725;;-0,11306432281262478;2;4
2016-09-23;2;2016-09-23 02:00:00;24,68;26,83;-2,1499999999999986;39711;0;47933;2037;2427;0;2427;2037;390;0;390;0,16069221260815822;0,16069221260815822;;-0,08711507293354938;2;4
2016-09-23;3;2016-09-23 03:00:00;24,78;25,97;-1,1899999999999975;39711;0;47933;2073;2441;0;2441;2073;368;0;368;0,15075788611224908;0,15075788611224908;;-0,048022598870056395;2;4
2016-09-23;4;2016-09-23 04:00:00;25,14;25,5;-0,35999999999999943;39711;0;47933;2142;2470;0;2470;2142;328;0;328;0,13279352226720648;0,13279352226720648;;-0,014319809069212387;2;4
2016-09-23;5;2016-09-23 05:00:00;26,47;28,85;-2,3800000000000026;39711;0;47933;2195;2543;0;2543;2195;348;0;348;0,1368462445930004;0,1368462445930004;;-0,0899131091802041;2;4
2016-09-23;6;2016-09-23 06:00:00;36,06;37,43;-1,3699999999999974;39711;2;47933;2234;2682;5;2687;2236;448;3;451;0,16784518049869743;0,16703952274422074;0,6;-0,03799223516361612;2;4
2016-09-23;7;2016-09-23 07:00:00;43,04;44,49;-1,4500000000000028;39711;546;47933;2188;2779;662;3441;2734;591;116;707;0,2054635280441732;0,21266642677222022;0,17522658610271905;-0,03368959107806698;2;4
2016-09-23;8;2016-09-23 08:00:00;43,01;45,97;-2,9600000000000013;39711;3613;47933;2238;2698;3837;6535;5851;460;224;684;0,1046671767406274;0,17049666419570053;0,058378941881678394;-0,06882120437107653;2;4
2016-09-23;9;2016-09-23 09:00:00;38,94;39,95;-1,0100000000000051;39711;8556;47933;1791;2338;8116;10454;10347;547;-440;107;0,010235316625215228;0,2339606501283148;-0,05421389847215377;-0,025937339496661663;2;4
2016-09-23;10;2016-09-23 10:00:00;33,83;34,67;-0,8400000000000034;39711;13625;47933;1322;1929;12315;14244;14947;607;-1310;-703;-0,04935411401291772;0,3146708138932089;-0,10637434023548518;-0,024830032515518873;2;4
2016-09-23;11;2016-09-23 11:00:00;28,77;28,55;0,21999999999999886;39711;17308;47933;1833;1958;15505;17463;19141;125;-1803;-1678;-0,09608887361850771;0,06384065372829417;-0,1162850693324734;0,00764685436218279;2;4
2016-09-23;12;2016-09-23 12:00:00;27,69;27,18;0,5100000000000016;39711;18878;47933;2948;2494;17089;19583;21826;-454;-1789;-2243;-0,11453811979778379;-0,18203688853247796;-0,10468722570074317;0,01841820151679312;2;4
2016-09-23;13;2016-09-23 13:00:00;27,54;26,21;1,3299999999999983;39711;18163;47933;3865;3101;16783;19884;22028;-764;-1380;-2144;-0,10782538724602696;-0,24637213801999355;-0,08222606208663528;0,048293391430646274;2;4
2016-09-23;14;2016-09-23 14:00:00;26,6;26,91;-0,3099999999999987;39711;15648;47933;4393;3588;15004;18592;20041;-805;-644;-1449;-0,0779367469879518;-0,22435897435897437;-0,04292188749666755;-0,011654135338345816;2;4
2016-09-23;15;2016-09-23 15:00:00;27,66;29,22;-1,5599999999999987;39711;12286;47933;5278;4003;12182;16185;17564;-1275;-104;-1379;-0,08520234785295026;-0,31851111666250315;-0,008537186012149072;-0,05639913232104117;2;4
2016-09-23;16;2016-09-23 16:00:00;27,68;30,04;-2,3599999999999994;39711;8735;47933;5202;4306;8659;12965;13937;-896;-76;-972;-0,07497107597377554;-0,20808174640037158;-0,0087769950340686;-0,0852601156069364;2;4
2016-09-23;17;2016-09-23 17:00:00;31,06;32,23;-1,1699999999999982;39711;4856;47933;4965;4301;4648;8949;9821;-664;-208;-872;-0,09744105486646552;-0,1543827016972797;-0,04475043029259897;-0,03766902768834508;2;4
2016-09-23;18;2016-09-23 18:00:00;35,91;37,03;-1,1200000000000043;39711;1283;47933;3989;3954;1180;5134;5272;-35;-103;-138;-0,026879626022594468;-0,008851795649974709;-0,08728813559322034;-0,03118908382066289;2;4
2016-09-23;19;2016-09-23 19:00:00;41,83;42,8;-0,9699999999999988;39711;34;47933;3260;3667;50;3717;3294;407;16;423;0,11380145278450363;0,11098991000818108;0,32;-0,02318909873296674;2;4
2016-09-23;20;2016-09-23 20:00:00;39,98;42,11;-2,1300000000000026;39711;0;47933;3485;3401;0;3401;3485;-84;0;-84;-0,02469861805351367;-0,02469861805351367;;-0,05327663831915965;2;4
2016-09-23;21;2016-09-23 21:00:00;30,36;32,47;-2,1099999999999994;39711;0;47933;3381;3375;0;3375;3381;-6;0;-6;-0,0017777777777777779;-0,0017777777777777779;;-0,06949934123847165;2;4
2016-09-23;22;2016-09-23 22:00:00;27,7;30,16;-2,460000000000001;39711;0;47933;3383;3384;0;3384;3383;1;0;1;0,0002955082742316785;0,0002955082742316785;;-0,08880866425992782;2;4
2016-09-23;23;2016-09-23 23:00:00;26,79;28,92;-2,1300000000000026;39711;0;47933;3284;3301;0;3301;3284;17;0;17;0,0051499545592244775;0,0051499545592244775;;-0,07950727883538644;2;4
2016-09-24;0;2016-09-24 00:00:00;26,27;28,1;-1,8300000000000016;39711;0;47956;3422;4046;0;4046;3422;624;0;624;0,1542263964409293;0,1542263964409293;;-0,06966121050628099;2;5
2016-09-24;1;2016-09-24 01:00:00;24,68;25,64;-0,9600000000000009;39711;0;47956;3349;3880;0;3880;3349;531;0;531;0,1368556701030928;0,1368556701030928;;-0,0388978930307942;2;5
2016-09-24;2;2016-09-24 02:00:00;24,39;25,2;-0,8099999999999987;39711;0;47956;3325;3780;0;3780;3325;455;0;455;0,12037037037037036;0,12037037037037036;;-0,03321033210332098;2;5
2016-09-24;3;2016-09-24 03:00:00;25,15;24,15;1,0;39711;0;47956;3406;3718;0;3718;3406;312;0;312;0,08391608391608392;0,08391608391608392;;0,039761431411530816;2;5
2016-09-24;4;2016-09-24 04:00:00;24,65;24,99;-0,33999999999999986;39711;0;47956;3497;3651;0;3651;3497;154;0;154;0,0421802245960011;0,0421802245960011;;-0,013793103448275857;2;5
2016-09-24;5;2016-09-24 05:00:00;24,59;27,24;-2,6499999999999986;39711;0;47956;3763;3520;0;3520;3763;-243;0;-243;-0,0690340909090909;-0,0690340909090909;;-0,10776738511590071;2;5
2016-09-24;6;2016-09-24 06:00:00;27,31;28,88;-1,5700000000000005;39711;2;47956;3650;3327;6;3333;3652;-323;4;-319;-0,09570957095709572;-0,09708446047490231;0,6666666666666666;-0,05748809959721716;2;5
2016-09-24;7;2016-09-24 07:00:00;31,15;30,83;0,3200000000000003;39711;603;47956;3466;3114;794;3908;4069;-352;191;-161;-0,041197543500511774;-0,11303789338471419;0,24055415617128464;0,01027287319422152;2;5
2016-09-24;8;2016-09-24 08:00:00;34,63;32,3;2,3300000000000054;39711;4198;47956;3330;2862;4756;7618;7528;-468;558;90;0,01181412444211079;-0,16352201257861634;0,11732548359966358;0,0672827028587931;2;5
2016-09-24;9;2016-09-24 09:00:00;34,04;33,65;0,39000000000000057;39711;9879;47956;2751;2547;10223;12770;12630;-204;344;140;0,01096319498825372;-0,0800942285041225;0,033649613616355274;0,011457109283196256;2;5
2016-09-24;10;2016-09-24 10:00:00;29,0;29,36;-0,35999999999999943;39711;15449;47956;2398;2205;15288;17493;17847;-193;-161;-354;-0,02023666609500943;-0,08752834467120181;-0,010531135531135532;-0,012413793103448256;2;5
2016-09-24;11;2016-09-24 11:00:00;25,43;25,33;0,10000000000000142;39711;19720;47956;2526;2050;18912;20962;22246;-476;-808;-1284;-0,06125369716630093;-0,23219512195121952;-0,04272419627749577;0,003932363350373631;2;5
2016-09-24;12;2016-09-24 12:00:00;24,32;23,36;0,9600000000000009;39711;21423;47956;2707;2245;20852;23097;24130;-462;-571;-1033;-0,04472442308524917;-0,20579064587973275;-0,02738346441588337;0,03947368421052635;2;5
2016-09-24;13;2016-09-24 13:00:00;24,26;22,71;1,5500000000000007;39711;21092;47956;3066;2483;20895;23378;24158;-583;-197;-780;-0,03336470185644623;-0,23479661699556986;-0,009428092845178272;0,06389117889530094;2;5
2016-09-24;14;2016-09-24 14:00:00;24,4;23,56;0,8399999999999999;39711;19298;47956;3071;2572;19208;21780;22369;-499;-90;-589;-0,02704315886134068;-0,19401244167962675;-0,004685547688463141;0,034426229508196717;2;5
2016-09-24;15;2016-09-24 15:00:00;24,93;23,8;1,129999999999999;39711;16234;47956;2935;2353;15960;18313;19169;-582;-274;-856;-0,04674275105116584;-0,24734381640458988;-0,017167919799498745;0,045326915363016404;2;5
2016-09-24;16;2016-09-24 16:00:00;28,01;25,97;2,0400000000000027;39711;11708;47956;2295;2079;11331;13410;14003;-216;-377;-593;-0,04422073079791201;-0,1038961038961039;-0,03327155590856941;0,07283113173866486;2;5
2016-09-24;17;2016-09-24 17:00:00;34,58;32,88;1,6999999999999955;39711;6096;47956;1564;2071;5919;7990;7660;507;-177;330;0,04130162703379224;0,2448092708836311;-0,029903699949315764;0,04916136495083851;2;5
2016-09-24;18;2016-09-24 18:00:00;38,08;37,66;0,4200000000000017;39711;1513;47956;1406;2640;1425;4065;2919;1234;-88;1146;0,2819188191881919;0,4674242424242424;-0,061754385964912284;0,011029411764705928;2;5
2016-09-24;19;2016-09-24 19:00:00;42,63;40,62;2,0100000000000047;39711;33;47956;1972;3669;50;3719;2005;1697;17;1714;0,4608765797257327;0,4625238484600709;0,34;0,04714989444053494;2;5
2016-09-24;20;2016-09-24 20:00:00;40,99;41,52;-0,5300000000000011;39711;0;47956;3209;4734;0;4734;3209;1525;0;1525;0,3221377270806929;0,3221377270806929;;-0,012929982922664092;2;5
2016-09-24;21;2016-09-24 21:00:00;34,53;37,33;-2,799999999999997;39711;0;47956;4754;6228;0;6228;4754;1474;0;1474;0,23667308927424535;0,23667308927424535;;-0,0810889081957717;2;5
2016-09-24;22;2016-09-24 22:00:00;31,15;31,84;-0,6900000000000013;39711;0;47956;6324;7707;0;7707;6324;1383;0;1383;0,17944725574153367;0,17944725574153367;;-0,022150882825040172;2;5
2016-09-24;23;2016-09-24 23:00:00;25,46;27,57;-2,1099999999999994;39711;0;47956;7797;8591;0;8591;7797;794;0;794;0,09242230240949831;0,09242230240949831;;-0,08287509819324428;2;5
2016-09-25;0;2016-09-25 00:00:00;24,46;23,21;1,25;39711;0;47979;9042;8715;0;8715;9042;-327;0;-327;-0,03752151462994836;-0,03752151462994836;;0,051103843008994274;2;6
2016-09-25;1;2016-09-25 01:00:00;22,06;20,6;1,4599999999999973;39711;0;47979;9514;9130;0;9130;9514;-384;0;-384;-0,042059145673603505;-0,042059145673603505;;0,06618313689936525;2;6
2016-09-25;2;2016-09-25 02:00:00;20,55;11,03;9,52;39711;0;47979;9743;9268;0;9268;9743;-475;0;-475;-0,05125161847216228;-0,05125161847216228;;0,46326034063260335;2;6
2016-09-25;3;2016-09-25 03:00:00;17,84;7,12;10,72;39711;0;47979;9876;9143;0;9143;9876;-733;0;-733;-0,08017062233402603;-0,08017062233402603;;0,6008968609865472;2;6
2016-09-25;4;2016-09-25 04:00:00;17,7;8,36;9,34;39711;0;47979;9691;9034;0;9034;9691;-657;0;-657;-0,0727252601284038;-0,0727252601284038;;0,5276836158192091;2;6
2016-09-25;5;2016-09-25 05:00:00;19,68;8,84;10,84;39711;0;47979;9457;9006;0;9006;9457;-451;0;-451;-0,0500777259604708;-0,0500777259604708;;0,5508130081300813;2;6
2016-09-25;6;2016-09-25 06:00:00;20,09;10,45;9,64;39711;2;47979;9062;9185;6;9191;9064;123;4;127;0,013817865303013818;0,013391399020141534;0,6666666666666666;0,47984071677451473;2;6
2016-09-25;7;2016-09-25 07:00:00;21,47;17,0;4,469999999999999;39711;608;47979;9228;9291;741;10032;9836;63;133;196;0,019537480063795853;0,006780755569906361;0,1794871794871795;0,20819748486259892;2;6
2016-09-25;8;2016-09-25 08:00:00;22,45;20,26;2,1899999999999977;39711;4500;47979;8676;8843;4823;13666;13176;167;323;490;0,035855407580857604;0,01888499378039127;0,06697076508397264;0,09755011135857451;2;6
2016-09-25;9;2016-09-25 09:00:00;22,95;21,26;1,6899999999999975;39711;10535;47979;6828;7585;10880;18465;17363;757;345;1102;0,05968047657730842;0,0998022412656559;0,03170955882352941;0,07363834422657942;2;6
2016-09-25;10;2016-09-25 10:00:00;21,09;19,83;1,2600000000000016;39711;16230;47979;5054;6238;16631;22869;21284;1184;401;1585;0,06930779658052386;0,18980442449503046;0,024111598821477963;0,05974395448079666;2;6
2016-09-25;11;2016-09-25 11:00:00;21,09;19,4;1,6900000000000013;39711;19995;47979;4907;5764;20562;26326;24902;857;567;1424;0,05409101268707742;0,14868147120055517;0,027575138605194047;0,08013276434329072;2;6
2016-09-25;12;2016-09-25 12:00:00;15,97;15,28;0,6900000000000013;39711;22120;47979;5821;6010;22524;28534;27941;189;404;593;0,02078222471437583;0,03144758735440932;0,017936423370626887;0,04320601127113345;2;6
2016-09-25;13;2016-09-25 13:00:00;10,93;11,75;-0,8200000000000003;39711;22302;47979;6819;6286;22567;28853;29121;-533;265;-268;-0,009288462204970021;-0,08479160038180082;0,011742810298223069;-0,07502287282708145;2;6
2016-09-25;14;2016-09-25 14:00:00;11,49;10,53;0,9600000000000009;39711;20633;47979;7021;6294;20804;27098;27654;-727;171;-556;-0,02051811941840726;-0,11550683190340007;0,008219573159007882;0,08355091383812017;2;6
2016-09-25;15;2016-09-25 15:00:00;12,89;9,11;3,780000000000001;39711;17189;47979;6369;5954;17312;23266;23558;-415;123;-292;-0,012550502879738674;-0,06970104131676184;0,007104898336414048;0,29325058184639263;2;6
2016-09-25;16;2016-09-25 16:00:00;19,76;16,48;3,280000000000001;39711;12066;47979;5772;5556;12145;17701;17838;-216;79;-137;-0,007739675724535337;-0,038876889848812095;0,006504734458624949;0,16599190283400814;2;6
2016-09-25;17;2016-09-25 17:00:00;26,55;25,19;1,3599999999999994;39711;6034;47979;4962;5388;6124;11512;10996;426;90;516;0,044822793606671296;0,07906458797327394;0,014696276943174396;0,051224105461393575;2;6
2016-09-25;18;2016-09-25 18:00:00;35,09;31,89;3,200000000000003;39711;1302;47979;4908;5866;1383;7249;6210;958;81;1039;0,14333011449855151;0,16331401295601772;0,05856832971800434;0,09119407238529503;2;6
2016-09-25;19;2016-09-25 19:00:00;40,95;40,14;0,8100000000000023;39711;26;47979;6617;6814;44;6858;6643;197;18;215;0,03135024788568096;0,028911065453478133;0,4090909090909091;0,019780219780219835;2;6
2016-09-25;20;2016-09-25 20:00:00;40,94;40,22;0,7199999999999989;39711;0;47979;7895;7482;1;7483;7895;-413;1;-412;-0,05505813176533476;-0,05519914461373964;1,0;0,017586712261846577;2;6
2016-09-25;21;2016-09-25 21:00:00;33,53;32,41;1,1200000000000043;39711;0;47979;8496;7761;0;7761;8496;-735;0;-735;-0,09470429068419019;-0,09470429068419019;;0,033402922755741256;2;6
2016-09-25;22;2016-09-25 22:00:00;29,57;30,0;-0,4299999999999997;39711;0;47979;8216;7704;0;7704;8216;-512;0;-512;-0,06645898234683281;-0,06645898234683281;;-0,014541765302671617;2;6
2016-09-25;23;2016-09-25 23:00:00;24,52;25,93;-1,41;39711;0;47979;7596;7340;0;7340;7596;-256;0;-256;-0,03487738419618529;-0,03487738419618529;;-0,05750407830342577;2;6
2016-09-26;0;2016-09-26 00:00:00;24,27;26,36;-2,09;39716;0;48001;6880;7285;0;7285;6880;405;0;405;0,055593685655456415;0,055593685655456415;;-0,0861145447053976;2;0
2016-09-26;1;2016-09-26 01:00:00;24,2;25,86;-1,66;39716;0;48001;6386;6435;0;6435;6386;49;0;49;0,007614607614607615;0,007614607614607615;;-0,06859504132231405;2;0
2016-09-26;2;2016-09-26 02:00:00;23,42;23,22;0,20000000000000284;39716;0;48001;5373;5808;0;5808;5373;435;0;435;0,07489669421487603;0,07489669421487603;;0,008539709649872025;2;0
2016-09-26;3;2016-09-26 03:00:00;23,28;22,52;0,7600000000000016;39716;0;48001;4730;5435;0;5435;4730;705;0;705;0,1297148114075437;0,1297148114075437;;0,0326460481099657;2;0
2016-09-26;4;2016-09-26 04:00:00;23,49;24,8;-1,3100000000000025;39716;0;48001;4799;5214;0;5214;4799;415;0;415;0,07959340237821251;0,07959340237821251;;-0,05576841209025128;2;0
2016-09-26;5;2016-09-26 05:00:00;25,46;25,71;-0,25;39716;0;48001;4502;5072;0;5072;4502;570;0;570;0,11238170347003154;0,11238170347003154;;-0,009819324430479183;2;0
2016-09-26;6;2016-09-26 06:00:00;39,24;37,83;1,4100000000000037;39716;2;48001;3884;4767;6;4773;3886;883;4;887;0,18583699979048815;0,18523180197189007;0,6666666666666666;0,03593272171253832;2;0
2016-09-26;7;2016-09-26 07:00:00;46,53;45,49;1,0399999999999991;39716;446;48001;3256;4268;581;4849;3702;1012;135;1147;0,2365436172406682;0,23711340206185566;0,23235800344234078;0,02235117128734148;2;0
2016-09-26;8;2016-09-26 08:00:00;49,0;52,99;-3,990000000000002;39716;3230;48001;2556;3492;3586;7078;5786;936;356;1292;0,1825374399547895;0,26804123711340205;0,09927495817066369;-0,08142857142857148;2;0
2016-09-26;9;2016-09-26 09:00:00;46,84;49,74;-2,8999999999999986;39716;7542;48001;1522;2505;7761;10266;9064;983;219;1202;0,11708552503409313;0,39241516966067863;0,028218013142636257;-0,06191289496157127;2;0
2016-09-26;10;2016-09-26 10:00:00;39,97;41,75;-1,7800000000000011;39716;11984;48001;836;1663;11684;13347;12820;827;-300;527;0,03948452835843261;0,497294046903187;-0,025676138308798356;-0,04453340005003756;2;0
2016-09-26;11;2016-09-26 11:00:00;37,39;38,87;-1,4799999999999969;39716;15120;48001;504;1212;14519;15731;15624;708;-601;107;0,006801856207488399;0,5841584158415841;-0,04139403540188718;-0,03958277614335375;2;0
2016-09-26;12;2016-09-26 12:00:00;34,94;33,59;1,3499999999999943;39716;16600;48001;466;1080;15984;17064;17066;614;-616;-2;-0,00011720581340834506;0,5685185185185185;-0,03853853853853854;0,03863766456783041;2;0
2016-09-26;13;2016-09-26 13:00:00;33,95;33,31;0,6400000000000006;39716;16324;48001;574;1004;15827;16831;16898;430;-497;-67;-0,003980749806903927;0,42828685258964144;-0,03140203449800973;0,01885125184094258;2;0
2016-09-26;14;2016-09-26 14:00:00;32,44;34,21;-1,7700000000000031;39716;14895;48001;612;934;14273;15207;15507;322;-622;-300;-0,019727756954034326;0,34475374732334046;-0,043578785118755695;-0,054562268803945844;2;0
2016-09-26;15;2016-09-26 15:00:00;35,0;37,96;-2,9600000000000013;39716;12154;48001;538;907;11651;12558;12692;369;-503;-134;-0,010670488931358496;0,40683572216097025;-0,043172259891854775;-0,0845714285714286;2;0
2016-09-26;16;2016-09-26 16:00:00;39,87;51,01;-11,14;39716;8286;48001;559;939;8085;9024;8845;380;-201;179;0,019835992907801418;0,40468583599574015;-0,024860853432282004;-0,2794080762478054;2;0
2016-09-26;17;2016-09-26 17:00:00;44,65;51,31;-6,660000000000004;39716;4063;48001;700;1032;4098;5130;4763;332;35;367;0,07153996101364522;0,32170542635658916;0,00854075158613958;-0,14916013437849954;2;0
2016-09-26;18;2016-09-26 18:00:00;49,55;55,13;-5,5800000000000045;39716;836;48001;938;1231;904;2135;1774;293;68;361;0,16908665105386417;0,2380178716490658;0,0752212389380531;-0,11261352169525742;2;0
2016-09-26;19;2016-09-26 19:00:00;54,12;60,45;-6,3300000000000045;39716;17;48001;1601;1537;25;1562;1618;-64;8;-56;-0,03585147247119078;-0,04163955757970072;0,32;-0,11696230598669632;2;0
2016-09-26;20;2016-09-26 20:00:00;51,23;55,46;-4,230000000000004;39716;0;48001;2114;1816;0;1816;2114;-298;0;-298;-0,16409691629955947;-0,16409691629955947;;-0,08256880733944963;2;0
2016-09-26;21;2016-09-26 21:00:00;37,93;42,76;-4,829999999999998;39716;0;48001;2299;1952;0;1952;2299;-347;0;-347;-0,17776639344262296;-0,17776639344262296;;-0,12733983654099654;2;0
2016-09-26;22;2016-09-26 22:00:00;30,52;33,63;-3,110000000000003;39716;0;48001;2268;1989;0;1989;2268;-279;0;-279;-0,14027149321266968;-0,14027149321266968;;-0,10190039318479695;2;0
2016-09-26;23;2016-09-26 23:00:00;28,4;28,96;-0,5600000000000023;39716;0;48001;1879;1942;0;1942;1879;63;0;63;0,03244078269824923;0,03244078269824923;;-0,01971830985915501;2;0
2016-09-27;0;2016-09-27 00:00:00;31,33;33,58;-2,25;39721;0;48037;2719;1848;0;1848;2719;-871;0;-871;-0,4713203463203463;-0,4713203463203463;;-0,07181615065432494;2;1
2016-09-27;1;2016-09-27 01:00:00;30,74;31,39;-0,6500000000000021;39721;0;48037;2746;1617;0;1617;2746;-1129;0;-1129;-0,6982065553494124;-0,6982065553494124;;-0,02114508783344184;2;1
2016-09-27;2;2016-09-27 02:00:00;29,75;30,16;-0,41000000000000014;39721;0;48037;2605;1449;0;1449;2605;-1156;0;-1156;-0,7977915804002761;-0,7977915804002761;;-0,013781512605042021;2;1
2016-09-27;3;2016-09-27 03:00:00;28,73;29,41;-0,6799999999999997;39721;0;48037;2431;1386;0;1386;2431;-1045;0;-1045;-0,753968253968254;-0,753968253968254;;-0,023668639053254427;2;1
2016-09-27;4;2016-09-27 04:00:00;27,84;30,23;-2,390000000000001;39721;0;48037;2547;1343;0;1343;2547;-1204;0;-1204;-0,896500372300819;-0,896500372300819;;-0,08584770114942532;2;1
2016-09-27;5;2016-09-27 05:00:00;29,56;33,84;-4,280000000000005;39721;0;48037;2734;1311;0;1311;2734;-1423;0;-1423;-1,0854309687261632;-1,0854309687261632;;-0,14479025710419502;2;1
2016-09-27;6;2016-09-27 06:00:00;41,53;38,89;2,640000000000001;39721;1;48037;2652;1334;5;1339;2653;-1318;4;-1314;-0,9813293502613891;-0,9880059970014993;0,8;0,06356850469540094;2;1
2016-09-27;7;2016-09-27 07:00:00;49,0;51,37;-2,369999999999997;39721;398;48037;2787;1364;455;1819;3185;-1423;57;-1366;-0,7509620670698186;-1,0432551319648093;0,12527472527472527;-0,04836734693877545;2;1
2016-09-27;8;2016-09-27 08:00:00;50,0;56,88;-6,880000000000003;39721;3028;48037;3107;1310;3117;4427;6135;-1797;89;-1708;-0,3858143212107522;-1,3717557251908397;0,02855309592556946;-0,13760000000000006;2;1
2016-09-27;9;2016-09-27 09:00:00;44,98;50,84;-5,860000000000007;39721;7069;48037;2900;1232;7142;8374;9969;-1668;73;-1595;-0,19047050394076906;-1,353896103896104;0,010221226547185663;-0,13028012449977786;2;1
2016-09-27;10;2016-09-27 10:00:00;40,22;42,14;-1,9200000000000017;39721;11188;48037;2860;1182;11353;12535;14048;-1678;165;-1513;-0,12070203430394895;-1,4196277495769882;0,014533603452831851;-0,047737444057682786;2;1
2016-09-27;11;2016-09-27 11:00:00;33,93;36,71;-2,780000000000001;39721;15058;48037;3256;1270;14835;16105;18314;-1986;-223;-2209;-0,13716237193418193;-1,5637795275590551;-0,015032018874283789;-0,0819333922782199;2;1
2016-09-27;12;2016-09-27 12:00:00;29,17;31,45;-2,2799999999999976;39721;18287;48037;4006;1558;17052;18610;22293;-2448;-1235;-3683;-0,19790435249865665;-1,571245186136072;-0,0724255219329111;-0,07816249571477536;2;1
2016-09-27;13;2016-09-27 13:00:00;28,28;28,3;-0,01999999999999957;39721;18950;48037;4616;2000;17482;19482;23566;-2616;-1468;-4084;-0,20962940149881942;-1,308;-0,08397208557373298;-0,000707213578500692;2;1
2016-09-27;14;2016-09-27 14:00:00;27,91;26,58;1,3300000000000018;39721;17789;48037;5360;2533;16329;18862;23149;-2827;-1460;-4287;-0,22728236666313223;-1,1160679036715357;-0,08941147651417723;0,047653170906485194;2;1
2016-09-27;15;2016-09-27 15:00:00;28,29;27,03;1,259999999999998;39721;14878;48037;6322;3049;13739;16788;21200;-3273;-1139;-4412;-0,2628067667381463;-1,0734667103968514;-0,08290268578499163;0,044538706256627716;2;1
2016-09-27;16;2016-09-27 16:00:00;29,33;25,39;3,9399999999999977;39721;10427;48037;6678;3470;9654;13124;17105;-3208;-773;-3981;-0,30333739713501984;-0,9244956772334294;-0,08007043712450798;0,1343334469826116;2;1
2016-09-27;17;2016-09-27 17:00:00;38,91;31,69;7,219999999999995;39721;5181;48037;6186;3816;4878;8694;11367;-2370;-303;-2673;-0,30745341614906835;-0,6210691823899371;-0,06211562115621156;0,18555641223335892;2;1
2016-09-27;18;2016-09-27 18:00:00;45,2;39,99;5,210000000000001;39721;1074;48037;5847;4330;1031;5361;6921;-1517;-43;-1560;-0,2909904868494684;-0,35034642032332564;-0,041707080504364696;0,11526548672566372;2;1
2016-09-27;19;2016-09-27 19:00:00;48,97;46,14;2,8299999999999983;39721;19;48037;6866;5150;25;5175;6885;-1716;6;-1710;-0,33043478260869563;-0,3332038834951456;0,24;0,05779048396977738;2;1
2016-09-27;20;2016-09-27 20:00:00;41,91;37,52;4,3899999999999935;39721;0;48037;8084;6077;0;6077;8084;-2007;0;-2007;-0,33026164225769294;-0,33026164225769294;;0,10474827010260067;2;1
2016-09-27;21;2016-09-27 21:00:00;29,94;28,56;1,3800000000000026;39721;0;48037;9456;7621;0;7621;9456;-1835;0;-1835;-0,24078204959979005;-0,24078204959979005;;0,046092184368737556;2;1
2016-09-27;22;2016-09-27 22:00:00;27,82;27,16;0,6600000000000001;39721;0;48037;10895;9343;0;9343;10895;-1552;0;-1552;-0,16611366798672803;-0,16611366798672803;;0,023723939611790083;2;1
2016-09-27;23;2016-09-27 23:00:00;24,36;24,32;0,03999999999999915;39721;0;48037;12132;10862;0;10862;12132;-1270;0;-1270;-0,1169213772785859;-0,1169213772785859;;0,0016420361247947105;2;1
2016-09-28;0;2016-09-28 00:00:00;24,01;23,56;0,4500000000000029;39730;0;48093;12094;10995;0;10995;12094;-1099;0;-1099;-0,09995452478399272;-0,09995452478399272;;0,01874219075385268;2;2
2016-09-28;1;2016-09-28 01:00:00;21,03;21,69;-0,6600000000000001;39730;0;48093;13050;12258;0;12258;13050;-792;0;-792;-0,06461086637298091;-0,06461086637298091;;-0,031383737517831675;2;2
2016-09-28;2;2016-09-28 02:00:00;16,19;17,55;-1,3599999999999994;39730;0;48093;13778;13315;0;13315;13778;-463;0;-463;-0,03477281261734885;-0,03477281261734885;;-0,08400247066090175;2;2
2016-09-28;3;2016-09-28 03:00:00;14,66;18,8;-4,1400000000000015;39730;0;48093;14505;14115;0;14115;14505;-390;0;-390;-0,02763018065887354;-0,02763018065887354;;-0,28240109140518427;2;2
2016-09-28;4;2016-09-28 04:00:00;14,91;17,32;-2,41;39730;0;48093;15394;14936;0;14936;15394;-458;0;-458;-0,030664167113015534;-0,030664167113015534;;-0,16163648558014757;2;2
2016-09-28;5;2016-09-28 05:00:00;19,89;25,7;-5,809999999999999;39730;0;48093;16420;15785;0;15785;16420;-635;0;-635;-0,04022806461830852;-0,04022806461830852;;-0,2921065862242332;2;2
2016-09-28;6;2016-09-28 06:00:00;28,52;31,32;-2,8000000000000007;39730;2;48093;17348;16819;4;16823;17350;-529;2;-527;-0,031326160613445876;-0,03145252393126821;0,5;-0,09817671809256664;2;2
2016-09-28;7;2016-09-28 07:00:00;37,94;44,41;-6,469999999999999;39730;358;48093;18530;17853;466;18319;18888;-677;108;-569;-0,031060647415251923;-0,03792079762504901;0,2317596566523605;-0,17053241960991036;2;2
2016-09-28;8;2016-09-28 08:00:00;38,1;44,22;-6,119999999999997;39730;2736;48093;19374;18490;3184;21674;22110;-884;448;-436;-0,02011626833994648;-0,04780962682531098;0,1407035175879397;-0,16062992125984243;2;2
2016-09-28;9;2016-09-28 09:00:00;32,22;33,89;-1,6700000000000017;39730;6468;48093;19126;18724;7165;25889;25594;-402;697;295;0,011394800880682916;-0,021469771416364025;0,09727843684577808;-0,05183116076970831;2;2
2016-09-28;10;2016-09-28 10:00:00;26,0;27,8;-1,8000000000000007;39730;10429;48093;19762;19262;11009;30271;30191;-500;580;80;0,00264279343265832;-0,025957844460595993;0,052684167499318736;-0,06923076923076926;2;2
2016-09-28;11;2016-09-28 11:00:00;23,06;25,84;-2,780000000000001;39730;14042;48093;22076;20443;13898;34341;36118;-1633;-144;-1777;-0,05174572668239131;-0,07988064374113388;-0,010361203050798675;-0,12055507372072859;2;2
2016-09-28;12;2016-09-28 12:00:00;19,79;16,4;3,390000000000001;39730;15757;48093;23832;21598;15544;37142;39589;-2234;-213;-2447;-0,06588228959129826;-0,10343550328734143;-0,013703036541430777;0,17129863567458317;2;2
2016-09-28;13;2016-09-28 13:00:00;12,94;11,58;1,3599999999999994;39730;15624;48093;24708;22425;15667;38092;40332;-2283;43;-2240;-0,05880499842486611;-0,10180602006688963;0,0027446224548413863;0,10510046367851619;2;2
2016-09-28;14;2016-09-28 14:00:00;12,95;10,53;2,42;39730;13704;48093;24758;23033;14431;37464;38462;-1725;727;-998;-0,026638906683749734;-0,0748925454782269;0,05037765920587624;0,18687258687258687;2;2
2016-09-28;15;2016-09-28 15:00:00;16,84;14,46;2,379999999999999;39730;11000;48093;24458;23188;11951;35139;35458;-1270;951;-319;-0,009078232163692763;-0,054769708469898225;0,07957493096811982;0,1413301662707838;2;2
2016-09-28;16;2016-09-28 16:00:00;22,67;23,19;-0,5199999999999996;39730;7352;48093;23184;22161;8310;30471;30536;-1023;958;-65;-0,002133175806504545;-0,046162176797075946;0,11528279181708785;-0,02293780326422583;2;2
2016-09-28;17;2016-09-28 17:00:00;26,45;31,05;-4,600000000000001;39730;3609;48093;20942;20659;4211;24870;24551;-283;602;319;0,01282669883393647;-0,0136986301369863;0,1429589171218238;-0,17391304347826092;2;2
2016-09-28;18;2016-09-28 18:00:00;33,53;41,25;-7,719999999999999;39730;709;48093;18730;19075;913;19988;19439;345;204;549;0,02746647988793276;0,018086500655307994;0,22343921139101863;-0,23024157470921558;2;2
2016-09-28;19;2016-09-28 19:00:00;39,59;51,33;-11,739999999999995;39730;15;48093;18117;18117;25;18142;18132;0;10;10;0,0005512071436445816;0,0;0,4;-0,29653953018438983;2;2
2016-09-28;20;2016-09-28 20:00:00;34,36;42,0;-7,6400000000000015;39730;0;48093;18445;17721;0;17721;18445;-724;0;-724;-0,040855482196264316;-0,040855482196264316;;-0,2223515715948778;2;2
2016-09-28;21;2016-09-28 21:00:00;28,14;30,47;-2,3299999999999983;39730;0;48093;18393;17823;0;17823;18393;-570;0;-570;-0,03198114795488975;-0,03198114795488975;;-0,08280028429282155;2;2
2016-09-28;22;2016-09-28 22:00:00;24,41;24,02;0,39000000000000057;39730;0;48093;18202;17943;0;17943;18202;-259;0;-259;-0,014434598450649278;-0,014434598450649278;;0,015977058582548158;2;2
2016-09-28;23;2016-09-28 23:00:00;22,02;18,87;3,1499999999999986;39730;0;48093;18096;18094;0;18094;18096;-2;0;-2;-0,00011053387863380126;-0,00011053387863380126;;0,14305177111716616;2;2
2016-09-29;0;2016-09-29 00:00:00;19,93;16,42;3,509999999999998;39736;0;48158;17478;16683;0;16683;17478;-795;0;-795;-0,0476532997662291;-0,0476532997662291;;0,17611640742599088;2;3
2016-09-29;1;2016-09-29 01:00:00;16,1;17,53;-1,4299999999999995;39736;0;48158;17447;16559;0;16559;17447;-888;0;-888;-0,05362642671658917;-0,05362642671658917;;-0,08881987577639748;2;3
2016-09-29;2;2016-09-29 02:00:00;18,63;23,72;-5,09;39736;0;48158;17374;16596;0;16596;17374;-778;0;-778;-0,04687876596770306;-0,04687876596770306;;-0,273215244229737;2;3
2016-09-29;3;2016-09-29 03:00:00;14,57;22,58;-8,009999999999998;39736;0;48158;17558;16819;0;16819;17558;-739;0;-739;-0,043938402996610976;-0,043938402996610976;;-0,5497597803706245;2;3
2016-09-29;4;2016-09-29 04:00:00;14,15;20,23;-6,08;39736;0;48158;18015;17320;0;17320;18015;-695;0;-695;-0,0401270207852194;-0,0401270207852194;;-0,42968197879858655;2;3
2016-09-29;5;2016-09-29 05:00:00;21,08;29,02;-7,940000000000001;39736;0;48158;18699;18119;0;18119;18699;-580;0;-580;-0,03201059661129201;-0,03201059661129201;;-0,37666034155597733;2;3
2016-09-29;6;2016-09-29 06:00:00;28,93;31,83;-2,8999999999999986;39736;1;48158;19800;19023;3;19026;19801;-777;2;-775;-0,04073373278671292;-0,04084529254060874;0,6666666666666666;-0,10024196335983404;2;3
2016-09-29;7;2016-09-29 07:00:00;37,97;42,29;-4,32;39736;373;48158;20177;19816;466;20282;20550;-361;93;-268;-0,013213687013115077;-0,018217601937828017;0,19957081545064378;-0,11377403213062945;2;3
2016-09-29;8;2016-09-29 08:00:00;37,84;41,65;-3,809999999999995;39736;3299;48158;19934;20452;3434;23886;23233;518;135;653;0,027338189734572554;0,025327596323097987;0,039312754804892255;-0,1006871035940802;2;3
2016-09-29;9;2016-09-29 09:00:00;28,42;34,84;-6,420000000000003;39736;8396;48158;19908;20852;7904;28756;28304;944;-492;452;0,01571845875643344;0,0452714367926338;-0,062246963562753034;-0,22589725545390577;2;3
2016-09-29;10;2016-09-29 10:00:00;23,59;23,62;-0,030000000000001137;39736;13439;48158;20919;21399;12293;33692;34358;480;-1146;-666;-0,019767303810993706;0,022430954717510165;-0,09322378589441145;-0,0012717253073336642;2;3
2016-09-29;11;2016-09-29 11:00:00;21,71;14,48;7,23;39736;17133;48158;22508;22301;15578;37879;39641;-207;-1555;-1762;-0,04651653950737876;-0,009282094973319582;-0,099820259340095;0,3330262551819438;2;3
2016-09-29;12;2016-09-29 12:00:00;15,84;11,21;4,629999999999999;39736;19230;48158;24071;23365;17411;40776;43301;-706;-1819;-2525;-0,06192368059642927;-0,03021613524502461;-0,10447418298776635;0,2922979797979797;2;3
2016-09-29;13;2016-09-29 13:00:00;12,65;3,64;9,01;39736;19092;48158;24768;24314;17520;41834;43860;-454;-1572;-2026;-0,048429507099488456;-0,018672369828082586;-0,08972602739726028;0,7122529644268775;2;3
2016-09-29;14;2016-09-29 14:00:00;11,43;-2,9;14,33;39736;17062;48158;25760;24947;16038;40985;42822;-813;-1024;-1837;-0,044821276076613396;-0,03258908886840101;-0,06384836014465645;1,2537182852143482;2;3
2016-09-29;15;2016-09-29 15:00:00;12,66;0,8;11,86;39736;13960;48158;26685;25414;13169;38583;40645;-1271;-791;-2062;-0,05344322629137185;-0,050011804517195245;-0,06006530488267902;0,9368088467614534;2;3
2016-09-29;16;2016-09-29 16:00:00;14,78;3,88;10,9;39736;9715;48158;26535;25247;8999;34246;36250;-1288;-716;-2004;-0,058517783098756056;-0,05101596229254961;-0,07956439604400489;0,7374830852503383;2;3
2016-09-29;17;2016-09-29 17:00:00;24,61;19,69;4,919999999999998;39736;4660;48158;25525;24623;4334;28957;30185;-902;-326;-1228;-0,04240770798079912;-0,036632416846038254;-0,07521919704660822;0,19991873222267365;2;3
2016-09-29;18;2016-09-29 18:00:00;29,1;31,72;-2,619999999999997;39736;822;48158;24122;23659;842;24501;24944;-463;20;-443;-0,018080894657360923;-0,01956971976837567;0,023752969121140142;-0,09003436426116827;2;3
2016-09-29;19;2016-09-29 19:00:00;37,91;38,88;-0,970000000000006;39736;7;48158;23248;22652;17;22669;23255;-596;10;-586;-0,025850280118223126;-0,026311142503973158;0,5882352941176471;-0,025586916380902297;2;3
2016-09-29;20;2016-09-29 20:00:00;32,05;30,94;1,109999999999996;39736;0;48158;22538;21953;0;21953;22538;-585;0;-585;-0,02664783856420535;-0,02664783856420535;;0,0346333853354133;2;3
2016-09-29;21;2016-09-29 21:00:00;25,03;24,64;0,39000000000000057;39736;0;48158;21989;21549;0;21549;21989;-440;0;-440;-0,02041858090862685;-0,02041858090862685;;0,015581302437075532;2;3
2016-09-29;22;2016-09-29 22:00:00;22,69;19,95;2,740000000000002;39736;0;48158;20620;20930;0;20930;20620;310;0;310;0,014811275680840898;0,014811275680840898;;0,12075804319083305;2;3
2016-09-29;23;2016-09-29 23:00:00;16,85;13,68;3,1700000000000017;39736;0;48158;19270;20088;0;20088;19270;818;0;818;0,04072082835523696;0,04072082835523696;;0,18813056379821966;2;3
2016-09-30;0;2016-09-30 00:00:00;23,79;27,24;-3,4499999999999997;39749;0;48231;17942;17376;0;17376;17942;-566;0;-566;-0,03257366482504604;-0,03257366482504604;;-0,14501891551071877;2;4
2016-09-30;1;2016-09-30 01:00:00;23,32;25,58;-2,259999999999998;39749;0;48231;16552;16238;0;16238;16552;-314;0;-314;-0,019337356817342038;-0,019337356817342038;;-0,09691252144082324;2;4
2016-09-30;2;2016-09-30 02:00:00;23,81;28,31;-4,5;39749;0;48231;15035;15203;0;15203;15035;168;0;168;0,011050450568966651;0,011050450568966651;;-0,1889962200755985;2;4
2016-09-30;3;2016-09-30 03:00:00;23,09;26,93;-3,84;39749;0;48231;13101;14358;0;14358;13101;1257;0;1257;0,08754701211867948;0,08754701211867948;;-0,16630576006929407;2;4
2016-09-30;4;2016-09-30 04:00:00;24,02;25,69;-1,6700000000000017;39749;0;48231;11763;13686;0;13686;11763;1923;0;1923;0,14050854888206926;0,14050854888206926;;-0,06952539550374695;2;4
2016-09-30;5;2016-09-30 05:00:00;25,73;28,01;-2,2800000000000007;39749;0;48231;10536;13056;0;13056;10536;2520;0;2520;0,19301470588235295;0,19301470588235295;;-0,08861251457442676;2;4
2016-09-30;6;2016-09-30 06:00:00;39,68;48,79;-9,11;39749;1;48231;10196;12406;4;12410;10197;2210;3;2213;0,1783239323126511;0,1781396098661938;0,75;-0,2295866935483871;2;4
2016-09-30;7;2016-09-30 07:00:00;49,66;71,66;-22,0;39749;294;48231;9956;11782;386;12168;10250;1826;92;1918;0,1576265614727153;0,15498217620098456;0,23834196891191708;-0,44301248489730166;2;4
2016-09-30;8;2016-09-30 08:00:00;49,97;66,95;-16,980000000000004;39749;2462;48231;9466;11197;2749;13946;11928;1731;287;2018;0,14470098953104832;0,15459498079842815;0,10440160058202982;-0,33980388232939773;2;4
2016-09-30;9;2016-09-30 09:00:00;43,91;57,0;-13,090000000000005;39749;5955;48231;8894;10546;6304;16850;14849;1652;349;2001;0,11875370919881306;0,15664706997913902;0,055361675126903556;-0,2981097699840584;2;4
2016-09-30;10;2016-09-30 10:00:00;39,96;53,59;-13,630000000000004;39749;9240;48231;8512;10099;9676;19775;17752;1587;436;2023;0,10230088495575221;0,1571442717100703;0,04505994212484498;-0,3410910910910912;2;4
2016-09-30;11;2016-09-30 11:00:00;39,6;52,02;-12,420000000000002;39749;11988;48231;9262;10155;12093;22248;21250;893;105;998;0,04485796476087738;0,0879369768586903;0,008682709005209625;-0,31363636363636366;2;4
2016-09-30;12;2016-09-30 12:00:00;37,9;48,36;-10,46;39749;13325;48231;11169;10593;13316;23909;24494;-576;-9;-585;-0,024467773641724873;-0,05437553101104503;-0,0006758786422349054;-0,2759894459102903;2;4
2016-09-30;13;2016-09-30 13:00:00;29,65;34,2;-4,550000000000004;39749;13119;48231;12082;11005;13175;24180;25201;-1077;56;-1021;-0,042224979321753515;-0,09786460699681963;0,004250474383301708;-0,1534569983136595;2;4
2016-09-30;14;2016-09-30 14:00:00;29,37;34,46;-5,09;39749;11571;48231;11926;11092;11891;22983;23497;-834;320;-514;-0,022364356263325065;-0,07518932564010097;0,02691110924228408;-0,17330609465440924;2;4
2016-09-30;15;2016-09-30 15:00:00;31,96;38,72;-6,759999999999998;39749;9310;48231;11300;10918;9691;20609;20610;-382;381;-1;-4,852249017419574e-05;-0,03498809305733651;0,03931482819110515;-0,21151439299123898;2;4
2016-09-30;16;2016-09-30 16:00:00;31,19;41,68;-10,489999999999998;39749;6582;48231;10164;10506;6615;17121;16746;342;33;375;0,021902926230944454;0,03255282695602513;0,004988662131519274;-0,3363257454312279;2;4
2016-09-30;17;2016-09-30 17:00:00;31,48;39,7;-8,220000000000002;39749;3248;48231;9301;9481;3170;12651;12549;180;-78;102;0,008062603746739389;0,018985339099251135;-0,024605678233438486;-0,26111817026683615;2;4
2016-09-30;18;2016-09-30 18:00:00;37,99;41,0;-3,009999999999998;39749;632;48231;7618;8257;612;8869;8250;639;-20;619;0,06979366332168227;0,07738888216059102;-0,032679738562091505;-0,07923137667807312;2;4
2016-09-30;19;2016-09-30 19:00:00;42,91;48,07;-5,160000000000005;39749;7;48231;7063;7349;9;7358;7070;286;2;288;0,03914107094319109;0,03891685943665805;0,2222222222222222;-0,12025168958284793;2;4
2016-09-30;20;2016-09-30 20:00:00;38,97;41,6;-2,6300000000000026;39749;0;48231;7100;6741;0;6741;7100;-359;0;-359;-0,053256193443109334;-0,053256193443109334;;-0,06748781113677195;2;4
2016-09-30;21;2016-09-30 21:00:00;31,9;36,44;-4,539999999999999;39749;0;48231;7148;6515;0;6515;7148;-633;0;-633;-0,09716039907904835;-0,09716039907904835;;-0,14231974921630092;2;4
2016-09-30;22;2016-09-30 22:00:00;30,93;34,73;-3,799999999999997;39749;0;48231;6713;6301;0;6301;6713;-412;0;-412;-0,06538644659577844;-0,06538644659577844;;-0,12285806660200443;2;4
2016-09-30;23;2016-09-30 23:00:00;28,43;32,72;-4,289999999999999;39749;0;48231;5734;6077;0;6077;5734;343;0;343;0,056442323514892215;0,056442323514892215;;-0,1508969398522687;2;4
2016-10-01;0;2016-10-01 00:00:00;29,18;31,12;-1,9400000000000013;39749;0;48234;5184;6768;0;6768;5184;1584;0;1584;0,23404255319148937;0,23404255319148937;;-0,06648389307745035;3;5
2016-10-01;1;2016-10-01 01:00:00;31,06;33,98;-2,919999999999998;39749;0;48234;4450;6215;0;6215;4450;1765;0;1765;0,2839903459372486;0,2839903459372486;;-0,0940115904700579;3;5
2016-10-01;2;2016-10-01 02:00:00;26,0;28,53;-2,5300000000000007;39749;0;48234;3590;5609;0;5609;3590;2019;0;2019;0,35995721162417543;0,35995721162417543;;-0,09730769230769233;3;5
2016-10-01;3;2016-10-01 03:00:00;29,02;34,61;-5,59;39749;0;48234;2957;5111;0;5111;2957;2154;0;2154;0,42144394443357464;0,42144394443357464;;-0,19262577532736044;3;5
2016-10-01;4;2016-10-01 04:00:00;25,94;27,9;-1,9599999999999973;39749;0;48234;3129;4731;0;4731;3129;1602;0;1602;0,33861762840837034;0,33861762840837034;;-0,07555898226676935;3;5
2016-10-01;5;2016-10-01 05:00:00;29,13;30,55;-1,4200000000000017;39749;0;48234;3222;4514;0;4514;3222;1292;0;1292;0,2862206468763846;0,2862206468763846;;-0,04874699622382429;3;5
2016-10-01;6;2016-10-01 06:00:00;32,55;35,79;-3,240000000000002;39749;1;48234;3513;4448;2;4450;3514;935;1;936;0,21033707865168538;0,2102068345323741;0,5;-0,09953917050691251;3;5
2016-10-01;7;2016-10-01 07:00:00;31,3;30,11;1,1900000000000013;39749;196;48234;3906;4350;252;4602;4102;444;56;500;0,10864841373315949;0,10206896551724139;0,2222222222222222;0,038019169329073524;3;5
2016-10-01;8;2016-10-01 08:00:00;38,38;28,97;9,410000000000004;39749;1933;48234;4295;4182;1855;6037;6228;-113;-78;-191;-0,03163823090939208;-0,02702056432329029;-0,042048517520215635;0,2451797811360084;3;5
2016-10-01;9;2016-10-01 09:00:00;38,96;32,75;6,210000000000001;39749;4677;48234;4116;3822;4296;8118;8793;-294;-381;-675;-0,08314855875831485;-0,07692307692307693;-0,08868715083798882;0,15939425051334705;3;5
2016-10-01;10;2016-10-01 10:00:00;39,94;33,33;6,6099999999999985;39749;7117;48234;3430;3414;6706;10120;10547;-16;-411;-427;-0,04219367588932806;-0,0046865846514352666;-0,06128839844915002;0,16549824737105656;3;5
2016-10-01;11;2016-10-01 11:00:00;39,21;34,41;4,800000000000004;39749;8846;48234;3336;3373;8577;11950;12182;37;-269;-232;-0,019414225941422593;0,010969463385710051;-0,03136294741751195;0,1224177505738333;3;5
2016-10-01;12;2016-10-01 12:00:00;34,07;35,42;-1,3500000000000014;39749;10147;48234;3444;3752;9629;13381;13591;308;-518;-210;-0,015693894327778193;0,08208955223880597;-0,053795825111641916;-0,039624302905782255;3;5
2016-10-01;13;2016-10-01 13:00:00;30,53;32,58;-2,0499999999999967;39749;10170;48234;3654;4208;9571;13779;13824;554;-599;-45;-0,0032658393207054214;0,13165399239543726;-0,06258489186082959;-0,06714706845725504;3;5
2016-10-01;14;2016-10-01 14:00:00;29,63;30,73;-1,1000000000000014;39749;9209;48234;3553;4457;8518;12975;12762;904;-691;213;0,016416184971098265;0,2028270136863361;-0,08112232918525475;-0,03712453594330076;3;5
2016-10-01;15;2016-10-01 15:00:00;29,18;31,3;-2,120000000000001;39749;6770;48234;3482;4539;6778;11317;10252;1057;8;1065;0,09410621189361137;0,23287067636043182;0,0011802891708468574;-0,07265250171350243;3;5
2016-10-01;16;2016-10-01 16:00:00;29,44;35,82;-6,379999999999999;39749;4092;48234;3573;4582;4493;9075;7665;1009;401;1410;0,15537190082644628;0,22020951549541684;0,08924994435789005;-0,21671195652173908;3;5
2016-10-01;17;2016-10-01 17:00:00;34,63;39,12;-4,489999999999995;39749;1762;48234;3871;4736;2132;6868;5633;865;370;1235;0,17981945253348863;0,18264358108108109;0,17354596622889307;-0,1296563673115794;3;5
2016-10-01;18;2016-10-01 18:00:00;39,93;47,19;-7,259999999999998;39749;334;48234;4452;5109;403;5512;4786;657;69;726;0,13171262699564587;0,1285965942454492;0,17121588089330025;-0,18181818181818177;3;5
2016-10-01;19;2016-10-01 19:00:00;45,03;53,62;-8,589999999999996;39749;4;48234;5518;5607;5;5612;5522;89;1;90;0,016037063435495366;0,015873015873015872;0,2;-0,19076171441261372;3;5
2016-10-01;20;2016-10-01 20:00:00;40,06;44,5;-4,439999999999999;39749;0;48234;6658;5757;0;5757;6658;-901;0;-901;-0,15650512419663018;-0,15650512419663018;;-0,11083374937593606;3;5
2016-10-01;21;2016-10-01 21:00:00;30,74;29,81;0,9299999999999996;39749;0;48234;7108;6097;0;6097;7108;-1011;0;-1011;-0,16581925537149417;-0,16581925537149417;;0,03025374105400129;3;5
2016-10-01;22;2016-10-01 22:00:00;28,84;28,94;-0,10000000000000142;39749;0;48234;7866;6507;0;6507;7866;-1359;0;-1359;-0,20885200553250347;-0,20885200553250347;;-0,0034674063800277885;3;5
2016-10-01;23;2016-10-01 23:00:00;32,47;31,56;0,91;39749;0;48234;7722;6851;0;6851;7722;-871;0;-871;-0,127134724857685;-0,127134724857685;;0,028025870033877427;3;5
2016-10-02;0;2016-10-02 00:00:00;32,68;30,57;2,1099999999999994;39749;0;48234;7366;8375;0;8375;7366;1009;0;1009;0,1204776119402985;0,1204776119402985;;0,06456548347613217;3;6
2016-10-02;1;2016-10-02 01:00:00;27,04;27,83;-0,7899999999999991;39749;0;48234;7336;8725;0;8725;7336;1389;0;1389;0,1591977077363897;0,1591977077363897;;-0,029215976331360916;3;6
2016-10-02;2;2016-10-02 02:00:00;26,28;26,98;-0,6999999999999993;39749;0;48234;7532;9005;0;9005;7532;1473;0;1473;0,16357579122709606;0,16357579122709606;;-0,026636225266362223;3;6
2016-10-02;3;2016-10-02 03:00:00;25,13;25,99;-0,8599999999999994;39749;0;48234;7812;9149;0;9149;7812;1337;0;1337;0,14613618974751338;0,14613618974751338;;-0,034222045364106626;3;6
2016-10-02;4;2016-10-02 04:00:00;24,9;23,62;1,2799999999999976;39749;0;48234;7813;9230;0;9230;7813;1417;0;1417;0,15352112676056337;0,15352112676056337;;0,051405622489959744;3;6
2016-10-02;5;2016-10-02 05:00:00;25,03;24,26;0,7699999999999996;39749;0;48234;7732;9364;0;9364;7732;1632;0;1632;0,17428449380606578;0,17428449380606578;;0,03076308429884137;3;6
2016-10-02;6;2016-10-02 06:00:00;25,43;24,87;0,5599999999999987;39749;1;48234;7840;9593;3;9596;7841;1753;2;1755;0,18288870362651105;0,18273741269675806;0,6666666666666666;0,022021234762091967;3;6
2016-10-02;7;2016-10-02 07:00:00;26,09;26,81;-0,7199999999999989;39749;183;48234;8283;9827;281;10108;8466;1544;98;1642;0,16244558765334388;0,15711814388928463;0,3487544483985765;-0,0275967803756228;3;6
2016-10-02;8;2016-10-02 08:00:00;29,7;29,81;-0,10999999999999943;39749;2027;48234;8083;10034;2336;12370;10110;1951;309;2260;0,18270008084074374;0,19443890771377317;0,13227739726027396;-0,0037037037037036848;3;6
2016-10-02;9;2016-10-02 09:00:00;30,99;31,14;-0,15000000000000213;39749;5087;48234;7372;10278;5579;15857;12459;2906;492;3398;0,21429021883080027;0,282739832652267;0,08818784728445958;-0,004840271055179159;3;6
2016-10-02;10;2016-10-02 10:00:00;29,88;32,34;-2,4600000000000044;39749;7893;48234;7442;10705;8449;19154;15335;3263;556;3819;0,19938394069123944;0,30481083605791687;0,06580660433187359;-0,08232931726907645;3;6
2016-10-02;11;2016-10-02 11:00:00;32,38;36,81;-4,43;39749;9650;48234;8525;11153;10376;21529;18175;2628;726;3354;0,15578986483348042;0,2356316686093428;0,06996915959907479;-0,13681284743668928;3;6
2016-10-02;12;2016-10-02 12:00:00;29,11;34,47;-5,3599999999999985;39749;9864;48234;9541;11385;11239;22624;19405;1844;1375;3219;0,14228253182461104;0,16196750109793587;0,12234184535990747;-0,18412916523531428;3;6
2016-10-02;13;2016-10-02 13:00:00;26,64;31,59;-4,949999999999998;39749;9655;48234;9182;11574;11108;22682;18837;2392;1453;3845;0,16951767921700026;0,2066701226887852;0,13080662585523947;-0,18581081081081074;3;6
2016-10-02;14;2016-10-02 14:00:00;25,01;29,13;-4,119999999999997;39749;9077;48234;8946;11664;10074;21738;18023;2718;997;3715;0,1708988867421106;0,2330246913580247;0,09896763946793727;-0,16473410635745692;3;6
2016-10-02;15;2016-10-02 15:00:00;24,65;28,49;-3,84;39749;7535;48234;8477;11402;8218;19620;16012;2925;683;3608;0,1838939857288481;0,25653394141378705;0,08311024580189827;-0,15578093306288032;3;6
2016-10-02;16;2016-10-02 16:00:00;25,06;28,51;-3,450000000000003;39749;5315;48234;7794;10908;5594;16502;13109;3114;279;3393;0,20561144103745;0,2854785478547855;0,04987486592777977;-0,13766959297685566;3;6
2016-10-02;17;2016-10-02 17:00:00;31,65;32,73;-1,0799999999999983;39749;2743;48234;6830;10280;2640;12920;9573;3450;-103;3347;0,25905572755417955;0,3356031128404669;-0,03901515151515152;-0,034123222748815116;3;6
2016-10-02;18;2016-10-02 18:00:00;41,22;42,32;-1,1000000000000014;39749;490;48234;6038;9939;457;10396;6528;3901;-33;3868;0,3720661792997307;0,39249421470972934;-0,07221006564551423;-0,026686074721009253;3;6
2016-10-02;19;2016-10-02 19:00:00;49,35;49,52;-0,1700000000000017;39749;6;48234;6536;10158;5;10163;6542;3622;-1;3621;0,3562924333366132;0,35656625319944873;-0,2;-0,0034447821681864578;3;6
2016-10-02;20;2016-10-02 20:00:00;42,4;44,69;-2,289999999999999;39749;0;48234;6825;11337;0;11337;6825;4512;0;4512;0,39798888594866366;0,39798888594866366;;-0,05400943396226413;3;6
2016-10-02;21;2016-10-02 21:00:00;34,78;37,11;-2,3299999999999983;39749;0;48234;6818;12089;0;12089;6818;5271;0;5271;0,4360162130862768;0,4360162130862768;;-0,0669925244393329;3;6
2016-10-02;22;2016-10-02 22:00:00;29,94;32,83;-2,889999999999997;39749;0;48234;6817;12408;0;12408;6817;5591;0;5591;0,45059638942617664;0,45059638942617664;;-0,09652638610554432;3;6
2016-10-02;23;2016-10-02 23:00:00;25,19;28,07;-2,879999999999999;39749;0;48234;7188;12593;0;12593;7188;5405;0;5405;0,42920670213610734;0,42920670213610734;;-0,11433108376339812;3;6
2016-10-03;0;2016-10-03 00:00:00;30,81;25,99;4,82;39749;0;48242;7059;6485;0;6485;7059;-574;0;-574;-0,08851195065535852;-0,08851195065535852;;0,15644271340473873;3;0
2016-10-03;1;2016-10-03 01:00:00;26,11;23,88;2,2300000000000004;39749;0;48242;6949;6474;0;6474;6949;-475;0;-475;-0,0733704046957059;-0,0733704046957059;;0,08540788969743394;3;0
2016-10-03;2;2016-10-03 02:00:00;25,09;24,75;0,33999999999999986;39749;0;48242;6952;6375;0;6375;6952;-577;0;-577;-0,09050980392156863;-0,09050980392156863;;0,013551215623754479;3;0
2016-10-03;3;2016-10-03 03:00:00;24,54;24,62;-0,08000000000000185;39749;0;48242;6818;6251;0;6251;6818;-567;0;-567;-0,09070548712206047;-0,09070548712206047;;-0,003259983700081575;3;0
2016-10-03;4;2016-10-03 04:00:00;24,59;25,73;-1,1400000000000006;39749;0;48242;6781;6047;0;6047;6781;-734;0;-734;-0,12138250372085331;-0,12138250372085331;;-0,04636030906872715;3;0
2016-10-03;5;2016-10-03 05:00:00;25,78;25,82;-0,03999999999999915;39749;0;48242;6486;5795;0;5795;6486;-691;0;-691;-0,11924072476272649;-0,11924072476272649;;-0,00155159038013961;3;0
2016-10-03;6;2016-10-03 06:00:00;36,12;26,2;9,919999999999998;39749;0;48242;6085;5627;1;5628;6085;-458;1;-457;-0,08120113717128642;-0,08139328238848409;1,0;0,2746400885935769;3;0
2016-10-03;7;2016-10-03 07:00:00;40,96;26,41;14,55;39749;164;48242;6060;5587;219;5806;6224;-473;55;-418;-0,07199448846021357;-0,0846608197601575;0,2511415525114155;0,355224609375;3;0
2016-10-03;8;2016-10-03 08:00:00;38,19;29,8;8,389999999999997;39749;1633;48242;6225;5534;1921;7455;7858;-691;288;-403;-0,054057679409792087;-0,1248644741597398;0,14992191566892243;0,2196910185912542;3;0
2016-10-03;9;2016-10-03 09:00:00;39,76;31,51;8,249999999999996;39749;4373;48242;6326;5426;4782;10208;10699;-900;409;-491;-0,04809952978056426;-0,16586804275709546;0,08552906733584274;0,2074949698189134;3;0
2016-10-03;10;2016-10-03 10:00:00;32,6;31,3;1,3000000000000007;39749;7122;48242;6604;5339;7541;12880;13726;-1265;419;-846;-0,06568322981366459;-0,2369357557595055;0,0555629226892985;0,03987730061349695;3;0
2016-10-03;11;2016-10-03 11:00:00;33,17;29,42;3,75;39749;9044;48242;6995;5455;9643;15098;16039;-1540;599;-941;-0,06232613591204133;-0,28230980751604035;0,06211759825780359;0,11305396442568585;3;0
2016-10-03;12;2016-10-03 12:00:00;26,19;23,5;2,6900000000000013;39749;9837;48242;7320;5873;10817;16690;17157;-1447;980;-467;-0,027980826842420613;-0,24638174697769452;0,09059813256910419;0,10271095838106152;3;0
2016-10-03;13;2016-10-03 13:00:00;25,33;23,06;2,27;39749;10118;48242;7613;6441;10764;17205;17731;-1172;646;-526;-0,03057250799186283;-0,18195932308647725;0,06001486436269045;0,08961705487564153;3;0
2016-10-03;14;2016-10-03 14:00:00;24,59;24,61;-0,01999999999999957;39749;9389;48242;8445;6919;9747;16666;17834;-1526;358;-1168;-0,07008280331213249;-0,2205521029050441;0,03672925002564892;-0,0008133387555916865;3;0
2016-10-03;15;2016-10-03 15:00:00;29,39;27,66;1,7300000000000004;39749;7479;48242;8572;7374;7951;15325;16051;-1198;472;-726;-0,047373572593800976;-0,16246270680770275;0,05936360206263363;0,05886355903368494;3;0
2016-10-03;16;2016-10-03 16:00:00;31,04;30,7;0,33999999999999986;39749;4900;48242;8272;7750;5434;13184;13172;-522;534;12;0,0009101941747572816;-0,06735483870967741;0,09827015090172984;0,010953608247422676;3;0
2016-10-03;17;2016-10-03 17:00:00;33,37;34,65;-1,2800000000000011;39749;2280;48242;8179;8011;2598;10609;10459;-168;318;150;0,014138938637006316;-0,020971164648608164;0,12240184757505773;-0,0383578064129458;3;0
2016-10-03;18;2016-10-03 18:00:00;37,1;38,17;-1,0700000000000005;39749;359;48242;8314;8169;448;8617;8673;-145;89;-56;-0,006498781478472786;-0,01775003060350104;0,19866071428571427;-0,028840970350404324;3;0
2016-10-03;19;2016-10-03 19:00:00;37,74;38,07;-0,3299999999999983;39749;4;48242;9324;8480;6;8486;9328;-844;2;-842;-0,09922224840914447;-0,09952830188679246;0,3333333333333333;-0,008744038155802816;3;0
2016-10-03;20;2016-10-03 20:00:00;32,63;31,89;0,7400000000000021;39749;0;48242;9806;9038;0;9038;9806;-768;0;-768;-0,0849745518920115;-0,0849745518920115;;0,02267851670242115;3;0
2016-10-03;21;2016-10-03 21:00:00;28,42;28,88;-0,4599999999999973;39749;0;48242;10202;9326;0;9326;10202;-876;0;-876;-0,09393094574308385;-0,09393094574308385;;-0,016185784658690968;3;0
2016-10-03;22;2016-10-03 22:00:00;25,74;25,95;-0,21000000000000085;39749;0;48242;10376;9386;0;9386;10376;-990;0;-990;-0,10547624121031324;-0,10547624121031324;;-0,008158508158508193;3;0
2016-10-03;23;2016-10-03 23:00:00;24,6;24,76;-0,16000000000000014;39749;0;48242;10516;9281;0;9281;10516;-1235;0;-1235;-0,13306755737528284;-0,13306755737528284;;-0,006504065040650412;3;0
2016-10-04;0;2016-10-04 00:00:00;25,96;27,2;-1,2399999999999984;39752;0;48242;10450;9924;0;9924;10450;-526;0;-526;-0,053002821442966544;-0,053002821442966544;;-0,04776579352850533;3;1
2016-10-04;1;2016-10-04 01:00:00;25,28;26,03;-0,75;39752;0;48242;10819;10306;0;10306;10819;-513;0;-513;-0,04977682903163206;-0,04977682903163206;;-0,02966772151898734;3;1
2016-10-04;2;2016-10-04 02:00:00;24,05;26,0;-1,9499999999999995;39752;0;48242;11261;10822;0;10822;11261;-439;0;-439;-0,040565514692293476;-0,040565514692293476;;-0,08108108108108106;3;1
2016-10-04;3;2016-10-04 03:00:00;22,03;22,23;-0,1999999999999993;39752;0;48242;11964;11316;0;11316;11964;-648;0;-648;-0,05726405090137858;-0,05726405090137858;;-0,00907852927825689;3;1
2016-10-04;4;2016-10-04 04:00:00;23,25;19,54;3,7100000000000013;39752;0;48242;12526;11775;0;11775;12526;-751;0;-751;-0,0637791932059448;-0,0637791932059448;;0,15956989247311834;3;1
2016-10-04;5;2016-10-04 05:00:00;25,54;21,58;3,9600000000000013;39752;0;48242;13342;12041;0;12041;13342;-1301;0;-1301;-0,10804750436010298;-0,10804750436010298;;0,15505090054815981;3;1
2016-10-04;6;2016-10-04 06:00:00;30,04;29,36;0,6799999999999997;39752;0;48242;14166;12170;0;12170;14166;-1996;0;-1996;-0,1640098603122432;-0,1640098603122432;;0,022636484687083878;3;1
2016-10-04;7;2016-10-04 07:00:00;37,1;38,4;-1,2999999999999972;39752;142;48242;14618;12245;221;12466;14760;-2373;79;-2294;-0,18402053585753247;-0,19379338505512453;0,3574660633484163;-0,035040431266846285;3;1
2016-10-04;8;2016-10-04 08:00:00;40,38;40,18;0,20000000000000284;39752;1696;48242;14740;12193;2112;14305;16436;-2547;416;-2131;-0,14896889199580565;-0,20889034692036415;0,19696969696969696;0,004952947003467133;3;1
2016-10-04;9;2016-10-04 09:00:00;36,78;35,02;1,759999999999998;39752;4541;48242;14752;12407;5282;17689;19293;-2345;741;-1604;-0,09067782237548759;-0,18900620617393407;0,14028776978417265;0,047852093529091845;3;1
2016-10-04;10;2016-10-04 10:00:00;32,37;32,12;0,25;39752;7480;48242;15603;13127;8309;21436;23083;-2476;829;-1647;-0,076833364433663;-0,18861887712348593;0,09977133229028765;0,007723200494284832;3;1
2016-10-04;11;2016-10-04 11:00:00;28,71;32,18;-3,469999999999999;39752;9696;48242;16046;13444;10561;24005;25742;-2602;865;-1737;-0,07235992501562175;-0,19354358821779233;0,08190512262096393;-0,12086381051898289;3;1
2016-10-04;12;2016-10-04 12:00:00;31,29;33,87;-2,5799999999999983;39752;11108;48242;16072;13159;11796;24955;27180;-2913;688;-2225;-0,08916048887998397;-0,22136940496998253;0,05832485588335029;-0,08245445829338442;3;1
2016-10-04;13;2016-10-04 13:00:00;32,08;36,35;-4,270000000000003;39752;11525;48242;15804;12787;12046;24833;27329;-3017;521;-2496;-0,10051141626062095;-0,23594275435989678;0,04325087165864187;-0,13310473815461357;3;1
2016-10-04;14;2016-10-04 14:00:00;31,99;38,25;-6,2600000000000025;39752;11240;48242;15794;12759;11324;24083;27034;-3035;84;-2951;-0,1225345679524976;-0,23787130652872482;0,007417873542917697;-0,19568615192247585;3;1
2016-10-04;15;2016-10-04 15:00:00;31,87;35,25;-3,379999999999999;39752;9532;48242;15620;13112;9474;22586;25152;-2508;-58;-2566;-0,1136102010094749;-0,1912751677852349;-0,006122018154950391;-0,10605585189833695;3;1
2016-10-04;16;2016-10-04 16:00:00;30,49;32,49;-2,000000000000004;39752;6692;48242;15650;13507;6446;19953;22342;-2143;-246;-2389;-0,11973136871648374;-0,15865847338417116;-0,038163201985727584;-0,06559527714004605;3;1
2016-10-04;17;2016-10-04 17:00:00;35,7;34,54;1,1600000000000037;39752;3170;48242;15200;13663;2980;16643;18370;-1537;-190;-1727;-0,1037673496364838;-0,11249359584278709;-0,06375838926174497;0,03249299719887965;3;1
2016-10-04;18;2016-10-04 18:00:00;37,88;35,72;2,160000000000004;39752;442;48242;14724;13857;460;14317;15166;-867;18;-849;-0,05930013270936649;-0,06256765533665296;0,0391304347826087;0,05702217529039081;3;1
2016-10-04;19;2016-10-04 19:00:00;39,09;40,06;-0,9699999999999988;39752;4;48242;15941;14532;4;14536;15945;-1409;0;-1409;-0,09693175564116675;-0,09695843655381228;0,0;-0,02481453057047835;3;1
2016-10-04;20;2016-10-04 20:00:00;30,21;29,14;1,0700000000000005;39752;0;48242;17074;15372;0;15372;17074;-1702;0;-1702;-0,1107207910486599;-0,1107207910486599;;0,0354187355180404;3;1
2016-10-04;21;2016-10-04 21:00:00;26,08;27,15;-1,0700000000000005;39752;0;48242;17750;15737;0;15737;17750;-2013;0;-2013;-0,12791510453072377;-0,12791510453072377;;-0,04102760736196321;3;1
2016-10-04;22;2016-10-04 22:00:00;24,78;24,22;0,5600000000000023;39752;0;48242;17496;15613;0;15613;17496;-1883;0;-1883;-0,12060462435150196;-0,12060462435150196;;0,022598870056497265;3;1
2016-10-04;23;2016-10-04 23:00:00;24,93;22,73;2,1999999999999997;39752;0;48242;16629;15035;0;15035;16629;-1594;0;-1594;-0,10601928832723645;-0,10601928832723645;;0,08824709185720014;3;1
2016-10-05;0;2016-10-05 00:00:00;25,06;18,58;6,48;39754;0;48253;15584;14547;0;14547;15584;-1037;0;-1037;-0,0712861758438166;-0,0712861758438166;;0,25857940941739826;3;2
2016-10-05;1;2016-10-05 01:00:00;23,67;15,49;8,180000000000001;39754;0;48253;14892;13668;0;13668;14892;-1224;0;-1224;-0,08955223880597014;-0,08955223880597014;;0,34558512885509085;3;2
2016-10-05;2;2016-10-05 02:00:00;22,45;13,59;8,86;39754;0;48253;14731;12911;0;12911;14731;-1820;0;-1820;-0,14096506854620092;-0,14096506854620092;;0,3946547884187082;3;2
2016-10-05;3;2016-10-05 03:00:00;22,23;12,43;9,8;39754;0;48253;14781;12399;0;12399;14781;-2382;0;-2382;-0,192112267118316;-0,192112267118316;;0,44084570400359874;3;2
2016-10-05;4;2016-10-05 04:00:00;22,71;9,64;13,07;39754;0;48253;14479;12170;0;12170;14479;-2309;0;-2309;-0,18972884141331142;-0,18972884141331142;;0,5755173932188463;3;2
2016-10-05;5;2016-10-05 05:00:00;24,3;14,97;9,33;39754;0;48253;14180;12114;0;12114;14180;-2066;0;-2066;-0,17054647515271587;-0,17054647515271587;;0,38395061728395063;3;2
2016-10-05;6;2016-10-05 06:00:00;31,17;28,62;2,5500000000000007;39754;0;48253;14092;12203;1;12204;14092;-1889;1;-1888;-0,154703375942314;-0,15479800049168238;1,0;0,08180943214629453;3;2
2016-10-05;7;2016-10-05 07:00:00;42,45;35,36;7,0900000000000025;39754;241;48253;14037;12356;344;12700;14278;-1681;103;-1578;-0,12425196850393701;-0,13604726448688897;0,29941860465116277;0,16702002355712608;3;2
2016-10-05;8;2016-10-05 08:00:00;41,97;37,81;4,159999999999997;39754;3394;48253;13333;12700;3524;16224;16727;-633;130;-503;-0,0310034516765286;-0,04984251968503937;0,03688989784335982;0,09911841791756008;3;2
2016-10-05;9;2016-10-05 09:00:00;30,14;28,7;1,4400000000000013;39754;8552;48253;12406;13288;8751;22039;20958;882;199;1081;0,049049412405281545;0,06637567730282962;0,02274025825619929;0,04777704047777045;3;2
2016-10-05;10;2016-10-05 10:00:00;27,58;28,96;-1,3800000000000026;39754;13460;48253;13902;14264;12993;27257;27362;362;-467;-105;-0,0038522214477015077;0,025378575434660683;-0,03594243053952128;-0,05003625815808566;3;2
2016-10-05;11;2016-10-05 11:00:00;27,51;27,54;-0,02999999999999758;39754;15966;48253;15442;15239;15366;30605;31408;-203;-600;-803;-0,026237542885149484;-0,0133210840606339;-0,03904724716907458;-0,0010905125408941323;3;2
2016-10-05;12;2016-10-05 12:00:00;26,33;26,34;-0,010000000000001565;39754;16054;48253;15771;15690;16082;31772;31825;-81;28;-53;-0,0016681354651894751;-0,0051625239005736135;0,0017410769804750653;-0,00037979491074825543;3;2
2016-10-05;13;2016-10-05 13:00:00;26,98;27,34;-0,35999999999999943;39754;15025;48253;15110;15791;15284;31075;30135;681;259;940;0,030249396621078038;0,0431258311696536;0,016945825700078514;-0,013343217197924367;3;2
2016-10-05;14;2016-10-05 14:00:00;28,17;29,24;-1,0699999999999967;39754;13871;48253;14650;15879;13247;29126;28521;1229;-624;605;0,020771818993339283;0,07739782102147491;-0,047105004906771344;-0,037983670571529876;3;2
2016-10-05;15;2016-10-05 15:00:00;28,18;30,27;-2,09;39754;11037;48253;15516;15973;10358;26331;26553;457;-679;-222;-0,00843112680870457;0,028610780692418455;-0,06555319559760571;-0,07416607523066004;3;2
2016-10-05;16;2016-10-05 16:00:00;29,99;29,43;0,5599999999999987;39754;7349;48253;16128;15969;6902;22871;23477;-159;-447;-606;-0,026496436535350443;-0,009956791283111027;-0,0647638365691104;0,01867289096365451;3;2
2016-10-05;17;2016-10-05 17:00:00;35,0;33,39;1,6099999999999994;39754;3325;48253;16609;15831;3138;18969;19934;-778;-187;-965;-0,05087247614528968;-0,04914408439138399;-0,05959209687699171;0,045999999999999985;3;2
2016-10-05;18;2016-10-05 18:00:00;42,2;39,38;2,8200000000000003;39754;483;48253;15848;15712;485;16197;16331;-136;2;-134;-0,008273137000679139;-0,008655804480651732;0,004123711340206186;0,06682464454976303;3;2
2016-10-05;19;2016-10-05 19:00:00;41,08;41,25;-0,1700000000000017;39754;3;48253;16366;15910;2;15912;16369;-456;-1;-457;-0,028720462543991954;-0,028661219358893777;-0,5;-0,004138266796494686;3;2
2016-10-05;20;2016-10-05 20:00:00;33,37;36,09;-2,720000000000006;39754;0;48253;17614;15959;0;15959;17614;-1655;0;-1655;-0,10370323955135033;-0,10370323955135033;;-0,08151033862750992;3;2
2016-10-05;21;2016-10-05 21:00:00;27,67;29,78;-2,1099999999999994;39754;0;48253;18272;16196;0;16196;18272;-2076;0;-2076;-0,12817979748085948;-0,12817979748085948;;-0,07625587278641124;3;2
2016-10-05;22;2016-10-05 22:00:00;26,98;27,16;-0,17999999999999972;39754;0;48253;18057;16262;0;16262;18057;-1795;0;-1795;-0,11038002705694257;-0,11038002705694257;;-0,0066716085989621835;3;2
2016-10-05;23;2016-10-05 23:00:00;25,02;26,11;-1,09;39754;0;48253;17797;16054;0;16054;17797;-1743;0;-1743;-0,10857107262987417;-0,10857107262987417;;-0,043565147881694646;3;2
2016-10-06;0;2016-10-06 00:00:00;13,65;20,13;-6,479999999999999;39755;0;48253;17854;17531;0;17531;17854;-323;0;-323;-0,018424505162283954;-0,018424505162283954;;-0,4747252747252746;3;3
2016-10-06;1;2016-10-06 01:00:00;17,1;21,85;-4,75;39755;0;48253;18103;17485;0;17485;18103;-618;0;-618;-0,03534458106948813;-0,03534458106948813;;-0,27777777777777773;3;3
2016-10-06;2;2016-10-06 02:00:00;16,05;20,09;-4,039999999999999;39755;0;48253;17910;17490;0;17490;17910;-420;0;-420;-0,024013722126929673;-0,024013722126929673;;-0,2517133956386292;3;3
2016-10-06;3;2016-10-06 03:00:00;12,3;19,52;-7,219999999999999;39755;0;48253;17618;17369;0;17369;17618;-249;0;-249;-0,014335885773504519;-0,014335885773504519;;-0,586991869918699;3;3
2016-10-06;4;2016-10-06 04:00:00;19,55;23,51;-3,9600000000000013;39755;0;48253;17401;17119;0;17119;17401;-282;0;-282;-0,01647292482037502;-0,01647292482037502;;-0,2025575447570333;3;3
2016-10-06;5;2016-10-06 05:00:00;24,06;27,32;-3,2600000000000016;39755;0;48253;17615;16992;0;16992;17615;-623;0;-623;-0,03666431261770245;-0,03666431261770245;;-0,13549459684123033;3;3
2016-10-06;6;2016-10-06 06:00:00;27,63;30,01;-2,3800000000000026;39755;0;48253;17605;16839;0;16839;17605;-766;0;-766;-0,04548963715184987;-0,04548963715184987;;-0,0861382555193631;3;3
2016-10-06;7;2016-10-06 07:00:00;33,19;30,97;2,2199999999999993;39755;39;48253;16879;16655;59;16714;16918;-224;20;-204;-0,012205336843364844;-0,013449414590213149;0,3389830508474576;0,06688761675203372;3;3
2016-10-06;8;2016-10-06 08:00:00;32,57;38,42;-5,850000000000001;39755;655;48253;16009;16535;632;17167;16664;526;-23;503;0,02930040193394303;0,031811309343816145;-0,03639240506329114;-0,17961314092723368;3;3
2016-10-06;9;2016-10-06 09:00:00;36,19;41,32;-5,130000000000003;39755;1984;48253;14890;16434;1796;18230;16874;1544;-188;1356;0,07438288535381239;0,0939515638310819;-0,10467706013363029;-0,14175186515612057;3;3
2016-10-06;10;2016-10-06 10:00:00;36,45;46,48;-10,029999999999994;39755;3372;48253;14611;16349;2924;19273;17983;1738;-448;1290;0,06693301509884295;0,10630619609762065;-0,15321477428180574;-0,27517146776406015;3;3
2016-10-06;11;2016-10-06 11:00:00;36,77;45,63;-8,86;39755;4058;48253;14185;16335;3676;20011;18243;2150;-382;1768;0,08835140672630054;0,13161922252831343;-0,10391730141458107;-0,2409573021484906;3;3
2016-10-06;12;2016-10-06 12:00:00;36,97;43,65;-6,68;39755;4451;48253;13663;16267;3990;20257;18114;2604;-461;2143;0,10579059090684702;0,16007868691215343;-0,11553884711779448;-0,18068704354882337;3;3
2016-10-06;13;2016-10-06 13:00:00;36,44;42,5;-6,060000000000002;39755;4448;48253;13460;16138;3959;20097;17908;2678;-489;2189;0,10892172961138478;0,16594373528318254;-0,12351603940388987;-0,16630076838638866;3;3
2016-10-06;14;2016-10-06 14:00:00;34,18;39,03;-4,850000000000001;39755;3878;48253;13293;16021;3576;19597;17171;2728;-302;2426;0,1237944583354595;0,17027651207789776;-0,08445190156599552;-0,1418958455236981;3;3
2016-10-06;15;2016-10-06 15:00:00;34,06;37,65;-3,5899999999999963;39755;3146;48253;13427;15719;2860;18579;16573;2292;-286;2006;0,10797136552021099;0,1458108022138813;-0,1;-0,10540223135642972;3;3
2016-10-06;16;2016-10-06 16:00:00;33,42;36,05;-2,6299999999999955;39755;2030;48253;13510;15209;1845;17054;15540;1699;-185;1514;0,08877682655095578;0,11171017160891578;-0,1002710027100271;-0,07869539198084965;3;3
2016-10-06;17;2016-10-06 17:00:00;42,42;48,02;-5,600000000000001;39755;824;48253;13737;14737;812;15549;14561;1000;-12;988;0,06354106373400219;0,06785641582411617;-0,014778325123152709;-0,13201320132013203;3;3
2016-10-06;18;2016-10-06 18:00:00;42,47;49,87;-7,399999999999999;39755;108;48253;13696;14354;131;14485;13804;658;23;681;0,04701415257162582;0,04584088059077609;0,17557251908396945;-0,1742406404520838;3;3
2016-10-06;19;2016-10-06 19:00:00;49,69;61,7;-12,010000000000005;39755;0;48253;13610;13998;0;13998;13610;388;0;388;0,027718245463637662;0,027718245463637662;;-0,2416985308915276;3;3
2016-10-06;20;2016-10-06 20:00:00;40,02;44,38;-4,3599999999999985;39755;0;48253;13158;13380;0;13380;13158;222;0;222;0,016591928251121078;0,016591928251121078;;-0,10894552723638176;3;3
2016-10-06;21;2016-10-06 21:00:00;34,23;37,29;-3,0600000000000023;39755;0;48253;12060;12565;0;12565;12060;505;0;505;0,04019100676482292;0,04019100676482292;;-0,08939526730937782;3;3
2016-10-06;22;2016-10-06 22:00:00;30,68;33,37;-2,6899999999999977;39755;0;48253;10845;11736;0;11736;10845;891;0;891;0,07592024539877301;0,07592024539877301;;-0,08767926988265964;3;3
2016-10-06;23;2016-10-06 23:00:00;28,43;32,67;-4,240000000000002;39755;0;48253;9925;11024;0;11024;9925;1099;0;1099;0,09969158200290276;0,09969158200290276;;-0,14913823425958503;3;3
2016-10-07;0;2016-10-07 00:00:00;28,87;33,45;-4,580000000000002;39758;0;48261;8926;11458;0;11458;8926;2532;0;2532;0,22098097399197067;0,22098097399197067;;-0,15864218912365782;3;4
2016-10-07;1;2016-10-07 01:00:00;26,9;32,58;-5,68;39758;0;48261;8520;10934;0;10934;8520;2414;0;2414;0,22077922077922077;0,22077922077922077;;-0,21115241635687731;3;4
2016-10-07;2;2016-10-07 02:00:00;26,98;32,29;-5,309999999999999;39758;0;48261;8395;10327;0;10327;8395;1932;0;1932;0,1870824053452116;0,1870824053452116;;-0,19681245366938468;3;4
2016-10-07;3;2016-10-07 03:00:00;27,59;31,23;-3,640000000000001;39758;0;48261;7787;9701;0;9701;7787;1914;0;1914;0,1972992475002577;0,1972992475002577;;-0,13193185936933674;3;4
2016-10-07;4;2016-10-07 04:00:00;27,96;31,44;-3,4800000000000004;39758;0;48261;7416;9193;0;9193;7416;1777;0;1777;0,1932992494289133;0,1932992494289133;;-0,12446351931330474;3;4
2016-10-07;5;2016-10-07 05:00:00;29,93;34,36;-4,43;39758;0;48261;7086;8817;0;8817;7086;1731;0;1731;0,1963252807077237;0,1963252807077237;;-0,14801202806548613;3;4
2016-10-07;6;2016-10-07 06:00:00;42,28;50,35;-8,07;39758;0;48261;6675;8565;0;8565;6675;1890;0;1890;0,22066549912434325;0,22066549912434325;;-0,19087038789025546;3;4
2016-10-07;7;2016-10-07 07:00:00;42,0;48,45;-6,450000000000002;39758;54;48261;6620;8367;92;8459;6674;1747;38;1785;0,21101785080978838;0,20879646229233895;0,41304347826086957;-0,1535714285714286;3;4
2016-10-07;8;2016-10-07 08:00:00;45,58;64,51;-18,930000000000007;39758;764;48261;6686;8174;919;9093;7450;1488;155;1643;0,18068844165841857;0,18204061658918522;0,16866158868335146;-0,415313734093901;3;4
2016-10-07;9;2016-10-07 09:00:00;45,05;57,75;-12,700000000000005;39758;2474;48261;6362;8038;2467;10505;8836;1676;-7;1669;0,15887672536887196;0,2085095794973874;-0,002837454398054317;-0,2819089900110989;3;4
2016-10-07;10;2016-10-07 10:00:00;46,53;57,07;-10,54;39758;4531;48261;6106;7953;4285;12238;10637;1847;-246;1601;0,13082202974342214;0,23223940651326544;-0,05740956826137689;-0,2265205243928648;3;4
2016-10-07;11;2016-10-07 11:00:00;52,32;60,02;-7,700000000000002;39758;6096;48261;5880;7679;5994;13673;11976;1799;-102;1697;0,12411321582681197;0,23427529626253418;-0,01701701701701702;-0,14717125382263;3;4
2016-10-07;12;2016-10-07 12:00:00;53,07;59,18;-6,1099999999999985;39758;6996;48261;5502;7148;7239;14387;12498;1646;243;1889;0,13129908945575866;0,2302742025741466;0,033568172399502695;-0,1151309591106086;3;4
2016-10-07;13;2016-10-07 13:00:00;47,11;57,46;-10,35;39758;7198;48261;5184;6762;7557;14319;12382;1578;359;1937;0,13527480969341435;0,23336291038154391;0,0475056239248379;-0,21969857779664614;3;4
2016-10-07;14;2016-10-07 14:00:00;44,06;58,16;-14,099999999999996;39758;6412;48261;5190;6667;7076;13743;11602;1477;664;2141;0,15578840136796915;0,22153892305384731;0,09383832673827021;-0,3200181570585564;3;4
2016-10-07;15;2016-10-07 15:00:00;42,47;52,08;-9,61;39758;4973;48261;5234;6553;5866;12419;10207;1319;893;2212;0,17811417988565906;0,2012818556386388;0,15223320831912718;-0,22627737226277372;3;4
2016-10-07;16;2016-10-07 16:00:00;41,98;52,05;-10,07;39758;3067;48261;5115;6516;3894;10410;8182;1401;827;2228;0,21402497598463016;0,21500920810313076;0,21237801746276322;-0,2398761314911863;3;4
2016-10-07;17;2016-10-07 17:00:00;38,49;50,53;-12,04;39758;1255;48261;4922;6538;1702;8240;6177;1616;447;2063;0,25036407766990293;0,24717038849801162;0,2626321974148061;-0,31280852169394646;3;4
2016-10-07;18;2016-10-07 18:00:00;41,94;57,57;-15,630000000000004;39758;150;48261;5200;6756;232;6988;5350;1556;82;1638;0,23440183171150544;0,23031379514505623;0,35344827586206895;-0,3726752503576539;3;4
2016-10-07;19;2016-10-07 19:00:00;42,46;58,62;-16,159999999999997;39758;0;48261;5803;7083;1;7084;5803;1280;1;1281;0,1808300395256917;0,1807143865593675;1,0;-0,38059349976448414;3;4
2016-10-07;20;2016-10-07 20:00:00;33,1;41,96;-8,86;39758;0;48261;6078;7150;0;7150;6078;1072;0;1072;0,14993006993006994;0,14993006993006994;;-0,26767371601208456;3;4
2016-10-07;21;2016-10-07 21:00:00;30,53;34,96;-4,43;39758;0;48261;6631;7112;0;7112;6631;481;0;481;0,06763217097862767;0,06763217097862767;;-0,14510317720275137;3;4
2016-10-07;22;2016-10-07 22:00:00;31,12;37,29;-6,169999999999997;39758;0;48261;6365;7039;0;7039;6365;674;0;674;0,09575223753374058;0,09575223753374058;;-0,1982647814910025;3;4
2016-10-07;23;2016-10-07 23:00:00;32,97;39,61;-6,6400000000000015;39758;0;48261;5852;6856;0;6856;5852;1004;0;1004;0,14644107351225205;0,14644107351225205;;-0,20139520776463457;3;4
2016-10-08;0;2016-10-08 00:00:00;31,04;30,18;0,8599999999999994;39758;0;48261;5539;5690;0;5690;5539;151;0;151;0,026537785588752198;0,026537785588752198;;0,02770618556701029;3;5
2016-10-08;1;2016-10-08 01:00:00;28,78;27,51;1,2699999999999996;39758;0;48261;5605;5445;0;5445;5605;-160;0;-160;-0,02938475665748393;-0,02938475665748393;;0,04412786657400971;3;5
2016-10-08;2;2016-10-08 02:00:00;29,97;28,13;1,84;39758;0;48261;5526;5367;0;5367;5526;-159;0;-159;-0,029625489100055896;-0,029625489100055896;;0,06139472806139473;3;5
2016-10-08;3;2016-10-08 03:00:00;29,7;26,36;3,34;39758;0;48261;5646;5458;0;5458;5646;-188;0;-188;-0,03444485159399047;-0,03444485159399047;;0,11245791245791245;3;5
2016-10-08;4;2016-10-08 04:00:00;29,99;26,09;3,899999999999999;39758;0;48261;5675;5599;0;5599;5675;-76;0;-76;-0,01357385247365601;-0,01357385247365601;;0,13004334778259416;3;5
2016-10-08;5;2016-10-08 05:00:00;29,56;26,87;2,6899999999999977;39758;0;48261;6278;5767;0;5767;6278;-511;0;-511;-0,08860759493670886;-0,08860759493670886;;0,09100135317997286;3;5
2016-10-08;6;2016-10-08 06:00:00;31,59;27,87;3,719999999999999;39758;0;48261;6216;5900;0;5900;6216;-316;0;-316;-0,05355932203389831;-0,05355932203389831;;0,11775878442545105;3;5
2016-10-08;7;2016-10-08 07:00:00;33,39;32,85;0,5399999999999991;39758;69;48261;5989;5942;121;6063;6058;-47;52;5;0,0008246742536698004;-0,007909794681925278;0,4297520661157025;0,016172506738544448;3;5
2016-10-08;8;2016-10-08 08:00:00;40,04;34,91;5,130000000000003;39758;1281;48261;5736;5838;1421;7259;7017;102;140;242;0,033337925334068055;0,017471736896197326;0,09852216748768473;0,1281218781218782;3;5
2016-10-08;9;2016-10-08 09:00:00;43,41;37,32;6,089999999999996;39758;3804;48261;5602;5578;3932;9510;9406;-24;128;104;0,010935856992639327;-0,004302617425600574;0,03255340793489318;0,1402902557014512;3;5
2016-10-08;10;2016-10-08 10:00:00;44,94;40,42;4,519999999999996;39758;6359;48261;5758;5380;6404;11784;12117;-378;45;-333;-0,028258655804480653;-0,07026022304832713;0,0070268582136164895;0,10057854917667994;3;5
2016-10-08;11;2016-10-08 11:00:00;42,08;37,11;4,969999999999999;39758;8144;48261;6150;5346;8373;13719;14294;-804;229;-575;-0,04191267585100955;-0,15039281705948374;0,02734981488116565;0,11810836501901138;3;5
2016-10-08;12;2016-10-08 12:00:00;33,58;31,72;1,8599999999999997;39758;8857;48261;6278;5246;9477;14723;15135;-1032;620;-412;-0,027983427290633703;-0,19672131147540983;0,06542154690302839;0,055390113162596774;3;5
2016-10-08;13;2016-10-08 13:00:00;32,48;33,07;-0,5900000000000034;39758;8154;48261;6050;5145;9522;14667;14204;-905;1368;463;0,031567464375809644;-0,17589893100097181;0,14366729678638943;-0,018165024630541978;3;5
2016-10-08;14;2016-10-08 14:00:00;33,03;35,34;-2,3100000000000023;39758;7424;48261;5837;5348;8726;14074;13261;-489;1302;813;0,057766093505755296;-0,09143605086013464;0,14920925968370388;-0,0699364214350591;3;5
2016-10-08;15;2016-10-08 15:00:00;32,44;34,65;-2,210000000000001;39758;6196;48261;5545;5588;7111;12699;11741;43;915;958;0,07543901094574376;0,007695060844667144;0,1286738855294614;-0,06812577065351422;3;5
2016-10-08;16;2016-10-08 16:00:00;37,02;40,19;-3,1699999999999946;39758;4164;48261;5422;5795;4716;10511;9586;373;552;925;0,08800304442964513;0,06436583261432269;0,11704834605597965;-0,08562938951917867;3;5
2016-10-08;17;2016-10-08 17:00:00;42,69;41,92;0,769999999999996;39758;1797;48261;4973;5797;2065;7862;6770;824;268;1092;0,13889595522767745;0,14214248749353114;0,1297820823244552;0,01803701100960403;3;5
2016-10-08;18;2016-10-08 18:00:00;46,0;45,9;0,10000000000000142;39758;206;48261;5094;5729;273;6002;5300;635;67;702;0,1169610129956681;0,11083958806074358;0,2454212454212454;0,0021739130434782917;3;5
2016-10-08;19;2016-10-08 19:00:00;52,75;55,53;-2,780000000000001;39758;0;48261;5709;5863;1;5864;5709;154;1;155;0,026432469304229194;0,02626641651031895;1,0;-0,05270142180094789;3;5
2016-10-08;20;2016-10-08 20:00:00;42,92;42,84;0,0799999999999983;39758;0;48261;6196;5901;0;5901;6196;-295;0;-295;-0,04999152685985426;-0,04999152685985426;;0,0018639328984156173;3;5
2016-10-08;21;2016-10-08 21:00:00;35,0;33,95;1,0499999999999972;39758;0;48261;6146;5835;0;5835;6146;-311;0;-311;-0,05329905741216795;-0,05329905741216795;;0,02999999999999992;3;5
2016-10-08;22;2016-10-08 22:00:00;32,44;34,12;-1,6799999999999995;39758;0;48261;5782;5710;0;5710;5782;-72;0;-72;-0,012609457092819614;-0,012609457092819614;;-0,05178791615289764;3;5
2016-10-08;23;2016-10-08 23:00:00;31,12;31,64;-0,5199999999999996;39758;0;48261;5424;5534;0;5534;5424;110;0;110;0,019877123238164075;0,019877123238164075;;-0,016709511568123378;3;5
2016-10-09;0;2016-10-09 00:00:00;28,71;29,85;-1,1400000000000006;39758;0;48261;4927;5480;0;5480;4927;553;0;553;0,10091240875912409;0,10091240875912409;;-0,03970741901776386;3;6
2016-10-09;1;2016-10-09 01:00:00;28,45;28,32;0,129999999999999;39758;0;48261;4705;5301;0;5301;4705;596;0;596;0,11243161667609886;0,11243161667609886;;0,00456942003514935;3;6
2016-10-09;2;2016-10-09 02:00:00;29,25;29,48;-0,23000000000000045;39758;0;48261;4480;5165;0;5165;4480;685;0;685;0,13262342691190707;0,13262342691190707;;-0,007863247863247878;3;6
2016-10-09;3;2016-10-09 03:00:00;28,79;28,34;0,4499999999999993;39758;0;48261;4400;5069;0;5069;4400;669;0;669;0,13197869402248966;0,13197869402248966;;0,01563042723167764;3;6
2016-10-09;4;2016-10-09 04:00:00;28,72;28,22;0,5;39758;0;48261;4392;5029;0;5029;4392;637;0;637;0,12666534102207197;0,12666534102207197;;0,017409470752089137;3;6
2016-10-09;5;2016-10-09 05:00:00;28,09;27,46;0,629999999999999;39758;0;48261;4517;4979;0;4979;4517;462;0;462;0,09278971681060454;0,09278971681060454;;0,02242791028835881;3;6
2016-10-09;6;2016-10-09 06:00:00;28,55;29,91;-1,3599999999999994;39758;0;48261;4758;4933;0;4933;4758;175;0;175;0,03547536995742956;0,03547536995742956;;-0,047635726795096305;3;6
2016-10-09;7;2016-10-09 07:00:00;29,11;31,3;-2,1900000000000013;39758;66;48261;4708;4880;119;4999;4774;172;53;225;0,04500900180036007;0,03524590163934426;0,44537815126050423;-0,07523187907935422;3;6
2016-10-09;8;2016-10-09 08:00:00;31,87;32,51;-0,6399999999999971;39758;1376;48261;4535;4749;1582;6331;5911;214;206;420;0,06634023061127783;0,045062118340703304;0,1302149178255373;-0,02008158142453709;3;6
2016-10-09;9;2016-10-09 09:00:00;33,68;34,67;-0,9900000000000021;39758;4042;48261;3855;4474;4507;8981;7897;619;465;1084;0,12069925398062577;0,13835493965131873;0,10317284224539605;-0,02939429928741099;3;6
2016-10-09;10;2016-10-09 10:00:00;33,34;36,42;-3,0799999999999983;39758;7122;48261;3569;4226;7386;11612;10691;657;264;921;0,07931450223906304;0,1554661618551822;0,03574329813160033;-0,09238152369526088;3;6
2016-10-09;11;2016-10-09 11:00:00;34,13;35,46;-1,3299999999999983;39758;9492;48261;3183;4025;9628;13653;12675;842;136;978;0,07163260821797407;0,20919254658385092;0,014125467386788533;-0,03896864928215641;3;6
2016-10-09;12;2016-10-09 12:00:00;32,06;34,94;-2,8799999999999955;39758;10651;48261;2800;3840;10887;14727;13451;1040;236;1276;0,08664357981937937;0,2708333333333333;0,02167722972352347;-0,08983156581409842;3;6
2016-10-09;13;2016-10-09 13:00:00;28,81;31,95;-3,140000000000001;39758;10602;48261;2626;3645;10912;14557;13228;1019;310;1329;0,09129628357491242;0,2795610425240055;0,028409090909090908;-0,10898993405067689;3;6
2016-10-09;14;2016-10-09 14:00:00;28,23;32,73;-4,4999999999999964;39758;9718;48261;2437;3495;9831;13326;12155;1058;113;1171;0,08787333033168243;0,3027181688125894;0,011494252873563218;-0,159404888416578;3;6
2016-10-09;15;2016-10-09 15:00:00;28,21;33,2;-4,990000000000002;39758;7774;48261;2322;3325;7822;11147;10096;1003;48;1051;0,09428545797075447;0,30165413533834584;0,006136537969828688;-0,1768876285005318;3;6
2016-10-09;16;2016-10-09 16:00:00;28,8;31,89;-3,09;39758;5123;48261;1944;3124;5061;8185;7067;1180;-62;1118;0,13659132559560172;0,37772087067861715;-0,012250543370875321;-0,10729166666666666;3;6
2016-10-09;17;2016-10-09 17:00:00;32,95;32,57;0,38000000000000256;39758;2196;48261;1426;2939;2114;5053;3622;1513;-82;1431;0,2831981001385316;0,5148009527050017;-0,03878902554399243;0,011532625189681412;3;6
2016-10-09;18;2016-10-09 18:00:00;41,29;39,49;1,7999999999999972;39758;216;48261;1320;2820;243;3063;1536;1500;27;1527;0,49853085210577863;0,5319148936170213;0,1111111111111111;0,04359409057883258;3;6
2016-10-09;19;2016-10-09 19:00:00;50,52;50,1;0,4200000000000017;39758;0;48261;1280;2738;0;2738;1280;1458;0;1458;0,5325054784514244;0,5325054784514244;;0,008313539192399083;3;6
2016-10-09;20;2016-10-09 20:00:00;45,29;45,66;-0,36999999999999744;39758;0;48261;1167;2500;0;2500;1167;1333;0;1333;0,5332;0,5332;;-0,0081695738573636;3;6
2016-10-09;21;2016-10-09 21:00:00;43,45;44,1;-0,6499999999999986;39758;0;48261;1146;2318;0;2318;1146;1172;0;1172;0,5056082830025884;0,5056082830025884;;-0,01495972382048328;3;6
2016-10-09;22;2016-10-09 22:00:00;42,24;42,23;0,010000000000005116;39758;0;48261;955;2196;0;2196;955;1241;0;1241;0,5651183970856102;0,5651183970856102;;0,00023674242424254535;3;6
2016-10-09;23;2016-10-09 23:00:00;34,39;36,51;-2,119999999999997;39758;0;48261;932;2081;0;2081;932;1149;0;1149;0,5521383950024027;0,5521383950024027;;-0,06164582727537066;3;6
2016-10-10;0;2016-10-10 00:00:00;29,58;28,8;0,7799999999999976;39764;0;48273;850;866;0;866;850;16;0;16;0,018475750577367205;0,018475750577367205;;0,02636916835699789;3;0
2016-10-10;1;2016-10-10 01:00:00;31,87;32,75;-0,879999999999999;39764;0;48273;645;796;0;796;645;151;0;151;0,18969849246231155;0,18969849246231155;;-0,027612174458738592;3;0
2016-10-10;2;2016-10-10 02:00:00;33,49;34,51;-1,019999999999996;39764;0;48273;502;769;0;769;502;267;0;267;0,3472041612483745;0,3472041612483745;;-0,030456852791878052;3;0
2016-10-10;3;2016-10-10 03:00:00;30,66;31,18;-0,5199999999999996;39764;0;48273;563;802;0;802;563;239;0;239;0,29800498753117205;0,29800498753117205;;-0,016960208741030644;3;0
2016-10-10;4;2016-10-10 04:00:00;30,19;30,31;-0,11999999999999746;39764;0;48273;657;877;0;877;657;220;0;220;0,2508551881413911;0,2508551881413911;;-0,003974826101357981;3;0
2016-10-10;5;2016-10-10 05:00:00;31,28;28,85;2,43;39764;0;48273;616;952;0;952;616;336;0;336;0,35294117647058826;0,35294117647058826;;0,07768542199488492;3;0
2016-10-10;6;2016-10-10 06:00:00;48,85;38,28;10,57;39764;0;48273;572;1033;0;1033;572;461;0;461;0,4462729912875121;0,4462729912875121;;0,21637666325486182;3;0
2016-10-10;7;2016-10-10 07:00:00;69,24;52,74;16,499999999999993;39764;81;48273;610;1102;130;1232;691;492;49;541;0,43912337662337664;0,44646098003629764;0,3769230769230769;0,23830155979202763;3;0
2016-10-10;8;2016-10-10 08:00:00;75,0;64,97;10,03;39764;1362;48273;767;1113;1903;3016;2129;346;541;887;0,29409814323607425;0,3108715184186882;0,2842879663688912;0,13373333333333332;3;0
2016-10-10;9;2016-10-10 09:00:00;70,16;58,39;11,769999999999996;39764;3939;48273;907;1036;5462;6498;4846;129;1523;1652;0,25423207140658666;0,12451737451737452;0,27883559135847674;0,16775940706955525;3;0
2016-10-10;10;2016-10-10 10:00:00;60,13;63,7;-3,5700000000000003;39764;6785;48273;814;977;9067;10044;7599;163;2282;2445;0,2434289127837515;0,1668372569089048;0,2516819234586964;-0,059371362048894066;3;0
2016-10-10;11;2016-10-10 11:00:00;55,66;65,13;-9,47;39764;9254;48273;663;941;11783;12724;9917;278;2529;2807;0,22060672744419993;0,29543039319872477;0,21463124840872444;-0,17014013654329863;3;0
2016-10-10;12;2016-10-10 12:00:00;51,99;63,45;-11,46;39764;10989;48273;584;975;13162;14137;11573;391;2173;2564;0,1813680413100375;0,40102564102564103;0,16509648989515271;-0,2204270051933064;3;0
2016-10-10;13;2016-10-10 13:00:00;53,21;58,61;-5,399999999999999;39764;10882;48273;670;1032;12763;13795;11552;362;1881;2243;0,16259514316781443;0,3507751937984496;0,14737914283475673;-0,10148468333020107;3;0
2016-10-10;14;2016-10-10 14:00:00;52,65;58,67;-6,020000000000002;39764;9159;48273;798;1202;10997;12199;9957;404;1838;2242;0,18378555619313058;0,33610648918469216;0,16713649177048287;-0,11433998100664772;3;0
2016-10-10;15;2016-10-10 15:00:00;51,91;57,69;-5,780000000000001;39764;6518;48273;982;1440;8396;9836;7500;458;1878;2336;0,23749491663277755;0,31805555555555554;0,2236779418770843;-0,11134656135619345;3;0
2016-10-10;16;2016-10-10 16:00:00;55,0;61,83;-6,829999999999997;39764;3924;48273;1211;1764;5333;7097;5135;553;1409;1962;0,27645484007327037;0,3134920634920635;0,2642040127507969;-0,12418181818181813;3;0
2016-10-10;17;2016-10-10 17:00:00;57,24;64,67;-7,43;39764;1483;48273;1596;2222;2179;4401;3079;626;696;1322;0,30038627584639854;0,28172817281728174;0,3194125745754933;-0,1298043326345213;3;0
2016-10-10;18;2016-10-10 18:00:00;69,94;71,1;-1,1599999999999966;39764;128;48273;2006;2831;231;3062;2134;825;103;928;0,3030698889614631;0,2914164606146238;0,4458874458874459;-0,016585644838432893;3;0
2016-10-10;19;2016-10-10 19:00:00;81,93;73,44;8,490000000000009;39764;0;48273;2174;3412;0;3412;2174;1238;0;1238;0,36283704572098474;0,36283704572098474;;0,10362504577078004;3;0
2016-10-10;20;2016-10-10 20:00:00;57,1;54,39;2,7100000000000013;39764;0;48273;2563;3658;0;3658;2563;1095;0;1095;0,2993439037725533;0,2993439037725533;;0,04746059544658496;3;0
2016-10-10;21;2016-10-10 21:00:00;43,41;41,66;1,75;39764;0;48273;2718;4015;0;4015;2718;1297;0;1297;0,3230386052303861;0,3230386052303861;;0,04031329186823313;3;0
2016-10-10;22;2016-10-10 22:00:00;33,48;33,84;-0,3600000000000065;39764;0;48273;2968;4452;0;4452;2968;1484;0;1484;0,3333333333333333;0,3333333333333333;;-0,010752688172043206;3;0
2016-10-10;23;2016-10-10 23:00:00;30,53;32,37;-1,8399999999999963;39764;0;48273;3326;4817;0;4817;3326;1491;0;1491;0,3095287523354785;0,3095287523354785;;-0,060268588273828895;3;0
2016-10-11;0;2016-10-11 00:00:00;32,34;31,81;0,5300000000000047;39767;0;48273;3525;4930;0;4930;3525;1405;0;1405;0,28498985801217036;0,28498985801217036;;0,016388373531230817;3;1
2016-10-11;1;2016-10-11 01:00:00;30,23;32,47;-2,2399999999999984;39767;0;48273;3838;5334;0;5334;3838;1496;0;1496;0,28046494188226473;0,28046494188226473;;-0,07409857757194835;3;1
2016-10-11;2;2016-10-11 02:00:00;29,08;30,53;-1,4500000000000028;39767;0;48273;4278;5789;0;5789;4278;1511;0;1511;0,2610122646398342;0,2610122646398342;;-0,04986244841815691;3;1
2016-10-11;3;2016-10-11 03:00:00;29,16;32,11;-2,9499999999999997;39767;0;48273;4614;6278;0;6278;4614;1664;0;1664;0,26505256451099074;0,26505256451099074;;-0,10116598079561041;3;1
2016-10-11;4;2016-10-11 04:00:00;30,18;32,2;-2,020000000000003;39767;0;48273;4669;6724;0;6724;4669;2055;0;2055;0,3056216537775134;0,3056216537775134;;-0,06693174287607698;3;1
2016-10-11;5;2016-10-11 05:00:00;31,91;34,29;-2,379999999999999;39767;0;48273;5127;7053;0;7053;5127;1926;0;1926;0,2730752871118673;0,2730752871118673;;-0,07458476966468189;3;1
2016-10-11;6;2016-10-11 06:00:00;36,91;40,92;-4,010000000000005;39767;0;48273;5718;7189;0;7189;5718;1471;0;1471;0,2046181666434831;0,2046181666434831;;-0,10864264426984573;3;1
2016-10-11;7;2016-10-11 07:00:00;45,93;46,73;-0,7999999999999972;39767;44;48273;6164;7283;85;7368;6208;1119;41;1160;0,15743756786102062;0,15364547576548127;0,4823529411764706;-0,01741780971042885;3;1
2016-10-11;8;2016-10-11 08:00:00;49,39;47,56;1,8299999999999983;39767;968;48273;6318;7331;1322;8653;7286;1013;354;1367;0,1579798913671559;0,13818033010503342;0,26777609682299547;0,0370520348248633;3;1
2016-10-11;9;2016-10-11 09:00:00;49,35;52,28;-2,93;39767;3120;48273;6111;7301;3922;11223;9231;1190;802;1992;0,17749264902432504;0,1629913710450623;0,20448750637429883;-0,059371833839918946;3;1
2016-10-11;10;2016-10-11 10:00:00;47,58;46,75;0,8299999999999983;39767;5818;48273;6119;7246;6397;13643;11937;1127;579;1706;0,12504581103862786;0,15553408777256417;0,09051117711427231;0,017444304329550197;3;1
2016-10-11;11;2016-10-11 11:00:00;45,08;43,59;1,4899999999999949;39767;7924;48273;6184;7293;8191;15484;14108;1109;267;1376;0,08886592611728236;0,15206362265185794;0,03259675253326822;0,03305235137533263;3;1
2016-10-11;12;2016-10-11 12:00:00;40,08;38,47;1,6099999999999994;39767;8701;48273;6324;7457;8941;16398;15025;1133;240;1373;0,08372972313696793;0,15193777658575836;0,026842635052007607;0,0401696606786427;3;1
2016-10-11;13;2016-10-11 13:00:00;39,91;35,61;4,299999999999997;39767;7905;48273;6687;7730;8494;16224;14592;1043;589;1632;0,10059171597633136;0,13492884864165589;0,06934306569343066;0,10774242044600345;3;1
2016-10-11;14;2016-10-11 14:00:00;37,88;34,26;3,620000000000005;39767;6390;48273;7295;8220;7150;15370;13685;925;760;1685;0,1096291476903058;0,11253041362530414;0,1062937062937063;0,09556494192185863;3;1
2016-10-11;15;2016-10-11 15:00:00;39,25;36,49;2,759999999999998;39767;4412;48273;7753;8470;5313;13783;12165;717;901;1618;0,11739098889936879;0,0846517119244392;0,16958403914925654;0,07031847133757957;3;1
2016-10-11;16;2016-10-11 16:00:00;39,96;39,14;0,8200000000000003;39767;2572;48273;7885;8814;3318;12132;10457;929;746;1675;0,13806462248598747;0,10540049920580893;0,22483423749246534;0,020520520520520526;3;1
2016-10-11;17;2016-10-11 17:00:00;42,67;39,61;3,0600000000000023;39767;914;48273;8201;9123;1327;10450;9115;922;413;1335;0,1277511961722488;0,10106324673901129;0,31122833458929916;0,07171314741035861;3;1
2016-10-11;18;2016-10-11 18:00:00;44,97;42,43;2,539999999999999;39767;73;48273;8824;9307;149;9456;8897;483;76;559;0,05911590524534687;0,05189642204792092;0,5100671140939598;0,056482099177229246;3;1
2016-10-11;19;2016-10-11 19:00:00;44,54;39,41;5,130000000000003;39767;0;48273;9711;9471;0;9471;9711;-240;0;-240;-0,025340513145391194;-0,025340513145391194;;0,11517736865738668;3;1
2016-10-11;20;2016-10-11 20:00:00;35,45;34,4;1,0500000000000045;39767;0;48273;10359;9603;0;9603;10359;-756;0;-756;-0,07872539831302718;-0,07872539831302718;;0,02961918194640351;3;1
2016-10-11;21;2016-10-11 21:00:00;34,23;31,59;2,639999999999997;39767;0;48273;10583;9553;0;9553;10583;-1030;0;-1030;-0,10781953313095363;-0,10781953313095363;;0,07712532865907092;3;1
2016-10-11;22;2016-10-11 22:00:00;33,03;31,13;1,900000000000002;39767;0;48273;10280;9419;0;9419;10280;-861;0;-861;-0,09141097781080794;-0,09141097781080794;;0,05752346351801398;3;1
2016-10-11;23;2016-10-11 23:00:00;30,41;29,42;0,9899999999999984;39767;0;48273;9939;9239;0;9239;9939;-700;0;-700;-0,07576577551683082;-0,07576577551683082;;0,03255508056560337;3;1
2016-10-12;0;2016-10-12 00:00:00;28,17;28,27;-0,09999999999999787;39772;0;48282;9650;9052;0;9052;9650;-598;0;-598;-0,06606274856385329;-0,06606274856385329;;-0,003549875754348522;3;2
2016-10-12;1;2016-10-12 01:00:00;27,93;29,83;-1,8999999999999984;39772;0;48282;9368;8790;0;8790;9368;-578;0;-578;-0,06575654152445962;-0,06575654152445962;;-0,06802721088435368;3;2
2016-10-12;2;2016-10-12 02:00:00;28,09;27,5;0,5899999999999999;39772;0;48282;9013;8520;0;8520;9013;-493;0;-493;-0,05786384976525821;-0,05786384976525821;;0,02100391598433606;3;2
2016-10-12;3;2016-10-12 03:00:00;28,01;27,48;0,5300000000000011;39772;0;48282;8742;8402;0;8402;8742;-340;0;-340;-0,040466555582004286;-0,040466555582004286;;0,018921813637986472;3;2
2016-10-12;4;2016-10-12 04:00:00;28,16;26,81;1,3500000000000014;39772;0;48282;8614;8432;0;8432;8614;-182;0;-182;-0,021584440227703984;-0,021584440227703984;;0,04794034090909096;3;2
2016-10-12;5;2016-10-12 05:00:00;29,99;27,54;2,4499999999999997;39772;0;48282;8569;8502;0;8502;8569;-67;0;-67;-0,007880498706186779;-0,007880498706186779;;0,08169389796598865;3;2
2016-10-12;6;2016-10-12 06:00:00;32,93;33,69;-0,7599999999999979;39772;0;48282;8632;8519;0;8519;8632;-113;0;-113;-0,013264467660523535;-0,013264467660523535;;-0,02307925903431515;3;2
2016-10-12;7;2016-10-12 07:00:00;45,07;43,31;1,759999999999998;39772;34;48282;8380;8578;59;8637;8414;198;25;223;0,025819150167882367;0,023082303567265098;0,423728813559322;0,03905036609718212;3;2
2016-10-12;8;2016-10-12 08:00:00;46,99;42,19;4,800000000000004;39772;848;48282;7928;8727;929;9656;8776;799;81;880;0,09113504556752279;0,09155494442534663;0,08719052744886975;0,10214939348797625;3;2
2016-10-12;9;2016-10-12 09:00:00;45,95;42,57;3,3800000000000026;39772;2758;48282;7634;8912;2863;11775;10392;1278;105;1383;0,11745222929936305;0,14340215439856374;0,03667481662591687;0,07355821545157785;3;2
2016-10-12;10;2016-10-12 10:00:00;41,59;43,07;-1,4799999999999969;39772;5098;48282;7626;9090;4891;13981;12724;1464;-207;1257;0,089907731921894;0,16105610561056105;-0,04232263340830096;-0,03558547727819179;3;2
2016-10-12;11;2016-10-12 11:00:00;44,94;44,11;0,8299999999999983;39772;6822;48282;7346;9041;6488;15529;14168;1695;-334;1361;0,08764247536866508;0,1874792611436788;-0,05147965474722565;0,018469069870938992;3;2
2016-10-12;12;2016-10-12 12:00:00;40,54;41,94;-1,3999999999999986;39772;7670;48282;7401;8791;7260;16051;15071;1390;-410;980;0,06105538595726123;0,15811625526106246;-0,05647382920110193;-0,034533793783917084;3;2
2016-10-12;13;2016-10-12 13:00:00;36,77;41,89;-5,119999999999997;39772;7422;48282;7368;8678;7289;15967;14790;1310;-133;1177;0,07371453623097639;0,1509564415764001;-0,018246673069008096;-0,13924394887136243;3;2
2016-10-12;14;2016-10-12 14:00:00;34,93;36,47;-1,5399999999999991;39772;6762;48282;7586;8722;6679;15401;14348;1136;-83;1053;0,06837218362443997;0,13024535656959413;-0,012427010031441832;-0,044088176352705385;3;2
2016-10-12;15;2016-10-12 15:00:00;33,87;34,16;-0,28999999999999915;39772;5335;48282;7804;8627;5443;14070;13139;823;108;931;0,06616915422885572;0,09539816854062826;0,01984199889766673;-0,008562149394744588;3;2
2016-10-12;16;2016-10-12 16:00:00;37,44;34,97;2,4699999999999993;39772;3512;48282;8146;8551;3502;12053;11658;405;-10;395;0,03277192400232307;0,04736288153432347;-0,0028555111364934323;0,06597222222222221;3;2
2016-10-12;17;2016-10-12 17:00:00;44,02;42,42;1,6000000000000014;39772;1492;48282;8342;8546;1396;9942;9834;204;-96;108;0,010863005431502716;0,023870816756377252;-0,06876790830945559;0,03634711494775105;3;2
2016-10-12;18;2016-10-12 18:00:00;45,68;36,1;9,579999999999998;39772;115;48282;8462;8714;146;8860;8577;252;31;283;0,03194130925507901;0,02891898095019509;0,21232876712328766;0,20971978984238174;3;2
2016-10-12;19;2016-10-12 19:00:00;47,82;37,97;9,85;39772;0;48282;8885;9019;0;9019;8885;134;0;134;0,014857523006985254;0,014857523006985254;;0,20598076118778752;3;2
2016-10-12;20;2016-10-12 20:00:00;38,26;37,44;0,8200000000000003;39772;0;48282;8951;9332;0;9332;8951;381;0;381;0,04082726103729104;0,04082726103729104;;0,021432305279665456;3;2
2016-10-12;21;2016-10-12 21:00:00;33,57;31,6;1,9699999999999989;39772;0;48282;8668;9436;0;9436;8668;768;0;768;0,08139041966935143;0,08139041966935143;;0,05868334822758412;3;2
2016-10-12;22;2016-10-12 22:00:00;33,99;29,75;4,240000000000002;39772;0;48282;8379;9502;0;9502;8379;1123;0;1123;0,11818564512734162;0,11818564512734162;;0,12474257134451314;3;2
2016-10-12;23;2016-10-12 23:00:00;30,1;29,49;0,6100000000000029;39772;0;48282;8153;9498;0;9498;8153;1345;0;1345;0,1416087597388924;0,1416087597388924;;0,020265780730897104;3;2
2016-10-13;0;2016-10-13 00:00:00;28,21;28,65;-0,4399999999999977;39774;0;48296;8461;9154;0;9154;8461;693;0;693;0,07570461000655451;0,07570461000655451;;-0,015597305919886484;3;3
2016-10-13;1;2016-10-13 01:00:00;28,15;28,0;0,14999999999999858;39774;0;48296;8368;9095;0;9095;8368;727;0;727;0,07993402968664101;0,07993402968664101;;0,005328596802841868;3;3
2016-10-13;2;2016-10-13 02:00:00;28,08;29,17;-1,0900000000000034;39774;0;48296;8786;9127;0;9127;8786;341;0;341;0,03736167415361017;0,03736167415361017;;-0,03881766381766394;3;3
2016-10-13;3;2016-10-13 03:00:00;28,14;28,56;-0,41999999999999815;39774;0;48296;9140;9225;0;9225;9140;85;0;85;0,00921409214092141;0,00921409214092141;;-0,014925373134328292;3;3
2016-10-13;4;2016-10-13 04:00:00;28,12;28,72;-0,5999999999999979;39774;0;48296;9612;9531;0;9531;9612;-81;0;-81;-0,0084985835694051;-0,0084985835694051;;-0,021337126600284417;3;3
2016-10-13;5;2016-10-13 05:00:00;28,23;28,4;-0,16999999999999815;39774;0;48296;9839;9976;0;9976;9839;137;0;137;0,013732959101844426;0,013732959101844426;;-0,0060219624512928855;3;3
2016-10-13;6;2016-10-13 06:00:00;36,66;44,06;-7,400000000000006;39774;0;48296;10240;10530;0;10530;10240;290;0;290;0,027540360873694207;0,027540360873694207;;-0,2018548827059467;3;3
2016-10-13;7;2016-10-13 07:00:00;47,91;51,62;-3,7100000000000013;39774;39;48296;10447;11099;88;11187;10486;652;49;701;0,0626620184142308;0,058744030993783225;0,5568181818181818;-0,07743686078063038;3;3
2016-10-13;8;2016-10-13 08:00:00;49,64;51,24;-1,6000000000000014;39774;1150;48296;10821;11772;1540;13312;11971;951;390;1341;0,10073617788461539;0,08078491335372069;0,2532467532467532;-0,032232070910556035;3;3
2016-10-13;9;2016-10-13 09:00:00;44,98;49,67;-4,690000000000005;39774;3398;48296;11198;12618;4637;17255;14596;1420;1239;2659;0,15410026079397277;0,11253764463464891;0,2671986197972827;-0,10426856380613618;3;3
2016-10-13;10;2016-10-13 10:00:00;40,02;48,2;-8,18;39774;6152;48296;11848;13641;7795;21436;18000;1793;1643;3436;0,1602910990856503;0,13144197639469246;0,2107761385503528;-0,20439780109945024;3;3
2016-10-13;11;2016-10-13 11:00:00;37,64;46,35;-8,71;39774;7790;48296;13189;14668;10155;24823;20979;1479;2365;3844;0,15485638319300649;0,10083174256885738;0,2328902018709995;-0,2314027630180659;3;3
2016-10-13;12;2016-10-13 12:00:00;31,39;36,16;-4,769999999999996;39774;8769;48296;13967;15526;11206;26732;22736;1559;2437;3996;0,14948376477629807;0,10041221177379879;0,21747278243797966;-0,1519592226823828;3;3
2016-10-13;13;2016-10-13 13:00:00;31,06;36,99;-5,930000000000002;39774;8848;48296;14277;16201;10993;27194;23125;1924;2145;4069;0,14962859454291388;0,11875810135176841;0,19512416992631676;-0,19092079845460408;3;3
2016-10-13;14;2016-10-13 14:00:00;30,12;34,93;-4,809999999999999;39774;7111;48296;14603;16781;9610;26391;21714;2178;2499;4677;0,1772195066499943;0,129789643048686;0,26004162330905306;-0,15969455511288175;3;3
2016-10-13;15;2016-10-13 15:00:00;32,06;34,7;-2,640000000000001;39774;5114;48296;14959;17337;7306;24643;20073;2378;2192;4570;0,1854482003002881;0,137163292380458;0,30002737476047087;-0,08234560199625704;3;3
2016-10-13;16;2016-10-13 16:00:00;31,63;34,88;-3,250000000000004;39774;3287;48296;15042;17840;4454;22294;18329;2798;1167;3965;0,17785054274692744;0,15683856502242152;0,2620116748989672;-0,10275055327221005;3;3
2016-10-13;17;2016-10-13 17:00:00;38,13;36,7;1,4299999999999995;39774;1502;48296;15684;18296;1634;19930;17186;2612;132;2744;0,1376818866031109;0,14276344556187145;0,08078335373317014;0,03750327825858902;3;3
2016-10-13;18;2016-10-13 18:00:00;42,76;41,78;0,9799999999999968;39774;91;48296;16423;18832;131;18963;16514;2409;40;2449;0,12914623213626536;0,12792056074766356;0,3053435114503817;0,022918615528531264;3;3
2016-10-13;19;2016-10-13 19:00:00;39,96;38,65;1,3100000000000025;39774;0;48296;16986;19414;0;19414;16986;2428;0;2428;0,125064386525188;0,125064386525188;;0,03278278278278284;3;3
2016-10-13;20;2016-10-13 20:00:00;30,58;34,49;-3,910000000000004;39774;0;48296;16997;19845;0;19845;16997;2848;0;2848;0,1435122197026959;0,1435122197026959;;-0,12786134728580786;3;3
2016-10-13;21;2016-10-13 21:00:00;28,7;32,05;-3,3499999999999983;39774;0;48296;17346;20288;0;20288;17346;2942;0;2942;0,14501182965299683;0,14501182965299683;;-0,11672473867595813;3;3
2016-10-13;22;2016-10-13 22:00:00;28,2;30,57;-2,370000000000001;39774;0;48296;17296;20250;0;20250;17296;2954;0;2954;0,14587654320987653;0,14587654320987653;;-0,0840425531914894;3;3
2016-10-13;23;2016-10-13 23:00:00;27,42;30,52;-3,0999999999999983;39774;0;48296;17784;20065;0;20065;17784;2281;0;2281;0,11368053825068528;0,11368053825068528;;-0,11305616338439088;3;3
2016-10-14;0;2016-10-14 00:00:00;20,8;18,45;2,3500000000000014;39779;0;48299;17850;18460;0;18460;17850;610;0;610;0,03304442036836403;0,03304442036836403;;0,1129807692307693;3;4
2016-10-14;1;2016-10-14 01:00:00;20,02;20,56;-0,5399999999999991;39779;0;48299;17308;18177;0;18177;17308;869;0;869;0,04780766903229356;0,04780766903229356;;-0,02697302697302693;3;4
2016-10-14;2;2016-10-14 02:00:00;14,98;17,87;-2,890000000000001;39779;0;48299;16667;17971;0;17971;16667;1304;0;1304;0,07256134883979745;0,07256134883979745;;-0,19292389853137523;3;4
2016-10-14;3;2016-10-14 03:00:00;20,07;19,4;0,6700000000000017;39779;0;48299;16366;17670;0;17670;16366;1304;0;1304;0,07379739671760045;0,07379739671760045;;0,033383158943697144;3;4
2016-10-14;4;2016-10-14 04:00:00;21,72;25,49;-3,77;39779;0;48299;16010;17657;0;17657;16010;1647;0;1647;0,09327745370108173;0,09327745370108173;;-0,17357274401473297;3;4
2016-10-14;5;2016-10-14 05:00:00;25,2;28,84;-3,640000000000001;39779;0;48299;16049;17818;0;17818;16049;1769;0;1769;0,09928162532270737;0,09928162532270737;;-0,1444444444444445;3;4
2016-10-14;6;2016-10-14 06:00:00;30,29;34,16;-3,869999999999997;39779;0;48299;16743;17975;0;17975;16743;1232;0;1232;0,06853963838664812;0,06853963838664812;;-0,1277649389237371;3;4
2016-10-14;7;2016-10-14 07:00:00;40,53;38,57;1,9600000000000009;39779;60;48299;17449;17951;89;18040;17509;502;29;531;0,02943458980044346;0,027965015876552837;0,3258426966292135;0,048359240069084646;3;4
2016-10-14;8;2016-10-14 08:00:00;40,08;38,12;1,9600000000000009;39779;1585;48299;17759;17623;1894;19517;19344;-136;309;173;0,008864067223446227;-0,00771718776598763;0,1631467793030623;0,04890219560878246;3;4
2016-10-14;9;2016-10-14 09:00:00;40,1;32,39;7,710000000000001;39779;4779;48299;16859;17076;5572;22648;21638;217;793;1010;0,04459554927587425;0,012707894120402905;0,14231873653984206;0,19226932668329177;3;4
2016-10-14;10;2016-10-14 10:00:00;34,13;32,42;1,7100000000000009;39779;7906;48299;16222;16556;9429;25985;24128;334;1523;1857;0,07146430633057534;0,020173955061609083;0,16152296107752678;0,05010254907705833;3;4
2016-10-14;11;2016-10-14 11:00:00;29,55;32,19;-2,639999999999997;39779;10277;48299;16095;16210;12413;28623;26372;115;2136;2251;0,07864304929602069;0,007094386181369525;0,17207766051719972;-0,08934010152284254;3;4
2016-10-14;12;2016-10-14 12:00:00;28,17;33,33;-5,159999999999997;39779;12052;48299;16380;16050;13872;29922;28432;-330;1820;1490;0,04979613662188356;-0,020560747663551402;0,131199538638985;-0,1831735889243875;3;4
2016-10-14;13;2016-10-14 13:00:00;28,1;32,18;-4,079999999999998;39779;11724;48299;17002;15977;13597;29574;28726;-1025;1873;848;0,02867383512544803;-0,06415472241346937;0,13775097447966464;-0,14519572953736648;3;4
2016-10-14;14;2016-10-14 14:00:00;28,2;31,42;-3,2200000000000024;39779;9347;48299;17143;16001;11910;27911;26490;-1142;2563;1421;0,05091182687829171;-0,07137053934129117;0,21519731318219984;-0,11418439716312066;3;4
2016-10-14;15;2016-10-14 15:00:00;30,01;35,1;-5,09;39779;6756;48299;18210;16115;9005;25120;24966;-2095;2249;154;0,006130573248407644;-0,13000310269934842;0,24975013881177124;-0,1696101299566811;3;4
2016-10-14;16;2016-10-14 16:00:00;29,0;30,61;-1,6099999999999994;39779;3962;48299;18564;16142;5391;21533;22526;-2422;1429;-993;-0,046115264942181766;-0,15004336513443192;0,2650714153218327;-0,05551724137931033;3;4
2016-10-14;17;2016-10-14 17:00:00;37,07;34,55;2,520000000000003;39779;1251;48299;18716;16412;1894;18306;19967;-2304;643;-1661;-0,09073527805091226;-0,14038508408481598;0,33949313621964095;0,06797949824656065;3;4
2016-10-14;18;2016-10-14 18:00:00;38,27;36,93;1,3400000000000034;39779;84;48299;19456;17152;128;17280;19540;-2304;44;-2260;-0,13078703703703703;-0,13432835820895522;0,34375;0,03501437157042078;3;4
2016-10-14;19;2016-10-14 19:00:00;38,52;35,11;3,410000000000004;39779;0;48299;20290;17794;0;17794;20290;-2496;0;-2496;-0,140272001798359;-0,140272001798359;;0,08852544132917975;3;4
2016-10-14;20;2016-10-14 20:00:00;32,32;27,81;4,510000000000002;39779;0;48299;20261;17822;0;17822;20261;-2439;0;-2439;-0,1368533273482213;-0,1368533273482213;;0,13954207920792083;3;4
2016-10-14;21;2016-10-14 21:00:00;29,57;25,48;4,09;39779;0;48299;19574;17330;0;17330;19574;-2244;0;-2244;-0,1294864396999423;-0,1294864396999423;;0,13831586066959756;3;4
2016-10-14;22;2016-10-14 22:00:00;28,2;26,12;2,0799999999999983;39779;0;48299;18234;16526;0;16526;18234;-1708;0;-1708;-0,103352293355924;-0,103352293355924;;0,07375886524822689;3;4
2016-10-14;23;2016-10-14 23:00:00;28,01;25,72;2,2900000000000027;39779;0;48299;17074;15781;0;15781;17074;-1293;0;-1293;-0,08193397123122742;-0,08193397123122742;;0,08175651553016788;3;4
2016-10-15;0;2016-10-15 00:00:00;15,53;22,5;-6,9700000000000015;39779;0;48299;16012;17178;0;17178;16012;1166;0;1166;0,06787751775526836;0,06787751775526836;;-0,4488087572440439;3;5
2016-10-15;1;2016-10-15 01:00:00;13,1;26,34;-13,24;39779;0;48299;16083;16812;0;16812;16083;729;0;729;0,04336188436830835;0,04336188436830835;;-1,0106870229007634;3;5
2016-10-15;2;2016-10-15 02:00:00;13,66;23,72;-10,06;39779;0;48299;16616;16453;0;16453;16616;-163;0;-163;-0,009907007840515408;-0,009907007840515408;;-0,7364568081991215;3;5
2016-10-15;3;2016-10-15 03:00:00;13,62;19,39;-5,770000000000001;39779;0;48299;16414;15989;0;15989;16414;-425;0;-425;-0,026580774282319093;-0,026580774282319093;;-0,4236417033773863;3;5
2016-10-15;4;2016-10-15 04:00:00;17,99;20,5;-2,5100000000000016;39779;0;48299;15748;15690;0;15690;15748;-58;0;-58;-0,0036966220522625876;-0,0036966220522625876;;-0,1395219566425793;3;5
2016-10-15;5;2016-10-15 05:00:00;15,5;23,33;-7,829999999999997;39779;0;48299;15345;15319;0;15319;15345;-26;0;-26;-0,0016972387231542528;-0,0016972387231542528;;-0,5051612903225805;3;5
2016-10-15;6;2016-10-15 06:00:00;15,79;21,73;-5,940000000000001;39779;0;48299;14980;14773;0;14773;14980;-207;0;-207;-0,014012049008326;-0,014012049008326;;-0,3761874604179862;3;5
2016-10-15;7;2016-10-15 07:00:00;27,62;31,06;-3,4399999999999977;39779;28;48299;14427;14180;47;14227;14455;-247;19;-228;-0,016025866310536305;-0,017418899858956276;0,40425531914893614;-0,12454742939898615;3;5
2016-10-15;8;2016-10-15 08:00:00;30,59;30,34;0,25;39779;970;48299;13442;13442;981;14423;14412;0;11;11;0,000762670734243916;0,0;0,011213047910295617;0,008172605426610004;3;5
2016-10-15;9;2016-10-15 09:00:00;31,62;33,51;-1,8899999999999968;39779;3346;48299;12691;12477;2967;15444;16037;-214;-379;-593;-0,038396788396788395;-0,017151558868317703;-0,12773845635321873;-0,059772296015180165;3;5
2016-10-15;10;2016-10-15 10:00:00;31,89;34,35;-2,460000000000001;39779;5882;48299;11490;11420;4867;16287;17372;-70;-1015;-1085;-0,06661754773745933;-0,006129597197898424;-0,2085473597698788;-0,07714016933207905;3;5
2016-10-15;11;2016-10-15 11:00:00;33,34;33,04;0,30000000000000426;39779;7786;48299;10848;10284;6345;16629;18634;-564;-1441;-2005;-0,12057249383606952;-0,05484247374562427;-0,22710795902285263;0,00899820035992814;3;5
2016-10-15;12;2016-10-15 12:00:00;31,39;30,31;1,0800000000000018;39779;8917;48299;9781;9052;7199;16251;18698;-729;-1718;-2447;-0,15057534920927942;-0,08053468846663721;-0,23864425614668705;0,03440586173940751;3;5
2016-10-15;13;2016-10-15 13:00:00;31,36;28,11;3,25;39779;9145;48299;8308;7858;7219;15077;17453;-450;-1926;-2376;-0,15759103269881275;-0,057266480020361415;-0,26679595511843746;0,10363520408163265;3;5
2016-10-15;14;2016-10-15 14:00:00;32,24;28,45;3,7900000000000023;39779;8365;48299;7090;6778;6568;13346;15455;-312;-1797;-2109;-0,1580248763674509;-0,04603127766302744;-0,273599269183922;0,11755583126550875;3;5
2016-10-15;15;2016-10-15 15:00:00;36,05;30,16;5,889999999999998;39779;6249;48299;6228;5834;5286;11120;12477;-394;-963;-1357;-0,12203237410071942;-0,06753513884127528;-0,18217934165720773;0,16338418862690704;3;5
2016-10-15;16;2016-10-15 16:00:00;38,03;33,88;4,149999999999999;39779;3545;48299;5413;4971;3371;8342;8958;-442;-174;-616;-0,07384320306880844;-0,08891571112452223;-0,05161673094037378;0,10912437549303178;3;5
2016-10-15;17;2016-10-15 17:00:00;42,86;39,44;3,4200000000000017;39779;1340;48299;4590;4357;1247;5604;5930;-233;-93;-326;-0,05817273376159886;-0,05347716318567822;-0,07457898957497995;0,07979468035464306;3;5
2016-10-15;18;2016-10-15 18:00:00;49,92;47,04;2,8800000000000026;39779;106;48299;4050;4214;90;4304;4156;164;-16;148;0,03438661710037175;0,03891789273849074;-0,17777777777777778;0,057692307692307744;3;5
2016-10-15;19;2016-10-15 19:00:00;57,05;55,56;1,4899999999999949;39779;0;48299;4028;4171;0;4171;4028;143;0;143;0,03428434428194677;0,03428434428194677;;0,026117440841367134;3;5
2016-10-15;20;2016-10-15 20:00:00;48,93;50,05;-1,1199999999999974;39779;0;48299;4006;4071;0;4071;4006;65;0;65;0,01596659297469909;0,01596659297469909;;-0,02288984263233185;3;5
2016-10-15;21;2016-10-15 21:00:00;44,38;43,39;0,9900000000000021;39779;0;48299;3665;3961;0;3961;3665;296;0;296;0,0747286038879071;0,0747286038879071;;0,02230734565119428;3;5
2016-10-15;22;2016-10-15 22:00:00;40,02;38,28;1,740000000000002;39779;0;48299;3206;3685;0;3685;3206;479;0;479;0,1299864314789688;0,1299864314789688;;0,043478260869565265;3;5
2016-10-15;23;2016-10-15 23:00:00;32,96;34,93;-1,9699999999999989;39779;0;48299;2921;3344;0;3344;2921;423;0;423;0,12649521531100477;0,12649521531100477;;-0,05976941747572812;3;5
2016-10-16;0;2016-10-16 00:00:00;33,08;33,27;-0,19000000000000486;39780;0;48299;2527;3307;0;3307;2527;780;0;780;0,23586332022981554;0,23586332022981554;;-0,005743651753325419;3;6
2016-10-16;1;2016-10-16 01:00:00;31,1;30,28;0,8200000000000003;39780;0;48299;2286;2916;0;2916;2286;630;0;630;0,21604938271604937;0,21604938271604937;;0,026366559485530554;3;6
2016-10-16;2;2016-10-16 02:00:00;31,6;29,79;1,8100000000000025;39780;0;48299;2101;2644;0;2644;2101;543;0;543;0,20537065052950076;0,20537065052950076;;0,057278481012658304;3;6
2016-10-16;3;2016-10-16 03:00:00;30,59;31,37;-0,7800000000000011;39780;0;48299;2002;2462;0;2462;2002;460;0;460;0,1868399675060926;0,1868399675060926;;-0,025498528931023248;3;6
2016-10-16;4;2016-10-16 04:00:00;30,66;30,48;0,17999999999999972;39780;0;48299;2101;2322;0;2322;2101;221;0;221;0,09517657192075797;0,09517657192075797;;0,0058708414872798344;3;6
2016-10-16;5;2016-10-16 05:00:00;30,61;30,55;0,05999999999999873;39780;0;48299;2248;2251;0;2251;2248;3;0;3;0,0013327410039982231;0,0013327410039982231;;0,0019601437438745094;3;6
2016-10-16;6;2016-10-16 06:00:00;30,91;31,58;-0,6699999999999982;39780;0;48299;2390;2291;0;2291;2390;-99;0;-99;-0,04321257092972501;-0,04321257092972501;;-0,02167583306373336;3;6
2016-10-16;7;2016-10-16 07:00:00;31,51;31,48;0,030000000000001137;39780;32;48299;2629;2362;46;2408;2661;-267;14;-253;-0,10506644518272425;-0,1130397967823878;0,30434782608695654;0,000952078705172997;3;6
2016-10-16;8;2016-10-16 08:00:00;36,63;36,23;0,4000000000000057;39780;1415;48299;2880;2410;1282;3692;4295;-470;-133;-603;-0,1633261105092091;-0,1950207468879668;-0,10374414976599064;0,010920010920011075;3;6
2016-10-16;9;2016-10-16 09:00:00;38,48;38,51;-0,030000000000001137;39780;4929;48299;3103;2400;4599;6999;8032;-703;-330;-1033;-0,14759251321617373;-0,29291666666666666;-0,07175472928897586;-0,0007796257796258093;3;6
2016-10-16;10;2016-10-16 10:00:00;37,39;34,3;3,0900000000000034;39780;9447;48299;2478;2297;8553;10850;11925;-181;-894;-1075;-0,09907834101382489;-0,07879843273835438;-0,10452472816555594;0,08264241775875912;3;6
2016-10-16;11;2016-10-16 11:00:00;34,57;31,24;3,330000000000002;39780;13144;48299;2134;2109;12141;14250;15278;-25;-1003;-1028;-0,07214035087719298;-0,011853959222380275;-0,0826126348735689;0,09632629447497836;3;6
2016-10-16;12;2016-10-16 12:00:00;33,1;30,26;2,84;39780;15506;48299;2411;1958;14314;16272;17917;-453;-1192;-1645;-0,10109390363815142;-0,2313585291113381;-0,08327511527176192;0,08580060422960724;3;6
2016-10-16;13;2016-10-16 13:00:00;31,54;27,44;4,099999999999998;39780;15888;48299;2916;2001;14657;16658;18804;-915;-1231;-2146;-0,1288269900348181;-0,4572713643178411;-0,08398717336426281;0,12999365884590988;3;6
2016-10-16;14;2016-10-16 14:00:00;30,08;27,44;2,639999999999997;39780;14714;48299;3296;2180;13337;15517;18010;-1116;-1377;-2493;-0,1606624991944319;-0,5119266055045871;-0,10324660718302467;0,08776595744680842;3;6
2016-10-16;15;2016-10-16 15:00:00;30,44;27,55;2,890000000000001;39780;11976;48299;3640;2349;10467;12816;15616;-1291;-1509;-2800;-0,2184769038701623;-0,5495955725840783;-0,14416738320435654;0,09494086727989491;3;6
2016-10-16;16;2016-10-16 16:00:00;31,05;28,5;2,5500000000000007;39780;7504;48299;4347;2593;6458;9051;11851;-1754;-1046;-2800;-0,30935808197989173;-0,6764365599691478;-0,161969650046454;0,08212560386473432;3;6
2016-10-16;17;2016-10-16 17:00:00;36,06;31,8;4,260000000000002;39780;2572;48299;5329;3314;2305;5619;7901;-2015;-267;-2282;-0,40612208578038794;-0,608026554013277;-0,11583514099783081;0,11813643926788689;3;6
2016-10-16;18;2016-10-16 18:00:00;45,85;41,48;4,3700000000000045;39780;106;48299;7204;4899;157;5056;7310;-2305;51;-2254;-0,44580696202531644;-0,47050418452745457;0,3248407643312102;0,09531079607415495;3;6
2016-10-16;19;2016-10-16 19:00:00;48,93;46,56;2,369999999999997;39780;0;48299;9208;6549;0;6549;9208;-2659;0;-2659;-0,4060161856772026;-0,4060161856772026;;0,048436541998773695;3;6
2016-10-16;20;2016-10-16 20:00:00;34,15;33,9;0,25;39780;0;48299;10366;7687;0;7687;10366;-2679;0;-2679;-0,3485104722258358;-0,3485104722258358;;0,007320644216691069;3;6
2016-10-16;21;2016-10-16 21:00:00;31,06;31,12;-0,060000000000002274;39780;0;48299;10950;8256;0;8256;10950;-2694;0;-2694;-0,32630813953488375;-0,32630813953488375;;-0,0019317450096587984;3;6
2016-10-16;22;2016-10-16 22:00:00;30,57;32,09;-1,5200000000000031;39780;0;48299;10829;8539;0;8539;10829;-2290;0;-2290;-0,26818128586485535;-0,26818128586485535;;-0,0497219496238143;3;6
2016-10-16;23;2016-10-16 23:00:00;28,84;30,57;-1,7300000000000004;39780;0;48299;10610;8562;0;8562;10610;-2048;0;-2048;-0,2391964494277038;-0,2391964494277038;;-0,059986130374479904;3;6
2016-10-17;0;2016-10-17 00:00:00;30,6;35,13;-4,530000000000001;39793;0;48303;10206;10556;0;10556;10206;350;0;350;0,033156498673740056;0,033156498673740056;;-0,14803921568627454;3;0
2016-10-17;1;2016-10-17 01:00:00;29,56;29,85;-0,2900000000000027;39793;0;48303;9978;10274;0;10274;9978;296;0;296;0,028810589838427096;0,028810589838427096;;-0,009810554803788996;3;0
2016-10-17;2;2016-10-17 02:00:00;29,17;30,59;-1,4199999999999982;39793;0;48303;9863;9946;0;9946;9863;83;0;83;0,008345063342047054;0,008345063342047054;;-0,04868015083990394;3;0
2016-10-17;3;2016-10-17 03:00:00;28,44;30,94;-2,5;39793;0;48303;9758;9559;0;9559;9758;-199;0;-199;-0,020818077204728527;-0,020818077204728527;;-0,08790436005625879;3;0
2016-10-17;4;2016-10-17 04:00:00;28,53;30,07;-1,5399999999999991;39793;0;48303;9528;9276;0;9276;9528;-252;0;-252;-0,027166882276843468;-0,027166882276843468;;-0,053978268489309464;3;0
2016-10-17;5;2016-10-17 05:00:00;30,46;31,65;-1,1899999999999975;39793;0;48303;9360;9082;0;9082;9360;-278;0;-278;-0,030609997797841886;-0,030609997797841886;;-0,0390676296782665;3;0
2016-10-17;6;2016-10-17 06:00:00;41,75;45,27;-3,520000000000003;39793;0;48303;9143;8907;0;8907;9143;-236;0;-236;-0,026496014370719658;-0,026496014370719658;;-0,08431137724550905;3;0
2016-10-17;7;2016-10-17 07:00:00;45,11;49,62;-4,509999999999998;39793;32;48303;8802;8638;34;8672;8834;-164;2;-162;-0,01868081180811808;-0,01898587636026858;0,058823529411764705;-0,09997783196630454;3;0
2016-10-17;8;2016-10-17 08:00:00;48,34;56,09;-7,75;39793;978;48303;8684;8097;801;8898;9662;-587;-177;-764;-0,08586199145875478;-0,07249598616771644;-0,2209737827715356;-0,16032271410839882;3;0
2016-10-17;9;2016-10-17 09:00:00;46,42;52,04;-5,619999999999997;39793;3074;48303;8072;7207;3105;10312;11146;-865;31;-834;-0,0808766485647789;-0,12002220063826835;0,00998389694041868;-0,12106850495476082;3;0
2016-10-17;10;2016-10-17 10:00:00;46,48;47,41;-0,9299999999999996;39793;5294;48303;6698;6254;5784;12038;11992;-444;490;46;0,003821232762917428;-0,0709945634793732;0,084716459197787;-0,02000860585197934;3;0
2016-10-17;11;2016-10-17 11:00:00;46,02;45,0;1,0200000000000031;39793;7380;48303;5370;5383;7679;13062;12750;13;299;312;0,02388608176389527;0,0024150102173509194;0,038937361635629636;0,022164276401564605;3;0
2016-10-17;12;2016-10-17 12:00:00;41,9;46,46;-4,560000000000001;39793;8384;48303;4420;4671;8528;13199;12804;251;144;395;0,0299265095840594;0,05373581674159709;0,016885553470919325;-0,10883054892601436;3;0
2016-10-17;13;2016-10-17 13:00:00;45,21;48,0;-2,7899999999999987;39793;7638;48303;4018;4098;8023;12121;11656;80;385;465;0,03836317135549872;0,019521717911176184;0,047987037267854915;-0,061712010617120075;3;0
2016-10-17;14;2016-10-17 14:00:00;48,97;51,14;-2,1700000000000017;39793;6274;48303;3753;3744;6606;10350;10027;-9;332;323;0,031207729468599035;-0,002403846153846154;0,05025734181047532;-0,044312844598733955;3;0
2016-10-17;15;2016-10-17 15:00:00;52,42;56,06;-3,640000000000001;39793;4488;48303;3647;3499;4709;8208;8135;-148;221;73;0,008893762183235867;-0,04229779937124893;0,04693140794223827;-0,06943914536436477;3;0
2016-10-17;16;2016-10-17 16:00:00;53,97;61,71;-7,740000000000002;39793;2420;48303;3336;3342;2714;6056;5756;6;294;300;0,04953764861294584;0,0017953321364452424;0,10832719233603537;-0,14341300722623684;3;0
2016-10-17;17;2016-10-17 17:00:00;50,05;66,06;-16,010000000000005;39793;768;48303;3234;3424;849;4273;4002;190;81;271;0,06342148373508073;0,055490654205607476;0,09540636042402827;-0,31988011988012;3;0
2016-10-17;18;2016-10-17 18:00:00;55,56;73,27;-17,709999999999994;39793;49;48303;3338;3769;56;3825;3387;431;7;438;0,11450980392156863;0,11435394003714514;0,125;-0,31875449964002867;3;0
2016-10-17;19;2016-10-17 19:00:00;56,08;81,65;-25,57000000000001;39793;0;48303;3546;4056;0;4056;3546;510;0;510;0,1257396449704142;0,1257396449704142;;-0,45595577746077054;3;0
2016-10-17;20;2016-10-17 20:00:00;46,44;60,46;-14,020000000000005;39793;0;48303;3617;4164;0;4164;3617;547;0;547;0,1313640730067243;0,1313640730067243;;-0,30189491817398806;3;0
2016-10-17;21;2016-10-17 21:00:00;35,74;44,45;-8,71;39793;0;48303;3410;4072;0;4072;3410;662;0;662;0,162573673870334;0,162573673870334;;-0,24370453273642978;3;0
2016-10-17;22;2016-10-17 22:00:00;36,87;44,8;-7,93;39793;0;48303;3116;3943;0;3943;3116;827;0;827;0,20973877758052245;0,20973877758052245;;-0,21508001084892867;3;0
2016-10-17;23;2016-10-17 23:00:00;32,57;36,28;-3,7100000000000013;39793;0;48303;2720;3883;0;3883;2720;1163;0;1163;0,29951068761267063;0,29951068761267063;;-0,11390850475898069;3;0
2016-10-18;0;2016-10-18 00:00:00;31,5;33,06;-1,5600000000000025;39795;0;48307;2556;3510;0;3510;2556;954;0;954;0,2717948717948718;0,2717948717948718;;-0,0495238095238096;3;1
2016-10-18;1;2016-10-18 01:00:00;30,82;32,73;-1,9099999999999968;39795;0;48307;2601;3401;0;3401;2601;800;0;800;0,23522493384298734;0,23522493384298734;;-0,06197274497079808;3;1
2016-10-18;2;2016-10-18 02:00:00;30,46;31,31;-0,8499999999999979;39795;0;48307;2614;3294;0;3294;2614;680;0;680;0,20643594414086217;0,20643594414086217;;-0,027905449770190344;3;1
2016-10-18;3;2016-10-18 03:00:00;30,5;30,48;0,01999999999999957;39795;0;48307;2839;3253;0;3253;2839;414;0;414;0,12726713802643713;0,12726713802643713;;0,0006557377049180187;3;1
2016-10-18;4;2016-10-18 04:00:00;31,11;30,59;0,5199999999999996;39795;0;48307;2944;3263;0;3263;2944;319;0;319;0,09776279497395035;0,09776279497395035;;0,016714882674381214;3;1
2016-10-18;5;2016-10-18 05:00:00;32,96;32,05;0,9100000000000036;39795;0;48307;3192;3391;0;3391;3192;199;0;199;0,058684753759952815;0,058684753759952815;;0,027609223300970983;3;1
2016-10-18;6;2016-10-18 06:00:00;41,79;35,85;5,939999999999998;39795;0;48307;3436;3693;0;3693;3436;257;0;257;0,06959111833197942;0,06959111833197942;;0,14213926776740843;3;1
2016-10-18;7;2016-10-18 07:00:00;51,33;54,87;-3,5399999999999987;39795;8;48307;3813;4033;19;4052;3821;220;11;231;0,05700888450148075;0,054549962806843544;0,5789473684210527;-0,06896551724137928;3;1
2016-10-18;8;2016-10-18 08:00:00;54,95;57,89;-2,9399999999999977;39795;455;48307;4059;4284;629;4913;4514;225;174;399;0,08121310808060249;0,052521008403361345;0,2766295707472178;-0,05350318471337575;3;1
2016-10-18;9;2016-10-18 09:00:00;51,93;57,31;-5,380000000000003;39795;1932;48307;3890;4422;2439;6861;5822;532;507;1039;0,15143565077976973;0,12030755314337403;0,2078720787207872;-0,10360100134796847;3;1
2016-10-18;10;2016-10-18 10:00:00;50,35;59,4;-9,049999999999997;39795;3653;48307;4031;4517;4619;9136;7684;486;966;1452;0,15893169877408056;0,10759353553243303;0,20913617666161508;-0,17974180734856002;3;1
2016-10-18;11;2016-10-18 11:00:00;50,81;68,22;-17,409999999999997;39795;5571;48307;4664;4688;6480;11168;10235;24;909;933;0,08354226361031519;0,005119453924914676;0,14027777777777778;-0,3426490848258216;3;1
2016-10-18;12;2016-10-18 12:00:00;46,49;63,1;-16,61;39795;7070;48307;5402;5212;7508;12720;12472;-190;438;248;0,01949685534591195;-0,036454336147352266;0,05833777304208844;-0,35728113572811354;3;1
2016-10-18;13;2016-10-18 13:00:00;41,16;53,13;-11,970000000000004;39795;7557;48307;6677;5835;7552;13387;14234;-842;-5;-847;-0,06327033689400165;-0,14430162810625535;-0,0006620762711864406;-0,29081632653061235;3;1
2016-10-18;14;2016-10-18 14:00:00;35,38;43,7;-8,32;39795;7043;48307;7657;6247;6768;13015;14700;-1410;-275;-1685;-0,12946600076834422;-0,22570834000320153;-0,040632387706855795;-0,23516110797060485;3;1
2016-10-18;15;2016-10-18 15:00:00;35,76;40,33;-4,57;39795;5320;48307;8041;6463;5217;11680;13361;-1578;-103;-1681;-0,14392123287671232;-0,24415905926040538;-0,019743147402721872;-0,1277964205816555;3;1
2016-10-18;16;2016-10-18 16:00:00;36,8;39,81;-3,0100000000000047;39795;2972;48307;8669;6678;3112;9790;11641;-1991;140;-1851;-0,18907048008171604;-0,29814315663372265;0,04498714652956298;-0,0817934782608697;3;1
2016-10-18;17;2016-10-18 17:00:00;44,9;45,83;-0,9299999999999996;39795;813;48307;9067;6953;1002;7955;9880;-2114;189;-1925;-0,24198617221873037;-0,30404142096936576;0,18862275449101795;-0,02071269487750556;3;1
2016-10-18;18;2016-10-18 18:00:00;48,91;50,72;-1,8100000000000025;39795;34;48307;9938;7395;69;7464;9972;-2543;35;-2508;-0,3360128617363344;-0,34388100067613253;0,5072463768115942;-0,037006747086485436;3;1
2016-10-18;19;2016-10-18 19:00:00;47,47;50,77;-3,3000000000000043;39795;0;48307;10833;7988;0;7988;10833;-2845;0;-2845;-0,35615923885828743;-0,35615923885828743;;-0,06951759005687812;3;1
2016-10-18;20;2016-10-18 20:00:00;37,63;36,19;1,4400000000000048;39795;0;48307;11854;8444;0;8444;11854;-3410;0;-3410;-0,40383704405495024;-0,40383704405495024;;0,03826733988838705;3;1
2016-10-18;21;2016-10-18 21:00:00;34,44;32,31;2,1299999999999955;39795;0;48307;12105;8495;0;8495;12105;-3610;0;-3610;-0,4249558563861095;-0,4249558563861095;;0,06184668989547026;3;1
2016-10-18;22;2016-10-18 22:00:00;32,7;29,74;2,9600000000000044;39795;0;48307;10907;8440;0;8440;10907;-2467;0;-2467;-0,29229857819905214;-0,29229857819905214;;0,0905198776758411;3;1
2016-10-18;23;2016-10-18 23:00:00;30,49;26,5;3,9899999999999984;39795;0;48307;9794;8290;0;8290;9794;-1504;0;-1504;-0,18142340168878165;-0,18142340168878165;;0,13086257789439157;3;1
2016-10-19;0;2016-10-19 00:00:00;30,27;31,57;-1,3000000000000007;39797;0;48321;9152;9004;0;9004;9152;-148;0;-148;-0,016437139049311416;-0,016437139049311416;;-0,04294681202510739;3;2
2016-10-19;1;2016-10-19 01:00:00;28,99;28,3;0,6899999999999977;39797;0;48321;8746;8571;0;8571;8746;-175;0;-175;-0,020417687551044218;-0,020417687551044218;;0,023801310796826413;3;2
2016-10-19;2;2016-10-19 02:00:00;28,95;26,65;2,3000000000000007;39797;0;48321;8499;8138;0;8138;8499;-361;0;-361;-0,04435979356107152;-0,04435979356107152;;0,07944732297063906;3;2
2016-10-19;3;2016-10-19 03:00:00;29,08;26,76;2,3199999999999967;39797;0;48321;8076;7692;0;7692;8076;-384;0;-384;-0,0499219968798752;-0,0499219968798752;;0,07977991746905079;3;2
2016-10-19;4;2016-10-19 04:00:00;30,32;26,38;3,940000000000001;39797;0;48321;7574;7320;0;7320;7574;-254;0;-254;-0,03469945355191257;-0,03469945355191257;;0,12994722955145122;3;2
2016-10-19;5;2016-10-19 05:00:00;30,85;28,37;2,4800000000000004;39797;0;48321;7181;6993;0;6993;7181;-188;0;-188;-0,026884026884026885;-0,026884026884026885;;0,08038897893030796;3;2
2016-10-19;6;2016-10-19 06:00:00;36,66;33,83;2,8299999999999983;39797;0;48321;7197;6732;0;6732;7197;-465;0;-465;-0,06907308377896614;-0,06907308377896614;;0,07719585379159843;3;2
2016-10-19;7;2016-10-19 07:00:00;47,5;41,3;6,200000000000002;39797;7;48321;7381;6590;20;6610;7388;-791;13;-778;-0,11770045385779122;-0,12003034901365706;0,65;0,1305263157894737;3;2
2016-10-19;8;2016-10-19 08:00:00;48,68;40,04;8,64;39797;510;48321;7086;6569;779;7348;7596;-517;269;-248;-0,033750680457267285;-0,0787029989343888;0,3453145057766367;0,17748562037797866;3;2
2016-10-19;9;2016-10-19 09:00:00;48,47;40,9;7,57;39797;2074;48321;7129;6679;2817;9496;9203;-450;743;293;0,030855096882898062;-0,06737535559215452;0,26375576854810084;0,15617907984320198;3;2
2016-10-19;10;2016-10-19 10:00:00;49,29;40,06;9,229999999999997;39797;3811;48321;7476;6839;4895;11734;11287;-637;1084;447;0,03809442645304244;-0,0931422722620266;0,22145045965270685;0,1872590789206735;3;2
2016-10-19;11;2016-10-19 11:00:00;49,29;39,86;9,43;39797;5387;48321;7906;6976;6473;13449;13293;-930;1086;156;0,01159937541824671;-0,13331422018348624;0,16777382975436428;0,191316697098803;3;2
2016-10-19;12;2016-10-19 12:00:00;47,99;38,7;9,29;39797;6031;48321;7646;7151;7327;14478;13677;-495;1296;801;0,055325321176958146;-0,06922108795972591;0,17688003275556163;0,19358199624921857;3;2
2016-10-19;13;2016-10-19 13:00:00;45,92;37,72;8,200000000000003;39797;6319;48321;8950;7407;7207;14614;15269;-1543;888;-655;-0,04482003558231833;-0,20831645740515728;0,12321354238934369;0,17857142857142863;3;2
2016-10-19;14;2016-10-19 14:00:00;42,01;35,05;6,960000000000001;39797;5941;48321;8909;7572;6373;13945;14850;-1337;432;-905;-0,06489781283614199;-0,1765715795034337;0,06778597206966891;0,1656748393239705;3;2
2016-10-19;15;2016-10-19 15:00:00;41,27;33,04;8,230000000000004;39797;4661;48321;8766;7397;4911;12308;13427;-1369;250;-1119;-0,0909164770880728;-0,18507503041773693;0,05090612909794339;0,19941846377513942;3;2
2016-10-19;16;2016-10-19 16:00:00;42,12;33,22;8,899999999999997;39797;2652;48321;8555;7146;2925;10071;11207;-1409;273;-1136;-0,11279912620395194;-0,19717324377273998;0,09333333333333334;0,2113010446343779;3;2
2016-10-19;17;2016-10-19 17:00:00;48,32;39,66;8,660000000000004;39797;739;48321;8771;6928;896;7824;9510;-1843;157;-1686;-0,21549079754601227;-0,2660219399538106;0,17522321428571427;0,17922185430463583;3;2
2016-10-19;18;2016-10-19 18:00:00;48,95;41,66;7,290000000000006;39797;38;48321;9506;6805;49;6854;9544;-2701;11;-2690;-0,39247154946016927;-0,39691403379867746;0,22448979591836735;0,14892747701736478;3;2
2016-10-19;19;2016-10-19 19:00:00;49,0;43,53;5,469999999999999;39797;0;48321;10212;6773;0;6773;10212;-3439;0;-3439;-0,5077513657168168;-0,5077513657168168;;0,11163265306122447;3;2
2016-10-19;20;2016-10-19 20:00:00;44,49;34,63;9,86;39797;0;48321;10690;6662;0;6662;10690;-4028;0;-4028;-0,6046232362653857;-0,6046232362653857;;0,22162283659249268;3;2
2016-10-19;21;2016-10-19 21:00:00;35,2;32,34;2,8599999999999994;39797;0;48321;10204;6439;0;6439;10204;-3765;0;-3765;-0,5847181239322876;-0,5847181239322876;;0,08124999999999998;3;2
2016-10-19;22;2016-10-19 22:00:00;34,99;31,32;3,6700000000000017;39797;0;48321;9835;6180;0;6180;9835;-3655;0;-3655;-0,5914239482200647;-0,5914239482200647;;0,10488711060302948;3;2
2016-10-19;23;2016-10-19 23:00:00;31,26;28,83;2,4300000000000037;39797;0;48321;9319;5955;0;5955;9319;-3364;0;-3364;-0,5649034424853064;-0,5649034424853064;;0,07773512476007689;3;2
2016-10-20;0;2016-10-20 00:00:00;30,36;29,53;0,8299999999999983;39801;0;48323;8958;7958;0;7958;8958;-1000;0;-1000;-0,12565971349585323;-0,12565971349585323;;0,027338603425559892;3;3
2016-10-20;1;2016-10-20 01:00:00;29,99;27,19;2,799999999999997;39801;0;48323;9021;7560;0;7560;9021;-1461;0;-1461;-0,19325396825396826;-0,19325396825396826;;0,09336445481827267;3;3
2016-10-20;2;2016-10-20 02:00:00;29,97;27,6;2,369999999999997;39801;0;48323;8939;7361;0;7361;8939;-1578;0;-1578;-0,2143730471403342;-0,2143730471403342;;0,07907907907907898;3;3
2016-10-20;3;2016-10-20 03:00:00;30,03;31,46;-1,4299999999999995;39801;0;48323;9140;7227;0;7227;9140;-1913;0;-1913;-0,26470181264701814;-0,26470181264701814;;-0,0476190476190476;3;3
2016-10-20;4;2016-10-20 04:00:00;30,02;28,64;1,379999999999999;39801;0;48323;9016;7011;0;7011;9016;-2005;0;-2005;-0,2859791755812295;-0,2859791755812295;;0,04596935376415719;3;3
2016-10-20;5;2016-10-20 05:00:00;30,83;30,69;0,13999999999999702;39801;0;48323;8753;6846;0;6846;8753;-1907;0;-1907;-0,27855682150160677;-0,27855682150160677;;0,004541031462860753;3;3
2016-10-20;6;2016-10-20 06:00:00;35,35;35,93;-0,5799999999999983;39801;0;48323;8036;6646;0;6646;8036;-1390;0;-1390;-0,2091483599157388;-0,2091483599157388;;-0,016407355021216357;3;3
2016-10-20;7;2016-10-20 07:00:00;41,84;44,6;-2,759999999999998;39801;8;48323;7527;6447;18;6465;7535;-1080;10;-1070;-0,16550657385924208;-0,16751977664029782;0,5555555555555556;-0,06596558317399612;3;3
2016-10-20;8;2016-10-20 08:00:00;46,95;45,35;1,6000000000000014;39801;522;48323;7133;6236;699;6935;7655;-897;177;-720;-0,10382119682768565;-0,14384220654265556;0,2532188841201717;0,03407880724174657;3;3
2016-10-20;9;2016-10-20 09:00:00;47,98;45,99;1,9899999999999949;39801;2169;48323;6553;5875;2530;8405;8722;-678;361;-317;-0,03771564544913742;-0,11540425531914894;0,14268774703557313;0,04147561483951636;3;3
2016-10-20;10;2016-10-20 10:00:00;47,06;45,61;1,4500000000000028;39801;3890;48323;5734;5477;4470;9947;9624;-257;580;323;0,03247210214134915;-0,0469234982654738;0,1297539149888143;0,03081172970675739;3;3
2016-10-20;11;2016-10-20 11:00:00;47,16;45,73;1,4299999999999995;39801;5566;48323;5360;5253;6063;11316;10926;-107;497;390;0,0344644750795334;-0,02036931277365315;0,08197262081477816;0,030322307039864282;3;3
2016-10-20;12;2016-10-20 12:00:00;44,93;45,34;-0,4100000000000037;39801;6415;48323;5111;5207;6998;12205;11526;96;583;679;0,055632937320770175;0,01843671980026887;0,08330951700485853;-0,0091253060316048;3;3
2016-10-20;13;2016-10-20 13:00:00;44,71;44,26;0,4500000000000029;39801;6245;48323;5118;5077;6981;12058;11363;-41;736;695;0,05763808260076298;-0,008075635217648218;0,10542902163013895;0,010064862446879957;3;3
2016-10-20;14;2016-10-20 14:00:00;42,6;43,37;-0,769999999999996;39801;5657;48323;5289;4859;6207;11066;10946;-430;550;120;0,010844026748599312;-0,08849557522123894;0,08860963428387304;-0,018075117370891926;3;3
2016-10-20;15;2016-10-20 15:00:00;43,6;43,23;0,37000000000000455;39801;4454;48323;5250;4467;4737;9204;9704;-783;283;-500;-0,054324206866579745;-0,17528542646071188;0,059742453029343466;0,008486238532110196;3;3
2016-10-20;16;2016-10-20 16:00:00;44,98;41,09;3,8899999999999935;39801;2680;48323;5157;4112;2751;6863;7837;-1045;71;-974;-0,14192044295497597;-0,25413424124513617;0,025808796801163214;0,086482881280569;3;3
2016-10-20;17;2016-10-20 17:00:00;48,91;44,41;4,5;39801;772;48323;5308;3945;797;4742;6080;-1363;25;-1338;-0,28215942640236186;-0,3455006337135615;0,03136762860727729;0,09200572480065428;3;3
2016-10-20;18;2016-10-20 18:00:00;48,96;48,59;0,36999999999999744;39801;32;48323;5771;4021;39;4060;5803;-1750;7;-1743;-0,42931034482758623;-0,435215120616762;0,1794871794871795;0,007557189542483608;3;3
2016-10-20;19;2016-10-20 19:00:00;56,01;50,93;5,079999999999998;39801;0;48323;5628;4234;0;4234;5628;-1394;0;-1394;-0,32923948984411905;-0,32923948984411905;;0,09069808962685232;3;3
2016-10-20;20;2016-10-20 20:00:00;46,45;41,97;4,480000000000004;39801;0;48323;5571;4462;0;4462;5571;-1109;0;-1109;-0,24854325414612283;-0,24854325414612283;;0,09644779332615724;3;3
2016-10-20;21;2016-10-20 21:00:00;36,11;36,22;-0,10999999999999943;39801;0;48323;5016;4522;0;4522;5016;-494;0;-494;-0,1092436974789916;-0,1092436974789916;;-0,0030462475768485027;3;3
2016-10-20;22;2016-10-20 22:00:00;34,67;37,86;-3,1899999999999977;39801;0;48323;4490;4439;0;4439;4490;-51;0;-51;-0,011489074115791845;-0,011489074115791845;;-0,09201038361695983;3;3
2016-10-20;23;2016-10-20 23:00:00;32,87;34,25;-1,3800000000000026;39801;0;48323;3868;4360;0;4360;3868;492;0;492;0,11284403669724771;0,11284403669724771;;-0,04198357164587778;3;3
2016-10-21;0;2016-10-21 00:00:00;32,65;32,56;0,0899999999999963;39804;0;48337;3609;3344;0;3344;3609;-265;0;-265;-0,07924641148325359;-0,07924641148325359;;0,002756508422664512;3;4
2016-10-21;1;2016-10-21 01:00:00;31,94;30,46;1,4800000000000004;39804;0;48337;3386;3341;0;3341;3386;-45;0;-45;-0,01346902125112242;-0,01346902125112242;;0,04633688165309957;3;4
2016-10-21;2;2016-10-21 02:00:00;31,39;30,96;0,4299999999999997;39804;0;48337;3044;3432;0;3432;3044;388;0;388;0,11305361305361306;0,11305361305361306;;0,013698630136986292;3;4
2016-10-21;3;2016-10-21 03:00:00;31,17;30,43;0,7400000000000021;39804;0;48337;2958;3625;0;3625;2958;667;0;667;0,184;0,184;;0,0237407763875522;3;4
2016-10-21;4;2016-10-21 04:00:00;32,55;32,27;0,27999999999999403;39804;0;48337;3154;3809;0;3809;3154;655;0;655;0,1719611446573904;0,1719611446573904;;0,008602150537634226;3;4
2016-10-21;5;2016-10-21 05:00:00;32,84;33,98;-1,1399999999999937;39804;0;48337;3208;4082;0;4082;3208;874;0;874;0,21411073003429693;0,21411073003429693;;-0,03471376370280126;3;4
2016-10-21;6;2016-10-21 06:00:00;35,9;36,5;-0,6000000000000014;39804;0;48337;3397;4490;0;4490;3397;1093;0;1093;0,24342984409799553;0,24342984409799553;;-0,01671309192200561;3;4
2016-10-21;7;2016-10-21 07:00:00;46,87;47,79;-0,9200000000000016;39804;5;48337;3947;4875;14;4889;3952;928;9;937;0,19165473511965636;0,19035897435897436;0,6428571428571429;-0,019628760401109488;3;4
2016-10-21;8;2016-10-21 08:00:00;48,98;50,4;-1,4200000000000017;39804;368;48337;4181;5286;520;5806;4549;1105;152;1257;0,21650017223561832;0,20904275444570564;0,2923076923076923;-0,028991425071457775;3;4
2016-10-21;9;2016-10-21 09:00:00;48,45;53,2;-4,75;39804;1579;48337;4601;5618;2031;7649;6180;1017;452;1469;0,1920512485292195;0,18102527589889642;0,2225504677498769;-0,09803921568627451;3;4
2016-10-21;10;2016-10-21 10:00:00;48,42;51,14;-2,719999999999999;39804;3109;48337;4951;5929;3663;9592;8060;978;554;1532;0,1597164303586322;0,16495193118569743;0,15124215124215123;-0,056175134242048716;3;4
2016-10-21;11;2016-10-21 11:00:00;47,82;47,87;-0,049999999999997165;39804;4198;48337;5299;6195;4921;11116;9497;896;723;1619;0,1456459157970493;0,14463276836158193;0,14692135744767323;-0,001045587620242517;3;4
2016-10-21;12;2016-10-21 12:00:00;46,49;47,49;-1,0;39804;4858;48337;5890;6454;5583;12037;10748;564;725;1289;0,10708648334302567;0,08738766656337155;0,12985849901486657;-0,021510002151000213;3;4
2016-10-21;13;2016-10-21 13:00:00;41,84;43,9;-2,059999999999995;39804;4864;48337;6179;6780;5624;12404;11043;601;760;1361;0,10972267010641729;0,08864306784660766;0,13513513513513514;-0,049235181644359347;3;4
2016-10-21;14;2016-10-21 14:00:00;38,31;39,05;-0,7399999999999949;39804;4372;48337;6262;7136;5050;12186;10634;874;678;1552;0,12735926473001805;0,12247757847533633;0,13425742574257427;-0,019316105455494514;3;4
2016-10-21;15;2016-10-21 15:00:00;37,41;38,74;-1,3300000000000054;39804;3239;48337;6134;6995;3837;10832;9373;861;598;1459;0,13469350073855244;0,1230879199428163;0,1558509252019807;-0,03555199144613754;3;4
2016-10-21;16;2016-10-21 16:00:00;37,96;38,67;-0,7100000000000009;39804;1852;48337;5904;6743;2187;8930;7756;839;335;1174;0,13146696528555432;0,12442532997182264;0,15317786922725193;-0,018703898840885164;3;4
2016-10-21;17;2016-10-21 17:00:00;42,06;41,12;0,9400000000000048;39804;512;48337;6190;6547;625;7172;6702;357;113;470;0,06553262688232013;0,05452879181304414;0,1808;0,022349025202092362;3;4
2016-10-21;18;2016-10-21 18:00:00;46,44;44,71;1,7299999999999969;39804;23;48337;6363;6453;31;6484;6386;90;8;98;0,015114127082048118;0,01394700139470014;0,25806451612903225;0,03725236864771742;3;4
2016-10-21;19;2016-10-21 19:00:00;45,95;43,89;2,0600000000000023;39804;0;48337;6484;6460;0;6460;6484;-24;0;-24;-0,0037151702786377707;-0,0037151702786377707;;0,044831338411316694;3;4
2016-10-21;20;2016-10-21 20:00:00;39,49;38,65;0,8400000000000034;39804;0;48337;6399;6592;0;6592;6399;193;0;193;0,029277912621359224;0,029277912621359224;;0,02127120790073445;3;4
2016-10-21;21;2016-10-21 21:00:00;36,09;35,33;0,7600000000000051;39804;0;48337;6303;6564;0;6564;6303;261;0;261;0,03976234003656307;0,03976234003656307;;0,021058464948739402;3;4
2016-10-21;22;2016-10-21 22:00:00;34,98;33,5;1,4799999999999969;39804;0;48337;5941;6430;0;6430;5941;489;0;489;0,076049766718507;0,076049766718507;;0,04230989136649505;3;4
2016-10-21;23;2016-10-21 23:00:00;33,9;32,3;1,6000000000000014;39804;0;48337;5524;6226;0;6226;5524;702;0;702;0,11275297141021523;0,11275297141021523;;0,04719764011799414;3;4
2016-10-22;0;2016-10-22 00:00:00;38,45;34,23;4,220000000000007;39804;0;48345;5314;5100;0;5100;5314;-214;0;-214;-0,04196078431372549;-0,04196078431372549;;0,1097529258777635;3;5
2016-10-22;1;2016-10-22 01:00:00;34,55;33,11;1,4399999999999975;39804;0;48345;5407;5043;0;5043;5407;-364;0;-364;-0,07217925837794964;-0,07217925837794964;;0,04167872648335738;3;5
2016-10-22;2;2016-10-22 02:00:00;33,96;33,44;0,5200000000000031;39804;0;48345;5444;5087;0;5087;5444;-357;0;-357;-0,07017888735993709;-0,07017888735993709;;0,015312131919905863;3;5
2016-10-22;3;2016-10-22 03:00:00;34,11;33,91;0,20000000000000284;39804;0;48345;5410;5130;0;5130;5410;-280;0;-280;-0,05458089668615984;-0,05458089668615984;;0,00586338317209038;3;5
2016-10-22;4;2016-10-22 04:00:00;35,18;34,2;0,9799999999999968;39804;0;48345;5285;5179;0;5179;5285;-106;0;-106;-0,020467271674068352;-0,020467271674068352;;0,027856736782262557;3;5
2016-10-22;5;2016-10-22 05:00:00;35,61;31,6;4,009999999999998;39804;0;48345;5250;5151;0;5151;5250;-99;0;-99;-0,0192195690157251;-0,0192195690157251;;0,1126088177478236;3;5
2016-10-22;6;2016-10-22 06:00:00;34,55;33,09;1,4599999999999935;39804;0;48345;5116;5030;0;5030;5116;-86;0;-86;-0,01709741550695825;-0,01709741550695825;;0,04225759768451501;3;5
2016-10-22;7;2016-10-22 07:00:00;36,89;36,39;0,5;39804;6;48345;5105;4898;17;4915;5111;-207;11;-196;-0,03987792472024415;-0,04226214781543487;0,6470588235294118;0,013553808620222282;3;5
2016-10-22;8;2016-10-22 08:00:00;35,21;40,09;-4,880000000000003;39804;549;48345;4956;4759;723;5482;5505;-197;174;-23;-0,004195549069682597;-0,041395251103172936;0,24066390041493776;-0,13859698949162177;3;5
2016-10-22;9;2016-10-22 09:00:00;38,07;40,05;-1,9799999999999969;39804;2356;48345;4871;4481;2749;7230;7227;-390;393;3;0,0004149377593360996;-0,08703414416424905;0,1429610767551837;-0,05200945626477533;3;5
2016-10-22;10;2016-10-22 10:00:00;37,87;44,53;-6,660000000000004;39804;4693;48345;4332;4201;5033;9234;9025;-131;340;209;0,02263374485596708;-0,031183051654368008;0,0675541426584542;-0,17586480063374713;3;5
2016-10-22;11;2016-10-22 11:00:00;37,28;42,22;-4,939999999999999;39804;6508;48345;3672;4057;6806;10863;10180;385;298;683;0,06287397588143238;0,09489770766576287;0,043784895680282106;-0,13251072961373386;3;5
2016-10-22;12;2016-10-22 12:00:00;39,96;45,03;-5,07;39804;6838;48345;3284;3864;7667;11531;10122;580;829;1409;0,12219235105368138;0,15010351966873706;0,10812573366375375;-0,12687687687687688;3;5
2016-10-22;13;2016-10-22 13:00:00;35,02;40,02;-5,0;39804;6559;48345;3012;3693;7482;11175;9571;681;923;1604;0,14353467561521252;0,1844029244516653;0,12336273723603315;-0,1427755568246716;3;5
2016-10-22;14;2016-10-22 14:00:00;34,31;37,77;-3,4600000000000013;39804;6111;48345;2844;3564;6519;10083;8955;720;408;1128;0,1118714668253496;0,20202020202020202;0,06258628624022089;-0,10084523462547365;3;5
2016-10-22;15;2016-10-22 15:00:00;34,17;35,56;-1,3900000000000006;39804;4866;48345;2338;3251;4974;8225;7204;913;108;1021;0,12413373860182371;0,28083666564134113;0,021712907117008445;-0,04067895815042436;3;5
2016-10-22;16;2016-10-22 16:00:00;35,19;35,48;-0,28999999999999915;39804;2935;48345;2075;2874;2950;5824;5010;799;15;814;0,13976648351648352;0,27800974251913707;0,005084745762711864;-0,008240977550440442;3;5
2016-10-22;17;2016-10-22 17:00:00;46,76;43,34;3,4199999999999946;39804;874;48345;1924;2593;861;3454;2798;669;-13;656;0,1899247249565721;0,25800231392209794;-0,015098722415795587;0,07313943541488441;3;5
2016-10-22;18;2016-10-22 18:00:00;49,96;45,59;4,369999999999997;39804;29;48345;1682;2422;36;2458;1711;740;7;747;0,3039056143205858;0,305532617671346;0,19444444444444445;0,08746997598078457;3;5
2016-10-22;19;2016-10-22 19:00:00;49,99;48,65;1,3400000000000034;39804;0;48345;1767;2283;0;2283;1767;516;0;516;0,22601839684625494;0,22601839684625494;;0,02680536107221451;3;5
2016-10-22;20;2016-10-22 20:00:00;44,11;45,05;-0,9399999999999976;39804;0;48345;1596;1966;0;1966;1596;370;0;370;0,18819938962360122;0,18819938962360122;;-0,02131036046248011;3;5
2016-10-22;21;2016-10-22 21:00:00;35,88;39,29;-3,4099999999999966;39804;0;48345;1280;1764;0;1764;1280;484;0;484;0,2743764172335601;0,2743764172335601;;-0,09503901895206233;3;5
2016-10-22;22;2016-10-22 22:00:00;34,53;40,61;-6,079999999999997;39804;0;48345;1128;1629;0;1629;1128;501;0;501;0,30755064456721914;0,30755064456721914;;-0,17607877208224723;3;5
2016-10-22;23;2016-10-22 23:00:00;34,51;37,31;-2,8000000000000043;39804;0;48345;935;1532;0;1532;935;597;0;597;0,389686684073107;0,389686684073107;;-0,08113590263691696;3;5
2016-10-23;0;2016-10-23 00:00:00;33,09;34,85;-1,759999999999998;39804;0;48349;736;1081;0;1081;736;345;0;345;0,3191489361702128;0,3191489361702128;;-0,05318827440314288;3;6
2016-10-23;1;2016-10-23 01:00:00;32,69;32,05;0,6400000000000006;39804;0;48349;666;1088;0;1088;666;422;0;422;0,38786764705882354;0,38786764705882354;;0,01957785255429797;3;6
2016-10-23;2;2016-10-23 02:00:00;32,41;29,9;2,509999999999998;39804;0;48349;608;1105;0;1105;608;497;0;497;0,4497737556561086;0,4497737556561086;;0,07744523295279229;3;6
2016-10-23;3;2016-10-23 03:00:00;31,85;31,49;0,360000000000003;39804;0;48349;682;1100;0;1100;682;418;0;418;0,38;0,38;;0,011302982731554253;3;6
2016-10-23;4;2016-10-23 04:00:00;32,03;32,12;-0,0899999999999963;39804;0;48349;766;1160;0;1160;766;394;0;394;0,3396551724137931;0,3396551724137931;;-0,0028098657508584548;3;6
2016-10-23;5;2016-10-23 05:00:00;31,9;31,79;0,10999999999999943;39804;0;48349;758;1280;0;1280;758;522;0;522;0,4078125;0,4078125;;0,0034482758620689477;3;6
2016-10-23;6;2016-10-23 06:00:00;32,52;31,03;1,490000000000002;39804;0;48349;857;1438;0;1438;857;581;0;581;0,4040333796940195;0,4040333796940195;;0,045817958179581855;3;6
2016-10-23;7;2016-10-23 07:00:00;33,04;32,04;1,0;39804;6;48349;1188;1586;20;1606;1194;398;14;412;0,25653798256537985;0,2509457755359395;0,7;0,03026634382566586;3;6
2016-10-23;8;2016-10-23 08:00:00;33,75;33,18;0,5700000000000003;39804;580;48349;1730;1642;970;2612;2310;-88;390;302;0,11562021439509954;-0,0535931790499391;0,4020618556701031;0,016888888888888898;3;6
2016-10-23;9;2016-10-23 09:00:00;35,22;36,15;-0,9299999999999996;39804;2682;48349;1993;1604;3935;5539;4675;-389;1253;864;0,155984834807727;-0,24251870324189526;0,3184243964421855;-0,026405451448040875;3;6
2016-10-23;10;2016-10-23 10:00:00;34,84;36,23;-1,3899999999999937;39804;5704;48349;1962;1532;7823;9355;7666;-430;2119;1689;0,1805451630144308;-0,28067885117493474;0,2708679534705356;-0,039896670493685234;3;6
2016-10-23;11;2016-10-23 11:00:00;33,91;41,6;-7,690000000000005;39804;8493;48349;1763;1536;10928;12464;10256;-227;2435;2208;0,17715019255455713;-0,14778645833333334;0,2228221083455344;-0,22677676201710426;3;6
2016-10-23;12;2016-10-23 12:00:00;32,63;41,55;-8,919999999999995;39804;10310;48349;1808;1595;12554;14149;12118;-213;2244;2031;0,14354371333663157;-0,1335423197492163;0,17874780946311933;-0,27336806619675125;3;6
2016-10-23;13;2016-10-23 13:00:00;32,86;38,42;-5,560000000000002;39804;11042;48349;1820;1696;12312;14008;12862;-124;1270;1146;0,08181039406053683;-0,07311320754716981;0,10315139701104613;-0,16920267802799763;3;6
2016-10-23;14;2016-10-23 14:00:00;31,95;34,65;-2,6999999999999997;39804;10109;48349;1798;1737;10481;12218;11907;-61;372;311;0,025454247831068914;-0,03511801957397812;0,03549279648888465;-0,08450704225352113;3;6
2016-10-23;15;2016-10-23 15:00:00;32,66;34,59;-1,9300000000000068;39804;7174;48349;1863;1714;7625;9339;9037;-149;451;302;0,03233750936931149;-0,08693115519253208;0,059147540983606556;-0,05909369259032477;3;6
2016-10-23;16;2016-10-23 16:00:00;34,44;36,88;-2,440000000000005;39804;3522;48349;2296;1783;4213;5996;5818;-513;691;178;0,029686457638425617;-0,28771733034212005;0,164016140517446;-0,07084785133565635;3;6
2016-10-23;17;2016-10-23 17:00:00;37,24;37,55;-0,3099999999999952;39804;850;48349;3092;2176;1071;3247;3942;-916;221;-695;-0,2140437326763166;-0,4209558823529412;0,20634920634920634;-0,008324382384532631;3;6
2016-10-23;18;2016-10-23 18:00:00;42,01;41,79;0,21999999999999886;39804;20;48349;4555;3108;29;3137;4575;-1447;9;-1438;-0,45839974497927954;-0,46557271557271557;0,3103448275862069;0,005236848369435822;3;6
2016-10-23;19;2016-10-23 19:00:00;47,02;42,82;4,200000000000003;39804;0;48349;5994;4098;0;4098;5994;-1896;0;-1896;-0,46266471449487556;-0,46266471449487556;;0,08932369204593796;3;6
2016-10-23;20;2016-10-23 20:00:00;39,77;37,79;1,9800000000000042;39804;0;48349;6927;4560;0;4560;6927;-2367;0;-2367;-0,5190789473684211;-0,5190789473684211;;0,049786271058586976;3;6
2016-10-23;21;2016-10-23 21:00:00;36,86;34,87;1,990000000000002;39804;0;48349;7150;4850;0;4850;7150;-2300;0;-2300;-0,4742268041237113;-0,4742268041237113;;0,053988062940857354;3;6
2016-10-23;22;2016-10-23 22:00:00;34,75;32,21;2,539999999999999;39804;0;48349;6864;5032;0;5032;6864;-1832;0;-1832;-0,3640699523052464;-0,3640699523052464;;0,0730935251798561;3;6
2016-10-23;23;2016-10-23 23:00:00;33,6;31,1;2,5;39804;0;48349;6006;4940;0;4940;6006;-1066;0;-1066;-0,21578947368421053;-0,21578947368421053;;0,0744047619047619;3;6
2016-10-24;0;2016-10-24 00:00:00;31,44;28,24;3,200000000000003;39806;0;48360;5387;4692;0;4692;5387;-695;0;-695;-0,14812446717817562;-0,14812446717817562;;0,10178117048346065;3;0
2016-10-24;1;2016-10-24 01:00:00;31,08;30,19;0,889999999999997;39806;0;48360;4962;4279;0;4279;4962;-683;0;-683;-0,15961673288151437;-0,15961673288151437;;0,02863577863577854;3;0
2016-10-24;2;2016-10-24 02:00:00;31,53;30,25;1,2800000000000011;39806;0;48360;4786;3927;0;3927;4786;-859;0;-859;-0,21874204227145402;-0,21874204227145402;;0,040596257532508756;3;0
2016-10-24;3;2016-10-24 03:00:00;30,9;30,43;0,4699999999999989;39806;0;48360;4528;3710;0;3710;4528;-818;0;-818;-0,22048517520215632;-0,22048517520215632;;0,015210355987054981;3;0
2016-10-24;4;2016-10-24 04:00:00;31,24;29,88;1,3599999999999994;39806;0;48360;4506;3609;0;3609;4506;-897;0;-897;-0,2485453034081463;-0,2485453034081463;;0,043533930857874506;3;0
2016-10-24;5;2016-10-24 05:00:00;31,68;31,37;0,3099999999999987;39806;0;48360;4956;3657;0;3657;4956;-1299;0;-1299;-0,35520918785890077;-0,35520918785890077;;0,009785353535353494;3;0
2016-10-24;6;2016-10-24 06:00:00;43,5;40,16;3,3400000000000034;39806;0;48360;4593;3844;0;3844;4593;-749;0;-749;-0,19484911550468262;-0,19484911550468262;;0,07678160919540238;3;0
2016-10-24;7;2016-10-24 07:00:00;49,92;50,34;-0,4200000000000017;39806;3;48360;4450;3983;7;3990;4453;-467;4;-463;-0,11604010025062657;-0,11724830529751444;0,5714285714285714;-0,008413461538461573;3;0
2016-10-24;8;2016-10-24 08:00:00;49,92;54,47;-4,549999999999997;39806;426;48360;4954;3978;475;4453;5380;-976;49;-927;-0,20817426454075905;-0,24534942182001004;0,1031578947368421;-0,09114583333333327;3;0
2016-10-24;9;2016-10-24 09:00:00;49,9;53,38;-3,480000000000004;39806;2077;48360;4658;3737;2055;5792;6735;-921;-22;-943;-0,16281077348066297;-0,24645437516724644;-0,01070559610705596;-0,0697394789579159;3;0
2016-10-24;10;2016-10-24 10:00:00;49,98;52,0;-2,020000000000003;39806;4529;48360;4544;3438;4249;7687;9073;-1106;-280;-1386;-0,18030441004292963;-0,3216986620127981;-0,06589785831960461;-0,0404161664665867;3;0
2016-10-24;11;2016-10-24 11:00:00;49,97;50,95;-0,980000000000004;39806;6120;48360;4325;3218;6236;9454;10445;-1107;116;-991;-0,10482335519356886;-0,3440024860161591;0,01860166773572803;-0,01961176706023622;3;0
2016-10-24;12;2016-10-24 12:00:00;49,07;50,66;-1,5899999999999963;39806;6082;48360;4354;3135;7404;10539;10436;-1219;1322;103;0,009773223265964514;-0,3888357256778309;0,17855213398163156;-0,03240269003464431;3;0
2016-10-24;13;2016-10-24 13:00:00;46,07;50,53;-4,460000000000001;39806;5717;48360;4311;3288;7285;10573;10028;-1023;1568;545;0,05154639175257732;-0,31113138686131386;0,21523678792038436;-0,09680920338615152;3;0
2016-10-24;14;2016-10-24 14:00:00;44,73;52,18;-7,450000000000002;39806;4736;48360;4418;3860;6195;10055;9154;-558;1459;901;0,08960716061660866;-0,14455958549222797;0,23551251008878127;-0,16655488486474407;3;0
2016-10-24;15;2016-10-24 15:00:00;46,09;57,28;-11,189999999999998;39806;3068;48360;4579;4400;4469;8869;7647;-179;1401;1222;0,13778329011162477;-0,04068181818181818;0,3134929514432759;-0,24278585376437398;3;0
2016-10-24;16;2016-10-24 16:00:00;46,47;55,65;-9,18;39806;1605;48360;4549;5028;2389;7417;6154;479;784;1263;0,17028448159633275;0,095266507557677;0,3281707827542905;-0,197546804389929;3;0
2016-10-24;17;2016-10-24 17:00:00;48,21;58,52;-10,310000000000002;39806;566;48360;4918;5769;602;6371;5484;851;36;887;0,13922461152095433;0,14751256716935343;0,059800664451827246;-0,21385604646338938;3;0
2016-10-24;18;2016-10-24 18:00:00;48,49;58,99;-10,5;39806;13;48360;5590;6458;29;6487;5603;868;16;884;0,13627254509018036;0,13440693713223908;0,5517241379310345;-0,21653949267890285;3;0
2016-10-24;19;2016-10-24 19:00:00;48,35;59,17;-10,82;39806;0;48360;5898;7110;0;7110;5898;1212;0;1212;0,17046413502109706;0,17046413502109706;;-0,22378490175801447;3;0
2016-10-24;20;2016-10-24 20:00:00;42,32;53,04;-10,72;39806;0;48360;5632;7584;0;7584;5632;1952;0;1952;0,25738396624472576;0,25738396624472576;;-0,25330812854442347;3;0
2016-10-24;21;2016-10-24 21:00:00;36,35;41,31;-4,960000000000001;39806;0;48360;5257;7456;0;7456;5257;2199;0;2199;0,2949302575107296;0,2949302575107296;;-0,1364511691884457;3;0
2016-10-24;22;2016-10-24 22:00:00;35,82;40,53;-4,710000000000001;39806;0;48360;4715;7141;0;7141;4715;2426;0;2426;0,3397283293656351;0,3397283293656351;;-0,13149078726968177;3;0
2016-10-24;23;2016-10-24 23:00:00;33,07;37,45;-4,380000000000003;39806;0;48360;3982;6753;0;6753;3982;2771;0;2771;0,4103361468976751;0,4103361468976751;;-0,1324463259752042;3;0
2016-10-25;0;2016-10-25 00:00:00;35,38;39,15;-3,769999999999996;39809;0;48371;3797;4294;0;4294;3797;497;0;497;0,11574289706567303;0,11574289706567303;;-0,10655737704918021;3;1
2016-10-25;1;2016-10-25 01:00:00;34,58;38,53;-3,950000000000003;39809;0;48371;3247;3850;0;3850;3247;603;0;603;0,15662337662337664;0,15662337662337664;;-0,11422787738577221;3;1
2016-10-25;2;2016-10-25 02:00:00;34,64;38,17;-3,530000000000001;39809;0;48371;3008;3561;0;3561;3008;553;0;553;0,15529345689413085;0,15529345689413085;;-0,10190531177829103;3;1
2016-10-25;3;2016-10-25 03:00:00;35,02;37,69;-2,6699999999999946;39809;0;48371;3537;3366;0;3366;3537;-171;0;-171;-0,05080213903743316;-0,05080213903743316;;-0,07624214734437448;3;1
2016-10-25;4;2016-10-25 04:00:00;34,97;35,17;-0,20000000000000284;39809;0;48371;3984;3250;0;3250;3984;-734;0;-734;-0,22584615384615384;-0,22584615384615384;;-0,005719187875321786;3;1
2016-10-25;5;2016-10-25 05:00:00;37,01;34,0;3,009999999999998;39809;0;48371;4043;3123;0;3123;4043;-920;0;-920;-0,29458853666346463;-0,29458853666346463;;0,08132937044042146;3;1
2016-10-25;6;2016-10-25 06:00:00;43,3;42,71;0,5899999999999963;39809;0;48371;3713;2955;0;2955;3713;-758;0;-758;-0,2565143824027073;-0,2565143824027073;;0,01362586605080823;3;1
2016-10-25;7;2016-10-25 07:00:00;68,1;66,65;1,4499999999999886;39809;0;48371;3511;2744;3;2747;3511;-767;3;-764;-0,2781215871860211;-0,2795189504373178;1,0;0,021292217327459454;3;1
2016-10-25;8;2016-10-25 08:00:00;68,02;70,15;-2,1300000000000097;39809;142;48371;3106;2437;277;2714;3248;-669;135;-534;-0,1967575534266765;-0,2745178498153467;0,48736462093862815;-0,03131431931784784;3;1
2016-10-25;9;2016-10-25 09:00:00;67,28;71,08;-3,799999999999997;39809;910;48371;2334;2035;1258;3293;3244;-299;348;49;0,014880048587913756;-0,14692874692874694;0,2766295707472178;-0,05648038049940542;3;1
2016-10-25;10;2016-10-25 10:00:00;73,07;76,55;-3,480000000000004;39809;2295;48371;1600;1641;2554;4195;3895;41;259;300;0,07151370679380215;0,024984765386959172;0,1014095536413469;-0,04762556452716579;3;1
2016-10-25;11;2016-10-25 11:00:00;74,23;74,23;0,0;39809;3890;48371;1128;1336;3737;5073;5018;208;-153;55;0,010841711019120836;0,15568862275449102;-0,04094193203104094;0,0;3;1
2016-10-25;12;2016-10-25 12:00:00;67,61;65,5;2,1099999999999994;39809;4664;48371;906;1174;4567;5741;5570;268;-97;171;0,02978575161121756;0,2282793867120954;-0,021239325596671774;0,03120840112409406;3;1
2016-10-25;13;2016-10-25 13:00:00;66,01;61,71;4,300000000000004;39809;4410;48371;814;1081;4683;5764;5224;267;273;540;0,0936849410131853;0,24699352451433856;0,05829596412556054;0,06514164520527199;3;1
2016-10-25;14;2016-10-25 14:00:00;57,97;58,91;-0,9399999999999976;39809;3864;48371;747;1033;4140;5173;4611;286;276;562;0,10864102068432244;0,27686350435624396;0,06666666666666667;-0,01621528376746589;3;1
2016-10-25;15;2016-10-25 15:00:00;56,38;59,18;-2,799999999999997;39809;2681;48371;719;1033;3063;4096;3400;314;382;696;0,169921875;0,30396902226524686;0,1247143323539014;-0,04966300106420711;3;1
2016-10-25;16;2016-10-25 16:00:00;56,0;59,07;-3,0700000000000003;39809;1358;48371;760;1042;1635;2677;2118;282;277;559;0,20881583862532685;0,2706333973128599;0,1694189602446483;-0,054821428571428577;3;1
2016-10-25;17;2016-10-25 17:00:00;67,71;66,22;1,4899999999999949;39809;314;48371;818;1078;408;1486;1132;260;94;354;0,23822341857335128;0,24118738404452691;0,23039215686274508;0,022005612169546523;3;1
2016-10-25;18;2016-10-25 18:00:00;67,18;67,32;-0,13999999999998636;39809;9;48371;988;1144;16;1160;997;156;7;163;0,14051724137931035;0,13636363636363635;0,4375;-0,002083953557606227;3;1
2016-10-25;19;2016-10-25 19:00:00;60,39;65,55;-5,159999999999997;39809;0;48371;1190;1225;0;1225;1190;35;0;35;0,02857142857142857;0,02857142857142857;;-0,08544461003477391;3;1
2016-10-25;20;2016-10-25 20:00:00;51,98;56,23;-4,25;39809;0;48371;1312;1230;0;1230;1312;-82;0;-82;-0,06666666666666667;-0,06666666666666667;;-0,08176221623701424;3;1
2016-10-25;21;2016-10-25 21:00:00;39,76;42,15;-2,390000000000001;39809;0;48371;1264;1187;0;1187;1264;-77;0;-77;-0,06486941870261162;-0,06486941870261162;;-0,060110663983903447;3;1
2016-10-25;22;2016-10-25 22:00:00;37,38;41,2;-3,82;39809;0;48371;1063;1085;0;1085;1063;22;0;22;0,020276497695852536;0,020276497695852536;;-0,10219368646334938;3;1
2016-10-25;23;2016-10-25 23:00:00;34,7;35,71;-1,009999999999998;39809;0;48371;893;995;0;995;893;102;0;102;0,10251256281407035;0,10251256281407035;;-0,02910662824207487;3;1
2016-10-26;0;2016-10-26 00:00:00;35,81;37,13;-1,3200000000000005;39816;0;48385;639;680;0;680;639;41;0;41;0,060294117647058824;0,060294117647058824;;-0,03686121195196874;3;2
2016-10-26;1;2016-10-26 01:00:00;34,6;34,45;0,14999999999999858;39816;0;48385;478;614;0;614;478;136;0;136;0,22149837133550487;0,22149837133550487;;0,004335260115606895;3;2
2016-10-26;2;2016-10-26 02:00:00;34,71;32,17;2,539999999999999;39816;0;48385;376;597;0;597;376;221;0;221;0,37018425460636517;0,37018425460636517;;0,07317775857101697;3;2
2016-10-26;3;2016-10-26 03:00:00;35,03;31,67;3,3599999999999994;39816;0;48385;374;606;0;606;374;232;0;232;0,38283828382838286;0,38283828382838286;;0,09591778475592347;3;2
2016-10-26;4;2016-10-26 04:00:00;35,03;33,39;1,6400000000000006;39816;0;48385;435;629;0;629;435;194;0;194;0,30842607313195547;0,30842607313195547;;0,04681701398801029;3;2
2016-10-26;5;2016-10-26 05:00:00;36,17;35,46;0,7100000000000009;39816;0;48385;594;654;0;654;594;60;0;60;0,09174311926605505;0,09174311926605505;;0,019629527232513155;3;2
2016-10-26;6;2016-10-26 06:00:00;41,2;46,73;-5,529999999999994;39816;0;48385;784;725;0;725;784;-59;0;-59;-0,08137931034482758;-0,08137931034482758;;-0,13422330097087362;3;2
2016-10-26;7;2016-10-26 07:00:00;52,3;52,33;-0,030000000000001137;39816;2;48385;851;871;8;879;853;20;6;26;0,02957906712172924;0,022962112514351322;0,75;-0,0005736137667304233;3;2
2016-10-26;8;2016-10-26 08:00:00;55,66;53,1;2,559999999999995;39816;251;48385;956;1094;353;1447;1207;138;102;240;0,165860400829302;0,12614259597806216;0,28895184135977336;0,04599353215953998;3;2
2016-10-26;9;2016-10-26 09:00:00;58,21;57,0;1,2100000000000009;39816;1537;48385;1404;1324;1810;3134;2941;-80;273;193;0,06158264199106573;-0,06042296072507553;0,15082872928176796;0,02078680639065454;3;2
2016-10-26;10;2016-10-26 10:00:00;58,01;56,27;1,7399999999999949;39816;3371;48385;1441;1540;3877;5417;4812;99;506;605;0,11168543474247739;0,06428571428571428;0,13051328346659788;0,02999482847784856;3;2
2016-10-26;11;2016-10-26 11:00:00;55,68;54,38;1,2999999999999972;39816;5005;48385;1442;1773;5845;7618;6447;331;840;1171;0,15371488579679707;0,18668922729836435;0,1437125748502994;0,023347701149425238;3;2
2016-10-26;12;2016-10-26 12:00:00;52,15;52,48;-0,3299999999999983;39816;6292;48385;1522;2052;6996;9048;7814;530;704;1234;0,13638373121131742;0,25828460038986356;0,10062893081761007;-0,006327900287631799;3;2
2016-10-26;13;2016-10-26 13:00:00;49,88;50,92;-1,0399999999999991;39816;6518;48385;1797;2385;7030;9415;8315;588;512;1100;0,11683483802442911;0,24654088050314465;0,07283072546230442;-0,020850040096230937;3;2
2016-10-26;14;2016-10-26 14:00:00;45,67;45,99;-0,3200000000000003;39816;5806;48385;2326;2725;6152;8877;8132;399;346;745;0,08392474935225865;0,14642201834862387;0,05624187256176853;-0,007006787825706158;3;2
2016-10-26;15;2016-10-26 15:00:00;46,81;45,6;1,2100000000000009;39816;4288;48385;2881;3052;4535;7587;7169;171;247;418;0,05509424014762093;0,05602883355176933;0,05446527012127894;0,02584917752616964;3;2
2016-10-26;16;2016-10-26 16:00:00;47,92;44,68;3,240000000000002;39816;2353;48385;3132;3365;2433;5798;5485;233;80;313;0,05398413245946878;0,06924219910846954;0,032881216605014384;0,06761268781302174;3;2
2016-10-26;17;2016-10-26 17:00:00;50,27;47,69;2,5800000000000054;39816;543;48385;3684;3781;560;4341;4227;97;17;114;0,02626123013130615;0,02565458873313938;0,030357142857142857;0,05132285657449782;3;2
2016-10-26;18;2016-10-26 18:00:00;53,84;51,34;2,5;39816;15;48385;4525;4378;16;4394;4540;-147;1;-146;-0,03322712790168411;-0,033576975788031066;0,0625;0,04643387815750371;3;2
2016-10-26;19;2016-10-26 19:00:00;52,49;50,13;2,3599999999999994;39816;0;48385;5523;5112;0;5112;5523;-411;0;-411;-0,08039906103286384;-0,08039906103286384;;0,044960944941893684;3;2
2016-10-26;20;2016-10-26 20:00:00;41,28;39,95;1,3299999999999983;39816;0;48385;6204;6022;0;6022;6204;-182;0;-182;-0,030222517436067752;-0,030222517436067752;;0,032218992248061976;3;2
2016-10-26;21;2016-10-26 21:00:00;39,99;38,08;1,910000000000004;39816;0;48385;6860;6955;0;6955;6860;95;0;95;0,013659237958303379;0,013659237958303379;;0,047761940485121376;3;2
2016-10-26;22;2016-10-26 22:00:00;37,37;37,7;-0,3300000000000054;39816;0;48385;7427;7828;0;7828;7427;401;0;401;0,051226366888094024;0,051226366888094024;;-0,008830612791008975;3;2
2016-10-26;23;2016-10-26 23:00:00;34,1;34,68;-0,5799999999999983;39816;0;48385;7882;8514;0;8514;7882;632;0;632;0,07423067888184168;0,07423067888184168;;-0,017008797653958893;3;2
2016-10-27;0;2016-10-27 00:00:00;32,84;30,68;2,160000000000004;39838;0;48405;8002;7970;0;7970;8002;-32;0;-32;-0,004015056461731493;-0,004015056461731493;;0,06577344701583447;3;3
2016-10-27;1;2016-10-27 01:00:00;32,26;31,03;1,2299999999999969;39838;0;48405;7873;8182;0;8182;7873;309;0;309;0,0377658274260572;0,0377658274260572;;0,03812771233725967;3;3
2016-10-27;2;2016-10-27 02:00:00;31,87;31,6;0,2699999999999996;39838;0;48405;7727;8323;0;8323;7727;596;0;596;0,07160879490568305;0,07160879490568305;;0,00847191716347661;3;3
2016-10-27;3;2016-10-27 03:00:00;31,25;31,57;-0,3200000000000003;39838;0;48405;7708;8285;0;8285;7708;577;0;577;0,06964393482196742;0,06964393482196742;;-0,01024000000000001;3;3
2016-10-27;4;2016-10-27 04:00:00;32,34;31,13;1,2100000000000044;39838;0;48405;8053;8172;0;8172;8053;119;0;119;0,014561918746940773;0,014561918746940773;;0,03741496598639469;3;3
2016-10-27;5;2016-10-27 05:00:00;33,58;30,56;3,02;39838;0;48405;7964;7937;0;7937;7964;-27;0;-27;-0,003401789089076477;-0,003401789089076477;;0,08993448481238833;3;3
2016-10-27;6;2016-10-27 06:00:00;38,12;36,07;2,0499999999999967;39838;0;48405;7626;7673;0;7673;7626;47;0;47;0,006125374690473088;0,006125374690473088;;0,05377754459601251;3;3
2016-10-27;7;2016-10-27 07:00:00;47,94;43,58;4,3599999999999985;39838;0;48405;7350;7492;8;7500;7350;142;8;150;0,02;0,018953550453817407;1,0;0,0909470171047142;3;3
2016-10-27;8;2016-10-27 08:00:00;48,99;46,13;2,8599999999999994;39838;320;48405;6904;7350;447;7797;7224;446;127;573;0,07348980377068103;0,06068027210884354;0,2841163310961969;0,058379261073688495;3;3
2016-10-27;9;2016-10-27 09:00:00;47,42;48,63;-1,2100000000000009;39838;1965;48405;6532;7216;2224;9440;8497;684;259;943;0,09989406779661017;0,09478935698447893;0,1164568345323741;-0,025516659637283865;3;3
2016-10-27;10;2016-10-27 10:00:00;47,94;47,58;0,35999999999999943;39838;4316;48405;6269;7109;4594;11703;10585;840;278;1118;0,09553106041186021;0,11816007877338584;0,060513713539399216;0,0075093867334167595;3;3
2016-10-27;11;2016-10-27 11:00:00;45,69;43,08;2,6099999999999994;39838;6479;48405;6311;7226;6472;13698;12790;915;-7;908;0,0662870492042634;0,12662607251591476;-0,0010815822002472187;0,057124097176625074;3;3
2016-10-27;12;2016-10-27 12:00:00;44,11;38,96;5,149999999999999;39838;7788;48405;6884;7709;7494;15203;14672;825;-294;531;0,034927316976912454;0,10701777143598391;-0,03923138510808647;0,11675357061890725;3;3
2016-10-27;13;2016-10-27 13:00:00;41,77;38,01;3,7600000000000047;39838;8429;48405;7228;8459;7370;15829;15657;1231;-1059;172;0,010866131783435467;0,14552547582456554;-0,14369063772048846;0,09001675843907121;3;3
2016-10-27;14;2016-10-27 14:00:00;38,68;35,71;2,969999999999999;39838;7760;48405;7416;9167;6328;15495;15176;1751;-1432;319;0,02058728622136173;0,19101123595505617;-0,22629582806573956;0,07678386763185106;3;3
2016-10-27;15;2016-10-27 15:00:00;39,51;35,0;4,509999999999998;39838;5611;48405;8246;9201;4602;13803;13857;955;-1009;-54;-0,0039121930015214084;0,1037930659710901;-0,21925249891351586;0,11414831688180203;3;3
2016-10-27;16;2016-10-27 16:00:00;40,91;36,76;4,149999999999999;39838;3002;48405;8648;9228;2476;11704;11650;580;-526;54;0,004613807245386192;0,06285218899003034;-0,21243941841680128;0,10144219017355167;3;3
2016-10-27;17;2016-10-27 17:00:00;44,69;39,21;5,479999999999998;39838;712;48405;9316;9669;590;10259;10028;353;-122;231;0,022516814504337655;0,03650842899989658;-0,20677966101694914;0,12262251062877597;3;3
2016-10-27;18;2016-10-27 18:00:00;48,73;40,85;7,8799999999999955;39838;10;48405;10184;10585;14;10599;10194;401;4;405;0,038211151995471274;0,03788379782711384;0,2857142857142857;0,16170736712497427;3;3
2016-10-27;19;2016-10-27 19:00:00;42,0;40,17;1,8299999999999983;39838;0;48405;11256;11655;0;11655;11256;399;0;399;0,03423423423423423;0,03423423423423423;;0,04357142857142853;3;3
2016-10-27;20;2016-10-27 20:00:00;38,02;38,64;-0,6199999999999974;39838;0;48405;12118;12696;0;12696;12118;578;0;578;0,045526149968494016;0,045526149968494016;;-0,016307206733298194;3;3
2016-10-27;21;2016-10-27 21:00:00;36,76;37,29;-0,5300000000000011;39838;0;48405;12944;13470;0;13470;12944;526;0;526;0,03904974016332591;0,03904974016332591;;-0,014417845484222012;3;3
2016-10-27;22;2016-10-27 22:00:00;33,82;40,39;-6,57;39838;0;48405;13857;14145;0;14145;13857;288;0;288;0,020360551431601273;0,020360551431601273;;-0,19426374926079243;3;3
2016-10-27;23;2016-10-27 23:00:00;31,05;31,4;-0,3499999999999979;39838;0;48405;14332;14782;0;14782;14332;450;0;450;0,03044242998241104;0,03044242998241104;;-0,011272141706924248;3;3
2016-10-28;0;2016-10-28 00:00:00;29,06;30,6;-1,5400000000000027;39840;0;48429;14762;15256;0;15256;14762;494;0;494;0,03238070267435763;0,03238070267435763;;-0,05299380591878881;3;4
2016-10-28;1;2016-10-28 01:00:00;26,87;29,68;-2,8099999999999987;39840;0;48429;15508;15742;0;15742;15508;234;0;234;0,014864693177486978;0,014864693177486978;;-0,10457759583178261;3;4
2016-10-28;2;2016-10-28 02:00:00;23,43;28,83;-5,399999999999999;39840;0;48429;15773;16172;0;16172;15773;399;0;399;0,024672273064556022;0,024672273064556022;;-0,23047375160051212;3;4
2016-10-28;3;2016-10-28 03:00:00;23,65;26,65;-3,0;39840;0;48429;16274;16490;0;16490;16274;216;0;216;0,013098847786537296;0,013098847786537296;;-0,12684989429175478;3;4
2016-10-28;4;2016-10-28 04:00:00;23,92;22,83;1,0900000000000034;39840;0;48429;17059;16805;0;16805;17059;-254;0;-254;-0,015114549241297234;-0,015114549241297234;;0,045568561872909835;3;4
2016-10-28;5;2016-10-28 05:00:00;29,1;29,98;-0,879999999999999;39840;0;48429;17415;17036;0;17036;17415;-379;0;-379;-0,022247006339516318;-0,022247006339516318;;-0,03024054982817866;3;4
2016-10-28;6;2016-10-28 06:00:00;31,08;31,02;0,05999999999999873;39840;0;48429;18103;17220;0;17220;18103;-883;0;-883;-0,05127758420441347;-0,05127758420441347;;0,0019305019305018898;3;4
2016-10-28;7;2016-10-28 07:00:00;37,04;43,9;-6,8599999999999985;39840;1;48429;18466;17339;12;17351;18467;-1127;11;-1116;-0,06431905942020633;-0,06499798142914816;0,9166666666666666;-0,18520518358531313;3;4
2016-10-28;8;2016-10-28 08:00:00;39,3;38,29;1,009999999999998;39840;491;48429;18605;17226;659;17885;19096;-1379;168;-1211;-0,06771037181996085;-0,08005340763961453;0,2549317147192716;0,025699745547073743;3;4
2016-10-28;9;2016-10-28 09:00:00;37,72;39,57;-1,8500000000000012;39840;2168;48429;18418;16832;2980;19812;20586;-1586;812;-774;-0,03906723198061781;-0,09422528517110267;0,27248322147651005;-0,04904559915164372;3;4
2016-10-28;10;2016-10-28 10:00:00;37,76;39,16;-1,3999999999999986;39840;4142;48429;18142;16437;5524;21961;22284;-1705;1382;-323;-0,014707891261782251;-0,1037293910080915;0,2501810282404055;-0,03707627118644064;3;4
2016-10-28;11;2016-10-28 11:00:00;38,89;40,62;-1,7299999999999969;39840;5664;48429;17759;16184;7376;23560;23423;-1575;1712;137;0,005814940577249576;-0,09731833910034603;0,23210412147505424;-0,04448444330161987;3;4
2016-10-28;12;2016-10-28 12:00:00;37,17;41,43;-4,259999999999998;39840;6618;48429;18053;16106;8168;24274;24671;-1947;1550;-397;-0,016354947680645958;-0,12088662610207376;0,1897649363369246;-0,11460855528652134;3;4
2016-10-28;13;2016-10-28 13:00:00;36,82;37,84;-1,0200000000000031;39840;6799;48429;18003;16068;7788;23856;24802;-1935;989;-946;-0,03965459423205902;-0,12042569081404032;0,12699024139702106;-0,027702335687126645;3;4
2016-10-28;14;2016-10-28 14:00:00;36,31;37,41;-1,0999999999999943;39840;6131;48429;17415;15879;6474;22353;23546;-1536;343;-1193;-0,053370912181810046;-0,09673153221235595;0,05298115539079395;-0,030294684659873155;3;4
2016-10-28;15;2016-10-28 15:00:00;37,23;35,16;2,0700000000000003;39840;4770;48429;16128;15306;4548;19854;20898;-822;-222;-1044;-0,05258386219401632;-0,05370442963543708;-0,048812664907651716;0,05560032232070912;3;4
2016-10-28;16;2016-10-28 16:00:00;37,99;35,73;2,2600000000000047;39840;2665;48429;15140;14443;2399;16842;17805;-697;-266;-963;-0,05717848236551479;-0,048258672021048256;-0,11087953313880784;0,05948933929981586;3;4
2016-10-28;17;2016-10-28 17:00:00;43,74;39,88;3,86;39840;581;48429;13997;13569;552;14121;14578;-428;-29;-457;-0,032363147085900434;-0,03154248655022478;-0,05253623188405797;0,08824874256973021;3;4
2016-10-28;18;2016-10-28 18:00:00;50,5;45,91;4,590000000000003;39840;12;48429;13668;12878;8;12886;13680;-790;-4;-794;-0,061617259040819494;-0,06134492933685355;-0,5;0,09089108910891096;3;4
2016-10-28;19;2016-10-28 19:00:00;47,62;48,31;-0,6900000000000048;39840;0;48429;13472;12286;0;12286;13472;-1186;0;-1186;-0,09653263877584242;-0,09653263877584242;;-0,014489710205795986;3;4
2016-10-28;20;2016-10-28 20:00:00;41,97;39,53;2,4399999999999977;39840;0;48429;13340;11690;0;11690;13340;-1650;0;-1650;-0,14114627887082976;-0,14114627887082976;;0,05813676435549196;3;4
2016-10-28;21;2016-10-28 21:00:00;42,82;38,68;4,1400000000000015;39840;0;48429;13255;11049;0;11049;13255;-2206;0;-2206;-0,19965607747307448;-0,19965607747307448;;0,09668379262027094;3;4
2016-10-28;22;2016-10-28 22:00:00;39,93;36,97;2,9600000000000013;39840;0;48429;12624;10358;0;10358;12624;-2266;0;-2266;-0,21876810195018342;-0,21876810195018342;;0,07412972702228904;3;4
2016-10-28;23;2016-10-28 23:00:00;33,1;34,47;-1,3699999999999974;39840;0;48429;11812;9867;0;9867;11812;-1945;0;-1945;-0,19712171886084928;-0,19712171886084928;;-0,04138972809667666;3;4
2016-10-29;0;2016-10-29 00:00:00;31,05;31,59;-0,5399999999999991;39845;0;48432;11678;10644;0;10644;11678;-1034;0;-1034;-0,09714393085306276;-0,09714393085306276;;-0,01739130434782606;3;5
2016-10-29;1;2016-10-29 01:00:00;29,85;31,86;-2,009999999999998;39845;0;48432;11175;10402;0;10402;11175;-773;0;-773;-0,07431263218611805;-0,07431263218611805;;-0,06733668341708536;3;5
2016-10-29;2;2016-10-29 02:00:00;29,04;30,58;-1,5399999999999991;39845;0;48432;10782;10302;0;10302;10782;-480;0;-480;-0,046592894583576;-0,046592894583576;;-0,053030303030303004;3;5
2016-10-29;3;2016-10-29 03:00:00;28,65;29,66;-1,0100000000000016;39845;0;48432;11046;10210;0;10210;11046;-836;0;-836;-0,08188050930460333;-0,08188050930460333;;-0,0352530541012217;3;5
2016-10-29;4;2016-10-29 04:00:00;28,77;28,01;0,7599999999999979;39845;0;48432;11395;10168;0;10168;11395;-1227;0;-1227;-0,12067269866247049;-0,12067269866247049;;0,0264164059784497;3;5
2016-10-29;5;2016-10-29 05:00:00;28,84;28,41;0,4299999999999997;39845;0;48432;11549;10134;0;10134;11549;-1415;0;-1415;-0,1396289717781725;-0,1396289717781725;;0,014909847434119269;3;5
2016-10-29;6;2016-10-29 06:00:00;30,77;31,68;-0,91;39845;0;48432;11833;10099;0;10099;11833;-1734;0;-1734;-0,17170016833349835;-0,17170016833349835;;-0,029574260643483914;3;5
2016-10-29;7;2016-10-29 07:00:00;32,5;33,77;-1,2700000000000031;39845;0;48432;12196;10100;6;10106;12196;-2096;6;-2090;-0,20680783692855728;-0,20752475247524751;1,0;-0,039076923076923176;3;5
2016-10-29;8;2016-10-29 08:00:00;35,06;35,04;0,02000000000000313;39845;305;48432;11583;10008;360;10368;11888;-1575;55;-1520;-0,14660493827160495;-0,15737410071942445;0,1527777777777778;0,0005704506560183436;3;5
2016-10-29;9;2016-10-29 09:00:00;41,76;37,17;4,589999999999995;39845;1872;48432;11468;9820;1999;11819;13340;-1648;127;-1521;-0,12869109061680345;-0,16782077393075356;0,06353176588294147;0,10991379310344818;3;5
2016-10-29;10;2016-10-29 10:00:00;41,54;36,92;4,619999999999997;39845;4137;48432;11081;9624;4147;13771;15218;-1457;10;-1447;-0,10507588410427711;-0,15139235245220284;0,0024113817217265494;0,11121810303322094;3;5
2016-10-29;11;2016-10-29 11:00:00;36,19;36,68;-0,490000000000002;39845;6808;48432;11594;9886;6166;16052;18402;-1708;-642;-2350;-0,14639920259157738;-0,17276957313372446;-0,1041193642555952;-0,013539651837524234;3;5
2016-10-29;12;2016-10-29 12:00:00;33,79;34,4;-0,6099999999999994;39845;8808;48432;12662;10790;7451;18241;21470;-1872;-1357;-3229;-0,17701880379365167;-0,17349397590361446;-0,18212320493893436;-0,01805267830719146;3;5
2016-10-29;13;2016-10-29 13:00:00;31,54;28,84;2,6999999999999997;39845;9249;48432;14666;11742;7692;19434;23915;-2924;-1557;-4481;-0,23057528043634867;-0,24902060977686935;-0,20241809672386896;0,08560558021559923;3;5
2016-10-29;14;2016-10-29 14:00:00;30,03;19,87;10,16;39845;8171;48432;15080;12251;6936;19187;23251;-2829;-1235;-4064;-0,21181007974149163;-0,23091992490408947;-0,17805651672433678;0,3383283383283383;3;5
2016-10-29;15;2016-10-29 15:00:00;31,41;23,11;8,3;39845;6400;48432;14301;11832;5234;17066;20701;-2469;-1166;-3635;-0,21299660142974336;-0,2086713995943205;-0,22277416889568208;0,26424705507800067;3;5
2016-10-29;16;2016-10-29 16:00:00;32,7;30,28;2,4200000000000017;39845;3512;48432;12999;11056;2765;13821;16511;-1943;-747;-2690;-0,19463135807828666;-0,17574167872648336;-0,2701627486437613;0,07400611620795111;3;5
2016-10-29;17;2016-10-29 17:00:00;37,93;38,19;-0,259999999999998;39845;715;48432;11551;10407;575;10982;12266;-1144;-140;-1284;-0,11691859406301221;-0,10992601133852214;-0,24347826086956523;-0,006854732401792724;3;5
2016-10-29;18;2016-10-29 18:00:00;45,92;44,32;1,6000000000000014;39845;12;48432;10847;10069;10;10079;10859;-778;-2;-780;-0,07738862982438734;-0,07726685867514152;-0,2;0,034843205574912925;3;5
2016-10-29;19;2016-10-29 19:00:00;44,27;43,93;0,3400000000000034;39845;0;48432;10351;9873;0;9873;10351;-478;0;-478;-0,04841486883419427;-0,04841486883419427;;0,007680144567427228;3;5
2016-10-29;20;2016-10-29 20:00:00;39,44;40,76;-1,3200000000000005;39845;0;48432;10065;9736;0;9736;10065;-329;0;-329;-0,033792111750205425;-0,033792111750205425;;-0,03346855983772821;3;5
2016-10-29;21;2016-10-29 21:00:00;35,24;37,92;-2,68;39845;0;48432;10113;9704;0;9704;10113;-409;0;-409;-0,04214756801319044;-0,04214756801319044;;-0,07604994324631101;3;5
2016-10-29;22;2016-10-29 22:00:00;35,12;34,53;0,5899999999999963;39845;0;48432;9814;9601;0;9601;9814;-213;0;-213;-0,02218518904280804;-0,02218518904280804;;0,016799544419134293;3;5
2016-10-29;23;2016-10-29 23:00:00;33,81;33,0;0,8100000000000023;39845;0;48432;9342;9413;0;9413;9342;71;0;71;0,007542760012748327;0,007542760012748327;;0,02395740905057682;3;5
2016-10-30;0;2016-10-30 00:00:00;32,57;32,32;0,25;39845;0;48440;8860;8386;0;8386;8860;-474;0;-474;-0,056522776055330314;-0,056522776055330314;;0,007675775253300583;3;6
2016-10-30;1;2016-10-30 01:00:00;32,15;31,3;0,8499999999999979;39845;0;48440;8520;8097;0;8097;8520;-423;0;-423;-0,05224157095220452;-0,05224157095220452;;0,026438569206842857;3;6
2016-10-30;2;2016-10-30 02:00:00;31,55;30,28;1,2699999999999996;39845;0;48440;8007;7346;0;7346;8007;-661;0;-661;-0,08998094200925674;-0,08998094200925674;;0,04025356576862122;3;6
2016-10-30;3;2016-10-30 03:00:00;31,4;31,56;-0,16000000000000014;39845;0;48440;7870;6996;0;6996;7870;-874;0;-874;-0,12492853058890795;-0,12492853058890795;;-0,00509554140127389;3;6
2016-10-30;4;2016-10-30 04:00:00;31,45;30,29;1,16;39845;0;48440;7506;6629;0;6629;7506;-877;0;-877;-0,13229748076632977;-0,13229748076632977;;0,0368839427662957;3;6
2016-10-30;5;2016-10-30 05:00:00;32,03;30,83;1,2000000000000028;39845;0;48440;7139;6262;0;6262;7139;-877;0;-877;-0,140051101884382;-0,140051101884382;;0,03746487667811436;3;6
2016-10-30;6;2016-10-30 06:00:00;32,55;30,53;2,019999999999996;39845;2;48440;6892;5864;5;5869;6894;-1028;3;-1025;-0,174646447435679;-0,1753069577080491;0,6;0,06205837173579097;3;6
2016-10-30;7;2016-10-30 07:00:00;33,35;30,86;2,490000000000002;39845;462;48440;6019;5314;521;5835;6481;-705;59;-646;-0,11071122536418167;-0,13266842303349644;0,11324376199616124;0,07466266866566722;3;6
2016-10-30;8;2016-10-30 08:00:00;35,02;29,65;5,3700000000000045;39845;2916;48440;5021;4630;2898;7528;7937;-391;-18;-409;-0,05433049946865037;-0,08444924406047516;-0,006211180124223602;0,15334094802969744;3;6
2016-10-30;9;2016-10-30 09:00:00;36,49;31,4;5,090000000000003;39845;6260;48440;3964;3971;5855;9826;10224;7;-405;-398;-0,04050478322817016;0,0017627801561319568;-0,06917164816396243;0,13949027130720754;3;6
2016-10-30;10;2016-10-30 10:00:00;36,99;31,42;5,57;39845;9206;48440;3453;3493;8274;11767;12659;40;-932;-892;-0,07580521798249341;0,011451474377326082;-0,11264201111916848;0,15058123817247904;3;6
2016-10-30;11;2016-10-30 11:00:00;38,33;31,8;6,529999999999998;39845;11174;48440;3254;3158;9670;12828;14428;-96;-1504;-1600;-0,12472715933894606;-0,030398986700443317;-0,15553257497414685;0,17036264022958514;3;6
2016-10-30;12;2016-10-30 12:00:00;37,2;33,27;3,93;39845;11798;48440;2871;2910;9666;12576;14669;39;-2132;-2093;-0,16642811704834606;0,013402061855670102;-0,22056693565073454;0,10564516129032257;3;6
2016-10-30;13;2016-10-30 13:00:00;33,9;32,18;1,7199999999999989;39845;10756;48440;2619;2679;8366;11045;13375;60;-2390;-2330;-0,21095518334087823;0,022396416573348264;-0,2856801338752092;0,05073746312684363;3;6
2016-10-30;14;2016-10-30 14:00:00;32,48;32,36;0,11999999999999746;39845;8019;48440;2387;2309;6063;8372;10406;-78;-1956;-2034;-0,2429526994744386;-0,033780857514075356;-0,32261256803562594;0,0036945812807880995;3;6
2016-10-30;15;2016-10-30 15:00:00;33,09;33,07;0,02000000000000313;39845;4059;48440;1977;1969;3133;5102;6036;-8;-926;-934;-0,1830654645237162;-0,004062976130015236;-0,2955633578040217;0,0006044122091267189;3;6
2016-10-30;16;2016-10-30 16:00:00;34,64;34,28;0,35999999999999943;39845;738;48440;1765;1797;649;2446;2503;32;-89;-57;-0,02330335241210139;0,017807456872565387;-0,13713405238828968;0,010392609699769037;3;6
2016-10-30;17;2016-10-30 17:00:00;49,2;45,9;3,3000000000000043;39845;13;48440;2058;1831;7;1838;2071;-227;-6;-233;-0,1267682263329706;-0,12397596941561988;-0,8571428571428571;0,0670731707317074;3;6
2016-10-30;18;2016-10-30 18:00:00;52,48;44,99;7,489999999999995;39845;0;48440;2302;1931;0;1931;2302;-371;0;-371;-0,19212843086483689;-0,19212843086483689;;0,14272103658536575;3;6
2016-10-30;19;2016-10-30 19:00:00;48,28;42,28;6,0;39845;0;48440;2394;1944;0;1944;2394;-450;0;-450;-0,23148148148148148;-0,23148148148148148;;0,12427506213753106;3;6
2016-10-30;20;2016-10-30 20:00:00;40,3;35,23;5,07;39845;0;48440;2320;1879;0;1879;2320;-441;0;-441;-0,23469930814262907;-0,23469930814262907;;0,12580645161290324;3;6
2016-10-30;21;2016-10-30 21:00:00;39,0;34,75;4,25;39845;0;48440;2064;1733;0;1733;2064;-331;0;-331;-0,19099826889786498;-0,19099826889786498;;0,10897435897435898;3;6
2016-10-30;22;2016-10-30 22:00:00;39,0;34,63;4,369999999999997;39845;0;48440;1873;1575;0;1575;1873;-298;0;-298;-0,1892063492063492;-0,1892063492063492;;0,11205128205128198;3;6
2016-10-30;23;2016-10-30 23:00:00;37,64;33,56;4,079999999999998;39845;0;48440;1454;1441;0;1441;1454;-13;0;-13;-0,009021512838306732;-0,009021512838306732;;0,10839532412327307;3;6
2016-10-31;0;2016-10-31 00:00:00;35,36;31,78;3,5799999999999983;39850;0;48446;1737;1331;0;1331;1737;-406;0;-406;-0,30503380916604056;-0,30503380916604056;;0,10124434389140267;3;0
2016-10-31;1;2016-10-31 01:00:00;34,94;30,87;4,069999999999997;39850;0;48446;1768;1205;0;1205;1768;-563;0;-563;-0,46721991701244814;-0,46721991701244814;;0,11648540354894095;3;0
2016-10-31;2;2016-10-31 02:00:00;34,66;32,01;2,6499999999999986;39850;0;48446;1874;1113;0;1113;1874;-761;0;-761;-0,683737646001797;-0,683737646001797;;0,07645701096364682;3;0
2016-10-31;3;2016-10-31 03:00:00;33,92;31,13;2,7900000000000027;39850;0;48446;1928;1045;0;1045;1928;-883;0;-883;-0,8449760765550239;-0,8449760765550239;;0,08225235849056611;3;0
2016-10-31;4;2016-10-31 04:00:00;34,39;30,91;3,4800000000000004;39850;0;48446;2020;1015;0;1015;2020;-1005;0;-1005;-0,9901477832512315;-0,9901477832512315;;0,10119220703692935;3;0
2016-10-31;5;2016-10-31 05:00:00;40,03;32,77;7,259999999999998;39850;0;48446;2020;1028;0;1028;2020;-992;0;-992;-0,9649805447470817;-0,9649805447470817;;0,18136397701723703;3;0
2016-10-31;6;2016-10-31 06:00:00;45,29;33,3;11,990000000000002;39850;3;48446;2056;1045;5;1050;2059;-1011;2;-1009;-0,960952380952381;-0,9674641148325359;0,4;0,264738352837271;3;0
2016-10-31;7;2016-10-31 07:00:00;51,68;41,67;10,009999999999998;39850;453;48446;2258;1040;613;1653;2711;-1218;160;-1058;-0,6400483968542044;-1,1711538461538462;0,26101141924959215;0,19369195046439625;3;0
2016-10-31;8;2016-10-31 08:00:00;50,47;48,26;2,210000000000001;39850;2725;48446;2338;1020;3075;4095;5063;-1318;350;-968;-0,23638583638583638;-1,2921568627450981;0,11382113821138211;0,043788389142064614;3;0
2016-10-31;9;2016-10-31 09:00:00;47,38;39,5;7,880000000000003;39850;5533;48446;1936;985;6272;7257;7469;-951;739;-212;-0,02921317348766708;-0,965482233502538;0,11782525510204081;0,1663149008020262;3;0
2016-10-31;10;2016-10-31 10:00:00;45,1;36,42;8,68;39850;8210;48446;1522;922;9000;9922;9732;-600;790;190;0,01914936504736948;-0,6507592190889371;0,08777777777777777;0,1924611973392461;3;0
2016-10-31;11;2016-10-31 11:00:00;44,0;35,98;8,020000000000003;39850;10195;48446;1321;893;10680;11573;11516;-428;485;57;0,004925257063855526;-0,47928331466965285;0,04541198501872659;0,18227272727272734;3;0
2016-10-31;12;2016-10-31 12:00:00;39,0;33,67;5,329999999999998;39850;11257;48446;1361;954;11014;11968;12618;-407;-243;-650;-0,05431149732620321;-0,42662473794549266;-0,022062829126566187;0,13666666666666663;3;0
2016-10-31;13;2016-10-31 13:00:00;38,08;32,82;5,259999999999998;39850;10606;48446;1509;1070;9927;10997;12115;-439;-679;-1118;-0,10166409020641994;-0,4102803738317757;-0,06839931499949632;0,1381302521008403;3;0
2016-10-31;14;2016-10-31 14:00:00;38,64;34,21;4,43;39850;8014;48446;1613;1208;7464;8672;9627;-405;-550;-955;-0,11012453874538745;-0,3352649006622517;-0,07368703108252947;0,11464803312629399;3;0
2016-10-31;15;2016-10-31 15:00:00;46,04;38,17;7,869999999999997;39850;4256;48446;1681;1390;3969;5359;5937;-291;-287;-578;-0,10785594327299869;-0,2093525179856115;-0,07231040564373897;0,17093831450912245;3;0
2016-10-31;16;2016-10-31 16:00:00;49,73;44,34;5,3899999999999935;39850;804;48446;1654;1615;848;2463;2458;-39;44;5;0,0020300446609825416;-0,02414860681114551;0,05188679245283019;0,10838528051477969;3;0
2016-10-31;17;2016-10-31 17:00:00;59,2;53,79;5,410000000000004;39850;8;48446;1952;1968;8;1976;1960;16;0;16;0,008097165991902834;0,008130081300813009;0,0;0,09138513513513519;3;0
2016-10-31;18;2016-10-31 18:00:00;55,98;51,82;4,159999999999997;39850;0;48446;2340;2346;0;2346;2340;6;0;6;0,0025575447570332483;0,0025575447570332483;;0,074312254376563;3;0
2016-10-31;19;2016-10-31 19:00:00;48,96;47,77;1,1899999999999975;39850;0;48446;2752;2546;0;2546;2752;-206;0;-206;-0,08091123330714847;-0,08091123330714847;;0,024305555555555504;3;0
2016-10-31;20;2016-10-31 20:00:00;44,13;40,27;3,86;39850;0;48446;3145;2960;0;2960;3145;-185;0;-185;-0,0625;-0,0625;;0,08746884205755721;3;0
2016-10-31;21;2016-10-31 21:00:00;40,26;36,18;4,079999999999998;39850;0;48446;3640;3393;0;3393;3640;-247;0;-247;-0,07279693486590039;-0,07279693486590039;;0,10134128166915049;3;0
2016-10-31;22;2016-10-31 22:00:00;38,62;38,42;0,19999999999999574;39850;0;48446;4271;3926;0;3926;4271;-345;0;-345;-0,08787570045848192;-0,08787570045848192;;0,005178663904712474;3;0
2016-10-31;23;2016-10-31 23:00:00;37,68;36,52;1,1599999999999966;39850;0;48446;4816;4561;0;4561;4816;-255;0;-255;-0,05590879193159395;-0,05590879193159395;;0,0307855626326963;3;0
2016-11-01;0;2016-11-01 00:00:00;33,31;31,11;2,200000000000003;39851;0;48457;5516;5106;0;5106;5516;-410;0;-410;-0,08029768899334117;-0,08029768899334117;;0,06604623236265394;3;1
2016-11-01;1;2016-11-01 01:00:00;33,68;32,15;1,5300000000000011;39851;0;48457;5909;5596;0;5596;5909;-313;0;-313;-0,05593280914939242;-0,05593280914939242;;0,045427553444180556;3;1
2016-11-01;2;2016-11-01 02:00:00;33,31;32,1;1,2100000000000009;39851;0;48457;6431;6148;0;6148;6431;-283;0;-283;-0,04603122966818478;-0,04603122966818478;;0,036325427799459645;3;1
2016-11-01;3;2016-11-01 03:00:00;32,52;33,0;-0,4799999999999969;39851;0;48457;6615;6743;0;6743;6615;128;0;128;0,01898264867269761;0,01898264867269761;;-0,014760147601475917;3;1
2016-11-01;4;2016-11-01 04:00:00;32,99;32,83;0,1600000000000037;39851;0;48457;6678;7223;0;7223;6678;545;0;545;0,07545341270940052;0,07545341270940052;;0,0048499545316763775;3;1
2016-11-01;5;2016-11-01 05:00:00;33,31;34,21;-0,8999999999999986;39851;0;48457;7034;7526;0;7526;7034;492;0;492;0,06537337230932766;0,06537337230932766;;-0,02701891323926744;3;1
2016-11-01;6;2016-11-01 06:00:00;36,98;39,3;-2,3200000000000003;39851;2;48457;7856;7788;4;7792;7858;-68;2;-66;-0,008470225872689939;-0,008731381612737545;0,5;-0,06273661438615469;3;1
2016-11-01;7;2016-11-01 07:00:00;41,93;41,45;0,4799999999999969;39851;471;48457;7934;7962;583;8545;8405;28;112;140;0,016383850204798128;0,0035167043456417984;0,19210977701543738;0,011447650846649103;3;1
2016-11-01;8;2016-11-01 08:00:00;41,09;40,35;0,7400000000000021;39851;2689;48457;7865;7990;3421;11411;10554;125;732;857;0,0751029708176321;0,015644555694618274;0,21397252265419467;0,018009247992212266;3;1
2016-11-01;9;2016-11-01 09:00:00;33,77;34,39;-0,6199999999999974;39851;5720;48457;7592;8002;7031;15033;13312;410;1311;1721;0,1144814740903346;0,051237190702324416;0,18645996302090742;-0,018359490672194178;3;1
2016-11-01;10;2016-11-01 10:00:00;31,27;37,35;-6,080000000000003;39851;8520;48457;7807;8101;9957;18058;16327;294;1437;1731;0,09585779156052719;0,03629181582520676;0,14432057848749624;-0,19443556124080597;3;1
2016-11-01;11;2016-11-01 11:00:00;30,9;33,94;-3,0399999999999987;39851;9659;48457;8220;8448;11493;19941;17879;228;1834;2062;0,10340504488240308;0,026988636363636364;0,15957539371791526;-0,09838187702265369;3;1
2016-11-01;12;2016-11-01 12:00:00;30,75;32,9;-2,1499999999999986;39851;9532;48457;9363;8938;11324;20262;18895;-425;1792;1367;0,06746619287335899;-0,047549787424479746;0,15824796891557755;-0,06991869918699183;3;1
2016-11-01;13;2016-11-01 13:00:00;30,03;32,38;-2,3500000000000014;39851;8260;48457;9761;9499;9655;19154;18021;-262;1395;1133;0,05915213532421426;-0,02758185072112854;0,1444847229414811;-0,0782550782550783;3;1
2016-11-01;14;2016-11-01 14:00:00;31,58;33,15;-1,5700000000000005;39851;5900;48457;10104;10100;6834;16934;16004;-4;934;930;0,05491909767331995;-0,00039603960396039607;0,1366695932104185;-0,04971500949968336;3;1
2016-11-01;15;2016-11-01 15:00:00;33,28;32,41;0,8700000000000045;39851;2826;48457;10512;10647;3456;14103;13338;135;630;765;0,054243777919591576;0,01267962806424345;0,18229166666666666;0,02614182692307706;3;1
2016-11-01;16;2016-11-01 16:00:00;39,34;39,91;-0,5699999999999932;39851;472;48457;11376;11274;694;11968;11848;-102;222;120;0,010026737967914439;-0,009047365620010643;0,31988472622478387;-0,014489069649211823;3;1
2016-11-01;17;2016-11-01 17:00:00;47,51;50,19;-2,68;39851;5;48457;12178;11962;6;11968;12183;-216;1;-215;-0,017964572192513368;-0,018057181073399098;0,16666666666666666;-0,05640917701536519;3;1
2016-11-01;18;2016-11-01 18:00:00;49,99;48,99;1,0;39851;0;48457;12919;12720;0;12720;12919;-199;0;-199;-0,015644654088050314;-0,015644654088050314;;0,020004000800160033;3;1
2016-11-01;19;2016-11-01 19:00:00;45,97;41,23;4,740000000000002;39851;0;48457;13902;13774;0;13774;13902;-128;0;-128;-0,009292870625816756;-0,009292870625816756;;0,10311072438546882;3;1
2016-11-01;20;2016-11-01 20:00:00;35,94;31,62;4,319999999999997;39851;0;48457;15115;14257;0;14257;15115;-858;0;-858;-0,06018096373711159;-0,06018096373711159;;0,12020033388981628;3;1
2016-11-01;21;2016-11-01 21:00:00;29,59;28,24;1,3500000000000014;39851;0;48457;15776;14642;0;14642;15776;-1134;0;-1134;-0,0774484360060101;-0,0774484360060101;;0,045623521459952736;3;1
2016-11-01;22;2016-11-01 22:00:00;28,86;28,59;0,2699999999999996;39851;0;48457;15708;15085;0;15085;15708;-623;0;-623;-0,041299303944315545;-0,041299303944315545;;0,00935550935550934;3;1
2016-11-01;23;2016-11-01 23:00:00;16,02;16,62;-0,6000000000000014;39851;0;48457;16319;15583;0;15583;16319;-736;0;-736;-0,04723095681191042;-0,04723095681191042;;-0,03745318352059934;3;1
2016-11-02;0;2016-11-02 00:00:00;27,11;24,01;3,0999999999999983;39853;0;48467;16810;15656;0;15656;16810;-1154;0;-1154;-0,07370975983648441;-0,07370975983648441;;0,11434894872740681;3;2
2016-11-02;1;2016-11-02 01:00:00;15,12;14,29;0,8300000000000001;39853;0;48467;17488;16337;0;16337;17488;-1151;0;-1151;-0,07045357164718125;-0,07045357164718125;;0,054894179894179905;3;2
2016-11-02;2;2016-11-02 02:00:00;13,2;9,84;3,3599999999999994;39853;0;48467;18098;16992;0;16992;18098;-1106;0;-1106;-0,0650894538606403;-0,0650894538606403;;0,2545454545454545;3;2
2016-11-02;3;2016-11-02 03:00:00;12,26;9,5;2,76;39853;0;48467;18442;17575;0;17575;18442;-867;0;-867;-0,049331436699857754;-0,049331436699857754;;0,22512234910277323;3;2
2016-11-02;4;2016-11-02 04:00:00;13,16;9,74;3,42;39853;0;48467;19007;18146;0;18146;19007;-861;0;-861;-0,04744847349278078;-0,04744847349278078;;0,25987841945288753;3;2
2016-11-02;5;2016-11-02 05:00:00;21,01;15,09;5,920000000000003;39853;0;48467;19337;19055;0;19055;19337;-282;0;-282;-0,014799265284702177;-0,014799265284702177;;0,281770585435507;3;2
2016-11-02;6;2016-11-02 06:00:00;33,85;30,08;3,770000000000003;39853;1;48467;20183;19838;1;19839;20184;-345;0;-345;-0,017389989414789052;-0,017390866014719227;0,0;0,11137370753323494;3;2
2016-11-02;7;2016-11-02 07:00:00;39,04;41,05;-2,009999999999998;39853;285;48467;20175;20390;338;20728;20460;215;53;268;0,012929370899266693;0,010544384502206964;0,15680473372781065;-0,05148565573770487;3;2
2016-11-02;8;2016-11-02 08:00:00;36,54;46,15;-9,61;39853;1916;48467;20366;20828;2214;23042;22282;462;298;760;0,03298324798194601;0,02218167850969848;0,13459801264679314;-0,26299945265462504;3;2
2016-11-02;9;2016-11-02 09:00:00;36,72;41,03;-4,310000000000001;39853;4236;48467;20588;21251;4615;25866;24824;663;379;1042;0,04028454341606742;0,031198531833796058;0,08212351029252438;-0,11737472766884535;3;2
2016-11-02;10;2016-11-02 10:00:00;33,19;38,62;-5,43;39853;6010;48467;21196;21547;6552;28099;27206;351;542;893;0,03178049040891135;0,01628997076159094;0,08272283272283272;-0,1636034950286231;3;2
2016-11-02;11;2016-11-02 11:00:00;34,07;37,93;-3,86;39853;6688;48467;21760;21557;7639;29196;28448;-203;951;748;0,02561994793807371;-0,009416894744166628;0,12449273465113235;-0,11329615497505136;3;2
2016-11-02;12;2016-11-02 12:00:00;32,93;36,94;-4,009999999999998;39853;6807;48467;21722;21488;7821;29309;28529;-234;1014;780;0,026612985772288374;-0,010889798957557706;0,12965093977752207;-0,12177345885211048;3;2
2016-11-02;13;2016-11-02 13:00:00;33,18;38,23;-5,049999999999997;39853;6036;48467;22292;21091;7131;28222;28328;-1201;1095;-106;-0,0037559350861030402;-0,056943720070172114;0,15355490113588557;-0,15220012055455084;3;2
2016-11-02;14;2016-11-02 14:00:00;33,06;37,84;-4,780000000000001;39853;4745;48467;21353;20141;5391;25532;26098;-1212;646;-566;-0,022168259439135203;-0,06017576088575542;0,11982934520497125;-0,1445856019358742;3;2
2016-11-02;15;2016-11-02 15:00:00;33,99;37,39;-3,3999999999999986;39853;2644;48467;19587;18625;2793;21418;22231;-962;149;-813;-0,037958726304977125;-0,051651006711409396;0,05334765485141425;-0,10002942041776988;3;2
2016-11-02;16;2016-11-02 16:00:00;39,16;41,2;-2,0400000000000063;39853;469;48467;17716;17165;516;17681;18185;-551;47;-504;-0,028505175046660256;-0,03210020390329158;0,09108527131782945;-0,052093973442288215;3;2
2016-11-02;17;2016-11-02 17:00:00;52,91;54,46;-1,5500000000000045;39853;1;48467;16969;15805;4;15809;16970;-1164;3;-1161;-0,07343918021380226;-0,07364757987978487;0,75;-0,029295029295029383;3;2
2016-11-02;18;2016-11-02 18:00:00;52,46;53,4;-0,9399999999999976;39853;0;48467;16890;14506;0;14506;16890;-2384;0;-2384;-0,16434578794981386;-0,16434578794981386;;-0,017918414029736898;3;2
2016-11-02;19;2016-11-02 19:00:00;51,46;44,84;6,619999999999997;39853;0;48467;15866;13321;0;13321;15866;-2545;0;-2545;-0,19105172284363037;-0,19105172284363037;;0,12864360668480368;3;2
2016-11-02;20;2016-11-02 20:00:00;39,98;38,8;1,1799999999999995;39853;0;48467;14493;12116;0;12116;14493;-2377;0;-2377;-0,19618686034995048;-0,19618686034995048;;0,029514757378689336;3;2
2016-11-02;21;2016-11-02 21:00:00;37,52;37,49;0,030000000000001137;39853;0;48467;12620;10861;0;10861;12620;-1759;0;-1759;-0,16195562102937114;-0,16195562102937114;;0,0007995735607676209;3;2
2016-11-02;22;2016-11-02 22:00:00;35,18;34,98;0,20000000000000284;39853;0;48467;11233;9779;0;9779;11233;-1454;0;-1454;-0,14868595970958176;-0,14868595970958176;;0,0056850483229108255;3;2
2016-11-02;23;2016-11-02 23:00:00;35,67;33,76;1,910000000000004;39853;0;48467;9909;8982;0;8982;9909;-927;0;-927;-0,10320641282565131;-0,10320641282565131;;0,05354639753294095;3;2
2016-11-03;0;2016-11-03 00:00:00;35,05;33,9;1,1499999999999986;39855;0;48485;8824;7559;0;7559;8824;-1265;0;-1265;-0,16735017859505225;-0,16735017859505225;;0,03281027104136944;3;3
2016-11-03;1;2016-11-03 01:00:00;35,07;33,45;1,6199999999999974;39855;0;48485;7957;7035;0;7035;7957;-922;0;-922;-0,1310589907604833;-0,1310589907604833;;0,04619332763045331;3;3
2016-11-03;2;2016-11-03 02:00:00;34,74;33,41;1,3300000000000054;39855;0;48485;7426;6538;0;6538;7426;-888;0;-888;-0,13582135209544202;-0,13582135209544202;;0,038284398388025484;3;3
2016-11-03;3;2016-11-03 03:00:00;35,87;33,3;2,5700000000000003;39855;0;48485;7069;6010;0;6010;7069;-1059;0;-1059;-0,1762063227953411;-0,1762063227953411;;0,07164761639252859;3;3
2016-11-03;4;2016-11-03 04:00:00;36,74;33,48;3,2600000000000047;39855;0;48485;6502;5461;0;5461;6502;-1041;0;-1041;-0,19062442776048344;-0,19062442776048344;;0,08873162765378347;3;3
2016-11-03;5;2016-11-03 05:00:00;38,95;33,96;4,990000000000002;39855;0;48485;5675;4910;0;4910;5675;-765;0;-765;-0,15580448065173116;-0,15580448065173116;;0,12811296534017977;3;3
2016-11-03;6;2016-11-03 06:00:00;47,23;48,42;-1,1900000000000048;39855;1;48485;4922;4323;1;4324;4923;-599;0;-599;-0,13852913968547642;-0,1385611843627111;0,0;-0,02519585009527853;3;3
2016-11-03;7;2016-11-03 07:00:00;53,41;54,72;-1,3100000000000025;39855;352;48485;4373;3630;420;4050;4725;-743;68;-675;-0,16666666666666666;-0,2046831955922865;0,1619047619047619;-0,024527242089496398;3;3
2016-11-03;8;2016-11-03 08:00:00;56,06;56,97;-0,9099999999999966;39855;2560;48485;3615;2943;2951;5894;6175;-672;391;-281;-0,047675602307431286;-0,22833843017329256;0,1324974584886479;-0,01623260792008556;3;3
2016-11-03;9;2016-11-03 09:00:00;50,11;50,37;-0,259999999999998;39855;5958;48485;2760;2373;6346;8719;8718;-387;388;1;0,00011469205184080744;-0,16308470290771176;0,061140876142451936;-0,005188585112751906;3;3
2016-11-03;10;2016-11-03 10:00:00;46,86;47,78;-0,9200000000000016;39855;8803;48485;2255;2039;9024;11063;11058;-216;221;5;0,00045195697369610415;-0,10593428151054439;0,024490248226950354;-0,019632949210414034;3;3
2016-11-03;11;2016-11-03 11:00:00;47,63;46,15;1,4800000000000042;39855;10240;48485;2315;2062;10497;12559;12555;-253;257;4;0,00031849669559678317;-0,12269641125121242;0,02448318567209679;0,03107285324375402;3;3
2016-11-03;12;2016-11-03 12:00:00;48,0;44,22;3,780000000000001;39855;9891;48485;2453;2204;10494;12698;12344;-249;603;354;0,027878406048196566;-0,11297640653357532;0,057461406518010294;0,07875000000000003;3;3
2016-11-03;13;2016-11-03 13:00:00;48,95;47,54;1,4100000000000037;39855;8080;48485;2368;2312;9114;11426;10448;-56;1034;978;0,08559425870820934;-0,02422145328719723;0,11345183234584157;0,028804902962206405;3;3
2016-11-03;14;2016-11-03 14:00:00;48,96;49,28;-0,3200000000000003;39855;5602;48485;2662;2482;6596;9078;8264;-180;994;814;0,08966732760519938;-0,072522159548751;0,15069739235900545;-0,006535947712418306;3;3
2016-11-03;15;2016-11-03 15:00:00;59,6;53,01;6,5900000000000025;39855;2698;48485;2708;2680;3306;5986;5406;-28;608;580;0,09689274974941531;-0,010447761194029851;0,1839080459770115;0,11057046979865776;3;3
2016-11-03;16;2016-11-03 16:00:00;56,35;54,01;2,3400000000000034;39855;441;48485;3023;2950;559;3509;3464;-73;118;45;0,012824166429182103;-0,024745762711864405;0,2110912343470483;0,04152617568766643;3;3
2016-11-03;17;2016-11-03 17:00:00;59,99;61,62;-1,6299999999999957;39855;4;48485;3490;3451;4;3455;3494;-39;0;-39;-0,011287988422575976;-0,011301072152999131;0,0;-0,027171195199199794;3;3
2016-11-03;18;2016-11-03 18:00:00;56,03;57,91;-1,8799999999999957;39855;0;48485;4856;4123;0;4123;4856;-733;0;-733;-0,17778316759641039;-0,17778316759641039;;-0,03355345350704972;3;3
2016-11-03;19;2016-11-03 19:00:00;48,88;53,35;-4,469999999999999;39855;0;48485;6053;4933;0;4933;6053;-1120;0;-1120;-0,22704236772754915;-0,22704236772754915;;-0,0914484451718494;3;3
2016-11-03;20;2016-11-03 20:00:00;42,41;39,34;3,0699999999999936;39855;0;48485;6640;6026;0;6026;6640;-614;0;-614;-0,1018918021905078;-0,1018918021905078;;0,07238858759726464;3;3
2016-11-03;21;2016-11-03 21:00:00;37,27;37,65;-0,37999999999999545;39855;0;48485;7242;7232;0;7232;7242;-10;0;-10;-0,0013827433628318584;-0,0013827433628318584;;-0,010195867990340633;3;3
2016-11-03;22;2016-11-03 22:00:00;36,24;39,24;-3,0;39855;0;48485;8104;8414;0;8414;8104;310;0;310;0,03684335631091039;0,03684335631091039;;-0,08278145695364238;3;3
2016-11-03;23;2016-11-03 23:00:00;33,98;36,21;-2,230000000000004;39855;0;48485;9171;9377;0;9377;9171;206;0;206;0,02196864668870641;0,02196864668870641;;-0,06562683931724556;3;3
2016-11-04;0;2016-11-04 00:00:00;32,4;34,75;-2,3500000000000014;39856;0;48499;9850;9655;0;9655;9850;-195;0;-195;-0,02019678922837908;-0,02019678922837908;;-0,07253086419753091;3;4
2016-11-04;1;2016-11-04 01:00:00;32,42;32,94;-0,519999999999996;39856;0;48499;10279;10275;0;10275;10279;-4;0;-4;-0,00038929440389294404;-0,00038929440389294404;;-0,016039481801357062;3;4
2016-11-04;2;2016-11-04 02:00:00;30,96;33,04;-2,0799999999999983;39856;0;48499;11374;10753;0;10753;11374;-621;0;-621;-0,057751325211568866;-0,057751325211568866;;-0,06718346253229969;3;4
2016-11-04;3;2016-11-04 03:00:00;30,8;32,15;-1,349999999999998;39856;0;48499;11690;11229;0;11229;11690;-461;0;-461;-0,04105441268144982;-0,04105441268144982;;-0,04383116883116877;3;4
2016-11-04;4;2016-11-04 04:00:00;31,98;34,88;-2,9000000000000017;39856;0;48499;11694;11594;0;11594;11694;-100;0;-100;-0,008625150940141452;-0,008625150940141452;;-0,09068167604752976;3;4
2016-11-04;5;2016-11-04 05:00:00;34,13;38,26;-4,129999999999996;39856;0;48499;11801;11823;0;11823;11801;22;0;22;0,001860779835913051;0,001860779835913051;;-0,12100791092880152;3;4
2016-11-04;6;2016-11-04 06:00:00;36,98;44,91;-7,93;39856;0;48499;12215;12041;0;12041;12215;-174;0;-174;-0,014450627024333527;-0,014450627024333527;;-0,21444023796646838;3;4
2016-11-04;7;2016-11-04 07:00:00;46,78;50,64;-3,86;39856;292;48499;12429;12036;378;12414;12721;-393;86;-307;-0,024730143386499114;-0,03265204386839481;0,2275132275132275;-0,08251389482684908;3;4
2016-11-04;8;2016-11-04 08:00:00;48,69;53,81;-5,1200000000000045;39856;2154;48499;12096;11858;2465;14323;14250;-238;311;73;0,005096697619213852;-0,020070838252656435;0,1261663286004057;-0,10515506264119952;3;4
2016-11-04;9;2016-11-04 09:00:00;47,94;50,36;-2,4200000000000017;39856;4606;48499;11768;11619;5238;16857;16374;-149;632;483;0,028652785193094856;-0,012823823048455116;0,12065673921344025;-0,050479766374635;3;4
2016-11-04;10;2016-11-04 10:00:00;40,86;49,3;-8,439999999999998;39856;6818;48499;11192;11351;7464;18815;18010;159;646;805;0,042785011958543714;0,014007576424984583;0,08654876741693462;-0,20655898188937832;3;4
2016-11-04;11;2016-11-04 11:00:00;42,83;50,07;-7,240000000000002;39856;8387;48499;10804;11107;8658;19765;19191;303;271;574;0,02904123450543891;0,027280093634644818;0,0313005313005313;-0,16904039224842404;3;4
2016-11-04;12;2016-11-04 12:00:00;38,05;46,68;-8,630000000000003;39856;8731;48499;10494;10851;8546;19397;19225;357;-185;172;0,008867350621230088;0,03290019353055018;-0,021647554411420546;-0,22680683311432334;3;4
2016-11-04;13;2016-11-04 13:00:00;40,49;46,79;-6,299999999999998;39856;7437;48499;10282;10442;7252;17694;17719;160;-185;-25;-0,0014129083305075166;0,015322735108216816;-0,025510204081632654;-0,15559397382069642;3;4
2016-11-04;14;2016-11-04 14:00:00;43,15;46,78;-3,6300000000000026;39856;5156;48499;9234;9827;5100;14927;14390;593;-56;537;0,03597507871641991;0,060343950340897526;-0,010980392156862745;-0,084125144843569;3;4
2016-11-04;15;2016-11-04 15:00:00;49,91;53,66;-3,75;39856;2279;48499;8785;9287;2432;11719;11064;502;153;655;0,055892140967659355;0,05405405405405406;0,06291118421052631;-0,07513524343818874;3;4
2016-11-04;16;2016-11-04 16:00:00;48,73;57,33;-8,600000000000001;39856;288;48499;9181;9236;400;9636;9469;55;112;167;0,017330842673308425;0,005954958856647899;0,28;-0,17648265955263703;3;4
2016-11-04;17;2016-11-04 17:00:00;52,19;60,04;-7,850000000000001;39856;3;48499;9709;9779;1;9780;9712;70;-2;68;0,006952965235173824;0,0071581961345740875;-2,0;-0,15041195631347004;3;4
2016-11-04;18;2016-11-04 18:00:00;49,6;59,36;-9,759999999999998;39856;0;48499;10817;10364;0;10364;10817;-453;0;-453;-0,04370899266692397;-0,04370899266692397;;-0,19677419354838704;3;4
2016-11-04;19;2016-11-04 19:00:00;40,15;49,02;-8,870000000000006;39856;0;48499;11262;10455;0;10455;11262;-807;0;-807;-0,07718794835007174;-0,07718794835007174;;-0,22092154420921561;3;4
2016-11-04;20;2016-11-04 20:00:00;39,23;45,52;-6,290000000000006;39856;0;48499;11054;10003;0;10003;11054;-1051;0;-1051;-0,10506847945616316;-0,10506847945616316;;-0,16033647718582736;3;4
2016-11-04;21;2016-11-04 21:00:00;38,31;41,05;-2,7399999999999953;39856;0;48499;10681;9427;0;9427;10681;-1254;0;-1254;-0,13302217036172695;-0,13302217036172695;;-0,07152179587575033;3;4
2016-11-04;22;2016-11-04 22:00:00;37,02;39,86;-2,8399999999999963;39856;0;48499;10018;8850;0;8850;10018;-1168;0;-1168;-0,1319774011299435;-0,1319774011299435;;-0,07671528903295505;3;4
2016-11-04;23;2016-11-04 23:00:00;34,9;38,01;-3,1099999999999994;39856;0;48499;9442;8228;0;8228;9442;-1214;0;-1214;-0,14754496840058337;-0,14754496840058337;;-0,08911174785100286;3;4
2016-11-05;0;2016-11-05 00:00:00;37,05;37,27;-0,220000000000006;39857;0;48499;8442;7493;0;7493;8442;-949;0;-949;-0,1266515414386761;-0,1266515414386761;;-0,005937921727395574;3;5
2016-11-05;1;2016-11-05 01:00:00;37,07;33,26;3,8100000000000014;39857;0;48499;8128;7126;0;7126;8128;-1002;0;-1002;-0,14061184395172607;-0,14061184395172607;;0,10277852711087136;3;5
2016-11-05;2;2016-11-05 02:00:00;36,77;34,0;2,770000000000003;39857;0;48499;8404;6898;0;6898;8404;-1506;0;-1506;-0,2183241519280951;-0,2183241519280951;;0,07533315202610832;3;5
2016-11-05;3;2016-11-05 03:00:00;35,97;33,31;2,6599999999999966;39857;0;48499;8412;6775;0;6775;8412;-1637;0;-1637;-0,24162361623616235;-0,24162361623616235;;0,0739505143174867;3;5
2016-11-05;4;2016-11-05 04:00:00;35,54;34,04;1,5;39857;0;48499;8236;6765;0;6765;8236;-1471;0;-1471;-0,21744271988174427;-0,21744271988174427;;0,04220596510973551;3;5
2016-11-05;5;2016-11-05 05:00:00;35,93;34,7;1,2299999999999969;39857;0;48499;8239;6865;0;6865;8239;-1374;0;-1374;-0,20014566642388928;-0,20014566642388928;;0,03423323128305029;3;5
2016-11-05;6;2016-11-05 06:00:00;36,5;34,43;2,0700000000000003;39857;1;48499;8356;7060;1;7061;8357;-1296;0;-1296;-0,18354340744936978;-0,18356940509915015;0,0;0,056712328767123295;3;5
2016-11-05;7;2016-11-05 07:00:00;37,02;37,11;-0,0899999999999963;39857;124;48499;8206;7152;161;7313;8330;-1054;37;-1017;-0,13906741419390128;-0,14737136465324385;0,22981366459627328;-0,0024311183144245354;3;5
2016-11-05;8;2016-11-05 08:00:00;38,96;41,31;-2,3500000000000014;39857;805;48499;8082;7035;936;7971;8887;-1047;131;-916;-0,1149165725755865;-0,1488272921108742;0,13995726495726496;-0,06031827515400414;3;5
2016-11-05;9;2016-11-05 09:00:00;39,89;45,27;-5,380000000000003;39857;1812;48499;7332;6836;1980;8816;9144;-496;168;-328;-0,03720508166969147;-0,07255705090696314;0,08484848484848485;-0,1348708949611432;3;5
2016-11-05;10;2016-11-05 10:00:00;41,16;44,93;-3,770000000000003;39857;3080;48499;6620;6541;2729;9270;9700;-79;-351;-430;-0,04638619201725998;-0,012077663965754472;-0,12861854159032612;-0,09159378036929065;3;5
2016-11-05;11;2016-11-05 11:00:00;44,79;47,46;-2,6700000000000017;39857;3480;48499;6207;6344;3127;9471;9687;137;-353;-216;-0,022806461830852075;0,021595208070617905;-0,11288775183882316;-0,05961152042866715;3;5
2016-11-05;12;2016-11-05 12:00:00;46,54;47,03;-0,490000000000002;39857;3194;48499;5812;6330;3148;9478;9006;518;-46;472;0,04979953576703946;0,08183254344391785;-0,014612452350698857;-0,010528577567683757;3;5
2016-11-05;13;2016-11-05 13:00:00;40,8;42,54;-1,740000000000002;39857;2690;48499;5671;6400;2760;9160;8361;729;70;799;0,08722707423580786;0,11390625;0,025362318840579712;-0,04264705882352946;3;5
2016-11-05;14;2016-11-05 14:00:00;39,35;40,67;-1,3200000000000005;39857;2075;48499;5580;6551;2009;8560;7655;971;-66;905;0,10572429906542057;0,14822164555029765;-0,03285216525634644;-0,033545108005082605;3;5
2016-11-05;15;2016-11-05 15:00:00;38,88;40,69;-1,8099999999999952;39857;1122;48499;5348;6828;976;7804;6470;1480;-146;1334;0,1709379805228088;0,21675454012888107;-0,14959016393442623;-0,0465534979423867;3;5
2016-11-05;16;2016-11-05 16:00:00;42,65;42,88;-0,230000000000004;39857;174;48499;5730;7297;166;7463;5904;1567;-8;1559;0,2088972263164947;0,21474578593942717;-0,04819277108433735;-0,005392731535756249;3;5
2016-11-05;17;2016-11-05 17:00:00;48,1;54,18;-6,079999999999997;39857;3;48499;6125;7962;0;7962;6128;1837;-3;1834;0,23034413463953782;0,23072092439085656;-inf;-0,12640332640332635;3;5
2016-11-05;18;2016-11-05 18:00:00;44,78;53,98;-9,199999999999996;39857;0;48499;7127;8781;0;8781;7127;1654;0;1654;0,18836123448354403;0,18836123448354403;;-0,20544886109870467;3;5
2016-11-05;19;2016-11-05 19:00:00;40,91;47,38;-6,470000000000006;39857;0;48499;7768;9651;0;9651;7768;1883;0;1883;0,19510931509688115;0,19510931509688115;;-0,15815204106575426;3;5
2016-11-05;20;2016-11-05 20:00:00;37,07;38,73;-1,6599999999999966;39857;0;48499;8740;10408;0;10408;8740;1668;0;1668;0,16026133743274404;0,16026133743274404;;-0,044780145670353294;3;5
2016-11-05;21;2016-11-05 21:00:00;34,32;36,75;-2,43;39857;0;48499;9061;11126;0;11126;9061;2065;0;2065;0,18560129426568397;0,18560129426568397;;-0,07080419580419581;3;5
2016-11-05;22;2016-11-05 22:00:00;32,71;38,18;-5,469999999999999;39857;0;48499;9344;11701;0;11701;9344;2357;0;2357;0,2014357747201094;0,2014357747201094;;-0,16722714766126562;3;5
2016-11-05;23;2016-11-05 23:00:00;29,94;33,08;-3,139999999999997;39857;0;48499;9784;12008;0;12008;9784;2224;0;2224;0,18520986009327114;0,18520986009327114;;-0,10487641950567791;3;5
2016-11-06;0;2016-11-06 00:00:00;32,23;27,66;4,569999999999997;39857;0;48499;9893;8578;0;8578;9893;-1315;0;-1315;-0,1532991373280485;-0,1532991373280485;;0,14179336022339425;3;6
2016-11-06;1;2016-11-06 01:00:00;27,78;22,19;5,59;39857;0;48499;9642;8531;0;8531;9642;-1111;0;-1111;-0,130230922517876;-0,130230922517876;;0,20122390208783297;3;6
2016-11-06;2;2016-11-06 02:00:00;27,95;16,58;11,37;39857;0;48499;9397;8375;0;8375;9397;-1022;0;-1022;-0,12202985074626865;-0,12202985074626865;;0,4067978533094812;3;6
2016-11-06;3;2016-11-06 03:00:00;25,03;15,81;9,22;39857;0;48499;9276;8255;0;8255;9276;-1021;0;-1021;-0,12368261659600242;-0,12368261659600242;;0,3683579704354774;3;6
2016-11-06;4;2016-11-06 04:00:00;30,1;18,34;11,760000000000002;39857;0;48499;8842;8096;0;8096;8842;-746;0;-746;-0,09214426877470355;-0,09214426877470355;;0,3906976744186047;3;6
2016-11-06;5;2016-11-06 05:00:00;29,82;19,31;10,510000000000002;39857;0;48499;8549;7963;0;7963;8549;-586;0;-586;-0,07359035539369585;-0,07359035539369585;;0,352448021462106;3;6
2016-11-06;6;2016-11-06 06:00:00;30,89;24,47;6,420000000000003;39857;0;48499;8552;7914;0;7914;8552;-638;0;-638;-0,08061662875916098;-0,08061662875916098;;0,20783425056652646;3;6
2016-11-06;7;2016-11-06 07:00:00;30,88;24,67;6,209999999999997;39857;107;48499;8115;7906;132;8038;8222;-209;25;-184;-0,02289126648420005;-0,026435618517581583;0,1893939393939394;0,20110103626942996;3;6
2016-11-06;8;2016-11-06 08:00:00;33,81;29,05;4,760000000000002;39857;966;48499;7663;7936;1137;9073;8629;273;171;444;0,04893640471729307;0,034400201612903226;0,1503957783641161;0,1407867494824017;3;6
2016-11-06;9;2016-11-06 09:00:00;37,02;30,34;6,680000000000002;39857;2306;48499;6991;7914;2657;10571;9297;923;351;1274;0,12051839939457006;0,11662875916098055;0,13210387655250283;0,18044300378173964;3;6
2016-11-06;10;2016-11-06 10:00:00;37,93;33,87;4,060000000000001;39857;3599;48499;6638;7775;3982;11757;10237;1137;383;1520;0,12928468146636046;0,1462379421221865;0,09618282270215972;0,10703928288953339;3;6
2016-11-06;11;2016-11-06 11:00:00;41,58;37,31;4,269999999999996;39857;4417;48499;6539;7456;4788;12244;10956;917;371;1288;0,10519438092126757;0,1229881974248927;0,07748538011695906;0,1026936026936026;3;6
2016-11-06;12;2016-11-06 12:00:00;38,94;35,33;3,61;39857;4328;48499;6533;6973;4911;11884;10861;440;583;1023;0,08608212722988892;0,06310053061809838;0,11871309305640398;0,09270672829994864;3;6
2016-11-06;13;2016-11-06 13:00:00;37,07;37,18;-0,10999999999999943;39857;3670;48499;6383;6430;4391;10821;10053;47;721;768;0,07097310784585528;0,007309486780715396;0,1641994989751765;-0,0029673590504450884;3;6
2016-11-06;14;2016-11-06 14:00:00;37,09;34,32;2,770000000000003;39857;2493;48499;6086;5960;3199;9159;8579;-126;706;580;0,06332569057757396;-0,021140939597315438;0,2206939668646452;0,07468320301968193;3;6
2016-11-06;15;2016-11-06 15:00:00;37,0;35,43;1,5700000000000005;39857;1092;48499;6506;5608;1507;7115;7598;-898;415;-483;-0,06788475052705552;-0,1601283880171184;0,27538155275381554;0,04243243243243244;3;6
2016-11-06;16;2016-11-06 16:00:00;39,5;34,22;5,280000000000001;39857;148;48499;7329;5699;241;5940;7477;-1630;93;-1537;-0,25875420875420874;-0,286015090366731;0,38589211618257263;0,1336708860759494;3;6
2016-11-06;17;2016-11-06 17:00:00;48,51;41,53;6,979999999999998;39857;2;48499;8272;6326;1;6327;8274;-1946;-1;-1947;-0,3077287814129919;-0,30761934871957003;-1,0;0,1438878581735724;3;6
2016-11-06;18;2016-11-06 18:00:00;47,96;38,85;9,11;39857;0;48499;9223;7010;0;7010;9223;-2213;0;-2213;-0,31569186875891586;-0,31569186875891586;;0,18994995829858213;3;6
2016-11-06;19;2016-11-06 19:00:00;43,27;33,57;9,700000000000003;39857;0;48499;9774;7386;0;7386;9774;-2388;0;-2388;-0,3233143785540211;-0,3233143785540211;;0,22417379246591176;3;6
2016-11-06;20;2016-11-06 20:00:00;37,05;31,26;5,7899999999999965;39857;0;48499;10084;7661;0;7661;10084;-2423;0;-2423;-0,31627724840099203;-0,31627724840099203;;0,1562753036437246;3;6
2016-11-06;21;2016-11-06 21:00:00;36,0;30,15;5,850000000000001;39857;0;48499;10265;7923;0;7923;10265;-2342;0;-2342;-0,29559510286507634;-0,29559510286507634;;0,16250000000000003;3;6
2016-11-06;22;2016-11-06 22:00:00;33,33;30,25;3,0799999999999983;39857;0;48499;10336;8143;0;8143;10336;-2193;0;-2193;-0,26931106471816285;-0,26931106471816285;;0,09240924092409236;3;6
2016-11-06;23;2016-11-06 23:00:00;30,23;16,46;13,77;39857;0;48499;10405;8334;0;8334;10405;-2071;0;-2071;-0,24850011999040078;-0,24850011999040078;;0,4555077737347006;3;6
2016-11-07;0;2016-11-07 00:00:00;10,72;13,18;-2,459999999999999;39858;0;48509;10277;10109;0;10109;10277;-168;0;-168;-0,016618854486101495;-0,016618854486101495;;-0,22947761194029842;3;0
2016-11-07;1;2016-11-07 01:00:00;13,61;12,32;1,2899999999999991;39858;0;48509;10319;10187;0;10187;10319;-132;0;-132;-0,012957691175026995;-0,012957691175026995;;0,0947832476120499;3;0
2016-11-07;2;2016-11-07 02:00:00;13,69;13,07;0,6199999999999992;39858;0;48509;10047;10125;0;10125;10047;78;0;78;0,007703703703703704;0,007703703703703704;;0,04528853177501821;3;0
2016-11-07;3;2016-11-07 03:00:00;12,6;12,75;-0,15000000000000036;39858;0;48509;9635;9989;0;9989;9635;354;0;354;0,035438982881169284;0,035438982881169284;;-0,011904761904761934;3;0
2016-11-07;4;2016-11-07 04:00:00;11,94;12,84;-0,9000000000000004;39858;0;48509;9621;9858;0;9858;9621;237;0;237;0,02404138770541692;0,02404138770541692;;-0,07537688442211059;3;0
2016-11-07;5;2016-11-07 05:00:00;15,82;14,63;1,1899999999999995;39858;0;48509;8959;9749;0;9749;8959;790;0;790;0,08103395220022566;0,08103395220022566;;0,07522123893805306;3;0
2016-11-07;6;2016-11-07 06:00:00;33,02;26,19;6,830000000000003;39858;0;48509;9122;9654;0;9654;9122;532;0;532;0,05510669152682826;0,05510669152682826;;0,20684433676559666;3;0
2016-11-07;7;2016-11-07 07:00:00;40,81;41,16;-0,3499999999999943;39858;118;48509;9084;9560;167;9727;9202;476;49;525;0,053973475891847436;0,0497907949790795;0,2934131736526946;-0,008576329331046172;3;0
2016-11-07;8;2016-11-07 08:00:00;38,01;45,67;-7,660000000000004;39858;994;48509;8805;9389;1422;10811;9799;584;428;1012;0,09360836185366755;0,06220044733198424;0,3009845288326301;-0,20152591423309665;3;0
2016-11-07;9;2016-11-07 09:00:00;38,07;46,98;-8,909999999999998;39858;2231;48509;8197;9138;3403;12541;10428;941;1172;2113;0,16848736145442947;0,10297658130882031;0,34440199823684986;-0,2340425531914893;3;0
2016-11-07;10;2016-11-07 10:00:00;39,93;49,29;-9,36;39858;3299;48509;7845;8744;4919;13663;11144;899;1620;2519;0,18436653736368294;0,10281335773101555;0,32933523073795484;-0,23441021788129224;3;0
2016-11-07;11;2016-11-07 11:00:00;39,98;52,89;-12,910000000000005;39858;4062;48509;7160;8175;5626;13801;11222;1015;1564;2579;0,18687051662922977;0,12415902140672783;0,2779950231070032;-0,3229114557278641;3;0
2016-11-07;12;2016-11-07 12:00:00;41,76;50,36;-8,600000000000001;39858;4086;48509;6516;7462;5529;12991;10602;946;1443;2389;0,18389654376106535;0,12677566336102922;0,2609875203472599;-0,2059386973180077;3;0
2016-11-07;13;2016-11-07 13:00:00;42,67;49,79;-7,119999999999997;39858;3742;48509;5843;6694;4720;11414;9585;851;978;1829;0,16024180830558962;0,12712877203465792;0,20720338983050848;-0,16686196390906954;3;0
2016-11-07;14;2016-11-07 14:00:00;46,9;52,03;-5,130000000000003;39858;2750;48509;5134;5885;3349;9234;7884;751;599;1350;0,14619883040935672;0,1276125743415463;0,17885936100328456;-0,10938166311300646;3;0
2016-11-07;15;2016-11-07 15:00:00;53,03;54,12;-1,0899999999999963;39858;1415;48509;4937;5225;1609;6834;6352;288;194;482;0,07052970441908106;0,05511961722488038;0,12057178371659416;-0,020554403168018032;3;0
2016-11-07;16;2016-11-07 16:00:00;58,45;56,7;1,75;39858;176;48509;4845;4812;252;5064;5021;-33;76;43;0,0084913112164297;-0,00685785536159601;0,30158730158730157;0,029940119760479042;3;0
2016-11-07;17;2016-11-07 17:00:00;69,83;70,61;-0,7800000000000011;39858;2;48509;4878;4699;0;4699;4880;-179;-2;-181;-0,03851883379442435;-0,038093211321557775;-inf;-0,01116998424745813;3;0
2016-11-07;18;2016-11-07 18:00:00;65,94;57,96;7,979999999999998;39858;0;48509;5186;4661;0;4661;5186;-525;0;-525;-0,11263677322462991;-0,11263677322462991;;0,12101910828025475;3;0
2016-11-07;19;2016-11-07 19:00:00;59,93;49,03;10,9;39858;0;48509;4930;4551;0;4551;4930;-379;0;-379;-0,08327840035157108;-0,08327840035157108;;0,18187885866844652;3;0
2016-11-07;20;2016-11-07 20:00:00;49,99;40,74;9,25;39858;0;48509;5066;4219;0;4219;5066;-847;0;-847;-0,2007584735719365;-0,2007584735719365;;0,1850370074014803;3;0
2016-11-07;21;2016-11-07 21:00:00;37,85;37,58;0,2700000000000031;39858;0;48509;4606;3828;0;3828;4606;-778;0;-778;-0,203239289446186;-0,203239289446186;;0,0071334214002642836;3;0
2016-11-07;22;2016-11-07 22:00:00;39,7;39,42;0,28000000000000114;39858;0;48509;4360;3447;0;3447;4360;-913;0;-913;-0,26486800116042936;-0,26486800116042936;;0,0070528967254408345;3;0
2016-11-07;23;2016-11-07 23:00:00;38,05;35,48;2,5700000000000003;39858;0;48509;4158;3104;0;3104;4158;-1054;0;-1054;-0,3395618556701031;-0,3395618556701031;;0,06754270696452037;3;0
2016-11-08;0;2016-11-08 00:00:00;37,47;34,86;2,6099999999999994;39860;0;48519;3897;3444;0;3444;3897;-453;0;-453;-0,13153310104529617;-0,13153310104529617;;0,06965572457966372;3;1
2016-11-08;1;2016-11-08 01:00:00;36,65;33,69;2,9600000000000013;39860;0;48519;3688;3194;0;3194;3688;-494;0;-494;-0,15466499686912963;-0,15466499686912963;;0,08076398362892227;3;1
2016-11-08;2;2016-11-08 02:00:00;36,09;33,76;2,3300000000000054;39860;0;48519;3651;3041;0;3041;3651;-610;0;-610;-0,20059191055573825;-0,20059191055573825;;0,06456082017179289;3;1
2016-11-08;3;2016-11-08 03:00:00;36,17;35,22;0,9500000000000028;39860;0;48519;3776;2963;0;2963;3776;-813;0;-813;-0,27438407019912253;-0,27438407019912253;;0,026264860381531734;3;1
2016-11-08;4;2016-11-08 04:00:00;37,13;35,78;1,3500000000000014;39860;0;48519;3984;2966;0;2966;3984;-1018;0;-1018;-0,34322319622387054;-0,34322319622387054;;0,03635873956369516;3;1
2016-11-08;5;2016-11-08 05:00:00;37,17;36,14;1,0300000000000011;39860;0;48519;4291;2998;0;2998;4291;-1293;0;-1293;-0,4312875250166778;-0,4312875250166778;;0,027710519235942994;3;1
2016-11-08;6;2016-11-08 06:00:00;46,77;43,74;3,030000000000001;39860;0;48519;4318;3052;0;3052;4318;-1266;0;-1266;-0,4148099606815203;-0,4148099606815203;;0,06478511866581144;3;1
2016-11-08;7;2016-11-08 07:00:00;61,65;59,61;2,039999999999999;39860;131;48519;4318;3060;219;3279;4449;-1258;88;-1170;-0,35681610247026535;-0,4111111111111111;0,4018264840182648;0,03309002433090023;3;1
2016-11-08;8;2016-11-08 08:00:00;64,64;61,26;3,3800000000000026;39860;1054;48519;4224;2947;1653;4600;5278;-1277;599;-678;-0,14739130434782607;-0,4333220223956566;0,3623714458560194;0,05228960396039608;3;1
2016-11-08;9;2016-11-08 09:00:00;63,89;59,2;4,689999999999999;39860;2745;48519;4022;2792;3892;6684;6767;-1230;1147;-83;-0,01241771394374626;-0,44054441260744986;0,2947070914696814;0,07340741900140865;3;1
2016-11-08;10;2016-11-08 10:00:00;58,97;59,73;-0,7599999999999979;39860;4256;48519;4038;2702;5861;8563;8294;-1336;1605;269;0,031414223986920474;-0,4944485566247224;0,27384405391571404;-0,012887909106325215;3;1
2016-11-08;11;2016-11-08 11:00:00;58,99;60,52;-1,5300000000000011;39860;4628;48519;4398;2711;6805;9516;9026;-1687;2177;490;0,051492223623371164;-0,6222796016230173;0,31991182953710506;-0,025936599423631142;3;1
2016-11-08;12;2016-11-08 12:00:00;58,47;62,16;-3,6899999999999977;39860;4603;48519;4631;2743;6677;9420;9234;-1888;2074;186;0,019745222929936305;-0,6882974845060154;0,3106185412610454;-0,06310928681375061;3;1
2016-11-08;13;2016-11-08 13:00:00;58,94;61,54;-2,6000000000000014;39860;4409;48519;4833;2717;5605;8322;9242;-2116;1196;-920;-0,11055034847392453;-0,7788001472211998;0,21338090990187333;-0,04411265693926029;3;1
2016-11-08;14;2016-11-08 14:00:00;62,13;62,34;-0,21000000000000085;39860;3460;48519;4940;2633;3898;6531;8400;-2307;438;-1869;-0,2861736334405145;-0,8761868590960881;0,11236531554643407;-0,003380009657170463;3;1
2016-11-08;15;2016-11-08 15:00:00;67,91;65,05;2,8599999999999994;39860;1580;48519;4880;2564;1838;4402;6460;-2316;258;-2058;-0,4675147660154475;-0,9032761310452418;0,14036996735582155;0,04211456339272566;3;1
2016-11-08;16;2016-11-08 16:00:00;84,92;79,42;5,5;39860;173;48519;5094;2643;265;2908;5267;-2451;92;-2359;-0,8112104539202201;-0,927355278093076;0,3471698113207547;0,06476683937823834;3;1
2016-11-08;17;2016-11-08 17:00:00;104,96;100,8;4,159999999999997;39860;2;48519;5411;2969;0;2969;5413;-2442;-2;-2444;-0,8231727854496463;-0,822499157965645;-inf;0,03963414634146339;3;1
2016-11-08;18;2016-11-08 18:00:00;70,03;64,48;5,549999999999998;39860;0;48519;5472;3470;0;3470;5472;-2002;0;-2002;-0,5769452449567724;-0,5769452449567724;;0,07925174925032126;3;1
2016-11-08;19;2016-11-08 19:00:00;56,43;51,24;5,189999999999999;39860;0;48519;5572;3976;0;3976;5572;-1596;0;-1596;-0,4014084507042254;-0,4014084507042254;;0,09197235513024984;3;1
2016-11-08;20;2016-11-08 20:00:00;44,15;49,39;-5,240000000000002;39860;0;48519;5767;4221;0;4221;5767;-1546;0;-1546;-0,3662639185027245;-0,3662639185027245;;-0,11868629671574184;3;1
2016-11-08;21;2016-11-08 21:00:00;42,45;43,43;-0,9799999999999968;39860;0;48519;5610;4371;0;4371;5610;-1239;0;-1239;-0,2834591626630062;-0,2834591626630062;;-0,0230859835100117;3;1
2016-11-08;22;2016-11-08 22:00:00;40,0;39,84;0,1599999999999966;39860;0;48519;5700;4498;0;4498;5700;-1202;0;-1202;-0,26722987994664293;-0,26722987994664293;;0,003999999999999915;3;1
2016-11-08;23;2016-11-08 23:00:00;35,98;35,17;0,8099999999999952;39860;0;48519;5716;4596;0;4596;5716;-1120;0;-1120;-0,24369016536118362;-0,24369016536118362;;0,02251250694830448;3;1
2016-11-09;0;2016-11-09 00:00:00;35,6;35,81;-0,21000000000000085;39864;0;48533;5752;4575;0;4575;5752;-1177;0;-1177;-0,25726775956284154;-0,25726775956284154;;-0,005898876404494406;3;2
2016-11-09;1;2016-11-09 01:00:00;33,38;26,54;6,8400000000000025;39864;0;48533;5467;4646;0;4646;5467;-821;0;-821;-0,17671114937580715;-0,17671114937580715;;0,20491312162971845;3;2
2016-11-09;2;2016-11-09 02:00:00;31,46;29,36;2,1000000000000014;39864;0;48533;4966;4613;0;4613;4966;-353;0;-353;-0,07652287014957729;-0,07652287014957729;;0,06675143038779406;3;2
2016-11-09;3;2016-11-09 03:00:00;31,48;31,02;0,4600000000000009;39864;0;48533;4592;4583;0;4583;4592;-9;0;-9;-0,00196377918394065;-0,00196377918394065;;0,014612452350698885;3;2
2016-11-09;4;2016-11-09 04:00:00;34,23;33,23;1,0;39864;0;48533;4512;4588;0;4588;4512;76;0;76;0,016564952048823016;0,016564952048823016;;0,0292141396435875;3;2
2016-11-09;5;2016-11-09 05:00:00;35,77;34,31;1,4600000000000009;39864;0;48533;4428;4621;0;4621;4428;193;0;193;0,041765851547284134;0,041765851547284134;;0,04081632653061226;3;2
2016-11-09;6;2016-11-09 06:00:00;39,77;41,48;-1,7099999999999935;39864;0;48533;4487;4702;0;4702;4487;215;0;215;0,045725223309230116;0,045725223309230116;;-0,042997234096052134;3;2
2016-11-09;7;2016-11-09 07:00:00;55,2;58,17;-2,969999999999999;39864;140;48533;4744;4781;231;5012;4884;37;91;128;0,025538707102952914;0,00773896674335913;0,3939393939393939;-0,05380434782608693;3;2
2016-11-09;8;2016-11-09 08:00:00;55,2;56,7;-1,5;39864;1567;48533;4705;4789;2230;7019;6272;84;663;747;0,10642541672602934;0,017540196283148884;0,29730941704035874;-0,02717391304347826;3;2
2016-11-09;9;2016-11-09 09:00:00;54,96;54,35;0,6099999999999994;39864;3821;48533;4241;4722;5449;10171;8062;481;1628;2109;0,207354242454036;0,10186361711139348;0,29877041659020004;0,011098981077147005;3;2
2016-11-09;10;2016-11-09 10:00:00;49,72;51,8;-2,0799999999999983;39864;6191;48533;3648;4669;7834;12503;9839;1021;1643;2664;0,21306886347276655;0,21867637609766546;0,20972683175899923;-0,041834271922767466;3;2
2016-11-09;11;2016-11-09 11:00:00;56,92;54,66;2,2600000000000047;39864;7700;48533;3236;4695;8683;13378;10936;1459;983;2442;0,1825384960382718;0,3107561235356763;0,11320972014280778;0,039704848910752016;3;2
2016-11-09;12;2016-11-09 12:00:00;55,82;49,4;6,420000000000003;39864;7654;48533;2909;4709;8110;12819;10563;1800;456;2256;0,17598876667446758;0,3822467615204927;0,0562268803945746;0,11501254030813333;3;2
2016-11-09;13;2016-11-09 13:00:00;55,58;48,84;6,739999999999995;39864;5951;48533;2716;4627;6404;11031;8667;1911;453;2364;0,2143051400598314;0,4130105900151286;0,070737039350406;0,12126664267722194;3;2
2016-11-09;14;2016-11-09 14:00:00;54,28;52,12;2,160000000000004;39864;3500;48533;2890;4736;4135;8871;6390;1846;635;2481;0,27967534663510313;0,38978040540540543;0,15356711003627568;0,03979366249078858;3;2
2016-11-09;15;2016-11-09 15:00:00;55,08;55,18;-0,10000000000000142;39864;1262;48533;3384;5090;1716;6806;4646;1706;454;2160;0,31736702909197767;0,33516699410609035;0,26456876456876455;-0,0018155410312273316;3;2
2016-11-09;16;2016-11-09 16:00:00;62,21;57,58;4,630000000000003;39864;83;48533;4398;5728;175;5903;4481;1330;92;1422;0,2408944604438421;0,2321927374301676;0,5257142857142857;0,07442533354766119;3;2
2016-11-09;17;2016-11-09 17:00:00;78,44;65,96;12,480000000000004;39864;0;48533;5656;6620;0;6620;5656;964;0;964;0,14561933534743202;0,14561933534743202;;0,1591024987251403;3;2
2016-11-09;18;2016-11-09 18:00:00;60,93;56,15;4,780000000000001;39864;0;48533;7164;7445;0;7445;7164;281;0;281;0,037743451981195435;0,037743451981195435;;0,0784506811094699;3;2
2016-11-09;19;2016-11-09 19:00:00;58,5;51,65;6,850000000000001;39864;0;48533;7882;7773;0;7773;7882;-109;0;-109;-0,014022899781294224;-0,014022899781294224;;0,11709401709401712;3;2
2016-11-09;20;2016-11-09 20:00:00;48,22;42,09;6,129999999999996;39864;0;48533;8282;7819;0;7819;8282;-463;0;-463;-0,059214733341859574;-0,059214733341859574;;0,1271256739941932;3;2
2016-11-09;21;2016-11-09 21:00:00;40,85;35,05;5,800000000000003;39864;0;48533;8548;7709;0;7709;8548;-839;0;-839;-0,10883383058762486;-0,10883383058762486;;0,141982864137087;3;2
2016-11-09;22;2016-11-09 22:00:00;39,5;34,84;4,659999999999997;39864;0;48533;8529;7474;0;7474;8529;-1055;0;-1055;-0,14115600749264115;-0,14115600749264115;;0,11797468354430371;3;2
2016-11-09;23;2016-11-09 23:00:00;36,1;31,0;5,100000000000001;39864;0;48533;8554;7248;0;7248;8554;-1306;0;-1306;-0,18018763796909493;-0,18018763796909493;;0,14127423822714685;3;2
2016-11-10;0;2016-11-10 00:00:00;33,53;31,25;2,2800000000000007;39867;0;48546;8076;6715;0;6715;8076;-1361;0;-1361;-0,20268056589724498;-0,20268056589724498;;0,06799880703847302;3;3
2016-11-10;1;2016-11-10 01:00:00;32,95;30,46;2,490000000000002;39867;0;48546;8219;6505;0;6505;8219;-1714;0;-1714;-0,26348962336664106;-0,26348962336664106;;0,07556904400606985;3;3
2016-11-10;2;2016-11-10 02:00:00;31,69;30,07;1,620000000000001;39867;0;48546;7972;6103;0;6103;7972;-1869;0;-1869;-0,3062428313943962;-0,3062428313943962;;0,05112022720100981;3;3
2016-11-10;3;2016-11-10 03:00:00;33,2;29,27;3,9300000000000033;39867;0;48546;7240;5737;0;5737;7240;-1503;0;-1503;-0,2619836151298588;-0,2619836151298588;;0,1183734939759037;3;3
2016-11-10;4;2016-11-10 04:00:00;33,53;30,68;2,8500000000000014;39867;0;48546;6757;5450;0;5450;6757;-1307;0;-1307;-0,2398165137614679;-0,2398165137614679;;0,0849985087980913;3;3
2016-11-10;5;2016-11-10 05:00:00;35,0;32,57;2,43;39867;0;48546;6469;5204;0;5204;6469;-1265;0;-1265;-0,24308224442736356;-0,24308224442736356;;0,06942857142857144;3;3
2016-11-10;6;2016-11-10 06:00:00;41,48;36,38;5,099999999999994;39867;0;48546;6324;4925;0;4925;6324;-1399;0;-1399;-0,2840609137055838;-0,2840609137055838;;0,12295081967213102;3;3
2016-11-10;7;2016-11-10 07:00:00;50,37;47,9;2,4699999999999993;39867;71;48546;6119;4586;85;4671;6190;-1533;14;-1519;-0,32519803040034256;-0,3342782381160052;0,16470588235294117;0,04903712527297994;3;3
2016-11-10;8;2016-11-10 08:00:00;58,91;55,19;3,719999999999999;39867;736;48546;5494;4230;742;4972;6230;-1264;6;-1258;-0,25301689460981497;-0,2988179669030733;0,008086253369272238;0,06314717365472754;3;3
2016-11-10;9;2016-11-10 09:00:00;59,98;55,82;4,159999999999997;39867;1822;48546;5077;3906;1819;5725;6899;-1171;-3;-1174;-0,2050655021834061;-0,2997951868919611;-0,0016492578339747114;0,06935645215071685;3;3
2016-11-10;10;2016-11-10 10:00:00;58,52;55,42;3,1000000000000014;39867;2709;48546;4568;3627;2768;6395;7277;-941;59;-882;-0,1379202501954652;-0,2594430658946788;0,021315028901734104;0,05297334244702668;3;3
2016-11-10;11;2016-11-10 11:00:00;59,93;55,24;4,689999999999999;39867;3519;48546;4098;3438;3360;6798;7617;-660;-159;-819;-0,1204766107678729;-0,19197207678883071;-0,04732142857142857;0,07825796762890036;3;3
2016-11-10;12;2016-11-10 12:00:00;61,1;55,53;5,57;39867;3727;48546;3994;3268;3415;6683;7721;-726;-312;-1038;-0,1553194673051025;-0,22215422276621788;-0,09136163982430454;0,0911620294599018;3;3
2016-11-10;13;2016-11-10 13:00:00;65,01;57,62;7,390000000000009;39867;3237;48546;3645;3056;2953;6009;6882;-589;-284;-873;-0,14528207688467298;-0,19273560209424084;-0,09617338300033863;0,11367481925857573;3;3
2016-11-10;14;2016-11-10 14:00:00;63,24;57,1;6,1400000000000015;39867;2358;48546;3260;2806;2065;4871;5618;-454;-293;-747;-0,15335660028741532;-0,1617961511047755;-0,14188861985472154;0,09709044908285897;3;3
2016-11-10;15;2016-11-10 15:00:00;65,08;59,31;5,769999999999996;39867;997;48546;3258;2630;902;3532;4255;-628;-95;-723;-0,20469988674971687;-0,23878326996197718;-0,10532150776053215;0,08866011063306693;3;3
2016-11-10;16;2016-11-10 16:00:00;63,08;55,67;7,4099999999999975;39867;106;48546;3710;2669;122;2791;3816;-1041;16;-1025;-0,36725188104622;-0,39003372049456725;0,13114754098360656;0,11746987951807225;3;3
2016-11-10;17;2016-11-10 17:00:00;98,15;84,83;13,320000000000007;39867;0;48546;4662;2956;0;2956;4662;-1706;0;-1706;-0,5771312584573748;-0,5771312584573748;;0,13571064696892518;3;3
2016-11-10;18;2016-11-10 18:00:00;67,87;54,03;13,840000000000005;39867;0;48546;5378;3316;0;3316;5378;-2062;0;-2062;-0,6218335343787696;-0,6218335343787696;;0,20391925740386038;3;3
2016-11-10;19;2016-11-10 19:00:00;60,24;51,12;9,120000000000003;39867;0;48546;5739;3652;0;3652;5739;-2087;0;-2087;-0,5714676889375685;-0,5714676889375685;;0,151394422310757;3;3
2016-11-10;20;2016-11-10 20:00:00;50,39;46,54;3,8500000000000014;39867;0;48546;5985;3792;0;3792;5985;-2193;0;-2193;-0,5783227848101266;-0,5783227848101266;;0,07640404842230604;3;3
2016-11-10;21;2016-11-10 21:00:00;41,96;37,66;4,300000000000004;39867;0;48546;5960;3838;0;3838;5960;-2122;0;-2122;-0,552892131318395;-0,552892131318395;;0,10247855100095339;3;3
2016-11-10;22;2016-11-10 22:00:00;39,72;36,5;3,219999999999999;39867;0;48546;5790;3828;0;3828;5790;-1962;0;-1962;-0,512539184952978;-0,512539184952978;;0,08106747230614297;3;3
2016-11-10;23;2016-11-10 23:00:00;37,76;35,05;2,7100000000000013;39867;0;48546;5708;3773;0;3773;5708;-1935;0;-1935;-0,5128544924463292;-0,5128544924463292;;0,07176906779661021;3;3
2016-11-11;0;2016-11-11 00:00:00;37,07;39,71;-2,640000000000001;39868;0;48559;5826;4804;0;4804;5826;-1022;0;-1022;-0,21273938384679433;-0,21273938384679433;;-0,07121661721068252;3;4
2016-11-11;1;2016-11-11 01:00:00;36,22;38,22;-2,0;39868;0;48559;5785;4833;0;4833;5785;-952;0;-952;-0,19697910200703497;-0,19697910200703497;;-0,05521811154058531;3;4
2016-11-11;2;2016-11-11 02:00:00;34,9;36,4;-1,5;39868;0;48559;5811;4855;0;4855;5811;-956;0;-956;-0,19691040164778578;-0,19691040164778578;;-0,042979942693409746;3;4
2016-11-11;3;2016-11-11 03:00:00;34,46;37,3;-2,8399999999999963;39868;0;48559;5932;4916;0;4916;5932;-1016;0;-1016;-0,20667209113100082;-0,20667209113100082;;-0,08241439349970969;3;4
2016-11-11;4;2016-11-11 04:00:00;36,46;36,75;-0,28999999999999915;39868;0;48559;5859;5038;0;5038;5859;-821;0;-821;-0,1629614926558158;-0,1629614926558158;;-0,007953922106417969;3;4
2016-11-11;5;2016-11-11 05:00:00;35,45;36,62;-1,1699999999999946;39868;0;48559;6382;5185;0;5185;6382;-1197;0;-1197;-0,23085824493731918;-0,23085824493731918;;-0,033004231311706475;3;4
2016-11-11;6;2016-11-11 06:00:00;37,6;38,26;-0,6599999999999966;39868;0;48559;7113;5282;0;5282;7113;-1831;0;-1831;-0,34664899659219994;-0,34664899659219994;;-0,01755319148936161;3;4
2016-11-11;7;2016-11-11 07:00:00;48,46;44,57;3,890000000000001;39868;55;48559;7253;5214;82;5296;7308;-2039;27;-2012;-0,37990936555891236;-0,3910625239739164;0,32926829268292684;0,08027238959966985;3;4
2016-11-11;8;2016-11-11 08:00:00;54,97;44,53;10,439999999999998;39868;584;48559;7155;4896;881;5777;7739;-2259;297;-1962;-0,33962264150943394;-0,46139705882352944;0,337116912599319;0,18992177551391665;3;4
2016-11-11;9;2016-11-11 09:00:00;54,92;46,62;8,300000000000004;39868;1685;48559;6691;4449;2335;6784;8376;-2242;650;-1592;-0,2346698113207547;-0,5039334681951;0,278372591006424;0,1511289147851421;3;4
2016-11-11;10;2016-11-11 10:00:00;55,9;50,23;5,670000000000003;39868;3000;48559;5672;3958;3726;7684;8672;-1714;726;-988;-0,12857886517438835;-0,43304699343102576;0,19484702093397746;0,10143112701252241;3;4
2016-11-11;11;2016-11-11 11:00:00;55,93;53,03;2,8999999999999986;39868;3868;48559;4976;3509;4646;8155;8844;-1467;778;-689;-0,0844880441446965;-0,41806782559133654;0,16745587602238485;0,051850527445020535;3;4
2016-11-11;12;2016-11-11 12:00:00;54,93;56,05;-1,1199999999999974;39868;4143;48559;4448;3148;4825;7973;8591;-1300;682;-618;-0,07751160165558761;-0,41296060991105465;0,14134715025906736;-0,02038958674676857;3;4
2016-11-11;13;2016-11-11 13:00:00;54,42;54,6;-0,17999999999999972;39868;3886;48559;3905;2909;4211;7120;7791;-996;325;-671;-0,09424157303370786;-0,34238569955311104;0,07717881738304441;-0,0033076074972436553;3;4
2016-11-11;14;2016-11-11 14:00:00;51,7;48,1;3,6000000000000014;39868;2735;48559;3644;2786;2921;5707;6379;-858;186;-672;-0,11775013141755739;-0,3079684134960517;0,06367682300581992;0,06963249516441009;3;4
2016-11-11;15;2016-11-11 15:00:00;51,71;50,56;1,1499999999999986;39868;1060;48559;3608;2726;1258;3984;4668;-882;198;-684;-0,1716867469879518;-0,3235509904622157;0,1573926868044515;0,022239412105975607;3;4
2016-11-11;16;2016-11-11 16:00:00;57,91;56,63;1,2799999999999943;39868;100;48559;3430;2703;157;2860;3530;-727;57;-670;-0,23426573426573427;-0,26896041435442103;0,3630573248407643;0,022103263685028393;3;4
2016-11-11;17;2016-11-11 17:00:00;64,92;66,42;-1,5;39868;0;48559;3487;2710;0;2710;3487;-777;0;-777;-0,2867158671586716;-0,2867158671586716;;-0,02310536044362292;3;4
2016-11-11;18;2016-11-11 18:00:00;56,94;57,91;-0,9699999999999988;39868;0;48559;3593;2675;0;2675;3593;-918;0;-918;-0,34317757009345795;-0,34317757009345795;;-0,017035475939585508;3;4
2016-11-11;19;2016-11-11 19:00:00;56,25;58,04;-1,7899999999999991;39868;0;48559;3344;2531;0;2531;3344;-813;0;-813;-0,32121691031212957;-0,32121691031212957;;-0,03182222222222221;3;4
2016-11-11;20;2016-11-11 20:00:00;45,79;50,3;-4,509999999999998;39868;0;48559;3071;2242;0;2242;3071;-829;0;-829;-0,36975914362176626;-0,36975914362176626;;-0,09849312076872675;3;4
2016-11-11;21;2016-11-11 21:00:00;42,09;44,89;-2,799999999999997;39868;0;48559;2876;1923;0;1923;2876;-953;0;-953;-0,4955798231929277;-0,4955798231929277;;-0,06652411499168441;3;4
2016-11-11;22;2016-11-11 22:00:00;43,48;44,55;-1,0700000000000005;39868;0;48559;2572;1627;0;1627;2572;-945;0;-945;-0,5808236017209588;-0,5808236017209588;;-0,024609015639374437;3;4
2016-11-11;23;2016-11-11 23:00:00;41,27;43,27;-2,0;39868;0;48559;2280;1435;0;1435;2280;-845;0;-845;-0,5888501742160279;-0,5888501742160279;;-0,0484613520717228;3;4
2016-11-12;0;2016-11-12 00:00:00;40,21;43,49;-3,280000000000001;39868;0;48563;2038;1543;0;1543;2038;-495;0;-495;-0,3208036292935839;-0,3208036292935839;;-0,08157174832131313;3;5
2016-11-12;1;2016-11-12 01:00:00;38,31;41,95;-3,640000000000001;39868;0;48563;1942;1394;0;1394;1942;-548;0;-548;-0,3931133428981349;-0,3931133428981349;;-0,09501435656486559;3;5
2016-11-12;2;2016-11-12 02:00:00;36,78;39,1;-2,3200000000000003;39868;0;48563;2032;1359;0;1359;2032;-673;0;-673;-0,4952170713760118;-0,4952170713760118;;-0,06307775965198478;3;5
2016-11-12;3;2016-11-12 03:00:00;36,09;37,09;-1,0;39868;0;48563;2352;1390;0;1390;2352;-962;0;-962;-0,6920863309352518;-0,6920863309352518;;-0,027708506511499028;3;5
2016-11-12;4;2016-11-12 04:00:00;36,05;35,31;0,7399999999999949;39868;0;48563;2549;1528;0;1528;2549;-1021;0;-1021;-0,6681937172774869;-0,6681937172774869;;0,020527045769764076;3;5
2016-11-12;5;2016-11-12 05:00:00;36,09;36,32;-0,2299999999999969;39868;0;48563;2679;1802;0;1802;2679;-877;0;-877;-0,48668146503884574;-0,48668146503884574;;-0,00637295649764469;3;5
2016-11-12;6;2016-11-12 06:00:00;36,33;36,47;-0,14000000000000054;39868;0;48563;2977;2169;0;2169;2977;-808;0;-808;-0,37252189949285386;-0,37252189949285386;;-0,003853564547206181;3;5
2016-11-12;7;2016-11-12 07:00:00;38,38;42,52;-4,1400000000000015;39868;68;48563;3349;2562;116;2678;3417;-787;48;-739;-0,2759522031366692;-0,30718188914910227;0,41379310344827586;-0,10786868160500264;3;5
2016-11-12;8;2016-11-12 08:00:00;42,21;47,53;-5,32;39868;932;48563;3940;2946;1635;4581;4872;-994;703;-291;-0,06352324819908317;-0,33740665308893414;0,42996941896024465;-0,12603648424543948;3;5
2016-11-12;9;2016-11-12 09:00:00;45,77;47,82;-2,0499999999999967;39868;3038;48563;4135;3281;4346;7627;7173;-854;1308;454;0,059525370394650584;-0,2602864980188967;0,300966405890474;-0,04478916320734098;3;5
2016-11-12;10;2016-11-12 10:00:00;46,52;50,47;-3,949999999999996;39868;5170;48563;4302;3468;6584;10052;9472;-834;1414;580;0,05769996020692399;-0,24048442906574394;0,21476306196840828;-0,08490971625107471;3;5
2016-11-12;11;2016-11-12 11:00:00;43,34;49,25;-5,9099999999999975;39868;6544;48563;4388;3518;7898;11416;10932;-870;1354;484;0,04239663629992992;-0,24729960204661738;0,17143580653329957;-0,1363636363636363;3;5
2016-11-12;12;2016-11-12 12:00:00;39,94;47,5;-7,560000000000002;39868;6636;48563;4379;3506;8002;11508;11015;-873;1366;493;0,042839763642683354;-0,24900171135196805;0,1707073231692077;-0,1892839258888333;3;5
2016-11-12;13;2016-11-12 13:00:00;40,86;45,89;-5,030000000000001;39868;5828;48563;4294;3508;6972;10480;10122;-786;1144;358;0,03416030534351145;-0,22405929304446978;0,16408491107286288;-0,12310327949094473;3;5
2016-11-12;14;2016-11-12 14:00:00;36,09;40,32;-4,229999999999997;39868;3897;48563;4255;3645;4889;8534;8152;-610;992;382;0,04476212795875322;-0,1673525377229081;0,202904479443649;-0,1172069825436408;3;5
2016-11-12;15;2016-11-12 15:00:00;38,06;43,5;-5,439999999999998;39868;1510;48563;4568;3924;2114;6038;6078;-644;604;-40;-0,006624710168930109;-0,16411824668705402;0,2857142857142857;-0,14293221229637407;3;5
2016-11-12;16;2016-11-12 16:00:00;45,9;51,09;-5,190000000000005;39868;133;48563;5424;4489;231;4720;5557;-935;98;-837;-0,17733050847457626;-0,20828692359100023;0,42424242424242425;-0,11307189542483671;3;5
2016-11-12;17;2016-11-12 17:00:00;51,17;54,54;-3,369999999999997;39868;0;48563;6414;5355;0;5355;6414;-1059;0;-1059;-0,19775910364145657;-0,19775910364145657;;-0,06585890170021491;3;5
2016-11-12;18;2016-11-12 18:00:00;48,32;49,04;-0,7199999999999989;39868;0;48563;7458;6230;0;6230;7458;-1228;0;-1228;-0,1971107544141252;-0,1971107544141252;;-0,014900662251655606;3;5
2016-11-12;19;2016-11-12 19:00:00;39,15;40,03;-0,8800000000000026;39868;0;48563;7692;6963;0;6963;7692;-729;0;-729;-0,1046962516156829;-0,1046962516156829;;-0,022477650063857026;3;5
2016-11-12;20;2016-11-12 20:00:00;36,1;39,51;-3,4099999999999966;39868;0;48563;7700;7191;0;7191;7700;-509;0;-509;-0,07078292309831734;-0,07078292309831734;;-0,09445983379501376;3;5
2016-11-12;21;2016-11-12 21:00:00;34,77;38,32;-3,549999999999997;39868;0;48563;7883;7183;0;7183;7883;-700;0;-700;-0,09745231797299178;-0,09745231797299178;;-0,10209951107276379;3;5
2016-11-12;22;2016-11-12 22:00:00;34,99;38,14;-3,1499999999999986;39868;0;48563;7904;6996;0;6996;7904;-908;0;-908;-0,1297884505431675;-0,1297884505431675;;-0,09002572163475274;3;5
2016-11-12;23;2016-11-12 23:00:00;34,34;35,97;-1,6299999999999957;39868;0;48563;7790;6679;0;6679;7790;-1111;0;-1111;-0,16634226680640815;-0,16634226680640815;;-0,047466511357017925;3;5
2016-11-13;0;2016-11-13 00:00:00;32,99;35,68;-2,6899999999999977;39868;0;48563;7936;6757;0;6757;7936;-1179;0;-1179;-0,1744857185141335;-0,1744857185141335;;-0,08153986056380715;3;6
2016-11-13;1;2016-11-13 01:00:00;34,15;37,07;-2,9200000000000017;39868;0;48563;7949;6431;0;6431;7949;-1518;0;-1518;-0,23604416109469756;-0,23604416109469756;;-0,08550512445095174;3;6
2016-11-13;2;2016-11-13 02:00:00;32,95;34,45;-1,5;39868;0;48563;7909;6249;0;6249;7909;-1660;0;-1660;-0,2656425028004481;-0,2656425028004481;;-0,04552352048558422;3;6
2016-11-13;3;2016-11-13 03:00:00;31,76;33,71;-1,9499999999999995;39868;0;48563;7953;6173;0;6173;7953;-1780;0;-1780;-0,2883525028349263;-0,2883525028349263;;-0,06139798488664985;3;6
2016-11-13;4;2016-11-13 04:00:00;31,46;32,62;-1,1599999999999966;39868;0;48563;7998;6165;0;6165;7998;-1833;0;-1833;-0,297323600973236;-0,297323600973236;;-0,0368722186904004;3;6
2016-11-13;5;2016-11-13 05:00:00;31,43;31,3;0,129999999999999;39868;0;48563;8120;6208;0;6208;8120;-1912;0;-1912;-0,3079896907216495;-0,3079896907216495;;0,004136175628380497;3;6
2016-11-13;6;2016-11-13 06:00:00;31,63;31,42;0,2099999999999973;39868;0;48563;7932;6163;0;6163;7932;-1769;0;-1769;-0,2870355346422197;-0,2870355346422197;;0,006639266519127326;3;6
2016-11-13;7;2016-11-13 07:00:00;31,46;31,15;0,3100000000000023;39868;124;48563;7500;6011;119;6130;7624;-1489;-5;-1494;-0,2437194127243067;-0,24771252703377142;-0,04201680672268908;0,009853782581055381;3;6
2016-11-13;8;2016-11-13 08:00:00;35,07;33,13;1,9399999999999975;39868;1512;48563;7280;5754;1472;7226;8792;-1526;-40;-1566;-0,21671740935510656;-0,26520681265206814;-0,02717391304347826;0,05531793555745644;3;6
2016-11-13;9;2016-11-13 09:00:00;36,02;33,17;2,8500000000000014;39868;4087;48563;6773;5387;4286;9673;10860;-1386;199;-1187;-0,12271270546883077;-0,25728605903100055;0,04643023798413439;0,0791227096057746;3;6
2016-11-13;10;2016-11-13 10:00:00;35,57;34,82;0,75;39868;6984;48563;5833;4870;7082;11952;12817;-963;98;-865;-0,07237282463186077;-0,197741273100616;0,01383789889861621;0,021085184143941525;3;6
2016-11-13;11;2016-11-13 11:00:00;36,37;33,07;3,299999999999997;39868;8639;48563;5270;4278;8632;12910;13909;-992;-7;-999;-0,07738187451587916;-0,2318840579710145;-0,0008109360518999073;0,0907341215287324;3;6
2016-11-13;12;2016-11-13 12:00:00;36,1;32,81;3,2899999999999987;39868;8316;48563;4919;3729;8812;12541;13235;-1190;496;-694;-0,05533848975360817;-0,3191204076159828;0,05628688152519292;0,09113573407202212;3;6
2016-11-13;13;2016-11-13 13:00:00;36,05;30,54;5,509999999999998;39868;7936;48563;4220;3305;7681;10986;12156;-915;-255;-1170;-0,1064991807755325;-0,27685325264750377;-0,03319880223929176;0,1528432732316227;3;6
2016-11-13;14;2016-11-13 14:00:00;36,28;29,68;6,600000000000001;39868;4922;48563;3605;3207;5350;8557;8527;-398;428;30;0,0035059016010283977;-0,12410352354225132;0,08;0,18191841234840136;3;6
2016-11-13;15;2016-11-13 15:00:00;39,37;35,09;4,279999999999993;39868;1897;48563;3596;3399;2286;5685;5493;-197;389;192;0,033773087071240104;-0,057958223006766695;0,17016622922134733;0,10871221742443468;3;6
2016-11-13;16;2016-11-13 16:00:00;44,74;47,18;-2,4399999999999977;39868;125;48563;4530;4017;227;4244;4655;-513;102;-411;-0,09684260131950989;-0,1277072442120986;0,44933920704845814;-0,05453732677693334;3;6
2016-11-13;17;2016-11-13 17:00:00;48,82;45,47;3,3500000000000014;39868;0;48563;5695;4911;0;4911;5695;-784;0;-784;-0,15964162085115047;-0,15964162085115047;;0,06861941827120036;3;6
2016-11-13;18;2016-11-13 18:00:00;48,29;43,62;4,670000000000002;39868;0;48563;6588;5711;0;5711;6588;-877;0;-877;-0,1535632988968657;-0,1535632988968657;;0,09670739283495551;3;6
2016-11-13;19;2016-11-13 19:00:00;46,07;41,25;4,82;39868;0;48563;7323;6176;0;6176;7323;-1147;0;-1147;-0,18571891191709844;-0,18571891191709844;;0,10462339917516823;3;6
2016-11-13;20;2016-11-13 20:00:00;40,9;36,29;4,6099999999999985;39868;0;48563;7708;6199;0;6199;7708;-1509;0;-1509;-0,24342635909017585;-0,24342635909017585;;0,11271393643031781;3;6
2016-11-13;21;2016-11-13 21:00:00;38,06;30,7;7,360000000000002;39868;0;48563;7883;6049;0;6049;7883;-1834;0;-1834;-0,3031906100181848;-0,3031906100181848;;0,19337887545980037;3;6
2016-11-13;22;2016-11-13 22:00:00;37,44;32,35;5,089999999999995;39868;0;48563;8280;5809;0;5809;8280;-2471;0;-2471;-0,42537441900499223;-0,42537441900499223;;0,13595085470085458;3;6
2016-11-13;23;2016-11-13 23:00:00;35,91;27,85;8,059999999999995;39868;0;48563;8232;5547;0;5547;8232;-2685;0;-2685;-0,48404542996214167;-0,48404542996214167;;0,224450013923698;3;6
2016-11-14;0;2016-11-14 00:00:00;32,56;27,97;4,590000000000003;39872;0;48582;7756;5896;0;5896;7756;-1860;0;-1860;-0,31546811397557667;-0,31546811397557667;;0,14097051597051607;3;0
2016-11-14;1;2016-11-14 01:00:00;31,61;27,86;3,75;39872;0;48582;7714;5852;0;5852;7714;-1862;0;-1862;-0,3181818181818182;-0,3181818181818182;;0,11863334387851945;3;0
2016-11-14;2;2016-11-14 02:00:00;31,79;28,41;3,379999999999999;39872;0;48582;8103;5794;0;5794;8103;-2309;0;-2309;-0,39851570590265795;-0,39851570590265795;;0,10632274300094366;3;0
2016-11-14;3;2016-11-14 03:00:00;31,68;28,3;3,379999999999999;39872;0;48582;8525;5774;0;5774;8525;-2751;0;-2751;-0,47644613785936957;-0,47644613785936957;;0,10669191919191916;3;0
2016-11-14;4;2016-11-14 04:00:00;31,68;25,46;6,219999999999999;39872;0;48582;8898;5854;0;5854;8898;-3044;0;-3044;-0,5199863341305091;-0,5199863341305091;;0,1963383838383838;3;0
2016-11-14;5;2016-11-14 05:00:00;32,69;27,93;4,759999999999998;39872;0;48582;9570;6090;0;6090;9570;-3480;0;-3480;-0,5714285714285714;-0,5714285714285714;;0,14561027837259097;3;0
2016-11-14;6;2016-11-14 06:00:00;43,92;36,68;7,240000000000002;39872;0;48582;10040;6383;0;6383;10040;-3657;0;-3657;-0,5729280902396992;-0,5729280902396992;;0,1648451730418944;3;0
2016-11-14;7;2016-11-14 07:00:00;54,92;42,41;12,510000000000005;39872;224;48582;10517;6690;231;6921;10741;-3827;7;-3820;-0,5519433607860136;-0,5720478325859492;0,030303030303030304;0,22778587035688283;3;0
2016-11-14;8;2016-11-14 08:00:00;51,19;49,94;1,25;39872;3176;48582;10952;7015;3276;10291;14128;-3937;100;-3837;-0,3728500631619862;-0,5612259444048467;0,030525030525030524;0,02441883180308654;3;0
2016-11-14;9;2016-11-14 09:00:00;38,49;39,28;-0,7899999999999991;39872;7578;48582;10308;7137;8161;15298;17886;-3171;583;-2588;-0,16917244084194014;-0,4443043295502312;0,07143732385737042;-0,020524811639386832;3;0
2016-11-14;10;2016-11-14 10:00:00;37,07;38,58;-1,509999999999998;39872;11382;48582;9120;6882;11853;18735;20502;-2238;471;-1767;-0,09431545236188951;-0,32519616390584133;0,03973677549987345;-0,04073374696520092;3;0
2016-11-14;11;2016-11-14 11:00:00;36,94;39,29;-2,3500000000000014;39872;13082;48582;8587;6509;13591;20100;21669;-2078;509;-1569;-0,07805970149253731;-0,3192502688585036;0,037451254506658815;-0,06361667569030865;3;0
2016-11-14;12;2016-11-14 12:00:00;39,51;43,64;-4,130000000000003;39872;12644;48582;8654;6338;13398;19736;21298;-2316;754;-1562;-0,07914471017430078;-0,36541495739981067;0,05627705627705628;-0,10453049860794743;3;0
2016-11-14;13;2016-11-14 13:00:00;37,84;45,02;-7,18;39872;10405;48582;8706;6530;11331;17861;19111;-2176;926;-1250;-0,06998488326521471;-0,3332312404287902;0,08172270761627394;-0,18974630021141647;3;0
2016-11-14;14;2016-11-14 14:00:00;42,03;47,77;-5,740000000000002;39872;6811;48582;8398;7134;7707;14841;15209;-1264;896;-368;-0,0247961727646385;-0,17717970283151108;0,11625794732061762;-0,13656911729716872;3;0
2016-11-14;15;2016-11-14 15:00:00;51,19;48,74;2,449999999999996;39872;2488;48582;8683;8137;3262;11399;11171;-546;774;228;0,020001754539871918;-0,0671008971365368;0,23727774371551197;0,047860910334049545;3;0
2016-11-14;16;2016-11-14 16:00:00;49,95;51,64;-1,6899999999999975;39872;172;48582;9826;9421;307;9728;9998;-405;135;-270;-0,027754934210526317;-0,04298906697802781;0,43973941368078173;-0,03383383383383378;3;0
2016-11-14;17;2016-11-14 17:00:00;56,09;56,57;-0,4799999999999969;39872;0;48582;11547;10733;0;10733;11547;-814;0;-814;-0,07584086462312495;-0,07584086462312495;;-0,008557675164913476;3;0
2016-11-14;18;2016-11-14 18:00:00;46,98;47,03;-0,05000000000000426;39872;0;48582;13257;11906;0;11906;13257;-1351;0;-1351;-0,11347219889131531;-0,11347219889131531;;-0,0010642826734781666;3;0
2016-11-14;19;2016-11-14 19:00:00;38,58;44,2;-5,6200000000000045;39872;0;48582;14588;12872;0;12872;14588;-1716;0;-1716;-0,13331261653200746;-0,13331261653200746;;-0,14567133229652682;3;0
2016-11-14;20;2016-11-14 20:00:00;40,07;35,9;4,170000000000002;39872;0;48582;16042;13543;0;13543;16042;-2499;0;-2499;-0,1845233700066455;-0,1845233700066455;;0,10406788120788624;3;0
2016-11-14;21;2016-11-14 21:00:00;35,36;33,82;1,5399999999999991;39872;0;48582;16852;14119;0;14119;16852;-2733;0;-2733;-0,19356894964232593;-0,19356894964232593;;0,043552036199095;3;0
2016-11-14;22;2016-11-14 22:00:00;32,67;31,25;1,4200000000000017;39872;0;48582;16848;14584;0;14584;16848;-2264;0;-2264;-0,15523861766319255;-0,15523861766319255;;0,0434649525558617;3;0
2016-11-14;23;2016-11-14 23:00:00;31,72;30,52;1,1999999999999993;39872;0;48582;16486;14881;0;14881;16486;-1605;0;-1605;-0,10785565486190445;-0,10785565486190445;;0,03783102143757879;3;0
2016-11-15;0;2016-11-15 00:00:00;30,08;31,1;-1,0200000000000031;39877;0;48591;16009;15271;0;15271;16009;-738;0;-738;-0,04832689411302469;-0,04832689411302469;;-0,033909574468085214;3;1
2016-11-15;1;2016-11-15 01:00:00;30,18;31,33;-1,1499999999999986;39877;0;48591;15617;15153;0;15153;15617;-464;0;-464;-0,030620999142084077;-0,030620999142084077;;-0,03810470510271698;3;1
2016-11-15;2;2016-11-15 02:00:00;27,68;32,03;-4,350000000000001;39877;0;48591;15356;14900;0;14900;15356;-456;0;-456;-0,030604026845637584;-0,030604026845637584;;-0,1571531791907515;3;1
2016-11-15;3;2016-11-15 03:00:00;26,58;32,35;-5,770000000000002;39877;0;48591;15080;14664;0;14664;15080;-416;0;-416;-0,028368794326241134;-0,028368794326241134;;-0,21708051166290454;3;1
2016-11-15;4;2016-11-15 04:00:00;30,07;32,67;-2,6000000000000014;39877;0;48591;15017;14470;0;14470;15017;-547;0;-547;-0,03780234968901175;-0,03780234968901175;;-0,08646491519787168;3;1
2016-11-15;5;2016-11-15 05:00:00;31,67;34,32;-2,6499999999999986;39877;0;48591;15611;14489;0;14489;15611;-1122;0;-1122;-0,07743805645662226;-0,07743805645662226;;-0,08367540258920109;3;1
2016-11-15;6;2016-11-15 06:00:00;36,6;36,44;0,1600000000000037;39877;0;48591;16652;14662;0;14662;16652;-1990;0;-1990;-0,13572500341017596;-0,13572500341017596;;0,0043715846994536525;3;1
2016-11-15;7;2016-11-15 07:00:00;44,65;45,28;-0,6300000000000026;39877;36;48591;17274;14988;53;15041;17310;-2286;17;-2269;-0,15085433149391664;-0,15252201761409126;0,32075471698113206;-0,014109742441209465;3;1
2016-11-15;8;2016-11-15 08:00:00;43,94;47,42;-3,480000000000004;39877;526;48591;17676;15395;492;15887;18202;-2281;-34;-2315;-0,14571662365456034;-0,14816498863267294;-0,06910569105691057;-0,07919890760127456;3;1
2016-11-15;9;2016-11-15 09:00:00;43,96;47,23;-3,269999999999996;39877;1567;48591;17214;15809;1156;16965;18781;-1405;-411;-1816;-0,10704391394046567;-0,08887342652919224;-0,3555363321799308;-0,07438580527752493;3;1
2016-11-15;10;2016-11-15 10:00:00;43,96;49,08;-5,119999999999997;39877;2708;48591;17706;16134;1611;17745;20414;-1572;-1097;-2669;-0,15040856579318118;-0,09743399033097806;-0,680943513345748;-0,11646951774340303;3;1
2016-11-15;11;2016-11-15 11:00:00;44,65;45,12;-0,4699999999999989;39877;3286;48591;18282;16316;1782;18098;21568;-1966;-1504;-3470;-0,19173389324787268;-0,12049521941652366;-0,8439955106621774;-0,01052631578947366;3;1
2016-11-15;12;2016-11-15 12:00:00;43,08;43,52;-0,4400000000000048;39877;3059;48591;18204;16400;1604;18004;21263;-1804;-1455;-3259;-0,18101532992668296;-0,11;-0,9071072319201995;-0,01021355617455907;3;1
2016-11-15;13;2016-11-15 13:00:00;43,58;43,19;0,39000000000000057;39877;2394;48591;17535;16239;1182;17421;19929;-1296;-1212;-2508;-0,14396418116066817;-0,07980786994273047;-1,0253807106598984;0,008949059201468577;3;1
2016-11-15;14;2016-11-15 14:00:00;43,97;46,32;-2,3500000000000014;39877;1366;48591;17137;15832;702;16534;18503;-1305;-664;-1969;-0,11908794000241926;-0,08242799393633148;-0,9458689458689459;-0,053445531043893595;3;1
2016-11-15;15;2016-11-15 15:00:00;44,01;50,09;-6,0800000000000045;39877;434;48591;16872;15335;286;15621;17306;-1537;-148;-1685;-0,10786761410921196;-0,10022823606129769;-0,5174825174825175;-0,13815042035900943;3;1
2016-11-15;16;2016-11-15 16:00:00;44,97;51,49;-6,520000000000002;39877;36;48591;16502;14876;39;14915;16538;-1626;3;-1623;-0,10881662755615153;-0,1093035762301694;0,07692307692307693;-0,14498554591950194;3;1
2016-11-15;17;2016-11-15 17:00:00;51,98;54,04;-2,0600000000000023;39877;0;48591;16260;14456;0;14456;16260;-1804;0;-1804;-0,12479247371333703;-0,12479247371333703;;-0,039630627164294004;3;1
2016-11-15;18;2016-11-15 18:00:00;48,02;49,4;-1,3799999999999957;39877;0;48591;16235;14112;0;14112;16235;-2123;0;-2123;-0,1504393424036281;-0,1504393424036281;;-0,028738025822573836;3;1
2016-11-15;19;2016-11-15 19:00:00;52,91;48,28;4,629999999999996;39877;0;48591;15878;13815;0;13815;15878;-2063;0;-2063;-0,14933043792978645;-0,14933043792978645;;0,08750708750708744;3;1
2016-11-15;20;2016-11-15 20:00:00;44,74;40,63;4,1099999999999985;39877;0;48591;15257;13364;0;13364;15257;-1893;0;-1893;-0,1416492068243041;-0,1416492068243041;;0,09186410371032629;3;1
2016-11-15;21;2016-11-15 21:00:00;38,22;36,89;1,3299999999999983;39877;0;48591;14628;12784;0;12784;14628;-1844;0;-1844;-0,14424280350438048;-0,14424280350438048;;0,03479853479853476;3;1
2016-11-15;22;2016-11-15 22:00:00;38,42;37,72;0,7000000000000028;39877;0;48591;13604;12118;0;12118;13604;-1486;0;-1486;-0,12262749628651592;-0,12262749628651592;;0,01821967725143162;3;1
2016-11-15;23;2016-11-15 23:00:00;35,4;35,76;-0,35999999999999943;39877;0;48591;12648;11423;0;11423;12648;-1225;0;-1225;-0,10723977939245383;-0,10723977939245383;;-0,010169491525423712;3;1
2016-11-16;0;2016-11-16 00:00:00;35,55;34,44;1,1099999999999994;39898;0;48605;11264;10646;0;10646;11264;-618;0;-618;-0,05804997182040203;-0,05804997182040203;;0,03122362869198311;3;2
2016-11-16;1;2016-11-16 01:00:00;34,14;34,28;-0,14000000000000054;39898;0;48605;10234;9834;0;9834;10234;-400;0;-400;-0,04067520846044336;-0,04067520846044336;;-0,004100761570005874;3;2
2016-11-16;2;2016-11-16 02:00:00;33,4;35,31;-1,910000000000004;39898;0;48605;9568;9236;0;9236;9568;-332;0;-332;-0,03594629709831096;-0,03594629709831096;;-0,057185628742515086;3;2
2016-11-16;3;2016-11-16 03:00:00;33,45;35,04;-1,5899999999999963;39898;0;48605;9321;8897;0;8897;9321;-424;0;-424;-0,04765651343149376;-0,04765651343149376;;-0,0475336322869954;3;2
2016-11-16;4;2016-11-16 04:00:00;33,05;34,49;-1,4400000000000048;39898;0;48605;9146;8822;0;8822;9146;-324;0;-324;-0,03672636590342326;-0,03672636590342326;;-0,04357034795764009;3;2
2016-11-16;5;2016-11-16 05:00:00;38,59;35,77;2,8200000000000003;39898;0;48605;9272;9152;0;9152;9272;-120;0;-120;-0,013111888111888112;-0,013111888111888112;;0,07307592640580461;3;2
2016-11-16;6;2016-11-16 06:00:00;46,99;37,64;9,35;39898;0;48605;9783;9727;0;9727;9783;-56;0;-56;-0,00575717076179706;-0,00575717076179706;;0,19897850606512021;3;2
2016-11-16;7;2016-11-16 07:00:00;51,92;44,3;7,620000000000003;39898;18;48605;10574;10562;23;10585;10592;-12;5;-7;-0,0006613131790269249;-0,0011361484567316796;0,21739130434782608;0,14676425269645613;3;2
2016-11-16;8;2016-11-16 08:00:00;55,96;46,1;9,86;39898;329;48605;11562;11779;288;12067;11891;217;-41;176;0,014585232452142206;0,018422616520927075;-0,1423611111111111;0,17619728377412436;3;2
2016-11-16;9;2016-11-16 09:00:00;57,81;44,1;13,71;39898;1040;48605;12510;13278;760;14038;13550;768;-280;488;0,034762786721755236;0,057840036150022596;-0,3684210526315789;0,23715620134924753;3;2
2016-11-16;10;2016-11-16 10:00:00;56,36;43,16;13,200000000000005;39898;1737;48605;13486;14950;1173;16123;15223;1464;-564;900;0,055820877008000994;0,09792642140468227;-0,48081841432225064;0,23420865862313706;3;2
2016-11-16;11;2016-11-16 11:00:00;53,96;43,12;10,840000000000005;39898;2044;48605;15369;16641;1405;18046;17413;1272;-639;633;0,03507702537958551;0,07643771407968271;-0,45480427046263344;0,20088954781319504;3;2
2016-11-16;12;2016-11-16 12:00:00;46,9;43,26;3,640000000000001;39898;2086;48605;17370;18283;1454;19737;19456;913;-632;281;0,014237219435577849;0,049937100038286934;-0,4346629986244842;0,07761194029850749;3;2
2016-11-16;13;2016-11-16 13:00:00;45,36;41,06;4,299999999999997;39898;1874;48605;18516;19602;1291;20893;20390;1086;-583;503;0,02407504905949361;0,055402509947964494;-0,4515879163439194;0,0947971781305114;3;2
2016-11-16;14;2016-11-16 14:00:00;40,94;39,89;1,0499999999999972;39898;1376;48605;19311;20674;925;21599;20687;1363;-451;912;0,042224177045233575;0,06592821901905775;-0,4875675675675676;0,0256472887151929;3;2
2016-11-16;15;2016-11-16 15:00:00;40,11;40,52;-0,4100000000000037;39898;559;48605;19820;21623;384;22007;20379;1803;-175;1628;0,07397646203480711;0,08338343430606299;-0,4557291666666667;-0,010221889803041728;3;2
2016-11-16;16;2016-11-16 16:00:00;40,83;43,27;-2,440000000000005;39898;63;48605;20653;22058;46;22104;20716;1405;-17;1388;0,06279406442272892;0,06369571130655545;-0,3695652173913043;-0,05975998040656392;3;2
2016-11-16;17;2016-11-16 17:00:00;48,91;46,87;2,039999999999999;39898;0;48605;21238;21960;0;21960;21238;722;0;722;0,03287795992714025;0,03287795992714025;;0,04170926190962992;3;2
2016-11-16;18;2016-11-16 18:00:00;46,95;42,3;4,650000000000006;39898;0;48605;22212;21688;0;21688;22212;-524;0;-524;-0,02416082626337145;-0,02416082626337145;;0,099041533546326;3;2
2016-11-16;19;2016-11-16 19:00:00;46,95;35,25;11,700000000000005;39898;0;48605;22792;21366;0;21366;22792;-1426;0;-1426;-0,06674155199850229;-0,06674155199850229;;0,24920127795527164;3;2
2016-11-16;20;2016-11-16 20:00:00;40,58;29,83;10,75;39898;0;48605;22884;20697;0;20697;22884;-2187;0;-2187;-0,10566748804174518;-0,10566748804174518;;0,2649088220798423;3;2
2016-11-16;21;2016-11-16 21:00:00;36,12;24,35;11,769999999999996;39898;0;48605;22192;19889;0;19889;22192;-2303;0;-2303;-0,11579264920307708;-0,11579264920307708;;0,32585825027685483;3;2
2016-11-16;22;2016-11-16 22:00:00;36,13;23,54;12,590000000000005;39898;0;48605;21311;18996;0;18996;21311;-2315;0;-2315;-0,12186776163402821;-0,12186776163402821;;0,3484638804317743;3;2
2016-11-16;23;2016-11-16 23:00:00;31,73;16,48;15,25;39898;0;48605;20631;18002;0;18002;20631;-2629;0;-2629;-0,1460393289634485;-0,1460393289634485;;0,48061771194453196;3;2
2016-11-17;0;2016-11-17 00:00:00;27,1;18,17;8,93;39908;0;48623;19923;18794;0;18794;19923;-1129;0;-1129;-0,060072363520272426;-0,060072363520272426;;0,329520295202952;3;3
2016-11-17;1;2016-11-17 01:00:00;26,44;13,57;12,87;39908;0;48623;18836;18340;0;18340;18836;-496;0;-496;-0,027044711014176662;-0,027044711014176662;;0,4867624810892586;3;3
2016-11-17;2;2016-11-17 02:00:00;22,38;11,39;10,989999999999998;39908;0;48623;18110;17853;0;17853;18110;-257;0;-257;-0,014395339718814765;-0,014395339718814765;;0,4910634495084897;3;3
2016-11-17;3;2016-11-17 03:00:00;24,99;15,52;9,47;39908;0;48623;17783;17479;0;17479;17783;-304;0;-304;-0,017392299330625322;-0,017392299330625322;;0,3789515806322529;3;3
2016-11-17;4;2016-11-17 04:00:00;28,16;24,25;3,91;39908;0;48623;17783;17134;0;17134;17783;-649;0;-649;-0,03787790358351815;-0,03787790358351815;;0,13884943181818182;3;3
2016-11-17;5;2016-11-17 05:00:00;30,85;26,33;4,520000000000003;39908;0;48623;17091;16842;0;16842;17091;-249;0;-249;-0,014784467402921268;-0,014784467402921268;;0,14651539708265812;3;3
2016-11-17;6;2016-11-17 06:00:00;38,54;33,6;4,939999999999999;39908;0;48623;17540;16580;0;16580;17540;-960;0;-960;-0,05790108564535585;-0,05790108564535585;;0,12817851582771145;3;3
2016-11-17;7;2016-11-17 07:00:00;47,94;40,38;7,559999999999995;39908;27;48623;17288;16501;32;16533;17315;-787;5;-782;-0,04729934071251436;-0,04769407914671838;0,15625;0,1576971214017521;3;3
2016-11-17;8;2016-11-17 08:00:00;48,93;41,97;6,960000000000001;39908;437;48623;17146;16748;544;17292;17583;-398;107;-291;-0,01682859125607217;-0,023764031526152377;0,19669117647058823;0,14224402207234826;3;3
2016-11-17;9;2016-11-17 09:00:00;43,14;41,35;1,7899999999999991;39908;1564;48623;17509;17213;1713;18926;19073;-296;149;-147;-0,007767092888090458;-0,0171963051182246;0,08698190309398715;0,041492814093648564;3;3
2016-11-17;10;2016-11-17 10:00:00;42,93;39,04;3,890000000000001;39908;2938;48623;18767;17953;2859;20812;21705;-814;-79;-893;-0,04290793772823371;-0,045340611596947585;-0,027632039174536552;0,0906126252038202;3;3
2016-11-17;11;2016-11-17 11:00:00;43,91;38,07;5,839999999999996;39908;4048;48623;19738;18908;3566;22474;23786;-830;-482;-1312;-0,05837857079291626;-0,04389676327480432;-0,1351654514862591;0,13299931678433152;3;3
2016-11-17;12;2016-11-17 12:00:00;43,65;35,51;8,14;39908;4952;48623;20432;19778;3654;23432;25384;-654;-1298;-1952;-0,08330488221235917;-0,03306704419051471;-0,3552271483305966;0,18648339060710198;3;3
2016-11-17;13;2016-11-17 13:00:00;41,66;31,96;9,699999999999996;39908;4421;48623;21040;20550;3223;23773;25461;-490;-1198;-1688;-0,07100492154965718;-0,023844282238442822;-0,3717033819422898;0,23283725396063362;3;3
2016-11-17;14;2016-11-17 14:00:00;37,13;32,72;4,410000000000005;39908;3098;48623;21554;21544;2229;23773;24652;-10;-869;-879;-0,03697471921928238;-0,0004641663572224285;-0,3898609241812472;0,11877188257473753;3;3
2016-11-17;15;2016-11-17 15:00:00;37,36;31,41;5,949999999999998;39908;1238;48623;21574;22362;870;23232;22812;788;-368;420;0,018078512396694214;0,035238350773633846;-0,42298850574712643;0,15926124197002137;3;3
2016-11-17;16;2016-11-17 16:00:00;37,91;31,66;6,2499999999999964;39908;121;48623;22465;22992;91;23083;22586;527;-30;497;0,02153099683749946;0,022921016005567153;-0,32967032967032966;0,16486415193880236;3;3
2016-11-17;17;2016-11-17 17:00:00;37,99;34,47;3,520000000000003;39908;0;48623;24672;23855;0;23855;24672;-817;0;-817;-0,034248585202263676;-0,034248585202263676;;0,09265596209528831;3;3
2016-11-17;18;2016-11-17 18:00:00;37,47;30,19;7,279999999999998;39908;0;48623;25850;25055;0;25055;25850;-795;0;-795;-0,0317301935741369;-0,0317301935741369;;0,19428876434480913;3;3
2016-11-17;19;2016-11-17 19:00:00;35,62;22,97;12,65;39908;0;48623;27016;26441;0;26441;27016;-575;0;-575;-0,021746530010211415;-0,021746530010211415;;0,35513756316676026;3;3
2016-11-17;20;2016-11-17 20:00:00;32,08;22,6;9,479999999999997;39908;0;48623;28657;27849;0;27849;28657;-808;0;-808;-0,02901360910625157;-0,02901360910625157;;0,29551122194513707;3;3
2016-11-17;21;2016-11-17 21:00:00;26,92;17,91;9,010000000000002;39908;0;48623;30103;29210;0;29210;30103;-893;0;-893;-0,030571722013009242;-0,030571722013009242;;0,3346953937592868;3;3
2016-11-17;22;2016-11-17 22:00:00;13,72;6,93;6,790000000000001;39908;0;48623;30112;30197;0;30197;30112;85;0;85;0,0028148491572010464;0,0028148491572010464;;0,4948979591836735;3;3
2016-11-17;23;2016-11-17 23:00:00;8,26;0,97;7,29;39908;0;48623;30284;30549;0;30549;30284;265;0;265;0,008674588366231301;0,008674588366231301;;0,8825665859564165;3;3
2016-11-18;0;2016-11-18 00:00:00;0,1;-3,19;3,29;39916;0;48629;29616;30913;0;30913;29616;1297;0;1297;0,041956458447902176;0,041956458447902176;;32,9;3;4
2016-11-18;1;2016-11-18 01:00:00;-12,1;-6,42;-5,68;39916;0;48629;28730;30060;0;30060;28730;1330;0;1330;0,044244843646041254;0,044244843646041254;;0,46942148760330576;3;4
2016-11-18;2;2016-11-18 02:00:00;-10,0;-0,74;-9,26;39916;0;48629;27546;28722;0;28722;27546;1176;0;1176;0,04094422393983706;0,04094422393983706;;0,9259999999999999;3;4
2016-11-18;3;2016-11-18 03:00:00;-0,01;6,2;-6,21;39916;0;48629;27001;27554;0;27554;27001;553;0;553;0,020069681352979603;0,020069681352979603;;621,0;3;4
2016-11-18;4;2016-11-18 04:00:00;8,86;13,25;-4,3900000000000015;39916;0;48629;26371;26524;0;26524;26371;153;0;153;0,005768360729904992;0,005768360729904992;;-0,49548532731376993;3;4
2016-11-18;5;2016-11-18 05:00:00;13,22;22,06;-8,839999999999998;39916;0;48629;27096;25718;0;25718;27096;-1378;0;-1378;-0,05358114938953262;-0,05358114938953262;;-0,6686838124054462;3;4
2016-11-18;6;2016-11-18 06:00:00;29,83;37,16;-7,329999999999997;39916;0;48629;27489;25213;0;25213;27489;-2276;0;-2276;-0,09027089200015864;-0,09027089200015864;;-0,24572577941669452;3;4
2016-11-18;7;2016-11-18 07:00:00;37,88;38,73;-0,8499999999999943;39916;78;48629;26828;25368;55;25423;26906;-1460;-23;-1483;-0,05833300554615899;-0,057552822453484705;-0,41818181818181815;-0,022439281942977674;3;4
2016-11-18;8;2016-11-18 08:00:00;34,74;38,09;-3,3500000000000014;39916;1036;48629;28224;26236;915;27151;29260;-1988;-121;-2109;-0,07767669699090272;-0,07577374599786553;-0,13224043715846995;-0,09643062751871045;3;4
2016-11-18;9;2016-11-18 09:00:00;34,65;40,89;-6,240000000000002;39916;2672;48629;27730;26848;2580;29428;30402;-882;-92;-974;-0,03309773005301074;-0,03285160905840286;-0,03565891472868217;-0,18008658008658016;3;4
2016-11-18;10;2016-11-18 10:00:00;33,86;40,94;-7,079999999999997;39916;4580;48629;28078;27149;4129;31278;32658;-929;-451;-1380;-0,04412046806061769;-0,03421857158643044;-0,10922741583918624;-0,2090962787950383;3;4
2016-11-18;11;2016-11-18 11:00:00;33,13;42,48;-9,349999999999994;39916;5105;48629;27630;27387;5107;32494;32735;-243;2;-241;-0,007416753862251492;-0,008872822872165627;0,00039161934599569217;-0,2822215514639298;3;4
2016-11-18;12;2016-11-18 12:00:00;31,04;41,47;-10,43;39916;4573;48629;27041;27704;5146;32850;31614;663;573;1236;0,03762557077625571;0,02393156222928097;0,11134862028760202;-0,33601804123711343;3;4
2016-11-18;13;2016-11-18 13:00:00;31,06;42,69;-11,63;39916;4058;48629;26710;27262;4298;31560;30768;552;240;792;0,025095057034220533;0,020247964199251706;0,05583992554676594;-0,3744365743721829;3;4
2016-11-18;14;2016-11-18 14:00:00;31,79;41,26;-9,47;39916;2888;48629;25596;25905;2897;28802;28484;309;9;318;0,01104089993750434;0,011928199189345685;0,0031066620642043494;-0,29789241899968544;3;4
2016-11-18;15;2016-11-18 15:00:00;35,99;39,69;-3,699999999999996;39916;1160;48629;24055;24352;1161;25513;25215;297;1;298;0,01168031983694587;0,012196123521681998;0,0008613264427217916;-0,1028063350930813;3;4
2016-11-18;16;2016-11-18 16:00:00;39,96;43,46;-3,5;39916;114;48629;23878;23311;102;23413;23992;-567;-12;-579;-0,024729850937513346;-0,024323280854532194;-0,11764705882352941;-0,08758758758758758;3;4
2016-11-18;17;2016-11-18 17:00:00;39,98;46,68;-6,700000000000002;39916;0;48629;24954;23034;0;23034;24954;-1920;0;-1920;-0,08335504037509768;-0,08335504037509768;;-0,16758379189594805;3;4
2016-11-18;18;2016-11-18 18:00:00;39,02;44,82;-5,799999999999998;39916;0;48629;25716;23157;0;23157;25716;-2559;0;-2559;-0,11050654229822515;-0,11050654229822515;;-0,14864172219374674;3;4
2016-11-18;19;2016-11-18 19:00:00;34,06;36,86;-2,799999999999997;39916;0;48629;25957;23456;0;23456;25957;-2501;0;-2501;-0,10662517053206003;-0,10662517053206003;;-0,08220786846741036;3;4
2016-11-18;20;2016-11-18 20:00:00;34,02;32,86;1,1600000000000037;39916;0;48629;25901;23746;0;23746;25901;-2155;0;-2155;-0,09075212667396614;-0,09075212667396614;;0,03409758965314531;3;4
2016-11-18;21;2016-11-18 21:00:00;27,66;27,6;0,05999999999999873;39916;0;48629;26066;23776;0;23776;26066;-2290;0;-2290;-0,09631561238223418;-0,09631561238223418;;0,0021691973969630777;3;4
2016-11-18;22;2016-11-18 22:00:00;17,88;22,09;-4,210000000000001;39916;0;48629;25025;23574;0;23574;25025;-1451;0;-1451;-0,06155086111818105;-0,06155086111818105;;-0,23545861297539156;3;4
2016-11-18;23;2016-11-18 23:00:00;13,57;22,14;-8,57;39916;0;48629;23935;23273;0;23273;23935;-662;0;-662;-0,028444979160400462;-0,028444979160400462;;-0,6315401621223287;3;4
2016-11-19;0;2016-11-19 00:00:00;13,79;22,71;-8,920000000000002;39916;0;48629;22910;24020;0;24020;22910;1110;0;1110;0,04621149042464613;0,04621149042464613;;-0,6468455402465556;3;5
2016-11-19;1;2016-11-19 01:00:00;12,69;23,82;-11,13;39916;0;48629;21401;22901;0;22901;21401;1500;0;1500;0,06549932317366054;0,06549932317366054;;-0,8770685579196218;3;5
2016-11-19;2;2016-11-19 02:00:00;12,85;23,49;-10,64;39916;0;48629;19229;21393;0;21393;19229;2164;0;2164;0,10115458327490301;0,10115458327490301;;-0,8280155642023347;3;5
2016-11-19;3;2016-11-19 03:00:00;15,18;29,22;-14,04;39916;0;48629;17954;20143;0;20143;17954;2189;0;2189;0,10867298813483592;0,10867298813483592;;-0,924901185770751;3;5
2016-11-19;4;2016-11-19 04:00:00;20,56;29,07;-8,510000000000002;39916;0;48629;17567;19289;0;19289;17567;1722;0;1722;0,08927367929908238;0,08927367929908238;;-0,41391050583657596;3;5
2016-11-19;5;2016-11-19 05:00:00;18,58;29,51;-10,930000000000005;39916;0;48629;17627;18875;0;18875;17627;1248;0;1248;0,06611920529801324;0,06611920529801324;;-0,588266953713671;3;5
2016-11-19;6;2016-11-19 06:00:00;20,2;30,39;-10,19;39916;0;48629;17986;18690;0;18690;17986;704;0;704;0,037667201712145534;0,037667201712145534;;-0,5044554455445545;3;5
2016-11-19;7;2016-11-19 07:00:00;33,36;39,28;-5,920000000000003;39916;11;48629;17666;18444;27;18471;17677;778;16;794;0,042986302853121106;0,04218173931901974;0,5925925925925926;-0,17745803357314158;3;5
2016-11-19;8;2016-11-19 08:00:00;37,01;41,54;-4,530000000000001;39916;427;48629;17219;18012;683;18695;17646;793;256;1049;0,05611125969510564;0,0440262047523873;0,37481698389458273;-0,12239935152661446;3;5
2016-11-19;9;2016-11-19 09:00:00;41,08;43,12;-2,039999999999999;39916;1263;48629;16429;17446;2179;19625;17692;1017;916;1933;0,0984968152866242;0,0582941648515419;0,4203763194125746;-0,04965920155793572;3;5
2016-11-19;10;2016-11-19 10:00:00;41,0;43,16;-2,1599999999999966;39916;2038;48629;15503;16864;3506;20370;17541;1361;1468;2829;0,13888070692194404;0,08070445920303605;0,41871078151739877;-0,05268292682926821;3;5
2016-11-19;11;2016-11-19 11:00:00;40,1;45,6;-5,5;39916;2605;48629;15208;16466;4288;20754;17813;1258;1683;2941;0,1417076226269635;0,07639985424511114;0,392490671641791;-0,1371571072319202;3;5
2016-11-19;12;2016-11-19 12:00:00;39,24;46,38;-7,1400000000000015;39916;3025;48629;15780;16193;4297;20490;18805;413;1272;1685;0,08223523670082968;0,02550484777372939;0,29602047940423554;-0,18195718654434254;3;5
2016-11-19;13;2016-11-19 13:00:00;36,97;40,27;-3,3000000000000043;39916;3128;48629;15635;15660;3572;19232;18763;25;444;469;0,024386439267886854;0,0015964240102171138;0,12430011198208286;-0,08926156342980807;3;5
2016-11-19;14;2016-11-19 14:00:00;36,96;38,88;-1,9200000000000017;39916;2328;48629;15210;14736;2372;17108;17538;-474;44;-430;-0,02513444002805705;-0,03216612377850163;0,01854974704890388;-0,05194805194805199;3;5
2016-11-19;15;2016-11-19 15:00:00;39,96;38,56;1,3999999999999986;39916;1041;48629;14449;13863;916;14779;15490;-586;-125;-711;-0,04810880303132824;-0,042270792757700355;-0,13646288209606988;0,035035035035035;3;5
2016-11-19;16;2016-11-19 16:00:00;46,9;37,01;9,89;39916;97;48629;14536;13492;86;13578;14633;-1044;-11;-1055;-0,07769921932537929;-0,07737918766676549;-0,12790697674418605;0,21087420042643926;3;5
2016-11-19;17;2016-11-19 17:00:00;46,95;45,3;1,6500000000000057;39916;0;48629;15041;13877;0;13877;15041;-1164;0;-1164;-0,08387980110974995;-0,08387980110974995;;0,035143769968051235;3;5
2016-11-19;18;2016-11-19 18:00:00;42,96;44,68;-1,7199999999999989;39916;0;48629;16130;14622;0;14622;16130;-1508;0;-1508;-0,10313226644781835;-0,10313226644781835;;-0,040037243947858445;3;5
2016-11-19;19;2016-11-19 19:00:00;39,97;39,26;0,7100000000000009;39916;0;48629;16894;15287;0;15287;16894;-1607;0;-1607;-0,10512199908418918;-0,10512199908418918;;0,017763322491868922;3;5
2016-11-19;20;2016-11-19 20:00:00;33,8;32,5;1,2999999999999972;39916;0;48629;17380;15799;0;15799;17380;-1581;0;-1581;-0,1000696246597886;-0,1000696246597886;;0,03846153846153838;3;5
2016-11-19;21;2016-11-19 21:00:00;33,08;31,59;1,4899999999999984;39916;0;48629;17641;16044;0;16044;17641;-1597;0;-1597;-0,09953876838693593;-0,09953876838693593;;0,04504232164449814;3;5
2016-11-19;22;2016-11-19 22:00:00;32,14;32,05;0,09000000000000341;39916;0;48629;17180;16149;0;16149;17180;-1031;0;-1031;-0,06384296241253329;-0,06384296241253329;;0,0028002489110144184;3;5
2016-11-19;23;2016-11-19 23:00:00;22,09;24,23;-2,140000000000001;39916;0;48629;17354;16177;0;16177;17354;-1177;0;-1177;-0,07275761884156519;-0,07275761884156519;;-0,0968764146672703;3;5
2016-11-20;0;2016-11-20 00:00:00;13,66;23,21;-9,55;39916;0;48629;17558;15847;0;15847;17558;-1711;0;-1711;-0,10796996276897836;-0,10796996276897836;;-0,6991215226939971;3;6
2016-11-20;1;2016-11-20 01:00:00;13,62;13,29;0,3300000000000001;39916;0;48629;17646;16022;0;16022;17646;-1624;0;-1624;-0,10136062913493946;-0,10136062913493946;;0,024229074889867853;3;6
2016-11-20;2;2016-11-20 02:00:00;14,66;8,59;6,07;39916;0;48629;18333;16464;0;16464;18333;-1869;0;-1869;-0,11352040816326531;-0,11352040816326531;;0,4140518417462483;3;6
2016-11-20;3;2016-11-20 03:00:00;13,61;6,32;7,289999999999999;39916;0;48629;19491;17125;0;17125;19491;-2366;0;-2366;-0,13816058394160585;-0,13816058394160585;;0,5356355620867009;3;6
2016-11-20;4;2016-11-20 04:00:00;13,64;5,26;8,38;39916;0;48629;21106;18206;0;18206;21106;-2900;0;-2900;-0,15928814676480282;-0,15928814676480282;;0,6143695014662757;3;6
2016-11-20;5;2016-11-20 05:00:00;5,68;-9,23;14,91;39916;0;48629;22902;19705;0;19705;22902;-3197;0;-3197;-0,16224308551129155;-0,16224308551129155;;2,625;3;6
2016-11-20;6;2016-11-20 06:00:00;1,0;-23,41;24,41;39916;0;48629;25514;21357;0;21357;25514;-4157;0;-4157;-0,19464344243105305;-0,19464344243105305;;24,41;3;6
2016-11-20;7;2016-11-20 07:00:00;-0,01;-39,55;39,54;39916;65;48629;27787;23175;63;23238;27852;-4612;-2;-4614;-0,19855409243480507;-0,19900755124056094;-0,031746031746031744;-3954,0;3;6
2016-11-20;8;2016-11-20 08:00:00;8,04;-44,27;52,31;39916;1580;48629;29432;24899;1614;26513;31012;-4533;34;-4499;-0,16969034058763624;-0,18205550423711794;0,021065675340768277;6,506218905472638;3;6
2016-11-20;9;2016-11-20 09:00:00;5,68;-56,7;62,38;39916;4319;48629;30218;26485;4683;31168;34537;-3733;364;-3369;-0,10809163244353183;-0,14094770624882008;0,07772795216741404;10,982394366197184;3;6
2016-11-20;10;2016-11-20 10:00:00;-0,44;-57,76;57,32;39916;7416;48629;30543;27793;7142;34935;37959;-2750;-274;-3024;-0,08656075568913697;-0,09894577771381283;-0,038364603752450294;-130,27272727272728;3;6
2016-11-20;11;2016-11-20 11:00:00;-0,04;-56,67;56,63;39916;9166;48629;31450;28813;8323;37136;40616;-2637;-843;-3480;-0,0937096079276174;-0,09152118835247978;-0,10128559413672955;-1415,75;3;6
2016-11-20;12;2016-11-20 12:00:00;-9,94;-60,36;50,42;39916;9063;48629;31953;29779;8272;38051;41016;-2174;-791;-2965;-0,07792173661664609;-0,07300446623459485;-0,09562379110251451;-5,072434607645875;3;6
2016-11-20;13;2016-11-20 13:00:00;-22,17;-63,06;40,89;39916;7853;48629;31958;30744;6922;37666;39811;-1214;-931;-2145;-0,05694791058248819;-0,039487379651314075;-0,1344986997977463;-1,8443843031123137;3;6
2016-11-20;14;2016-11-20 14:00:00;-30,41;-52,47;22,06;39916;5282;48629;32379;31603;4566;36169;37661;-776;-716;-1492;-0,041250794879593024;-0,024554630889472517;-0,15681121331581252;-0,7254192699769813;3;6
2016-11-20;15;2016-11-20 15:00:00;-15,68;-22,86;7,18;39916;1998;48629;32558;32353;1734;34087;34556;-205;-264;-469;-0,013758911021797167;-0,006336352115723426;-0,1522491349480969;-0,4579081632653061;3;6
2016-11-20;16;2016-11-20 16:00:00;-29,04;-5,54;-23,5;39916;134;48629;32844;32690;139;32829;32978;-154;5;-149;-0,004538670078284444;-0,004710920770877944;0,03597122302158273;0,809228650137741;3;6
2016-11-20;17;2016-11-20 17:00:00;9,9;16,76;-6,860000000000001;39916;0;48629;32379;32613;0;32613;32379;234;0;234;0,007175052893018122;0,007175052893018122;;-0,6929292929292931;3;6
2016-11-20;18;2016-11-20 18:00:00;8,06;15,97;-7,91;39916;0;48629;31613;32317;0;32317;31613;704;0;704;0,02178420026611381;0,02178420026611381;;-0,9813895781637717;3;6
2016-11-20;19;2016-11-20 19:00:00;8,99;16,35;-7,360000000000001;39916;0;48629;30277;31746;0;31746;30277;1469;0;1469;0,046273546273546275;0,046273546273546275;;-0,8186874304783094;3;6
2016-11-20;20;2016-11-20 20:00:00;-1,58;13,83;-15,41;39916;0;48629;28403;30926;0;30926;28403;2523;0;2523;0,08158184052253767;0,08158184052253767;;9,753164556962025;3;6
2016-11-20;21;2016-11-20 21:00:00;-3,35;21,3;-24,65;39916;0;48629;26047;29649;0;29649;26047;3602;0;3602;0,1214880771695504;0,1214880771695504;;7,35820895522388;3;6
2016-11-20;22;2016-11-20 22:00:00;3,45;25,82;-22,37;39916;0;48629;24210;28101;0;28101;24210;3891;0;3891;0,13846482331589624;0,13846482331589624;;-6,484057971014493;3;6
2016-11-20;23;2016-11-20 23:00:00;-14,91;23,24;-38,15;39916;0;48629;23186;26366;0;26366;23186;3180;0;3180;0,12060987635591292;0,12060987635591292;;2,5586854460093895;3;6
2016-11-21;0;2016-11-21 00:00:00;13,56;16,73;-3,17;39917;0;48638;21607;21661;0;21661;21607;54;0;54;0,002492959697151563;0,002492959697151563;;-0,23377581120943952;3;0
2016-11-21;1;2016-11-21 01:00:00;8,81;12,28;-3,469999999999999;39917;0;48638;20467;19800;0;19800;20467;-667;0;-667;-0,03368686868686869;-0,03368686868686869;;-0,39387060158910314;3;0
2016-11-21;2;2016-11-21 02:00:00;9,79;10,46;-0,6700000000000017;39917;0;48638;18975;17986;0;17986;18975;-989;0;-989;-0,054987212276214836;-0,054987212276214836;;-0,06843718079673154;3;0
2016-11-21;3;2016-11-21 03:00:00;11,01;11,9;-0,8900000000000006;39917;0;48638;17161;16496;0;16496;17161;-665;0;-665;-0,040312803103782734;-0,040312803103782734;;-0,080835603996367;3;0
2016-11-21;4;2016-11-21 04:00:00;10,88;10,38;0,5;39917;0;48638;15782;15546;0;15546;15782;-236;0;-236;-0,015180753891676316;-0,015180753891676316;;0,04595588235294117;3;0
2016-11-21;5;2016-11-21 05:00:00;20,0;20,15;-0,14999999999999858;39917;0;48638;14800;15224;0;15224;14800;424;0;424;0,027850761954808196;0,027850761954808196;;-0,007499999999999929;3;0
2016-11-21;6;2016-11-21 06:00:00;38,71;31,63;7,080000000000003;39917;0;48638;15246;15406;0;15406;15246;160;0;160;0,010385564065948332;0,010385564065948332;;0,1828984758460347;3;0
2016-11-21;7;2016-11-21 07:00:00;49,86;43,24;6,619999999999997;39917;70;48638;16042;15823;67;15890;16112;-219;-3;-222;-0,013971050975456261;-0,013840611767679959;-0,04477611940298507;0,13277176093060564;3;0
2016-11-21;8;2016-11-21 08:00:00;49,4;44,26;5,1400000000000015;39917;1367;48638;16310;16203;1472;17675;17677;-107;105;-2;-0,00011315417256011315;-0,006603715361352836;0,07133152173913043;0,10404858299595145;3;0
2016-11-21;9;2016-11-21 09:00:00;46,25;41,13;5,119999999999997;39917;3802;48638;16431;16356;4041;20397;20233;-75;239;164;0,008040398097759475;-0,0045854732208363905;0,05914377629299678;0,11070270270270265;3;0
2016-11-21;10;2016-11-21 10:00:00;41,15;45,22;-4,07;39917;5857;48638;15502;15971;6129;22100;21359;469;272;741;0,033529411764705884;0,029365725377246257;0,044379180943057595;-0,098906439854192;3;0
2016-11-21;11;2016-11-21 11:00:00;41,61;47,7;-6,0900000000000025;39917;6900;48638;14252;15013;7183;22196;21152;761;283;1044;0,04703550189223284;0,050689402517817894;0,03939857998050954;-0,14635904830569582;3;0
2016-11-21;12;2016-11-21 12:00:00;41,75;46,39;-4,6400000000000015;39917;6295;48638;12936;14129;6915;21044;19231;1193;620;1813;0,08615282265728949;0,08443626583622336;0,08966015907447578;-0,11113772455089824;3;0
2016-11-21;13;2016-11-21 13:00:00;45,74;47,52;-1,7800000000000011;39917;4723;48638;11616;13653;5532;19185;16339;2037;809;2846;0,1483450612457649;0,14919797846627114;0,14624005784526392;-0,03891560996939224;3;0
2016-11-21;14;2016-11-21 14:00:00;46,91;50,41;-3,5;39917;2674;48638;11631;13835;3430;17265;14305;2204;756;2960;0,17144512018534608;0,15930610769786774;0,22040816326530613;-0,07461095715199319;3;0
2016-11-21;15;2016-11-21 15:00:00;48,0;50,4;-2,3999999999999986;39917;857;48638;13429;14554;1195;15749;14286;1125;338;1463;0,09289478697060131;0,0772983372268792;0,2828451882845188;-0,04999999999999997;3;0
2016-11-21;16;2016-11-21 16:00:00;44,72;48,65;-3,93;39917;63;48638;16078;15558;75;15633;16141;-520;12;-508;-0,03249536237446427;-0,03342331919269829;0,16;-0,08788014311270126;3;0
2016-11-21;17;2016-11-21 17:00:00;45,56;46,6;-1,0399999999999991;39917;0;48638;18830;16583;0;16583;18830;-2247;0;-2247;-0,1355002110595188;-0,1355002110595188;;-0,022827041264266882;3;0
2016-11-21;18;2016-11-21 18:00:00;38,71;43,38;-4,670000000000002;39917;0;48638;19815;17462;0;17462;19815;-2353;0;-2353;-0,13474974229756043;-0,13474974229756043;;-0,12064066132782231;3;0
2016-11-21;19;2016-11-21 19:00:00;36,3;41,8;-5,5;39917;0;48638;19641;18091;0;18091;19641;-1550;0;-1550;-0,0856779614172793;-0,0856779614172793;;-0,15151515151515152;3;0
2016-11-21;20;2016-11-21 20:00:00;35,75;39,08;-3,3299999999999983;39917;0;48638;18613;18366;0;18366;18613;-247;0;-247;-0,013448764020472612;-0,013448764020472612;;-0,0931468531468531;3;0
2016-11-21;21;2016-11-21 21:00:00;32,84;36,19;-3,3499999999999943;39917;0;48638;17646;18371;0;18371;17646;725;0;725;0,0394643731968864;0,0394643731968864;;-0,10200974421437253;3;0
2016-11-21;22;2016-11-21 22:00:00;32,46;38,32;-5,8599999999999985;39917;0;48638;16930;18291;0;18291;16930;1361;0;1361;0,07440817888579082;0,07440817888579082;;-0,18052988293284036;3;0
2016-11-21;23;2016-11-21 23:00:00;22,07;30,94;-8,870000000000003;39917;0;48638;16944;18190;0;18190;16944;1246;0;1246;0,06849917537108301;0,06849917537108301;;-0,4019030357951972;3;0
2016-11-22;0;2016-11-22 00:00:00;24,1;28,46;-4,3599999999999985;39923;0;48657;17392;17637;0;17637;17392;245;0;245;0,013891251346600896;0,013891251346600896;;-0,18091286307053936;3;1
2016-11-22;1;2016-11-22 01:00:00;27,11;27,98;-0,870000000000001;39923;0;48657;17048;16876;0;16876;17048;-172;0;-172;-0,010191988622896421;-0,010191988622896421;;-0,032091479158981966;3;1
2016-11-22;2;2016-11-22 02:00:00;21,49;23,01;-1,5200000000000031;39923;0;48657;15885;16036;0;16036;15885;151;0;151;0,009416313295086057;0,009416313295086057;;-0,070730572359237;3;1
2016-11-22;3;2016-11-22 03:00:00;21,0;18,05;2,9499999999999997;39923;0;48657;15363;15264;0;15264;15363;-99;0;-99;-0,006485849056603774;-0,006485849056603774;;0,14047619047619048;3;1
2016-11-22;4;2016-11-22 04:00:00;19,99;19,18;0,8099999999999987;39923;0;48657;15536;14585;0;14585;15536;-951;0;-951;-0,06520397668837848;-0,06520397668837848;;0,040520260130064975;3;1
2016-11-22;5;2016-11-22 05:00:00;29,38;29,04;0,33999999999999986;39923;0;48657;14886;14036;0;14036;14886;-850;0;-850;-0,060558563693359935;-0,060558563693359935;;0,011572498298162011;3;1
2016-11-22;6;2016-11-22 06:00:00;33,89;29,13;4,760000000000002;39923;0;48657;14449;13527;0;13527;14449;-922;0;-922;-0,06815997634360908;-0,06815997634360908;;0,14045441133077607;3;1
2016-11-22;7;2016-11-22 07:00:00;40,89;37,62;3,270000000000003;39923;47;48657;14131;12911;61;12972;14178;-1220;14;-1206;-0,09296947271045329;-0,09449306792657423;0,22950819672131148;0,07997065297138672;3;1
2016-11-22;8;2016-11-22 08:00:00;39,43;40,41;-0,9799999999999968;39923;971;48657;13647;12089;1557;13646;14618;-1558;586;-972;-0,07122966437051151;-0,12887749193481676;0,37636480411046885;-0,024854171950291576;3;1
2016-11-22;9;2016-11-22 09:00:00;37,16;39,45;-2,2900000000000063;39923;2618;48657;12752;11175;4504;15679;15370;-1577;1886;309;0,019707889533771287;-0,1411185682326622;0,41873889875666076;-0,061625403659849476;3;1
2016-11-22;10;2016-11-22 10:00:00;35,85;39,77;-3,9200000000000017;39923;4318;48657;11546;9933;6940;16873;15864;-1613;2622;1009;0,05979967996206958;-0,16238799959730194;0,3778097982708934;-0,10934449093444913;3;1
2016-11-22;11;2016-11-22 11:00:00;36,35;40,65;-4,299999999999997;39923;5194;48657;10037;8436;8295;16731;15231;-1601;3101;1500;0,08965393580778196;-0,1897818871503082;0,37383966244725736;-0,11829436038514435;3;1
2016-11-22;12;2016-11-22 12:00:00;37,0;41,31;-4,310000000000001;39923;4995;48657;8446;7112;8258;15370;13441;-1334;3263;1929;0,1255042290175667;-0,187570303712036;0,395131993218697;-0,11648648648648652;3;1
2016-11-22;13;2016-11-22 13:00:00;38,46;41,66;-3,199999999999996;39923;4258;48657;6869;6159;6807;12966;11127;-710;2549;1839;0,14183248496066636;-0,11527845429452833;0,3744674599676803;-0,08320332813312523;3;1
2016-11-22;14;2016-11-22 14:00:00;46,02;47,74;-1,7199999999999989;39923;2926;48657;5772;5661;4343;10004;8698;-111;1417;1306;0,13054778088764493;-0,0196078431372549;0,32627216209993093;-0,03737505432420684;3;1
2016-11-22;15;2016-11-22 15:00:00;51,94;49,99;1,949999999999996;39923;1114;48657;5487;5502;1555;7057;6601;15;441;456;0,06461669264560012;0,0027262813522355507;0,28360128617363345;0,03754331921447817;3;1
2016-11-22;16;2016-11-22 16:00:00;51,51;48,41;3,1000000000000014;39923;88;48657;6452;5623;102;5725;6540;-829;14;-815;-0,1423580786026201;-0,14743019740352126;0,13725490196078433;0,06018248883711903;3;1
2016-11-22;17;2016-11-22 17:00:00;64,2;55,33;8,870000000000006;39923;0;48657;7213;5899;0;5899;7213;-1314;0;-1314;-0,22274961857942024;-0,22274961857942024;;0,1381619937694705;3;1
2016-11-22;18;2016-11-22 18:00:00;54,67;50,4;4,270000000000003;39923;0;48657;7682;6123;0;6123;7682;-1559;0;-1559;-0,254613751429038;-0,254613751429038;;0,0781049935979514;3;1
2016-11-22;19;2016-11-22 19:00:00;51,99;45,49;6,5;39923;0;48657;7844;6132;0;6132;7844;-1712;0;-1712;-0,279191128506197;-0,279191128506197;;0,1250240430852087;3;1
2016-11-22;20;2016-11-22 20:00:00;46,98;38,76;8,219999999999999;39923;0;48657;7793;5901;0;5901;7793;-1892;0;-1892;-0,3206236231147263;-0,3206236231147263;;0,17496807151979565;3;1
2016-11-22;21;2016-11-22 21:00:00;38,77;36,81;1,9600000000000009;39923;0;48657;7000;5543;0;5543;7000;-1457;0;-1457;-0,26285405015334656;-0,26285405015334656;;0,05055455248903793;3;1
2016-11-22;22;2016-11-22 22:00:00;37,17;34,91;2,2600000000000047;39923;0;48657;6150;5142;0;5142;6150;-1008;0;-1008;-0,19603267211201866;-0,19603267211201866;;0,06080172181867109;3;1
2016-11-22;23;2016-11-22 23:00:00;34,8;32,05;2,75;39923;0;48657;5754;4732;0;4732;5754;-1022;0;-1022;-0,21597633136094674;-0,21597633136094674;;0,07902298850574713;3;1
2016-11-23;0;2016-11-23 00:00:00;34,61;34,16;0,4500000000000029;39935;0;48663;5257;5036;0;5036;5257;-221;0;-221;-0,043884034948371724;-0,043884034948371724;;0,013002022536839148;3;2
2016-11-23;1;2016-11-23 01:00:00;33,65;31,42;2,229999999999997;39935;0;48663;4359;4628;0;4628;4359;269;0;269;0,05812445980985307;0,05812445980985307;;0,0662704309063892;3;2
2016-11-23;2;2016-11-23 02:00:00;33,46;32,47;0,9900000000000021;39935;0;48663;3496;4223;0;4223;3496;727;0;727;0,17215249822401138;0,17215249822401138;;0,02958756724447107;3;2
2016-11-23;3;2016-11-23 03:00:00;32,08;32,54;-0,4600000000000009;39935;0;48663;2779;3911;0;3911;2779;1132;0;1132;0,2894400409102531;0,2894400409102531;;-0,014339152119700778;3;2
2016-11-23;4;2016-11-23 04:00:00;33,54;33,3;0,24000000000000196;39935;0;48663;2450;3698;0;3698;2450;1248;0;1248;0,337479718766901;0,337479718766901;;0,007155635062611866;3;2
2016-11-23;5;2016-11-23 05:00:00;35,38;35,35;0,030000000000001137;39935;0;48663;2428;3602;0;3602;2428;1174;0;1174;0,32593003886729593;0,32593003886729593;;0,00084793668739404;3;2
2016-11-23;6;2016-11-23 06:00:00;46,34;46,62;-0,27999999999999403;39935;0;48663;2541;3530;0;3530;2541;989;0;989;0,28016997167138813;0,28016997167138813;;-0,006042296072507424;3;2
2016-11-23;7;2016-11-23 07:00:00;48,81;49,14;-0,3299999999999983;39935;34;48663;2677;3425;43;3468;2711;748;9;757;0,21828143021914648;0,2183941605839416;0,20930232558139536;-0,00676090964966192;3;2
2016-11-23;8;2016-11-23 08:00:00;51,1;52,09;-0,9900000000000021;39935;1290;48663;3204;3240;1178;4418;4494;36;-112;-76;-0,017202354006337708;0,011111111111111112;-0,09507640067911714;-0,019373776908023523;3;2
2016-11-23;9;2016-11-23 09:00:00;53,94;51,03;2,9099999999999966;39935;3871;48663;3067;2995;3882;6877;6938;-72;11;-61;-0,008870146866366148;-0,024040066777963272;0,002833590932509016;0,05394883203559504;3;2
2016-11-23;10;2016-11-23 10:00:00;51,0;47,08;3,9200000000000017;39935;5960;48663;2756;2605;6356;8961;8716;-151;396;245;0,02734069858274746;-0,05796545105566219;0,062303335431088736;0,07686274509803925;3;2
2016-11-23;11;2016-11-23 11:00:00;51,95;48,2;3,75;39935;6947;48663;2330;2132;7749;9881;9277;-198;802;604;0,061127416253415646;-0,09287054409005628;0,10349722544844496;0,07218479307025986;3;2
2016-11-23;12;2016-11-23 12:00:00;49,99;48,02;1,9699999999999989;39935;7242;48663;1702;1731;7853;9584;8944;29;611;640;0,0667779632721202;0,016753321779318313;0,07780466063924615;0,03940788157631524;3;2
2016-11-23;13;2016-11-23 13:00:00;51,92;49,41;2,5100000000000047;39935;6314;48663;1448;1531;6687;8218;7762;83;373;456;0,055487953273302505;0,05421293272370999;0,05577987139225363;0,04834360554699547;3;2
2016-11-23;14;2016-11-23 14:00:00;54,98;50,25;4,729999999999997;39935;3890;48663;1362;1641;4361;6002;5252;279;471;750;0,12495834721759413;0,170018281535649;0,10800275166246273;0,08603128410331025;3;2
2016-11-23;15;2016-11-23 15:00:00;58,48;52,01;6,469999999999999;39935;1251;48663;1662;1984;1546;3530;2913;322;295;617;0,17478753541076486;0,1622983870967742;0,1908150064683053;0,1106361149110807;3;2
2016-11-23;16;2016-11-23 16:00:00;55,01;54,77;0,2399999999999949;39935;97;48663;2456;2487;100;2587;2553;31;3;34;0,013142636258214147;0,012464817048652996;0,03;0,004362843119432738;3;2
2016-11-23;17;2016-11-23 17:00:00;62,0;58,71;3,2899999999999987;39935;0;48663;3297;3071;0;3071;3297;-226;0;-226;-0,07359166395310973;-0,07359166395310973;;0,053064516129032235;3;2
2016-11-23;18;2016-11-23 18:00:00;52,92;52,16;0,7600000000000051;39935;0;48663;4108;3653;0;3653;4108;-455;0;-455;-0,12455516014234876;-0,12455516014234876;;0,014361300075585885;3;2
2016-11-23;19;2016-11-23 19:00:00;50,0;48,96;1,0399999999999991;39935;0;48663;4826;4214;0;4214;4826;-612;0;-612;-0,14523018509729474;-0,14523018509729474;;0,02079999999999998;3;2
2016-11-23;20;2016-11-23 20:00:00;39,13;39,54;-0,4099999999999966;39935;0;48663;5564;4718;0;4718;5564;-846;0;-846;-0,17931326833403985;-0,17931326833403985;;-0,010477894198824344;3;2
2016-11-23;21;2016-11-23 21:00:00;37,21;37,29;-0,0799999999999983;39935;0;48663;6225;5200;0;5200;6225;-1025;0;-1025;-0,1971153846153846;-0,1971153846153846;;-0,0021499596882557995;3;2
2016-11-23;22;2016-11-23 22:00:00;37,79;37,25;0,5399999999999991;39935;0;48663;6608;5782;0;5782;6608;-826;0;-826;-0,14285714285714285;-0,14285714285714285;;0,014289494575284445;3;2
2016-11-23;23;2016-11-23 23:00:00;33,99;32,46;1,5300000000000011;39935;0;48663;7414;6565;0;6565;7414;-849;0;-849;-0,12932216298552932;-0,12932216298552932;;0,045013239187996504;3;2
2016-11-24;0;2016-11-24 00:00:00;32,66;32,87;-0,21000000000000085;39938;0;48688;8813;7309;0;7309;8813;-1504;0;-1504;-0,20577370365303052;-0,20577370365303052;;-0,00642988364972446;3;3
2016-11-24;1;2016-11-24 01:00:00;31,61;30,06;1,5500000000000007;39938;0;48688;10185;8088;0;8088;10185;-2097;0;-2097;-0,25927299703264095;-0,25927299703264095;;0,04903511546978807;3;3
2016-11-24;2;2016-11-24 02:00:00;30,8;28,96;1,84;39938;0;48688;10981;8581;0;8581;10981;-2400;0;-2400;-0,27968768208833467;-0,27968768208833467;;0,05974025974025974;3;3
2016-11-24;3;2016-11-24 03:00:00;29,58;27,11;2,4699999999999993;39938;0;48688;11144;8877;0;8877;11144;-2267;0;-2267;-0,2553790695054636;-0,2553790695054636;;0,08350236646382689;3;3
2016-11-24;4;2016-11-24 04:00:00;29,76;27,58;2,1800000000000037;39938;0;48688;11100;9082;0;9082;11100;-2018;0;-2018;-0,22219775379872275;-0,22219775379872275;;0,07325268817204313;3;3
2016-11-24;5;2016-11-24 05:00:00;32,44;29,69;2,7499999999999964;39938;0;48688;10832;9225;0;9225;10832;-1607;0;-1607;-0,17420054200542007;-0,17420054200542007;;0,08477188655980261;3;3
2016-11-24;6;2016-11-24 06:00:00;36,5;34,94;1,5600000000000025;39938;0;48688;10669;9322;0;9322;10669;-1347;0;-1347;-0,14449688907959665;-0,14449688907959665;;0,042739726027397326;3;3
2016-11-24;7;2016-11-24 07:00:00;43,12;42,8;0,3200000000000003;39938;15;48688;10888;9325;26;9351;10903;-1563;11;-1552;-0,1659715538445086;-0,16761394101876675;0,4230769230769231;0,0074211502782931425;3;3
2016-11-24;8;2016-11-24 08:00:00;45,97;44,63;1,3399999999999963;39938;639;48688;11105;9168;846;10014;11744;-1937;207;-1730;-0,17275813860595166;-0,2112783595113438;0,24468085106382978;0,02914944529040671;3;3
2016-11-24;9;2016-11-24 09:00:00;44,96;43,04;1,9200000000000017;39938;2368;48688;10392;8873;2947;11820;12760;-1519;579;-940;-0,07952622673434856;-0,1711935083962583;0,1964709874448592;0,04270462633451961;3;3
2016-11-24;10;2016-11-24 10:00:00;43,69;44,27;-0,5800000000000054;39938;4304;48688;8222;8344;4969;13313;12526;122;665;787;0,05911515060467212;0,014621284755512944;0,13382974441537532;-0,013275349050126012;3;3
2016-11-24;11;2016-11-24 11:00:00;44,25;46,69;-2,4399999999999977;39938;5674;48688;7600;7686;6260;13946;13274;86;586;672;0,04818585974472967;0,011189175123601354;0,09361022364217253;-0,05514124293785306;3;3
2016-11-24;12;2016-11-24 12:00:00;42,87;45,22;-2,3500000000000014;39938;6084;48688;6952;7247;6541;13788;13036;295;457;752;0,054540179866550624;0,040706499241065265;0,06986699281455434;-0,05481688826685331;3;3
2016-11-24;13;2016-11-24 13:00:00;42,91;46,78;-3,870000000000005;39938;5357;48688;6550;7131;5737;12868;11907;581;380;961;0,07468138016785825;0,08147524891319591;0,06623670908140143;-0,09018876718713599;3;3
2016-11-24;14;2016-11-24 14:00:00;42,77;45,6;-2,8299999999999983;39938;3492;48688;6690;7352;3903;11255;10182;662;411;1073;0,09533540648600622;0,09004352557127313;0,10530361260568794;-0,06616787467851293;3;3
2016-11-24;15;2016-11-24 15:00:00;44,59;46,33;-1,7399999999999949;39938;1136;48688;7603;7816;1461;9277;8739;213;325;538;0,05799288563113075;0,0272517911975435;0,22245037645448323;-0,039022202287508294;3;3
2016-11-24;16;2016-11-24 16:00:00;49,36;50,64;-1,2800000000000011;39938;67;48688;9260;8450;98;8548;9327;-810;31;-779;-0,09113242863827796;-0,09585798816568047;0,3163265306122449;-0,025931928687196133;3;3
2016-11-24;17;2016-11-24 17:00:00;50,97;51,61;-0,6400000000000006;39938;0;48688;9456;9110;0;9110;9456;-346;0;-346;-0,03798024149286498;-0,03798024149286498;;-0,012556405728860125;3;3
2016-11-24;18;2016-11-24 18:00:00;45,23;44,93;0,2999999999999972;39938;0;48688;11208;9609;0;9609;11208;-1599;0;-1599;-0,16640649391195753;-0,16640649391195753;;0,006632765863364962;3;3
2016-11-24;19;2016-11-24 19:00:00;44,1;42,01;2,0900000000000034;39938;0;48688;11769;9802;0;9802;11769;-1967;0;-1967;-0,20067333197306672;-0,20067333197306672;;0,04739229024943318;3;3
2016-11-24;20;2016-11-24 20:00:00;38,07;36,68;1,3900000000000006;39938;0;48688;11671;9699;0;9699;11671;-1972;0;-1972;-0,20331992988967934;-0,20331992988967934;;0,03651168899395851;3;3
2016-11-24;21;2016-11-24 21:00:00;37,71;37,28;0,4299999999999997;39938;0;48688;11462;9405;0;9405;11462;-2057;0;-2057;-0,21871345029239767;-0,21871345029239767;;0,01140281092548395;3;3
2016-11-24;22;2016-11-24 22:00:00;35,88;34,01;1,8700000000000043;39938;0;48688;10658;9052;0;9052;10658;-1606;0;-1606;-0,1774193548387097;-0,1774193548387097;;0,05211817168338919;3;3
2016-11-24;23;2016-11-24 23:00:00;33,62;33,5;0,11999999999999746;39938;0;48688;10200;8735;0;8735;10200;-1465;0;-1465;-0,16771608471665714;-0,16771608471665714;;0,0035693039857227086;3;3
2016-11-25;0;2016-11-25 00:00:00;35,23;31,54;3,6899999999999977;39947;0;48703;9721;8418;0;8418;9721;-1303;0;-1303;-0,15478736041815158;-0,15478736041815158;;0,10474027817201244;3;4
2016-11-25;1;2016-11-25 01:00:00;32,99;30,54;2,450000000000003;39947;0;48703;9464;8216;0;8216;9464;-1248;0;-1248;-0,1518987341772152;-0,1518987341772152;;0,0742649287662929;3;4
2016-11-25;2;2016-11-25 02:00:00;32,02;30,23;1,7900000000000027;39947;0;48703;9293;8099;0;8099;9293;-1194;0;-1194;-0,1474256080997654;-0,1474256080997654;;0,05590256089943793;3;4
2016-11-25;3;2016-11-25 03:00:00;31,05;29,21;1,84;39947;0;48703;9249;8022;0;8022;9249;-1227;0;-1227;-0,15295437546746446;-0,15295437546746446;;0,05925925925925926;3;4
2016-11-25;4;2016-11-25 04:00:00;31,18;29,24;1,9400000000000013;39947;0;48703;9124;7895;0;7895;9124;-1229;0;-1229;-0,15566814439518684;-0,15566814439518684;;0,06221937139191794;3;4
2016-11-25;5;2016-11-25 05:00:00;34,85;33,55;1,3000000000000045;39947;0;48703;9008;7782;0;7782;9008;-1226;0;-1226;-0,15754304805962477;-0,15754304805962477;;0,037302725968436284;3;4
2016-11-25;6;2016-11-25 06:00:00;37,98;34,09;3,8899999999999935;39947;0;48703;8978;7597;0;7597;8978;-1381;0;-1381;-0,18178228247992628;-0,18178228247992628;;0,10242232754081079;3;4
2016-11-25;7;2016-11-25 07:00:00;47,1;43,45;3,649999999999999;39947;9;48703;8573;7247;16;7263;8582;-1326;7;-1319;-0,1816053972187801;-0,18297226438526287;0,4375;0,07749469214437366;3;4
2016-11-25;8;2016-11-25 08:00:00;48,49;45,56;2,93;39947;446;48703;8025;6780;630;7410;8471;-1245;184;-1061;-0,14318488529014844;-0,1836283185840708;0,2920634920634921;0,06042482986182718;3;4
2016-11-25;9;2016-11-25 09:00:00;47,97;43,7;4,269999999999996;39947;2058;48703;7158;6334;2381;8715;9216;-824;323;-501;-0,05748709122203098;-0,13009156930849383;0,13565728685426293;0,08901396706274747;3;4
2016-11-25;10;2016-11-25 10:00:00;47,42;45,1;2,3200000000000003;39947;4143;48703;6359;5876;4140;10016;10502;-483;-3;-486;-0,048522364217252395;-0,08219877467665078;-0,0007246376811594203;0,04892450442851118;3;4
2016-11-25;11;2016-11-25 11:00:00;48,25;46,19;2,0600000000000023;39947;5775;48703;5577;5457;5254;10711;11352;-120;-521;-641;-0,05984501913920269;-0,02199010445299615;-0,09916254282451466;0,04269430051813476;3;4
2016-11-25;12;2016-11-25 12:00:00;47,95;44,86;3,0900000000000034;39947;6145;48703;5003;5125;5422;10547;11148;122;-723;-601;-0,05698302834929364;0,023804878048780488;-0,133345628919218;0,06444212721584991;3;4
2016-11-25;13;2016-11-25 13:00:00;47,95;44,69;3,2600000000000047;39947;5226;48703;4508;5033;4658;9691;9734;525;-568;-43;-0,004437106593746775;0,1043115438108484;-0,12194074710176041;0,06798748696558925;3;4
2016-11-25;14;2016-11-25 14:00:00;47,92;46,39;1,5300000000000011;39947;3197;48703;4176;5186;3025;8211;7373;1010;-172;838;0,1020582145901839;0,19475510991129966;-0,056859504132231405;0,031928213689482496;3;4
2016-11-25;15;2016-11-25 15:00:00;48,81;47,96;0,8500000000000014;39947;964;48703;3959;5429;1047;6476;4923;1470;83;1553;0,2398085237801112;0,27076809725547984;0,07927411652340019;0,017414464249129305;3;4
2016-11-25;16;2016-11-25 16:00:00;49,96;49,63;0,3299999999999983;39947;58;48703;3977;5642;58;5700;4035;1665;0;1665;0,29210526315789476;0,2951081176887628;0,0;0,0066052842273818715;3;4
2016-11-25;17;2016-11-25 17:00:00;54,75;53,64;1,1099999999999994;39947;0;48703;3892;5681;0;5681;3892;1789;0;1789;0,31490934694596023;0,31490934694596023;;0,020273972602739717;3;4
2016-11-25;18;2016-11-25 18:00:00;48,29;47,28;1,009999999999998;39947;0;48703;3499;5580;0;5580;3499;2081;0;2081;0,37293906810035843;0,37293906810035843;;0,02091530337544001;3;4
2016-11-25;19;2016-11-25 19:00:00;48,94;46,31;2,6299999999999955;39947;0;48703;3086;5272;0;5272;3086;2186;0;2186;0,4146433990895296;0,4146433990895296;;0,05373927257866767;3;4
2016-11-25;20;2016-11-25 20:00:00;43,52;43,7;-0,17999999999999972;39947;0;48703;2783;4813;0;4813;2783;2030;0;2030;0,4217743611053397;0,4217743611053397;;-0,004136029411764699;3;4
2016-11-25;21;2016-11-25 21:00:00;38,92;38,33;0,5900000000000034;39947;0;48703;2606;4353;0;4353;2606;1747;0;1747;0,4013324144268321;0,4013324144268321;;0,015159301130524239;3;4
2016-11-25;22;2016-11-25 22:00:00;38,67;39,72;-1,0499999999999972;39947;0;48703;2467;3940;0;3940;2467;1473;0;1473;0,3738578680203046;0,3738578680203046;;-0,02715283165244368;3;4
2016-11-25;23;2016-11-25 23:00:00;35,24;37,05;-1,8099999999999952;39947;0;48703;2387;3549;0;3549;2387;1162;0;1162;0,32741617357001973;0,32741617357001973;;-0,051362088535754684;3;4
2016-11-26;0;2016-11-26 00:00:00;32,5;36,88;-4,380000000000003;39948;0;48703;2302;3283;0;3283;2302;981;0;981;0,29881206213828815;0,29881206213828815;;-0,13476923076923084;3;5
2016-11-26;1;2016-11-26 01:00:00;31,93;33,19;-1,259999999999998;39948;0;48703;2339;3083;0;3083;2339;744;0;744;0,24132338631203373;0,24132338631203373;;-0,03946132164108982;3;5
2016-11-26;2;2016-11-26 02:00:00;31,82;32,21;-0,39000000000000057;39948;0;48703;2186;2968;0;2968;2186;782;0;782;0,2634770889487871;0,2634770889487871;;-0,012256442489000647;3;5
2016-11-26;3;2016-11-26 03:00:00;31,84;30,79;1,0500000000000007;39948;0;48703;2215;2916;0;2916;2215;701;0;701;0,24039780521262002;0,24039780521262002;;0,03297738693467339;3;5
2016-11-26;4;2016-11-26 04:00:00;32,07;29,44;2,629999999999999;39948;0;48703;2392;2961;0;2961;2392;569;0;569;0,19216480918608578;0,19216480918608578;;0,082008107265357;3;5
2016-11-26;5;2016-11-26 05:00:00;32,35;31,75;0,6000000000000014;39948;0;48703;2668;3098;0;3098;2668;430;0;430;0,13879922530664945;0,13879922530664945;;0,018547140649149967;3;5
2016-11-26;6;2016-11-26 06:00:00;33,36;33,92;-0,5600000000000023;39948;0;48703;2799;3259;0;3259;2799;460;0;460;0,14114759128567045;0,14114759128567045;;-0,016786570743405345;3;5
2016-11-26;7;2016-11-26 07:00:00;42,22;40,99;1,2299999999999969;39948;4;48703;2948;3408;9;3417;2952;460;5;465;0,1360842844600527;0,13497652582159625;0,5555555555555556;0,02913311226906672;3;5
2016-11-26;8;2016-11-26 08:00:00;44,1;45,99;-1,8900000000000008;39948;250;48703;3003;3572;365;3937;3253;569;115;684;0,17373634747269495;0,15929451287793953;0,3150684931506849;-0,04285714285714287;3;5
2016-11-26;9;2016-11-26 09:00:00;46,76;49,09;-2,3300000000000054;39948;1079;48703;3102;3781;1464;5245;4181;679;385;1064;0,20285986653956148;0,17958212113197566;0,2629781420765027;-0,04982891360136881;3;5
2016-11-26;10;2016-11-26 10:00:00;48,92;50,73;-1,8099999999999952;39948;2009;48703;3330;4069;2625;6694;5339;739;616;1355;0,20242007768150583;0,18161710493978864;0,23466666666666666;-0,03699918233851176;3;5
2016-11-26;11;2016-11-26 11:00:00;48,56;52,12;-3,559999999999995;39948;2523;48703;3894;4455;3362;7817;6417;561;839;1400;0,17909684022003325;0,1259259259259259;0,24955383700178466;-0,07331136738056003;3;5
2016-11-26;12;2016-11-26 12:00:00;47,91;51,23;-3,3200000000000003;39948;2673;48703;4588;4929;3423;8352;7261;341;750;1091;0,13062739463601533;0,06918238993710692;0,21910604732690622;-0,06929659778751827;3;5
2016-11-26;13;2016-11-26 13:00:00;43,97;47,94;-3,969999999999999;39948;2172;48703;5234;5531;2874;8405;7406;297;702;999;0,11885782272456871;0,053697342252757185;0,24425887265135698;-0,09028883329542868;3;5
2016-11-26;14;2016-11-26 14:00:00;38,24;42,19;-3,949999999999996;39948;1245;48703;5971;6292;1797;8089;7216;321;552;873;0,10792434169860304;0,05101716465352829;0,3071786310517529;-0,1032949790794978;3;5
2016-11-26;15;2016-11-26 15:00:00;40,44;43,83;-3,390000000000001;39948;400;48703;6373;7183;583;7766;6773;810;183;993;0,12786505279423127;0,11276625365446193;0,313893653516295;-0,08382789317507422;3;5
2016-11-26;16;2016-11-26 16:00:00;45,3;48,07;-2,770000000000003;39948;25;48703;7198;8235;28;8263;7223;1037;3;1040;0,12586227762313928;0,1259259259259259;0,10714285714285714;-0,06114790286975725;3;5
2016-11-26;17;2016-11-26 17:00:00;47,96;52,09;-4,130000000000003;39948;0;48703;8356;9439;0;9439;8356;1083;0;1083;0,11473673058586714;0,11473673058586714;;-0,08611342785654717;3;5
2016-11-26;18;2016-11-26 18:00:00;43,95;50,51;-6,559999999999995;39948;0;48703;9518;10710;0;10710;9518;1192;0;1192;0,11129785247432306;0,11129785247432306;;-0,14926052332195666;3;5
2016-11-26;19;2016-11-26 19:00:00;37,5;47,25;-9,75;39948;0;48703;10558;11815;0;11815;10558;1257;0;1257;0,1063901819720694;0,1063901819720694;;-0,26;3;5
2016-11-26;20;2016-11-26 20:00:00;32,91;37,62;-4,710000000000001;39948;0;48703;11240;12749;0;12749;11240;1509;0;1509;0,11836222448819515;0,11836222448819515;;-0,14311759343664543;3;5
2016-11-26;21;2016-11-26 21:00:00;32,75;33,99;-1,240000000000002;39948;0;48703;11872;13510;0;13510;11872;1638;0;1638;0,12124352331606218;0,12124352331606218;;-0,03786259541984739;3;5
2016-11-26;22;2016-11-26 22:00:00;31,72;34,3;-2,5799999999999983;39948;0;48703;12876;14110;0;14110;12876;1234;0;1234;0,08745570517363573;0,08745570517363573;;-0,0813366960907944;3;5
2016-11-26;23;2016-11-26 23:00:00;28,25;33,29;-5,039999999999999;39948;0;48703;13508;14538;0;14538;13508;1030;0;1030;0,07084881001513275;0,07084881001513275;;-0,17840707964601768;3;5
2016-11-27;0;2016-11-27 00:00:00;22,92;32,03;-9,11;39948;0;48703;13915;15162;0;15162;13915;1247;0;1247;0,08224508640021105;0,08224508640021105;;-0,3974694589877835;3;6
2016-11-27;1;2016-11-27 01:00:00;21,14;28,15;-7,009999999999998;39948;0;48703;14112;15134;0;15134;14112;1022;0;1022;0,06753006475485661;0,06753006475485661;;-0,3315988647114474;3;6
2016-11-27;2;2016-11-27 02:00:00;20,25;25,24;-4,989999999999998;39948;0;48703;14025;14896;0;14896;14025;871;0;871;0,058472073039742216;0,058472073039742216;;-0,24641975308641967;3;6
2016-11-27;3;2016-11-27 03:00:00;20,28;25,93;-5,649999999999999;39948;0;48703;13735;14603;0;14603;13735;868;0;868;0,05943984112853523;0,05943984112853523;;-0,27859960552268237;3;6
2016-11-27;4;2016-11-27 04:00:00;20,95;26,1;-5,150000000000002;39948;0;48703;13352;14199;0;14199;13352;847;0;847;0,059652088175223605;0,059652088175223605;;-0,24582338902147982;3;6
2016-11-27;5;2016-11-27 05:00:00;27,0;28,35;-1,3500000000000014;39948;0;48703;12792;13557;0;13557;12792;765;0;765;0,05642841336578889;0,05642841336578889;;-0,05000000000000005;3;6
2016-11-27;6;2016-11-27 06:00:00;28,02;29,62;-1,6000000000000014;39948;0;48703;12470;12778;0;12778;12470;308;0;308;0,02410392862732822;0,02410392862732822;;-0,05710206995003574;3;6
2016-11-27;7;2016-11-27 07:00:00;28,93;30,81;-1,879999999999999;39948;8;48703;11888;11903;8;11911;11896;15;0;15;0,0012593401057845689;0,0012601865076031253;0,0;-0,06498444521258206;3;6
2016-11-27;8;2016-11-27 08:00:00;31,35;31,39;-0,03999999999999915;39948;476;48703;11255;10964;404;11368;11731;-291;-72;-363;-0,03193173821252639;-0,026541408245165998;-0,1782178217821782;-0,0012759170653907222;3;6
2016-11-27;9;2016-11-27 09:00:00;33,19;34,8;-1,6099999999999994;39948;2282;48703;9803;9974;1768;11742;12085;171;-514;-343;-0,02921137795946176;0,017144575897333068;-0,2907239819004525;-0,048508586923772204;3;6
2016-11-27;10;2016-11-27 10:00:00;34,24;36,23;-1,9899999999999949;39948;4550;48703;8460;8935;3342;12277;13010;475;-1208;-733;-0,059705139692107195;0,05316172355903749;-0,36146020347097546;-0,05811915887850452;3;6
2016-11-27;11;2016-11-27 11:00:00;38,13;40,18;-2,0499999999999967;39948;5752;48703;7728;8089;4543;12632;13480;361;-1209;-848;-0,06713109563014566;0,04462850785016689;-0,2661237068016729;-0,053763440860214964;3;6
2016-11-27;12;2016-11-27 12:00:00;35,69;38,77;-3,0800000000000054;39948;5988;48703;8084;7648;4888;12536;14072;-436;-1100;-1536;-0,1225271218889598;-0,05700836820083682;-0,22504091653027825;-0,08629868310451122;3;6
2016-11-27;13;2016-11-27 13:00:00;33,44;35,15;-1,7100000000000009;39948;5322;48703;8088;7581;4346;11927;13410;-507;-976;-1483;-0,12433973337804981;-0,06687772061733281;-0,22457432121491025;-0,05113636363636367;3;6
2016-11-27;14;2016-11-27 14:00:00;33,53;35,04;-1,509999999999998;39948;3189;48703;8310;7796;2819;10615;11499;-514;-370;-884;-0,08327837965143664;-0,0659312467932273;-0,1312522170982618;-0,04503429764390093;3;6
2016-11-27;15;2016-11-27 15:00:00;34,2;36,16;-1,9599999999999935;39948;920;48703;8281;8237;897;9134;9201;-44;-23;-67;-0,007335231005036129;-0,005341750637367974;-0,02564102564102564;-0,057309941520467644;3;6
2016-11-27;16;2016-11-27 16:00:00;37,48;38,67;-1,1900000000000048;39948;46;48703;9444;9003;45;9048;9490;-441;-1;-442;-0,04885057471264368;-0,048983672109296904;-0,022222222222222223;-0,031750266808964915;3;6
2016-11-27;17;2016-11-27 17:00:00;41,07;45,84;-4,770000000000003;39948;0;48703;11145;9952;0;9952;11145;-1193;0;-1193;-0,11987540192926045;-0,11987540192926045;;-0,11614317019722432;3;6
2016-11-27;18;2016-11-27 18:00:00;41,05;45,05;-4,0;39948;0;48703;12198;10784;0;10784;12198;-1414;0;-1414;-0,13112017804154302;-0,13112017804154302;;-0,097442143727162;3;6
2016-11-27;19;2016-11-27 19:00:00;36,08;38,87;-2,7899999999999987;39948;0;48703;13672;11293;0;11293;13672;-2379;0;-2379;-0,2106614717081378;-0,2106614717081378;;-0,07732815964523278;3;6
2016-11-27;20;2016-11-27 20:00:00;34,69;36,38;-1,6900000000000048;39948;0;48703;14445;11420;0;11420;14445;-3025;0;-3025;-0,2648861646234676;-0,2648861646234676;;-0,04871720957048155;3;6
2016-11-27;21;2016-11-27 21:00:00;32,69;33,85;-1,1600000000000037;39948;0;48703;14134;11463;0;11463;14134;-2671;0;-2671;-0,2330105557009509;-0,2330105557009509;;-0,03548485775466515;3;6
2016-11-27;22;2016-11-27 22:00:00;32,16;36,27;-4,110000000000007;39948;0;48703;14000;11464;0;11464;14000;-2536;0;-2536;-0,2212142358688067;-0,2212142358688067;;-0,1277985074626868;3;6
2016-11-27;23;2016-11-27 23:00:00;28,43;30,62;-2,1900000000000013;39948;0;48703;14410;11400;0;11400;14410;-3010;0;-3010;-0,26403508771929823;-0,26403508771929823;;-0,07703130495954982;3;6
2016-11-28;0;2016-11-28 00:00:00;27,06;25,57;1,4899999999999984;39955;0;48726;14947;12668;0;12668;14947;-2279;0;-2279;-0,17990211556678246;-0,17990211556678246;;0,055062823355506225;3;0
2016-11-28;1;2016-11-28 01:00:00;28,24;24,85;3,389999999999997;39955;0;48726;15316;12671;0;12671;15316;-2645;0;-2645;-0,208744376923684;-0,208744376923684;;0,12004249291784692;3;0
2016-11-28;2;2016-11-28 02:00:00;24,31;17,07;7,2399999999999975;39955;0;48726;15118;12500;0;12500;15118;-2618;0;-2618;-0,20944;-0,20944;;0,29781982723159184;3;0
2016-11-28;3;2016-11-28 03:00:00;24,03;12,98;11,05;39955;0;48726;14817;12194;0;12194;14817;-2623;0;-2623;-0,2151057897326554;-0,2151057897326554;;0,45984186433624635;3;0
2016-11-28;4;2016-11-28 04:00:00;26,81;15,87;10,94;39955;0;48726;14539;11752;0;11752;14539;-2787;0;-2787;-0,2371511232130701;-0,2371511232130701;;0,40805669526296157;3;0
2016-11-28;5;2016-11-28 05:00:00;31,96;26,46;5,5;39955;0;48726;13757;11162;0;11162;13757;-2595;0;-2595;-0,23248521770292063;-0,23248521770292063;;0,17209011264080099;3;0
2016-11-28;6;2016-11-28 06:00:00;37,94;29,44;8,499999999999996;39955;0;48726;13296;10487;0;10487;13296;-2809;0;-2809;-0,2678554400686564;-0,2678554400686564;;0,22403795466526086;3;0
2016-11-28;7;2016-11-28 07:00:00;47,88;40,2;7,68;39955;12;48726;12810;9706;27;9733;12822;-3104;15;-3089;-0,3173738826672146;-0,3198021842159489;0,5555555555555556;0,16040100250626566;3;0
2016-11-28;8;2016-11-28 08:00:00;46,99;41,28;5,710000000000001;39955;1371;48726;11852;8816;1748;10564;13223;-3036;377;-2659;-0,25170390003786447;-0,3443738656987296;0,21567505720823799;0,121515216003405;3;0
2016-11-28;9;2016-11-28 09:00:00;44,42;39,37;5,050000000000004;39955;5762;48726;9958;7803;6211;14014;15720;-2155;449;-1706;-0,12173540744969316;-0,2761758298090478;0,0722910964417968;0,11368752814047735;3;0
2016-11-28;10;2016-11-28 10:00:00;37,92;37,0;0,9200000000000016;39955;10309;48726;7900;6587;9977;16564;18209;-1313;-332;-1645;-0,09931176044433712;-0,1993320176104448;-0,033276536032875614;0,024261603375527466;3;0
2016-11-28;11;2016-11-28 11:00:00;43,53;38,71;4,82;39955;12686;48726;6791;5516;12060;17576;19477;-1275;-626;-1901;-0,10815885298133819;-0,23114575779550398;-0,051907131011608626;0,11072823340225132;3;0
2016-11-28;12;2016-11-28 12:00:00;37,38;35,31;2,0700000000000003;39955;12798;48726;6279;4818;12215;17033;19077;-1461;-583;-2044;-0,12000234838255151;-0,30323785803237857;-0,04772820302906263;0,055377207062600325;3;0
2016-11-28;13;2016-11-28 13:00:00;44,81;39,16;5,650000000000006;39955;10686;48726;5500;4455;10491;14946;16186;-1045;-195;-1240;-0,08296534189749766;-0,2345679012345679;-0,01858736059479554;0,12608792680205325;3;0
2016-11-28;14;2016-11-28 14:00:00;45,77;42,38;3,390000000000001;39955;6774;48726;4688;4305;6987;11292;11462;-383;213;-170;-0,015054906128232378;-0,08896631823461092;0,030485186775440102;0,07406598208433474;3;0
2016-11-28;15;2016-11-28 15:00:00;51,38;49,99;1,3900000000000006;39955;2211;48726;4272;4335;2458;6793;6483;63;247;310;0,045635212718975415;0,01453287197231834;0,10048820179007323;0,02705332814324641;3;0
2016-11-28;16;2016-11-28 16:00:00;57,21;57,78;-0,5700000000000003;39955;102;48726;4502;4586;116;4702;4604;84;14;98;0,020842194810718844;0,01831661578717837;0,1206896551724138;-0,009963293130571583;3;0
2016-11-28;17;2016-11-28 17:00:00;65,11;68,31;-3,200000000000003;39955;0;48726;5339;4996;0;4996;5339;-343;0;-343;-0,06865492393915132;-0,06865492393915132;;-0,04914759637536481;3;0
2016-11-28;18;2016-11-28 18:00:00;51,42;53,09;-1,6700000000000017;39955;0;48726;5818;5306;0;5306;5818;-512;0;-512;-0,09649453448925745;-0,09649453448925745;;-0,03247763516141582;3;0
2016-11-28;19;2016-11-28 19:00:00;48,5;49,72;-1,2199999999999989;39955;0;48726;5628;5319;0;5319;5628;-309;0;-309;-0,0580936266215454;-0,0580936266215454;;-0,025154639175257707;3;0
2016-11-28;20;2016-11-28 20:00:00;45,97;45,67;0,2999999999999972;39955;0;48726;5354;5090;0;5090;5354;-264;0;-264;-0,0518664047151277;-0,0518664047151277;;0,006525995214270116;3;0
2016-11-28;21;2016-11-28 21:00:00;39,29;44,28;-4,990000000000002;39955;0;48726;4952;4873;0;4873;4952;-79;0;-79;-0,016211779191463164;-0,016211779191463164;;-0,1270043268007127;3;0
2016-11-28;22;2016-11-28 22:00:00;36,14;38,86;-2,719999999999999;39955;0;48726;4601;4834;0;4834;4601;233;0;233;0,04820024824162185;0,04820024824162185;;-0,07526286662977308;3;0
2016-11-28;23;2016-11-28 23:00:00;34,59;35,12;-0,5299999999999939;39955;0;48726;4560;5040;0;5040;4560;480;0;480;0,09523809523809523;0,09523809523809523;;-0,015322347499277071;3;0
2016-11-29;0;2016-11-29 00:00:00;36,92;38,7;-1,7800000000000011;39970;0;48752;4730;4972;0;4972;4730;242;0;242;0,048672566371681415;0,048672566371681415;;-0,04821235102925247;3;1
2016-11-29;1;2016-11-29 01:00:00;35,78;36,99;-1,2100000000000009;39970;0;48752;5122;5387;0;5387;5122;265;0;265;0,04919250046408019;0,04919250046408019;;-0,033817775293460056;3;1
2016-11-29;2;2016-11-29 02:00:00;34,81;35,19;-0,37999999999999545;39970;0;48752;5736;5857;0;5857;5736;121;0;121;0,02065904046440157;0,02065904046440157;;-0,010916403332375623;3;1
2016-11-29;3;2016-11-29 03:00:00;34,43;34,08;0,3500000000000014;39970;0;48752;6302;6375;0;6375;6302;73;0;73;0,011450980392156862;0,011450980392156862;;0,010165553296543754;3;1
2016-11-29;4;2016-11-29 04:00:00;34,89;32,86;2,0300000000000007;39970;0;48752;6898;6852;0;6852;6898;-46;0;-46;-0,006713368359603036;-0,006713368359603036;;0,05818286041845803;3;1
2016-11-29;5;2016-11-29 05:00:00;36,75;39,4;-2,6499999999999986;39970;0;48752;7499;7275;0;7275;7499;-224;0;-224;-0,030790378006872853;-0,030790378006872853;;-0,07210884353741492;3;1
2016-11-29;6;2016-11-29 06:00:00;44,68;47,4;-2,719999999999999;39970;0;48752;8079;7692;0;7692;8079;-387;0;-387;-0,05031201248049922;-0,05031201248049922;;-0,06087735004476273;3;1
2016-11-29;7;2016-11-29 07:00:00;54,95;62,05;-7,099999999999994;39970;9;48752;8621;8060;30;8090;8630;-561;21;-540;-0,06674907292954264;-0,06960297766749379;0,7;-0,12920837124658768;3;1
2016-11-29;8;2016-11-29 08:00:00;52,65;57,18;-4,530000000000001;39970;1766;48752;9022;8299;1813;10112;10788;-723;47;-676;-0,0668512658227848;-0,08711892999156524;0,02592388306674021;-0,08603988603988606;3;1
2016-11-29;9;2016-11-29 09:00:00;48,5;55,49;-6,990000000000002;39970;6250;48752;8790;8277;6516;14793;15040;-513;266;-247;-0,016697086459812074;-0,06197897789054005;0,04082259054634745;-0,14412371134020624;3;1
2016-11-29;10;2016-11-29 10:00:00;43,69;47,91;-4,219999999999999;39970;10892;48752;7892;7899;10498;18397;18784;7;-394;-387;-0,021036038484535523;0,0008861881250791239;-0,037530958277767194;-0,09658960860608833;3;1
2016-11-29;11;2016-11-29 11:00:00;42,2;46,81;-4,6099999999999985;39970;13975;48752;6933;7624;12600;20224;20908;691;-1375;-684;-0,03382120253164557;0,09063483735571878;-0,10912698412698413;-0,1092417061611374;3;1
2016-11-29;12;2016-11-29 12:00:00;40,42;44,01;-3,5899999999999963;39970;14321;48752;6652;7531;12715;20246;20973;879;-1606;-727;-0,035908327570878196;0,11671756738812906;-0,1263075108139992;-0,08881741712023741;3;1
2016-11-29;13;2016-11-29 13:00:00;41,75;44,05;-2,299999999999997;39970;12273;48752;6378;7647;10969;18616;18651;1269;-1304;-35;-0,0018801031370863773;0,16594743036484896;-0,11888048135655027;-0,055089820359281366;3;1
2016-11-29;14;2016-11-29 14:00:00;43,12;46,56;-3,440000000000005;39970;7996;48752;6404;8238;7348;15586;14400;1834;-648;1186;0,0760939304504042;0,22262685117747025;-0,08818726183995645;-0,07977736549165132;3;1
2016-11-29;15;2016-11-29 15:00:00;50,94;52,11;-1,1700000000000017;39970;2756;48752;7120;9122;2519;11641;9876;2002;-237;1765;0,15161927669444206;0,21946941460206096;-0,09408495434696308;-0,022968197879858692;3;1
2016-11-29;16;2016-11-29 16:00:00;55,58;62,34;-6,760000000000005;39970;140;48752;8705;10259;107;10366;8845;1554;-33;1521;0,1467296932278603;0,15147675212008968;-0,308411214953271;-0,12162648434688747;3;1
2016-11-29;17;2016-11-29 17:00:00;55,66;72,64;-16,980000000000004;39970;0;48752;10518;11357;0;11357;10518;839;0;839;0,0738751430835608;0,0738751430835608;;-0,30506647502694945;3;1
2016-11-29;18;2016-11-29 18:00:00;52,61;66,93;-14,320000000000007;39970;0;48752;12009;12197;0;12197;12009;188;0;188;0,015413626301549561;0,015413626301549561;;-0,27219159855540787;3;1
2016-11-29;19;2016-11-29 19:00:00;47,94;53,01;-5,07;39970;0;48752;12932;12912;0;12912;12932;-20;0;-20;-0,0015489467162329617;-0,0015489467162329617;;-0,10575719649561953;3;1
2016-11-29;20;2016-11-29 20:00:00;39,97;48,18;-8,21;39970;0;48752;13689;13448;0;13448;13689;-241;0;-241;-0,01792088042831648;-0,01792088042831648;;-0,20540405303977985;3;1
2016-11-29;21;2016-11-29 21:00:00;35,9;43,97;-8,07;39970;0;48752;14375;13975;0;13975;14375;-400;0;-400;-0,028622540250447227;-0,028622540250447227;;-0,22479108635097494;3;1
2016-11-29;22;2016-11-29 22:00:00;32,9;37,06;-4,160000000000005;39970;0;48752;14708;14604;0;14604;14708;-104;0;-104;-0,007121336620104081;-0,007121336620104081;;-0,12644376899696064;3;1
2016-11-29;23;2016-11-29 23:00:00;30,38;32,75;-2,370000000000001;39970;0;48752;15397;15289;0;15289;15397;-108;0;-108;-0,007063902151873897;-0,007063902151873897;;-0,07801184990125086;3;1
2016-11-30;0;2016-11-30 00:00:00;27,75;33,31;-5,560000000000002;39977;0;48794;16154;16216;0;16216;16154;62;0;62;0,003823384311790824;0,003823384311790824;;-0,20036036036036045;3;2
2016-11-30;1;2016-11-30 01:00:00;27,36;34,9;-7,539999999999999;39977;0;48794;16719;16983;0;16983;16719;264;0;264;0,015544956721427309;0,015544956721427309;;-0,2755847953216374;3;2
2016-11-30;2;2016-11-30 02:00:00;27,02;34,39;-7,370000000000001;39977;0;48794;17282;17698;0;17698;17282;416;0;416;0,023505480845293254;0,023505480845293254;;-0,2727609178386381;3;2
2016-11-30;3;2016-11-30 03:00:00;25,3;32,25;-6,949999999999998;39977;0;48794;17766;18326;0;18326;17766;560;0;560;0,030557677616501147;0,030557677616501147;;-0,2747035573122529;3;2
2016-11-30;4;2016-11-30 04:00:00;28,04;33,41;-5,369999999999997;39977;0;48794;17944;18900;0;18900;17944;956;0;956;0,05058201058201058;0,05058201058201058;;-0,19151212553494998;3;2
2016-11-30;5;2016-11-30 05:00:00;29,93;37,35;-7,420000000000003;39977;0;48794;18265;19388;0;19388;18265;1123;0;1123;0,05792242624303693;0,05792242624303693;;-0,2479117941864351;3;2
2016-11-30;6;2016-11-30 06:00:00;34,13;44,58;-10,449999999999996;39977;0;48794;18936;19764;0;19764;18936;828;0;828;0,04189435336976321;0,04189435336976321;;-0,3061822443598006;3;2
2016-11-30;7;2016-11-30 07:00:00;47,92;55,28;-7,3599999999999985;39977;5;48794;19340;20014;23;20037;19345;674;18;692;0,034536108199830315;0,03367642650144899;0,782608695652174;-0,15358931552587643;3;2
2016-11-30;8;2016-11-30 08:00:00;47,91;50,99;-3,0800000000000054;39977;962;48794;19385;20099;1107;21206;20347;714;145;859;0,040507403565028764;0,03552415543061844;0,13098464317976513;-0,06428720517637249;3;2
2016-11-30;9;2016-11-30 09:00:00;44,47;47,78;-3,3100000000000023;39977;3905;48794;19690;20046;4025;24071;23595;356;120;476;0,01977483278634041;0,017759153945924373;0,02981366459627329;-0,07443220148414667;3;2
2016-11-30;10;2016-11-30 10:00:00;37,49;41,41;-3,9199999999999946;39977;7072;48794;19132;19997;6531;26528;26204;865;-541;324;0,01221351025331725;0,04325648847327099;-0,08283570662991885;-0,10456121632435302;3;2
2016-11-30;11;2016-11-30 11:00:00;37,91;39,74;-1,8300000000000052;39977;8918;48794;18667;19958;7842;27800;27585;1291;-1076;215;0,007733812949640288;0,06468584026455557;-0,13720989543483805;-0,04827222368768149;3;2
2016-11-30;12;2016-11-30 12:00:00;37,42;37,91;-0,4899999999999949;39977;8890;48794;18710;19996;7744;27740;27600;1286;-1146;140;0,005046863734679163;0,0643128625725145;-0,14798553719008264;-0,01309460181720991;3;2
2016-11-30;13;2016-11-30 13:00:00;35,98;37,36;-1,3800000000000026;39977;7267;48794;19582;20173;6418;26591;26849;591;-849;-258;-0,009702530931518183;0,029296584543697022;-0,13228420068557184;-0,038354641467482006;3;2
2016-11-30;14;2016-11-30 14:00:00;39,33;37,63;1,6999999999999955;39977;4430;48794;19806;20502;4072;24574;24236;696;-358;338;0,013754374542199072;0,033947907521217444;-0,08791748526522593;0,04322400203407057;3;2
2016-11-30;15;2016-11-30 15:00:00;38,74;38,43;0,3100000000000023;39977;1548;48794;20144;20857;1413;22270;21692;713;-135;578;0,025954198473282442;0,03418516565181953;-0,09554140127388536;0,008002065049044974;3;2
2016-11-30;16;2016-11-30 16:00:00;44,75;45,2;-0,4500000000000029;39977;84;48794;21025;21238;70;21308;21109;213;-14;199;0,00933921531819035;0,010029192956022224;-0,2;-0,010055865921787773;3;2
2016-11-30;17;2016-11-30 17:00:00;46,93;49,61;-2,68;39977;0;48794;22428;21732;0;21732;22428;-696;0;-696;-0,03202650469353948;-0,03202650469353948;;-0,05710632857447262;3;2
2016-11-30;18;2016-11-30 18:00:00;39,95;44,58;-4,629999999999996;39977;0;48794;23602;22200;0;22200;23602;-1402;0;-1402;-0,06315315315315315;-0,06315315315315315;;-0,11589486858573207;3;2
2016-11-30;19;2016-11-30 19:00:00;39,47;40,02;-0,5500000000000043;39977;0;48794;23989;22643;0;22643;23989;-1346;0;-1346;-0,059444419909022654;-0,059444419909022654;;-0,01393463389916403;3;2
2016-11-30;20;2016-11-30 20:00:00;35,08;34,41;0,6700000000000017;39977;0;48794;23949;23048;0;23048;23949;-901;0;-901;-0,039092329052412354;-0,039092329052412354;;0,01909920182440142;3;2
2016-11-30;21;2016-11-30 21:00:00;32,58;34,55;-1,9699999999999989;39977;0;48794;23895;23438;0;23438;23895;-457;0;-457;-0,019498250703984983;-0,019498250703984983;;-0,06046654389195823;3;2
2016-11-30;22;2016-11-30 22:00:00;31,86;33,07;-1,2100000000000009;39977;0;48794;23732;23790;0;23790;23732;58;0;58;0,0024379991593106347;0,0024379991593106347;;-0,03797865662272445;3;2
2016-11-30;23;2016-11-30 23:00:00;27,0;31,01;-4,010000000000002;39977;0;48794;24150;24155;0;24155;24150;5;0;5;0,00020699648105982198;0,00020699648105982198;;-0,14851851851851858;3;2
2016-12-01;0;2016-12-01 00:00:00;26,79;28,12;-1,3300000000000018;40007;0;48818;24214;24934;0;24934;24214;720;0;720;0,0288762332557953;0,0288762332557953;;-0,04964539007092206;3;3
2016-12-01;1;2016-12-01 01:00:00;14,95;24,93;-9,98;40007;0;48818;24189;25363;0;25363;24189;1174;0;1174;0,046287899696408154;0,046287899696408154;;-0,6675585284280937;3;3
2016-12-01;2;2016-12-01 02:00:00;11,95;23,79;-11,84;40007;0;48818;24420;25631;0;25631;24420;1211;0;1211;0,04724747376224104;0,04724747376224104;;-0,990794979079498;3;3
2016-12-01;3;2016-12-01 03:00:00;10,27;26,39;-16,12;40007;0;48818;24897;25974;0;25974;24897;1077;0;1077;0,04146454146454146;0,04146454146454146;;-1,569620253164557;3;3
2016-12-01;4;2016-12-01 04:00:00;11,29;26,78;-15,490000000000002;40007;0;48818;25294;26373;0;26373;25294;1079;0;1079;0,04091305501839002;0,04091305501839002;;-1,372010628875111;3;3
2016-12-01;5;2016-12-01 05:00:00;21,93;32,27;-10,340000000000003;40007;0;48818;25814;26755;0;26755;25814;941;0;941;0,03517099607549991;0,03517099607549991;;-0,4715002279981762;3;3
2016-12-01;6;2016-12-01 06:00:00;32,06;42,8;-10,739999999999995;40007;0;48818;26863;27083;0;27083;26863;220;0;220;0,008123176900638776;0,008123176900638776;;-0,33499688084840906;3;3
2016-12-01;7;2016-12-01 07:00:00;35,39;47,02;-11,630000000000004;40007;8;48818;27251;27313;8;27321;27259;62;0;62;0,002269316642875444;0,0022699813275729504;0,0;-0,3286239050579261;3;3
2016-12-01;8;2016-12-01 08:00:00;34,36;44,55;-10,189999999999998;40007;308;48818;27189;27580;385;27965;27497;391;77;468;0,016735204720185946;0,014176939811457578;0,2;-0,2965657741559953;3;3
2016-12-01;9;2016-12-01 09:00:00;37,01;40,45;-3,440000000000005;40007;1153;48818;26713;27870;1553;29423;27866;1157;400;1557;0,052917785405974915;0,041514172945819876;0,25756600128783;-0,09294785193191044;3;3
2016-12-01;10;2016-12-01 10:00:00;38,79;43,58;-4,789999999999999;40007;2213;48818;26814;28147;2770;30917;29027;1333;557;1890;0,06113141637286929;0,04735851067609337;0,20108303249097473;-0,12348543439030676;3;3
2016-12-01;11;2016-12-01 11:00:00;36,36;44,29;-7,93;40007;3042;48818;27390;28431;3618;32049;30432;1041;576;1617;0,05045399232425349;0,03661496254088847;0,15920398009950248;-0,2180968096809681;3;3
2016-12-01;12;2016-12-01 12:00:00;33,99;44,11;-10,119999999999996;40007;3412;48818;27753;28663;3845;32508;31165;910;433;1343;0,04131290759197736;0,031748246868785544;0,11261378413524058;-0,29773462783171506;3;3
2016-12-01;13;2016-12-01 13:00:00;32,29;40,05;-7,759999999999998;40007;3260;48818;27974;28922;3377;32299;31234;948;117;1065;0,032973157063686184;0,03277781619528387;0,03464613562333432;-0,24032208113967166;3;3
2016-12-01;14;2016-12-01 14:00:00;31,37;40,8;-9,429999999999996;40007;2306;48818;28171;29708;2228;31936;30477;1537;-78;1459;0,045685120240480964;0,051736905883936986;-0,03500897666068223;-0,3006056742110295;3;3
2016-12-01;15;2016-12-01 15:00:00;31,38;43,55;-12,169999999999998;40007;863;48818;28692;30057;789;30846;29555;1365;-74;1291;0,041853076573948;0,045413713943507336;-0,09378960709759189;-0,3878266411727214;3;3
2016-12-01;16;2016-12-01 16:00:00;32,38;45,95;-13,57;40007;48;48818;29549;30334;45;30379;29597;785;-3;782;0,02574146614437605;0,025878552119733632;-0,06666666666666667;-0,4190858554663372;3;3
2016-12-01;17;2016-12-01 17:00:00;35,73;44,24;-8,510000000000005;40007;0;48818;29961;30624;0;30624;29961;663;0;663;0,021649686520376174;0,021649686520376174;;-0,23817520291071945;3;3
2016-12-01;18;2016-12-01 18:00:00;32,94;41,89;-8,950000000000003;40007;0;48818;30802;30910;0;30910;30802;108;0;108;0,0034940148819152376;0,0034940148819152376;;-0,2717061323618702;3;3
2016-12-01;19;2016-12-01 19:00:00;33,86;40,22;-6,3599999999999985;40007;0;48818;31082;31075;0;31075;31082;-7;0;-7;-0,0002252614641995173;-0,0002252614641995173;;-0,18783225044300056;3;3
2016-12-01;20;2016-12-01 20:00:00;31,32;35,63;-4,310000000000001;40007;0;48818;31207;31351;0;31351;31207;144;0;144;0,004593154923287933;0,004593154923287933;;-0,13761174968071524;3;3
2016-12-01;21;2016-12-01 21:00:00;28,01;31,93;-3,919999999999998;40007;0;48818;31158;31442;0;31442;31158;284;0;284;0,009032504293619998;0,009032504293619998;;-0,13995001785076752;3;3
2016-12-01;22;2016-12-01 22:00:00;19,66;29,93;-10,27;40007;0;48818;30359;31439;0;31439;30359;1080;0;1080;0,03435223766659245;0,03435223766659245;;-0,5223804679552391;3;3
2016-12-01;23;2016-12-01 23:00:00;8,94;22,08;-13,14;40007;0;48818;30223;31317;0;31317;30223;1094;0;1094;0,03493310342625411;0,03493310342625411;;-1,469798657718121;3;3
2016-12-02;0;2016-12-02 00:00:00;7,23;15,49;-8,26;40013;0;48839;29434;30440;0;30440;29434;1006;0;1006;0,03304862023653088;0,03304862023653088;;-1,1424619640387275;3;4
2016-12-02;1;2016-12-02 01:00:00;7,2;17,06;-9,86;40013;0;48839;28953;30127;0;30127;28953;1174;0;1174;0,03896836724532811;0,03896836724532811;;-1,3694444444444442;3;4
2016-12-02;2;2016-12-02 02:00:00;6,07;13,11;-7,039999999999999;40013;0;48839;28243;29372;0;29372;28243;1129;0;1129;0,0384379681329157;0,0384379681329157;;-1,159802306425041;3;4
2016-12-02;3;2016-12-02 03:00:00;8,79;14,18;-5,3900000000000015;40013;0;48839;27271;28274;0;28274;27271;1003;0;1003;0,035474287331116926;0,035474287331116926;;-0,6131968145620025;3;4
2016-12-02;4;2016-12-02 04:00:00;19,83;19,82;0,009999999999998009;40013;0;48839;25854;26404;0;26404;25854;550;0;550;0,02083017724587184;0,02083017724587184;;0,0005042864346948064;3;4
2016-12-02;5;2016-12-02 05:00:00;26,88;27,78;-0,9000000000000021;40013;0;48839;24431;23814;0;23814;24431;-617;0;-617;-0,025909129083732257;-0,025909129083732257;;-0,03348214285714294;3;4
2016-12-02;6;2016-12-02 06:00:00;31,87;35,28;-3,41;40013;0;48839;22107;20949;0;20949;22107;-1158;0;-1158;-0,05527710153229271;-0,05527710153229271;;-0,10699717602761218;3;4
2016-12-02;7;2016-12-02 07:00:00;46,06;48,13;-2,0700000000000003;40013;2;48839;18957;17925;7;17932;18959;-1032;5;-1027;-0,05727191612759313;-0,05757322175732218;0,7142857142857143;-0,04494138080764221;3;4
2016-12-02;8;2016-12-02 08:00:00;46,94;48,37;-1,4299999999999995;40013;550;48839;15804;15163;686;15849;16354;-641;136;-505;-0,031863209035270366;-0,042273956341093454;0,19825072886297376;-0,03046442266723476;3;4
2016-12-02;9;2016-12-02 09:00:00;44,71;49,39;-4,68;40013;2673;48839;12662;12782;2887;15669;15335;120;214;334;0,021315974216606037;0,009388202159286497;0,07412538967786629;-0,10467456944755088;3;4
2016-12-02;10;2016-12-02 10:00:00;43,5;49,13;-5,630000000000003;40013;5243;48839;10220;10703;5017;15720;15463;483;-226;257;0,016348600508905853;0,04512753433616743;-0,04504684074147897;-0,1294252873563219;3;4
2016-12-02;11;2016-12-02 11:00:00;46,9;50,78;-3,8800000000000026;40013;6894;48839;8675;9020;6253;15273;15569;345;-641;-296;-0,019380606298697048;0,03824833702882483;-0,10251079481848713;-0,0827292110874201;3;4
2016-12-02;12;2016-12-02 12:00:00;46,93;50,27;-3,3400000000000034;40013;7466;48839;7784;7643;6345;13988;15250;-141;-1121;-1262;-0,09022018873319988;-0,018448253303676568;-0,17667454688731285;-0,07116982740251446;3;4
2016-12-02;13;2016-12-02 13:00:00;47,97;48,42;-0,4500000000000029;40013;6233;48839;6921;6813;5325;12138;13154;-108;-908;-1016;-0,08370406986323942;-0,015852047556142668;-0,17051643192488264;-0,009380863039399685;3;4
2016-12-02;14;2016-12-02 14:00:00;49,54;50,95;-1,4100000000000037;40013;3792;48839;5840;6497;3326;9823;9632;657;-466;191;0,019444161661406903;0,10112359550561797;-0,14010823812387252;-0,028461849010900358;3;4
2016-12-02;15;2016-12-02 15:00:00;51,11;57,79;-6,68;40013;1055;48839;5312;6626;965;7591;6367;1314;-90;1224;0,16124357792122251;0,19830968910353156;-0,09326424870466321;-0,13069849344550968;3;4
2016-12-02;16;2016-12-02 16:00:00;49,99;61,66;-11,669999999999995;40013;34;48839;5693;7062;35;7097;5727;1369;1;1370;0,193039312385515;0,19385443217218917;0,02857142857142857;-0,23344668933786747;3;4
2016-12-02;17;2016-12-02 17:00:00;56,85;66,02;-9,169999999999996;40013;0;48839;6586;7608;0;7608;6586;1022;0;1022;0,1343322818086225;0,1343322818086225;;-0,16130167106420398;3;4
2016-12-02;18;2016-12-02 18:00:00;58,1;61,56;-3,4600000000000013;40013;0;48839;7043;7798;0;7798;7043;755;0;755;0,096819697358297;0,096819697358297;;-0,059552495697074034;3;4
2016-12-02;19;2016-12-02 19:00:00;50,03;52,1;-2,0700000000000003;40013;0;48839;7180;7613;0;7613;7180;433;0;433;0,056876395639038485;0,056876395639038485;;-0,04137517489506297;3;4
2016-12-02;20;2016-12-02 20:00:00;52,07;44,26;7,810000000000002;40013;0;48839;6864;7160;0;7160;6864;296;0;296;0,041340782122905026;0,041340782122905026;;0,14999039754177074;3;4
2016-12-02;21;2016-12-02 21:00:00;47,91;41,42;6,489999999999995;40013;0;48839;6374;6555;0;6555;6374;181;0;181;0,02761250953470633;0,02761250953470633;;0,13546232519307025;3;4
2016-12-02;22;2016-12-02 22:00:00;44,02;36,84;7,18;40013;0;48839;6089;5910;0;5910;6089;-179;0;-179;-0,030287648054145515;-0,030287648054145515;;0,1631076783280327;3;4
2016-12-02;23;2016-12-02 23:00:00;36,03;34,16;1,8700000000000043;40013;0;48839;5587;5401;0;5401;5587;-186;0;-186;-0,03443806702462507;-0,03443806702462507;;0,051901193449902974;3;4
2016-12-03;0;2016-12-03 00:00:00;32,9;33,11;-0,21000000000000085;40013;0;48841;4784;5147;0;5147;4784;363;0;363;0,07052652030308917;0,07052652030308917;;-0,006382978723404282;3;5
2016-12-03;1;2016-12-03 01:00:00;33,11;35,08;-1,9699999999999989;40013;0;48841;4124;4597;0;4597;4124;473;0;473;0,10289319121165978;0,10289319121165978;;-0,0594986408939897;3;5
2016-12-03;2;2016-12-03 02:00:00;33,71;35,21;-1,5;40013;0;48841;3710;4035;0;4035;3710;325;0;325;0,080545229244114;0,080545229244114;;-0,04449718184514981;3;5
2016-12-03;3;2016-12-03 03:00:00;33,49;35,29;-1,7999999999999972;40013;0;48841;3497;3530;0;3530;3497;33;0;33;0,009348441926345609;0,009348441926345609;;-0,053747387279784925;3;5
2016-12-03;4;2016-12-03 04:00:00;33,63;35,63;-2,0;40013;0;48841;3396;3081;0;3081;3396;-315;0;-315;-0,10223953261927946;-0,10223953261927946;;-0,059470710674992565;3;5
2016-12-03;5;2016-12-03 05:00:00;33,21;35,76;-2,549999999999997;40013;0;48841;3226;2676;0;2676;3226;-550;0;-550;-0,2055306427503737;-0,2055306427503737;;-0,07678410117434499;3;5
2016-12-03;6;2016-12-03 06:00:00;36,69;36,21;0,4799999999999969;40013;0;48841;3020;2338;0;2338;3020;-682;0;-682;-0,2917023096663815;-0,2917023096663815;;0,01308258381030245;3;5
2016-12-03;7;2016-12-03 07:00:00;36,0;34,82;1,1799999999999995;40013;3;48841;2784;2043;11;2054;2787;-741;8;-733;-0,3568646543330088;-0,36270190895741555;0,7272727272727273;0,03277777777777777;3;5
2016-12-03;8;2016-12-03 08:00:00;39,0;39,58;-0,5799999999999983;40013;826;48841;2582;1799;807;2606;3408;-783;-19;-802;-0,30775134305448965;-0,4352418010005559;-0,023543990086741014;-0,014871794871794828;3;5
2016-12-03;9;2016-12-03 09:00:00;45,96;40,11;5,850000000000001;40013;4169;48841;2238;1587;4056;5643;6407;-651;-113;-764;-0,13538897749424064;-0,4102079395085066;-0,027859960552268245;0,12728459530026112;3;5
2016-12-03;10;2016-12-03 10:00:00;40,13;37,32;2,8100000000000023;40013;8346;48841;1776;1384;7739;9123;10122;-392;-607;-999;-0,10950345281157514;-0,2832369942196532;-0,07843390618943016;0,07002242711188641;3;5
2016-12-03;11;2016-12-03 11:00:00;38,22;33,98;4,240000000000002;40013;11260;48841;1250;1239;9879;11118;12510;-11;-1381;-1392;-0,12520237452779276;-0,00887812752219532;-0,13979147687012855;0,11093668236525385;3;5
2016-12-03;12;2016-12-03 12:00:00;37,32;32,46;4,8599999999999985;40013;12044;48841;1058;1180;10259;11439;13102;122;-1785;-1663;-0,14537984089518313;0,10338983050847457;-0,17399356662442733;0,13022508038585204;3;5
2016-12-03;13;2016-12-03 13:00:00;36,18;31,93;4,25;40013;10462;48841;1147;1230;8879;10109;11609;83;-1583;-1500;-0,14838262934019192;0,06747967479674796;-0,17828584300033787;0,11746821448313986;3;5
2016-12-03;14;2016-12-03 14:00:00;39,69;34,48;5,210000000000001;40013;6690;48841;1359;1474;5799;7273;8049;115;-891;-776;-0,10669599890004125;0,0780189959294437;-0,1536471805483704;0,13126732174351224;3;5
2016-12-03;15;2016-12-03 15:00:00;47,94;43,61;4,329999999999998;40013;2149;48841;1746;1860;1940;3800;3895;114;-209;-95;-0,025;0,06129032258064516;-0,1077319587628866;0,09032123487692946;3;5
2016-12-03;16;2016-12-03 16:00:00;52,0;48,79;3,2100000000000013;40013;72;48841;2443;2352;81;2433;2515;-91;9;-82;-0,03370324702013974;-0,03869047619047619;0,1111111111111111;0,061730769230769256;3;5
2016-12-03;17;2016-12-03 17:00:00;64,6;58,85;5,749999999999992;40013;0;48841;3210;2853;3;2856;3210;-357;3;-354;-0,12394957983193278;-0,12513144058885384;1,0;0,08900928792569648;3;5
2016-12-03;18;2016-12-03 18:00:00;58,94;50,49;8,449999999999996;40013;0;48841;3834;3252;0;3252;3834;-582;0;-582;-0,17896678966789667;-0,17896678966789667;;0,1433661350525958;3;5
2016-12-03;19;2016-12-03 19:00:00;48,9;44,37;4,530000000000001;40013;0;48841;4237;3467;0;3467;4237;-770;0;-770;-0,22209402942024806;-0,22209402942024806;;0,09263803680981597;3;5
2016-12-03;20;2016-12-03 20:00:00;44,97;37,99;6,979999999999998;40013;0;48841;4127;3519;0;3519;4127;-608;0;-608;-0,17277635691957943;-0,17277635691957943;;0,15521458750277958;3;5
2016-12-03;21;2016-12-03 21:00:00;40,73;37,76;2,969999999999999;40013;0;48841;4076;3510;0;3510;4076;-566;0;-566;-0,16125356125356125;-0,16125356125356125;;0,07291922415909646;3;5
2016-12-03;22;2016-12-03 22:00:00;41,9;38,73;3,1700000000000017;40013;0;48841;4076;3493;0;3493;4076;-583;0;-583;-0,16690523904952762;-0,16690523904952762;;0,07565632458233895;3;5
2016-12-03;23;2016-12-03 23:00:00;34,42;33,77;0,6499999999999986;40013;0;48841;4322;3523;0;3523;4322;-799;0;-799;-0,2267953448765257;-0,2267953448765257;;0,018884369552585663;3;5
2016-12-04;0;2016-12-04 00:00:00;35,6;37,06;-1,4600000000000009;40013;0;48841;4252;3616;0;3616;4252;-636;0;-636;-0,17588495575221239;-0,17588495575221239;;-0,0410112359550562;3;6
2016-12-04;1;2016-12-04 01:00:00;33,9;34,92;-1,0200000000000031;40013;0;48841;4162;3547;0;3547;4162;-615;0;-615;-0,1733859599661686;-0,1733859599661686;;-0,030088495575221332;3;6
2016-12-04;2;2016-12-04 02:00:00;34,22;34,48;-0,259999999999998;40013;0;48841;4055;3571;0;3571;4055;-484;0;-484;-0,1355362643517222;-0,1355362643517222;;-0,007597895967270544;3;6
2016-12-04;3;2016-12-04 03:00:00;34,28;34,45;-0,1700000000000017;40013;0;48841;3974;3569;0;3569;3974;-405;0;-405;-0,11347716447184085;-0,11347716447184085;;-0,0049591598599767125;3;6
2016-12-04;4;2016-12-04 04:00:00;33,75;33,38;0,36999999999999744;40013;0;48841;3962;3456;0;3456;3962;-506;0;-506;-0,14641203703703703;-0,14641203703703703;;0,010962962962962888;3;6
2016-12-04;5;2016-12-04 05:00:00;33,75;34,61;-0,8599999999999994;40013;0;48841;3870;3333;0;3333;3870;-537;0;-537;-0,16111611161116113;-0,16111611161116113;;-0,025481481481481466;3;6
2016-12-04;6;2016-12-04 06:00:00;33,85;33,41;0,4400000000000048;40013;0;48841;3675;3227;0;3227;3675;-448;0;-448;-0,13882863340563992;-0,13882863340563992;;0,012998522895125694;3;6
2016-12-04;7;2016-12-04 07:00:00;33,1;34,16;-1,0599999999999952;40013;2;48841;3394;3143;13;3156;3396;-251;11;-240;-0,07604562737642585;-0,07986000636334713;0,8461538461538461;-0,03202416918428988;3;6
2016-12-04;8;2016-12-04 08:00:00;35,08;37,43;-2,3500000000000014;40013;790;48841;3324;3064;1031;4095;4114;-260;241;-19;-0,00463980463980464;-0,08485639686684072;0,23375363724539283;-0,06698973774230335;3;6
2016-12-04;9;2016-12-04 09:00:00;36,28;37,55;-1,2699999999999958;40013;3826;48841;3186;2949;4390;7339;7012;-237;564;327;0,04455647908434392;-0,08036622583926754;0,1284738041002278;-0,03500551267916196;3;6
2016-12-04;10;2016-12-04 10:00:00;35,88;38,14;-2,259999999999998;40013;7163;48841;2868;2711;7900;10611;10031;-157;737;580;0,05466025822259919;-0,057912209516783476;0,09329113924050633;-0,06298773690078031;3;6
2016-12-04;11;2016-12-04 11:00:00;36,33;38,82;-2,490000000000002;40013;9759;48841;2518;2351;10068;12419;12277;-167;309;142;0,011434092922135437;-0,07103360272224585;0,03069129916567342;-0,06853839801816686;3;6
2016-12-04;12;2016-12-04 12:00:00;34,42;35,45;-1,0300000000000011;40013;10277;48841;2201;2099;10445;12544;12478;-102;168;66;0,0052614795918367345;-0,04859456884230586;0,016084250837721397;-0,02992446252178969;3;6
2016-12-04;13;2016-12-04 13:00:00;34,02;34,98;-0,9599999999999936;40013;8807;48841;2164;2041;8968;11009;10971;-123;161;38;0,003451721318920883;-0,060264576188143064;0,017952720785013383;-0,028218694885361363;3;6
2016-12-04;14;2016-12-04 14:00:00;34,2;36,94;-2,7399999999999953;40013;5548;48841;2310;2292;5825;8117;7858;-18;277;259;0,031908340519896515;-0,007853403141361256;0,047553648068669525;-0,08011695906432734;3;6
2016-12-04;15;2016-12-04 15:00:00;35,68;40,72;-5,039999999999999;40013;1799;48841;2682;2766;1964;4730;4481;84;165;249;0,05264270613107822;0,03036876355748373;0,0840122199592668;-0,14125560538116588;3;6
2016-12-04;16;2016-12-04 16:00:00;44,0;49,13;-5,130000000000003;40013;68;48841;3577;3378;77;3455;3645;-199;9;-190;-0,05499276410998553;-0,05891059798697454;0,11688311688311688;-0,11659090909090915;3;6
2016-12-04;17;2016-12-04 17:00:00;47,98;50,43;-2,450000000000003;40013;0;48841;4751;3811;0;3811;4751;-940;0;-940;-0,24665442141170296;-0,24665442141170296;;-0,051062942892872096;3;6
2016-12-04;18;2016-12-04 18:00:00;48,96;49,8;-0,8399999999999963;40013;0;48841;5369;4099;0;4099;5369;-1270;0;-1270;-0,3098316662600634;-0,3098316662600634;;-0,017156862745097964;3;6
2016-12-04;19;2016-12-04 19:00:00;49,9;47,73;2,1700000000000017;40013;0;48841;5550;4245;0;4245;5550;-1305;0;-1305;-0,30742049469964666;-0,30742049469964666;;0,04348697394789583;3;6
2016-12-04;20;2016-12-04 20:00:00;46,95;45,87;1,0800000000000054;40013;0;48841;5630;4254;0;4254;5630;-1376;0;-1376;-0,3234602726845322;-0,3234602726845322;;0,023003194888179028;3;6
2016-12-04;21;2016-12-04 21:00:00;43,91;42,03;1,8799999999999957;40013;0;48841;5584;4205;0;4205;5584;-1379;0;-1379;-0,32794292508917955;-0,32794292508917955;;0,04281484855386007;3;6
2016-12-04;22;2016-12-04 22:00:00;46,34;43,57;2,770000000000003;40013;0;48841;5358;4074;0;4074;5358;-1284;0;-1284;-0,31516936671575846;-0,31516936671575846;;0,05977557186016407;3;6
2016-12-04;23;2016-12-04 23:00:00;35,75;38,67;-2,9200000000000017;40013;0;48841;5278;3896;0;3896;5278;-1382;0;-1382;-0,3547227926078029;-0,3547227926078029;;-0,08167832167832173;3;6
2016-12-05;0;2016-12-05 00:00:00;35,77;37,93;-2,1599999999999966;40018;0;48867;5079;4173;0;4173;5079;-906;0;-906;-0,21710999281092738;-0,21710999281092738;;-0,06038579815487829;3;0
2016-12-05;1;2016-12-05 01:00:00;35,03;37,48;-2,449999999999996;40018;0;48867;4637;3925;0;3925;4637;-712;0;-712;-0,18140127388535032;-0,18140127388535032;;-0,06994005138452744;3;0
2016-12-05;2;2016-12-05 02:00:00;33,56;37,46;-3,899999999999999;40018;0;48867;4326;3702;0;3702;4326;-624;0;-624;-0,1685575364667747;-0,1685575364667747;;-0,11620977353992845;3;0
2016-12-05;3;2016-12-05 03:00:00;33,27;37,7;-4,43;40018;0;48867;4117;3488;0;3488;4117;-629;0;-629;-0,18033256880733944;-0,18033256880733944;;-0,13315299068229633;3;0
2016-12-05;4;2016-12-05 04:00:00;34,93;38,27;-3,3400000000000034;40018;0;48867;3788;3318;0;3318;3788;-470;0;-470;-0,1416515973477999;-0,1416515973477999;;-0,09561981105067287;3;0
2016-12-05;5;2016-12-05 05:00:00;37,44;41,15;-3,7100000000000013;40018;0;48867;3635;3212;0;3212;3635;-423;0;-423;-0,1316936488169365;-0,1316936488169365;;-0,09909188034188038;3;0
2016-12-05;6;2016-12-05 06:00:00;50,38;51,17;-0,7899999999999991;40018;0;48867;3505;3119;0;3119;3505;-386;0;-386;-0,12375761462007054;-0,12375761462007054;;-0,01568082572449383;3;0
2016-12-05;7;2016-12-05 07:00:00;62,55;64,06;-1,5100000000000051;40018;2;48867;3250;3054;12;3066;3252;-196;10;-186;-0,060665362035225046;-0,06417812704649639;0,8333333333333334;-0,02414068745004005;3;0
2016-12-05;8;2016-12-05 08:00:00;64,79;71,72;-6,929999999999992;40018;558;48867;3141;2991;812;3803;3699;-150;254;104;0,027346831448856166;-0,05015045135406219;0,312807881773399;-0,10696095076400665;3;0
2016-12-05;9;2016-12-05 09:00:00;56,45;69,43;-12,980000000000004;40018;3066;48867;2948;2886;3953;6839;6014;-62;887;825;0,12063167129697325;-0,021483021483021482;0,22438654186693652;-0,22993799822852087;3;0
2016-12-05;10;2016-12-05 10:00:00;47,93;59,61;-11,68;40018;6174;48867;2606;2635;7692;10327;8780;29;1518;1547;0,14980149123656433;0,011005692599620493;0,19734789391575663;-0,24368871270602963;3;0
2016-12-05;11;2016-12-05 11:00:00;46,98;63,85;-16,870000000000005;40018;8370;48867;2132;2332;10234;12566;10502;200;1864;2064;0,16425274550374025;0,08576329331046312;0,18213797146765684;-0,35908897403150286;3;0
2016-12-05;12;2016-12-05 12:00:00;39,65;55,07;-15,420000000000002;40018;8805;48867;1698;2115;10737;12852;10503;417;1932;2349;0,18277310924369747;0,1971631205673759;0,17993853031573065;-0,38890290037831027;3;0
2016-12-05;13;2016-12-05 13:00:00;54,45;68,93;-14,480000000000004;40018;7307;48867;1570;1978;9458;11436;8877;408;2151;2559;0,2237670514165792;0,20626895854398383;0,22742651723408755;-0,2659320477502296;3;0
2016-12-05;14;2016-12-05 14:00:00;62,36;71,82;-9,459999999999994;40018;4472;48867;1746;2054;6223;8277;6218;308;1751;2059;0,24876162860939954;0,14995131450827653;0,28137554234292145;-0,15169980756895435;3;0
2016-12-05;15;2016-12-05 15:00:00;62,36;71,93;-9,57000000000001;40018;1296;48867;2160;2389;2067;4456;3456;229;771;1000;0,2244165170556553;0,09585600669736291;0,37300435413642963;-0,1534637588197564;3;0
2016-12-05;16;2016-12-05 16:00:00;63,45;75,13;-11,679999999999993;40018;42;48867;2717;2845;75;2920;2759;128;33;161;0,055136986301369866;0,04499121265377856;0,44;-0,18408195429472013;3;0
2016-12-05;17;2016-12-05 17:00:00;78,39;87,75;-9,36;40018;0;48867;3458;3337;0;3337;3458;-121;0;-121;-0,036260113874737786;-0,036260113874737786;;-0,11940298507462686;3;0
2016-12-05;18;2016-12-05 18:00:00;58,42;82,78;-24,36;40018;0;48867;3886;3788;0;3788;3886;-98;0;-98;-0,02587117212249208;-0,02587117212249208;;-0,4169804861348853;3;0
2016-12-05;19;2016-12-05 19:00:00;56,96;77,78;-20,82;40018;0;48867;4216;4209;0;4209;4216;-7;0;-7;-0,001663102874792112;-0,001663102874792112;;-0,3655196629213483;3;0
2016-12-05;20;2016-12-05 20:00:00;48,9;60,32;-11,420000000000002;40018;0;48867;4466;4516;0;4516;4466;50;0;50;0,011071744906997343;0,011071744906997343;;-0,2335378323108385;3;0
2016-12-05;21;2016-12-05 21:00:00;40,99;48,08;-7,089999999999996;40018;0;48867;4654;4711;0;4711;4654;57;0;57;0,012099341965612397;0,012099341965612397;;-0,1729690168333739;3;0
2016-12-05;22;2016-12-05 22:00:00;33,94;42,44;-8,5;40018;0;48867;4852;4847;0;4847;4852;-5;0;-5;-0,0010315659170621002;-0,0010315659170621002;;-0,25044195639363587;3;0
2016-12-05;23;2016-12-05 23:00:00;33,51;38,54;-5,030000000000001;40018;0;48867;5058;4986;0;4986;5058;-72;0;-72;-0,01444043321299639;-0,01444043321299639;;-0,15010444643390036;3;0
2016-12-06;0;2016-12-06 00:00:00;38,02;38,44;-0,4199999999999946;40019;0;48870;5223;6237;0;6237;5223;1014;0;1014;0,16257816257816257;0,16257816257816257;;-0,01104681746449223;3;1
2016-12-06;1;2016-12-06 01:00:00;41,58;41,7;-0,12000000000000455;40019;0;48870;5292;6203;0;6203;5292;911;0;911;0,14686442044172174;0,14686442044172174;;-0,0028860028860029953;3;1
2016-12-06;2;2016-12-06 02:00:00;36,53;34,98;1,5500000000000045;40019;0;48870;5093;5989;0;5989;5093;896;0;896;0,1496076139589247;0,1496076139589247;;0,04243087872981124;3;1
2016-12-06;3;2016-12-06 03:00:00;38,15;35,73;2,4200000000000017;40019;0;48870;4833;5584;0;5584;4833;751;0;751;0,1344914040114613;0,1344914040114613;;0,06343381389252954;3;1
2016-12-06;4;2016-12-06 04:00:00;42,93;40,16;2,770000000000003;40019;0;48870;4538;5066;0;5066;4538;528;0;528;0,1042242400315831;0,1042242400315831;;0,06452364313999541;3;1
2016-12-06;5;2016-12-06 05:00:00;46,66;41,54;5,119999999999997;40019;0;48870;4205;4519;0;4519;4205;314;0;314;0,06948439920336358;0,06948439920336358;;0,1097299614230604;3;1
2016-12-06;6;2016-12-06 06:00:00;49,5;47,11;2,390000000000001;40019;0;48870;3979;4017;0;4017;3979;38;0;38;0,009459795867562858;0,009459795867562858;;0,0482828282828283;3;1
2016-12-06;7;2016-12-06 07:00:00;74,73;62,51;12,220000000000004;40019;1;48870;3774;3544;6;3550;3775;-230;5;-225;-0,06338028169014084;-0,06489841986455983;0,8333333333333334;0,1635220125786164;3;1
2016-12-06;8;2016-12-06 08:00:00;80,09;73,1;6,990000000000008;40019;364;48870;3434;3107;498;3605;3798;-327;134;-193;-0,05353675450762829;-0,10524621821692952;0,26907630522088355;0,0872768135847173;3;1
2016-12-06;9;2016-12-06 09:00:00;76,0;70,02;5,980000000000004;40019;2219;48870;3033;2665;2401;5066;5252;-368;182;-186;-0,03671535728385314;-0,1380863039399625;0,07580174927113703;0,07868421052631584;3;1
2016-12-06;10;2016-12-06 10:00:00;66,39;67,21;-0,8199999999999932;40019;4606;48870;2694;2223;4751;6974;7300;-471;145;-326;-0,04674505305420132;-0,21187584345479082;0,03051989054935803;-0,012351257719535972;3;1
2016-12-06;11;2016-12-06 11:00:00;58,99;68,61;-9,619999999999996;40019;6526;48870;2022;1827;6359;8186;8548;-195;-167;-362;-0,04422184216955778;-0,10673234811165845;-0,026261990879069035;-0,1630784878793015;3;1
2016-12-06;12;2016-12-06 12:00:00;56,77;63,48;-6,709999999999994;40019;6852;48870;1762;1542;6887;8429;8614;-220;35;-185;-0,02194803654051489;-0,14267185473411154;0,005082038623493539;-0,11819623040338195;3;1
2016-12-06;13;2016-12-06 13:00:00;58,12;64,4;-6,280000000000008;40019;5695;48870;1592;1370;5918;7288;7287;-222;223;1;0,00013721185510428101;-0,16204379562043797;0,037681649205812774;-0,10805230557467324;3;1
2016-12-06;14;2016-12-06 14:00:00;63,61;66,06;-2,450000000000003;40019;3492;48870;1333;1322;3903;5225;4825;-11;411;400;0,07655502392344497;-0,00832072617246596;0,10530361260568794;-0,03851595661059586;3;1
2016-12-06;15;2016-12-06 15:00:00;66,31;67,5;-1,1899999999999975;40019;1062;48870;1488;1351;1345;2696;2550;-137;283;146;0,05415430267062315;-0,10140636565507032;0,2104089219330855;-0,01794601115970438;3;1
2016-12-06;16;2016-12-06 16:00:00;72,97;77,99;-5,019999999999996;40019;34;48870;1537;1437;58;1495;1571;-100;24;-76;-0,050836120401337795;-0,06958942240779402;0,41379310344827586;-0,06879539536795938;3;1
2016-12-06;17;2016-12-06 17:00:00;89,25;87,5;1,75;40019;0;48870;1807;1532;0;1532;1807;-275;0;-275;-0,17950391644908617;-0,17950391644908617;;0,0196078431372549;3;1
2016-12-06;18;2016-12-06 18:00:00;82,71;77,84;4,86999999999999;40019;0;48870;2037;1705;0;1705;2037;-332;0;-332;-0,19472140762463344;-0,19472140762463344;;0,05888042558336345;3;1
2016-12-06;19;2016-12-06 19:00:00;75,39;69,04;6,349999999999994;40019;0;48870;2491;2129;0;2129;2491;-362;0;-362;-0,1700328792860498;-0,1700328792860498;;0,0842286775434407;3;1
2016-12-06;20;2016-12-06 20:00:00;62,76;55,23;7,530000000000001;40019;0;48870;3077;2764;0;2764;3077;-313;0;-313;-0,11324167872648336;-0,11324167872648336;;0,119980879541109;3;1
2016-12-06;21;2016-12-06 21:00:00;46,98;43,29;3,6899999999999977;40019;0;48870;4199;3450;0;3450;4199;-749;0;-749;-0,21710144927536232;-0,21710144927536232;;0,07854406130268195;3;1
2016-12-06;22;2016-12-06 22:00:00;39,47;35,51;3,9600000000000013;40019;0;48870;5181;4038;0;4038;5181;-1143;0;-1143;-0,28306092124814264;-0,28306092124814264;;0,10032936407398027;3;1
2016-12-06;23;2016-12-06 23:00:00;36,08;32,25;3,8299999999999983;40019;0;48870;5705;4580;0;4580;5705;-1125;0;-1125;-0,24563318777292575;-0,24563318777292575;;0,10615299334811526;3;1
2016-12-07;0;2016-12-07 00:00:00;33,09;30,94;2,150000000000002;40023;0;48897;6039;5784;0;5784;6039;-255;0;-255;-0,044087136929460584;-0,044087136929460584;;0,06497431248111217;3;2
2016-12-07;1;2016-12-07 01:00:00;32,77;30,96;1,8100000000000025;40023;0;48897;6258;6663;0;6663;6258;405;0;405;0,060783430886987844;0,060783430886987844;;0,05523344522429058;3;2
2016-12-07;2;2016-12-07 02:00:00;31,91;31,74;0,1700000000000017;40023;0;48897;6331;7140;0;7140;6331;809;0;809;0,11330532212885154;0,11330532212885154;;0,0053274835474773335;3;2
2016-12-07;3;2016-12-07 03:00:00;31,41;33,0;-1,59;40023;0;48897;6893;7295;0;7295;6893;402;0;402;0,05510623714873201;0,05510623714873201;;-0,050620821394460364;3;2
2016-12-07;4;2016-12-07 04:00:00;31,07;33,79;-2,719999999999999;40023;0;48897;7672;7622;0;7622;7672;-50;0;-50;-0,006559958016268696;-0,006559958016268696;;-0,08754425490827161;3;2
2016-12-07;5;2016-12-07 05:00:00;32,43;34,83;-2,3999999999999986;40023;0;48897;8244;8119;0;8119;8244;-125;0;-125;-0,01539598472718315;-0,01539598472718315;;-0,07400555041628118;3;2
2016-12-07;6;2016-12-07 06:00:00;38,0;42,79;-4,789999999999999;40023;0;48897;8849;8622;0;8622;8849;-227;0;-227;-0,02632799814428207;-0,02632799814428207;;-0,12605263157894733;3;2
2016-12-07;7;2016-12-07 07:00:00;45,28;45,75;-0,4699999999999989;40023;1;48897;9971;9250;5;9255;9972;-721;4;-717;-0,07747163695299839;-0,07794594594594595;0,8;-0,010379858657243793;3;2
2016-12-07;8;2016-12-07 08:00:00;47,96;46,71;1,25;40023;286;48897;10925;9983;381;10364;11211;-942;95;-847;-0,08172520262446932;-0,0943604127015927;0,24934383202099739;0,026063386155129275;3;2
2016-12-07;9;2016-12-07 09:00:00;46,95;47,1;-0,14999999999999858;40023;1694;48897;11838;10694;1877;12571;13532;-1144;183;-961;-0,07644578792458834;-0,10697587432204975;0,0974960042621204;-0,0031948881789137075;3;2
2016-12-07;10;2016-12-07 10:00:00;46,98;45,33;1,6499999999999986;40023;3458;48897;12276;11053;3641;14694;15734;-1223;183;-1040;-0,07077718796787805;-0,11064869266262553;0,050260917330403734;0,035121328224776475;3;2
2016-12-07;11;2016-12-07 11:00:00;44,89;42,53;2,3599999999999994;40023;4792;48897;12041;11226;4934;16160;16833;-815;142;-673;-0,0416460396039604;-0,07259932300017816;0,028779894608836645;0,05257295611494764;3;2
2016-12-07;12;2016-12-07 12:00:00;40,0;42,66;-2,6599999999999966;40023;5308;48897;11868;11497;5235;16732;17176;-371;-73;-444;-0,02653597896246713;-0,03226928764025398;-0,013944603629417383;-0,06649999999999992;3;2
2016-12-07;13;2016-12-07 13:00:00;39,13;41,97;-2,8399999999999963;40023;4218;48897;12060;12136;4464;16600;16278;76;246;322;0,019397590361445782;0,006262359920896506;0,05510752688172043;-0,07257858420649109;3;2
2016-12-07;14;2016-12-07 14:00:00;39,11;42,36;-3,25;40023;2401;48897;12983;13191;2864;16055;15384;208;463;671;0,041793833696667705;0,0157683268895459;0,16166201117318435;-0,08309895167476349;3;2
2016-12-07;15;2016-12-07 15:00:00;41,12;44,29;-3,1700000000000017;40023;671;48897;13881;14553;932;15485;14552;672;261;933;0,06025185663545366;0,046176046176046176;0,2800429184549356;-0,077091439688716;3;2
2016-12-07;16;2016-12-07 16:00:00;44,47;47,82;-3,3500000000000014;40023;27;48897;15520;16024;48;16072;15547;504;21;525;0,03266550522648084;0,03145282076884673;0,4375;-0,07533168428153815;3;2
2016-12-07;17;2016-12-07 17:00:00;45,28;45,57;-0,28999999999999915;40023;0;48897;16850;17402;0;17402;16850;552;0;552;0,03172049189748305;0,03172049189748305;;-0,006404593639575953;3;2
2016-12-07;18;2016-12-07 18:00:00;38,39;40,6;-2,210000000000001;40023;0;48897;18296;18592;0;18592;18296;296;0;296;0,015920826161790018;0,015920826161790018;;-0,05756707475905186;3;2
2016-12-07;19;2016-12-07 19:00:00;36,03;39,32;-3,2899999999999987;40023;0;48897;19536;19618;0;19618;19536;82;0;82;0,004179834845550005;0,004179834845550005;;-0,09131279489314456;3;2
2016-12-07;20;2016-12-07 20:00:00;34,14;36,38;-2,240000000000002;40023;0;48897;20413;20502;0;20502;20413;89;0;89;0,004341039898546483;0,004341039898546483;;-0,06561218512009379;3;2
2016-12-07;21;2016-12-07 21:00:00;32,03;34,14;-2,1099999999999994;40023;0;48897;20840;21282;0;21282;20840;442;0;442;0,020768724743915046;0,020768724743915046;;-0,0658757414923509;3;2
2016-12-07;22;2016-12-07 22:00:00;30,85;34,2;-3,3500000000000014;40023;0;48897;20659;21973;0;21973;20659;1314;0;1314;0,059800664451827246;0,059800664451827246;;-0,10858995137763375;3;2
2016-12-07;23;2016-12-07 23:00:00;27,03;33,43;-6,399999999999999;40023;0;48897;21144;22521;0;22521;21144;1377;0;1377;0,06114293326228853;0,06114293326228853;;-0,2367739548649648;3;2
2016-12-08;0;2016-12-08 00:00:00;22,46;30,59;-8,129999999999999;40034;0;48915;21326;23729;0;23729;21326;2403;0;2403;0,1012684900332926;0,1012684900332926;;-0,36197684772929645;3;3
2016-12-08;1;2016-12-08 01:00:00;13,7;28,8;-15,1;40034;0;48915;21046;24029;0;24029;21046;2983;0;2983;0,12414166215822547;0,12414166215822547;;-1,102189781021898;3;3
2016-12-08;2;2016-12-08 02:00:00;11,57;28,97;-17,4;40034;0;48915;21065;24074;0;24074;21065;3009;0;3009;0,12498961535266262;0,12498961535266262;;-1,5038893690579083;3;3
2016-12-08;3;2016-12-08 03:00:00;11,79;30,02;-18,23;40034;0;48915;21190;24147;0;24147;21190;2957;0;2957;0,12245827639044188;0,12245827639044188;;-1,5462256149279052;3;3
2016-12-08;4;2016-12-08 04:00:00;13,33;28,42;-15,090000000000002;40034;0;48915;21183;24128;0;24128;21183;2945;0;2945;0,12205736074270557;0,12205736074270557;;-1,132033008252063;3;3
2016-12-08;5;2016-12-08 05:00:00;17,94;30,02;-12,079999999999998;40034;0;48915;21222;24039;0;24039;21222;2817;0;2817;0,11718457506551853;0,11718457506551853;;-0,6733556298773689;3;3
2016-12-08;6;2016-12-08 06:00:00;29,36;32,87;-3,509999999999998;40034;0;48915;21782;23914;0;23914;21782;2132;0;2132;0,08915279752446266;0,08915279752446266;;-0,11955040871934598;3;3
2016-12-08;7;2016-12-08 07:00:00;33,56;40,52;-6,960000000000001;40034;1;48915;22545;23696;5;23701;22546;1151;4;1155;0,04873212100755243;0,04857359891964889;0,8;-0,20738974970202623;3;3
2016-12-08;8;2016-12-08 08:00:00;36,01;45,72;-9,71;40034;498;48915;22796;23398;482;23880;23294;602;-16;586;0,024539363484087102;0,02572869476023592;-0,03319502074688797;-0,26964732018883647;3;3
2016-12-08;9;2016-12-08 09:00:00;36,34;42,42;-6,079999999999997;40034;3081;48915;21767;23027;2793;25820;24848;1260;-288;972;0,037645236250968245;0,05471837408259869;-0,10311493018259936;-0,16730875068794707;3;3
2016-12-08;10;2016-12-08 10:00:00;32,88;32,99;-0,10999999999999943;40034;6206;48915;20562;22441;5840;28281;26768;1879;-366;1513;0,05349881545914218;0,08373067153870148;-0,06267123287671234;-0,0033454987834549703;3;3
2016-12-08;11;2016-12-08 11:00:00;31,97;32,92;-0,9500000000000028;40034;8291;48915;19327;21673;7613;29286;27618;2346;-678;1668;0,056955541897152226;0,10824528214829511;-0,08905818993826349;-0,029715358148264086;3;3
2016-12-08;12;2016-12-08 12:00:00;30,83;31,39;-0,5600000000000023;40034;8438;48915;18428;20960;7784;28744;26866;2532;-654;1878;0,06533537433899249;0,12080152671755726;-0,08401849948612539;-0,018164125851443474;3;3
2016-12-08;13;2016-12-08 13:00:00;32,46;32,59;-0,13000000000000256;40034;7038;48915;17852;20548;6471;27019;24890;2696;-567;2129;0,07879640253155187;0,13120498345337744;-0,08762169680111266;-0,004004929143561385;3;3
2016-12-08;14;2016-12-08 14:00:00;36,33;37,25;-0,9200000000000016;40034;4278;48915;17120;20592;4087;24679;21398;3472;-191;3281;0,13294703999351676;0,1686091686091686;-0,046733545387815024;-0,02532342416735485;3;3
2016-12-08;15;2016-12-08 15:00:00;42,33;43,14;-0,8100000000000023;40034;1316;48915;17457;20841;1360;22201;18773;3384;44;3428;0,1544074591234629;0,16237224701309919;0,03235294117647059;-0,019135364989369297;3;3
2016-12-08;16;2016-12-08 16:00:00;43,97;46,88;-2,910000000000004;40034;50;48915;18374;21225;63;21288;18424;2851;13;2864;0,13453588876362269;0,13432273262661956;0,20634920634920634;-0,06618148737775766;3;3
2016-12-08;17;2016-12-08 17:00:00;46,99;46,46;0,5300000000000011;40034;0;48915;19344;21703;0;21703;19344;2359;0;2359;0,1086946505091462;0,1086946505091462;;0,01127899553096406;3;3
2016-12-08;18;2016-12-08 18:00:00;43,41;42,5;0,9099999999999966;40034;0;48915;20155;22145;0;22145;20155;1990;0;1990;0,089862271393091;0,089862271393091;;0,020962911771481147;3;3
2016-12-08;19;2016-12-08 19:00:00;39,96;38,62;1,3400000000000034;40034;0;48915;20690;22320;0;22320;20690;1630;0;1630;0,07302867383512544;0,07302867383512544;;0,03353353353353362;3;3
2016-12-08;20;2016-12-08 20:00:00;35,0;37,72;-2,719999999999999;40034;0;48915;21607;22106;0;22106;21607;499;0;499;0,02257305708857324;0,02257305708857324;;-0,07771428571428568;3;3
2016-12-08;21;2016-12-08 21:00:00;30,7;32,6;-1,900000000000002;40034;0;48915;22002;21821;0;21821;22002;-181;0;-181;-0,008294761926584482;-0,008294761926584482;;-0,06188925081433231;3;3
2016-12-08;22;2016-12-08 22:00:00;29,9;29,73;0,16999999999999815;40034;0;48915;21105;21412;0;21412;21105;307;0;307;0,014337754530169998;0,014337754530169998;;0,005685618729096929;3;3
2016-12-08;23;2016-12-08 23:00:00;27,27;26,62;0,6499999999999986;40034;0;48915;20128;20871;0;20871;20128;743;0;743;0,03559963585836807;0,03559963585836807;;0,023835716905023785;3;3
2016-12-09;0;2016-12-09 00:00:00;27,59;25,65;1,9400000000000013;40043;0;48961;20134;19880;0;19880;20134;-254;0;-254;-0,012776659959758551;-0,012776659959758551;;0,07031533164189929;3;4
2016-12-09;1;2016-12-09 01:00:00;25,56;20,72;4,84;40043;0;48961;19979;19794;0;19794;19979;-185;0;-185;-0,009346266545417804;-0,009346266545417804;;0,18935837245696402;3;4
2016-12-09;2;2016-12-09 02:00:00;25,12;20,97;4,150000000000002;40043;0;48961;19020;19575;0;19575;19020;555;0;555;0,028352490421455937;0,028352490421455937;;0,16520700636942684;3;4
2016-12-09;3;2016-12-09 03:00:00;25,52;18,78;6,7399999999999975;40043;0;48961;17944;19257;0;19257;17944;1313;0;1313;0,06818299839019577;0,06818299839019577;;0,2641065830721002;3;4
2016-12-09;4;2016-12-09 04:00:00;27,46;26,39;1,0700000000000005;40043;0;48961;17719;18859;0;18859;17719;1140;0;1140;0,06044859218410308;0,06044859218410308;;0,038965768390386034;3;4
2016-12-09;5;2016-12-09 05:00:00;27,55;28,54;-0,9899999999999984;40043;0;48961;18444;18448;0;18448;18444;4;0;4;0,0002168256721595837;0,0002168256721595837;;-0,0359346642468239;3;4
2016-12-09;6;2016-12-09 06:00:00;31,57;31,1;0,4699999999999989;40043;0;48961;18755;18085;0;18085;18755;-670;0;-670;-0,037047276748686755;-0,037047276748686755;;0,014887551472917293;3;4
2016-12-09;7;2016-12-09 07:00:00;44,47;43,78;0,6899999999999977;40043;1;48961;18832;17705;3;17708;18833;-1127;2;-1125;-0,06353060763496725;-0,06365433493363457;0,6666666666666666;0,015516078255003323;3;4
2016-12-09;8;2016-12-09 08:00:00;46,99;43,35;3,640000000000001;40043;437;48961;18964;17386;357;17743;19401;-1578;-80;-1658;-0,09344530237276673;-0,09076268261819855;-0,22408963585434175;0,07746329006171528;3;4
2016-12-09;9;2016-12-09 09:00:00;43,68;43,38;0,2999999999999972;40043;1980;48961;18276;17207;1559;18766;20256;-1069;-421;-1490;-0,07939891292763508;-0,06212587900273145;-0,27004490057729313;0,006868131868131805;3;4
2016-12-09;10;2016-12-09 10:00:00;45,93;40,4;5,530000000000001;40043;3527;48961;17846;17109;2979;20088;21373;-737;-548;-1285;-0,06396853843090403;-0,04307674323455491;-0,18395434709634106;0,12040060962333989;3;4
2016-12-09;11;2016-12-09 11:00:00;42,51;38,56;3,949999999999996;40043;4395;48961;17812;16999;4319;21318;22207;-813;-76;-889;-0,04170184820339619;-0,047826342726042706;-0,017596665894883075;0,09291931310279926;3;4
2016-12-09;12;2016-12-09 12:00:00;39,02;40,4;-1,3799999999999957;40043;4363;48961;17431;16808;4775;21583;21794;-623;412;-211;-0,009776212760042625;-0,037065683008091384;0,08628272251308901;-0,035366478728856884;3;4
2016-12-09;13;2016-12-09 13:00:00;37,5;41,28;-3,780000000000001;40043;3334;48961;16513;16441;4093;20534;19847;-72;759;687;0,03345670595110548;-0,004379295663280823;0,18543855362814562;-0,10080000000000003;3;4
2016-12-09;14;2016-12-09 14:00:00;37,44;43,01;-5,57;40043;1989;48961;15640;15973;2660;18633;17629;333;671;1004;0,05388289593731552;0,020847680460777562;0,25225563909774434;-0,14877136752136755;3;4
2016-12-09;15;2016-12-09 15:00:00;40,82;43,06;-2,240000000000002;40043;563;48961;14945;15405;916;16321;15508;460;353;813;0,04981312419582133;0,029860434923726063;0,3853711790393013;-0,054875061244488044;3;4
2016-12-09;16;2016-12-09 16:00:00;41,91;44,56;-2,6500000000000057;40043;22;48961;15289;15068;46;15114;15311;-221;24;-197;-0,013034272859600371;-0,014666843642155562;0,5217391304347826;-0,06323073252207125;3;4
2016-12-09;17;2016-12-09 17:00:00;41,96;46,36;-4,399999999999999;40043;0;48961;16196;15135;0;15135;16196;-1061;0;-1061;-0,07010241162867525;-0,07010241162867525;;-0,10486177311725449;3;4
2016-12-09;18;2016-12-09 18:00:00;39,15;42,52;-3,3700000000000045;40043;0;48961;16984;15321;0;15321;16984;-1663;0;-1663;-0,10854382873180601;-0,10854382873180601;;-0,08607918263090689;3;4
2016-12-09;19;2016-12-09 19:00:00;40,86;38,74;2,119999999999997;40043;0;48961;17102;15639;0;15639;17102;-1463;0;-1463;-0,09354818082997635;-0,09354818082997635;;0,0518844836025452;3;4
2016-12-09;20;2016-12-09 20:00:00;35,0;34,12;0,8800000000000026;40043;0;48961;17272;16022;0;16022;17272;-1250;0;-1250;-0,07801772562726252;-0,07801772562726252;;0,025142857142857217;3;4
2016-12-09;21;2016-12-09 21:00:00;32,46;33,43;-0,9699999999999988;40043;0;48961;18092;16465;0;16465;18092;-1627;0;-1627;-0,09881566960218646;-0,09881566960218646;;-0,029882932840418937;3;4
2016-12-09;22;2016-12-09 22:00:00;31,24;33,56;-2,320000000000004;40043;0;48961;18414;17014;0;17014;18414;-1400;0;-1400;-0,08228517691313036;-0,08228517691313036;;-0,0742637644046096;3;4
2016-12-09;23;2016-12-09 23:00:00;29,0;29,76;-0,7600000000000016;40043;0;48961;19223;17641;0;17641;19223;-1582;0;-1582;-0,08967745592653478;-0,08967745592653478;;-0,02620689655172419;3;4
2016-12-10;0;2016-12-10 00:00:00;25,98;29,81;-3,8299999999999983;40043;0;48968;20040;19872;0;19872;20040;-168;0;-168;-0,008454106280193236;-0,008454106280193236;;-0,14742109314857577;3;5
2016-12-10;1;2016-12-10 01:00:00;24,02;29,99;-5,969999999999999;40043;0;48968;20903;20588;0;20588;20903;-315;0;-315;-0,015300174859141247;-0,015300174859141247;;-0,24854288093255616;3;5
2016-12-10;2;2016-12-10 02:00:00;23,95;26,8;-2,8500000000000014;40043;0;48968;21192;21064;0;21064;21192;-128;0;-128;-0,0060767185719711354;-0,0060767185719711354;;-0,11899791231732783;3;5
2016-12-10;3;2016-12-10 03:00:00;20,3;25,19;-4,8900000000000015;40043;0;48968;21438;21579;0;21579;21438;141;0;141;0,006534130404559989;0,006534130404559989;;-0,24088669950738922;3;5
2016-12-10;4;2016-12-10 04:00:00;20,55;28,54;-7,9899999999999975;40043;0;48968;21747;21933;0;21933;21747;186;0;186;0,008480372042128299;0,008480372042128299;;-0,38880778588807774;3;5
2016-12-10;5;2016-12-10 05:00:00;23,25;30,02;-6,77;40043;0;48968;21558;22053;0;22053;21558;495;0;495;0,02244592572439124;0,02244592572439124;;-0,2911827956989247;3;5
2016-12-10;6;2016-12-10 06:00:00;23,08;28,06;-4,98;40043;0;48968;21620;22003;0;22003;21620;383;0;383;0,017406717265827387;0,017406717265827387;;-0,2157712305025997;3;5
2016-12-10;7;2016-12-10 07:00:00;24,13;30,48;-6,350000000000001;40043;1;48968;21141;21718;7;21725;21142;577;6;583;0,026835443037974683;0,026567823924854957;0,8571428571428571;-0,2631578947368422;3;5
2016-12-10;8;2016-12-10 08:00:00;28,49;31,13;-2,640000000000001;40043;624;48968;20562;21251;648;21899;21186;689;24;713;0,03255856431800539;0,03242200367041551;0,037037037037037035;-0,0926640926640927;3;5
2016-12-10;9;2016-12-10 09:00:00;31,08;36,01;-4,93;40043;3156;48968;20059;20745;3178;23923;23215;686;22;708;0,02959495046607867;0,03306820920703784;0,006922592825676526;-0,15862290862290862;3;5
2016-12-10;10;2016-12-10 10:00:00;31,86;35,78;-3,9200000000000017;40043;6045;48968;19514;20104;5776;25880;25559;590;-269;321;0,01240340030911901;0,029347393553521686;-0,04657202216066482;-0,123038292529818;3;5
2016-12-10;11;2016-12-10 11:00:00;33,77;33,61;0,1600000000000037;40043;8106;48968;18484;19263;7301;26564;26590;779;-805;-26;-0,0009787682577925012;0,04044022218761356;-0,11025886864813039;0,004737933076695401;3;5
2016-12-10;12;2016-12-10 12:00:00;33,0;29,85;3,1499999999999986;40043;8781;48968;17386;18360;7447;25807;26167;974;-1334;-360;-0,013949703568799163;0,05305010893246187;-0,17913253659191622;0,09545454545454542;3;5
2016-12-10;13;2016-12-10 13:00:00;32,35;29,65;2,700000000000003;40043;7387;48968;16354;17443;6221;23664;23741;1089;-1166;-77;-0,0032538877620013522;0,062431921114487185;-0,18742967368590258;0,08346213292117474;3;5
2016-12-10;14;2016-12-10 14:00:00;35,02;32,68;2,3400000000000034;40043;4595;48968;14744;16621;3956;20577;19339;1877;-639;1238;0,06016426106818292;0,11292942662896335;-0,1615267947421638;0,0668189605939464;3;5
2016-12-10;15;2016-12-10 15:00:00;41,92;42,49;-0,5700000000000003;40043;1489;48968;13426;15802;1367;17169;14915;2376;-122;2254;0,1312831265653212;0,15036071383369193;-0,08924652523774688;-0,013597328244274816;3;5
2016-12-10;16;2016-12-10 16:00:00;43,67;47,0;-3,3299999999999983;40043;53;48968;12825;15090;65;15155;12878;2265;12;2277;0,15024744308808974;0,15009940357852883;0,18461538461538463;-0,07625372108999309;3;5
2016-12-10;17;2016-12-10 17:00:00;50,03;60,58;-10,549999999999997;40043;0;48968;12312;14533;0;14533;12312;2221;0;2221;0,15282460606894654;0,15282460606894654;;-0,21087347591445127;3;5
2016-12-10;18;2016-12-10 18:00:00;45,12;51,6;-6,480000000000004;40043;0;48968;12111;14021;0;14021;12111;1910;0;1910;0,1362242350759575;0,1362242350759575;;-0,14361702127659584;3;5
2016-12-10;19;2016-12-10 19:00:00;40,17;48,37;-8,199999999999996;40043;0;48968;11752;13585;0;13585;11752;1833;0;1833;0,13492822966507176;0,13492822966507176;;-0,20413243714214577;3;5
2016-12-10;20;2016-12-10 20:00:00;39,94;43,54;-3,6000000000000014;40043;0;48968;11401;13370;0;13370;11401;1969;0;1969;0,14727000747943156;0,14727000747943156;;-0,09013520280420635;3;5
2016-12-10;21;2016-12-10 21:00:00;34,72;38,26;-3,5399999999999987;40043;0;48968;10688;13326;0;13326;10688;2638;0;2638;0,1979588773825604;0,1979588773825604;;-0,10195852534562208;3;5
2016-12-10;22;2016-12-10 22:00:00;34,94;40,09;-5,150000000000006;40043;0;48968;10369;13467;0;13467;10369;3098;0;3098;0,23004381079676245;0,23004381079676245;;-0,14739553520320567;3;5
2016-12-10;23;2016-12-10 23:00:00;31,4;36,83;-5,43;40043;0;48968;10230;13783;0;13783;10230;3553;0;3553;0,257781324820431;0,257781324820431;;-0,17292993630573247;3;5
2016-12-11;0;2016-12-11 00:00:00;30,58;32,63;-2,0500000000000043;40047;0;48968;10392;11606;0;11606;10392;1214;0;1214;0,10460106841288988;0,10460106841288988;;-0,06703727926749524;3;6
2016-12-11;1;2016-12-11 01:00:00;28,44;29,62;-1,1799999999999995;40047;0;48968;10660;11944;0;11944;10660;1284;0;1284;0,10750167448091091;0,10750167448091091;;-0,04149085794655413;3;6
2016-12-11;2;2016-12-11 02:00:00;28,95;32,97;-4,02;40047;0;48968;12149;12802;0;12802;12149;653;0;653;0,05100765505389783;0,05100765505389783;;-0,13886010362694298;3;6
2016-12-11;3;2016-12-11 03:00:00;28,08;28,4;-0,3200000000000003;40047;0;48968;14676;13895;0;13895;14676;-781;0;-781;-0,05620726880172724;-0,05620726880172724;;-0,011396011396011407;3;6
2016-12-11;4;2016-12-11 04:00:00;27,56;25,59;1,9699999999999989;40047;0;48968;17996;14977;0;14977;17996;-3019;0;-3019;-0,2015757494825399;-0,2015757494825399;;0,07148040638606673;3;6
2016-12-11;5;2016-12-11 05:00:00;27,94;15,4;12,54;40047;0;48968;20913;15882;0;15882;20913;-5031;0;-5031;-0,3167737060823574;-0,3167737060823574;;0,4488188976377952;3;6
2016-12-11;6;2016-12-11 06:00:00;26,16;4,31;21,85;40047;0;48968;23662;16914;0;16914;23662;-6748;0;-6748;-0,39895944188246424;-0,39895944188246424;;0,8352446483180429;3;6
2016-12-11;7;2016-12-11 07:00:00;26,51;2,51;24,0;40047;1;48968;24900;17692;3;17695;24901;-7208;2;-7206;-0,4072336818310257;-0,4074157811440199;0,6666666666666666;0,9053187476423991;3;6
2016-12-11;8;2016-12-11 08:00:00;26,84;7,54;19,3;40047;205;48968;25806;18155;188;18343;26011;-7651;-17;-7668;-0,4180341274600665;-0,42142660424125583;-0,09042553191489362;0,7190760059612519;3;6
2016-12-11;9;2016-12-11 09:00:00;29,51;9,89;19,62;40047;845;48968;26681;19081;878;19959;27526;-7600;33;-7567;-0,3791272107821033;-0,39830197578743254;0,03758542141230068;0,6648593697051847;3;6
2016-12-11;10;2016-12-11 10:00:00;29,75;12,17;17,58;40047;1469;48968;27283;20261;1653;21914;28752;-7022;184;-6838;-0,3120379665966962;-0,3465771679581462;0,11131276467029642;0,5909243697478991;3;6
2016-12-11;11;2016-12-11 11:00:00;30,42;16,76;13,66;40047;2068;48968;27314;21161;2213;23374;29382;-6153;145;-6008;-0,2570377342346197;-0,2907707575256368;0,06552191595119747;0,44904667981591057;3;6
2016-12-11;12;2016-12-11 12:00:00;29,03;18,82;10,21;40047;2485;48968;27287;21813;2362;24175;29772;-5474;-123;-5597;-0,23152016546018614;-0,25095126759271996;-0,05207451312447079;0,3517051326214261;3;6
2016-12-11;13;2016-12-11 13:00:00;25,1;18,59;6,5100000000000025;40047;2237;48968;26584;22017;2032;24049;28821;-4567;-205;-4772;-0,19842820907314235;-0,20743062179225144;-0,10088582677165354;0,25936254980079687;3;6
2016-12-11;14;2016-12-11 14:00:00;24,01;16,19;7,82;40047;1495;48968;25388;21727;1261;22988;26883;-3661;-234;-3895;-0,16943622759700713;-0,16850002301284117;-0,18556701030927836;0,3256976259891712;3;6
2016-12-11;15;2016-12-11 15:00:00;24,7;21,28;3,419999999999998;40047;542;48968;24779;21292;377;21669;25321;-3487;-165;-3652;-0,1685356961557986;-0,16377043020852902;-0,4376657824933687;0,13846153846153839;3;6
2016-12-11;16;2016-12-11 16:00:00;34,57;30,63;3,940000000000001;40047;28;48968;24477;20885;19;20904;24505;-3592;-9;-3601;-0,1722636815920398;-0,17198946612401245;-0,47368421052631576;0,11397165172114553;3;6
2016-12-11;17;2016-12-11 17:00:00;32,83;28,06;4,77;40047;0;48968;23936;20693;0;20693;23936;-3243;0;-3243;-0,15671966365437587;-0,15671966365437587;;0,14529393847091074;3;6
2016-12-11;18;2016-12-11 18:00:00;34,07;29,19;4,879999999999999;40047;0;48968;23867;20637;0;20637;23867;-3230;0;-3230;-0,15651499733488394;-0,15651499733488394;;0,14323451717053123;3;6
2016-12-11;19;2016-12-11 19:00:00;32,9;28,12;4,7799999999999985;40047;0;48968;23792;20579;0;20579;23792;-3213;0;-3213;-0,15613003547305507;-0,15613003547305507;;0,14528875379939205;3;6
2016-12-11;20;2016-12-11 20:00:00;32,01;26,64;5,369999999999997;40047;0;48968;23724;20463;0;20463;23724;-3261;0;-3261;-0,15936079753701804;-0,15936079753701804;;0,16776007497656975;3;6
2016-12-11;21;2016-12-11 21:00:00;29,09;20,46;8,629999999999999;40047;0;48968;22854;20299;0;20299;22854;-2555;0;-2555;-0,1258682693728755;-0,1258682693728755;;0,2966655207975249;3;6
2016-12-11;22;2016-12-11 22:00:00;30,44;27,51;2,93;40047;0;48968;21878;20053;0;20053;21878;-1825;0;-1825;-0,09100882660948487;-0,09100882660948487;;0,09625492772667543;3;6
2016-12-11;23;2016-12-11 23:00:00;25,92;21,36;4,560000000000001;40047;0;48968;20910;19688;0;19688;20910;-1222;0;-1222;-0,06206826493295409;-0,06206826493295409;;0,17592592592592596;3;6
2016-12-12;0;2016-12-12 00:00:00;23,98;26,33;-2,349999999999998;40048;0;48986;20173;21401;0;21401;20173;1228;0;1228;0,05738049623849353;0,05738049623849353;;-0,09799833194328599;3;0
2016-12-12;1;2016-12-12 01:00:00;28,82;28,2;0,620000000000001;40048;0;48986;18875;20264;0;20264;18875;1389;0;1389;0,06854520331622582;0,06854520331622582;;0,02151283830673147;3;0
2016-12-12;2;2016-12-12 02:00:00;28,24;27,48;0,7599999999999979;40048;0;48986;17331;18624;0;18624;17331;1293;0;1293;0,06942654639175258;0,06942654639175258;;0,026912181303116074;3;0
2016-12-12;3;2016-12-12 03:00:00;27,49;26,7;0,7899999999999991;40048;0;48986;16124;17214;0;17214;16124;1090;0;1090;0,0633205530382247;0,0633205530382247;;0,028737722808293897;3;0
2016-12-12;4;2016-12-12 04:00:00;26,6;27,7;-1,099999999999998;40048;0;48986;14915;15640;0;15640;14915;725;0;725;0,04635549872122762;0,04635549872122762;;-0,041353383458646545;3;0
2016-12-12;5;2016-12-12 05:00:00;28,78;30,42;-1,6400000000000006;40048;0;48986;13111;13690;0;13690;13111;579;0;579;0,0422936449963477;0,0422936449963477;;-0,0569840166782488;3;0
2016-12-12;6;2016-12-12 06:00:00;43,7;47,39;-3,6899999999999977;40048;0;48986;11260;11706;0;11706;11260;446;0;446;0,038100119596787975;0,038100119596787975;;-0,08443935926773449;3;0
2016-12-12;7;2016-12-12 07:00:00;57,36;59,63;-2,270000000000003;40048;1;48986;9633;9803;3;9806;9634;170;2;172;0,01754028146033041;0,017341630113230644;0,6666666666666666;-0,0395746164574617;3;0
2016-12-12;8;2016-12-12 08:00:00;47,93;50,29;-2,3599999999999994;40048;95;48986;8042;8064;184;8248;8137;22;89;111;0,013457807953443259;0,002728174603174603;0,483695652173913;-0,04923847277279365;3;0
2016-12-12;9;2016-12-12 09:00:00;50,09;51,94;-1,8499999999999943;40048;702;48986;6424;6541;1039;7580;7126;117;337;454;0,05989445910290237;0,017887173215104725;0,32435033686236764;-0,0369335196646036;3;0
2016-12-12;10;2016-12-12 10:00:00;52,32;52,81;-0,490000000000002;40048;1776;48986;4901;5240;2169;7409;6677;339;393;732;0,0987987582669726;0,06469465648854962;0,18118948824343015;-0,00936544342507649;3;0
2016-12-12;11;2016-12-12 11:00:00;59,54;57,48;2,0600000000000023;40048;2846;48986;3914;4144;3016;7160;6760;230;170;400;0,055865921787709494;0,0555019305019305;0,05636604774535809;0,03459858918374206;3;0
2016-12-12;12;2016-12-12 12:00:00;53,91;55,45;-1,5400000000000065;40048;3573;48986;3048;3282;3256;6538;6621;234;-317;-83;-0,012695013765677577;0,0712979890310786;-0,09735872235872235;-0,028566128733073765;3;0
2016-12-12;13;2016-12-12 13:00:00;63,67;59,65;4,020000000000003;40048;3310;48986;2084;2659;2840;5499;5394;575;-470;105;0,019094380796508457;0,21624670928920647;-0,16549295774647887;0,06313805559918334;3;0
2016-12-12;14;2016-12-12 14:00:00;63,81;64,94;-1,1299999999999957;40048;2134;48986;1584;2270;1805;4075;3718;686;-329;357;0,08760736196319019;0,3022026431718062;-0,18227146814404432;-0,017708823068484494;3;0
2016-12-12;15;2016-12-12 15:00:00;56,29;66,03;-9,740000000000002;40048;596;48986;1365;2011;572;2583;1961;646;-24;622;0,2408052651955091;0,32123321730482346;-0,04195804195804196;-0,1730325102149583;3;0
2016-12-12;16;2016-12-12 16:00:00;70,25;76,57;-6,319999999999991;40048;25;48986;1510;1999;31;2030;1535;489;6;495;0,2438423645320197;0,24462231115557778;0,1935483870967742;-0,08996441281138778;3;0
2016-12-12;17;2016-12-12 17:00:00;80,62;96,44;-15,819999999999993;40048;0;48986;2025;2358;0;2358;2025;333;0;333;0,14122137404580154;0,14122137404580154;;-0,19622922351773744;3;0
2016-12-12;18;2016-12-12 18:00:00;65,2;80,73;-15,53;40048;0;48986;2570;2944;0;2944;2570;374;0;374;0,12703804347826086;0,12703804347826086;;-0,23819018404907974;3;0
2016-12-12;19;2016-12-12 19:00:00;57,18;65,6;-8,419999999999995;40048;0;48986;2968;3536;0;3536;2968;568;0;568;0,16063348416289594;0,16063348416289594;;-0,1472542847149352;3;0
2016-12-12;20;2016-12-12 20:00:00;46,96;54,39;-7,43;40048;0;48986;3488;4014;0;4014;3488;526;0;526;0,1310413552566019;0,1310413552566019;;-0,1582197614991482;3;0
2016-12-12;21;2016-12-12 21:00:00;37,73;42,61;-4,880000000000003;40048;0;48986;3888;4520;0;4520;3888;632;0;632;0,13982300884955753;0,13982300884955753;;-0,1293400477073947;3;0
2016-12-12;22;2016-12-12 22:00:00;35,07;41,91;-6,839999999999996;40048;0;48986;4124;4862;0;4862;4124;738;0;738;0,15178938708350473;0,15178938708350473;;-0,19503849443969193;3;0
2016-12-12;23;2016-12-12 23:00:00;33,33;40,48;-7,149999999999999;40048;0;48986;4422;4962;0;4962;4422;540;0;540;0,10882708585247884;0,10882708585247884;;-0,21452145214521448;3;0
2016-12-13;0;2016-12-13 00:00:00;35,88;40,44;-4,559999999999995;40057;0;49034;4872;5040;0;5040;4872;168;0;168;0,03333333333333333;0,03333333333333333;;-0,12709030100334434;3;1
2016-12-13;1;2016-12-13 01:00:00;33,04;39,26;-6,219999999999999;40057;0;49034;4949;5190;0;5190;4949;241;0;241;0,0464354527938343;0,0464354527938343;;-0,1882566585956416;3;1
2016-12-13;2;2016-12-13 02:00:00;33,04;39,27;-6,230000000000004;40057;0;49034;4711;5379;0;5379;4711;668;0;668;0,12418665179401375;0,12418665179401375;;-0,18855932203389844;3;1
2016-12-13;3;2016-12-13 03:00:00;33,02;39,94;-6,9199999999999955;40057;0;49034;4753;5528;0;5528;4753;775;0;775;0,14019536903039073;0,14019536903039073;;-0,2095699576014535;3;1
2016-12-13;4;2016-12-13 04:00:00;34,97;40,24;-5,270000000000003;40057;0;49034;4694;5636;0;5636;4694;942;0;942;0,16713981547196594;0,16713981547196594;;-0,150700600514727;3;1
2016-12-13;5;2016-12-13 05:00:00;32,84;39,38;-6,539999999999999;40057;0;49034;4731;5706;0;5706;4731;975;0;975;0,17087276550998948;0,17087276550998948;;-0,1991473812423873;3;1
2016-12-13;6;2016-12-13 06:00:00;47,41;53,95;-6,540000000000006;40057;0;49034;4845;5806;0;5806;4845;961;0;961;0,16551842921116086;0,16551842921116086;;-0,13794558110103367;3;1
2016-12-13;7;2016-12-13 07:00:00;49,9;56,67;-6,770000000000002;40057;0;49034;5254;5949;5;5954;5254;695;5;700;0,1175680214981525;0,11682635737098672;1,0;-0,1356713426853708;3;1
2016-12-13;8;2016-12-13 08:00:00;54,39;74,22;-19,83;40057;279;49034;5079;6104;263;6367;5358;1025;-16;1009;0,15847337835715408;0,16792267365661862;-0,060836501901140684;-0,36458907887479314;3;1
2016-12-13;9;2016-12-13 09:00:00;58,12;72,5;-14,380000000000004;40057;1753;49034;4933;6180;1368;7548;6686;1247;-385;862;0,1142024377318495;0,2017799352750809;-0,2814327485380117;-0,2474191328286305;3;1
2016-12-13;10;2016-12-13 10:00:00;62,76;71,42;-8,660000000000004;40057;3650;49034;4526;6051;2798;8849;8176;1525;-852;673;0,0760537913888575;0,2520244587671459;-0,3045032165832738;-0,13798597833014664;3;1
2016-12-13;11;2016-12-13 11:00:00;60,09;67,67;-7,579999999999997;40057;4872;49034;3922;5808;3782;9590;8794;1886;-1090;796;0,08300312825860272;0,3247245179063361;-0,28820729772607084;-0,12614411715759688;3;1
2016-12-13;12;2016-12-13 12:00:00;58,0;65,86;-7,8599999999999985;40057;4933;49034;3495;5629;3968;9597;8428;2134;-965;1169;0,12180889861415026;0,3791081897317463;-0,24319556451612903;-0,13551724137931032;3;1
2016-12-13;13;2016-12-13 13:00:00;59,39;68,99;-9,599999999999994;40057;3800;49034;3202;5435;3334;8769;7002;2233;-466;1767;0,20150530277112555;0,4108555657773689;-0,13977204559088183;-0,16164337430543854;3;1
2016-12-13;14;2016-12-13 14:00:00;59,6;71,28;-11,68;40057;2030;49034;3148;5326;2069;7395;5178;2178;39;2217;0,2997971602434077;0,4089372887720616;0,018849685838569358;-0,1959731543624161;3;1
2016-12-13;15;2016-12-13 15:00:00;61,6;73,35;-11,749999999999993;40057;533;49034;3245;5325;655;5980;3778;2080;122;2202;0,36822742474916387;0,39061032863849765;0,18625954198473282;-0,19074675324675314;3;1
2016-12-13;16;2016-12-13 16:00:00;63,02;78,39;-15,369999999999996;40057;22;49034;3600;5518;32;5550;3622;1918;10;1928;0,3473873873873874;0,3475897064153679;0,3125;-0,24389082830847342;3;1
2016-12-13;17;2016-12-13 17:00:00;70,42;86,51;-16,090000000000003;40057;0;49034;4034;5836;0;5836;4034;1802;0;1802;0,3087731322823852;0,3087731322823852;;-0,22848622550411818;3;1
2016-12-13;18;2016-12-13 18:00:00;60,09;80,96;-20,869999999999987;40057;0;49034;4424;6123;0;6123;4424;1699;0;1699;0,27747836028090805;0,27747836028090805;;-0,34731236478615385;3;1
2016-12-13;19;2016-12-13 19:00:00;57,76;68,94;-11,18;40057;0;49034;4659;6296;0;6296;4659;1637;0;1637;0,2600063532401525;0,2600063532401525;;-0,1935595567867036;3;1
2016-12-13;20;2016-12-13 20:00:00;45,66;53,56;-7,900000000000006;40057;0;49034;4574;6280;0;6280;4574;1706;0;1706;0,271656050955414;0,271656050955414;;-0,17301795882610613;3;1
2016-12-13;21;2016-12-13 21:00:00;40,19;42,56;-2,3700000000000045;40057;0;49034;4668;6170;0;6170;4668;1502;0;1502;0,24343598055105348;0,24343598055105348;;-0,058969893008211115;3;1
2016-12-13;22;2016-12-13 22:00:00;37,02;41,32;-4,299999999999997;40057;0;49034;4662;6011;0;6011;4662;1349;0;1349;0,2244218931958077;0,2244218931958077;;-0,11615343057806582;3;1
2016-12-13;23;2016-12-13 23:00:00;32,53;34,47;-1,9399999999999975;40057;0;49034;4785;5744;0;5744;4785;959;0;959;0,16695682451253482;0,16695682451253482;;-0,05963725791576998;3;1
2016-12-14;0;2016-12-14 00:00:00;33,09;28,98;4,110000000000003;40068;0;49060;4790;4845;0;4845;4790;55;0;55;0,011351909184726523;0,011351909184726523;;0,12420670897552138;3;2
2016-12-14;1;2016-12-14 01:00:00;33,28;29,31;3,9700000000000015;40068;0;49060;4459;4617;0;4617;4459;158;0;158;0,03422135585878276;0,03422135585878276;;0,11929086538461543;3;2
2016-12-14;2;2016-12-14 02:00:00;33,0;29,7;3,3000000000000007;40068;0;49060;4248;4310;0;4310;4248;62;0;62;0,014385150812064965;0,014385150812064965;;0,10000000000000002;3;2
2016-12-14;3;2016-12-14 03:00:00;32,64;28,12;4,52;40068;0;49060;3911;3941;0;3941;3911;30;0;30;0,0076122811469170265;0,0076122811469170265;;0,13848039215686272;3;2
2016-12-14;4;2016-12-14 04:00:00;32,66;27,39;5,269999999999996;40068;0;49060;3535;3462;0;3462;3535;-73;0;-73;-0,021086077411900637;-0,021086077411900637;;0,16135946111451305;3;2
2016-12-14;5;2016-12-14 05:00:00;36,9;31,38;5,52;40068;0;49060;3150;2976;0;2976;3150;-174;0;-174;-0,05846774193548387;-0,05846774193548387;;0,14959349593495935;3;2
2016-12-14;6;2016-12-14 06:00:00;49,91;43,1;6,809999999999995;40068;0;49060;2823;2612;0;2612;2823;-211;0;-211;-0,08078101071975498;-0,08078101071975498;;0,13644560208375067;3;2
2016-12-14;7;2016-12-14 07:00:00;75,06;65,33;9,730000000000004;40068;0;49060;2634;2355;3;2358;2634;-279;3;-276;-0,11704834605597965;-0,11847133757961784;1,0;0,12962962962962968;3;2
2016-12-14;8;2016-12-14 08:00:00;82,26;78,73;3,530000000000001;40068;149;49060;2414;2176;203;2379;2563;-238;54;-184;-0,0773434216057167;-0,109375;0,2660098522167488;0,042912715779236575;3;2
2016-12-14;9;2016-12-14 09:00:00;78,58;76,54;2,039999999999992;40068;1008;49060;1979;2016;1121;3137;2987;37;113;150;0,047816385081287854;0,018353174603174604;0,1008028545941124;0,025960804275897073;3;2
2016-12-14;10;2016-12-14 10:00:00;77,17;70,56;6,6099999999999985;40068;2254;49060;1609;1786;2324;4110;3863;177;70;247;0,06009732360097324;0,09910414333706608;0,030120481927710843;0,08565504729817285;3;2
2016-12-14;11;2016-12-14 11:00:00;75,94;71,28;4,659999999999997;40068;3214;49060;1467;1497;3282;4779;4681;30;68;98;0,020506382088302993;0,02004008016032064;0,020719073735527116;0,06136423492230704;3;2
2016-12-14;12;2016-12-14 12:00:00;70,55;65,78;4,769999999999996;40068;3590;49060;1293;1289;3662;4951;4883;-4;72;68;0,01373459907089477;-0,0031031807602792862;0,019661387220098307;0,06761162296243793;3;2
2016-12-14;13;2016-12-14 13:00:00;69,91;63,21;6,699999999999997;40068;3284;49060;1179;1198;3278;4476;4463;19;-6;13;0,00290437890974084;0,015859766277128547;-0,0018303843807199512;0,09583750536403944;3;2
2016-12-14;14;2016-12-14 14:00:00;69,69;62,73;6,960000000000001;40068;2226;49060;1306;1240;2181;3421;3532;-66;-45;-111;-0,03244665302543116;-0,0532258064516129;-0,02063273727647868;0,0998708566508825;3;2
2016-12-14;15;2016-12-14 15:00:00;72,52;66,27;6,25;40068;688;49060;1524;1394;771;2165;2212;-130;83;-47;-0,021709006928406466;-0,09325681492109039;0,10765239948119326;0,08618312189740762;3;2
2016-12-14;16;2016-12-14 16:00:00;75,15;75,12;0,030000000000001137;40068;38;49060;1930;1676;45;1721;1968;-254;7;-247;-0,14352120859965137;-0,1515513126491647;0,15555555555555556;0,00039920159680640233;3;2
2016-12-14;17;2016-12-14 17:00:00;91,81;97,04;-5,230000000000004;40068;0;49060;2403;2063;0;2063;2403;-340;0;-340;-0,16480853126514786;-0,16480853126514786;;-0,05696547217078754;3;2
2016-12-14;18;2016-12-14 18:00:00;79,9;78,03;1,8700000000000043;40068;0;49060;2593;2476;0;2476;2593;-117;0;-117;-0,047253634894991924;-0,047253634894991924;;0,023404255319148987;3;2
2016-12-14;19;2016-12-14 19:00:00;78,62;68,63;9,990000000000009;40068;0;49060;2614;2792;0;2792;2614;178;0;178;0,06375358166189111;0,06375358166189111;;0,12706690409565008;3;2
2016-12-14;20;2016-12-14 20:00:00;67,54;55,71;11,830000000000005;40068;0;49060;2626;3007;0;3007;2626;381;0;381;0,1267043565014965;0,1267043565014965;;0,17515546342907912;3;2
2016-12-14;21;2016-12-14 21:00:00;47,94;43,02;4,9199999999999955;40068;0;49060;2747;3253;0;3253;2747;506;0;506;0,15554872425453428;0,15554872425453428;;0,10262828535669578;3;2
2016-12-14;22;2016-12-14 22:00:00;41,71;41,89;-0,17999999999999972;40068;0;49060;2891;3516;0;3516;2891;625;0;625;0,17775881683731512;0,17775881683731512;;-0,004315511867657629;3;2
2016-12-14;23;2016-12-14 23:00:00;35,57;38,32;-2,75;40068;0;49060;3095;3753;0;3753;3095;658;0;658;0,1753264055422329;0,1753264055422329;;-0,07731234186111892;3;2
2016-12-15;0;2016-12-15 00:00:00;35,05;34,49;0,5599999999999952;40105;0;49110;3358;3903;0;3903;3358;545;0;545;0,1396361772995132;0,1396361772995132;;0,015977175463623258;3;3
2016-12-15;1;2016-12-15 01:00:00;33,31;33,76;-0,4499999999999957;40105;0;49110;3579;4075;0;4075;3579;496;0;496;0,12171779141104294;0,12171779141104294;;-0,013509456619633613;3;3
2016-12-15;2;2016-12-15 02:00:00;34,2;34,66;-0,4599999999999938;40105;0;49110;3617;4196;0;4196;3617;579;0;579;0,13798856053384176;0,13798856053384176;;-0,013450292397660636;3;3
2016-12-15;3;2016-12-15 03:00:00;33,51;34,75;-1,240000000000002;40105;0;49110;3856;4274;0;4274;3856;418;0;418;0,09780065512400561;0,09780065512400561;;-0,0370038794389735;3;3
2016-12-15;4;2016-12-15 04:00:00;34,53;36,44;-1,9099999999999968;40105;0;49110;4197;4469;0;4469;4197;272;0;272;0,06086372790333408;0,06086372790333408;;-0,05531421951925852;3;3
2016-12-15;5;2016-12-15 05:00:00;35,61;34,96;0,6499999999999986;40105;0;49110;4445;4842;0;4842;4445;397;0;397;0,08199091284593144;0,08199091284593144;;0,018253299634933967;3;3
2016-12-15;6;2016-12-15 06:00:00;49,55;47,77;1,779999999999994;40105;0;49110;4716;5363;0;5363;4716;647;0;647;0,12064143203430916;0,12064143203430916;;0,03592330978809272;3;3
2016-12-15;7;2016-12-15 07:00:00;67,91;70,53;-2,6200000000000045;40105;0;49110;5370;5993;4;5997;5370;623;4;627;0,10455227613806903;0,10395461371600201;1,0;-0,038580474156972536;3;3
2016-12-15;8;2016-12-15 08:00:00;67,07;86,62;-19,55000000000001;40105;174;49110;6269;6676;297;6973;6443;407;123;530;0,07600745733543668;0,060964649490713;0,41414141414141414;-0,2914865066348593;3;3
2016-12-15;9;2016-12-15 09:00:00;62,27;72,63;-10,359999999999992;40105;1143;49110;6922;7313;1708;9021;8065;391;565;956;0,1059749473450837;0,05346642964583618;0,33079625292740045;-0,16637224987955665;3;3
2016-12-15;10;2016-12-15 10:00:00;59,13;69,78;-10,65;40105;2461;49110;7533;7632;3662;11294;9994;99;1201;1300;0,11510536568089251;0,012971698113207548;0,3279628618241398;-0,18011161846778284;3;3
2016-12-15;11;2016-12-15 11:00:00;57,69;63,4;-5,710000000000001;40105;3420;49110;7870;7618;5058;12676;11290;-252;1638;1386;0,10934048595771537;-0,033079548437910215;0,3238434163701068;-0,09897729242503035;3;3
2016-12-15;12;2016-12-15 12:00:00;53,72;66,83;-13,11;40105;3472;49110;7979;7604;5363;12967;11451;-375;1891;1516;0,11691216164108892;-0,049316149395055235;0,35260115606936415;-0,24404318689501117;3;3
2016-12-15;13;2016-12-15 13:00:00;54,95;67,27;-12,319999999999993;40105;2878;49110;7828;7759;4583;12342;10706;-69;1705;1636;0,13255550153945875;-0,008892898569403274;0,37202705651320095;-0,22420382165605082;3;3
2016-12-15;14;2016-12-15 14:00:00;55,0;69,0;-14,0;40105;1731;49110;8104;8147;2909;11056;9835;43;1178;1221;0,11043777134587554;0,0052780164477721865;0,40495015469233414;-0,2545454545454545;3;3
2016-12-15;15;2016-12-15 15:00:00;60,24;68,98;-8,740000000000002;40105;475;49110;8929;8722;947;9669;9404;-207;472;265;0,027407177577826042;-0,023733088741114423;0,498416050686378;-0,14508632138114214;3;3
2016-12-15;16;2016-12-15 16:00:00;62,05;66,81;-4,760000000000005;40105;19;49110;10116;9510;43;9553;10135;-606;24;-582;-0,060923270176907775;-0,06372239747634069;0,5581395348837209;-0,07671232876712338;3;3
2016-12-15;17;2016-12-15 17:00:00;70,03;71,16;-1,1299999999999957;40105;0;49110;10869;10409;0;10409;10869;-460;0;-460;-0,0441925256989144;-0,0441925256989144;;-0,016135941739254544;3;3
2016-12-15;18;2016-12-15 18:00:00;58,95;59,45;-0,5;40105;0;49110;11546;11143;0;11143;11546;-403;0;-403;-0,03616620299739747;-0,03616620299739747;;-0,008481764206955046;3;3
2016-12-15;19;2016-12-15 19:00:00;54,65;49,19;5,460000000000001;40105;0;49110;11816;11520;0;11520;11816;-296;0;-296;-0,025694444444444443;-0,025694444444444443;;0,09990850869167431;3;3
2016-12-15;20;2016-12-15 20:00:00;45,37;41,35;4,019999999999996;40105;0;49110;11706;11525;0;11525;11706;-181;0;-181;-0,015704989154013017;-0,015704989154013017;;0,08860480493718308;3;3
2016-12-15;21;2016-12-15 21:00:00;40,0;38,45;1,5499999999999972;40105;0;49110;11189;11330;0;11330;11189;141;0;141;0,012444836716681376;0,012444836716681376;;0,03874999999999993;3;3
2016-12-15;22;2016-12-15 22:00:00;37,53;37,21;0,3200000000000003;40105;0;49110;10727;10947;0;10947;10727;220;0;220;0,020096830181784965;0,020096830181784965;;0,008526512123634433;3;3
2016-12-15;23;2016-12-15 23:00:00;33,98;34,77;-0,7900000000000063;40105;0;49110;10748;10448;0;10448;10748;-300;0;-300;-0,02871362940275651;-0,02871362940275651;;-0,02324896998234274;3;3
2016-12-16;0;2016-12-16 00:00:00;34,25;34,66;-0,4099999999999966;40112;0;49143;10515;9884;0;9884;10515;-631;0;-631;-0,06384055038445974;-0,06384055038445974;;-0,01197080291970793;3;4
2016-12-16;1;2016-12-16 01:00:00;33,29;32,37;0,9200000000000016;40112;0;49143;10002;9565;0;9565;10002;-437;0;-437;-0,045687401986408784;-0,045687401986408784;;0,02763592670471618;3;4
2016-12-16;2;2016-12-16 02:00:00;32,0;32,03;-0,030000000000001137;40112;0;49143;9834;9321;0;9321;9834;-513;0;-513;-0,05503701319600901;-0,05503701319600901;;-0,0009375000000000355;3;4
2016-12-16;3;2016-12-16 03:00:00;31,92;31,14;0,7800000000000011;40112;0;49143;9876;8973;0;8973;9876;-903;0;-903;-0,10063523905048478;-0,10063523905048478;;0,024436090225563943;3;4
2016-12-16;4;2016-12-16 04:00:00;33,15;33,16;-0,009999999999998009;40112;0;49143;9734;8547;0;8547;9734;-1187;0;-1187;-0,13887913887913889;-0,13887913887913889;;-0,0003016591251884769;3;4
2016-12-16;5;2016-12-16 05:00:00;35,51;33,13;2,3799999999999955;40112;0;49143;9202;8151;0;8151;9202;-1051;0;-1051;-0,1289412342043921;-0,1289412342043921;;0,06702337369754986;3;4
2016-12-16;6;2016-12-16 06:00:00;46,76;46,49;0,269999999999996;40112;0;49143;8689;7841;0;7841;8689;-848;0;-848;-0,10814947073077413;-0,10814947073077413;;0,005774165953806588;3;4
2016-12-16;7;2016-12-16 07:00:00;58,99;57,16;1,8300000000000052;40112;0;49143;8398;7581;4;7585;8398;-817;4;-813;-0,1071852340145023;-0,10776942355889724;1,0;0,03102220715375496;3;4
2016-12-16;8;2016-12-16 08:00:00;62,65;58,73;3,9200000000000017;40112;284;49143;7916;7229;579;7808;8200;-687;295;-392;-0,050204918032786885;-0,0950338912712685;0,5094991364421416;0,06256983240223467;3;4
2016-12-16;9;2016-12-16 09:00:00;59,99;58,11;1,8800000000000023;40112;1922;49143;6930;6664;3411;10075;8852;-266;1489;1223;0,12138957816377172;-0,03991596638655462;0,4365288771621225;0,03133855642607105;3;4
2016-12-16;10;2016-12-16 10:00:00;59,04;63,17;-4,130000000000003;40112;4153;49143;5650;5591;6740;12331;9803;-59;2587;2528;0,20501175898142893;-0,010552673940261133;0,3838278931750742;-0,0699525745257453;3;4
2016-12-16;11;2016-12-16 11:00:00;59,56;65,91;-6,349999999999994;40112;5714;49143;4356;4175;8946;13121;10070;-181;3232;3051;0,23252800853593475;-0,043353293413173656;0,3612787838139951;-0,10661517797179305;3;4
2016-12-16;12;2016-12-16 12:00:00;56,96;61,72;-4,759999999999998;40112;6365;49143;3318;3055;9500;12555;9683;-263;3135;2872;0,22875348466746317;-0,08608837970540098;0,33;-0,08356741573033705;3;4
2016-12-16;13;2016-12-16 13:00:00;57,98;61,39;-3,410000000000004;40112;5652;49143;2654;2499;8186;10685;8306;-155;2534;2379;0,2226485727655592;-0,06202480992396959;0,3095528951869045;-0,058813383925491625;3;4
2016-12-16;14;2016-12-16 14:00:00;64,88;61,26;3,619999999999997;40112;3654;49143;2272;2648;5248;7896;5926;376;1594;1970;0,2494934143870314;0,1419939577039275;0,30373475609756095;0,05579531442663374;3;4
2016-12-16;15;2016-12-16 15:00:00;65,1;59,47;5,629999999999996;40112;1043;49143;2234;3099;1700;4799;3277;865;657;1522;0,3171494061262763;0,2791222975153275;0,3864705882352941;0,08648233486943159;3;4
2016-12-16;16;2016-12-16 16:00:00;69,46;63,44;6,019999999999996;40112;40;49143;2886;3656;62;3718;2926;770;22;792;0,21301775147928995;0,21061269146608316;0,3548387096774194;0,08666858623668293;3;4
2016-12-16;17;2016-12-16 17:00:00;80,99;67,81;13,179999999999993;40112;0;49143;3618;4053;0;4053;3618;435;0;435;0,1073279052553664;0,1073279052553664;;0,16273614026423008;3;4
2016-12-16;18;2016-12-16 18:00:00;68,0;59,33;8,670000000000002;40112;0;49143;3898;4250;0;4250;3898;352;0;352;0,08282352941176471;0,08282352941176471;;0,12750000000000003;3;4
2016-12-16;19;2016-12-16 19:00:00;71,71;57,99;13,719999999999994;40112;0;49143;3766;4134;0;4134;3766;368;0;368;0,08901790033865506;0,08901790033865506;;0,19132617487100814;3;4
2016-12-16;20;2016-12-16 20:00:00;63,6;53,87;9,730000000000004;40112;0;49143;3545;3741;0;3741;3545;196;0;196;0,05239240844693932;0,05239240844693932;;0,15298742138364785;3;4
2016-12-16;21;2016-12-16 21:00:00;48,09;40,56;7,530000000000001;40112;0;49143;3058;3335;0;3335;3058;277;0;277;0,0830584707646177;0,0830584707646177;;0,15658140985651903;3;4
2016-12-16;22;2016-12-16 22:00:00;42,49;39,93;2,5600000000000023;40112;0;49143;2747;2962;0;2962;2747;215;0;215;0,07258609047940581;0,07258609047940581;;0,06024947046363855;3;4
2016-12-16;23;2016-12-16 23:00:00;37,06;36,91;0,15000000000000568;40112;0;49143;2417;2688;0;2688;2417;271;0;271;0,10081845238095238;0,10081845238095238;;0,004047490555855523;3;4
2016-12-17;0;2016-12-17 00:00:00;42,1;39,07;3,030000000000001;40112;0;49150;2076;1994;0;1994;2076;-82;0;-82;-0,041123370110330994;-0,041123370110330994;;0,07197149643705465;3;5
2016-12-17;1;2016-12-17 01:00:00;39,44;37,0;2,4399999999999977;40112;0;49150;1996;1884;0;1884;1996;-112;0;-112;-0,059447983014861996;-0,059447983014861996;;0,06186612576064903;3;5
2016-12-17;2;2016-12-17 02:00:00;38,36;34,7;3,6599999999999966;40112;0;49150;2168;1734;0;1734;2168;-434;0;-434;-0,2502883506343714;-0,2502883506343714;;0,09541188738269021;3;5
2016-12-17;3;2016-12-17 03:00:00;38,28;35,81;2,4699999999999993;40112;0;49150;2262;1543;0;1543;2262;-719;0;-719;-0,4659753726506805;-0,4659753726506805;;0,06452455590386623;3;5
2016-12-17;4;2016-12-17 04:00:00;39,07;35,25;3,82;40112;0;49150;2204;1361;0;1361;2204;-843;0;-843;-0,6193975018368847;-0,6193975018368847;;0,09777322754031226;3;5
2016-12-17;5;2016-12-17 05:00:00;39,01;34,18;4,829999999999998;40112;0;49150;2112;1223;0;1223;2112;-889;0;-889;-0,7269010629599346;-0,7269010629599346;;0,12381440656241985;3;5
2016-12-17;6;2016-12-17 06:00:00;36,0;32,66;3,3400000000000034;40112;0;49150;2067;1183;0;1183;2067;-884;0;-884;-0,7472527472527473;-0,7472527472527473;;0,09277777777777788;3;5
2016-12-17;7;2016-12-17 07:00:00;39,01;35,23;3,780000000000001;40112;0;49150;2252;1209;4;1213;2252;-1043;4;-1039;-0,8565539983511954;-0,8626964433416047;1,0;0,09689823122276343;3;5
2016-12-17;8;2016-12-17 08:00:00;47,84;40,6;7,240000000000002;40112;126;49150;2377;1270;392;1662;2503;-1107;266;-841;-0,5060168471720818;-0,8716535433070867;0,6785714285714286;0,1513377926421405;3;5
2016-12-17;9;2016-12-17 09:00:00;54,97;44,86;10,11;40112;1238;49150;2438;1367;2256;3623;3676;-1071;1018;-53;-0,01462876069555617;-0,783467446964155;0,4512411347517731;0,18391850100054574;3;5
2016-12-17;10;2016-12-17 10:00:00;54,91;51,62;3,2899999999999987;40112;2852;49150;2448;1424;4388;5812;5300;-1024;1536;512;0,088093599449415;-0,7191011235955056;0,35004557885141296;0,0599162265525405;3;5
2016-12-17;11;2016-12-17 11:00:00;54,35;52,03;2,3200000000000003;40112;4039;49150;2237;1403;5630;7033;6276;-834;1591;757;0,10763543295890801;-0,594440484675695;0,28259325044404976;0,042686292548298074;3;5
2016-12-17;12;2016-12-17 12:00:00;50,1;50,38;-0,28000000000000114;40112;4229;49150;2127;1402;5748;7150;6356;-725;1519;794;0,11104895104895104;-0,5171184022824536;0,2642658315935978;-0,005588822355289444;3;5
2016-12-17;13;2016-12-17 13:00:00;47,65;48,1;-0,4500000000000029;40112;3307;49150;2273;1448;4755;6203;5580;-825;1448;623;0,10043527325487667;-0,5697513812154696;0,304521556256572;-0,009443861490031541;3;5
2016-12-17;14;2016-12-17 14:00:00;49,68;46,52;3,1599999999999966;40112;1866;49150;2279;1648;2949;4597;4145;-631;1083;452;0,09832499456167065;-0,38288834951456313;0,3672431332655137;0,06360708534621572;3;5
2016-12-17;15;2016-12-17 15:00:00;50,68;46,56;4,119999999999997;40112;533;49150;2584;2027;945;2972;3117;-557;412;-145;-0,048788694481830416;-0,2747903305377405;0,43597883597883597;0,08129439621152323;3;5
2016-12-17;16;2016-12-17 16:00:00;54,8;51,6;3,199999999999996;40112;18;49150;3146;2493;45;2538;3164;-653;27;-626;-0,2466509062253743;-0,2619334135579623;0,6;0,05839416058394154;3;5
2016-12-17;17;2016-12-17 17:00:00;61,01;55,37;5,6400000000000015;40112;0;49150;4104;2909;0;2909;4104;-1195;0;-1195;-0,4107940873152286;-0,4107940873152286;;0,09244386166202265;3;5
2016-12-17;18;2016-12-17 18:00:00;63,53;54,16;9,370000000000003;40112;0;49150;5023;3315;0;3315;5023;-1708;0;-1708;-0,5152337858220211;-0,5152337858220211;;0,14748937509837876;3;5
2016-12-17;19;2016-12-17 19:00:00;54,98;46,27;8,709999999999994;40112;0;49150;6130;3665;0;3665;6130;-2465;0;-2465;-0,6725784447476125;-0,6725784447476125;;0,15842124408875943;3;5
2016-12-17;20;2016-12-17 20:00:00;46,22;37,65;8,57;40112;0;49150;7000;4014;0;4014;7000;-2986;0;-2986;-0,7438963627304435;-0,7438963627304435;;0,18541756815231503;3;5
2016-12-17;21;2016-12-17 21:00:00;40,93;35,87;5,060000000000001;40112;0;49150;8074;4386;0;4386;8074;-3688;0;-3688;-0,8408572731418149;-0,8408572731418149;;0,12362570241876378;3;5
2016-12-17;22;2016-12-17 22:00:00;40,98;36,94;4,039999999999999;40112;0;49150;9040;4737;0;4737;9040;-4303;0;-4303;-0,9083808317500528;-0,9083808317500528;;0,09858467545143972;3;5
2016-12-17;23;2016-12-17 23:00:00;39,1;33,2;5,899999999999999;40112;0;49150;9616;5103;0;5103;9616;-4513;0;-4513;-0,8843817362335881;-0,8843817362335881;;0,1508951406649616;3;5
2016-12-18;0;2016-12-18 00:00:00;35,78;39,03;-3,25;40113;0;49150;9840;9379;0;9379;9840;-461;0;-461;-0,049152361659025486;-0,049152361659025486;;-0,09083286752375629;3;6
2016-12-18;1;2016-12-18 01:00:00;35,23;40,04;-4,810000000000001;40113;0;49150;9929;9890;0;9890;9929;-39;0;-39;-0,003943377148634985;-0,003943377148634985;;-0,13653136531365317;3;6
2016-12-18;2;2016-12-18 02:00:00;33,96;39,99;-6,030000000000001;40113;0;49150;10196;10283;0;10283;10196;87;0;87;0,008460565982689877;0,008460565982689877;;-0,17756183745583043;3;6
2016-12-18;3;2016-12-18 03:00:00;34,32;39,27;-4,950000000000003;40113;0;49150;10410;10537;0;10537;10410;127;0;127;0,012052766442061307;0,012052766442061307;;-0,1442307692307693;3;6
2016-12-18;4;2016-12-18 04:00:00;33,96;36,94;-2,979999999999997;40113;0;49150;10109;10700;0;10700;10109;591;0;591;0,05523364485981309;0,05523364485981309;;-0,08775029446407528;3;6
2016-12-18;5;2016-12-18 05:00:00;33,93;37,78;-3,8500000000000014;40113;0;49150;9682;10747;0;10747;9682;1065;0;1065;0,09909742253652182;0,09909742253652182;;-0,1134689065723549;3;6
2016-12-18;6;2016-12-18 06:00:00;34,36;39,44;-5,079999999999998;40113;0;49150;9582;10708;0;10708;9582;1126;0;1126;0,10515502428091147;0,10515502428091147;;-0,14784633294528518;3;6
2016-12-18;7;2016-12-18 07:00:00;38,37;42,53;-4,160000000000005;40113;0;49150;9092;10484;1;10485;9092;1392;1;1393;0,13285646161182643;0,1327737504769172;1,0;-0,10841803492311715;3;6
2016-12-18;8;2016-12-18 08:00:00;36,88;44,49;-7,6099999999999985;40113;84;49150;8673;10040;104;10144;8757;1367;20;1387;0,13673107255520506;0,13615537848605577;0,19230769230769232;-0,20634490238611708;3;6
2016-12-18;9;2016-12-18 09:00:00;44,72;44,65;0,07000000000000027;40113;578;49150;7814;9636;560;10196;8392;1822;-18;1804;0,17693213024715576;0,18908260689082607;-0,03214285714285714;0,0015652951699463389;3;6
2016-12-18;10;2016-12-18 10:00:00;45,94;46,54;-0,6000000000000014;40113;1329;49150;6851;9233;1270;10503;8180;2382;-59;2323;0,22117490240883558;0,2579876529838622;-0,046456692913385826;-0,01306051371353943;3;6
2016-12-18;11;2016-12-18 11:00:00;52,29;50,92;1,3699999999999974;40113;1847;49150;5938;8696;1821;10517;7785;2758;-26;2732;0,2597698963582771;0,3171573137074517;-0,014277869302580999;0,026200038248230972;3;6
2016-12-18;12;2016-12-18 12:00:00;52,0;50,4;1,6000000000000014;40113;1955;49150;5131;8070;1958;10028;7086;2939;3;2942;0,29337854008775427;0,36418835192069393;0,0015321756894790602;0,030769230769230795;3;6
2016-12-18;13;2016-12-18 13:00:00;49,78;50,48;-0,6999999999999957;40113;1530;49150;4278;7415;1649;9064;5808;3137;119;3256;0,3592233009708738;0,42306136210384354;0,07216494845360824;-0,014061872237846438;3;6
2016-12-18;14;2016-12-18 14:00:00;45,82;49,54;-3,719999999999999;40113;863;49150;3462;6719;1031;7750;4325;3257;168;3425;0,44193548387096776;0,4847447536835839;0,1629485935984481;-0,08118725447402879;3;6
2016-12-18;15;2016-12-18 15:00:00;47,43;50,36;-2,93;40113;243;49150;2817;6010;342;6352;3060;3193;99;3292;0,5182619647355163;0,5312811980033277;0,2894736842105263;-0,06177524773350201;3;6
2016-12-18;16;2016-12-18 16:00:00;49,98;55,24;-5,260000000000005;40113;10;49150;2274;5318;19;5337;2284;3044;9;3053;0,5720442195990256;0,5723956374576908;0,47368421052631576;-0,1052420968387356;3;6
2016-12-18;17;2016-12-18 17:00:00;54,92;63,26;-8,339999999999996;40113;0;49150;1827;4662;0;4662;1827;2835;0;2835;0,6081081081081081;0,6081081081081081;;-0,15185724690458843;3;6
2016-12-18;18;2016-12-18 18:00:00;53,98;64,42;-10,440000000000003;40113;0;49150;1509;4047;0;4047;1509;2538;0;2538;0,6271312083024463;0,6271312083024463;;-0,19340496480177852;3;6
2016-12-18;19;2016-12-18 19:00:00;50,13;59,28;-9,15;40113;0;49150;1161;3421;0;3421;1161;2260;0;2260;0,6606255480853551;0,6606255480853551;;-0,18252543387193298;3;6
2016-12-18;20;2016-12-18 20:00:00;49,92;55,41;-5,489999999999995;40113;0;49150;789;2839;0;2839;789;2050;0;2050;0,7220852412821416;0,7220852412821416;;-0,10997596153846143;3;6
2016-12-18;21;2016-12-18 21:00:00;45,73;50,74;-5,010000000000005;40113;0;49150;581;2387;0;2387;581;1806;0;1806;0,7565982404692082;0,7565982404692082;;-0,10955609009403029;3;6
2016-12-18;22;2016-12-18 22:00:00;47,14;50,29;-3,1499999999999986;40113;0;49150;442;2052;0;2052;442;1610;0;1610;0,7846003898635477;0,7846003898635477;;-0,06682223165040302;3;6
2016-12-18;23;2016-12-18 23:00:00;42,06;43,36;-1,2999999999999972;40113;0;49150;384;1873;0;1873;384;1489;0;1489;0,794981313400961;0,794981313400961;;-0,030908226343319;3;6
2016-12-19;0;2016-12-19 00:00:00;39,9;36,7;3,199999999999996;40119;0;49169;412;688;0;688;412;276;0;276;0,4011627906976744;0,4011627906976744;;0,08020050125313274;3;0
2016-12-19;1;2016-12-19 01:00:00;39,08;36,42;2,6599999999999966;40119;0;49169;450;740;0;740;450;290;0;290;0,3918918918918919;0,3918918918918919;;0,06806550665301936;3;0
2016-12-19;2;2016-12-19 02:00:00;39,02;34,76;4,260000000000005;40119;0;49169;612;828;0;828;612;216;0;216;0,2608695652173913;0,2608695652173913;;0,10917478216299346;3;0
2016-12-19;3;2016-12-19 03:00:00;38,56;34,13;4,43;40119;0;49169;834;962;0;962;834;128;0;128;0,13305613305613306;0,13305613305613306;;0,11488589211618255;3;0
2016-12-19;4;2016-12-19 04:00:00;39,01;34,18;4,829999999999998;40119;0;49169;1128;1173;0;1173;1128;45;0;45;0,03836317135549872;0,03836317135549872;;0,12381440656241985;3;0
2016-12-19;5;2016-12-19 05:00:00;39,05;37,0;2,0499999999999967;40119;0;49169;1344;1454;0;1454;1344;110;0;110;0,07565337001375516;0,07565337001375516;;0,05249679897567214;3;0
2016-12-19;6;2016-12-19 06:00:00;54,11;49,05;5,060000000000001;40119;0;49169;1576;1802;0;1802;1576;226;0;226;0,12541620421753608;0,12541620421753608;;0,0935132138236925;3;0
2016-12-19;7;2016-12-19 07:00:00;66,7;60,04;6,660000000000004;40119;0;49169;1893;2174;1;2175;1893;281;1;282;0,1296551724137931;0,12925482980680772;1,0;0,0998500749625188;3;0
2016-12-19;8;2016-12-19 08:00:00;65,38;62,31;3,0699999999999936;40119;129;49169;2236;2506;206;2712;2365;270;77;347;0,12794985250737465;0,1077414205905826;0,3737864077669903;0,04695625573569889;3;0
2016-12-19;9;2016-12-19 09:00:00;75,1;61,18;13,919999999999995;40119;923;49169;2569;2800;1249;4049;3492;231;326;557;0,1375648308224253;0,0825;0,2610088070456365;0,1853528628495339;3;0
2016-12-19;10;2016-12-19 10:00:00;74,99;57,86;17,129999999999995;40119;2250;49169;3048;2919;2712;5631;5298;-129;462;333;0,05913692061800746;-0,044193216855087356;0,17035398230088494;0,2284304573943192;3;0
2016-12-19;11;2016-12-19 11:00:00;72,19;56,72;15,47;40119;3484;49169;3268;2870;3943;6813;6752;-398;459;61;0,008953471304858358;-0,13867595818815331;0,11640882576718235;0,21429560881008453;3;0
2016-12-19;12;2016-12-19 12:00:00;70,8;57,1;13,699999999999996;40119;4123;49169;3352;2897;4493;7390;7475;-455;370;-85;-0,011502029769959404;-0,15705902657921988;0,0823503227242377;0,193502824858757;3;0
2016-12-19;13;2016-12-19 13:00:00;71,48;59,74;11,740000000000002;40119;3818;49169;3593;2989;4150;7139;7411;-604;332;-272;-0,03810057431012747;-0,20207427233188358;0,08;0,16424174594292112;3;0
2016-12-19;14;2016-12-19 14:00:00;70,82;59,71;11,109999999999992;40119;2466;49169;3756;3185;2808;5993;6222;-571;342;-229;-0,03821124645419656;-0,1792778649921507;0,12179487179487179;0,15687658853431224;3;0
2016-12-19;15;2016-12-19 15:00:00;72,99;60,89;12,099999999999996;40119;780;49169;4097;3491;950;4441;4877;-606;170;-436;-0,09817608646701194;-0,1735892294471498;0,17894736842105263;0,1657761337169475;3;0
2016-12-19;16;2016-12-19 16:00:00;69,24;69,56;-0,3200000000000074;40119;28;49169;4470;3879;47;3926;4498;-591;19;-572;-0,1456953642384106;-0,15235885537509666;0,40425531914893614;-0,004621606008087918;3;0
2016-12-19;17;2016-12-19 17:00:00;79,46;72,42;7,039999999999992;40119;0;49169;4552;4324;0;4324;4552;-228;0;-228;-0,05272895467160037;-0,05272895467160037;;0,08859803674804924;3;0
2016-12-19;18;2016-12-19 18:00:00;66,0;62,04;3,9600000000000013;40119;0;49169;4311;4757;0;4757;4311;446;0;446;0,09375656926634433;0,09375656926634433;;0,06000000000000002;3;0
2016-12-19;19;2016-12-19 19:00:00;67,0;60,15;6,850000000000001;40119;0;49169;4332;4971;0;4971;4332;639;0;639;0,12854556427278213;0,12854556427278213;;0,10223880597014927;3;0
2016-12-19;20;2016-12-19 20:00:00;50,94;48,82;2,119999999999997;40119;0;49169;4466;4947;0;4947;4466;481;0;481;0,09723064483525369;0,09723064483525369;;0,04161758932076948;3;0
2016-12-19;21;2016-12-19 21:00:00;40,16;39,8;0,35999999999999943;40119;0;49169;4411;4851;0;4851;4411;440;0;440;0,09070294784580499;0,09070294784580499;;0,008964143426294808;3;0
2016-12-19;22;2016-12-19 22:00:00;40,05;40,01;0,03999999999999915;40119;0;49169;4294;4703;0;4703;4294;409;0;409;0,08696576653200085;0,08696576653200085;;0,000998751560549292;3;0
2016-12-19;23;2016-12-19 23:00:00;35,74;38,2;-2,460000000000001;40119;0;49169;4390;4629;0;4629;4390;239;0;239;0,05163102181896738;0,05163102181896738;;-0,06883044208170119;3;0
2016-12-20;0;2016-12-20 00:00:00;37,49;41,03;-3,5399999999999987;40126;0;49208;4552;3760;0;3760;4552;-792;0;-792;-0,21063829787234042;-0,21063829787234042;;-0,09442518004801276;3;1
2016-12-20;1;2016-12-20 01:00:00;37,06;35,75;1,3100000000000025;40126;0;49208;4894;3953;0;3953;4894;-941;0;-941;-0,23804705287123704;-0,23804705287123704;;0,03534808418780363;3;1
2016-12-20;2;2016-12-20 02:00:00;37,06;34,84;2,2199999999999993;40126;0;49208;5271;4340;0;4340;5271;-931;0;-931;-0,21451612903225806;-0,21451612903225806;;0,05990286022665945;3;1
2016-12-20;3;2016-12-20 03:00:00;34,96;31,71;3,25;40126;0;49208;5518;4689;0;4689;5518;-829;0;-829;-0,17679675837065473;-0,17679675837065473;;0,09296338672768878;3;1
2016-12-20;4;2016-12-20 04:00:00;37,0;34,14;2,8599999999999994;40126;0;49208;5633;4909;0;4909;5633;-724;0;-724;-0,14748421267060502;-0,14748421267060502;;0,07729729729729728;3;1
2016-12-20;5;2016-12-20 05:00:00;38,14;36,32;1,8200000000000005;40126;0;49208;5628;5034;0;5034;5628;-594;0;-594;-0,11799761620977355;-0,11799761620977355;;0,0477189302569481;3;1
2016-12-20;6;2016-12-20 06:00:00;43,27;41,67;1,6000000000000014;40126;0;49208;5698;5165;0;5165;5698;-533;0;-533;-0,1031945788964182;-0,1031945788964182;;0,03697712040674835;3;1
2016-12-20;7;2016-12-20 07:00:00;55,94;50,4;5,539999999999999;40126;1;49208;5923;5313;4;5317;5924;-610;3;-607;-0,11416212149708482;-0,11481272350837568;0,75;0,09903468001430103;3;1
2016-12-20;8;2016-12-20 08:00:00;55,95;58,94;-2,9899999999999953;40126;204;49208;6062;5450;426;5876;6266;-612;222;-390;-0,06637168141592921;-0,11229357798165138;0,5211267605633803;-0,05344057193923137;3;1
2016-12-20;9;2016-12-20 09:00:00;58,13;62,56;-4,43;40126;1570;49208;6146;5528;2420;7948;7716;-618;850;232;0,0291897332662305;-0,111794500723589;0,3512396694214876;-0,07620849819370376;3;1
2016-12-20;10;2016-12-20 10:00:00;54,97;59,08;-4,1099999999999985;40126;3726;49208;5770;5426;5169;10595;9496;-344;1443;1099;0,10372817366682398;-0,0633984518982676;0,2791642484039466;-0,07476805530289246;3;1
2016-12-20;11;2016-12-20 11:00:00;58,92;61,97;-3,049999999999997;40126;5462;49208;5334;5206;7282;12488;10796;-128;1820;1692;0,13549007046764894;-0,024587014982712256;0,2499313375446306;-0,05176510522742697;3;1
2016-12-20;12;2016-12-20 12:00:00;54,91;60,26;-5,350000000000001;40126;6111;49208;5033;5103;7907;13010;11144;70;1796;1866;0,1434281322059954;0,013717421124828532;0,2271405084102694;-0,09743216171917686;3;1
2016-12-20;13;2016-12-20 13:00:00;58,53;64,85;-6,319999999999991;40126;5226;49208;5425;5252;6885;12137;10651;-173;1659;1486;0,12243552772513801;-0,03293983244478294;0,240958605664488;-0,10797881428327338;3;1
2016-12-20;14;2016-12-20 14:00:00;58,17;64,37;-6,200000000000002;40126;3190;49208;5861;5782;4469;10251;9051;-79;1279;1200;0,11706175007316359;-0,013663092355586302;0,2861937793689863;-0,10658414990544958;3;1
2016-12-20;15;2016-12-20 15:00:00;54,97;61,81;-6,8400000000000025;40126;935;49208;6172;6495;1530;8025;7107;323;595;918;0,11439252336448598;0,049730561970746726;0,3888888888888889;-0,12443150809532477;3;1
2016-12-20;16;2016-12-20 16:00:00;57,82;68,63;-10,809999999999995;40126;30;49208;6728;7272;71;7343;6758;544;41;585;0,07966771074492714;0,0748074807480748;0,5774647887323944;-0,1869595295745416;3;1
2016-12-20;17;2016-12-20 17:00:00;66,33;71,67;-5,340000000000003;40126;0;49208;7433;7887;0;7887;7433;454;0;454;0,057563078483580575;0,057563078483580575;;-0,08050655811849847;3;1
2016-12-20;18;2016-12-20 18:00:00;58,91;69,61;-10,700000000000003;40126;0;49208;7948;8347;0;8347;7948;399;0;399;0,0478016053671978;0,0478016053671978;;-0,18163299949074865;3;1
2016-12-20;19;2016-12-20 19:00:00;55,09;62,48;-7,3899999999999935;40126;0;49208;8748;8569;0;8569;8748;-179;0;-179;-0,020889251954720505;-0,020889251954720505;;-0,13414412779088752;3;1
2016-12-20;20;2016-12-20 20:00:00;43,53;48,19;-4,659999999999997;40126;0;49208;8831;8610;0;8610;8831;-221;0;-221;-0,025667828106852496;-0,025667828106852496;;-0,10705260739719726;3;1
2016-12-20;21;2016-12-20 21:00:00;39,27;43,32;-4,049999999999997;40126;0;49208;9272;8640;0;8640;9272;-632;0;-632;-0,07314814814814814;-0,07314814814814814;;-0,10313216195569129;3;1
2016-12-20;22;2016-12-20 22:00:00;39,04;40,8;-1,759999999999998;40126;0;49208;10019;8626;0;8626;10019;-1393;0;-1393;-0,161488523069789;-0,161488523069789;;-0,04508196721311471;3;1
2016-12-20;23;2016-12-20 23:00:00;36,34;37,45;-1,1099999999999994;40126;0;49208;10878;8470;0;8470;10878;-2408;0;-2408;-0,28429752066115704;-0,28429752066115704;;-0,030544854155200862;3;1
2016-12-21;0;2016-12-21 00:00:00;31,88;33,36;-1,4800000000000004;40130;0;49238;10947;9334;0;9334;10947;-1613;0;-1613;-0,17280908506535247;-0,17280908506535247;;-0,0464240903387704;3;2
2016-12-21;1;2016-12-21 01:00:00;31,35;33,16;-1,8099999999999952;40130;0;49238;10648;9187;0;9187;10648;-1461;0;-1461;-0,1590290628061391;-0,1590290628061391;;-0,057735247208931265;3;2
2016-12-21;2;2016-12-21 02:00:00;31,74;35,95;-4,210000000000004;40130;0;49238;10240;8977;0;8977;10240;-1263;0;-1263;-0,1406928818090676;-0,1406928818090676;;-0,13264020163831142;3;2
2016-12-21;3;2016-12-21 03:00:00;31,35;36,18;-4,829999999999998;40130;0;49238;9664;8944;0;8944;9664;-720;0;-720;-0,08050089445438283;-0,08050089445438283;;-0,15406698564593296;3;2
2016-12-21;4;2016-12-21 04:00:00;31,34;37,01;-5,669999999999997;40130;0;49238;9426;9202;0;9202;9426;-224;0;-224;-0,024342534231688764;-0,024342534231688764;;-0,1809189534141671;3;2
2016-12-21;5;2016-12-21 05:00:00;31,34;39,49;-8,150000000000002;40130;0;49238;10668;9842;0;9842;10668;-826;0;-826;-0,08392603129445235;-0,08392603129445235;;-0,2600510529674538;3;2
2016-12-21;6;2016-12-21 06:00:00;36,09;40,31;-4,219999999999999;40130;0;49238;12029;10671;0;10671;12029;-1358;0;-1358;-0,12726080029987819;-0,12726080029987819;;-0,11692989747852586;3;2
2016-12-21;7;2016-12-21 07:00:00;46,97;49,91;-2,9399999999999977;40130;1;49238;13281;11469;4;11473;13282;-1812;3;-1809;-0,1576745402248758;-0,1579911064608946;0,75;-0,06259314456035762;3;2
2016-12-21;8;2016-12-21 08:00:00;49,97;54,5;-4,530000000000001;40130;162;49238;13464;12128;414;12542;13626;-1336;252;-1084;-0,08642959655557328;-0,11015831134564644;0,6086956521739131;-0,09065439263558138;3;2
2016-12-21;9;2016-12-21 09:00:00;46,27;50,52;-4,25;40130;1415;49238;13454;12547;2643;15190;14869;-907;1228;321;0,021132323897300857;-0,07228819638160516;0,46462353386303445;-0,09185217203371514;3;2
2016-12-21;10;2016-12-21 10:00:00;46,9;56,1;-9,200000000000003;40130;3326;49238;13057;12511;5720;18231;16383;-546;2394;1848;0,10136580549613296;-0,043641595396051475;0,41853146853146855;-0,19616204690831562;3;2
2016-12-21;11;2016-12-21 11:00:00;43,96;58,83;-14,869999999999996;40130;4802;49238;12910;12076;7904;19980;17712;-834;3102;2268;0,11351351351351352;-0,06906260351109639;0,3924595141700405;-0,3382620564149226;3;2
2016-12-21;12;2016-12-21 12:00:00;39,53;60,17;-20,64;40130;5254;49238;12582;11803;8429;20232;17836;-779;3175;2396;0,1184262554369316;-0,0660001694484453;0,37667576224937716;-0,522135087275487;3;2
2016-12-21;13;2016-12-21 13:00:00;39,38;58,67;-19,29;40130;4505;49238;12470;11976;7144;19120;16975;-494;2639;2145;0,11218619246861924;-0,04124916499665999;0,3694008958566629;-0,4898425596749619;3;2
2016-12-21;14;2016-12-21 14:00:00;41,97;54,4;-12,43;40130;2741;49238;12204;12738;4501;17239;14945;534;1760;2294;0,133070363710192;0,041921808761187;0,39102421684070204;-0,2961639266142483;3;2
2016-12-21;15;2016-12-21 15:00:00;47,95;60,39;-12,439999999999998;40130;742;49238;12540;13847;1459;15306;13282;1307;717;2024;0,13223572455246307;0,09438867624756266;0,4914324880054832;-0,25943691345151193;3;2
2016-12-21;16;2016-12-21 16:00:00;47,95;62,44;-14,489999999999995;40130;26;49238;13777;15059;72;15131;13803;1282;46;1328;0,08776683629634525;0,08513181486154459;0,6388888888888888;-0,3021897810218977;3;2
2016-12-21;17;2016-12-21 17:00:00;48,95;57,48;-8,529999999999994;40130;0;49238;14928;16129;0;16129;14928;1201;0;1201;0,07446214892429785;0,07446214892429785;;-0,17425944841675164;3;2
2016-12-21;18;2016-12-21 18:00:00;47,0;54,49;-7,490000000000002;40130;0;49238;15220;16945;0;16945;15220;1725;0;1725;0,10179994098554146;0,10179994098554146;;-0,15936170212765963;3;2
2016-12-21;19;2016-12-21 19:00:00;44,62;49,71;-5,090000000000003;40130;0;49238;15512;17329;0;17329;15512;1817;0;1817;0,10485313636101333;0,10485313636101333;;-0,11407440609592119;3;2
2016-12-21;20;2016-12-21 20:00:00;39,05;43,91;-4,8599999999999985;40130;0;49238;15220;17152;0;17152;15220;1932;0;1932;0,11263992537313433;0,11263992537313433;;-0,12445582586427655;3;2
2016-12-21;21;2016-12-21 21:00:00;37,22;39,85;-2,6300000000000026;40130;0;49238;15130;16749;0;16749;15130;1619;0;1619;0,09666248731267538;0,09666248731267538;;-0,07066093498119298;3;2
2016-12-21;22;2016-12-21 22:00:00;34,57;36,1;-1,5300000000000011;40130;0;49238;14471;16048;0;16048;14471;1577;0;1577;0,09826769690927219;0,09826769690927219;;-0,04425802719120628;3;2
2016-12-21;23;2016-12-21 23:00:00;33,94;36,5;-2,5600000000000023;40130;0;49238;13770;14955;0;14955;13770;1185;0;1185;0,07923771313941826;0,07923771313941826;;-0,07542722451384803;3;2
2016-12-22;0;2016-12-22 00:00:00;34,34;35,31;-0,9699999999999988;40149;0;49306;12903;13624;0;13624;12903;721;0;721;0,05292131532589548;0,05292131532589548;;-0,028246942341292915;3;3
2016-12-22;1;2016-12-22 01:00:00;32,72;34,48;-1,759999999999998;40149;0;49306;12176;12829;0;12829;12176;653;0;653;0,050900303998752824;0,050900303998752824;;-0,053789731051344686;3;3
2016-12-22;2;2016-12-22 02:00:00;33,34;33,84;-0,5;40149;0;49306;11658;12161;0;12161;11658;503;0;503;0,041361730120878216;0,041361730120878216;;-0,014997000599880022;3;3
2016-12-22;3;2016-12-22 03:00:00;34,42;32,8;1,6200000000000043;40149;0;49306;11401;11545;0;11545;11401;144;0;144;0,012472932005197055;0,012472932005197055;;0,04706565950029065;3;3
2016-12-22;4;2016-12-22 04:00:00;34,9;32,25;2,6499999999999986;40149;0;49306;11679;11070;0;11070;11679;-609;0;-609;-0,055013550135501355;-0,055013550135501355;;0,0759312320916905;3;3
2016-12-22;5;2016-12-22 05:00:00;36,03;37,31;-1,2800000000000011;40149;0;49306;11468;10784;0;10784;11468;-684;0;-684;-0,06342729970326409;-0,06342729970326409;;-0,03552595059672498;3;3
2016-12-22;6;2016-12-22 06:00:00;41,88;38,05;3,830000000000005;40149;0;49306;10938;10480;0;10480;10938;-458;0;-458;-0,04370229007633588;-0,04370229007633588;;0,09145176695319973;3;3
2016-12-22;7;2016-12-22 07:00:00;51,84;50,15;1,6900000000000048;40149;1;49306;10283;10249;3;10252;10284;-34;2;-32;-0,0031213421771361686;-0,0033173968192018732;0,6666666666666666;0,0326003086419754;3;3
2016-12-22;8;2016-12-22 08:00:00;51,78;52,58;-0,7999999999999972;40149;179;49306;10042;10141;282;10423;10221;99;103;202;0,019380216828168473;0,009762350852973079;0,36524822695035464;-0,015449980687524085;3;3
2016-12-22;9;2016-12-22 09:00:00;50,99;54,55;-3,559999999999995;40149;1283;49306;9727;10087;1509;11596;11010;360;226;586;0,05053466712659538;0,0356895013383563;0,14976805831676607;-0,06981761129633252;3;3
2016-12-22;10;2016-12-22 10:00:00;55,62;54,49;1,1299999999999957;40149;2835;49306;9144;9911;2986;12897;11979;767;151;918;0,07117934403349616;0,07738875996367672;0,05056932350971199;0,020316432937792086;3;3
2016-12-22;11;2016-12-22 11:00:00;54,26;54,02;0,2399999999999949;40149;4089;49306;9101;9533;4039;13572;13190;432;-50;382;0,028146183318597112;0,045316269799643344;-0,012379301807378064;0,004423147806855786;3;3
2016-12-22;12;2016-12-22 12:00:00;51,4;49,42;1,9799999999999969;40149;4610;49306;9010;9233;4344;13577;13620;223;-266;-43;-0,00316712086617073;0,02415249648001733;-0,06123388581952118;0,038521400778210056;3;3
2016-12-22;13;2016-12-22 13:00:00;50,94;49,32;1,6199999999999974;40149;3921;49306;8879;9027;3719;12746;12800;148;-202;-54;-0,004236623254354307;0,016395258668439126;-0,05431567625705835;0,031802120141342705;3;3
2016-12-22;14;2016-12-22 14:00:00;50,93;48,85;2,0799999999999983;40149;2413;49306;8765;9074;2365;11439;11178;309;-48;261;0,022816679779701022;0,034053339210932336;-0,02029598308668076;0,0408403691341056;3;3
2016-12-22;15;2016-12-22 15:00:00;51,97;51,65;0,3200000000000003;40149;751;49306;8616;9354;812;10166;9367;738;61;799;0,07859531772575251;0,07889672867222579;0,07512315270935961;0,006157398499134122;3;3
2016-12-22;16;2016-12-22 16:00:00;56,7;54,66;2,0400000000000063;40149;27;49306;8993;9809;52;9861;9020;816;25;841;0,0852854680052733;0,0831889081455806;0,4807692307692308;0,03597883597883609;3;3
2016-12-22;17;2016-12-22 17:00:00;54,46;54,72;-0,259999999999998;40149;0;49306;9670;10389;0;10389;9670;719;0;719;0,0692078159591876;0,0692078159591876;;-0,004774146162320933;3;3
2016-12-22;18;2016-12-22 18:00:00;54,92;53,76;1,1600000000000037;40149;0;49306;10352;10969;0;10969;10352;617;0;617;0,05624943021241681;0,05624943021241681;;0,021121631463947625;3;3
2016-12-22;19;2016-12-22 19:00:00;51,0;49,36;1,6400000000000006;40149;0;49306;10768;11519;0;11519;10768;751;0;751;0,06519663165205312;0,06519663165205312;;0,03215686274509805;3;3
2016-12-22;20;2016-12-22 20:00:00;39,94;39,92;0,019999999999996017;40149;0;49306;11763;12032;0;12032;11763;269;0;269;0,022357047872340427;0,022357047872340427;;0,0005007511266899354;3;3
2016-12-22;21;2016-12-22 21:00:00;37,66;34,68;2,979999999999997;40149;0;49306;12826;12529;0;12529;12826;-297;0;-297;-0,02370500438981563;-0,02370500438981563;;0,07912904938927236;3;3
2016-12-22;22;2016-12-22 22:00:00;38,62;33,72;4,899999999999999;40149;0;49306;12943;12890;0;12890;12943;-53;0;-53;-0,004111714507370055;-0,004111714507370055;;0,1268772656654583;3;3
2016-12-22;23;2016-12-22 23:00:00;34,95;31,16;3,7900000000000023;40149;0;49306;13382;13159;0;13159;13382;-223;0;-223;-0,016946576487575044;-0,016946576487575044;;0,10844062947067244;3;3
2016-12-23;0;2016-12-23 00:00:00;29,02;34,09;-5,070000000000004;40189;0;49357;13613;14396;0;14396;13613;783;0;783;0,05439010836343429;0,05439010836343429;;-0,1747070985527224;3;4
2016-12-23;1;2016-12-23 01:00:00;29,58;36,06;-6,480000000000004;40189;0;49357;13922;14662;0;14662;13922;740;0;740;0,050470604283181016;0,050470604283181016;;-0,2190669371196756;3;4
2016-12-23;2;2016-12-23 02:00:00;27,58;36,7;-9,120000000000003;40189;0;49357;14470;14941;0;14941;14470;471;0;471;0,031523994377886354;0,031523994377886354;;-0,3306744017403917;3;4
2016-12-23;3;2016-12-23 03:00:00;26,78;33,77;-6,990000000000002;40189;0;49357;15200;15175;0;15175;15200;-25;0;-25;-0,0016474464579901153;-0,0016474464579901153;;-0,2610156833457805;3;4
2016-12-23;4;2016-12-23 04:00:00;29,02;33,87;-4,849999999999998;40189;0;49357;15674;15273;0;15273;15674;-401;0;-401;-0,02625548353303215;-0,02625548353303215;;-0,16712611991729834;3;4
2016-12-23;5;2016-12-23 05:00:00;30,0;34,81;-4,810000000000001;40189;0;49357;15547;15048;0;15048;15547;-499;0;-499;-0,033160552897395;-0,033160552897395;;-0,16033333333333338;3;4
2016-12-23;6;2016-12-23 06:00:00;36,3;37,59;-1,2900000000000065;40189;0;49357;15234;14562;0;14562;15234;-672;0;-672;-0,046147507210548;-0,046147507210548;;-0,03553719008264481;3;4
2016-12-23;7;2016-12-23 07:00:00;45,91;46,81;-0,9000000000000057;40189;0;49357;14261;13827;0;13827;14261;-434;0;-434;-0,031387864323425184;-0,031387864323425184;;-0,019603572206491084;3;4
2016-12-23;8;2016-12-23 08:00:00;50,91;48,02;2,889999999999993;40189;115;49357;13251;13015;135;13150;13366;-236;20;-216;-0,016425855513307986;-0,01813292354975029;0,14814814814814814;0,05676684344922399;3;4
2016-12-23;9;2016-12-23 09:00:00;51,15;44,8;6,350000000000001;40189;990;49357;12610;12498;1054;13552;13600;-112;64;-48;-0,0035419126328217238;-0,008961433829412706;0,06072106261859583;0,12414467253176933;3;4
2016-12-23;10;2016-12-23 10:00:00;50,98;46,71;4,269999999999996;40189;2117;49357;12807;12299;2415;14714;14924;-508;298;-210;-0,014272121788772598;-0,04130417107081877;0,12339544513457557;0,08375833660258918;3;4
2016-12-23;11;2016-12-23 11:00:00;48,89;45,03;3,86;40189;3181;49357;12909;12311;3420;15731;16090;-598;239;-359;-0,022821181107367618;-0,048574445617740235;0,06988304093567252;0,07895275107383923;3;4
2016-12-23;12;2016-12-23 12:00:00;45,91;40,37;5,539999999999999;40189;3838;49357;13235;12385;3726;16111;17073;-850;-112;-962;-0,05971075662590777;-0,06863140896245458;-0,030059044551798177;0,1206708778043999;3;4
2016-12-23;13;2016-12-23 13:00:00;45,12;36,02;9,099999999999994;40189;3323;49357;13140;12603;3255;15858;16463;-537;-68;-605;-0,038151090932021695;-0,04260890264222804;-0,020890937019969278;0,20168439716312045;3;4
2016-12-23;14;2016-12-23 14:00:00;44,95;34,84;10,11;40189;1978;49357;12802;13191;2098;15289;14780;389;120;509;0,03329190921577605;0,02948980365400652;0,057197330791229746;0,22491657397107895;3;4
2016-12-23;15;2016-12-23 15:00:00;44,96;36,12;8,840000000000002;40189;546;49357;13338;14175;691;14866;13884;837;145;982;0,06605677384636083;0,05904761904761905;0,2098408104196816;0,19661921708185057;3;4
2016-12-23;16;2016-12-23 16:00:00;46,96;37,74;9,22;40189;23;49357;14714;15525;38;15563;14737;811;15;826;0,05307460001285099;0,05223832528180354;0,39473684210526316;0,19633730834752983;3;4
2016-12-23;17;2016-12-23 17:00:00;48,39;38,48;9,910000000000004;40189;0;49357;16592;17351;0;17351;16592;759;0;759;0,04374387643363495;0,04374387643363495;;0,2047943790039265;3;4
2016-12-23;18;2016-12-23 18:00:00;40,84;40,44;0,4000000000000057;40189;0;49357;18086;19337;0;19337;18086;1251;0;1251;0,06469462688110876;0,06469462688110876;;0,009794319294809149;3;4
2016-12-23;19;2016-12-23 19:00:00;38,15;40,12;-1,9699999999999989;40189;0;49357;19490;21143;0;21143;19490;1653;0;1653;0,07818190417632313;0,07818190417632313;;-0,05163826998689381;3;4
2016-12-23;20;2016-12-23 20:00:00;36,28;37,77;-1,490000000000002;40189;0;49357;20934;22714;0;22714;20934;1780;0;1780;0,07836576560711456;0,07836576560711456;;-0,04106945975744217;3;4
2016-12-23;21;2016-12-23 21:00:00;33,0;35,87;-2,869999999999997;40189;0;49357;22486;24312;0;24312;22486;1826;0;1826;0,0751069430733794;0,0751069430733794;;-0,08696969696969688;3;4
2016-12-23;22;2016-12-23 22:00:00;27,57;32,98;-5,4099999999999975;40189;0;49357;23391;25997;0;25997;23391;2606;0;2606;0,10024233565411393;0,10024233565411393;;-0,1962277838229959;3;4
2016-12-23;23;2016-12-23 23:00:00;7,82;18,97;-11,15;40189;0;49357;25115;27731;0;27731;25115;2616;0;2616;0,09433485990407847;0,09433485990407847;;-1,4258312020460358;3;4
2016-12-24;0;2016-12-24 00:00:00;10,38;16,12;-5,74;40189;0;49357;26088;28922;0;28922;26088;2834;0;2834;0,09798769103104903;0,09798769103104903;;-0,5529865125240847;3;5
2016-12-24;1;2016-12-24 01:00:00;3,71;14,16;-10,45;40189;0;49357;27095;29610;0;29610;27095;2515;0;2515;0,08493752110773388;0,08493752110773388;;-2,816711590296496;3;5
2016-12-24;2;2016-12-24 02:00:00;-7,62;12,68;-20,3;40189;0;49357;27197;29709;0;29709;27197;2512;0;2512;0,08455350230569861;0,08455350230569861;;2,664041994750656;3;5
2016-12-24;3;2016-12-24 03:00:00;-2,57;12,32;-14,89;40189;0;49357;26802;29054;0;29054;26802;2252;0;2252;0,07751084188063606;0,07751084188063606;;5,793774319066149;3;5
2016-12-24;4;2016-12-24 04:00:00;8,47;17,2;-8,729999999999999;40189;0;49357;26380;27847;0;27847;26380;1467;0;1467;0,05268071964664057;0,05268071964664057;;-1,0306965761511213;3;5
2016-12-24;5;2016-12-24 05:00:00;8,59;16,83;-8,239999999999998;40189;0;49357;25322;26764;0;26764;25322;1442;0;1442;0,05387834404423853;0,05387834404423853;;-0,9592549476135039;3;5
2016-12-24;6;2016-12-24 06:00:00;3,97;14,39;-10,42;40189;0;49357;25228;25714;0;25714;25228;486;0;486;0,01890021000233336;0,01890021000233336;;-2,624685138539043;3;5
2016-12-24;7;2016-12-24 07:00:00;8,69;16,37;-7,6800000000000015;40189;0;49357;25244;24831;0;24831;25244;-413;0;-413;-0,016632435262373645;-0,016632435262373645;;-0,8837744533947067;3;5
2016-12-24;8;2016-12-24 08:00:00;15,99;20,36;-4,369999999999999;40189;82;49357;24554;24316;117;24433;24636;-238;35;-203;-0,008308435312896493;-0,009787794045073203;0,29914529914529914;-0,2732958098811757;3;5
2016-12-24;9;2016-12-24 09:00:00;20,36;26,31;-5,949999999999998;40189;664;49357;23896;24275;774;25049;24560;379;110;489;0,019521737394706376;0,015612770339855819;0,1421188630490956;-0,29223968565815317;3;5
2016-12-24;10;2016-12-24 10:00:00;21,0;30,85;-9,85;40189;1738;49357;24423;24580;1825;26405;26161;157;87;244;0,009240674114750994;0,006387306753458096;0,04767123287671233;-0,46904761904761905;3;5
2016-12-24;11;2016-12-24 11:00:00;20,02;33,05;-13,029999999999998;40189;2656;49357;26403;25259;2682;27941;29059;-1144;26;-1118;-0,040012884291900794;-0,04529078744209985;0,009694258016405667;-0,6508491508491507;3;5
2016-12-24;12;2016-12-24 12:00:00;18,04;20,27;-2,2300000000000004;40189;2726;49357;27500;26137;3074;29211;30226;-1363;348;-1015;-0,03474718427989456;-0,05214829551976126;0,11320754716981132;-0,12361419068736144;3;5
2016-12-24;13;2016-12-24 13:00:00;15,3;13,94;1,3600000000000012;40189;2661;49357;28597;27017;2811;29828;31258;-1580;150;-1430;-0,04794153144696259;-0,05848169670947922;0,05336179295624333;0,08888888888888896;3;5
2016-12-24;14;2016-12-24 14:00:00;10,41;13,91;-3,5;40189;1726;49357;28474;27838;1880;29718;30200;-636;154;-482;-0,016219126455346927;-0,02284646885552123;0,08191489361702127;-0,33621517771373677;3;5
2016-12-24;15;2016-12-24 15:00:00;10,51;13,94;-3,43;40189;565;49357;29033;28479;633;29112;29598;-554;68;-486;-0,01669414674361088;-0,01945293022929176;0,10742496050552923;-0,3263558515699334;3;5
2016-12-24;16;2016-12-24 16:00:00;13,79;23,52;-9,73;40189;25;49357;30118;29217;30;29247;30143;-901;5;-896;-0,030635620747427088;-0,030838210630797138;0,16666666666666666;-0,7055837563451778;3;5
2016-12-24;17;2016-12-24 17:00:00;13,69;27,74;-14,05;40189;0;49357;30702;30061;0;30061;30702;-641;0;-641;-0,021323309271148665;-0,021323309271148665;;-1,0262965668371076;3;5
2016-12-24;18;2016-12-24 18:00:00;8,67;20,71;-12,04;40189;0;49357;31582;30773;0;30773;31582;-809;0;-809;-0,0262892795632535;-0,0262892795632535;;-1,3886966551326412;3;5
2016-12-24;19;2016-12-24 19:00:00;2,16;14,58;-12,42;40189;0;49357;32264;31336;0;31336;32264;-928;0;-928;-0,029614500893540976;-0,029614500893540976;;-5,75;3;5
2016-12-24;20;2016-12-24 20:00:00;2,93;7,71;-4,7799999999999985;40189;0;49357;32830;31885;0;31885;32830;-945;0;-945;-0,029637760702524697;-0,029637760702524697;;-1,6313993174061427;3;5
2016-12-24;21;2016-12-24 21:00:00;0,11;-0,12;0,23;40189;0;49357;32529;32161;0;32161;32529;-368;0;-368;-0,011442430272690526;-0,011442430272690526;;2,090909090909091;3;5
2016-12-24;22;2016-12-24 22:00:00;8,31;0,86;7,45;40189;0;49357;31862;32121;0;32121;31862;259;0;259;0,008063260795118458;0,008063260795118458;;0,8965102286401925;3;5
2016-12-24;23;2016-12-24 23:00:00;-12,05;-1,77;-10,28;40189;0;49357;31904;31925;0;31925;31904;21;0;21;0,0006577916992952232;0,0006577916992952232;;0,8531120331950206;3;5
2016-12-25;0;2016-12-25 00:00:00;-18,07;-2,49;-15,58;40189;0;49357;31570;31558;0;31558;31570;-12;0;-12;-0,00038025223398187465;-0,00038025223398187465;;0,862202545655783;3;6
2016-12-25;1;2016-12-25 01:00:00;-36,1;-7,5;-28,6;40189;0;49357;30847;31223;0;31223;30847;376;0;376;0,012042404637606892;0,012042404637606892;;0,7922437673130194;3;6
2016-12-25;2;2016-12-25 02:00:00;-38,78;-11,93;-26,85;40189;0;49357;29627;30718;0;30718;29627;1091;0;1091;0,03551663519760401;0,03551663519760401;;0,6923671995874162;3;6
2016-12-25;3;2016-12-25 03:00:00;-26,87;-8,81;-18,06;40189;0;49357;28783;30263;0;30263;28783;1480;0;1480;0,04890460298053729;0,04890460298053729;;0,6721250465202828;3;6
2016-12-25;4;2016-12-25 04:00:00;-15,06;1,74;-16,8;40189;0;49357;28570;30026;0;30026;28570;1456;0;1456;0,048491307533470994;0,048491307533470994;;1,1155378486055778;3;6
2016-12-25;5;2016-12-25 05:00:00;-12,1;3,71;-15,81;40189;0;49357;27767;29903;0;29903;27767;2136;0;2136;0,07143096010433736;0,07143096010433736;;1,306611570247934;3;6
2016-12-25;6;2016-12-25 06:00:00;-30,07;5,24;-35,31;40189;0;49357;27758;29912;0;29912;27758;2154;0;2154;0,07201123294998663;0,07201123294998663;;1,1742600598603259;3;6
2016-12-25;7;2016-12-25 07:00:00;-4,02;11,46;-15,48;40189;0;49357;28512;30035;0;30035;28512;1523;0;1523;0,050707507907441315;0,050707507907441315;;3,850746268656717;3;6
2016-12-25;8;2016-12-25 08:00:00;0,1;8,23;-8,13;40189;46;49357;29246;30418;63;30481;29292;1172;17;1189;0,03900790656474525;0,038529817870997435;0,2698412698412698;-81,3;3;6
2016-12-25;9;2016-12-25 09:00:00;10,6;14,2;-3,6;40189;309;49357;29832;30736;344;31080;30141;904;35;939;0,030212355212355213;0,029411764705882353;0,10174418604651163;-0,339622641509434;3;6
2016-12-25;10;2016-12-25 10:00:00;13,49;16,32;-2,83;40189;770;49357;30990;31019;760;31779;31760;29;-10;19;0,0005978791025519997;0,0009349108610851414;-0,013157894736842105;-0,20978502594514456;3;6
2016-12-25;11;2016-12-25 11:00:00;13,67;16,47;-2,799999999999999;40189;1208;49357;31708;31266;1145;32411;32916;-442;-63;-505;-0,01558112986331801;-0,014136761977867332;-0,05502183406113537;-0,20482809070958294;3;6
2016-12-25;12;2016-12-25 12:00:00;8,76;12,55;-3,7900000000000014;40189;1438;49357;32501;31424;1290;32714;33939;-1077;-148;-1225;-0,03744574188420859;-0,03427316700610998;-0,11472868217054263;-0,4326484018264842;3;6
2016-12-25;13;2016-12-25 13:00:00;0,13;-2,21;2,34;40189;1415;49357;32384;31321;1154;32475;33799;-1063;-261;-1324;-0,040769822940723635;-0,0339388908400115;-0,22616984402079723;18,0;3;6
2016-12-25;14;2016-12-25 14:00:00;-0,1;-5,1;5,0;40189;1036;49357;31931;31042;763;31805;32967;-889;-273;-1162;-0,03653513598490803;-0,028638618645705816;-0,3577981651376147;-50,0;3;6
2016-12-25;15;2016-12-25 15:00:00;0,08;-2,04;2,12;40189;364;49357;31505;30753;294;31047;31869;-752;-70;-822;-0,026475988018166006;-0,02445289890417195;-0,23809523809523808;26,5;3;6
2016-12-25;16;2016-12-25 16:00:00;8,67;2,07;6,6;40189;22;49357;31088;30446;30;30476;31110;-642;8;-634;-0,020803255020343876;-0,021086513827760625;0,26666666666666666;0,7612456747404844;3;6
2016-12-25;17;2016-12-25 17:00:00;13,63;5,84;7,790000000000001;40189;0;49357;30436;30151;0;30151;30436;-285;0;-285;-0,009452422805213757;-0,009452422805213757;;0,5715333822450477;3;6
2016-12-25;18;2016-12-25 18:00:00;10,7;3,43;7,27;40189;0;49357;29885;29960;0;29960;29885;75;0;75;0,0025033377837116156;0,0025033377837116156;;0,6794392523364486;3;6
2016-12-25;19;2016-12-25 19:00:00;8,98;1,17;7,81;40189;0;49357;30108;29783;0;29783;30108;-325;0;-325;-0,010912265386294195;-0,010912265386294195;;0,8697104677060132;3;6
2016-12-25;20;2016-12-25 20:00:00;10,67;-1,36;12,03;40189;0;49357;29968;29496;0;29496;29968;-472;0;-472;-0,01600216978573366;-0,01600216978573366;;1,127460168697282;3;6
2016-12-25;21;2016-12-25 21:00:00;9,94;-3,64;13,58;40189;0;49357;29711;29373;0;29373;29711;-338;0;-338;-0,011507166445375003;-0,011507166445375003;;1,3661971830985917;3;6
2016-12-25;22;2016-12-25 22:00:00;10,02;-1,76;11,78;40189;0;49357;29131;29343;0;29343;29131;212;0;212;0,0072248917970214365;0,0072248917970214365;;1,1756487025948104;3;6
2016-12-25;23;2016-12-25 23:00:00;-2,95;-13,34;10,39;40189;0;49357;28970;29395;0;29395;28970;425;0;425;0,014458241197482565;0,014458241197482565;;-3,5220338983050845;3;6
2016-12-26;0;2016-12-26 00:00:00;0,04;-22,99;23,03;40189;0;49357;28520;28649;0;28649;28520;129;0;129;0,004502774965967398;0,004502774965967398;;575,75;3;0
2016-12-26;1;2016-12-26 01:00:00;-9,92;-23,0;13,08;40189;0;49357;27718;28581;0;28581;27718;863;0;863;0,03019488471362094;0,03019488471362094;;-1,3185483870967742;3;0
2016-12-26;2;2016-12-26 02:00:00;-14,9;-33,45;18,550000000000004;40189;0;49357;27836;28661;0;28661;27836;825;0;825;0,02878475977809567;0,02878475977809567;;-1,2449664429530203;3;0
2016-12-26;3;2016-12-26 03:00:00;-16,09;-33,42;17,330000000000002;40189;0;49357;27875;28842;0;28842;27875;967;0;967;0,033527494625892794;0,033527494625892794;;-1,0770665009322562;3;0
2016-12-26;4;2016-12-26 04:00:00;-15,05;-29,66;14,61;40189;0;49357;27535;29077;0;29077;27535;1542;0;1542;0,05303160573649276;0,05303160573649276;;-0,9707641196013288;3;0
2016-12-26;5;2016-12-26 05:00:00;-51,49;-38,66;-12,830000000000005;40189;0;49357;26929;29350;0;29350;26929;2421;0;2421;0,08248722316865417;0,08248722316865417;;0,24917459700912808;3;0
2016-12-26;6;2016-12-26 06:00:00;-67,07;-39,8;-27,27;40189;0;49357;27396;29620;0;29620;27396;2224;0;2224;0,07508440243079001;0,07508440243079001;;0,40659012971522296;3;0
2016-12-26;7;2016-12-26 07:00:00;-67,09;-38,44;-28,65000000000001;40189;0;49357;28042;29947;0;29947;28042;1905;0;1905;0,06361238187464521;0,06361238187464521;;0,4270383067521241;3;0
2016-12-26;8;2016-12-26 08:00:00;-54,2;-12,29;-41,91;40189;79;49357;29038;30312;116;30428;29117;1274;37;1311;0,04308531615617195;0,04202955925046186;0,31896551724137934;0,7732472324723246;3;0
2016-12-26;9;2016-12-26 09:00:00;-3,08;0,2;-3,28;40189;800;49357;29403;30507;666;31173;30203;1104;-134;970;0,03111667147852308;0,03618841577342905;-0,2012012012012012;1,0649350649350648;3;0
2016-12-26;10;2016-12-26 10:00:00;0,11;2,37;-2,26;40189;2140;49357;30247;30780;1461;32241;32387;533;-679;-146;-0,0045283955212307315;0,017316439246263807;-0,4647501711156742;-20,545454545454543;3;0
2016-12-26;11;2016-12-26 11:00:00;5,87;6,31;-0,4399999999999995;40189;3352;49357;31372;31261;2022;33283;34724;-111;-1330;-1441;-0,04329537601778686;-0,003550750135952145;-0,6577645895153313;-0,0749574105621805;3;0
2016-12-26;12;2016-12-26 12:00:00;1,05;1,21;-0,15999999999999992;40189;3569;49357;32187;31741;2246;33987;35756;-446;-1323;-1769;-0,052049312972607176;-0,01405122711949844;-0,5890471950133571;-0,1523809523809523;3;0
2016-12-26;13;2016-12-26 13:00:00;-6,71;-2,42;-4,29;40189;2998;49357;32538;31798;2068;33866;35536;-740;-930;-1670;-0,04931199433059706;-0,023271903893326625;-0,4497098646034816;0,639344262295082;3;0
2016-12-26;14;2016-12-26 14:00:00;-13,31;-1,45;-11,86;40189;1826;49357;31271;31052;1458;32510;33097;-219;-368;-587;-0,018055982774530913;-0,007052685817338658;-0,252400548696845;0,8910593538692712;3;0
2016-12-26;15;2016-12-26 15:00:00;-6,74;2,28;-9,02;40189;661;49357;30592;30439;538;30977;31253;-153;-123;-276;-0,008909836330180457;-0,005026446335293538;-0,22862453531598512;1,3382789317507418;3;0
2016-12-26;16;2016-12-26 16:00:00;-2,98;4,09;-7,07;40189;38;49357;30776;30128;30;30158;30814;-648;-8;-656;-0,021752105577292923;-0,021508231545406268;-0,26666666666666666;2,3724832214765104;3;0
2016-12-26;17;2016-12-26 17:00:00;8,78;13,22;-4,440000000000001;40189;0;49357;30867;30047;0;30047;30867;-820;0;-820;-0,0272905780943189;-0,0272905780943189;;-0,5056947608200457;3;0
2016-12-26;18;2016-12-26 18:00:00;9,68;13,51;-3,83;40189;0;49357;30931;30244;0;30244;30931;-687;0;-687;-0,0227152493056474;-0,0227152493056474;;-0,39566115702479343;3;0
2016-12-26;19;2016-12-26 19:00:00;10,69;21,25;-10,56;40189;0;49357;31073;30478;0;30478;31073;-595;0;-595;-0,019522278364722093;-0,019522278364722093;;-0,9878391019644529;3;0
2016-12-26;20;2016-12-26 20:00:00;8,32;13,25;-4,93;40189;0;49357;31327;30971;0;30971;31327;-356;0;-356;-0,011494624003099673;-0,011494624003099673;;-0,5925480769230769;3;0
2016-12-26;21;2016-12-26 21:00:00;-0,91;7,2;-8,11;40189;0;49357;31336;31432;0;31432;31336;96;0;96;0,003054212267752609;0,003054212267752609;;8,91208791208791;3;0
2016-12-26;22;2016-12-26 22:00:00;4,39;7,38;-2,99;40189;0;49357;30586;31798;0;31798;30586;1212;0;1212;0,03811560475501604;0,03811560475501604;;-0,6810933940774488;3;0
2016-12-26;23;2016-12-26 23:00:00;-13,34;-0,07;-13,27;40189;0;49357;30674;32091;0;32091;30674;1417;0;1417;0,04415568227852046;0,04415568227852046;;0,9947526236881559;3;0
2016-12-27;0;2016-12-27 00:00:00;-13,0;-2,09;-10,91;40194;0;49381;30611;31804;0;31804;30611;1193;0;1193;0,03751100490504339;0,03751100490504339;;0,8392307692307692;3;1
2016-12-27;1;2016-12-27 01:00:00;-24,92;-9,83;-15,090000000000002;40194;0;49381;30854;31995;0;31995;30854;1141;0;1141;0,035661822159712454;0,035661822159712454;;0,6055377207062601;3;1
2016-12-27;2;2016-12-27 02:00:00;-49,98;-25,4;-24,58;40194;0;49381;30788;32554;0;32554;30788;1766;0;1766;0,05424832585857345;0,05424832585857345;;0,491796718687475;3;1
2016-12-27;3;2016-12-27 03:00:00;-53,62;-32,23;-21,39;40194;0;49381;30681;32591;0;32591;30681;1910;0;1910;0,0586051363873462;0,0586051363873462;;0,39891831406191725;3;1
2016-12-27;4;2016-12-27 04:00:00;-50,19;-39,51;-10,68;40194;0;49381;30741;32501;0;32501;30741;1760;0;1760;0,05415217993292514;0,05415217993292514;;0,2127913927077107;3;1
2016-12-27;5;2016-12-27 05:00:00;-23,36;-25,11;1,75;40194;0;49381;30184;32244;0;32244;30184;2060;0;2060;0,0638878551048257;0,0638878551048257;;-0,07491438356164384;3;1
2016-12-27;6;2016-12-27 06:00:00;-12,15;-1,82;-10,33;40194;0;49381;30122;31962;0;31962;30122;1840;0;1840;0,057568362430386086;0,057568362430386086;;0,8502057613168724;3;1
2016-12-27;7;2016-12-27 07:00:00;8,77;19,65;-10,88;40194;1;49381;30286;31573;2;31575;30287;1287;1;1288;0,04079176563737134;0,040762676970829505;0,5;-1,2405929304446979;3;1
2016-12-27;8;2016-12-27 08:00:00;13,7;25,71;-12,010000000000002;40194;166;49381;30087;31020;206;31226;30253;933;40;973;0,03115993082687504;0,030077369439071567;0,1941747572815534;-0,8766423357664235;3;1
2016-12-27;9;2016-12-27 09:00:00;12,17;27,87;-15,7;40194;1418;49381;29764;30508;1385;31893;31182;744;-33;711;0,022293293199134607;0,02438704602071588;-0,023826714801444042;-1,2900575184880854;3;1
2016-12-27;10;2016-12-27 10:00:00;10,63;28,45;-17,82;40194;3410;49381;29632;30097;3173;33270;33042;465;-237;228;0,006853020739404869;0,015450044854968934;-0,07469271982351088;-1,676387582314205;3;1
2016-12-27;11;2016-12-27 11:00:00;10,64;29,35;-18,71;40194;5022;49381;29492;29578;4406;33984;34514;86;-616;-530;-0,015595574387947269;0,0029075664345121375;-0,1398093508851566;-1,7584586466165413;3;1
2016-12-27;12;2016-12-27 12:00:00;10,68;27,39;-16,71;40194;5410;49381;28862;29032;4659;33691;34272;170;-751;-581;-0,01724496156243507;0,0058556076054009365;-0,16119338913930029;-1,5646067415730338;3;1
2016-12-27;13;2016-12-27 13:00:00;13,75;29,01;-15,260000000000002;40194;4389;49381;28293;28423;3900;32323;32682;130;-489;-359;-0,01110664232899174;0,004573760686767759;-0,12538461538461537;-1,109818181818182;3;1
2016-12-27;14;2016-12-27 14:00:00;13,76;32,49;-18,730000000000004;40194;2654;49381;26973;27656;2492;30148;29627;683;-162;521;0,017281411702268806;0,024696268440844663;-0,06500802568218299;-1,3611918604651165;3;1
2016-12-27;15;2016-12-27 15:00:00;21,04;38,12;-17,08;40194;915;49381;25522;26688;920;27608;26437;1166;5;1171;0,042415241958852504;0,043690047961630694;0,005434782608695652;-0,811787072243346;3;1
2016-12-27;16;2016-12-27 16:00:00;29,58;48,02;-18,440000000000005;40194;63;49381;24645;25747;76;25823;24708;1102;13;1115;0,043178561747279555;0,04280110304113101;0,17105263157894737;-0,6233941852603112;3;1
2016-12-27;17;2016-12-27 17:00:00;29,76;49,68;-19,92;40194;0;49381;24266;25002;0;25002;24266;736;0;736;0,02943764498840093;0,02943764498840093;;-0,6693548387096775;3;1
2016-12-27;18;2016-12-27 18:00:00;29,69;54,89;-25,2;40194;0;49381;23514;24394;0;24394;23514;880;0;880;0,036074444535541525;0,036074444535541525;;-0,8487706298416975;3;1
2016-12-27;19;2016-12-27 19:00:00;29,45;51,05;-21,6;40194;0;49381;23032;23813;0;23813;23032;781;0;781;0,032797211607105366;0,032797211607105366;;-0,733446519524618;3;1
2016-12-27;20;2016-12-27 20:00:00;31,91;50,49;-18,58;40194;0;49381;22002;23252;0;23252;22002;1250;0;1250;0,053758816445897126;0,053758816445897126;;-0,582262613600752;3;1
2016-12-27;21;2016-12-27 21:00:00;28,5;47,37;-18,87;40194;0;49381;20840;22710;0;22710;20840;1870;0;1870;0,08234258036107442;0,08234258036107442;;-0,6621052631578948;3;1
2016-12-27;22;2016-12-27 22:00:00;27,01;45,56;-18,55;40194;0;49381;20409;22093;0;22093;20409;1684;0;1684;0,07622323812972434;0,07622323812972434;;-0,686782673084043;3;1
2016-12-27;23;2016-12-27 23:00:00;13,71;35,48;-21,77;40194;0;49381;20225;21300;0;21300;20225;1075;0;1075;0,05046948356807512;0,05046948356807512;;-1,587892049598833;3;1
2016-12-28;0;2016-12-28 00:00:00;21,8;28,8;-7,0;40194;0;49434;19681;18283;0;18283;19681;-1398;0;-1398;-0,07646447519553684;-0,07646447519553684;;-0,3211009174311926;3;2
2016-12-28;1;2016-12-28 01:00:00;21,28;26,31;-5,0299999999999985;40194;0;49434;19099;17681;0;17681;19099;-1418;0;-1418;-0,08019908376223064;-0,08019908376223064;;-0,23637218045112773;3;2
2016-12-28;2;2016-12-28 02:00:00;22,1;21,21;0,8900000000000006;40194;0;49434;18198;16956;0;16956;18198;-1242;0;-1242;-0,0732484076433121;-0,0732484076433121;;0,04027149321266971;3;2
2016-12-28;3;2016-12-28 03:00:00;20,28;20,19;0,08999999999999986;40194;0;49434;17324;16157;0;16157;17324;-1167;0;-1167;-0,07222875533824348;-0,07222875533824348;;0,0044378698224852;3;2
2016-12-28;4;2016-12-28 04:00:00;23,01;26,23;-3,219999999999999;40194;0;49434;16279;15327;0;15327;16279;-952;0;-952;-0,06211261173093234;-0,06211261173093234;;-0,13993915688830938;3;2
2016-12-28;5;2016-12-28 05:00:00;28,09;30,86;-2,77;40194;0;49434;15285;14382;0;14382;15285;-903;0;-903;-0,06278681685440134;-0,06278681685440134;;-0,09861160555357779;3;2
2016-12-28;6;2016-12-28 06:00:00;30,0;36,4;-6,399999999999999;40194;0;49434;14704;13351;0;13351;14704;-1353;0;-1353;-0,10134072354130777;-0,10134072354130777;;-0,2133333333333333;3;2
2016-12-28;7;2016-12-28 07:00:00;32,07;40,06;-7,990000000000002;40194;1;49434;13526;12264;2;12266;13527;-1262;1;-1261;-0,1028045002445785;-0,10290280495759947;0,5;-0,2491425007795448;3;2
2016-12-28;8;2016-12-28 08:00:00;40,06;43,18;-3,119999999999997;40194;109;49434;12351;11310;169;11479;12460;-1041;60;-981;-0,0854604059587072;-0,09204244031830239;0,35502958579881655;-0,0778831752371442;3;2
2016-12-28;9;2016-12-28 09:00:00;45,57;43,78;1,7899999999999991;40194;1075;49434;10871;10637;1061;11698;11946;-234;-14;-248;-0,021200205163275775;-0,02199868383942841;-0,013195098963242224;0,039280228220320366;3;2
2016-12-28;10;2016-12-28 10:00:00;45,46;46,32;-0,8599999999999994;40194;2694;49434;9578;10115;2370;12485;12272;537;-324;213;0,017060472567080497;0,05308947108255067;-0,13670886075949368;-0,018917729872415297;3;2
2016-12-28;11;2016-12-28 11:00:00;43,93;45,75;-1,8200000000000005;40194;3870;49434;8012;9572;3363;12935;11882;1560;-507;1053;0,0814070351758794;0,162975344755537;-0,15075825156110614;-0,041429547006601425;3;2
2016-12-28;12;2016-12-28 12:00:00;44,4;45,83;-1,4299999999999995;40194;4283;49434;7227;8963;3618;12581;11510;1736;-665;1071;0,08512836817423099;0,1936851500613634;-0,1838032061912659;-0,0322072072072072;3;2
2016-12-28;13;2016-12-28 13:00:00;45,82;49,1;-3,280000000000001;40194;3798;49434;6587;8239;3156;11395;10385;1652;-642;1010;0,088635366388767;0,20050977060322855;-0,20342205323193915;-0,07158446093408995;3;2
2016-12-28;14;2016-12-28 14:00:00;50,77;50,52;0,25;40194;2591;49434;6024;7329;2121;9450;8615;1305;-470;835;0,08835978835978836;0,17805976258698322;-0,2215935879302216;0,004924167815639157;3;2
2016-12-28;15;2016-12-28 15:00:00;51,6;52,85;-1,25;40194;960;49434;5322;6344;841;7185;6282;1022;-119;903;0,125678496868476;0,16109709962168978;-0,14149821640903687;-0,024224806201550386;3;2
2016-12-28;16;2016-12-28 16:00:00;55,2;57,79;-2,5899999999999963;40194;69;49434;4595;5605;75;5680;4664;1010;6;1016;0,17887323943661973;0,1801962533452275;0,08;-0,04692028985507239;3;2
2016-12-28;17;2016-12-28 17:00:00;62,8;64,47;-1,6700000000000017;40194;0;49434;4205;5222;0;5222;4205;1017;0;1017;0,19475296821141325;0,19475296821141325;;-0,026592356687898118;3;2
2016-12-28;18;2016-12-28 18:00:00;63,7;62,74;0,9600000000000009;40194;0;49434;3594;4935;0;4935;3594;1341;0;1341;0,27173252279635257;0,27173252279635257;;0,015070643642072227;3;2
2016-12-28;19;2016-12-28 19:00:00;59,82;58,79;1,0300000000000011;40194;0;49434;3310;4606;0;4606;3310;1296;0;1296;0,28137212331741207;0,28137212331741207;;0,01721832163156137;3;2
2016-12-28;20;2016-12-28 20:00:00;49,95;51,9;-1,949999999999996;40194;0;49434;3362;4204;0;4204;3362;842;0;842;0,20028544243577545;0,20028544243577545;;-0,03903903903903896;3;2
2016-12-28;21;2016-12-28 21:00:00;50,0;51,1;-1,1000000000000014;40194;0;49434;3378;3903;0;3903;3378;525;0;525;0,1345119139123751;0,1345119139123751;;-0,02200000000000003;3;2
2016-12-28;22;2016-12-28 22:00:00;45,64;48,36;-2,719999999999999;40194;0;49434;3387;3746;0;3746;3387;359;0;359;0,09583555792845702;0,09583555792845702;;-0,05959684487291847;3;2
2016-12-28;23;2016-12-28 23:00:00;37,92;40,99;-3,0700000000000003;40194;0;49434;4053;3767;0;3767;4053;-286;0;-286;-0,07592248473586408;-0,07592248473586408;;-0,08095991561181436;3;2
2016-12-29;0;2016-12-29 00:00:00;42,28;39,38;2,8999999999999986;40217;0;49486;4719;4127;0;4127;4719;-592;0;-592;-0,14344560213229948;-0,14344560213229948;;0,06859035004730366;3;3
2016-12-29;1;2016-12-29 01:00:00;39,3;36,5;2,799999999999997;40217;0;49486;5050;4372;0;4372;5050;-678;0;-678;-0,15507776761207684;-0,15507776761207684;;0,07124681933842232;3;3
2016-12-29;2;2016-12-29 02:00:00;36,83;37,46;-0,6300000000000026;40217;0;49486;5243;4593;0;4593;5243;-650;0;-650;-0,14151970389723492;-0,14151970389723492;;-0,017105620418137457;3;3
2016-12-29;3;2016-12-29 03:00:00;34,11;36,38;-2,270000000000003;40217;0;49486;5244;4774;0;4774;5244;-470;0;-470;-0,09844993715961457;-0,09844993715961457;;-0,06654939900322496;3;3
2016-12-29;4;2016-12-29 04:00:00;34,99;35,68;-0,6899999999999977;40217;0;49486;5023;4893;0;4893;5023;-130;0;-130;-0,02656856734109953;-0,02656856734109953;;-0,01971991997713626;3;3
2016-12-29;5;2016-12-29 05:00:00;37,64;36,68;0,9600000000000009;40217;0;49486;5150;4976;0;4976;5150;-174;0;-174;-0,034967845659163985;-0,034967845659163985;;0,02550478214665252;3;3
2016-12-29;6;2016-12-29 06:00:00;41,05;39,36;1,6899999999999975;40217;0;49486;5926;5139;0;5139;5926;-787;0;-787;-0,15314263475384315;-0,15314263475384315;;0,04116930572472589;3;3
2016-12-29;7;2016-12-29 07:00:00;49,3;48,82;0,4799999999999969;40217;1;49486;6436;5252;3;5255;6437;-1184;2;-1182;-0,22492863939105615;-0,22543792840822544;0,6666666666666666;0,009736308316429958;3;3
2016-12-29;8;2016-12-29 08:00:00;53,38;45,57;7,810000000000002;40217;238;49486;6814;5352;338;5690;7052;-1462;100;-1362;-0,23936731107205625;-0,273168908819133;0,2958579881656805;0,14630947920569506;3;3
2016-12-29;9;2016-12-29 09:00:00;54,01;45,91;8,100000000000001;40217;2460;49486;6899;5487;2422;7909;9359;-1412;-38;-1450;-0,18333544063724871;-0,2573355203207582;-0,01568951279933939;0,14997222736530275;3;3
2016-12-29;10;2016-12-29 10:00:00;51,14;41,8;9,340000000000003;40217;5778;49486;6488;5517;5352;10869;12266;-971;-426;-1397;-0,12853068359554698;-0,17600145006344028;-0,0795964125560538;0,18263590144700828;3;3
2016-12-29;11;2016-12-29 11:00:00;50,96;41,95;9,009999999999998;40217;8388;49486;6242;5073;7488;12561;14630;-1169;-900;-2069;-0,16471618501711646;-0,23043563966095013;-0,1201923076923077;0,17680533751962318;3;3
2016-12-29;12;2016-12-29 12:00:00;47,09;39,62;7,470000000000006;40217;9310;49486;6048;4999;8292;13291;15358;-1049;-1018;-2067;-0,155518772101422;-0,20984196839367875;-0,12276893391220453;0,15863240603100456;3;3
2016-12-29;13;2016-12-29 13:00:00;46,62;37,94;8,68;40217;8471;49486;5932;5141;7508;12649;14403;-791;-963;-1754;-0,1386670883073761;-0,15386111651429682;-0,12826318593500266;0,18618618618618618;3;3
2016-12-29;14;2016-12-29 14:00:00;49,6;40,54;9,060000000000002;40217;5844;49486;5786;5233;5183;10416;11630;-553;-661;-1214;-0,11655145929339478;-0,1056755207338047;-0,12753231719081612;0,1826612903225807;3;3
2016-12-29;15;2016-12-29 15:00:00;51,63;47,36;4,270000000000003;40217;2286;49486;5776;5409;2045;7454;8062;-367;-241;-608;-0,08156694392272605;-0,06784987982991311;-0,1178484107579462;0,0827038543482472;3;3
2016-12-29;16;2016-12-29 16:00:00;54,43;51,33;3,1000000000000014;40217;134;49486;6642;6174;138;6312;6776;-468;4;-464;-0,07351077313054499;-0,07580174927113703;0,028985507246376812;0,05695388572478415;3;3
2016-12-29;17;2016-12-29 17:00:00;63,95;56,19;7,760000000000005;40217;0;49486;8148;7230;0;7230;8148;-918;0;-918;-0,12697095435684647;-0,12697095435684647;;0,12134480062548873;3;3
2016-12-29;18;2016-12-29 18:00:00;57,2;49,2;8,0;40217;0;49486;9106;8092;0;8092;9106;-1014;0;-1014;-0,12530894710825508;-0,12530894710825508;;0,13986013986013984;3;3
2016-12-29;19;2016-12-29 19:00:00;54,02;46,65;7,370000000000003;40217;0;49486;9396;8559;0;8559;9396;-837;0;-837;-0,09779179810725552;-0,09779179810725552;;0,1364309514994447;3;3
2016-12-29;20;2016-12-29 20:00:00;47,98;41,82;6,1599999999999975;40217;0;49486;9516;8441;0;8441;9516;-1075;0;-1075;-0,1273545788413695;-0,1273545788413695;;0,12838682784493535;3;3
2016-12-29;21;2016-12-29 21:00:00;42,93;42,01;0,9200000000000016;40217;0;49486;9528;8262;0;8262;9528;-1266;0;-1266;-0,1532316630355846;-0,1532316630355846;;0,021430235266713293;3;3
2016-12-29;22;2016-12-29 22:00:00;38,04;38,65;-0,6099999999999994;40217;0;49486;9128;8191;0;8191;9128;-937;0;-937;-0,11439384690513979;-0,11439384690513979;;-0,01603575184016823;3;3
2016-12-29;23;2016-12-29 23:00:00;36,03;36,99;-0,9600000000000009;40217;0;49486;9211;8203;0;8203;9211;-1008;0;-1008;-0,12288187248567597;-0,12288187248567597;;-0,026644462947543735;3;3
2016-12-30;0;2016-12-30 00:00:00;36,01;39,47;-3,4600000000000013;40260;0;49528;8966;7998;0;7998;8966;-968;0;-968;-0,12103025756439109;-0,12103025756439109;;-0,09608442099416833;3;4
2016-12-30;1;2016-12-30 01:00:00;35,96;38,45;-2,490000000000002;40260;0;49528;8986;7922;0;7922;8986;-1064;0;-1064;-0,13430951779853573;-0,13430951779853573;;-0,06924360400444944;3;4
2016-12-30;2;2016-12-30 02:00:00;32,06;35,31;-3,25;40260;0;49528;8860;8130;0;8130;8860;-730;0;-730;-0,0897908979089791;-0,0897908979089791;;-0,10137242669993761;3;4
2016-12-30;3;2016-12-30 03:00:00;32,54;33,45;-0,9100000000000036;40260;0;49528;8900;8513;0;8513;8900;-387;0;-387;-0,04545988488194526;-0,04545988488194526;;-0,027965580823601833;3;4
2016-12-30;4;2016-12-30 04:00:00;33,09;34,27;-1,1799999999999995;40260;0;49528;9237;8863;0;8863;9237;-374;0;-374;-0,04219790138779195;-0,04219790138779195;;-0,035660320338470816;3;4
2016-12-30;5;2016-12-30 05:00:00;33,09;36,22;-3,1299999999999955;40260;0;49528;9738;9147;0;9147;9738;-591;0;-591;-0,06461134798294522;-0,06461134798294522;;-0,09459051072831656;3;4
2016-12-30;6;2016-12-30 06:00:00;33,94;35,8;-1,8599999999999997;40260;0;49528;10388;9417;0;9417;10388;-971;0;-971;-0,1031113942869279;-0,1031113942869279;;-0,054802592810842654;3;4
2016-12-30;7;2016-12-30 07:00:00;46,0;49,63;-3,6300000000000026;40260;1;49528;10854;9769;4;9773;10855;-1085;3;-1082;-0,1107131893993656;-0,11106561572320606;0,75;-0,07891304347826092;3;4
2016-12-30;8;2016-12-30 08:00:00;49,96;48,79;1,1700000000000017;40260;295;49528;11349;10050;367;10417;11644;-1299;72;-1227;-0,11778823077661515;-0,12925373134328358;0,19618528610354224;0,023418734987990426;3;4
2016-12-30;9;2016-12-30 09:00:00;47,19;47,87;-0,6799999999999997;40260;3076;49528;11554;10147;2938;13085;14630;-1407;-138;-1545;-0,1180741306839893;-0,13866167340100521;-0,04697072838665759;-0,014409832591650767;3;4
2016-12-30;10;2016-12-30 10:00:00;43,0;42,85;0,14999999999999858;40260;6853;49528;10594;9371;6839;16210;17447;-1223;-14;-1237;-0,07631091918568784;-0,13050901718066374;-0,0020470829068577278;0,003488372093023223;3;4
2016-12-30;11;2016-12-30 11:00:00;37,27;42,33;-5,059999999999995;40260;9676;49528;9181;8621;9616;18237;18857;-560;-60;-620;-0,033996819652355105;-0,06495766152418513;-0,006239600665557404;-0,1357660316608531;3;4
2016-12-30;12;2016-12-30 12:00:00;36,3;40,71;-4,410000000000005;40260;10794;49528;7989;8463;10293;18756;18783;474;-501;-27;-0,0014395393474088292;0,056008507621410845;-0,048673856018653455;-0,12148760330578526;3;4
2016-12-30;13;2016-12-30 13:00:00;36,72;39,69;-2,969999999999999;40260;9520;49528;7389;8382;8962;17344;16909;993;-558;435;0,025080719557195572;0,11846814602720114;-0,062262887748270476;-0,08088235294117645;3;4
2016-12-30;14;2016-12-30 14:00:00;47,19;48,34;-1,1500000000000057;40260;6129;49528;7055;8422;6000;14422;13184;1367;-129;1238;0,08584107613368465;0,16231298978864878;-0,0215;-0,0243695698241154;3;4
2016-12-30;15;2016-12-30 15:00:00;52,78;53,46;-0,6799999999999997;40260;2106;49528;7615;8681;2332;11013;9721;1066;226;1292;0,11731589939162808;0,12279691279806473;0,09691252144082332;-0,012883668056081843;3;4
2016-12-30;16;2016-12-30 16:00:00;54,99;58,12;-3,1299999999999955;40260;96;49528;9178;9534;154;9688;9274;356;58;414;0,04273327828241123;0,03734004615061884;0,37662337662337664;-0,05691943989816322;3;4
2016-12-30;17;2016-12-30 17:00:00;56,04;60,65;-4,6099999999999985;40260;0;49528;10386;10726;0;10726;10386;340;0;340;0,03169867611411523;0,03169867611411523;;-0,08226266952177014;3;4
2016-12-30;18;2016-12-30 18:00:00;52,92;55,84;-2,9200000000000017;40260;0;49528;10775;11366;0;11366;10775;591;0;591;0,0519971845856062;0,0519971845856062;;-0,055177626606198064;3;4
2016-12-30;19;2016-12-30 19:00:00;52,82;53,71;-0,8900000000000006;40260;0;49528;11117;11632;0;11632;11117;515;0;515;0,044274415405777166;0,044274415405777166;;-0,01684967815221508;3;4
2016-12-30;20;2016-12-30 20:00:00;43,32;48,37;-5,049999999999997;40260;0;49528;11422;11678;0;11678;11422;256;0;256;0,021921561911286178;0,021921561911286178;;-0,11657433056325016;3;4
2016-12-30;21;2016-12-30 21:00:00;41,03;45,05;-4,019999999999996;40260;0;49528;11732;11771;0;11771;11732;39;0;39;0,003313227423328519;0,003313227423328519;;-0,09797708993419439;3;4
2016-12-30;22;2016-12-30 22:00:00;40,55;45,1;-4,550000000000004;40260;0;49528;11626;11872;0;11872;11626;246;0;246;0,020721024258760108;0,020721024258760108;;-0,1122071516646117;3;4
2016-12-30;23;2016-12-30 23:00:00;33,06;36,01;-2,949999999999996;40260;0;49528;11642;11933;0;11933;11642;291;0;291;0,024386156037878155;0,024386156037878155;;-0,0892316999395038;3;4
2016-12-31;0;2016-12-31 00:00:00;36,1;43,56;-7,460000000000001;40293;0;49569;11690;11308;0;11308;11690;-382;0;-382;-0,03378139370357269;-0,03378139370357269;;-0,2066481994459834;3;5
2016-12-31;1;2016-12-31 01:00:00;33,04;41,1;-8,060000000000002;40293;0;49569;11799;11375;0;11375;11799;-424;0;-424;-0,03727472527472527;-0,03727472527472527;;-0,2439467312348669;3;5
2016-12-31;2;2016-12-31 02:00:00;29,9;36,74;-6,8400000000000025;40293;0;49569;11696;11700;0;11700;11696;4;0;4;0,0003418803418803419;0,0003418803418803419;;-0,22876254180602015;3;5
2016-12-31;3;2016-12-31 03:00:00;27,63;40,51;-12,88;40293;0;49569;11706;12072;0;12072;11706;366;0;366;0,030318091451292245;0,030318091451292245;;-0,46615997104596457;3;5
2016-12-31;4;2016-12-31 04:00:00;27,52;38,82;-11,3;40293;0;49569;11588;12368;0;12368;11588;780;0;780;0,0630659767141009;0,0630659767141009;;-0,4106104651162791;3;5
2016-12-31;5;2016-12-31 05:00:00;27,28;38,12;-10,839999999999995;40293;0;49569;11699;12608;0;12608;11699;909;0;909;0,07209708121827411;0,07209708121827411;;-0,3973607038123165;3;5
2016-12-31;6;2016-12-31 06:00:00;21,43;37,48;-16,049999999999994;40293;0;49569;12179;12826;0;12826;12179;647;0;647;0,050444409792608766;0,050444409792608766;;-0,7489500699953333;3;5
2016-12-31;7;2016-12-31 07:00:00;31,68;39,24;-7,560000000000002;40293;1;49569;12408;13001;3;13004;12409;593;2;595;0,04575515226084282;0,04561187600953773;0,6666666666666666;-0,2386363636363637;3;5
2016-12-31;8;2016-12-31 08:00:00;35,02;44,56;-9,54;40293;214;49569;12941;13141;390;13531;13155;200;176;376;0,02778804227329835;0,015219541891789057;0,4512820512820513;-0,2724157624214734;3;5
2016-12-31;9;2016-12-31 09:00:00;41,88;49,01;-7,129999999999996;40293;2147;49569;13026;13161;2667;15828;15173;135;520;655;0,041382360374020724;0,010257579211306132;0,19497562804649418;-0,17024832855778405;3;5
2016-12-31;10;2016-12-31 10:00:00;39,94;49,93;-9,990000000000002;40293;4871;49569;12803;12736;5643;18379;17674;-67;772;705;0,038358996680994614;-0,005260678391959799;0,1368066631224526;-0,2501251877816726;3;5
2016-12-31;11;2016-12-31 11:00:00;39,96;48,85;-8,89;40293;7038;49569;12218;12154;7809;19963;19256;-64;771;707;0,035415518709612785;-0,005265756129669245;0,0987322320399539;-0,22247247247247248;3;5
2016-12-31;12;2016-12-31 12:00:00;38,86;46,47;-7,6099999999999985;40293;7882;49569;12017;11998;8450;20448;19899;-19;568;549;0,026848591549295774;-0,0015835972662110352;0,0672189349112426;-0,19583118888317033;3;5
2016-12-31;13;2016-12-31 13:00:00;35,04;44,04;-9,0;40293;6680;49569;11746;12043;7459;19502;18426;297;779;1076;0,05517382832529997;0,024661629162168894;0,10443759217053224;-0,2568493150684932;3;5
2016-12-31;14;2016-12-31 14:00:00;37,5;49,61;-12,11;40293;4236;49569;11522;12407;5067;17474;15758;885;831;1716;0,09820304452329175;0,07133070041105827;0,1640023682652457;-0,3229333333333333;3;5
2016-12-31;15;2016-12-31 15:00:00;43,81;54,41;-10,599999999999994;40293;1443;49569;12394;13039;2020;15059;13837;645;577;1222;0,08114748655289196;0,049466983664391444;0,2856435643564356;-0,2419538918055237;3;5
2016-12-31;16;2016-12-31 16:00:00;49,76;57,64;-7,880000000000003;40293;68;49569;13234;14004;147;14151;13302;770;79;849;0,059995760016959936;0,0549842902027992;0,5374149659863946;-0,1583601286173634;3;5
2016-12-31;17;2016-12-31 17:00:00;53,98;64,86;-10,880000000000004;40293;0;49569;14072;14847;0;14847;14072;775;0;775;0,05219909746076649;0,05219909746076649;;-0,20155613190070407;3;5
2016-12-31;18;2016-12-31 18:00:00;49,76;61,36;-11,6;40293;0;49569;14836;15440;0;15440;14836;604;0;604;0,039119170984455956;0,039119170984455956;;-0,23311897106109325;3;5
2016-12-31;19;2016-12-31 19:00:00;40,84;58,24;-17,4;40293;0;49569;15196;15908;0;15908;15196;712;0;712;0,044757354790042746;0,044757354790042746;;-0,4260528893241919;3;5
2016-12-31;20;2016-12-31 20:00:00;35,05;51,2;-16,150000000000006;40293;0;49569;15303;16207;0;16207;15303;904;0;904;0,055778367372123154;0,055778367372123154;;-0,4607703281027106;3;5
2016-12-31;21;2016-12-31 21:00:00;33,02;48,41;-15,389999999999993;40293;0;49569;15354;16450;0;16450;15354;1096;0;1096;0,06662613981762917;0,06662613981762917;;-0,4660811629315564;3;5
2016-12-31;22;2016-12-31 22:00:00;33,71;49,31;-15,6;40293;0;49569;14848;16595;0;16595;14848;1747;0;1747;0,10527267249171438;0,10527267249171438;;-0,462770691189558;3;5
2016-12-31;23;2016-12-31 23:00:00;27,95;50,48;-22,53;40293;0;49569;15056;16588;0;16588;15056;1532;0;1532;0,09235591994212684;0,09235591994212684;;-0,80608228980322;3;5
2017-01-01;0;2017-01-01 00:00:00;20,96;43,61;-22,65;40294;0;49569;15422;16166;0;16166;15422;744;0;744;0,046022516392428554;0,046022516392428554;;-1,0806297709923662;0;6
2017-01-01;1;2017-01-01 01:00:00;20,9;42,31;-21,410000000000004;40294;0;49569;15363;15968;0;15968;15363;605;0;605;0,03788827655310621;0,03788827655310621;;-1,0244019138755984;0;6
2017-01-01;2;2017-01-01 02:00:00;18,13;38,19;-20,06;40294;0;49569;15080;15904;0;15904;15080;824;0;824;0,05181086519114688;0,05181086519114688;;-1,1064533921676778;0;6
2017-01-01;3;2017-01-01 03:00:00;16,03;33,25;-17,22;40294;0;49569;14731;15786;0;15786;14731;1055;0;1055;0,06683136956797162;0,06683136956797162;;-1,0742358078602618;0;6
2017-01-01;4;2017-01-01 04:00:00;16,43;32,79;-16,36;40294;0;49569;14865;15720;0;15720;14865;855;0;855;0,05438931297709924;0,05438931297709924;;-0,995739500912964;0;6
2017-01-01;5;2017-01-01 05:00:00;13,75;36,08;-22,33;40294;0;49569;15254;15810;0;15810;15254;556;0;556;0,03516761543327008;0,03516761543327008;;-1,6239999999999999;0;6
2017-01-01;6;2017-01-01 06:00:00;11,1;25,97;-14,87;40294;0;49569;15904;16042;0;16042;15904;138;0;138;0,008602418651041017;0,008602418651041017;;-1,3396396396396395;0;6
2017-01-01;7;2017-01-01 07:00:00;15,47;23,28;-7,81;40294;1;49569;15903;16317;2;16319;15904;414;1;415;0,025430479808811815;0,0253723110865968;0,5;-0,5048480930833872;0;6
2017-01-01;8;2017-01-01 08:00:00;16,88;31,14;-14,260000000000002;40294;274;49569;15816;16562;427;16989;16090;746;153;899;0,05291659308964624;0,045042869218693396;0,3583138173302108;-0,84478672985782;0;6
2017-01-01;9;2017-01-01 09:00:00;21,81;35,05;-13,239999999999998;40294;2083;49569;15722;16703;2602;19305;17805;981;519;1500;0,0777000777000777;0,058731964317787225;0,1994619523443505;-0,6070609812012838;0;6
2017-01-01;10;2017-01-01 10:00:00;26,24;34,92;-8,680000000000003;40294;4679;49569;14505;16437;5269;21706;19184;1932;590;2522;0,11618907214595042;0,11753969702500457;0,11197570696526855;-0,3307926829268294;0;6
2017-01-01;11;2017-01-01 11:00:00;26,42;35,06;-8,64;40294;6830;49569;13300;15567;7180;22747;20130;2267;350;2617;0,11504813821602848;0,1456285732639558;0,04874651810584958;-0,3270249810749432;0;6
2017-01-01;12;2017-01-01 12:00:00;27,66;36,25;-8,59;40294;7926;49569;12236;14640;7807;22447;20162;2404;-119;2285;0,10179534013453914;0,16420765027322404;-0,015242730882541309;-0,31055676066522053;0;6
2017-01-01;13;2017-01-01 13:00:00;28,7;35,22;-6,52;40294;7084;49569;11020;14070;6934;21004;18104;3050;-150;2900;0,13806893924966673;0,21677327647476902;-0,021632535333141044;-0,22717770034843204;0;6
2017-01-01;14;2017-01-01 14:00:00;29,66;37,3;-7,639999999999998;40294;4635;49569;9829;13818;4709;18527;14464;3989;74;4063;0,2193015598855724;0,288681430018816;0,015714589084731365;-0,25758597437626424;0;6
2017-01-01;15;2017-01-01 15:00:00;35,33;49,86;-14,53;40294;1661;49569;8994;13826;1878;15704;10655;4832;217;5049;0,3215104431991849;0,3494864747577029;0,11554845580404687;-0,4112652136994056;0;6
2017-01-01;16;2017-01-01 16:00:00;44,12;55,32;-11,200000000000005;40294;118;49569;9147;13990;148;14138;9265;4843;30;4873;0,3446739284198614;0,3461758398856326;0,20270270270270271;-0,25385312783318237;0;6
2017-01-01;17;2017-01-01 17:00:00;51,59;59,55;-7,959999999999994;40294;0;49569;9738;14242;3;14245;9738;4504;3;4507;0,31639171639171637;0,3162477180171324;1,0;-0,15429346772630342;0;6
2017-01-01;18;2017-01-01 18:00:00;53,95;64,04;-10,090000000000003;40294;0;49569;9876;14512;0;14512;9876;4636;0;4636;0,31945975744211685;0,31945975744211685;;-0,18702502316960154;0;6
2017-01-01;19;2017-01-01 19:00:00;50,97;60,22;-9,25;40294;0;49569;10227;14707;0;14707;10227;4480;0;4480;0,3046168491194669;0,3046168491194669;;-0,18147930154993133;0;6
2017-01-01;20;2017-01-01 20:00:00;44,93;53,62;-8,689999999999998;40294;0;49569;11094;14741;0;14741;11094;3647;0;3647;0,24740519639101824;0,24740519639101824;;-0,19341197418206094;0;6
2017-01-01;21;2017-01-01 21:00:00;38,83;48,83;-10,0;40294;0;49569;11533;14715;0;14715;11533;3182;0;3182;0,2162419300033979;0,2162419300033979;;-0,25753283543651817;0;6
2017-01-01;22;2017-01-01 22:00:00;42,17;52,03;-9,86;40294;0;49569;12339;14622;0;14622;12339;2283;0;2283;0,15613459171112024;0,15613459171112024;;-0,23381550865544223;0;6
2017-01-01;23;2017-01-01 23:00:00;33,06;47,07;-14,009999999999998;40294;0;49569;12260;14386;0;14386;12260;2126;0;2126;0,14778256638398443;0,14778256638398443;;-0,4237749546279491;0;6
2017-01-02;0;2017-01-02 00:00:00;30,54;38,61;-8,07;40301;0;49572;12389;13567;0;13567;12389;1178;0;1178;0,08682833345618043;0,08682833345618043;;-0,2642436149312377;0;0
2017-01-02;1;2017-01-02 01:00:00;28,91;37,51;-8,599999999999998;40301;0;49572;12910;13715;0;13715;12910;805;0;805;0,05869485964272694;0,05869485964272694;;-0,2974749221722587;0;0
2017-01-02;2;2017-01-02 02:00:00;28,11;32,87;-4,759999999999998;40301;0;49572;12710;13806;0;13806;12710;1096;0;1096;0,07938577430102854;0,07938577430102854;;-0,16933475631447878;0;0
2017-01-02;3;2017-01-02 03:00:00;27,89;32,13;-4,240000000000002;40301;0;49572;12694;13852;0;13852;12694;1158;0;1158;0,0835980363846376;0,0835980363846376;;-0,15202581570455367;0;0
2017-01-02;4;2017-01-02 04:00:00;27,73;32,21;-4,48;40301;0;49572;11989;13733;0;13733;11989;1744;0;1744;0,12699337362557345;0,12699337362557345;;-0,16155787955283088;0;0
2017-01-02;5;2017-01-02 05:00:00;31,18;37,51;-6,329999999999997;40301;0;49572;11863;13440;0;13440;11863;1577;0;1577;0,11733630952380952;0,11733630952380952;;-0,20301475304682481;0;0
2017-01-02;6;2017-01-02 06:00:00;37,99;43,76;-5,769999999999996;40301;0;49572;12128;13164;0;13164;12128;1036;0;1036;0,07869948343968398;0,07869948343968398;;-0,15188207423006042;0;0
2017-01-02;7;2017-01-02 07:00:00;50,98;54,76;-3,780000000000001;40301;0;49572;11925;12853;1;12854;11925;928;1;929;0,07227322234323946;0,07220104255815762;1,0;-0,07414672420557084;0;0
2017-01-02;8;2017-01-02 08:00:00;53,88;57,19;-3,309999999999995;40301;105;49572;11406;12310;229;12539;11511;904;124;1028;0,08198420926708669;0,07343623070674249;0,5414847161572053;-0,06143281365998506;0;0
2017-01-02;9;2017-01-02 09:00:00;53,94;57,05;-3,1099999999999994;40301;774;49572;10518;11805;1238;13043;11292;1287;464;1751;0,1342482557693782;0,10902160101651842;0,37479806138933763;-0,057656655543196135;0;0
2017-01-02;10;2017-01-02 10:00:00;53,54;59,42;-5,880000000000003;40301;1627;49572;10322;11117;2623;13740;11949;795;996;1791;0,13034934497816594;0,0715120985877485;0,37971788028974457;-0,10982443033246177;0;0
2017-01-02;11;2017-01-02 11:00:00;54,91;61,66;-6,75;40301;2401;49572;9825;10479;3608;14087;12226;654;1207;1861;0,13210761695179954;0,06241053535642714;0,33453436807095344;-0,1229284283372792;0;0
2017-01-02;12;2017-01-02 12:00:00;54,08;65,99;-11,909999999999995;40301;2868;49572;10077;10273;3757;14030;12945;196;889;1085;0,07733428367783321;0,019079139491871896;0,23662496672877295;-0,22022928994082833;0;0
2017-01-02;13;2017-01-02 13:00:00;55,67;67,5;-11,829999999999998;40301;2528;49572;10096;10243;3016;13259;12624;147;488;635;0,047891997888226866;0,014351264278043542;0,16180371352785147;-0,21250224537452844;0;0
2017-01-02;14;2017-01-02 14:00:00;55,98;64,97;-8,990000000000002;40301;1572;49572;10510;10306;1809;12115;12082;-204;237;33;0,0027238959966983077;-0,019794294585678246;0,1310116086235489;-0,1605930689531976;0;0
2017-01-02;15;2017-01-02 15:00:00;56,0;64,38;-8,379999999999995;40301;556;49572;10562;10433;633;11066;11118;-129;77;-52;-0,004699078257726369;-0,012364612287932522;0,12164296998420221;-0,14964285714285705;0;0
2017-01-02;16;2017-01-02 16:00:00;57,77;67,33;-9,559999999999997;40301;48;49572;11042;10654;53;10707;11090;-388;5;-383;-0,03577099094050621;-0,03641824666791815;0,09433962264150944;-0,1654838151289596;0;0
2017-01-02;17;2017-01-02 17:00:00;67,66;72,41;-4,75;40301;0;49572;12126;11081;2;11083;12126;-1045;2;-1043;-0,09410809347649553;-0,0943055680895226;1,0;-0,07020396098137748;0;0
2017-01-02;18;2017-01-02 18:00:00;55,1;67,28;-12,18;40301;0;49572;13440;11464;0;11464;13440;-1976;0;-1976;-0,17236566643405443;-0,17236566643405443;;-0,22105263157894736;0;0
2017-01-02;19;2017-01-02 19:00:00;53,92;57,44;-3,519999999999996;40301;0;49572;13900;11619;0;11619;13900;-2281;0;-2281;-0,1963163783458129;-0,1963163783458129;;-0,06528189910979221;0;0
2017-01-02;20;2017-01-02 20:00:00;49,07;48,35;0,7199999999999989;40301;0;49572;13906;11655;0;11655;13906;-2251;0;-2251;-0,19313599313599314;-0,19313599313599314;;0,014672916242103094;0;0
2017-01-02;21;2017-01-02 21:00:00;40,25;39,97;0,28000000000000114;40301;0;49572;14249;11789;0;11789;14249;-2460;0;-2460;-0,20866909831198574;-0,20866909831198574;;0,006956521739130463;0;0
2017-01-02;22;2017-01-02 22:00:00;45,92;42,86;3,0600000000000023;40301;0;49572;14722;11921;0;11921;14722;-2801;0;-2801;-0,23496350977267008;-0,23496350977267008;;0,06663763066202096;0;0
2017-01-02;23;2017-01-02 23:00:00;38,88;38,58;0,30000000000000426;40301;0;49572;15678;11988;0;11988;15678;-3690;0;-3690;-0,3078078078078078;-0,3078078078078078;;0,007716049382716158;0;0
2017-01-03;0;2017-01-03 00:00:00;36,02;35,36;0,6600000000000037;40303;0;49575;16501;16171;0;16171;16501;-330;0;-330;-0,020406901242965802;-0,020406901242965802;;0,018323153803442634;0;1
2017-01-03;1;2017-01-03 01:00:00;34,98;34,3;0,6799999999999997;40303;0;49575;16640;16666;0;16666;16640;26;0;26;0,0015600624024961;0,0015600624024961;;0,0194396798170383;0;1
2017-01-03;2;2017-01-03 02:00:00;33,64;32,09;1,5499999999999972;40303;0;49575;17128;17169;0;17169;17128;41;0;41;0,0023880249286504745;0,0023880249286504745;;0,04607609988109385;0;1
2017-01-03;3;2017-01-03 03:00:00;33,89;34,83;-0,9399999999999976;40303;0;49575;18205;17716;0;17716;18205;-489;0;-489;-0,027602167532174305;-0,027602167532174305;;-0,027736795514901078;0;1
2017-01-03;4;2017-01-03 04:00:00;33,5;34,05;-0,5499999999999972;40303;0;49575;18855;18244;0;18244;18855;-611;0;-611;-0,03349046261784697;-0,03349046261784697;;-0,01641791044776111;0;1
2017-01-03;5;2017-01-03 05:00:00;33,91;31,84;2,0699999999999967;40303;0;49575;19734;18684;0;18684;19734;-1050;0;-1050;-0,05619781631342325;-0,05619781631342325;;0,061043939840754846;0;1
2017-01-03;6;2017-01-03 06:00:00;48,13;35,13;13,0;40303;0;49575;20756;19027;0;19027;20756;-1729;0;-1729;-0,09087086771430072;-0,09087086771430072;;0,2701018076044047;0;1
2017-01-03;7;2017-01-03 07:00:00;54,61;41,88;12,729999999999995;40303;0;49575;22145;19390;1;19391;22145;-2755;1;-2754;-0,14202465061110825;-0,14208354822073233;1,0;0,2331074894707928;0;1
2017-01-03;8;2017-01-03 08:00:00;57,93;42,0;15,93;40303;70;49575;22753;20035;164;20199;22823;-2718;94;-2624;-0,12990742115946333;-0,1356625904666833;0,573170731707317;0,2749870533402382;0;1
2017-01-03;9;2017-01-03 09:00:00;57,18;46,27;10,909999999999995;40303;538;49575;24081;21024;925;21949;24619;-3057;387;-2670;-0,12164563305845369;-0,1454052511415525;0,4183783783783784;0,1908009793634137;0;1
2017-01-03;10;2017-01-03 10:00:00;52,27;43,88;8,39;40303;1166;49575;25909;22398;2120;24518;27075;-3511;954;-2557;-0,1042907251814993;-0,15675506741673365;0,45;0,16051272240290798;0;1
2017-01-03;11;2017-01-03 11:00:00;49,94;42,69;7,25;40303;1817;49575;27726;23950;3075;27025;29543;-3776;1258;-2518;-0,09317298797409805;-0,15766179540709813;0,4091056910569106;0,14517420905086104;0;1
2017-01-03;12;2017-01-03 12:00:00;46,3;41,0;5,299999999999997;40303;2147;49575;29098;25474;3453;28927;31245;-3624;1306;-2318;-0,0801327479517406;-0,1422626992227369;0,37822183608456417;0,11447084233261334;0;1
2017-01-03;13;2017-01-03 13:00:00;41,51;38,36;3,1499999999999986;40303;1908;49575;30230;26885;3118;30003;32138;-3345;1210;-2135;-0,0711595507115955;-0,12441882090384973;0,3880692751763951;0,07588532883642493;0;1
2017-01-03;14;2017-01-03 14:00:00;37,08;35,23;1,8500000000000012;40303;1220;49575;30829;28068;2150;30218;32049;-2761;930;-1831;-0,06059302402541532;-0,0983682485392618;0,4325581395348837;0,04989212513484362;0;1
2017-01-03;15;2017-01-03 15:00:00;37,03;35,38;1,6499999999999986;40303;439;49575;31969;29127;906;30033;32408;-2842;467;-2375;-0,07907967901974494;-0,09757269887046383;0,5154525386313465;0,04455846610856059;0;1
2017-01-03;16;2017-01-03 16:00:00;39,08;35,72;3,3599999999999994;40303;46;49575;33058;30201;98;30299;33104;-2857;52;-2805;-0,09257731278260009;-0,09459951657229893;0,5306122448979592;0,08597748208802455;0;1
2017-01-03;17;2017-01-03 17:00:00;42,14;37,07;5,07;40303;0;49575;33917;31256;3;31259;33917;-2661;3;-2658;-0,08503151092485364;-0,08513565395444075;1,0;0,12031324157570006;0;1
2017-01-03;18;2017-01-03 18:00:00;36,67;37,55;-0,8799999999999955;40303;0;49575;34739;32245;0;32245;34739;-2494;0;-2494;-0,07734532485656691;-0,07734532485656691;;-0,023997818380147133;0;1
2017-01-03;19;2017-01-03 19:00:00;36,03;34,35;1,6799999999999995;40303;0;49575;35220;33038;0;33038;35220;-2182;0;-2182;-0,06604516011865125;-0,06604516011865125;;0,046627810158201485;0;1
2017-01-03;20;2017-01-03 20:00:00;33,55;31,4;2,1499999999999986;40303;0;49575;35692;33731;0;33731;35692;-1961;0;-1961;-0,058136432361922265;-0,058136432361922265;;0,06408345752608044;0;1
2017-01-03;21;2017-01-03 21:00:00;24,56;23,91;0,6499999999999986;40303;0;49575;35723;34165;0;34165;35723;-1558;0;-1558;-0,04560222449875604;-0,04560222449875604;;0,026465798045602548;0;1
2017-01-03;22;2017-01-03 22:00:00;17,77;19,36;-1,59;40303;0;49575;34704;34588;0;34588;34704;-116;0;-116;-0,003353764311321846;-0,003353764311321846;;-0,08947664603263929;0;1
2017-01-03;23;2017-01-03 23:00:00;9,49;7,04;2,45;40303;0;49575;34412;34969;0;34969;34412;557;0;557;0,015928393720152135;0,015928393720152135;;0,2581664910432034;0;1
2017-01-04;0;2017-01-04 00:00:00;8,5;8,25;0,25;40305;0;49583;32650;35375;0;35375;32650;2725;0;2725;0,07703180212014134;0,07703180212014134;;0,029411764705882353;0;2
2017-01-04;1;2017-01-04 01:00:00;-0,05;8,31;-8,360000000000001;40305;0;49583;31757;35389;0;35389;31757;3632;0;3632;0,10263076097092316;0,10263076097092316;;167,20000000000002;0;2
2017-01-04;2;2017-01-04 02:00:00;-6,27;20,7;-26,97;40305;0;49583;30978;35155;0;35155;30978;4177;0;4177;0,11881666903712132;0,11881666903712132;;4,301435406698564;0;2
2017-01-04;3;2017-01-04 03:00:00;-5,09;14,36;-19,45;40305;0;49583;30633;35048;0;35048;30633;4415;0;4415;0,12597009815110705;0,12597009815110705;;3,821218074656189;0;2
2017-01-04;4;2017-01-04 04:00:00;0,06;15,82;-15,76;40305;0;49583;30701;35089;0;35089;30701;4388;0;4388;0,12505343554960244;0,12505343554960244;;-262,6666666666667;0;2
2017-01-04;5;2017-01-04 05:00:00;10,55;21,23;-10,68;40305;0;49583;30838;35122;0;35122;30838;4284;0;4284;0,12197483059051308;0,12197483059051308;;-1,0123222748815164;0;2
2017-01-04;6;2017-01-04 06:00:00;10,98;36,19;-25,21;40305;0;49583;31701;35195;0;35195;31701;3494;0;3494;0,09927546526495241;0,09927546526495241;;-2,295992714025501;0;2
2017-01-04;7;2017-01-04 07:00:00;31,63;43,85;-12,220000000000002;40305;0;49583;32627;35327;0;35327;32627;2700;0;2700;0,07642879384040535;0,07642879384040535;;-0,3863420803035094;0;2
2017-01-04;8;2017-01-04 08:00:00;34,94;49,14;-14,200000000000005;40305;49;49583;33379;35186;80;35266;33428;1807;31;1838;0,05211818748936653;0,051355652816461095;0,3875;-0,40641099026903277;0;2
2017-01-04;9;2017-01-04 09:00:00;33,27;43,48;-10,209999999999994;40305;675;49583;32921;34829;621;35450;33596;1908;-54;1854;0,05229901269393512;0,05478193459473427;-0,08695652173913043;-0,3068830778479108;0;2
2017-01-04;10;2017-01-04 10:00:00;33,52;43,77;-10,25;40305;1747;49583;32260;34378;1535;35913;34007;2118;-212;1906;0,053072703477849245;0,06160916865437198;-0,13811074918566776;-0,30578758949880663;0;2
2017-01-04;11;2017-01-04 11:00:00;34,81;47,74;-12,93;40305;2619;49583;32198;33831;2214;36045;34817;1633;-405;1228;0,034068525454293244;0,04826933877213207;-0,18292682926829268;-0,37144498707268025;0;2
2017-01-04;12;2017-01-04 12:00:00;35,08;49,07;-13,990000000000002;40305;2968;49583;32234;33237;2424;35661;35202;1003;-544;459;0,012871203836123496;0,03017721214309354;-0,22442244224422442;-0,3988027366020525;0;2
2017-01-04;13;2017-01-04 13:00:00;35,88;45,67;-9,79;40305;2560;49583;31422;32479;2131;34610;33982;1057;-429;628;0,018145044784744293;0,03254410542196496;-0,2013139371187236;-0,2728539576365663;0;2
2017-01-04;14;2017-01-04 14:00:00;36,03;44,93;-8,899999999999997;40305;1596;49583;30136;31579;1417;32996;31732;1443;-179;1264;0,03830767365741302;0,0456949238417936;-0,12632321806633734;-0,24701637524285308;0;2
2017-01-04;15;2017-01-04 15:00:00;36,17;49,85;-13,68;40305;556;49583;29088;30525;562;31087;29644;1437;6;1443;0,04641811689773861;0,047076167076167075;0,010676156583629894;-0,3782139894940558;0;2
2017-01-04;16;2017-01-04 16:00:00;36,58;50,88;-14,300000000000004;40305;44;49583;27927;29176;52;29228;27971;1249;8;1257;0,04300670589845354;0,04280915821222923;0,15384615384615385;-0,3909240021869876;0;2
2017-01-04;17;2017-01-04 17:00:00;46,95;54,38;-7,43;40305;0;49583;26062;27729;0;27729;26062;1667;0;1667;0,06011756644668037;0,06011756644668037;;-0,15825346112886046;0;2
2017-01-04;18;2017-01-04 18:00:00;49,45;54,83;-5,379999999999996;40305;0;49583;25478;26223;0;26223;25478;745;0;745;0,02841017427449186;0,02841017427449186;;-0,10879676440849334;0;2
2017-01-04;19;2017-01-04 19:00:00;48,37;49,81;-1,4400000000000048;40305;0;49583;25132;24650;0;24650;25132;-482;0;-482;-0,019553752535496956;-0,019553752535496956;;-0,029770518916683995;0;2
2017-01-04;20;2017-01-04 20:00:00;38,02;39,0;-0,9799999999999968;40305;0;49583;23856;23206;0;23206;23856;-650;0;-650;-0,028009997414461776;-0,028009997414461776;;-0,02577590741714878;0;2
2017-01-04;21;2017-01-04 21:00:00;34,55;37,74;-3,190000000000005;40305;0;49583;23136;21939;0;21939;23136;-1197;0;-1197;-0,054560371940380145;-0,054560371940380145;;-0,09232995658466006;0;2
2017-01-04;22;2017-01-04 22:00:00;33,33;36,28;-2,950000000000003;40305;0;49583;21622;20726;0;20726;21622;-896;0;-896;-0,04323072469362154;-0,04323072469362154;;-0,0885088508850886;0;2
2017-01-04;23;2017-01-04 23:00:00;32,05;34,21;-2,160000000000004;40305;0;49583;20924;19306;0;19306;20924;-1618;0;-1618;-0,08380814254635864;-0,08380814254635864;;-0,06739469578783165;0;2
2017-01-05;0;2017-01-05 00:00:00;36,07;43,0;-6,93;40307;0;49589;19568;18083;0;18083;19568;-1485;0;-1485;-0,0821213294254272;-0,0821213294254272;;-0,1921264208483504;0;3
2017-01-05;1;2017-01-05 01:00:00;36,32;40,07;-3,75;40307;0;49589;18151;16731;0;16731;18151;-1420;0;-1420;-0,08487239256470026;-0,08487239256470026;;-0,1032488986784141;0;3
2017-01-05;2;2017-01-05 02:00:00;30,99;32,91;-1,9199999999999984;40307;0;49589;17270;15424;0;15424;17270;-1846;0;-1846;-0,11968360995850623;-0,11968360995850623;;-0,061955469506292306;0;3
2017-01-05;3;2017-01-05 03:00:00;30,97;32,38;-1,4100000000000037;40307;0;49589;16276;14323;0;14323;16276;-1953;0;-1953;-0,13635411575787196;-0,13635411575787196;;-0,04552793025508569;0;3
2017-01-05;4;2017-01-05 04:00:00;35,64;35,98;-0,3399999999999963;40307;0;49589;15572;13432;0;13432;15572;-2140;0;-2140;-0,1593210244192972;-0,1593210244192972;;-0,009539842873176102;0;3
2017-01-05;5;2017-01-05 05:00:00;35,73;36,08;-0,3500000000000014;40307;0;49589;14819;12646;0;12646;14819;-2173;0;-2173;-0,17183299066898625;-0,17183299066898625;;-0,009795689896445605;0;3
2017-01-05;6;2017-01-05 06:00:00;39,03;39,18;-0,14999999999999858;40307;0;49589;13865;11887;0;11887;13865;-1978;0;-1978;-0,16640026920164885;-0,16640026920164885;;-0,0038431975403535375;0;3
2017-01-05;7;2017-01-05 07:00:00;51,7;51,18;0,5200000000000031;40307;0;49589;13474;11121;1;11122;13474;-2353;1;-2352;-0,21147275669843554;-0,21158169229385845;1,0;0,010058027079303734;0;3
2017-01-05;8;2017-01-05 08:00:00;57,98;53,06;4,9199999999999955;40307;116;49589;13034;10276;168;10444;13150;-2758;52;-2706;-0,25909613175028723;-0,2683923705722071;0,30952380952380953;0,08485684718868568;0;3
2017-01-05;9;2017-01-05 09:00:00;54,11;50,79;3,3200000000000003;40307;1267;49589;12300;9522;1322;10844;13567;-2778;55;-2723;-0,25110660272962004;-0,29174543163201005;0,0416036308623298;0,06135649602661246;0;3
2017-01-05;10;2017-01-05 10:00:00;53,13;50,32;2,8100000000000023;40307;2991;49589;11856;9067;3081;12148;14847;-2789;90;-2699;-0,2221764899571946;-0,30759898533142166;0,029211295034079845;0,052889139845661626;0;3
2017-01-05;11;2017-01-05 11:00:00;50,06;50,73;-0,6699999999999946;40307;4276;49589;11987;8993;4410;13403;16263;-2994;134;-2860;-0,2133850630455868;-0,3329256088068498;0,030385487528344673;-0,013383939272872444;0;3
2017-01-05;12;2017-01-05 12:00:00;49,97;52,13;-2,160000000000004;40307;4453;49589;12074;9093;4956;14049;16527;-2981;503;-2478;-0,17638266068759342;-0,32783459804245024;0,10149313962873285;-0,04322593556133689;0;3
2017-01-05;13;2017-01-05 13:00:00;48,84;50,0;-1,1599999999999966;40307;3876;49589;11062;9011;4595;13606;14938;-2051;719;-1332;-0,09789798618256651;-0,2276106980357341;0,15647442872687703;-0,02375102375102368;0;3
2017-01-05;14;2017-01-05 14:00:00;50,99;52,56;-1,5700000000000005;40307;2642;49589;9947;8561;3296;11857;12589;-1386;654;-732;-0,061735683562452556;-0,16189697465249386;0,19842233009708737;-0,030790351049225347;0;3
2017-01-05;15;2017-01-05 15:00:00;57,48;59,75;-2,270000000000003;40307;1079;49589;9464;7928;1385;9313;10543;-1536;306;-1230;-0,1320734457210351;-0,19374369323915236;0,22093862815884477;-0,03949199721642316;0;3
2017-01-05;16;2017-01-05 16:00:00;69,7;66,97;2,730000000000004;40307;97;49589;8888;7477;123;7600;8985;-1411;26;-1385;-0,18223684210526317;-0,18871205028754848;0,21138211382113822;0,03916786226685802;0;3
2017-01-05;17;2017-01-05 17:00:00;73,92;68,3;5,6200000000000045;40307;0;49589;8612;7258;2;7260;8612;-1354;2;-1352;-0,18622589531680442;-0,18655276935794984;1,0;0,07602813852813858;0;3
2017-01-05;18;2017-01-05 18:00:00;73,76;70,02;3,740000000000009;40307;0;49589;8174;7138;0;7138;8174;-1036;0;-1036;-0,14513869431213225;-0,14513869431213225;;0,050704989154013135;0;3
2017-01-05;19;2017-01-05 19:00:00;65,15;61,64;3,5100000000000047;40307;0;49589;7375;6760;0;6760;7375;-615;0;-615;-0,09097633136094675;-0,09097633136094675;;0,05387567152724489;0;3
2017-01-05;20;2017-01-05 20:00:00;64,24;58,55;5,689999999999998;40307;0;49589;6753;6088;0;6088;6753;-665;0;-665;-0,10923127463863337;-0,10923127463863337;;0,08857409713574094;0;3
2017-01-05;21;2017-01-05 21:00:00;43,09;43,12;-0,02999999999999403;40307;0;49589;6172;5380;0;5380;6172;-792;0;-792;-0,14721189591078068;-0,14721189591078068;;-0,0006962172197724305;0;3
2017-01-05;22;2017-01-05 22:00:00;53,11;46,54;6,57;40307;0;49589;5452;4797;0;4797;5452;-655;0;-655;-0,13654367312903898;-0,13654367312903898;;0,123705516851817;0;3
2017-01-05;23;2017-01-05 23:00:00;37,08;35,61;1,4699999999999989;40307;0;49589;4957;4343;0;4343;4957;-614;0;-614;-0,14137692839051347;-0,14137692839051347;;0,03964401294498379;0;3
2017-01-06;0;2017-01-06 00:00:00;40,84;36,71;4,130000000000003;40307;0;49604;4224;3777;0;3777;4224;-447;0;-447;-0,11834789515488484;-0,11834789515488484;;0,1011263467189031;0;4
2017-01-06;1;2017-01-06 01:00:00;41,15;36,24;4,909999999999997;40307;0;49604;3849;3436;0;3436;3849;-413;0;-413;-0,12019790454016298;-0,12019790454016298;;0,1193195625759416;0;4
2017-01-06;2;2017-01-06 02:00:00;43,77;39,22;4,550000000000004;40307;0;49604;3637;3151;0;3151;3637;-486;0;-486;-0,15423675023801967;-0,15423675023801967;;0,10395247886680384;0;4
2017-01-06;3;2017-01-06 03:00:00;39,97;37,48;2,490000000000002;40307;0;49604;3555;2891;0;2891;3555;-664;0;-664;-0,2296783120027672;-0,2296783120027672;;0,062296722541906484;0;4
2017-01-06;4;2017-01-06 04:00:00;40,81;37,46;3,3500000000000014;40307;0;49604;3613;2771;0;2771;3613;-842;0;-842;-0,3038614218693612;-0,3038614218693612;;0,08208772359715759;0;4
2017-01-06;5;2017-01-06 05:00:00;43,04;38,68;4,3599999999999985;40307;0;49604;3420;2772;0;2772;3420;-648;0;-648;-0,23376623376623376;-0,23376623376623376;;0,10130111524163565;0;4
2017-01-06;6;2017-01-06 06:00:00;45,37;39,99;5,379999999999996;40307;0;49604;3408;2797;0;2797;3408;-611;0;-611;-0,21844833750446907;-0,21844833750446907;;0,11858055984130475;0;4
2017-01-06;7;2017-01-06 07:00:00;49,49;48,67;0,8200000000000003;40307;0;49604;3684;2789;0;2789;3684;-895;0;-895;-0,3209035496593761;-0,3209035496593761;;0,01656900383915943;0;4
2017-01-06;8;2017-01-06 08:00:00;59,92;51,35;8,57;40307;130;49604;3519;2754;292;3046;3649;-765;162;-603;-0,1979645436638214;-0,2777777777777778;0,5547945205479452;0,14302403204272363;0;4
2017-01-06;9;2017-01-06 09:00:00;60,0;50,86;9,14;40307;1675;49604;3097;2753;2276;5029;4772;-344;601;257;0,05110359912507457;-0,1249545949872866;0,2640597539543058;0,15233333333333335;0;4
2017-01-06;10;2017-01-06 10:00:00;60,04;51,03;9,009999999999998;40307;4064;49604;2724;2741;4821;7562;6788;17;757;774;0,10235387463633959;0,006202116016052536;0,1570213648620618;0,1500666222518321;0;4
2017-01-06;11;2017-01-06 11:00:00;57,7;50,77;6,93;40307;6262;49604;2534;2712;6436;9148;8796;178;174;352;0,038478355924792304;0,06563421828908554;0,027035425730267248;0,12010398613518196;0;4
2017-01-06;12;2017-01-06 12:00:00;52,86;50,36;2,5;40307;7288;49604;2818;2760;6895;9655;10106;-58;-393;-451;-0,04671154842050751;-0,021014492753623187;-0,05699782451051487;0,04729474082482028;0;4
2017-01-06;13;2017-01-06 13:00:00;50,05;44,05;6,0;40307;6842;49604;3112;2908;6110;9018;9954;-204;-732;-936;-0,10379241516966067;-0,07015130674002751;-0,11980360065466449;0,11988011988011989;0;4
2017-01-06;14;2017-01-06 14:00:00;50,94;43,46;7,479999999999998;40307;4852;49604;3242;3168;4266;7434;8094;-74;-586;-660;-0,08878127522195318;-0,02335858585858586;-0,1373652133145804;0,14683941892422453;0;4
2017-01-06;15;2017-01-06 15:00:00;54,04;45,93;8,11;40307;2046;49604;3585;3488;1812;5300;5631;-97;-234;-331;-0,06245283018867925;-0,027809633027522936;-0,1291390728476821;0,1500740192450037;0;4
2017-01-06;16;2017-01-06 16:00:00;57,52;51,67;5,850000000000001;40307;182;49604;4131;4020;154;4174;4313;-111;-28;-139;-0,03330138955438428;-0,027611940298507463;-0,18181818181818182;0,10170375521557722;0;4
2017-01-06;17;2017-01-06 17:00:00;64,91;55,8;9,11;40307;0;49604;5008;4869;0;4869;5008;-139;0;-139;-0,028547956459231874;-0,028547956459231874;;0,14034817439531658;0;4
2017-01-06;18;2017-01-06 18:00:00;59,92;50,98;8,940000000000007;40307;0;49604;6237;5827;0;5827;6237;-410;0;-410;-0,07036210743092501;-0,07036210743092501;;0,14919893190921238;0;4
2017-01-06;19;2017-01-06 19:00:00;57,99;47,8;10,190000000000003;40307;0;49604;7407;6654;0;6654;7407;-753;0;-753;-0,11316501352569883;-0,11316501352569883;;0,17571995171581312;0;4
2017-01-06;20;2017-01-06 20:00:00;43,68;38,73;4,950000000000003;40307;0;49604;7917;7275;0;7275;7917;-642;0;-642;-0,08824742268041237;-0,08824742268041237;;0,1133241758241759;0;4
2017-01-06;21;2017-01-06 21:00:00;38,46;37,24;1,2199999999999989;40307;0;49604;8026;7890;0;7890;8026;-136;0;-136;-0,01723700887198986;-0,01723700887198986;;0,031721268850754;0;4
2017-01-06;22;2017-01-06 22:00:00;40,94;39,59;1,3499999999999943;40307;0;49604;8488;8449;0;8449;8488;-39;0;-39;-0,0046159308793940115;-0,0046159308793940115;;0,032975085490962244;0;4
2017-01-06;23;2017-01-06 23:00:00;35,89;34,26;1,6300000000000026;40307;0;49604;9002;8917;0;8917;9002;-85;0;-85;-0,00953235393069418;-0,00953235393069418;;0,04541655057118982;0;4
2017-01-07;0;2017-01-07 00:00:00;36,83;37,77;-0,9400000000000048;40308;0;49612;9710;8566;0;8566;9710;-1144;0;-1144;-0,1335512491244455;-0,1335512491244455;;-0,025522671734998774;0;5
2017-01-07;1;2017-01-07 01:00:00;34,37;36,23;-1,8599999999999997;40308;0;49612;10204;9038;0;9038;10204;-1166;0;-1166;-0,12901084310688204;-0,12901084310688204;;-0,05411696246726796;0;5
2017-01-07;2;2017-01-07 02:00:00;33,84;35,2;-1,3599999999999994;40308;0;49612;10708;9589;0;9589;10708;-1119;0;-1119;-0,11669621441234748;-0,11669621441234748;;-0,040189125295508256;0;5
2017-01-07;3;2017-01-07 03:00:00;33,83;37,08;-3,25;40308;0;49612;11015;10114;0;10114;11015;-901;0;-901;-0,08908443741348626;-0,08908443741348626;;-0,09606857818504287;0;5
2017-01-07;4;2017-01-07 04:00:00;33,62;38,57;-4,950000000000003;40308;0;49612;11440;10587;0;10587;11440;-853;0;-853;-0,08057051100406158;-0,08057051100406158;;-0,14723378941106494;0;5
2017-01-07;5;2017-01-07 05:00:00;32,96;38,25;-5,289999999999999;40308;0;49612;12010;11015;0;11015;12010;-995;0;-995;-0,09033136631865638;-0,09033136631865638;;-0,16049757281553395;0;5
2017-01-07;6;2017-01-07 06:00:00;30,07;33,03;-2,9600000000000013;40308;0;49612;12347;11476;0;11476;12347;-871;0;-871;-0,07589752527012897;-0,07589752527012897;;-0,09843698037911544;0;5
2017-01-07;7;2017-01-07 07:00:00;33,58;36,09;-2,5100000000000047;40308;0;49612;12438;11846;1;11847;12438;-592;1;-591;-0,04988604710053178;-0,049974674995779164;1,0;-0,07474687313877322;0;5
2017-01-07;8;2017-01-07 08:00:00;36,02;35,53;0,490000000000002;40308;93;49612;12838;11954;150;12104;12931;-884;57;-827;-0,06832452081956378;-0,07395014221181194;0,38;0,013603553581343752;0;5
2017-01-07;9;2017-01-07 09:00:00;36,86;37,14;-0,28000000000000114;40308;657;49612;12897;11973;837;12810;13554;-924;180;-744;-0,05807962529274005;-0,077173640691556;0,21505376344086022;-0,007596310363537741;0;5
2017-01-07;10;2017-01-07 10:00:00;36,43;36,18;0,25;40308;1372;49612;12279;11828;1681;13509;13651;-451;309;-142;-0,010511510844622103;-0,03812986134595874;0,18381915526472337;0,006862475981334065;0;5
2017-01-07;11;2017-01-07 11:00:00;39,01;39,99;-0,980000000000004;40308;1773;49612;11919;11555;2205;13760;13692;-364;432;68;0,004941860465116279;-0,03150151449588923;0,19591836734693877;-0,025121763650346168;0;5
2017-01-07;12;2017-01-07 12:00:00;39,5;44,35;-4,850000000000001;40308;1786;49612;10919;11356;2194;13550;12705;437;408;845;0,062361623616236164;0,03848185980979218;0,18596171376481313;-0,12278481012658231;0;5
2017-01-07;13;2017-01-07 13:00:00;39,02;45,19;-6,1699999999999955;40308;1475;49612;10527;11321;1753;13074;12002;794;278;1072;0,08199479883738718;0,07013514707181344;0,15858528237307473;-0,15812403895438223;0;5
2017-01-07;14;2017-01-07 14:00:00;38,6;47,71;-9,11;40308;876;49612;10544;11390;1099;12489;11420;846;223;1069;0,08559532388501882;0,0742756804214223;0,20291173794358508;-0,2360103626943005;0;5
2017-01-07;15;2017-01-07 15:00:00;39,28;48,83;-9,549999999999997;40308;326;49612;10686;11556;445;12001;11012;870;119;989;0,08240979918340138;0,07528556593977155;0,26741573033707866;-0,24312627291242356;0;5
2017-01-07;16;2017-01-07 16:00:00;46,95;57,76;-10,809999999999995;40308;29;49612;10682;11600;52;11652;10711;918;23;941;0,08075866803982149;0,07913793103448276;0,4423076923076923;-0,23024494142704993;0;5
2017-01-07;17;2017-01-07 17:00:00;57,01;65,7;-8,690000000000005;40308;0;49612;10099;11483;1;11484;10099;1384;1;1385;0,12060257749912923;0,12052599494905512;1,0;-0,15242939835116656;0;5
2017-01-07;18;2017-01-07 18:00:00;54,02;64,46;-10,43999999999999;40308;0;49612;9480;11462;0;11462;9480;1982;0;1982;0,17291921130692725;0,17291921130692725;;-0,19326175490559033;0;5
2017-01-07;19;2017-01-07 19:00:00;46,92;61,36;-14,439999999999998;40308;0;49612;8842;11389;0;11389;8842;2547;0;2547;0,22363684256738958;0,22363684256738958;;-0,3077578857630008;0;5
2017-01-07;20;2017-01-07 20:00:00;38,12;57,53;-19,410000000000004;40308;0;49612;8712;11192;0;11192;8712;2480;0;2480;0,2215868477483917;0,2215868477483917;;-0,5091815320041974;0;5
2017-01-07;21;2017-01-07 21:00:00;35,09;55,0;-19,91;40308;0;49612;8937;10890;0;10890;8937;1953;0;1953;0,1793388429752066;0,1793388429752066;;-0,567398119122257;0;5
2017-01-07;22;2017-01-07 22:00:00;38,1;56,34;-18,24;40308;0;49612;8330;10416;0;10416;8330;2086;0;2086;0,20026881720430106;0,20026881720430106;;-0,4787401574803149;0;5
2017-01-07;23;2017-01-07 23:00:00;34,53;49,13;-14,6;40308;0;49612;7732;9796;0;9796;7732;2064;0;2064;0,21069824418129848;0,21069824418129848;;-0,4228207355922386;0;5
2017-01-08;0;2017-01-08 00:00:00;33,86;45,65;-11,79;40308;0;49612;6722;9572;0;9572;6722;2850;0;2850;0,29774341830338485;0,29774341830338485;;-0,348198464264619;0;6
2017-01-08;1;2017-01-08 01:00:00;34,14;46,69;-12,549999999999995;40308;0;49612;5858;8799;0;8799;5858;2941;0;2941;0,33424252755995;0,33424252755995;;-0,36760398359695357;0;6
2017-01-08;2;2017-01-08 02:00:00;33,96;48,87;-14,909999999999995;40308;0;49612;4800;7900;0;7900;4800;3100;0;3100;0,3924050632911392;0,3924050632911392;;-0,43904593639575956;0;6
2017-01-08;3;2017-01-08 03:00:00;35,01;50,85;-15,840000000000005;40308;0;49612;3981;6924;0;6924;3981;2943;0;2943;0,42504332755632585;0,42504332755632585;;-0,4524421593830336;0;6
2017-01-08;4;2017-01-08 04:00:00;36,07;55,41;-19,34;40308;0;49612;3470;5889;0;5889;3470;2419;0;2419;0,4107658346068942;0,4107658346068942;;-0,5361796506792348;0;6
2017-01-08;5;2017-01-08 05:00:00;36,07;53,07;-17,0;40308;0;49612;2952;4901;0;4901;2952;1949;0;1949;0,39767394409304224;0,39767394409304224;;-0,47130579428888275;0;6
2017-01-08;6;2017-01-08 06:00:00;36,01;49,5;-13,490000000000002;40308;0;49612;2627;4071;0;4071;2627;1444;0;1444;0,35470400393023827;0,35470400393023827;;-0,3746181616217718;0;6
2017-01-08;7;2017-01-08 07:00:00;35,37;47,47;-12,1;40308;0;49612;2240;3393;0;3393;2240;1153;0;1153;0,3398172708517536;0,3398172708517536;;-0,34209782301385355;0;6
2017-01-08;8;2017-01-08 08:00:00;37,29;54,28;-16,990000000000002;40308;23;49612;1608;2852;54;2906;1631;1244;31;1275;0,4387474191328286;0,4361851332398317;0,5740740740740741;-0,4556181281844999;0;6
2017-01-08;9;2017-01-08 09:00:00;39,15;57,8;-18,65;40308;239;49612;1234;2370;368;2738;1473;1136;129;1265;0,4620160701241782;0,47932489451476795;0,35054347826086957;-0,4763729246487867;0;6
2017-01-08;10;2017-01-08 10:00:00;41,25;58,34;-17,090000000000003;40308;619;49612;990;1855;887;2742;1609;865;268;1133;0,41320204230488694;0,46630727762803237;0,30214205186020293;-0,4143030303030304;0;6
2017-01-08;11;2017-01-08 11:00:00;51,93;62,42;-10,490000000000002;40308;966;49612;775;1417;1311;2728;1741;642;345;987;0,3618035190615836;0,45306986591390264;0,2631578947368421;-0,2020026959368381;0;6
2017-01-08;12;2017-01-08 12:00:00;45,37;61,86;-16,490000000000002;40308;1114;49612;625;1112;1487;2599;1739;487;373;860;0,3308964986533282;0,4379496402877698;0,2508406186953598;-0,36345602821247525;0;6
2017-01-08;13;2017-01-08 13:00:00;40,53;58,58;-18,05;40308;1016;49612;495;901;1361;2262;1511;406;345;751;0,33200707338638374;0,4506104328523862;0,25349008082292435;-0,4453491241056008;0;6
2017-01-08;14;2017-01-08 14:00:00;39,73;57,14;-17,410000000000004;40308;710;49612;349;783;929;1712;1059;434;219;653;0,3814252336448598;0,5542784163473818;0,2357373519913886;-0,4382079033475964;0;6
2017-01-08;15;2017-01-08 15:00:00;42,75;57,63;-14,880000000000004;40308;279;49612;284;681;379;1060;563;397;100;497;0,4688679245283019;0,5829662261380323;0,2638522427440633;-0,3480701754385966;0;6
2017-01-08;16;2017-01-08 16:00:00;53,87;60,27;-6,400000000000006;40308;25;49612;287;659;48;707;312;372;23;395;0,5586987270155587;0,5644916540212443;0,4791666666666667;-0,11880452942268435;0;6
2017-01-08;17;2017-01-08 17:00:00;60,95;67,84;-6,8900000000000015;40308;0;49612;394;717;0;717;394;323;0;323;0,4504881450488145;0,4504881450488145;;-0,11304347826086958;0;6
2017-01-08;18;2017-01-08 18:00:00;64,93;70,07;-5,139999999999986;40308;0;49612;509;837;0;837;509;328;0;328;0,3918757467144564;0,3918757467144564;;-0,07916217464962245;0;6
2017-01-08;19;2017-01-08 19:00:00;58,91;64,91;-6,0;40308;0;49612;721;988;0;988;721;267;0;267;0,2702429149797571;0,2702429149797571;;-0,10185028008827025;0;6
2017-01-08;20;2017-01-08 20:00:00;50,03;58,19;-8,159999999999998;40308;0;49612;995;1181;0;1181;995;186;0;186;0,15749364944961897;0,15749364944961897;;-0,1631021387167699;0;6
2017-01-08;21;2017-01-08 21:00:00;39,06;49,08;-10,019999999999996;40308;0;49612;1221;1445;0;1445;1221;224;0;224;0,15501730103806227;0,15501730103806227;;-0,2565284178187403;0;6
2017-01-08;22;2017-01-08 22:00:00;40,06;50,04;-9,979999999999997;40308;0;49612;1326;1732;0;1732;1326;406;0;406;0,23441108545034642;0,23441108545034642;;-0,24912631053419862;0;6
2017-01-08;23;2017-01-08 23:00:00;37,09;41,79;-4,699999999999996;40308;0;49612;1602;1987;0;1987;1602;385;0;385;0,1937594363361852;0,1937594363361852;;-0,1267187921272579;0;6
2017-01-09;0;2017-01-09 00:00:00;40,0;39,89;0,10999999999999943;40310;0;49618;1918;2657;0;2657;1918;739;0;739;0,2781332329695145;0,2781332329695145;;0,002749999999999986;0;0
2017-01-09;1;2017-01-09 01:00:00;39,05;39,76;-0,7100000000000009;40310;0;49618;2169;2855;0;2855;2169;686;0;686;0,24028021015761822;0,24028021015761822;;-0,018181818181818205;0;0
2017-01-09;2;2017-01-09 02:00:00;39,21;39,71;-0,5;40310;0;49618;2324;3096;0;3096;2324;772;0;772;0,24935400516795866;0,24935400516795866;;-0,012751849018107626;0;0
2017-01-09;3;2017-01-09 03:00:00;39,24;39,95;-0,7100000000000009;40310;0;49618;2677;3350;0;3350;2677;673;0;673;0,2008955223880597;0,2008955223880597;;-0,018093781855249767;0;0
2017-01-09;4;2017-01-09 04:00:00;40,26;39,35;0,9099999999999966;40310;0;49618;3138;3675;0;3675;3138;537;0;537;0,14612244897959184;0,14612244897959184;;0,022603079980129077;0;0
2017-01-09;5;2017-01-09 05:00:00;43,84;41,43;2,410000000000004;40310;0;49618;3484;4092;0;4092;3484;608;0;608;0,14858260019550343;0,14858260019550343;;0,054972627737226366;0;0
2017-01-09;6;2017-01-09 06:00:00;58,99;50,31;8,68;40310;0;49618;3815;4597;0;4597;3815;782;0;782;0,1701109419186426;0,1701109419186426;;0,14714358365824715;0;0
2017-01-09;7;2017-01-09 07:00:00;74,04;67,25;6,790000000000006;40310;0;49618;4496;5093;0;5093;4496;597;0;597;0,11721971333202434;0,11721971333202434;;0,09170718530524048;0;0
2017-01-09;8;2017-01-09 08:00:00;75,49;67,42;8,069999999999991;40310;35;49618;5285;5712;89;5801;5320;427;54;481;0,08291673849336322;0,07475490196078431;0,6067415730337079;0,10690157636773072;0;0
2017-01-09;9;2017-01-09 09:00:00;74,63;64,75;9,879999999999997;40310;322;49618;5674;6367;544;6911;5996;693;222;915;0,1323976269714947;0,10884246898068164;0,40808823529411764;0,13238643976952966;0;0
2017-01-09;10;2017-01-09 10:00:00;73,97;64,28;9,689999999999998;40310;819;49618;5692;6883;1191;8074;6511;1191;372;1563;0,19358434481050285;0,17303501380212116;0,3123425692695214;0,1309990536704069;0;0
2017-01-09;11;2017-01-09 11:00:00;72,0;63,07;8,93;40310;1346;49618;5730;7196;1681;8877;7076;1466;335;1801;0,2028838571589501;0,2037242912729294;0,19928613920285546;0,12402777777777778;0;0
2017-01-09;12;2017-01-09 12:00:00;72,12;67,02;5,1000000000000085;40310;1640;49618;5868;7486;1848;9334;7508;1618;208;1826;0,19562888365116776;0,21613678867218808;0,11255411255411256;0,0707154742096507;0;0
2017-01-09;13;2017-01-09 13:00:00;70,09;67,03;3,0600000000000023;40310;1491;49618;6206;7911;1662;9573;7697;1705;171;1876;0,1959678261777917;0,2155226899254203;0,10288808664259928;0,043658153802254275;0;0
2017-01-09;14;2017-01-09 14:00:00;67,41;65,84;1,5699999999999932;40310;1022;49618;6544;8598;1171;9769;7566;2054;149;2203;0,22550926399836216;0,23889276575947896;0,12724167378309137;0,023290313009939077;0;0
2017-01-09;15;2017-01-09 15:00:00;65,21;65,75;-0,5400000000000063;40310;357;49618;7264;9375;514;9889;7621;2111;157;2268;0,22934573768834057;0,22517333333333334;0,30544747081712065;-0,008280938506364152;0;0
2017-01-09;16;2017-01-09 16:00:00;65,09;70,57;-5,479999999999991;40310;38;49618;8940;10402;65;10467;8978;1462;27;1489;0,14225661603133657;0,14054989425110556;0,4153846153846154;-0,08419111998770917;0;0
2017-01-09;17;2017-01-09 17:00:00;74,72;77,48;-2,7600000000000047;40310;0;49618;10577;11717;0;11717;10577;1140;0;1140;0,09729452931637791;0,09729452931637791;;-0,0369379014989294;0;0
2017-01-09;18;2017-01-09 18:00:00;59,94;67,9;-7,960000000000008;40310;0;49618;11904;13102;0;13102;11904;1198;0;1198;0,0914364219203175;0,0914364219203175;;-0,1327994661327996;0;0
2017-01-09;19;2017-01-09 19:00:00;52,2;57,83;-5,629999999999996;40310;0;49618;13056;14256;0;14256;13056;1200;0;1200;0,08417508417508418;0,08417508417508418;;-0,10785440613026813;0;0
2017-01-09;20;2017-01-09 20:00:00;39,1;44,19;-5,089999999999995;40310;0;49618;14132;15147;0;15147;14132;1015;0;1015;0,06700996897075329;0,06700996897075329;;-0,1301790281329922;0;0
2017-01-09;21;2017-01-09 21:00:00;36,62;40,13;-3,5100000000000047;40310;0;49618;14912;15968;0;15968;14912;1056;0;1056;0,06613226452905811;0,06613226452905811;;-0,09584926269797939;0;0
2017-01-09;22;2017-01-09 22:00:00;36,08;38,8;-2,719999999999999;40310;0;49618;15129;16571;0;16571;15129;1442;0;1442;0,08701949188341078;0,08701949188341078;;-0,07538802660753878;0;0
2017-01-09;23;2017-01-09 23:00:00;32,76;36,43;-3,6700000000000017;40310;0;49618;15713;16923;0;16923;15713;1210;0;1210;0,07150032500147728;0,07150032500147728;;-0,11202686202686209;0;0
2017-01-10;0;2017-01-10 00:00:00;32,45;28,66;3,7900000000000023;40313;0;49625;16254;17720;0;17720;16254;1466;0;1466;0,0827313769751693;0,0827313769751693;;0,11679506933744228;0;1
2017-01-10;1;2017-01-10 01:00:00;31,52;27,27;4,25;40313;0;49625;16697;18020;0;18020;16697;1323;0;1323;0,07341842397336293;0,07341842397336293;;0,13483502538071065;0;1
2017-01-10;2;2017-01-10 02:00:00;29,08;25,82;3,259999999999998;40313;0;49625;16900;18135;0;18135;16900;1235;0;1235;0,06810035842293907;0,06810035842293907;;0,11210453920220076;0;1
2017-01-10;3;2017-01-10 03:00:00;28,92;22,83;6,0900000000000025;40313;0;49625;17193;18033;0;18033;17193;840;0;840;0,04658126767592747;0,04658126767592747;;0,21058091286307062;0;1
2017-01-10;4;2017-01-10 04:00:00;31,49;24,2;7,289999999999999;40313;0;49625;16838;17431;0;17431;16838;593;0;593;0,03401984969307555;0,03401984969307555;;0,23150206414734834;0;1
2017-01-10;5;2017-01-10 05:00:00;33,06;27,19;5,870000000000001;40313;0;49625;16095;16399;0;16399;16095;304;0;304;0,018537715714372828;0,018537715714372828;;0,17755595886267395;0;1
2017-01-10;6;2017-01-10 06:00:00;36,26;31,8;4,459999999999997;40313;0;49625;15918;15438;0;15438;15918;-480;0;-480;-0,03109211037699184;-0,03109211037699184;;0,12300055157198007;0;1
2017-01-10;7;2017-01-10 07:00:00;46,0;40,68;5,32;40313;0;49625;14517;14607;0;14607;14517;90;0;90;0,0061614294516327784;0,0061614294516327784;;0,11565217391304349;0;1
2017-01-10;8;2017-01-10 08:00:00;59,89;58,64;1,25;40313;77;49625;12422;13764;103;13867;12499;1342;26;1368;0,09865147472416529;0,0975007265329846;0,2524271844660194;0,020871597929537484;0;1
2017-01-10;9;2017-01-10 09:00:00;59,96;68,8;-8,839999999999996;40313;722;49625;11518;12888;641;13529;12240;1370;-81;1289;0,09527681277256264;0,10630043451272501;-0,12636505460218408;-0,14743162108072042;0;1
2017-01-10;10;2017-01-10 10:00:00;62,69;73,82;-11,129999999999995;40313;1838;49625;10564;11836;1435;13271;12402;1272;-403;869;0,06548112425589632;0,10746873943899966;-0,2808362369337979;-0,177540277556229;0;1
2017-01-10;11;2017-01-10 11:00:00;66,82;72,91;-6,0900000000000025;40313;2573;49625;9864;10539;2053;12592;12437;675;-520;155;0,012309402795425667;0,06404782237403928;-0,25328787140769604;-0,09114037713259508;0;1
2017-01-10;12;2017-01-10 12:00:00;71,42;72,77;-1,3499999999999943;40313;2798;49625;9444;9301;2263;11564;12242;-143;-535;-678;-0,05863023175371844;-0,015374690893452317;-0,23641184268669907;-0,018902268272192584;0;1
2017-01-10;13;2017-01-10 13:00:00;72,33;71,72;0,6099999999999994;40313;2524;49625;8917;8505;2021;10526;11441;-412;-503;-915;-0,08692760782823485;-0,04844209288653733;-0,24888668975754577;0,008433568367205855;0;1
2017-01-10;14;2017-01-10 14:00:00;69,5;65,1;4,400000000000006;40313;1761;49625;8183;8389;1365;9754;9944;206;-396;-190;-0,019479188025425465;0,02455596614614376;-0,29010989010989013;0,0633093525179857;0;1
2017-01-10;15;2017-01-10 15:00:00;70,64;64,01;6,629999999999996;40313;694;49625;7752;8563;541;9104;8446;811;-153;658;0,07227592267135326;0,09470979796800187;-0,2828096118299446;0,0938561721404303;0;1
2017-01-10;16;2017-01-10 16:00:00;66,96;69,88;-2,9200000000000017;40313;57;49625;7979;8954;57;9011;8036;975;0;975;0,10820108755964931;0,10888988161715435;0,0;-0,04360812425328557;0;1
2017-01-10;17;2017-01-10 17:00:00;88,38;92,26;-3,8800000000000097;40313;1;49625;8780;9494;0;9494;8781;714;-1;713;0,07510006319780914;0,0752053928797135;-inf;-0,04390133514369778;0;1
2017-01-10;18;2017-01-10 18:00:00;98,93;91,15;7,780000000000001;40313;0;49625;9298;9890;0;9890;9298;592;0;592;0,05985844287158746;0,05985844287158746;;0,07864146366117457;0;1
2017-01-10;19;2017-01-10 19:00:00;69,65;66,34;3,3100000000000023;40313;0;49625;9522;10027;0;10027;9522;505;0;505;0,05036401715368505;0,05036401715368505;;0,04752333094041639;0;1
2017-01-10;20;2017-01-10 20:00:00;58,82;54,65;4,170000000000002;40313;0;49625;9928;9991;0;9991;9928;63;0;63;0,006305675107596837;0,006305675107596837;;0,07089425365521934;0;1
2017-01-10;21;2017-01-10 21:00:00;47,63;41,95;5,68;40313;0;49625;10382;9882;0;9882;10382;-500;0;-500;-0,05059704513256426;-0,05059704513256426;;0,11925257190846104;0;1
2017-01-10;22;2017-01-10 22:00:00;40,08;40,17;-0,09000000000000341;40313;0;49625;10218;9904;0;9904;10218;-314;0;-314;-0,031704361873990304;-0,031704361873990304;;-0,0022455089820360135;0;1
2017-01-10;23;2017-01-10 23:00:00;38,06;39,05;-0,9899999999999948;40313;0;49625;10404;10154;0;10154;10404;-250;0;-250;-0,024620839078195785;-0,024620839078195785;;-0,02601156069364148;0;1
2017-01-11;0;2017-01-11 00:00:00;38,99;38,35;0,6400000000000006;40314;0;49633;11040;10895;0;10895;11040;-145;0;-145;-0,01330885727397889;-0,01330885727397889;;0,01641446524749937;0;2
2017-01-11;1;2017-01-11 01:00:00;37,2;37,72;-0,519999999999996;40314;0;49633;11893;11819;0;11819;11893;-74;0;-74;-0,006261105000423047;-0,006261105000423047;;-0,013978494623655805;0;2
2017-01-11;2;2017-01-11 02:00:00;34,03;35,48;-1,4499999999999955;40314;0;49633;13018;13157;0;13157;13018;139;0;139;0,010564718400851257;0,010564718400851257;;-0,04260946223920057;0;2
2017-01-11;3;2017-01-11 03:00:00;34,78;36,84;-2,0600000000000023;40314;0;49633;14277;14746;0;14746;14277;469;0;469;0,031805235318052356;0,031805235318052356;;-0,05922944220816567;0;2
2017-01-11;4;2017-01-11 04:00:00;32,7;36,41;-3,7099999999999937;40314;0;49633;16040;16618;0;16618;16040;578;0;578;0,03478156216151161;0,03478156216151161;;-0,11345565749235453;0;2
2017-01-11;5;2017-01-11 05:00:00;31,21;34,7;-3,490000000000002;40314;0;49633;18168;18953;0;18953;18168;785;0;785;0,04141824513269667;0,04141824513269667;;-0,11182313361102217;0;2
2017-01-11;6;2017-01-11 06:00:00;37,2;38,68;-1,4799999999999969;40314;0;49633;21544;21410;0;21410;21544;-134;0;-134;-0,006258757589911256;-0,006258757589911256;;-0,03978494623655905;0;2
2017-01-11;7;2017-01-11 07:00:00;49,97;50,06;-0,09000000000000341;40314;0;49633;24248;23981;1;23982;24248;-267;1;-266;-0,011091652072387624;-0,011133814269630124;1,0;-0,0018010806483891018;0;2
2017-01-11;8;2017-01-11 08:00:00;46,98;43,36;3,619999999999997;40314;75;49633;26608;26665;137;26802;26683;57;62;119;0,004439967166629356;0,0021376336021001314;0,45255474452554745;0,07705406555981263;0;2
2017-01-11;9;2017-01-11 09:00:00;44,7;44,49;0,21000000000000085;40314;558;49633;28345;29106;766;29872;28903;761;208;969;0,032438403856454204;0,026145811860097574;0,27154046997389036;0,004697986577181227;0;2
2017-01-11;10;2017-01-11 10:00:00;44,41;48,77;-4,360000000000007;40314;1004;49633;30334;31101;1471;32572;31338;767;467;1234;0,03788530025789021;0,024661586444165783;0,3174711080897349;-0,0981760864670121;0;2
2017-01-11;11;2017-01-11 11:00:00;41,06;46,39;-5,329999999999998;40314;1371;49633;31573;32446;1856;34302;32944;873;485;1358;0,03958952830738732;0,02690624422116748;0,2613146551724138;-0,12981003409644418;0;2
2017-01-11;12;2017-01-11 12:00:00;36,94;42,36;-5,420000000000003;40314;1507;49633;31707;33324;1808;35132;33214;1617;301;1918;0,05459410224296937;0,04852358660424919;0,16648230088495575;-0,14672441797509483;0;2
2017-01-11;13;2017-01-11 13:00:00;34,09;41,95;-7,8599999999999985;40314;1382;49633;31168;33852;1492;35344;32550;2684;110;2794;0,07905160706201901;0,0792863050927567;0,07372654155495978;-0,23056614843062476;0;2
2017-01-11;14;2017-01-11 14:00:00;33,68;42,58;-8,899999999999997;40314;1004;49633;30396;33967;998;34965;31400;3571;-6;3565;0,10195910195910196;0,10513145111431683;-0,006012024048096192;-0,26425178147268397;0;2
2017-01-11;15;2017-01-11 15:00:00;33,64;43,79;-10,15;40314;430;49633;30732;33986;411;34397;31162;3254;-19;3235;0,09404889961333837;0,0957453068910728;-0,046228710462287104;-0,3017241379310345;0;2
2017-01-11;16;2017-01-11 16:00:00;33,66;48,02;-14,360000000000007;40314;46;49633;30638;33800;43;33843;30684;3162;-3;3159;0,09334278875986171;0,09355029585798817;-0,06976744186046512;-0,4266191325014857;0;2
2017-01-11;17;2017-01-11 17:00:00;38,53;51,04;-12,509999999999998;40314;2;49633;29780;33365;0;33365;29782;3585;-2;3583;0,10738798141765322;0,10744792447175183;-inf;-0,3246820659226576;0;2
2017-01-11;18;2017-01-11 18:00:00;37,4;48,26;-10,86;40314;0;49633;30127;32844;0;32844;30127;2717;0;2717;0,08272439410546828;0,08272439410546828;;-0,2903743315508021;0;2
2017-01-11;19;2017-01-11 19:00:00;37,07;46,83;-9,759999999999998;40314;0;49633;30444;32490;0;32490;30444;2046;0;2046;0,06297322253000924;0,06297322253000924;;-0,2632856757485837;0;2
2017-01-11;20;2017-01-11 20:00:00;34,0;42,19;-8,189999999999998;40314;0;49633;31447;32280;0;32280;31447;833;0;833;0,02580545229244114;0,02580545229244114;;-0,2408823529411764;0;2
2017-01-11;21;2017-01-11 21:00:00;31,83;34,66;-2,8299999999999983;40314;0;49633;31714;32307;0;32307;31714;593;0;593;0,018355155229516824;0,018355155229516824;;-0,0889098334904178;0;2
2017-01-11;22;2017-01-11 22:00:00;26,27;30,55;-4,280000000000001;40314;0;49633;30808;32452;0;32452;30808;1644;0;1644;0,05065943547393073;0,05065943547393073;;-0,1629234868671489;0;2
2017-01-11;23;2017-01-11 23:00:00;11,68;18,68;-7,0;40314;0;49633;31043;32587;0;32587;31043;1544;0;1544;0,04738085739712155;0,04738085739712155;;-0,5993150684931507;0;2
2017-01-12;0;2017-01-12 00:00:00;12,12;17,04;-4,92;40319;0;49649;31207;32325;0;32325;31207;1118;0;1118;0,0345862335653519;0,0345862335653519;;-0,40594059405940597;0;3
2017-01-12;1;2017-01-12 01:00:00;9,83;15,75;-5,92;40319;0;49649;30839;32412;0;32412;30839;1573;0;1573;0,04853140812044922;0,04853140812044922;;-0,6022380467955238;0;3
2017-01-12;2;2017-01-12 02:00:00;9,02;15,75;-6,73;40319;0;49649;30415;32365;0;32365;30415;1950;0;1950;0,06025027035377723;0,06025027035377723;;-0,7461197339246121;0;3
2017-01-12;3;2017-01-12 03:00:00;9,27;13,93;-4,66;40319;0;49649;30150;32288;0;32288;30150;2138;0;2138;0,06621655104063429;0,06621655104063429;;-0,5026968716289105;0;3
2017-01-12;4;2017-01-12 04:00:00;9,84;15,58;-5,74;40319;0;49649;29882;32117;0;32117;29882;2235;0;2235;0,06958931407043;0,06958931407043;;-0,5833333333333334;0;3
2017-01-12;5;2017-01-12 05:00:00;10,55;23,34;-12,79;40319;0;49649;29579;31809;0;31809;29579;2230;0;2230;0,07010594485837342;0,07010594485837342;;-1,2123222748815163;0;3
2017-01-12;6;2017-01-12 06:00:00;28,29;39,04;-10,75;40319;0;49649;30768;31473;0;31473;30768;705;0;705;0,022400152511676676;0,022400152511676676;;-0,37999293036408627;0;3
2017-01-12;7;2017-01-12 07:00:00;40,02;47,37;-7,349999999999994;40319;0;49649;30285;31128;0;31128;30285;843;0;843;0,02708172706245181;0,02708172706245181;;-0,18365817091454256;0;3
2017-01-12;8;2017-01-12 08:00:00;40,07;50,08;-10,009999999999998;40319;84;49649;30072;30881;113;30994;30156;809;29;838;0,027037491127314964;0,02619733816910074;0,25663716814159293;-0,24981282755178433;0;3
2017-01-12;9;2017-01-12 09:00:00;38,2;49,43;-11,229999999999995;40319;904;49649;29740;30686;804;31490;30644;946;-100;846;0,026865671641791045;0,030828390797106173;-0,12437810945273632;-0,2939790575916229;0;3
2017-01-12;10;2017-01-12 10:00:00;38,61;46,85;-8,240000000000002;40319;2421;49649;29631;30626;1839;32465;32052;995;-582;413;0,01272139226859695;0,03248873506171227;-0,3164763458401305;-0,21341621341621347;0;3
2017-01-12;11;2017-01-12 11:00:00;38,43;42,55;-4,119999999999997;40319;3475;49649;29776;30611;2654;33265;33251;835;-821;14;0,0004208627686757854;0,027277775962889158;-0,30934438583270535;-0,10720791048659895;0;3
2017-01-12;12;2017-01-12 12:00:00;36,7;40,99;-4,289999999999999;40319;4026;49649;29506;30411;2963;33374;33532;905;-1063;-158;-0,004734224246419368;0,029758968794186314;-0,35875801552480596;-0,11689373297002721;0;3
2017-01-12;13;2017-01-12 13:00:00;39,61;41,95;-2,3400000000000034;40319;3520;49649;28280;29556;2649;32205;31800;1276;-871;405;0,012575687005123428;0,04317228312356205;-0,32880332200830503;-0,0590759909113861;0;3
2017-01-12;14;2017-01-12 14:00:00;40,05;43,08;-3,030000000000001;40319;2327;49649;25606;27913;1818;29731;27933;2307;-509;1798;0,06047559786081867;0,08264966144807079;-0,27997799779978;-0,07565543071161052;0;3
2017-01-12;15;2017-01-12 15:00:00;45,32;54,24;-8,920000000000002;40319;991;49649;23766;25978;703;26681;24757;2212;-288;1924;0,072111240208388;0,08514897220725229;-0,4096728307254623;-0,19682259488084736;0;3
2017-01-12;16;2017-01-12 16:00:00;46,98;57,84;-10,860000000000007;40319;113;49649;21204;24183;72;24255;21317;2979;-41;2938;0,12112966398680684;0,12318570896911053;-0,5694444444444444;-0,23116219667943821;0;3
2017-01-12;17;2017-01-12 17:00:00;57,09;65,36;-8,269999999999996;40319;4;49649;18895;22839;0;22839;18899;3944;-4;3940;0,1725119313455055;0,1726870703620999;-inf;-0,14485899456997714;0;3
2017-01-12;18;2017-01-12 18:00:00;57,13;65,11;-7,979999999999998;40319;0;49649;16440;21644;0;21644;16440;5204;0;5204;0,24043614858621326;0,24043614858621326;;-0,13968142832137226;0;3
2017-01-12;19;2017-01-12 19:00:00;57,05;64,07;-7,019999999999996;40319;0;49649;15244;20440;0;20440;15244;5196;0;5196;0,2542074363992172;0,2542074363992172;;-0,12304995617879047;0;3
2017-01-12;20;2017-01-12 20:00:00;45,01;54,85;-9,840000000000003;40319;0;49649;15028;19383;0;19383;15028;4355;0;4355;0,22468142186452045;0,22468142186452045;;-0,21861808487002896;0;3
2017-01-12;21;2017-01-12 21:00:00;40,09;49,15;-9,059999999999997;40319;0;49649;14506;18389;0;18389;14506;3883;0;3883;0,21115884496166187;0,21115884496166187;;-0,22599151908206525;0;3
2017-01-12;22;2017-01-12 22:00:00;37,89;47,45;-9,560000000000002;40319;0;49649;14236;17705;0;17705;14236;3469;0;3469;0,19593335216040667;0,19593335216040667;;-0,2523093164423331;0;3
2017-01-12;23;2017-01-12 23:00:00;33,07;37,44;-4,369999999999997;40319;0;49649;14969;17523;0;17523;14969;2554;0;2554;0,14575129829367117;0,14575129829367117;;-0,13214393710311453;0;3
2017-01-13;0;2017-01-13 00:00:00;35,19;30,05;5,139999999999997;40320;0;49661;15975;13145;0;13145;15975;-2830;0;-2830;-0,21529098516546216;-0,21529098516546216;;0,14606422279056544;0;4
2017-01-13;1;2017-01-13 01:00:00;33,44;26,8;6,639999999999998;40320;0;49661;17101;13466;0;13466;17101;-3635;0;-3635;-0,2699391058963315;-0,2699391058963315;;0,19856459330143536;0;4
2017-01-13;2;2017-01-13 02:00:00;32,44;20,56;11,88;40320;0;49661;17798;14542;0;14542;17798;-3256;0;-3256;-0,22390317700453857;-0,22390317700453857;;0,3662145499383478;0;4
2017-01-13;3;2017-01-13 03:00:00;29,8;18,88;10,920000000000002;40320;0;49661;18515;15780;0;15780;18515;-2735;0;-2735;-0,17332065906210392;-0,17332065906210392;;0,3664429530201343;0;4
2017-01-13;4;2017-01-13 04:00:00;29,25;24,17;5,079999999999998;40320;0;49661;20394;17305;0;17305;20394;-3089;0;-3089;-0,17850332273909275;-0,17850332273909275;;0,17367521367521363;0;4
2017-01-13;5;2017-01-13 05:00:00;30,64;30,52;0,12000000000000098;40320;0;49661;21590;19208;0;19208;21590;-2382;0;-2382;-0,12401082882132444;-0,12401082882132444;;0,003916449086161912;0;4
2017-01-13;6;2017-01-13 06:00:00;37,27;35,4;1,8700000000000043;40320;0;49661;22796;20897;0;20897;22796;-1899;0;-1899;-0,09087428817533617;-0,09087428817533617;;0,050174403005098046;0;4
2017-01-13;7;2017-01-13 07:00:00;46,98;46,9;0,0799999999999983;40320;0;49661;23583;21946;0;21946;23583;-1637;0;-1637;-0,07459218080743643;-0,07459218080743643;;0,001702852277564885;0;4
2017-01-13;8;2017-01-13 08:00:00;45,5;47,98;-2,479999999999997;40320;115;49661;24386;22613;140;22753;24501;-1773;25;-1748;-0,07682503406144245;-0,07840622650687658;0,17857142857142858;-0,05450549450549444;0;4
2017-01-13;9;2017-01-13 09:00:00;45,48;46,9;-1,4200000000000017;40320;820;49661;23648;23685;848;24533;24468;37;28;65;0,002649492520278808;0,0015621701498838927;0,0330188679245283;-0,031222515391380868;0;4
2017-01-13;10;2017-01-13 10:00:00;46,96;47,98;-1,019999999999996;40320;1822;49661;23659;24678;1753;26431;25481;1019;-69;950;0,03594264310847111;0,041291838884836694;-0,039361095265259556;-0,021720613287904516;0;4
2017-01-13;11;2017-01-13 11:00:00;46,7;48,44;-1,7399999999999949;40320;2538;49661;23340;25375;2404;27779;25878;2035;-134;1901;0,06843298894848626;0,08019704433497538;-0,05574043261231281;-0,03725910064239817;0;4
2017-01-13;12;2017-01-13 12:00:00;43,07;44,81;-1,740000000000002;40320;2935;49661;22399;25906;2668;28574;25334;3507;-267;3240;0,11338979491845734;0,13537404462286728;-0,10007496251874062;-0,040399349895518966;0;4
2017-01-13;13;2017-01-13 13:00:00;42,06;44,44;-2,3799999999999955;40320;2800;49661;22434;25712;2453;28165;25234;3278;-347;2931;0,1040653293094266;0,12748911014312383;-0,14145943742356298;-0,05658582976699941;0;4
2017-01-13;14;2017-01-13 14:00:00;41,98;43,37;-1,3900000000000006;40320;2148;49661;22240;24938;1776;26714;24388;2698;-372;2326;0,08707044995133638;0,10818830700136338;-0,20945945945945946;-0,033111005240590775;0;4
2017-01-13;15;2017-01-13 15:00:00;43,03;41,65;1,3800000000000026;40320;998;49661;21631;23972;804;24776;22629;2341;-194;2147;0,08665644171779141;0,09765559819789754;-0,24129353233830847;0,03207064838484784;0;4
2017-01-13;16;2017-01-13 16:00:00;44,87;45,18;-0,3100000000000023;40320;132;49661;21989;23175;98;23273;22121;1186;-34;1152;0,04949941992867271;0,05117583603020496;-0,3469387755102041;-0,006908847782482779;0;4
2017-01-13;17;2017-01-13 17:00:00;48,72;46,67;2,0499999999999967;40320;3;49661;22198;22969;0;22969;22201;771;-3;768;0,03343637076059036;0,03356698158387392;-inf;0,04207717569786529;0;4
2017-01-13;18;2017-01-13 18:00:00;45,17;40,52;4,649999999999999;40320;0;49661;22674;23203;0;23203;22674;529;0;529;0,022798776020342196;0,022798776020342196;;0,1029444321452291;0;4
2017-01-13;19;2017-01-13 19:00:00;44,94;35,59;9,349999999999994;40320;0;49661;21980;23326;0;23326;21980;1346;0;1346;0,05770384978135985;0,05770384978135985;;0,20805518469069859;0;4
2017-01-13;20;2017-01-13 20:00:00;39,94;33,22;6,719999999999999;40320;0;49661;21570;23265;0;23265;21570;1695;0;1695;0,07285622179239201;0,07285622179239201;;0,16825237856785175;0;4
2017-01-13;21;2017-01-13 21:00:00;36,7;31,39;5,310000000000001;40320;0;49661;20766;23330;0;23330;20766;2564;0;2564;0,10990141448778397;0,10990141448778397;;0,14468664850136242;0;4
2017-01-13;22;2017-01-13 22:00:00;33,99;31,09;2,9000000000000017;40320;0;49661;20273;23521;0;23521;20273;3248;0;3248;0,13808936694868415;0,13808936694868415;;0,08531921153280381;0;4
2017-01-13;23;2017-01-13 23:00:00;30,99;29,31;1,6799999999999995;40320;0;49661;20306;23389;0;23389;20306;3083;0;3083;0,13181410064560264;0,13181410064560264;;0,05421103581800579;0;4
2017-01-14;0;2017-01-14 00:00:00;29,82;19,58;10,240000000000002;40320;0;49661;21348;17283;0;17283;21348;-4065;0;-4065;-0,23520222183648673;-0,23520222183648673;;0,3433936955063716;0;5
2017-01-14;1;2017-01-14 01:00:00;28,98;14,85;14,13;40320;0;49661;22732;17772;0;17772;22732;-4960;0;-4960;-0,2790907044789557;-0,2790907044789557;;0,4875776397515528;0;5
2017-01-14;2;2017-01-14 02:00:00;28,64;6,2;22,44;40320;0;49661;23232;18109;0;18109;23232;-5123;0;-5123;-0,282898006516097;-0,282898006516097;;0,7835195530726258;0;5
2017-01-14;3;2017-01-14 03:00:00;28,5;4,27;24,23;40320;0;49661;23108;18492;0;18492;23108;-4616;0;-4616;-0,24962145792775253;-0,24962145792775253;;0,8501754385964913;0;5
2017-01-14;4;2017-01-14 04:00:00;28,61;4,02;24,59;40320;0;49661;22600;18942;0;18942;22600;-3658;0;-3658;-0,19311582726216872;-0,19311582726216872;;0,859489688919958;0;5
2017-01-14;5;2017-01-14 05:00:00;28,05;7,68;20,37;40320;0;49661;22154;19313;0;19313;22154;-2841;0;-2841;-0,14710298762491586;-0,14710298762491586;;0,7262032085561497;0;5
2017-01-14;6;2017-01-14 06:00:00;29,49;13,77;15,72;40320;0;49661;22776;19934;0;19934;22776;-2842;0;-2842;-0,14257048259255542;-0,14257048259255542;;0,5330620549338759;0;5
2017-01-14;7;2017-01-14 07:00:00;28,97;16,56;12,41;40320;0;49661;21898;20074;0;20074;21898;-1824;0;-1824;-0,09086380392547574;-0,09086380392547574;;0,4283741801863997;0;5
2017-01-14;8;2017-01-14 08:00:00;33,19;25,14;8,049999999999997;40320;80;49661;20533;19671;127;19798;20613;-862;47;-815;-0,04116577432063845;-0,043820853032382694;0,3700787401574803;0,24254293461886103;0;5
2017-01-14;9;2017-01-14 09:00:00;36,78;33,41;3,3700000000000045;40320;787;49661;19071;19325;893;20218;19858;254;106;360;0,01780591552082303;0,01314359637774903;0,1187010078387458;0,09162588363240903;0;5
2017-01-14;10;2017-01-14 10:00:00;39,81;39,15;0,6600000000000037;40320;1800;49661;18406;19185;1955;21140;20206;779;155;934;0,04418164616840114;0,040604639040917385;0,0792838874680307;0,016578749058025713;0;5
2017-01-14;11;2017-01-14 11:00:00;40,05;40,64;-0,5900000000000034;40320;2872;49661;18538;19372;2686;22058;21410;834;-186;648;0,029377096744945146;0,04305182737972331;-0,06924795234549516;-0,014731585518102459;0;5
2017-01-14;12;2017-01-14 12:00:00;36,47;38,85;-2,3800000000000026;40320;3646;49661;19176;19790;2913;22703;22822;614;-733;-119;-0,005241598026692508;0,03102577059120768;-0,2516306213525575;-0,06525911708253367;0;5
2017-01-14;13;2017-01-14 13:00:00;34,76;36,13;-1,3700000000000043;40320;3640;49661;19029;20300;2602;22902;22669;1271;-1038;233;0,010173783949000087;0,06261083743842365;-0,398923904688701;-0,039413118527042705;0;5
2017-01-14;14;2017-01-14 14:00:00;33,37;33,64;-0,2700000000000031;40320;2630;49661;19448;20483;1848;22331;22078;1035;-782;253;0,011329541892436523;0,05052970756236879;-0,4231601731601732;-0,00809109979023084;0;5
2017-01-14;15;2017-01-14 15:00:00;34,29;34,05;0,24000000000000196;40320;1169;49661;19361;20357;849;21206;20530;996;-320;676;0,031877770442327646;0,048926659134450066;-0,37691401648998824;0,006999125109361387;0;5
2017-01-14;16;2017-01-14 16:00:00;38,54;35,45;3,0899999999999963;40320;140;49661;19838;20248;113;20361;19978;410;-27;383;0,01881047099847748;0,020248913472935597;-0,23893805309734514;0,08017644006227287;0;5
2017-01-14;17;2017-01-14 17:00:00;41,97;35,39;6,579999999999997;40320;3;49661;20118;20234;0;20234;20121;116;-3;113;0,0055846594840367695;0,0057329247800731445;-inf;0,15677865141767924;0;5
2017-01-14;18;2017-01-14 18:00:00;39,64;32,88;6,759999999999998;40320;0;49661;21132;20532;0;20532;21132;-600;0;-600;-0,029222676797194622;-0,029222676797194622;;0,17053481331987885;0;5
2017-01-14;19;2017-01-14 19:00:00;37,01;31,18;5,829999999999997;40320;0;49661;20782;20573;0;20573;20782;-209;0;-209;-0,010158946191610363;-0,010158946191610363;;0,15752499324506883;0;5
2017-01-14;20;2017-01-14 20:00:00;32,52;25,26;7,2600000000000025;40320;0;49661;19795;20156;0;20156;19795;361;0;361;0,017910299662631475;0,017910299662631475;;0,22324723247232478;0;5
2017-01-14;21;2017-01-14 21:00:00;30,66;25,35;5,309999999999999;40320;0;49661;19300;19601;0;19601;19300;301;0;301;0,015356359369419927;0,015356359369419927;;0,17318982387475534;0;5
2017-01-14;22;2017-01-14 22:00:00;30,25;22,48;7,77;40320;0;49661;18293;18900;0;18900;18293;607;0;607;0,03211640211640212;0,03211640211640212;;0,2568595041322314;0;5
2017-01-14;23;2017-01-14 23:00:00;29,55;20,88;8,670000000000002;40320;0;49661;17955;18156;0;18156;17955;201;0;201;0,011070720423000661;0,011070720423000661;;0,29340101522842643;0;5
2017-01-15;0;2017-01-15 00:00:00;28,75;24,24;4,510000000000002;40320;0;49661;17914;17893;0;17893;17914;-21;0;-21;-0,0011736433242049964;-0,0011736433242049964;;0,15686956521739137;0;6
2017-01-15;1;2017-01-15 01:00:00;28,11;21,25;6,8599999999999985;40320;0;49661;17607;17380;0;17380;17607;-227;0;-227;-0,013060989643268125;-0,013060989643268125;;0,24404126645321944;0;6
2017-01-15;2;2017-01-15 02:00:00;26,03;15,21;10,82;40320;0;49661;17247;16863;0;16863;17247;-384;0;-384;-0,02277174879914606;-0,02277174879914606;;0,4156742220514791;0;6
2017-01-15;3;2017-01-15 03:00:00;19,96;10,99;8,97;40320;0;49661;17024;16283;0;16283;17024;-741;0;-741;-0,045507584597432905;-0,045507584597432905;;0,4493987975951904;0;6
2017-01-15;4;2017-01-15 04:00:00;22,93;8,31;14,62;40320;0;49661;16416;15476;0;15476;16416;-940;0;-940;-0,06073920909795813;-0,06073920909795813;;0,6375926733536851;0;6
2017-01-15;5;2017-01-15 05:00:00;22,8;11,16;11,64;40320;0;49661;15918;14436;0;14436;15918;-1482;0;-1482;-0,1026600166251039;-0,1026600166251039;;0,5105263157894737;0;6
2017-01-15;6;2017-01-15 06:00:00;14,91;8,16;6,75;40320;0;49661;14995;13387;0;13387;14995;-1608;0;-1608;-0,12011653096287443;-0,12011653096287443;;0,45271629778672035;0;6
2017-01-15;7;2017-01-15 07:00:00;20,37;10,78;9,590000000000002;40320;0;49661;13594;12145;0;12145;13594;-1449;0;-1449;-0,11930835734870317;-0,11930835734870317;;0,4707903780068729;0;6
2017-01-15;8;2017-01-15 08:00:00;33,28;21,55;11,73;40320;67;49661;12545;10838;145;10983;12612;-1707;78;-1629;-0,1483201311117181;-0,15750138401919173;0,5379310344827586;0,3524639423076923;0;6
2017-01-15;9;2017-01-15 09:00:00;33,96;26,94;7,02;40320;570;49661;11354;9646;982;10628;11924;-1708;412;-1296;-0,12194203989461799;-0,17706821480406387;0,4195519348268839;0,20671378091872789;0;6
2017-01-15;10;2017-01-15 10:00:00;35,98;33,5;2,479999999999997;40320;1593;49661;10097;8509;2140;10649;11690;-1588;547;-1041;-0,09775565780824491;-0,18662592549065696;0,25560747663551403;0,06892718176764862;0;6
2017-01-15;11;2017-01-15 11:00:00;44,65;39,85;4,799999999999997;40320;2736;49661;9083;7619;2998;10617;11819;-1464;262;-1202;-0,11321465574079306;-0,1921512009450059;0,08739159439626418;0,1075027995520716;0;6
2017-01-15;12;2017-01-15 12:00:00;41,68;38,47;3,2100000000000013;40320;3394;49661;8506;7002;3408;10410;11900;-1504;14;-1490;-0,1431316042267051;-0,2147957726363896;0,004107981220657277;0,07701535508637239;0;6
2017-01-15;13;2017-01-15 13:00:00;36,66;35,28;1,3799999999999957;40320;3445;49661;7633;6465;3205;9670;11078;-1168;-240;-1408;-0,14560496380558427;-0,18066511987625677;-0,0748829953198128;0,0376432078559737;0;6
2017-01-15;14;2017-01-15 14:00:00;35,72;34,82;0,8999999999999986;40320;2729;49661;7102;5930;2400;8330;9831;-1172;-329;-1501;-0,1801920768307323;-0,19763912310286677;-0,13708333333333333;0,025195968645016758;0;6
2017-01-15;15;2017-01-15 15:00:00;36,35;34,58;1,7700000000000031;40320;1376;49661;6265;5468;1182;6650;7641;-797;-194;-991;-0,14902255639097745;-0,14575713240673008;-0,16412859560067683;0,048693259972489765;0;6
2017-01-15;16;2017-01-15 16:00:00;38,71;35,15;3,5600000000000023;40320;192;49661;6038;5251;176;5427;6230;-787;-16;-803;-0,14796388428229224;-0,14987621405446583;-0,09090909090909091;0,09196590028416436;0;6
2017-01-15;17;2017-01-15 17:00:00;54,35;43,77;10,579999999999998;40320;3;49661;5786;5215;0;5215;5789;-571;-3;-574;-0,11006711409395974;-0,10949185043144774;-inf;0,1946642134314627;0;6
2017-01-15;18;2017-01-15 18:00:00;58,02;49,96;8,060000000000002;40320;0;49661;5623;5176;0;5176;5623;-447;0;-447;-0,08636012364760433;-0,08636012364760433;;0,1389176146156498;0;6
2017-01-15;19;2017-01-15 19:00:00;55,12;48,75;6,369999999999997;40320;0;49661;5489;4975;0;4975;5489;-514;0;-514;-0,10331658291457287;-0,10331658291457287;;0,11556603773584902;0;6
2017-01-15;20;2017-01-15 20:00:00;47,91;43,12;4,789999999999999;40320;0;49661;5072;4681;0;4681;5072;-391;0;-391;-0,08352916043580431;-0,08352916043580431;;0,09997912753078689;0;6
2017-01-15;21;2017-01-15 21:00:00;36,92;33,73;3,190000000000005;40320;0;49661;4535;4398;0;4398;4535;-137;0;-137;-0,031150522964984082;-0,031150522964984082;;0,0864030335861323;0;6
2017-01-15;22;2017-01-15 22:00:00;43,0;40,13;2,869999999999997;40320;0;49661;4240;4217;0;4217;4240;-23;0;-23;-0,005454114299264881;-0,005454114299264881;;0,06674418604651156;0;6
2017-01-15;23;2017-01-15 23:00:00;38,64;36,25;2,390000000000001;40320;0;49661;3897;4104;0;4104;3897;207;0;207;0,05043859649122807;0,05043859649122807;;0,0618530020703934;0;6
2017-01-16;0;2017-01-16 00:00:00;45,07;44,0;1,0700000000000005;40322;0;49663;3704;3829;0;3829;3704;125;0;125;0,03264559937320449;0,03264559937320449;;0,023740847570445985;0;0
2017-01-16;1;2017-01-16 01:00:00;43,25;36,29;6,960000000000001;40322;0;49663;3659;3625;0;3625;3659;-34;0;-34;-0,009379310344827587;-0,009379310344827587;;0,1609248554913295;0;0
2017-01-16;2;2017-01-16 02:00:00;39,08;37,8;1,2800000000000011;40322;0;49663;3739;3557;0;3557;3739;-182;0;-182;-0,051166713522631434;-0,051166713522631434;;0,03275332650972367;0;0
2017-01-16;3;2017-01-16 03:00:00;37,57;38,24;-0,6700000000000017;40322;0;49663;3875;3491;0;3491;3875;-384;0;-384;-0,10999713549126325;-0,10999713549126325;;-0,017833377694969437;0;0
2017-01-16;4;2017-01-16 04:00:00;38,24;36,88;1,3599999999999994;40322;0;49663;3739;3498;0;3498;3739;-241;0;-241;-0,0688965122927387;-0,0688965122927387;;0,03556485355648534;0;0
2017-01-16;5;2017-01-16 05:00:00;39,06;39,63;-0,5700000000000003;40322;0;49663;3477;3543;0;3543;3477;66;0;66;0,018628281117696866;0,018628281117696866;;-0,014592933947772663;0;0
2017-01-16;6;2017-01-16 06:00:00;64,8;69,6;-4,799999999999997;40322;0;49663;3270;3585;0;3585;3270;315;0;315;0,08786610878661087;0,08786610878661087;;-0,07407407407407403;0;0
2017-01-16;7;2017-01-16 07:00:00;94,43;104,47;-10,039999999999992;40322;0;49663;3220;3527;0;3527;3220;307;0;307;0,0870428125886022;0,0870428125886022;;-0,10632214338663551;0;0
2017-01-16;8;2017-01-16 08:00:00;99,76;135,79;-36,02999999999999;40322;63;49663;3082;3327;210;3537;3145;245;147;392;0,11082838563754595;0,07363991584009619;0,7;-0,3611668003207697;0;0
2017-01-16;9;2017-01-16 09:00:00;100,88;131,08;-30,200000000000014;40322;656;49663;2802;3033;1365;4398;3458;231;709;940;0,21373351523419737;0,076162215628091;0,5194139194139195;-0,29936558287073767;0;0
2017-01-16;10;2017-01-16 10:00:00;99,97;121,65;-21,68000000000001;40322;1801;49663;2377;2642;2865;5507;4178;265;1064;1329;0,24132921735972399;0,10030280090840273;0,3713787085514834;-0,21686505951785545;0;0
2017-01-16;11;2017-01-16 11:00:00;99,56;120,61;-21,05;40322;2950;49663;1963;2260;3917;6177;4913;297;967;1264;0,2046300793265339;0,1314159292035398;0,24687260658667348;-0,2114302932904781;0;0
2017-01-16;12;2017-01-16 12:00:00;98,56;106,88;-8,319999999999991;40322;3749;49663;1568;2026;4301;6327;5317;458;552;1010;0,15963331752805437;0,22606120434353405;0,12834224598930483;-0,08441558441558433;0;0
2017-01-16;13;2017-01-16 13:00:00;98,92;101,17;-2,25;40322;3842;49663;1530;1996;3998;5994;5372;466;156;622;0,10377043710377044;0,23346693386773548;0,03901950975487744;-0,022745653052972097;0;0
2017-01-16;14;2017-01-16 14:00:00;100,26;99,36;0,9000000000000057;40322;2900;49663;1715;2222;2996;5218;4615;507;96;603;0,11556151782292066;0,22817281728172817;0,03204272363150868;0,008976660682226268;0;0
2017-01-16;15;2017-01-16 15:00:00;103,84;97,31;6,530000000000001;40322;1408;49663;1864;2590;1511;4101;3272;726;103;829;0,20214581809314802;0,2803088803088803;0,06816677696889477;0,06288520801232667;0;0
2017-01-16;16;2017-01-16 16:00:00;102,06;92,39;9,670000000000002;40322;228;49663;2168;3131;231;3362;2396;963;3;966;0,2873289708506841;0,30756946662408174;0,012987012987012988;0,09474818734077994;0;0
2017-01-16;17;2017-01-16 17:00:00;120,0;116,14;3,86;40322;3;49663;2769;3782;1;3783;2772;1013;-2;1011;0,26724821570182394;0,26784769962982546;-2,0;0,03216666666666666;0;0
2017-01-16;18;2017-01-16 18:00:00;124,83;112,92;11,909999999999995;40322;0;49663;3413;4311;0;4311;3413;898;0;898;0,20830433774066343;0,20830433774066343;;0,095409757269887;0;0
2017-01-16;19;2017-01-16 19:00:00;113,69;85,64;28,05;40322;0;49663;3507;4461;0;4461;3507;954;0;954;0,21385339609952925;0,21385339609952925;;0,2467235464860586;0;0
2017-01-16;20;2017-01-16 20:00:00;88,98;87,38;1,6000000000000083;40322;0;49663;3301;4197;0;4197;3301;896;0;896;0,21348582320705264;0,21348582320705264;;0,01798156889188591;0;0
2017-01-16;21;2017-01-16 21:00:00;73,59;71,96;1,6300000000000097;40322;0;49663;3062;3852;0;3852;3062;790;0;790;0,2050882658359294;0,2050882658359294;;0,02214974860714784;0;0
2017-01-16;22;2017-01-16 22:00:00;55,19;56,24;-1,0500000000000045;40322;0;49663;2952;3509;0;3509;2952;557;0;557;0,15873468224565404;0,15873468224565404;;-0,01902518572205118;0;0
2017-01-16;23;2017-01-16 23:00:00;45,06;47,57;-2,509999999999998;40322;0;49663;3070;3221;0;3221;3070;151;0;151;0,04687985097795715;0,04687985097795715;;-0,05570350643586325;0;0
2017-01-17;0;2017-01-17 00:00:00;45,83;51,26;-5,43;40323;0;49670;3087;3491;0;3491;3087;404;0;404;0,11572615296476654;0,11572615296476654;;-0,11848134409775256;0;1
2017-01-17;1;2017-01-17 01:00:00;41,64;49,06;-7,420000000000003;40323;0;49670;3196;3347;0;3347;3196;151;0;151;0,04511502838362713;0,04511502838362713;;-0,17819404418828055;0;1
2017-01-17;2;2017-01-17 02:00:00;34,61;46,6;-11,990000000000002;40323;0;49670;3174;3236;0;3236;3174;62;0;62;0,019159456118665017;0,019159456118665017;;-0,3464316671482231;0;1
2017-01-17;3;2017-01-17 03:00:00;36,28;39,44;-3,1599999999999966;40323;0;49670;2925;3110;0;3110;2925;185;0;185;0,0594855305466238;0,0594855305466238;;-0,08710033076074963;0;1
2017-01-17;4;2017-01-17 04:00:00;35,25;39,32;-4,07;40323;0;49670;2531;3011;0;3011;2531;480;0;480;0,15941547658585187;0,15941547658585187;;-0,11546099290780143;0;1
2017-01-17;5;2017-01-17 05:00:00;39,94;47,56;-7,620000000000003;40323;0;49670;2494;2855;0;2855;2494;361;0;361;0,1264448336252189;0,1264448336252189;;-0,19078617926890343;0;1
2017-01-17;6;2017-01-17 06:00:00;58,29;60,73;-2,4399999999999977;40323;0;49670;2468;2702;0;2702;2468;234;0;234;0,08660251665433012;0,08660251665433012;;-0,041859667181334666;0;1
2017-01-17;7;2017-01-17 07:00:00;111,04;110,42;0,6200000000000045;40323;0;49670;2358;2546;0;2546;2358;188;0;188;0,07384131971720345;0,07384131971720345;;0,005583573487031741;0;1
2017-01-17;8;2017-01-17 08:00:00;121,67;111,91;9,760000000000003;40323;117;49670;2306;2396;167;2563;2423;90;50;140;0,05462348809988295;0,037562604340567615;0,2994011976047904;0,08021698035670258;0;1
2017-01-17;9;2017-01-17 09:00:00;125,61;104,61;21,0;40323;1132;49670;2200;2324;1087;3411;3332;124;-45;79;0,02316036352975667;0,05335628227194492;-0,04139834406623735;0,16718414139001672;0;1
2017-01-17;10;2017-01-17 10:00:00;121,49;95,45;26,039999999999992;40323;2786;49670;1884;2268;2415;4683;4670;384;-371;13;0,002775998291693359;0,1693121693121693;-0,1536231884057971;0,21433862869371959;0;1
2017-01-17;11;2017-01-17 11:00:00;117,34;87,55;29,79000000000001;40323;4108;49670;1875;2226;3460;5686;5983;351;-648;-297;-0,052233556102708405;0,15768194070080863;-0,18728323699421964;0,2538776205897393;0;1
2017-01-17;12;2017-01-17 12:00:00;106,15;76,96;29,19000000000001;40323;4955;49670;1974;2240;3843;6083;6929;266;-1112;-846;-0,13907611375965806;0,11875;-0,28935727296383035;0,2749882242110222;0;1
2017-01-17;13;2017-01-17 13:00:00;101,91;72,25;29,66;40323;4626;49670;2119;2304;3509;5813;6745;185;-1117;-932;-0,1603302941682436;0,0802951388888889;-0,3183243089199202;0,291041114709057;0;1
2017-01-17;14;2017-01-17 14:00:00;100,03;70,74;29,29000000000001;40323;3340;49670;2464;2403;2606;5009;5804;-61;-734;-795;-0,15871431423437812;-0,025384935497295046;-0,2816577129700691;0,29281215635309416;0;1
2017-01-17;15;2017-01-17 15:00:00;103,42;66,39;37,03;40323;1589;49670;2904;2512;1338;3850;4493;-392;-251;-643;-0,167012987012987;-0,15605095541401273;-0,187593423019432;0,3580545349062077;0;1
2017-01-17;16;2017-01-17 16:00:00;110,91;68,86;42,05;40323;253;49670;3360;2719;222;2941;3613;-641;-31;-672;-0,22849370962257737;-0,2357484369253402;-0,13963963963963963;0,37913623658822465;0;1
2017-01-17;17;2017-01-17 17:00:00;142,78;97,08;45,7;40323;3;49670;3787;3081;2;3083;3790;-706;-1;-707;-0,22932208887447292;-0,22914638104511523;-0,5;0,32007283933324;0;1
2017-01-17;18;2017-01-17 18:00:00;143,09;81,94;61,15000000000001;40323;0;49670;4303;3465;0;3465;4303;-838;0;-838;-0,24184704184704184;-0,24184704184704184;;0,4273534139352856;0;1
2017-01-17;19;2017-01-17 19:00:00;124,94;77,42;47,52;40323;0;49670;4593;3741;0;3741;4593;-852;0;-852;-0,22774659182036888;-0,22774659182036888;;0,3803425644309269;0;1
2017-01-17;20;2017-01-17 20:00:00;84,97;57,01;27,96;40323;0;49670;4840;3895;0;3895;4840;-945;0;-945;-0,24261874197689345;-0,24261874197689345;;0,32905731434623986;0;1
2017-01-17;21;2017-01-17 21:00:00;55,08;42,61;12,47;40323;0;49670;5044;4094;0;4094;5044;-950;0;-950;-0,23204689789936492;-0,23204689789936492;;0,22639796659404504;0;1
2017-01-17;22;2017-01-17 22:00:00;48,95;40,35;8,600000000000001;40323;0;49670;5172;4329;0;4329;5172;-843;0;-843;-0,19473319473319473;-0,19473319473319473;;0,1756894790602656;0;1
2017-01-17;23;2017-01-17 23:00:00;37,74;42,41;-4,6699999999999955;40323;0;49670;5547;4552;0;4552;5547;-995;0;-995;-0,21858523725834797;-0,21858523725834797;;-0,12374138844727067;0;1
2017-01-18;0;2017-01-18 00:00:00;38,28;38,04;0,24000000000000196;40325;0;49691;5845;4526;0;4526;5845;-1319;0;-1319;-0,291427308882015;-0,291427308882015;;0,006269592476489079;0;2
2017-01-18;1;2017-01-18 01:00:00;37,74;37,32;0,4200000000000017;40325;0;49691;6076;4694;0;4694;6076;-1382;0;-1382;-0,2944184064763528;-0,2944184064763528;;0,011128775834658232;0;2
2017-01-18;2;2017-01-18 02:00:00;35,09;35,15;-0,059999999999995175;40325;0;49691;6130;4853;0;4853;6130;-1277;0;-1277;-0,2631362044096435;-0,2631362044096435;;-0,0017098888572241427;0;2
2017-01-18;3;2017-01-18 03:00:00;35,07;34,79;0,28000000000000114;40325;0;49691;6227;4924;0;4924;6227;-1303;0;-1303;-0,2646222583265638;-0,2646222583265638;;0,007984031936127777;0;2
2017-01-18;4;2017-01-18 04:00:00;35,07;37,55;-2,479999999999997;40325;0;49691;6296;4991;0;4991;6296;-1305;0;-1305;-0,2614706471648968;-0,2614706471648968;;-0,07071571143427421;0;2
2017-01-18;5;2017-01-18 05:00:00;36,62;36,54;0,0799999999999983;40325;0;49691;6404;5087;0;5087;6404;-1317;0;-1317;-0,25889522311775115;-0,25889522311775115;;0,0021845985800108764;0;2
2017-01-18;6;2017-01-18 06:00:00;55,08;45,19;9,89;40325;0;49691;6425;5195;0;5195;6425;-1230;0;-1230;-0,23676612127045235;-0,23676612127045235;;0,17955700798838056;0;2
2017-01-18;7;2017-01-18 07:00:00;89,64;76,71;12,930000000000007;40325;0;49691;6309;5259;1;5260;6309;-1050;1;-1049;-0,1994296577946768;-0,19965772960638906;1,0;0,1442436412315931;0;2
2017-01-18;8;2017-01-18 08:00:00;91,75;73,85;17,900000000000006;40325;155;49691;6482;5268;194;5462;6637;-1214;39;-1175;-0,21512266569022337;-0,23044798785117693;0,20103092783505155;0,1950953678474115;0;2
2017-01-18;9;2017-01-18 09:00:00;84,92;69,77;15,150000000000004;40325;1194;49691;6318;5254;1190;6444;7512;-1064;-4;-1068;-0,16573556797020483;-0,20251237152645604;-0,0033613445378151263;0,17840320301460202;0;2
2017-01-18;10;2017-01-18 10:00:00;82,93;66,28;16,650000000000006;40325;2654;49691;5969;5189;2588;7777;8623;-780;-66;-846;-0,10878230680210878;-0,15031798034303334;-0,025502318392581144;0,2007717351983601;0;2
2017-01-18;11;2017-01-18 11:00:00;85,97;68,29;17,679999999999993;40325;3883;49691;5777;5034;3701;8735;9660;-743;-182;-925;-0,10589582140812821;-0,1475963448549861;-0,04917589840583626;0,2056531348144701;0;2
2017-01-18;12;2017-01-18 12:00:00;86,03;68,75;17,28;40325;4570;49691;5324;4866;4172;9038;9894;-458;-398;-856;-0,0947112192963045;-0,09412248253185368;-0,09539789069990412;0,20086016505870047;0;2
2017-01-18;13;2017-01-18 13:00:00;91,02;70,2;20,819999999999997;40325;4563;49691;5274;4785;3835;8620;9837;-489;-728;-1217;-0,14118329466357307;-0,10219435736677115;-0,18983050847457628;0,22874093605800921;0;2
2017-01-18;14;2017-01-18 14:00:00;89,92;69,07;20,850000000000012;40325;3534;49691;5232;4838;2878;7716;8766;-394;-656;-1050;-0,13608087091757387;-0,08143861099627946;-0,22793606671299513;0,23187277580071186;0;2
2017-01-18;15;2017-01-18 15:00:00;86,7;74,3;12,400000000000004;40325;1818;49691;5164;4943;1499;6442;6982;-221;-319;-540;-0,0838248990996585;-0,04470969047137366;-0,21280853902601735;0,14302191464821226;0;2
2017-01-18;16;2017-01-18 16:00:00;92,45;80,65;11,799999999999995;40325;334;49691;5248;5179;280;5459;5582;-69;-54;-123;-0,022531599193991572;-0,013323035335006759;-0,19285714285714287;0,12763656030286635;0;2
2017-01-18;17;2017-01-18 17:00:00;115,7;91,91;23,79000000000001;40325;4;49691;5741;5557;2;5559;5745;-184;-2;-186;-0,03345925526173772;-0,03311139103833004;-1,0;0,20561797752808997;0;2
2017-01-18;18;2017-01-18 18:00:00;91,25;81,67;9,579999999999998;40325;0;49691;6331;5961;0;5961;6331;-370;0;-370;-0,06207012246267405;-0,06207012246267405;;0,10498630136986299;0;2
2017-01-18;19;2017-01-18 19:00:00;83,91;75,36;8,549999999999997;40325;0;49691;6805;6211;0;6211;6805;-594;0;-594;-0,09563677346643053;-0,09563677346643053;;0,10189488737933497;0;2
2017-01-18;20;2017-01-18 20:00:00;79,73;60,07;19,660000000000004;40325;0;49691;6876;6220;0;6220;6876;-656;0;-656;-0,10546623794212219;-0,10546623794212219;;0,2465822149755425;0;2
2017-01-18;21;2017-01-18 21:00:00;55,03;45,71;9,32;40325;0;49691;7151;6119;0;6119;7151;-1032;0;-1032;-0,1686550089883968;-0,1686550089883968;;0,16936216609122298;0;2
2017-01-18;22;2017-01-18 22:00:00;48,86;43,9;4,960000000000001;40325;0;49691;7166;6010;0;6010;7166;-1156;0;-1156;-0,1923460898502496;-0,1923460898502496;;0,10151453131395827;0;2
2017-01-18;23;2017-01-18 23:00:00;44,9;38,48;6,420000000000003;40325;0;49691;7226;5964;0;5964;7226;-1262;0;-1262;-0,21160295103957075;-0,21160295103957075;;0,14298440979955462;0;2
2017-01-19;0;2017-01-19 00:00:00;38,53;34,08;4,450000000000003;40327;0;49702;6964;6174;0;6174;6964;-790;0;-790;-0,1279559442824749;-0,1279559442824749;;0,11549441993252019;0;3
2017-01-19;1;2017-01-19 01:00:00;37,88;36,86;1,0200000000000031;40327;0;49702;6479;6033;0;6033;6479;-446;0;-446;-0,07392673628377258;-0,07392673628377258;;0,02692713833157347;0;3
2017-01-19;2;2017-01-19 02:00:00;36,61;36,56;0,049999999999997165;40327;0;49702;6108;5923;0;5923;6108;-185;0;-185;-0,03123417187236198;-0,03123417187236198;;0,0013657470636437357;0;3
2017-01-19;3;2017-01-19 03:00:00;36,32;37,56;-1,240000000000002;40327;0;49702;5939;5794;0;5794;5939;-145;0;-145;-0,025025888850535038;-0,025025888850535038;;-0,03414096916299565;0;3
2017-01-19;4;2017-01-19 04:00:00;36,45;37,67;-1,2199999999999989;40327;0;49702;6207;5722;0;5722;6207;-485;0;-485;-0,0847605732261447;-0,0847605732261447;;-0,033470507544581585;0;3
2017-01-19;5;2017-01-19 05:00:00;38,67;37,95;0,7199999999999989;40327;0;49702;6648;5712;0;5712;6648;-936;0;-936;-0,1638655462184874;-0,1638655462184874;;0,018619084561675686;0;3
2017-01-19;6;2017-01-19 06:00:00;50,04;47,46;2,5799999999999983;40327;0;49702;6250;5696;0;5696;6250;-554;0;-554;-0,09726123595505617;-0,09726123595505617;;0,05155875299760188;0;3
2017-01-19;7;2017-01-19 07:00:00;82,9;76,87;6,030000000000001;40327;0;49702;6185;5621;1;5622;6185;-564;1;-563;-0,10014229811454999;-0,10033801814623733;1,0;0,07273823884197829;0;3
2017-01-19;8;2017-01-19 08:00:00;89,95;86,94;3,0100000000000047;40327;304;49702;6001;5492;312;5804;6305;-509;8;-501;-0,0863197794624397;-0,092680262199563;0,02564102564102564;0,0334630350194553;0;3
2017-01-19;9;2017-01-19 09:00:00;82,14;76,75;5,3900000000000015;40327;2034;49702;5457;5325;1677;7002;7491;-132;-357;-489;-0,06983718937446444;-0,024788732394366197;-0,21288014311270126;0,06561967372778185;0;3
2017-01-19;10;2017-01-19 10:00:00;80,0;77,91;2,0900000000000034;40327;4429;49702;4848;5093;3408;8501;9277;245;-1021;-776;-0,09128337842606753;0,04810524248969173;-0,29958920187793425;0,026125000000000044;0;3
2017-01-19;11;2017-01-19 11:00:00;79,92;73,83;6,0900000000000025;40327;6435;49702;4085;4789;4658;9447;10520;704;-1777;-1073;-0,11358103101513708;0,14700354980162872;-0,3814942035208244;0,07620120120120123;0;3
2017-01-19;12;2017-01-19 12:00:00;79,97;70,53;9,439999999999998;40327;7680;49702;3715;4486;5112;9598;11395;771;-2568;-1797;-0,18722650552198375;0,17186803388319216;-0,5023474178403756;0,11804426659997497;0;3
2017-01-19;13;2017-01-19 13:00:00;79,92;63,98;15,940000000000005;40327;7580;49702;3316;4241;4711;8952;10896;925;-2869;-1944;-0,21715817694369974;0,2181089365715633;-0,6090002122691572;0,1994494494494495;0;3
2017-01-19;14;2017-01-19 14:00:00;73,95;63,25;10,700000000000003;40327;6015;49702;3070;4131;3578;7709;9085;1061;-2437;-1376;-0,178492670904138;0,2568385378842895;-0,6811067635550587;0,14469235970250172;0;3
2017-01-19;15;2017-01-19 15:00:00;73,91;73,76;0,14999999999999147;40327;3151;49702;3101;4115;1940;6055;6252;1014;-1211;-197;-0,03253509496284063;0,24641555285540706;-0,6242268041237113;0,0020294953321606207;0;3
2017-01-19;16;2017-01-19 16:00:00;74,62;82,21;-7,589999999999988;40327;557;49702;3566;4272;390;4662;4123;706;-167;539;0,11561561561561562;0,16526217228464418;-0,4282051282051282;-0,10171535781291863;0;3
2017-01-19;17;2017-01-19 17:00:00;100,1;96,14;3,9599999999999937;40327;6;49702;4442;4604;3;4607;4448;162;-3;159;0,034512698068157155;0,03518679409209383;-1,0;0,0395604395604395;0;3
2017-01-19;18;2017-01-19 18:00:00;114,92;97,14;17,78;40327;0;49702;4997;4922;0;4922;4997;-75;0;-75;-0,015237708248679399;-0,015237708248679399;;0,15471632439958233;0;3
2017-01-19;19;2017-01-19 19:00:00;90,75;80,09;10,659999999999997;40327;0;49702;5124;5075;0;5075;5124;-49;0;-49;-0,009655172413793104;-0,009655172413793104;;0,11746556473829198;0;3
2017-01-19;20;2017-01-19 20:00:00;74,99;65,45;9,539999999999992;40327;0;49702;5240;5059;0;5059;5240;-181;0;-181;-0,03577782170389405;-0,03577782170389405;;0,1272169622616348;0;3
2017-01-19;21;2017-01-19 21:00:00;56,17;46,54;9,630000000000004;40327;0;49702;5132;5041;0;5041;5132;-91;0;-91;-0,0180519738147193;-0,0180519738147193;;0,1714438312266335;0;3
2017-01-19;22;2017-01-19 22:00:00;50,05;46,27;3,7799999999999936;40327;0;49702;4896;5023;0;5023;4896;127;0;127;0,025283695002986262;0,025283695002986262;;0,0755244755244754;0;3
2017-01-19;23;2017-01-19 23:00:00;45,83;45,27;0,5599999999999952;40327;0;49702;4630;4992;0;4992;4630;362;0;362;0,07251602564102565;0,07251602564102565;;0,01221907047785283;0;3
2017-01-20;0;2017-01-20 00:00:00;45,09;48,41;-3,3199999999999936;40328;0;49726;5836;5725;0;5725;5836;-111;0;-111;-0,019388646288209608;-0,019388646288209608;;-0,07363051674428905;0;4
2017-01-20;1;2017-01-20 01:00:00;39,51;40,8;-1,2899999999999991;40328;0;49726;5440;5604;0;5604;5440;164;0;164;0,02926481084939329;0,02926481084939329;;-0,03264996203492784;0;4
2017-01-20;2;2017-01-20 02:00:00;38,03;42,05;-4,019999999999996;40328;0;49726;5336;5509;0;5509;5336;173;0;173;0,03140315846796152;0,03140315846796152;;-0,10570602156192468;0;4
2017-01-20;3;2017-01-20 03:00:00;36,85;42,47;-5,619999999999997;40328;0;49726;5396;5400;0;5400;5396;4;0;4;0,0007407407407407407;0,0007407407407407407;;-0,15251017639077333;0;4
2017-01-20;4;2017-01-20 04:00:00;38,06;41,38;-3,3200000000000003;40328;0;49726;5420;5278;0;5278;5420;-142;0;-142;-0,026904130352406214;-0,026904130352406214;;-0,08723068838675775;0;4
2017-01-20;5;2017-01-20 05:00:00;38,73;40,05;-1,3200000000000005;40328;0;49726;5300;5128;0;5128;5300;-172;0;-172;-0,033541341653666144;-0,033541341653666144;;-0,03408210689388073;0;4
2017-01-20;6;2017-01-20 06:00:00;55,63;48,88;6,75;40328;0;49726;5184;4935;0;4935;5184;-249;0;-249;-0,050455927051671734;-0,050455927051671734;;0,12133740787344957;0;4
2017-01-20;7;2017-01-20 07:00:00;69,99;68,21;1,7800000000000011;40328;0;49726;5189;4758;3;4761;5189;-431;3;-428;-0,0898970804452846;-0,09058427910886928;1,0;0,025432204600657256;0;4
2017-01-20;8;2017-01-20 08:00:00;87,42;76,73;10,689999999999998;40328;423;49726;5098;4552;368;4920;5521;-546;-55;-601;-0,12215447154471545;-0,11994727592267135;-0,14945652173913043;0,12228323038206357;0;4
2017-01-20;9;2017-01-20 09:00:00;87,61;74,79;12,819999999999993;40328;2476;49726;4854;4315;1922;6237;7330;-539;-554;-1093;-0,1752445085778419;-0,12491309385863268;-0,2882414151925078;0,1463303275881748;0;4
2017-01-20;10;2017-01-20 10:00:00;79,86;68,69;11,170000000000002;40328;5059;49726;4211;3933;3740;7673;9270;-278;-1319;-1597;-0,20813241235501106;-0,0706839562674803;-0,35267379679144384;0,13986977210117707;0;4
2017-01-20;11;2017-01-20 11:00:00;77,84;62,46;15,380000000000004;40328;6922;49726;3562;3489;5106;8595;10484;-73;-1816;-1889;-0,21977894124490982;-0,020922900544568645;-0,3556600078339209;0,19758478931140808;0;4
2017-01-20;12;2017-01-20 12:00:00;70,44;52,59;17,849999999999994;40328;7790;49726;3127;3202;5677;8879;10917;75;-2113;-2038;-0,22953035251717535;0,023422860712054967;-0,3722036286771182;0,2534071550255536;0;4
2017-01-20;13;2017-01-20 13:00:00;72,8;53,31;19,489999999999995;40328;7460;49726;3094;3045;5263;8308;10554;-49;-2197;-2246;-0,2703418391911411;-0,016091954022988506;-0,41744252327569825;0,26771978021978016;0;4
2017-01-20;14;2017-01-20 14:00:00;65,93;51,95;13,980000000000004;40328;5805;49726;3246;3062;3979;7041;9051;-184;-1826;-2010;-0,2854708138048573;-0,06009144350097975;-0,45890927368685597;0,21204307598968608;0;4
2017-01-20;15;2017-01-20 15:00:00;72,93;54,24;18,690000000000005;40328;3116;49726;3402;3204;2125;5329;6518;-198;-991;-1189;-0,22311878401200977;-0,06179775280898876;-0,4663529411764706;0,25627313862607987;0;4
2017-01-20;16;2017-01-20 16:00:00;77,34;62,3;15,040000000000004;40328;576;49726;3765;3494;439;3933;4341;-271;-137;-408;-0,10373760488176964;-0,0775615340583858;-0,3120728929384966;0,19446599431083533;0;4
2017-01-20;17;2017-01-20 17:00:00;90,07;70,0;20,069999999999997;40328;6;49726;4384;3871;4;3875;4390;-513;-2;-515;-0,1329032258064516;-0,13252389563420305;-0,5;0,22282669035194846;0;4
2017-01-20;18;2017-01-20 18:00:00;87,95;68,64;19,31;40328;0;49726;4757;4177;0;4177;4757;-580;0;-580;-0,13885563801771605;-0,13885563801771605;;0,21955656623081293;0;4
2017-01-20;19;2017-01-20 19:00:00;76,94;60,78;16,159999999999997;40328;0;49726;4984;4269;0;4269;4984;-715;0;-715;-0,16748653080346684;-0,16748653080346684;;0,21003379256563554;0;4
2017-01-20;20;2017-01-20 20:00:00;62,98;44,78;18,2;40328;0;49726;5029;4132;0;4132;5029;-897;0;-897;-0,2170861568247822;-0,2170861568247822;;0,2889806287710384;0;4
2017-01-20;21;2017-01-20 21:00:00;47,1;39,71;7,3900000000000015;40328;0;49726;4893;3961;0;3961;4893;-932;0;-932;-0,23529411764705882;-0,23529411764705882;;0,15690021231422507;0;4
2017-01-20;22;2017-01-20 22:00:00;45,02;40,35;4,670000000000002;40328;0;49726;4714;3804;0;3804;4714;-910;0;-910;-0,2392218717139853;-0,2392218717139853;;0,10373167481119505;0;4
2017-01-20;23;2017-01-20 23:00:00;45,09;39,03;6,060000000000002;40328;0;49726;4604;3668;0;3668;4604;-936;0;-936;-0,25517993456924754;-0,25517993456924754;;0,1343978709248171;0;4
2017-01-21;0;2017-01-21 00:00:00;45,9;40,01;5,8900000000000015;40328;0;49729;4394;3811;0;3811;4394;-583;0;-583;-0,15297822093938598;-0,15297822093938598;;0,128322440087146;0;5
2017-01-21;1;2017-01-21 01:00:00;39,34;38,81;0,5300000000000011;40328;0;49729;4169;3520;0;3520;4169;-649;0;-649;-0,184375;-0,184375;;0,013472292831723465;0;5
2017-01-21;2;2017-01-21 02:00:00;40,99;39,34;1,6499999999999986;40328;0;49729;3926;3306;0;3306;3926;-620;0;-620;-0,18753781004234724;-0,18753781004234724;;0,0402537204196145;0;5
2017-01-21;3;2017-01-21 03:00:00;44,04;40,78;3,259999999999998;40328;0;49729;3713;3102;0;3102;3713;-611;0;-611;-0,19696969696969696;-0,19696969696969696;;0,07402361489554946;0;5
2017-01-21;4;2017-01-21 04:00:00;43,07;40,36;2,7100000000000013;40328;0;49729;3551;2943;0;2943;3551;-608;0;-608;-0,20659191301393137;-0,20659191301393137;;0,06292082656141168;0;5
2017-01-21;5;2017-01-21 05:00:00;41,56;38,5;3,0600000000000023;40328;0;49729;3520;2778;0;2778;3520;-742;0;-742;-0,26709863210943124;-0,26709863210943124;;0,07362848893166511;0;5
2017-01-21;6;2017-01-21 06:00:00;40,62;35,05;5,57;40328;0;49729;3524;2619;0;2619;3524;-905;0;-905;-0,3455517373043146;-0,3455517373043146;;0,13712456917774496;0;5
2017-01-21;7;2017-01-21 07:00:00;43,93;36,29;7,6400000000000015;40328;0;49729;3482;2530;5;2535;3482;-952;5;-947;-0,3735700197238659;-0,37628458498023715;1,0;0,1739130434782609;0;5
2017-01-21;8;2017-01-21 08:00:00;50,99;43,23;7,760000000000005;40328;391;49729;3400;2497;534;3031;3791;-903;143;-760;-0,2507423292642692;-0,3616339607529035;0,26779026217228463;0,15218670327515207;0;5
2017-01-21;9;2017-01-21 09:00:00;54,98;46,23;8,75;40328;2521;49729;3080;2418;2531;4949;5601;-662;10;-652;-0,13174378662356032;-0,2737799834574028;0,0039510075069142635;0,15914878137504548;0;5
2017-01-21;10;2017-01-21 10:00:00;53,05;47,11;5,939999999999998;40328;5489;49729;2624;2111;4838;6949;8113;-513;-651;-1164;-0,16750611598791193;-0,24301279014684984;-0,13455973542786276;0,11196983977379826;0;5
2017-01-21;11;2017-01-21 11:00:00;48,34;42,09;6,25;40328;7915;49729;2008;1641;6509;8150;9923;-367;-1406;-1773;-0,21754601226993864;-0,22364411943936624;-0,21600860347211553;0,129292511377741;0;5
2017-01-21;12;2017-01-21 12:00:00;45,89;38,42;7,469999999999999;40328;9137;49729;1473;1269;7204;8473;10610;-204;-1933;-2137;-0,2522129116015579;-0,1607565011820331;-0,2683231538034425;0,16278056221398995;0;5
2017-01-21;13;2017-01-21 13:00:00;43,3;36,45;6,849999999999994;40328;8866;49729;1136;1065;6765;7830;10002;-71;-2101;-2172;-0,27739463601532566;-0,06666666666666667;-0,3105691056910569;0,15819861431870658;0;5
2017-01-21;14;2017-01-21 14:00:00;44,0;35,57;8,43;40328;6894;49729;1055;1093;5151;6244;7949;38;-1743;-1705;-0,2730621396540679;0,03476669716376944;-0,3383808969132207;0,1915909090909091;0;5
2017-01-21;15;2017-01-21 15:00:00;47,56;37,46;10,1;40328;3601;49729;1247;1229;2777;4006;4848;-18;-824;-842;-0,21018472291562657;-0,014646053702196907;-0,29672308246308965;0,212363330529857;0;5
2017-01-21;16;2017-01-21 16:00:00;61,94;47,05;14,89;40328;650;49729;1715;1562;605;2167;2365;-153;-45;-198;-0,09137055837563451;-0,09795134443021766;-0,0743801652892562;0,24039392960929934;0;5
2017-01-21;17;2017-01-21 17:00:00;65,91;49,59;16,319999999999993;40328;13;49729;2736;2135;7;2142;2749;-601;-6;-607;-0,2833800186741363;-0,28149882903981266;-0,8571428571428571;0,2476103777878925;0;5
2017-01-21;18;2017-01-21 18:00:00;65,01;46,89;18,120000000000005;40328;0;49729;3889;2738;0;2738;3889;-1151;0;-1151;-0,4203798392987582;-0,4203798392987582;;0,2787263497923397;0;5
2017-01-21;19;2017-01-21 19:00:00;62,92;43,7;19,22;40328;0;49729;4656;3199;0;3199;4656;-1457;0;-1457;-0,4554548296342607;-0,4554548296342607;;0,3054672600127145;0;5
2017-01-21;20;2017-01-21 20:00:00;47,01;37,6;9,409999999999997;40328;0;49729;4936;3415;0;3415;4936;-1521;0;-1521;-0,4453879941434846;-0,4453879941434846;;0,20017017655817904;0;5
2017-01-21;21;2017-01-21 21:00:00;44,03;36,78;7,25;40328;0;49729;5104;3563;0;3563;5104;-1541;0;-1541;-0,4325007016559079;-0,4325007016559079;;0,16466045877810584;0;5
2017-01-21;22;2017-01-21 22:00:00;44,33;40,78;3,549999999999997;40328;0;49729;4912;3629;0;3629;4912;-1283;0;-1283;-0,3535409203637366;-0,3535409203637366;;0,08008120911346711;0;5
2017-01-21;23;2017-01-21 23:00:00;39,54;37,95;1,5899999999999963;40328;0;49729;4593;3562;0;3562;4593;-1031;0;-1031;-0,2894441325098259;-0,2894441325098259;;0,0402124430955993;0;5
2017-01-22;0;2017-01-22 00:00:00;38,6;37,26;1,3400000000000034;40328;0;49741;4444;3871;0;3871;4444;-573;0;-573;-0,14802376646861276;-0,14802376646861276;;0,034715025906735836;0;6
2017-01-22;1;2017-01-22 01:00:00;38,22;36,34;1,8799999999999957;40328;0;49741;4298;3541;0;3541;4298;-757;0;-757;-0,21378141767862185;-0,21378141767862185;;0,049188906331763364;0;6
2017-01-22;2;2017-01-22 02:00:00;38,6;39,58;-0,9799999999999968;40328;0;49741;3994;3346;0;3346;3994;-648;0;-648;-0,1936640765092648;-0,1936640765092648;;-0,025388601036269345;0;6
2017-01-22;3;2017-01-22 03:00:00;37,43;38,29;-0,8599999999999994;40328;0;49741;4013;3184;0;3184;4013;-829;0;-829;-0,2603643216080402;-0,2603643216080402;;-0,022976222281592292;0;6
2017-01-22;4;2017-01-22 04:00:00;38,27;38,82;-0,5499999999999972;40328;0;49741;4008;3160;0;3160;4008;-848;0;-848;-0,2683544303797468;-0,2683544303797468;;-0,014371570420694986;0;6
2017-01-22;5;2017-01-22 05:00:00;37,83;38,45;-0,6200000000000045;40328;0;49741;3817;3143;0;3143;3817;-674;0;-674;-0,21444479796372892;-0,21444479796372892;;-0,01638910917261445;0;6
2017-01-22;6;2017-01-22 06:00:00;35,97;33,43;2,539999999999999;40328;0;49741;3766;3100;0;3100;3766;-666;0;-666;-0,21483870967741936;-0,21483870967741936;;0,07061440088963022;0;6
2017-01-22;7;2017-01-22 07:00:00;39,24;40,06;-0,8200000000000003;40328;0;49741;3685;3016;6;3022;3685;-669;6;-663;-0,21939113170086036;-0,22181697612732096;1,0;-0,020897043832823654;0;6
2017-01-22;8;2017-01-22 08:00:00;37,76;41,97;-4,210000000000001;40328;461;49741;3488;2809;590;3399;3949;-679;129;-550;-0,16181229773462782;-0,24172303310786758;0,21864406779661016;-0,11149364406779663;0;6
2017-01-22;9;2017-01-22 09:00:00;39,26;45,83;-6,57;40328;2702;49741;2950;2485;2916;5401;5652;-465;214;-251;-0,046472875393445655;-0,18712273641851107;0,07338820301783265;-0,16734589913397863;0;6
2017-01-22;10;2017-01-22 10:00:00;38,03;44,12;-6,089999999999996;40328;5835;49741;2168;1972;5706;7678;8003;-196;-129;-325;-0,04232873144047929;-0,09939148073022312;-0,02260778128286015;-0,1601367341572442;0;6
2017-01-22;11;2017-01-22 11:00:00;38,16;43,48;-5,32;40328;8241;49741;1334;1387;7787;9174;9575;53;-454;-401;-0,043710486156529324;0,03821196827685652;-0,058302298702966486;-0,13941299790356396;0;6
2017-01-22;12;2017-01-22 12:00:00;37,07;39,58;-2,509999999999998;40328;9516;49741;777;930;8609;9539;10293;153;-907;-754;-0,07904392493972115;0,16451612903225807;-0,10535486119177605;-0,06770973833288368;0;6
2017-01-22;13;2017-01-22 13:00:00;36,03;36,38;-0,3500000000000014;40328;9210;49741;548;719;8104;8823;9758;171;-1106;-935;-0,10597302504816955;0,23783031988873435;-0,13647581441263573;-0,009714127116292019;0;6
2017-01-22;14;2017-01-22 14:00:00;37,32;35,93;1,3900000000000006;40328;7064;49741;490;756;6217;6973;7554;266;-847;-581;-0,08332138247526172;0,35185185185185186;-0,1362393437349204;0,03724544480171491;0;6
2017-01-22;15;2017-01-22 15:00:00;38,29;36,63;1,6599999999999966;40328;3677;49741;544;921;3269;4190;4221;377;-408;-31;-0,007398568019093079;0,40933767643865365;-0,12480881003364944;0,04335335596761548;0;6
2017-01-22;16;2017-01-22 16:00:00;44,06;46,43;-2,369999999999997;40328;664;49741;767;1223;691;1914;1431;456;27;483;0,25235109717868337;0,37285363859362225;0,03907380607814761;-0,05379028597367219;0;6
2017-01-22;17;2017-01-22 17:00:00;61,92;57,88;4,039999999999999;40328;16;49741;1133;1629;11;1640;1149;496;-5;491;0,299390243902439;0,30448127685696746;-0,45454545454545453;0,0652454780361757;0;6
2017-01-22;18;2017-01-22 18:00:00;57,72;59,55;-1,8299999999999983;40328;0;49741;1350;1990;0;1990;1350;640;0;640;0,32160804020100503;0,32160804020100503;;-0,03170478170478168;0;6
2017-01-22;19;2017-01-22 19:00:00;57,38;60,76;-3,3799999999999955;40328;0;49741;1388;2200;0;2200;1388;812;0;812;0,3690909090909091;0,3690909090909091;;-0,058905542000697024;0;6
2017-01-22;20;2017-01-22 20:00:00;46,0;53,53;-7,530000000000001;40328;0;49741;1398;2256;0;2256;1398;858;0;858;0,3803191489361702;0,3803191489361702;;-0,16369565217391308;0;6
2017-01-22;21;2017-01-22 21:00:00;39,39;48,8;-9,409999999999997;40328;0;49741;1422;2239;0;2239;1422;817;0;817;0,3648950424296561;0,3648950424296561;;-0,2388931200812388;0;6
2017-01-22;22;2017-01-22 22:00:00;44,05;58,12;-14,07;40328;0;49741;1302;2211;0;2211;1302;909;0;909;0,41112618724559025;0,41112618724559025;;-0,3194097616345063;0;6
2017-01-22;23;2017-01-22 23:00:00;35,93;42,18;-6,25;40328;0;49741;1144;2252;0;2252;1144;1108;0;1108;0,4920071047957371;0,4920071047957371;;-0,17394934595045922;0;6
2017-01-23;0;2017-01-23 00:00:00;39,1;46,92;-7,82;40332;0;49743;990;1920;0;1920;990;930;0;930;0,484375;0,484375;;-0,2;0;0
2017-01-23;1;2017-01-23 01:00:00;38,28;45,05;-6,769999999999996;40332;0;49743;931;2059;0;2059;931;1128;0;1128;0,5478387566779991;0,5478387566779991;;-0,17685475444096121;0;0
2017-01-23;2;2017-01-23 02:00:00;39,43;42,8;-3,369999999999997;40332;0;49743;1331;2177;0;2177;1331;846;0;846;0,3886081763895269;0,3886081763895269;;-0,08546791782906409;0;0
2017-01-23;3;2017-01-23 03:00:00;37,29;39,75;-2,460000000000001;40332;0;49743;1538;2287;0;2287;1538;749;0;749;0,3275032794053345;0,3275032794053345;;-0,06596942880128723;0;0
2017-01-23;4;2017-01-23 04:00:00;36,65;39,04;-2,390000000000001;40332;0;49743;1560;2401;0;2401;1560;841;0;841;0,3502707205331112;0,3502707205331112;;-0,06521145975443386;0;0
2017-01-23;5;2017-01-23 05:00:00;44,84;43,92;0,9200000000000016;40332;0;49743;1504;2502;0;2502;1504;998;0;998;0,39888089528377296;0,39888089528377296;;0,020517395182872468;0;0
2017-01-23;6;2017-01-23 06:00:00;69,97;72,39;-2,4200000000000017;40332;0;49743;1464;2656;0;2656;1464;1192;0;1192;0,44879518072289154;0,44879518072289154;;-0,03458625125053597;0;0
2017-01-23;7;2017-01-23 07:00:00;98,45;100,68;-2,230000000000004;40332;1;49743;1671;2764;8;2772;1672;1093;7;1100;0,3968253968253968;0,3954413892908828;0,875;-0,02265109192483498;0;0
2017-01-23;8;2017-01-23 08:00:00;95,83;129,97;-34,14;40332;435;49743;1858;2907;545;3452;2293;1049;110;1159;0,335747392815759;0,3608531131750946;0,2018348623853211;-0,3562558697693833;0;0
2017-01-23;9;2017-01-23 09:00:00;99,99;135,87;-35,88000000000001;40332;2033;49743;1899;3169;2409;5578;3932;1270;376;1646;0,2950878451057727;0,4007573366992742;0,15608136156081362;-0,35883588358835894;0;0
2017-01-23;10;2017-01-23 10:00:00;99,36;148,95;-49,58999999999999;40332;4004;49743;1932;3326;4513;7839;5936;1394;509;1903;0,242760556193392;0,4191220685508118;0,11278528694881454;-0,4990942028985506;0;0
2017-01-23;11;2017-01-23 11:00:00;87,42;193,5;-106,08;40332;5496;49743;1678;3302;5963;9265;7174;1624;467;2091;0,22568807339449543;0,49182313749242884;0,07831628374979037;-1,213452299245024;0;0
2017-01-23;12;2017-01-23 12:00:00;83,43;167,57;-84,13999999999999;40332;6164;49743;1674;3235;6446;9681;7838;1561;282;1843;0,19037289536204938;0,4825347758887172;0,043748060812907226;-1,0085101282512283;0;0
2017-01-23;13;2017-01-23 13:00:00;81,81;159,48;-77,66999999999999;40332;5762;49743;1696;3270;5973;9243;7458;1574;211;1785;0,19311911716975008;0,4813455657492355;0,03532563201071488;-0,9493949394939493;0;0
2017-01-23;14;2017-01-23 14:00:00;85,1;147,52;-62,420000000000016;40332;4357;49743;1532;3346;4478;7824;5889;1814;121;1935;0,2473159509202454;0,5421398684997011;0,027020991514068782;-0,7334900117508816;0;0
2017-01-23;15;2017-01-23 15:00:00;82,84;154,46;-71,62;40332;2230;49743;1545;3485;2325;5810;3775;1940;95;2035;0,3502581755593804;0,5566714490674318;0,04086021505376344;-0,8645581844519556;0;0
2017-01-23;16;2017-01-23 16:00:00;91,14;156,53;-65,39;40332;444;49743;1593;3724;515;4239;2037;2131;71;2202;0,5194621372965322;0,572234156820623;0,1378640776699029;-0,717467632214176;0;0
2017-01-23;17;2017-01-23 17:00:00;109,98;186,6;-76,61999999999998;40332;13;49743;1728;3997;8;4005;1741;2269;-5;2264;0,5652933832709114;0,5676757568176132;-0,625;-0,6966721222040368;0;0
2017-01-23;18;2017-01-23 18:00:00;128,4;189,45;-61,04999999999998;40332;0;49743;1902;4302;0;4302;1902;2400;0;2400;0,5578800557880056;0,5578800557880056;;-0,47546728971962604;0;0
2017-01-23;19;2017-01-23 19:00:00;103,87;170,9;-67,03;40332;0;49743;2135;4445;0;4445;2135;2310;0;2310;0,5196850393700787;0,5196850393700787;;-0,6453258881293925;0;0
2017-01-23;20;2017-01-23 20:00:00;84,55;104,8;-20,25;40332;0;49743;2097;4410;0;4410;2097;2313;0;2313;0,5244897959183673;0,5244897959183673;;-0,23950325251330573;0;0
2017-01-23;21;2017-01-23 21:00:00;69,4;88,92;-19,52;40332;0;49743;1971;4401;0;4401;1971;2430;0;2430;0,5521472392638037;0,5521472392638037;;-0,2812680115273775;0;0
2017-01-23;22;2017-01-23 22:00:00;65,06;89,21;-24,14999999999999;40332;0;49743;1702;4366;0;4366;1702;2664;0;2664;0,6101694915254238;0,6101694915254238;;-0,3711958192437748;0;0
2017-01-23;23;2017-01-23 23:00:00;43,08;78,51;-35,43000000000001;40332;0;49743;1490;4329;0;4329;1490;2839;0;2839;0,6558096558096558;0,6558096558096558;;-0,822423398328691;0;0
2017-01-24;0;2017-01-24 00:00:00;57,01;50,84;6,1699999999999955;40333;0;49749;1279;2014;0;2014;1279;735;0;735;0,36494538232373386;0,36494538232373386;;0,10822662690756;0;1
2017-01-24;1;2017-01-24 01:00:00;51,04;49,36;1,6799999999999995;40333;0;49749;1086;1821;0;1821;1086;735;0;735;0,40362438220757824;0,40362438220757824;;0,03291536050156739;0;1
2017-01-24;2;2017-01-24 02:00:00;53,05;48,01;5,039999999999999;40333;0;49749;945;1646;0;1646;945;701;0;701;0,4258809234507898;0,4258809234507898;;0,09500471253534401;0;1
2017-01-24;3;2017-01-24 03:00:00;48,82;44,48;4,340000000000003;40333;0;49749;975;1451;0;1451;975;476;0;476;0,3280496209510682;0,3280496209510682;;0,08889799262597303;0;1
2017-01-24;4;2017-01-24 04:00:00;51,52;44,94;6,5800000000000045;40333;0;49749;912;1322;0;1322;912;410;0;410;0,3101361573373676;0,3101361573373676;;0,1277173913043479;0;1
2017-01-24;5;2017-01-24 05:00:00;56,06;49,38;6,68;40333;0;49749;898;1277;0;1277;898;379;0;379;0,29678935003915424;0,29678935003915424;;0,11915804495183731;0;1
2017-01-24;6;2017-01-24 06:00:00;91,21;76,39;14,819999999999993;40333;0;49749;858;1269;0;1269;858;411;0;411;0,32387706855791965;0,32387706855791965;;0,16248218397105574;0;1
2017-01-24;7;2017-01-24 07:00:00;163,52;138,34;25,18000000000001;40333;0;49749;778;1259;4;1263;778;481;4;485;0,384006334125099;0,38204924543288327;1,0;0,1539872798434443;0;1
2017-01-24;8;2017-01-24 08:00:00;153,67;128,47;25,199999999999992;40333;157;49749;671;1251;331;1582;828;580;174;754;0,47661188369152974;0,4636290967226219;0,525679758308157;0,16398776599206089;0;1
2017-01-24;9;2017-01-24 09:00:00;150,1;125,45;24,64999999999999;40333;724;49749;718;1240;1453;2693;1442;522;729;1251;0,46453769030820646;0,42096774193548386;0,5017205781142464;0,16422385076615584;0;1
2017-01-24;10;2017-01-24 10:00:00;151,07;139,51;11,560000000000002;40333;1436;49749;798;1180;2764;3944;2234;382;1328;1710;0,43356997971602435;0,32372881355932204;0,4804630969609262;0,07652081816376516;0;1
2017-01-24;11;2017-01-24 11:00:00;135,0;152,95;-17,94999999999999;40333;2002;49749;953;1084;3767;4851;2955;131;1765;1896;0,3908472479901051;0,12084870848708487;0,46854260684895144;-0,13296296296296287;0;1
2017-01-24;12;2017-01-24 12:00:00;121,58;141,74;-20,16000000000001;40333;2067;49749;1024;1052;4198;5250;3091;28;2131;2159;0,41123809523809524;0,026615969581749048;0,5076226774654597;-0,16581674617535788;0;1
2017-01-24;13;2017-01-24 13:00:00;117,68;136,47;-18,789999999999992;40333;1834;49749;1202;1117;3948;5065;3036;-85;2114;2029;0,40059230009871666;-0,07609668755595345;0,5354609929078015;-0,15967029231815083;0;1
2017-01-24;14;2017-01-24 14:00:00;112,21;134,15;-21,94000000000001;40333;1323;49749;1277;1264;3035;4299;2600;-13;1712;1699;0,3952081879506862;-0,010284810126582278;0,5640856672158154;-0,19552624543267097;0;1
2017-01-24;15;2017-01-24 15:00:00;117,18;140,28;-23,099999999999994;40333;636;49749;1442;1430;1645;3075;2078;-12;1009;997;0,32422764227642276;-0,008391608391608392;0,6133738601823708;-0,19713261648745514;0;1
2017-01-24;16;2017-01-24 16:00:00;120,0;137,11;-17,110000000000017;40333;113;49749;1547;1607;353;1960;1660;60;240;300;0,15306122448979592;0,037336652146857496;0,6798866855524079;-0,14258333333333348;0;1
2017-01-24;17;2017-01-24 17:00:00;131,01;153,83;-22,820000000000018;40333;8;49749;1476;1814;9;1823;1484;338;1;339;0,185957213384531;0,18632855567805953;0,1111111111111111;-0,17418517670406855;0;1
2017-01-24;18;2017-01-24 18:00:00;138,91;161,49;-22,58000000000001;40333;0;49749;1526;2032;0;2032;1526;506;0;506;0,24901574803149606;0,24901574803149606;;-0,16255129220358513;0;1
2017-01-24;19;2017-01-24 19:00:00;113,8;161,97;-48,17;40333;0;49749;1688;2204;0;2204;1688;516;0;516;0,23411978221415608;0,23411978221415608;;-0,42328646748681903;0;1
2017-01-24;20;2017-01-24 20:00:00;109,92;110,12;-0,20000000000000284;40333;0;49749;1813;2317;0;2317;1813;504;0;504;0,2175226586102719;0,2175226586102719;;-0,0018195050946142907;0;1
2017-01-24;21;2017-01-24 21:00:00;78,98;72,63;6,3500000000000085;40333;0;49749;1929;2468;0;2468;1929;539;0;539;0,21839546191247974;0,21839546191247974;;0,0804001012914663;0;1
2017-01-24;22;2017-01-24 22:00:00;66,17;67,66;-1,4899999999999949;40333;0;49749;2100;2601;0;2601;2100;501;0;501;0,19261822376009227;0,19261822376009227;;-0,022517757291824012;0;1
2017-01-24;23;2017-01-24 23:00:00;56,61;56,69;-0,0799999999999983;40333;0;49749;2330;2715;0;2715;2330;385;0;385;0,141804788213628;0,141804788213628;;-0,001413177883766089;0;1
2017-01-25;0;2017-01-25 00:00:00;54,69;58,3;-3,61;40334;0;49778;2429;2688;0;2688;2429;259;0;259;0,09635416666666667;0,09635416666666667;;-0,06600841104406656;0;2
2017-01-25;1;2017-01-25 01:00:00;46,58;49,17;-2,5900000000000034;40334;0;49778;2464;2720;0;2720;2464;256;0;256;0,09411764705882353;0,09411764705882353;;-0,05560326320309153;0;2
2017-01-25;2;2017-01-25 02:00:00;42,39;47,67;-5,280000000000001;40334;0;49778;2252;2779;0;2779;2252;527;0;527;0,189636559913638;0,189636559913638;;-0,12455767869780611;0;2
2017-01-25;3;2017-01-25 03:00:00;40,94;44,46;-3,520000000000003;40334;0;49778;1954;2774;0;2774;1954;820;0;820;0,29560201874549386;0,29560201874549386;;-0,08597948216902793;0;2
2017-01-25;4;2017-01-25 04:00:00;43,25;45,64;-2,390000000000001;40334;0;49778;1812;2733;0;2733;1812;921;0;921;0,33699231613611413;0,33699231613611413;;-0,05526011560693644;0;2
2017-01-25;5;2017-01-25 05:00:00;48,03;59,84;-11,810000000000002;40334;0;49778;1626;2640;0;2640;1626;1014;0;1014;0,3840909090909091;0,3840909090909091;;-0,24588798667499484;0;2
2017-01-25;6;2017-01-25 06:00:00;67,35;74,49;-7,1400000000000015;40334;0;49778;1530;2542;0;2542;1530;1012;0;1012;0,3981117230527144;0,3981117230527144;;-0,10601336302895326;0;2
2017-01-25;7;2017-01-25 07:00:00;100,24;126,12;-25,88000000000001;40334;1;49778;1510;2457;7;2464;1511;947;6;953;0,3867694805194805;0,38542938542938543;0,8571428571428571;-0,25818036711891473;0;2
2017-01-25;8;2017-01-25 08:00:00;105,04;147,68;-42,64;40334;174;49778;1692;2410;380;2790;1866;718;206;924;0,3311827956989247;0,2979253112033195;0,5421052631578948;-0,4059405940594059;0;2
2017-01-25;9;2017-01-25 09:00:00;109,63;145,67;-36,03999999999999;40334;942;49778;1971;2434;1738;4172;2913;463;796;1259;0,3017737296260786;0,19022185702547248;0,4579976985040276;-0,32874213262793023;0;2
2017-01-25;10;2017-01-25 10:00:00;109,93;143,64;-33,70999999999998;40334;1966;49778;2242;2470;3405;5875;4208;228;1439;1667;0,28374468085106386;0,09230769230769231;0,4226138032305433;-0,3066496861639223;0;2
2017-01-25;11;2017-01-25 11:00:00;119,98;138,09;-18,11;40334;2908;49778;2495;2443;4680;7123;5403;-52;1772;1720;0,2414712901867191;-0,02128530495292673;0,3786324786324786;-0,15094182363727288;0;2
2017-01-25;12;2017-01-25 12:00:00;114,1;130,59;-16,49000000000001;40334;3469;49778;2688;2351;5250;7601;6157;-337;1781;1444;0,1899750032890409;-0,1433432581880051;0,3392380952380952;-0,14452234881682743;0;2
2017-01-25;13;2017-01-25 13:00:00;101,63;122,66;-21,03;40334;3517;49778;2741;2278;4996;7274;6258;-463;1479;1016;0,13967555677756394;-0,2032484635645303;0,29603682946357085;-0,20692708845813246;0;2
2017-01-25;14;2017-01-25 14:00:00;107,75;119,98;-12,230000000000004;40334;2837;49778;2661;2252;3882;6134;5498;-409;1045;636;0,10368438213237692;-0,1816163410301954;0,2691911385883565;-0,11350348027842232;0;2
2017-01-25;15;2017-01-25 15:00:00;111,65;129,14;-17,48999999999998;40334;1556;49778;2537;2238;2143;4381;4093;-299;587;288;0,06573841588678384;-0,13360142984807863;0,2739150723285114;-0,15665024630541854;0;2
2017-01-25;16;2017-01-25 16:00:00;119,63;138,6;-18,97;40334;337;49778;2582;2429;509;2938;2919;-153;172;19;0,006466984343090538;-0,06298888431453273;0,3379174852652259;-0,1585722644821533;0;2
2017-01-25;17;2017-01-25 17:00:00;122,9;161,01;-38,10999999999999;40334;13;49778;2828;2923;9;2932;2841;95;-4;91;0,031036834924965895;0,03250085528566541;-0,4444444444444444;-0,31008950366151333;0;2
2017-01-25;18;2017-01-25 18:00:00;133,18;156,73;-23,549999999999986;40334;0;49778;3171;3548;0;3548;3171;377;0;377;0,10625704622322435;0,10625704622322435;;-0,1768283526054962;0;2
2017-01-25;19;2017-01-25 19:00:00;109,96;158,1;-48,14;40334;0;49778;3679;4077;0;4077;3679;398;0;398;0,09762079960755457;0,09762079960755457;;-0,4377955620225537;0;2
2017-01-25;20;2017-01-25 20:00:00;89,96;96,19;-6,230000000000004;40334;0;49778;4250;4486;0;4486;4250;236;0;236;0,05260811413285778;0,05260811413285778;;-0,06925300133392624;0;2
2017-01-25;21;2017-01-25 21:00:00;62,34;61,75;0,5900000000000034;40334;0;49778;4866;4843;0;4843;4866;-23;0;-23;-0,004749122444765641;-0,004749122444765641;;0,009464228424767459;0;2
2017-01-25;22;2017-01-25 22:00:00;57,8;55,48;2,3200000000000003;40334;0;49778;5243;5188;0;5188;5243;-55;0;-55;-0,010601387818041635;-0,010601387818041635;;0,040138408304498274;0;2
2017-01-25;23;2017-01-25 23:00:00;45,23;46,03;-0,8000000000000043;40334;0;49778;5824;5523;0;5523;5824;-301;0;-301;-0,05449936628643853;-0,05449936628643853;;-0,017687375635640157;0;2
2017-01-26;0;2017-01-26 00:00:00;43,85;43,13;0,7199999999999989;40335;0;49811;6154;6438;0;6438;6154;284;0;284;0,04411307859583722;0,04411307859583722;;0,01641961231470921;0;3
2017-01-26;1;2017-01-26 01:00:00;42,06;45,41;-3,3499999999999943;40335;0;49811;6468;6731;0;6731;6468;263;0;263;0,039072946070420445;0,039072946070420445;;-0,07964812173086054;0;3
2017-01-26;2;2017-01-26 02:00:00;40,02;44,79;-4,769999999999996;40335;0;49811;6741;7051;0;7051;6741;310;0;310;0,043965394979435544;0,043965394979435544;;-0,1191904047976011;0;3
2017-01-26;3;2017-01-26 03:00:00;37,85;41,36;-3,509999999999998;40335;0;49811;6966;7346;0;7346;6966;380;0;380;0,051728832017424446;0,051728832017424446;;-0,09273447820343456;0;3
2017-01-26;4;2017-01-26 04:00:00;38,23;38,42;-0,19000000000000486;40335;0;49811;7094;7675;0;7675;7094;581;0;581;0,07570032573289902;0,07570032573289902;;-0,004969918911849461;0;3
2017-01-26;5;2017-01-26 05:00:00;41,1;41,93;-0,8299999999999983;40335;0;49811;7082;8093;0;8093;7082;1011;0;1011;0,1249227727665884;0,1249227727665884;;-0,02019464720194643;0;3
2017-01-26;6;2017-01-26 06:00:00;44,28;45,52;-1,240000000000002;40335;0;49811;7152;8484;0;8484;7152;1332;0;1332;0,157001414427157;0,157001414427157;;-0,02800361336946707;0;3
2017-01-26;7;2017-01-26 07:00:00;58,51;61,02;-2,5100000000000047;40335;2;49811;7512;8884;6;8890;7514;1372;4;1376;0,15478065241844768;0,15443493921656912;0,6666666666666666;-0,04289864980345248;0;3
2017-01-26;8;2017-01-26 08:00:00;65,05;63,31;1,7399999999999949;40335;463;49811;7916;9188;515;9703;8379;1272;52;1324;0,13645264351231579;0,13844144536351763;0,10097087378640776;0,026748654880860798;0;3
2017-01-26;9;2017-01-26 09:00:00;60,94;63,05;-2,1099999999999994;40335;2854;49811;8001;9409;2344;11753;10855;1408;-510;898;0,0764060239938739;0,14964395791263685;-0,2175767918088737;-0,034624220544798155;0;3
2017-01-26;10;2017-01-26 10:00:00;58,13;60,4;-2,269999999999996;40335;6392;49811;7941;9400;4549;13949;14333;1459;-1843;-384;-0,02752885511506201;0,15521276595744682;-0,40514398768960214;-0,039050404266299604;0;3
2017-01-26;11;2017-01-26 11:00:00;59,61;52,16;7,450000000000002;40335;9568;49811;8436;8870;6346;15216;18004;434;-3222;-2788;-0,18322818086225026;0,04892897406989853;-0,5077213993066498;0,12497903036403292;0;3
2017-01-26;12;2017-01-26 12:00:00;59,45;44,35;15,1;40335;11205;49811;9202;8299;7318;15617;20407;-903;-3887;-4790;-0,3067170391240315;-0,10880829015544041;-0,5311560535665483;0,25399495374264086;0;3
2017-01-26;13;2017-01-26 13:00:00;53,51;40,18;13,329999999999998;40335;10967;49811;9436;8102;7142;15244;20403;-1334;-3825;-5159;-0,338428234059302;-0,1646507035299926;-0,5355642677121255;0,2491123154550551;0;3
2017-01-26;14;2017-01-26 14:00:00;57,5;40,13;17,369999999999994;40335;8876;49811;9362;8177;5718;13895;18238;-1185;-3158;-4343;-0,3125584742713206;-0,14491867433043903;-0,5522910108429521;0,302086956521739;0;3
2017-01-26;15;2017-01-26 15:00:00;54,97;41,43;13,54;40335;4990;49811;9186;8917;3242;12159;14176;-269;-1748;-2017;-0,16588535241384983;-0,030167096557138052;-0,5391733497840839;0,24631617245770418;0;3
2017-01-26;16;2017-01-26 16:00:00;55,72;51,66;4,060000000000001;40335;1148;49811;9983;10410;767;11177;11131;427;-381;46;0,004115594524469894;0,04101825168107589;-0,49674054758800523;0,07286432160804023;0;3
2017-01-26;17;2017-01-26 17:00:00;54,01;56,27;-2,2600000000000047;40335;22;49811;12211;12466;7;12473;12233;255;-15;240;0,01924156177343061;0,020455639339002085;-2,142857142857143;-0,04184410294389936;0;3
2017-01-26;18;2017-01-26 18:00:00;53,35;53,61;-0,259999999999998;40335;0;49811;13694;14348;0;14348;13694;654;0;654;0,045581265681628104;0,045581265681628104;;-0,004873477038425455;0;3
2017-01-26;19;2017-01-26 19:00:00;44,98;47,14;-2,160000000000004;40335;0;49811;14104;15287;0;15287;14104;1183;0;1183;0,07738601426048276;0,07738601426048276;;-0,048021342819030775;0;3
2017-01-26;20;2017-01-26 20:00:00;36,08;41,89;-5,810000000000002;40335;0;49811;14035;15282;0;15282;14035;1247;0;1247;0,08159926711163461;0,08159926711163461;;-0,16103104212860317;0;3
2017-01-26;21;2017-01-26 21:00:00;37,87;42,52;-4,650000000000006;40335;0;49811;13528;14942;0;14942;13528;1414;0;1414;0,09463257930665239;0,09463257930665239;;-0,12278848692896768;0;3
2017-01-26;22;2017-01-26 22:00:00;41,4;45,47;-4,07;40335;0;49811;12944;14550;0;14550;12944;1606;0;1606;0,11037800687285224;0,11037800687285224;;-0,09830917874396136;0;3
2017-01-26;23;2017-01-26 23:00:00;36,7;40,18;-3,479999999999997;40335;0;49811;13082;14297;0;14297;13082;1215;0;1215;0,08498286353780514;0,08498286353780514;;-0,09482288828337865;0;3
2017-01-27;0;2017-01-27 00:00:00;35,08;40,05;-4,969999999999999;40337;0;49836;13052;12990;0;12990;13052;-62;0;-62;-0,004772902232486528;-0,004772902232486528;;-0,14167616875712655;0;4
2017-01-27;1;2017-01-27 01:00:00;34,31;39,85;-5,539999999999999;40337;0;49836;12831;13019;0;13019;12831;188;0;188;0,01444043321299639;0,01444043321299639;;-0,16146895948703;0;4
2017-01-27;2;2017-01-27 02:00:00;34,05;39,66;-5,6099999999999985;40337;0;49836;13059;13276;0;13276;13059;217;0;217;0,01634528472431455;0,01634528472431455;;-0,16475770925110128;0;4
2017-01-27;3;2017-01-27 03:00:00;33,97;37,76;-3,7899999999999987;40337;0;49836;13584;13540;0;13540;13584;-44;0;-44;-0,0032496307237813884;-0,0032496307237813884;;-0,11156903149838089;0;4
2017-01-27;4;2017-01-27 04:00:00;34,03;33,13;0,8999999999999986;40337;0;49836;14277;13720;0;13720;14277;-557;0;-557;-0,040597667638483964;-0,040597667638483964;;0,02644725242433143;0;4
2017-01-27;5;2017-01-27 05:00:00;34,06;30,38;3,6800000000000033;40337;0;49836;15187;13941;0;13941;15187;-1246;0;-1246;-0,08937665877627143;-0,08937665877627143;;0,10804462712859668;0;4
2017-01-27;6;2017-01-27 06:00:00;35,8;29,33;6,469999999999999;40337;0;49836;15672;14173;0;14173;15672;-1499;0;-1499;-0,10576448176109504;-0,10576448176109504;;0,1807262569832402;0;4
2017-01-27;7;2017-01-27 07:00:00;46,39;42,84;3,549999999999997;40337;3;49836;16000;14229;10;14239;16003;-1771;7;-1764;-0,12388510429103167;-0,12446412256658936;0,7;0,07652511317094195;0;4
2017-01-27;8;2017-01-27 08:00:00;47,4;50,41;-3,009999999999998;40337;1106;49836;15222;13935;836;14771;16328;-1287;-270;-1557;-0,1054092478505179;-0,09235737351991388;-0,3229665071770335;-0,0635021097046413;0;4
2017-01-27;9;2017-01-27 09:00:00;45,04;42,82;2,2199999999999993;40337;4775;49836;13977;13073;3531;16604;18752;-904;-1244;-2148;-0,12936641773066732;-0,06915015681174941;-0,3523081280090626;0,04928952042628773;0;4
2017-01-27;10;2017-01-27 10:00:00;43,47;39,5;3,969999999999999;40337;9120;49836;11712;11435;6339;17774;20832;-277;-2781;-3058;-0,17204906042534038;-0,024223874070835157;-0,43871273071462374;0,09132735219691739;0;4
2017-01-27;11;2017-01-27 11:00:00;44,14;37,11;7,030000000000001;40337;12169;49836;9381;9334;8350;17684;21550;-47;-3819;-3866;-0,21861569780592627;-0,00503535461752732;-0,45736526946107786;0,15926597190756686;0;4
2017-01-27;12;2017-01-27 12:00:00;44,36;35,34;9,019999999999996;40337;13292;49836;7904;7437;9196;16633;21196;-467;-4096;-4563;-0,27433415499308605;-0,0627941374210031;-0,4454110482818617;0,20333633904418386;0;4
2017-01-27;13;2017-01-27 13:00:00;45,18;35,29;9,89;40337;12349;49836;6932;6303;8677;14980;19281;-629;-3672;-4301;-0,2871161548731642;-0,09979374900840869;-0,42318773769736084;0,2189021691013723;0;4
2017-01-27;14;2017-01-27 14:00:00;48,46;37,36;11,1;40337;9464;49836;6458;6082;6785;12867;15922;-376;-2679;-3055;-0,23742908214813088;-0,061821769154883265;-0,3948415622697126;0,2290548906314486;0;4
2017-01-27;15;2017-01-27 15:00:00;52,92;42,37;10,550000000000004;40337;5212;49836;6402;6569;3852;10421;11614;167;-1360;-1193;-0,11448037616351597;0,02542243872735576;-0,3530633437175493;0,19935752078609228;0;4
2017-01-27;16;2017-01-27 16:00:00;55,25;44,8;10,450000000000003;40337;1111;49836;7044;7768;936;8704;8155;724;-175;549;0,06307444852941177;0,09320288362512873;-0,18696581196581197;0,18914027149321272;0;4
2017-01-27;17;2017-01-27 17:00:00;60,36;53,98;6,380000000000003;40337;24;49836;8114;9300;10;9310;8138;1186;-14;1172;0,12588614393125672;0,1275268817204301;-1,4;0,10569913850231946;0;4
2017-01-27;18;2017-01-27 18:00:00;56,59;52,98;3,610000000000007;40337;0;49836;8781;10344;0;10344;8781;1563;0;1563;0,15110208816705337;0,15110208816705337;;0,06379218943276209;0;4
2017-01-27;19;2017-01-27 19:00:00;54,61;54,74;-0,13000000000000256;40337;0;49836;8829;10704;0;10704;8829;1875;0;1875;0,17516816143497757;0,17516816143497757;;-0,0023805163889398014;0;4
2017-01-27;20;2017-01-27 20:00:00;47,65;53,38;-5,730000000000004;40337;0;49836;9139;10526;0;10526;9139;1387;0;1387;0,13176895306859207;0,13176895306859207;;-0,12025183630640093;0;4
2017-01-27;21;2017-01-27 21:00:00;39,9;42,81;-2,910000000000004;40337;0;49836;8774;10098;0;10098;8774;1324;0;1324;0,13111507229154287;0,13111507229154287;;-0,07293233082706778;0;4
2017-01-27;22;2017-01-27 22:00:00;39,9;42,29;-2,390000000000001;40337;0;49836;8372;9656;0;9656;8372;1284;0;1284;0,13297431648715824;0,13297431648715824;;-0,05989974937343361;0;4
2017-01-27;23;2017-01-27 23:00:00;38,03;42,38;-4,350000000000001;40337;0;49836;8281;9324;0;9324;8281;1043;0;1043;0,11186186186186187;0,11186186186186187;;-0,11438338154088881;0;4
2017-01-28;0;2017-01-28 00:00:00;39,67;44,65;-4,979999999999997;40337;0;49854;8338;10284;0;10284;8338;1946;0;1946;0,18922598210812913;0,18922598210812913;;-0,1255356692714897;0;5
2017-01-28;1;2017-01-28 01:00:00;40,0;45,24;-5,240000000000002;40337;0;49854;7690;10067;0;10067;7690;2377;0;2377;0,23611800933743915;0,23611800933743915;;-0,13100000000000006;0;5
2017-01-28;2;2017-01-28 02:00:00;36,0;42,98;-6,979999999999998;40337;0;49854;7684;10035;0;10035;7684;2351;0;2351;0,23428001993024414;0,23428001993024414;;-0,19388888888888883;0;5
2017-01-28;3;2017-01-28 03:00:00;39,0;42,31;-3,3100000000000023;40337;0;49854;8064;10069;0;10069;8064;2005;0;2005;0,19912603039030688;0,19912603039030688;;-0,08487179487179493;0;5
2017-01-28;4;2017-01-28 04:00:00;37,39;40,96;-3,5700000000000003;40337;0;49854;8533;10235;0;10235;8533;1702;0;1702;0,1662921348314607;0,1662921348314607;;-0,09548007488633325;0;5
2017-01-28;5;2017-01-28 05:00:00;37,78;40,13;-2,3500000000000014;40337;0;49854;8978;10569;0;10569;8978;1591;0;1591;0,15053458226889962;0,15053458226889962;;-0,06220222339862365;0;5
2017-01-28;6;2017-01-28 06:00:00;37,38;48,88;-11,5;40337;0;49854;9534;10904;0;10904;9534;1370;0;1370;0,1256419662509171;0,1256419662509171;;-0,30765115034777957;0;5
2017-01-28;7;2017-01-28 07:00:00;39,65;50,32;-10,670000000000002;40337;4;49854;9648;10996;12;11008;9652;1348;8;1356;0,12318313953488372;0,12259003273917789;0,6666666666666666;-0,26910466582597736;0;5
2017-01-28;8;2017-01-28 08:00:00;47,34;55,92;-8,579999999999998;40337;905;49854;9329;10793;1138;11931;10234;1464;233;1697;0,14223451512865645;0,13564347262114335;0,2047451669595782;-0,18124207858048158;0;5
2017-01-28;9;2017-01-28 09:00:00;44,9;58,94;-14,04;40337;4236;49854;8627;10215;4466;14681;12863;1588;230;1818;0,12383352632654451;0,15545766030347527;0,05150022391401702;-0,3126948775055679;0;5
2017-01-28;10;2017-01-28 10:00:00;40,09;57,07;-16,979999999999997;40337;8391;49854;7092;8776;7840;16616;15483;1684;-551;1133;0,06818728935965335;0,1918869644484959;-0,07028061224489796;-0,4235470192067846;0;5
2017-01-28;11;2017-01-28 11:00:00;43,6;50,3;-6,699999999999997;40337;11621;49854;5701;6773;10219;16992;17322;1072;-1402;-330;-0,01942090395480226;0,15827550568433485;-0,13719542029552795;-0,1536697247706421;0;5
2017-01-28;12;2017-01-28 12:00:00;38,4;42,89;-4,490000000000002;40337;12875;49854;4967;5426;11048;16474;17842;459;-1827;-1368;-0,08303994172635669;0,08459270180611869;-0,16536929761042723;-0,11692708333333339;0;5
2017-01-28;13;2017-01-28 13:00:00;37,74;41,24;-3,5;40337;12275;49854;4730;4909;10276;15185;17005;179;-1999;-1820;-0,1198551201843925;0,03646363821552251;-0,19453094589334372;-0,09273979862215156;0;5
2017-01-28;14;2017-01-28 14:00:00;41,01;40,31;0,6999999999999957;40337;9407;49854;4806;5071;7895;12966;14213;265;-1512;-1247;-0,09617461051982107;0,05225793729047525;-0,19151361621279292;0,017069007559131814;0;5
2017-01-28;15;2017-01-28 15:00:00;49,92;46,06;3,86;40337;5070;49854;5141;5762;4373;10135;10211;621;-697;-76;-0,007498766650222003;0,10777507809788268;-0,15938714841070203;0,07732371794871794;0;5
2017-01-28;16;2017-01-28 16:00:00;54,15;52,15;2,0;40337;1152;49854;6228;7113;1049;8162;7380;885;-103;782;0,09580985052683166;0,12442007591733446;-0,09818875119161107;0,03693444136657433;0;5
2017-01-28;17;2017-01-28 17:00:00;60,59;63,13;-2,539999999999999;40337;28;49854;8458;8857;11;8868;8486;399;-17;382;0,04307622913847542;0,045049113695382184;-1,5454545454545454;-0,04192110909390987;0;5
2017-01-28;18;2017-01-28 18:00:00;55,2;59,58;-4,379999999999996;40337;0;49854;10245;10578;0;10578;10245;333;0;333;0,031480431083380604;0,031480431083380604;;-0,07934782608695645;0;5
2017-01-28;19;2017-01-28 19:00:00;48,08;52,67;-4,590000000000003;40337;0;49854;10858;11787;0;11787;10858;929;0;929;0,07881564435394926;0,07881564435394926;;-0,09546589018302835;0;5
2017-01-28;20;2017-01-28 20:00:00;40,57;47,66;-7,089999999999996;40337;0;49854;11538;12454;0;12454;11538;916;0;916;0,07355066645254536;0,07355066645254536;;-0,17475967463643077;0;5
2017-01-28;21;2017-01-28 21:00:00;38,0;42,29;-4,289999999999999;40337;0;49854;12182;13098;0;13098;12182;916;0;916;0,0699343411207818;0,0699343411207818;;-0,11289473684210524;0;5
2017-01-28;22;2017-01-28 22:00:00;37,2;42,14;-4,939999999999999;40337;0;49854;12616;13703;0;13703;12616;1087;0;1087;0,07932569510326205;0,07932569510326205;;-0,13279569892473114;0;5
2017-01-28;23;2017-01-28 23:00:00;33,74;41,05;-7,309999999999995;40337;0;49854;13046;14020;0;14020;13046;974;0;974;0,06947218259629101;0,06947218259629101;;-0,21665678719620612;0;5
2017-01-29;0;2017-01-29 00:00:00;36,04;44,42;-8,380000000000003;40337;0;49854;13132;12806;0;12806;13132;-326;0;-326;-0,025456817116976418;-0,025456817116976418;;-0,2325194228634851;0;6
2017-01-29;1;2017-01-29 01:00:00;32,95;38,89;-5,939999999999998;40337;0;49854;13424;13122;0;13122;13424;-302;0;-302;-0,02301478433165676;-0,02301478433165676;;-0,18027314112291343;0;6
2017-01-29;2;2017-01-29 02:00:00;32,94;37,08;-4,1400000000000015;40337;0;49854;13890;13264;0;13264;13890;-626;0;-626;-0,047195416164053074;-0,047195416164053074;;-0,12568306010928967;0;6
2017-01-29;3;2017-01-29 03:00:00;31,75;35,06;-3,3100000000000023;40337;0;49854;14306;13412;0;13412;14306;-894;0;-894;-0,06665672532060841;-0,06665672532060841;;-0,10425196850393707;0;6
2017-01-29;4;2017-01-29 04:00:00;34,65;38,84;-4,190000000000005;40337;0;49854;14021;13633;0;13633;14021;-388;0;-388;-0,028460353553876622;-0,028460353553876622;;-0,12092352092352107;0;6
2017-01-29;5;2017-01-29 05:00:00;32,89;37,68;-4,789999999999999;40337;0;49854;14363;13875;0;13875;14363;-488;0;-488;-0,03517117117117117;-0,03517117117117117;;-0,14563697172392823;0;6
2017-01-29;6;2017-01-29 06:00:00;32,96;36,29;-3,3299999999999983;40337;0;49854;14139;14167;0;14167;14139;28;0;28;0,0019764240841391965;0,0019764240841391965;;-0,1010315533980582;0;6
2017-01-29;7;2017-01-29 07:00:00;35,01;40,56;-5,550000000000003;40337;2;49854;13784;14421;13;14434;13786;637;11;648;0,04489400027712346;0,04417169405727758;0,8461538461538461;-0,15852613538988872;0;6
2017-01-29;8;2017-01-29 08:00:00;35,0;40,47;-5,469999999999999;40337;859;49854;13732;14499;806;15305;14591;767;-53;714;0,04665142110421431;0,05290020001379406;-0,06575682382133995;-0,15628571428571425;0;6
2017-01-29;9;2017-01-29 09:00:00;33,05;38,37;-5,32;40337;3789;49854;13642;14343;2917;17260;17431;701;-872;-171;-0,009907300115874856;0,0488740151990518;-0,29893726431265;-0,16096822995461424;0;6
2017-01-29;10;2017-01-29 10:00:00;33,07;34,55;-1,4799999999999969;40337;7206;49854;13592;13928;5257;19185;20798;336;-1949;-1613;-0,08407610112066718;0,024124066628374498;-0,370743770211147;-0,04475355306924696;0;6
2017-01-29;11;2017-01-29 11:00:00;33,07;32,03;1,0399999999999991;40337;9464;49854;13386;13547;7251;20798;22850;161;-2213;-2052;-0,09866333301278969;0,011884550084889643;-0,3051992828575369;0,03144844269730871;0;6
2017-01-29;12;2017-01-29 12:00:00;33,04;32,9;0,14000000000000054;40337;10321;49854;13370;13296;8139;21435;23691;-74;-2182;-2256;-0,1052484254723583;-0,005565583634175692;-0,2680919031822091;0,004237288135593237;0;6
2017-01-29;13;2017-01-29 13:00:00;32,91;29,75;3,1599999999999966;40337;9576;49854;13022;12953;7864;20817;22598;-69;-1712;-1781;-0,08555507517894029;-0,0053269512854165054;-0,21770091556459817;0,09601944697660277;0;6
2017-01-29;14;2017-01-29 14:00:00;34,64;30,85;3,7899999999999987;40337;7401;49854;12552;12460;6196;18656;19953;-92;-1205;-1297;-0,06952186963979416;-0,007383627608346709;-0,19448030987734022;0,10941108545034638;0;6
2017-01-29;15;2017-01-29 15:00:00;37,05;34,01;3,0399999999999987;40337;4173;49854;12163;12060;3449;15509;16336;-103;-724;-827;-0,053323876458830355;-0,008540630182421228;-0,20991591765729198;0,08205128205128202;0;6
2017-01-29;16;2017-01-29 16:00:00;45,58;38,36;7,219999999999999;40337;1037;49854;11868;12004;862;12866;12905;136;-175;-39;-0,003031245142235349;0,011329556814395202;-0,20301624129930396;0,1584028082492321;0;6
2017-01-29;17;2017-01-29 17:00:00;53,93;49,99;3,9399999999999977;40337;26;49854;11571;12437;11;12448;11597;866;-15;851;0,06836439588688946;0,0696309399372839;-1,3636363636363635;0,07305766734656031;0;6
2017-01-29;18;2017-01-29 18:00:00;55,25;56,1;-0,8500000000000014;40337;0;49854;11604;13037;0;13037;11604;1433;0;1433;0,10991792590319859;0,10991792590319859;;-0,01538461538461541;0;6
2017-01-29;19;2017-01-29 19:00:00;50,58;56,37;-5,789999999999999;40337;0;49854;11922;13418;0;13418;11922;1496;0;1496;0,11149202563720376;0,11149202563720376;;-0,11447212336892051;0;6
2017-01-29;20;2017-01-29 20:00:00;39,84;45,97;-6,129999999999996;40337;0;49854;11576;13359;0;13359;11576;1783;0;1783;0,13346807395763155;0,13346807395763155;;-0,15386546184738945;0;6
2017-01-29;21;2017-01-29 21:00:00;37,08;43,3;-6,219999999999999;40337;0;49854;11682;13102;0;13102;11682;1420;0;1420;0,10838039993894062;0,10838039993894062;;-0,16774541531823084;0;6
2017-01-29;22;2017-01-29 22:00:00;44,21;44,77;-0,5600000000000023;40337;0;49854;10988;12700;0;12700;10988;1712;0;1712;0,13480314960629922;0,13480314960629922;;-0,012666817462112696;0;6
2017-01-29;23;2017-01-29 23:00:00;36,09;41,6;-5,509999999999998;40337;0;49854;10362;12116;0;12116;10362;1754;0;1754;0,1447672499174645;0,1447672499174645;;-0,1526738708783596;0;6
2017-01-30;0;2017-01-30 00:00:00;36,51;40,67;-4,160000000000005;40338;0;49866;9993;10949;0;10949;9993;956;0;956;0,0873139099461138;0,0873139099461138;;-0,11394138592166543;0;0
2017-01-30;1;2017-01-30 01:00:00;36,49;38,3;-1,8099999999999952;40338;0;49866;10057;10486;0;10486;10057;429;0;429;0,04091169177951554;0,04091169177951554;;-0,049602630857769114;0;0
2017-01-30;2;2017-01-30 02:00:00;36,62;38,7;-2,0800000000000054;40338;0;49866;10242;10309;0;10309;10242;67;0;67;0,006499175477737899;0,006499175477737899;;-0,05679956308028415;0;0
2017-01-30;3;2017-01-30 03:00:00;36,05;37,62;-1,5700000000000005;40338;0;49866;10290;10265;0;10265;10290;-25;0;-25;-0,0024354603019970775;-0,0024354603019970775;;-0,043550624133148426;0;0
2017-01-30;4;2017-01-30 04:00:00;35,11;35,19;-0,0799999999999983;40338;0;49866;10494;10352;0;10352;10494;-142;0;-142;-0,013717156105100464;-0,013717156105100464;;-0,002278553118769533;0;0
2017-01-30;5;2017-01-30 05:00:00;36,68;37,13;-0,4500000000000029;40338;0;49866;11138;10667;0;10667;11138;-471;0;-471;-0,04415487016030749;-0,04415487016030749;;-0,012268266085060058;0;0
2017-01-30;6;2017-01-30 06:00:00;47,14;43,16;3,980000000000004;40338;0;49866;12628;11158;0;11158;12628;-1470;0;-1470;-0,13174404015056462;-0,13174404015056462;;0,08442935935511252;0;0
2017-01-30;7;2017-01-30 07:00:00;59,13;47,05;12,080000000000005;40338;2;49866;13835;11662;9;11671;13837;-2173;7;-2166;-0,18558821009339388;-0,1863316755273538;0,7777777777777778;0,20429561982073405;0;0
2017-01-30;8;2017-01-30 08:00:00;65,06;49,07;15,990000000000002;40338;570;49866;14174;12016;450;12466;14744;-2158;-120;-2278;-0,18273704476175195;-0,17959387483355527;-0,26666666666666666;0,24577313249308333;0;0
2017-01-30;9;2017-01-30 09:00:00;65,02;48,41;16,61;40338;1856;49866;14410;12291;1478;13769;16266;-2119;-378;-2497;-0,1813494080906384;-0,17240257098690098;-0,2557510148849797;0,25545985850507535;0;0
2017-01-30;10;2017-01-30 10:00:00;68,77;51,02;17,749999999999993;40338;3149;49866;13801;12315;2467;14782;16950;-1486;-682;-2168;-0,14666486267081585;-0,12066585464880228;-0,27644912849614917;0,2581067325868837;0;0
2017-01-30;11;2017-01-30 11:00:00;69,91;52,58;17,33;40338;3685;49866;13862;12075;3040;15115;17547;-1787;-645;-2432;-0,1608997684419451;-0,14799171842650102;-0,21217105263157895;0,2478901444714633;0;0
2017-01-30;12;2017-01-30 12:00:00;60,16;52,89;7,269999999999996;40338;3355;49866;14678;11835;3002;14837;18033;-2843;-353;-3196;-0,21540742737750218;-0,24021968736797633;-0,11758827448367755;0,12084441489361696;0;0
2017-01-30;13;2017-01-30 13:00:00;63,72;53,22;10,5;40338;2675;49866;15283;11669;2538;14207;17958;-3614;-137;-3751;-0,2640247765186176;-0,30970948667409376;-0,05397951142631994;0,1647834274952919;0;0
2017-01-30;14;2017-01-30 14:00:00;61,32;49,14;12,18;40338;1973;49866;15745;11762;1782;13544;17718;-3983;-191;-4174;-0,30818074424099234;-0,33863288556367965;-0,10718294051627385;0,19863013698630136;0;0
2017-01-30;15;2017-01-30 15:00:00;55,98;48,23;7,75;40338;1062;49866;16234;12015;906;12921;17296;-4219;-156;-4375;-0,3385960838944354;-0,3511444028297961;-0,17218543046357615;0,13844230082172204;0;0
2017-01-30;16;2017-01-30 16:00:00;55,94;51,44;4,5;40338;240;49866;16566;12307;236;12543;16806;-4259;-4;-4263;-0,33987084429562303;-0,3460632160559031;-0,01694915254237288;0,08044333214158027;0;0
2017-01-30;17;2017-01-30 17:00:00;68,48;55,23;13,250000000000007;40338;10;49866;17172;12539;3;12542;17182;-4633;-7;-4640;-0,3699569446659225;-0,36948719993619905;-2,3333333333333335;0,19348714953271037;0;0
2017-01-30;18;2017-01-30 18:00:00;59,98;54,36;5,619999999999997;40338;0;49866;17186;12740;0;12740;17186;-4446;0;-4446;-0,3489795918367347;-0,3489795918367347;;0,09369789929976655;0;0
2017-01-30;19;2017-01-30 19:00:00;56,0;47,85;8,149999999999999;40338;0;49866;17143;12747;0;12747;17143;-4396;0;-4396;-0,34486545853926415;-0,34486545853926415;;0,14553571428571427;0;0
2017-01-30;20;2017-01-30 20:00:00;47,87;39,35;8,519999999999996;40338;0;49866;16601;12464;0;12464;16601;-4137;0;-4137;-0,331915917843389;-0,331915917843389;;0,17798203467725082;0;0
2017-01-30;21;2017-01-30 21:00:00;41,93;36,31;5,619999999999997;40338;0;49866;15840;12100;0;12100;15840;-3740;0;-3740;-0,3090909090909091;-0,3090909090909091;;0,13403291199618406;0;0
2017-01-30;22;2017-01-30 22:00:00;45,6;37,79;7,810000000000002;40338;0;49866;14722;11637;0;11637;14722;-3085;0;-3085;-0,26510268969665723;-0,26510268969665723;;0,17127192982456144;0;0
2017-01-30;23;2017-01-30 23:00:00;36,59;35,18;1,4100000000000037;40338;0;49866;13605;11036;0;11036;13605;-2569;0;-2569;-0,23278361725262775;-0,23278361725262775;;0,038535118884941336;0;0
2017-01-31;0;2017-01-31 00:00:00;33,06;41,72;-8,659999999999998;40342;0;49881;12586;13333;0;13333;12586;747;0;747;0,056026400660016504;0,056026400660016504;;-0,2619479733817301;0;1
2017-01-31;1;2017-01-31 01:00:00;34,38;36,84;-2,460000000000001;40342;0;49881;11589;12270;0;12270;11589;681;0;681;0,05550122249388753;0,05550122249388753;;-0,07155322862129147;0;1
2017-01-31;2;2017-01-31 02:00:00;34,38;41,04;-6,6599999999999975;40342;0;49881;10843;11324;0;11324;10843;481;0;481;0,04247615683504062;0,04247615683504062;;-0,1937172774869109;0;1
2017-01-31;3;2017-01-31 03:00:00;35,57;39,4;-3,8299999999999983;40342;0;49881;10022;10337;0;10337;10022;315;0;315;0,030473057947180034;0,030473057947180034;;-0,10767500702839466;0;1
2017-01-31;4;2017-01-31 04:00:00;37,33;36,43;0,8999999999999986;40342;0;49881;9071;9315;0;9315;9071;244;0;244;0,026194310252281267;0,026194310252281267;;0,024109295472810037;0;1
2017-01-31;5;2017-01-31 05:00:00;38,95;41,47;-2,519999999999996;40342;0;49881;8410;8283;0;8283;8410;-127;0;-127;-0,015332608958106966;-0,015332608958106966;;-0,06469833119383815;0;1
2017-01-31;6;2017-01-31 06:00:00;56,95;54,54;2,410000000000004;40342;0;49881;7979;7370;0;7370;7979;-609;0;-609;-0,08263229308005428;-0,08263229308005428;;0,04231782265144871;0;1
2017-01-31;7;2017-01-31 07:00:00;81,62;78,32;3,300000000000012;40342;1;49881;7507;6583;5;6588;7508;-924;4;-920;-0,13964784456587737;-0,1403615372930275;0,8;0,04043126684636133;0;1
2017-01-31;8;2017-01-31 08:00:00;81,82;93,7;-11,88000000000001;40342;160;49881;6872;5873;222;6095;7032;-999;62;-937;-0,15373256767842494;-0,17010045973097224;0,27927927927927926;-0,14519677340503556;0;1
2017-01-31;9;2017-01-31 09:00:00;82,02;98,53;-16,510000000000005;40342;666;49881;5940;5233;907;6140;6606;-707;241;-466;-0,0758957654723127;-0,13510414676094018;0,2657111356119074;-0,2012923677151915;0;1
2017-01-31;10;2017-01-31 10:00:00;89,8;102,21;-12,409999999999995;40342;1366;49881;5290;4651;1705;6356;6656;-639;339;-300;-0,04719949653870359;-0,13738980864330252;0,19882697947214076;-0,13819599109131397;0;1
2017-01-31;11;2017-01-31 11:00:00;89,82;108,57;-18,75;40342;2036;49881;4474;4124;2341;6465;6510;-350;305;-45;-0,0069605568445475635;-0,0848690591658584;0,1302862024775737;-0,20875083500334002;0;1
2017-01-31;12;2017-01-31 12:00:00;82,36;105,8;-23,44;40342;2388;49881;3628;3635;2627;6262;6016;7;239;246;0,03928457361865219;0,0019257221458046766;0,09097830224590787;-0,284604176784847;0;1
2017-01-31;13;2017-01-31 13:00:00;82,02;114,54;-32,52000000000001;40342;2296;49881;3047;3140;2532;5672;5343;93;236;329;0,05800423131170663;0,02961783439490446;0,09320695102685624;-0,39648866130212157;0;1
2017-01-31;14;2017-01-31 14:00:00;90,36;124,58;-34,22;40342;1836;49881;2655;2676;2050;4726;4491;21;214;235;0,04972492594159966;0,007847533632286996;0,10439024390243902;-0,37870739265161574;0;1
2017-01-31;15;2017-01-31 15:00:00;89,75;148,7;-58,94999999999999;40342;1035;49881;2566;2342;1209;3551;3601;-224;174;-50;-0,014080540692762602;-0,09564474807856532;0,14392059553349876;-0,6568245125348188;0;1
2017-01-31;16;2017-01-31 16:00:00;90,2;172,1;-81,89999999999998;40342;264;49881;2499;2218;342;2560;2763;-281;78;-203;-0,079296875;-0,1266907123534716;0,22807017543859648;-0,907982261640798;0;1
2017-01-31;17;2017-01-31 17:00:00;95,0;200,43;-105,43;40342;16;49881;2618;2300;7;2307;2634;-318;-9;-327;-0,14174252275682706;-0,13826086956521738;-1,2857142857142858;-1,1097894736842107;0;1
2017-01-31;18;2017-01-31 18:00:00;104,33;174,54;-70,21;40342;0;49881;2709;2464;0;2464;2709;-245;0;-245;-0,09943181818181818;-0,09943181818181818;;-0,6729607974695677;0;1
2017-01-31;19;2017-01-31 19:00:00;90,0;131,55;-41,55000000000001;40342;0;49881;2663;2560;0;2560;2663;-103;0;-103;-0,040234375;-0,040234375;;-0,4616666666666668;0;1
2017-01-31;20;2017-01-31 20:00:00;84,15;92,88;-8,72999999999999;40342;0;49881;2627;2611;0;2611;2627;-16;0;-16;-0,006127920337035618;-0,006127920337035618;;-0,10374331550802127;0;1
2017-01-31;21;2017-01-31 21:00:00;60,92;63,04;-2,119999999999997;40342;0;49881;2636;2692;0;2692;2636;56;0;56;0,020802377414561663;0,020802377414561663;;-0,0347997373604727;0;1
2017-01-31;22;2017-01-31 22:00:00;54,9;56,25;-1,3500000000000014;40342;0;49881;2850;2766;0;2766;2850;-84;0;-84;-0,03036876355748373;-0,03036876355748373;;-0,024590163934426257;0;1
2017-01-31;23;2017-01-31 23:00:00;40,69;45,62;-4,93;40342;0;49881;3221;2908;0;2908;3221;-313;0;-313;-0,1076341127922971;-0,1076341127922971;;-0,12115999016957484;0;1
2017-02-01;0;2017-02-01 00:00:00;44,91;43,2;1,7099999999999935;40365;0;49893;3068;2633;0;2633;3068;-435;0;-435;-0,16521078617546525;-0,16521078617546525;;0,038076152304609076;0;2
2017-02-01;1;2017-02-01 01:00:00;42,25;41,8;0,4500000000000029;40365;0;49893;3160;2820;0;2820;3160;-340;0;-340;-0,12056737588652482;-0,12056737588652482;;0,010650887573964566;0;2
2017-02-01;2;2017-02-01 02:00:00;39,8;39,36;0,4399999999999977;40365;0;49893;3264;3076;0;3076;3264;-188;0;-188;-0,0611183355006502;-0,0611183355006502;;0,011055276381909491;0;2
2017-02-01;3;2017-02-01 03:00:00;38,15;38,18;-0,030000000000001137;40365;0;49893;3604;3374;0;3374;3604;-230;0;-230;-0,06816834617664493;-0,06816834617664493;;-0,0007863695937090731;0;2
2017-02-01;4;2017-02-01 04:00:00;38,38;38,99;-0,6099999999999994;40365;0;49893;3798;3734;0;3734;3798;-64;0;-64;-0,01713979646491698;-0,01713979646491698;;-0,01589369463262114;0;2
2017-02-01;5;2017-02-01 05:00:00;41,09;41,46;-0,36999999999999744;40365;0;49893;4235;4231;0;4231;4235;-4;0;-4;-0,0009454029780193808;-0,0009454029780193808;;-0,009004623996106046;0;2
2017-02-01;6;2017-02-01 06:00:00;47,86;48,46;-0,6000000000000014;40365;0;49893;5109;4916;0;4916;5109;-193;0;-193;-0,039259560618388936;-0,039259560618388936;;-0,012536564981195182;0;2
2017-02-01;7;2017-02-01 07:00:00;65,96;62,39;3,5699999999999936;40365;2;49893;6040;5788;11;5799;6042;-252;9;-243;-0,04190377651319193;-0,043538355217691775;0,8181818181818182;0,0541237113402061;0;2
2017-02-01;8;2017-02-01 08:00:00;72,93;60,41;12,52000000000001;40365;266;49893;7309;6734;472;7206;7575;-575;206;-369;-0,05120732722731058;-0,08538758538758538;0,4364406779661017;0,17167146578911296;0;2
2017-02-01;9;2017-02-01 09:00:00;65,91;57,68;8,229999999999997;40365;1256;49893;8166;7587;2025;9612;9422;-579;769;190;0,01976695796920516;-0,07631474891261368;0,3797530864197531;0,12486724321043843;0;2
2017-02-01;10;2017-02-01 10:00:00;65,02;57,41;7,6099999999999985;40365;2637;49893;8892;8180;3898;12078;11529;-712;1261;549;0,045454545454545456;-0,08704156479217603;0,32349923037455103;0,11704091048908027;0;2
2017-02-01;11;2017-02-01 11:00:00;62,91;53,59;9,319999999999991;40365;3956;49893;9112;8462;5419;13881;13068;-650;1463;813;0,05856926734385131;-0,0768139919640747;0,26997601033401;0,14814814814814803;0;2
2017-02-01;12;2017-02-01 12:00:00;56,99;53,69;3,3000000000000043;40365;4805;49893;9081;8686;6084;14770;13886;-395;1279;884;0,05985104942450914;-0,04547547778033617;0,21022353714661407;0,05790489559571862;0;2
2017-02-01;13;2017-02-01 13:00:00;54,18;47,17;7,009999999999998;40365;4616;49893;8742;8945;5731;14676;13358;203;1115;1318;0,08980648678113927;0,022694242593627723;0,1945559239225266;0,12938353636028052;0;2
2017-02-01;14;2017-02-01 14:00:00;50,49;41,79;8,700000000000003;40365;3676;49893;9065;9393;4539;13932;12741;328;863;1191;0,08548664944013781;0,0349196209943575;0,1901299845781009;0,17231134878193707;0;2
2017-02-01;15;2017-02-01 15:00:00;52,35;42,67;9,68;40365;2070;49893;9809;9967;2680;12647;11879;158;610;768;0,06072586384122717;0,01585231263168456;0,22761194029850745;0,184909264565425;0;2
2017-02-01;16;2017-02-01 16:00:00;57,0;41,69;15,310000000000002;40365;507;49893;10970;10866;750;11616;11477;-104;243;139;0,01196625344352617;-0,009571139333701455;0,324;0,2685964912280702;0;2
2017-02-01;17;2017-02-01 17:00:00;62,58;50,59;11,989999999999995;40365;26;49893;12494;12223;12;12235;12520;-271;-14;-285;-0,023293829178586023;-0,022171316370776406;-1,1666666666666667;0,1915947587088526;0;2
2017-02-01;18;2017-02-01 18:00:00;56,99;48,94;8,050000000000004;40365;0;49893;13696;13587;0;13587;13696;-109;0;-109;-0,00802237432840215;-0,00802237432840215;;0,1412528513774347;0;2
2017-02-01;19;2017-02-01 19:00:00;49,74;40,38;9,36;40365;0;49893;14638;14361;0;14361;14638;-277;0;-277;-0,01928835039342664;-0,01928835039342664;;0,1881785283474065;0;2
2017-02-01;20;2017-02-01 20:00:00;41,04;36,8;4,240000000000002;40365;0;49893;14778;14348;0;14348;14778;-430;0;-430;-0,029969333705045998;-0,029969333705045998;;0,10331384015594547;0;2
2017-02-01;21;2017-02-01 21:00:00;44,2;34,24;9,96;40365;0;49893;14818;14053;0;14053;14818;-765;0;-765;-0,05443677506582224;-0,05443677506582224;;0,2253393665158371;0;2
2017-02-01;22;2017-02-01 22:00:00;42,38;36,52;5,8599999999999985;40365;0;49893;14113;13585;0;13585;14113;-528;0;-528;-0,038866396761133605;-0,038866396761133605;;0,13827277017461062;0;2
2017-02-01;23;2017-02-01 23:00:00;38,06;35,73;2,3300000000000054;40365;0;49893;13638;12984;0;12984;13638;-654;0;-654;-0,050369685767097966;-0,050369685767097966;;0,06121912769311627;0;2
2017-02-02;0;2017-02-02 00:00:00;31,05;38,63;-7,580000000000003;40375;0;49908;12765;13493;0;13493;12765;728;0;728;0,05395390202327133;0,05395390202327133;;-0,24412238325281813;0;3
2017-02-02;1;2017-02-02 01:00:00;29,8;36,44;-6,639999999999998;40375;0;49908;12215;12926;0;12926;12215;711;0;711;0,05500541544174532;0,05500541544174532;;-0,22281879194630866;0;3
2017-02-02;2;2017-02-02 02:00:00;32,66;41,17;-8,510000000000005;40375;0;49908;11960;12449;0;12449;11960;489;0;489;0,03928026347497791;0,03928026347497791;;-0,26056338028169035;0;3
2017-02-02;3;2017-02-02 03:00:00;32,3;32,01;0,28999999999999915;40375;0;49908;11425;12089;0;12089;11425;664;0;664;0,05492596575399123;0,05492596575399123;;0,008978328173374588;0;3
2017-02-02;4;2017-02-02 04:00:00;31,05;30,39;0,6600000000000001;40375;0;49908;11246;11784;0;11784;11246;538;0;538;0,0456551255940258;0,0456551255940258;;0,021256038647343;0;3
2017-02-02;5;2017-02-02 05:00:00;32,66;31,46;1,1999999999999955;40375;0;49908;11236;11521;0;11521;11236;285;0;285;0,02473743598645951;0,02473743598645951;;0,03674219228413949;0;3
2017-02-02;6;2017-02-02 06:00:00;39,91;36,77;3,139999999999993;40375;0;49908;10991;11229;0;11229;10991;238;0;238;0,02119511977914329;0,02119511977914329;;0,0786770233024303;0;3
2017-02-02;7;2017-02-02 07:00:00;55,58;49,74;5,839999999999996;40375;6;49908;10814;10893;19;10912;10820;79;13;92;0,00843108504398827;0,007252363903424218;0,6842105263157895;0,10507376754228133;0;3
2017-02-02;8;2017-02-02 08:00:00;57,19;51,53;5,6599999999999975;40375;560;49908;10441;10441;740;11181;11001;0;180;180;0,016098738932116986;0,0;0,24324324324324326;0,09896835111033393;0;3
2017-02-02;9;2017-02-02 09:00:00;59,1;48,44;10,660000000000004;40375;2364;49908;9678;9784;2737;12521;12042;106;373;479;0,038255730372973404;0,010834014717906787;0,13628059919620022;0,18037225042301192;0;3
2017-02-02;10;2017-02-02 10:00:00;58,55;45,76;12,79;40375;4958;49908;8437;8936;4970;13906;13395;499;12;511;0,036746728031065726;0,05584153983885407;0,002414486921529175;0,2184457728437233;0;3
2017-02-02;11;2017-02-02 11:00:00;57,66;43,87;13,79;40375;7616;49908;7572;7982;6817;14799;15188;410;-799;-389;-0,026285559835123994;0,051365572538210974;-0,1172069825436409;0,23916059660076308;0;3
2017-02-02;12;2017-02-02 12:00:00;57,66;43,03;14,629999999999995;40375;8858;49908;6536;7231;7714;14945;15394;695;-1144;-449;-0,03004349280695885;0,09611395380998479;-0,14830178895514648;0,25372875476933743;0;3
2017-02-02;13;2017-02-02 13:00:00;54,44;42,96;11,479999999999995;40375;8063;49908;6200;7016;7406;14422;14263;816;-657;159;0,011024823186797948;0,11630558722919042;-0,08871185525249797;0,21087435709037464;0;3
2017-02-02;14;2017-02-02 14:00:00;50,9;43,62;7,280000000000001;40375;5716;49908;6610;7599;6002;13601;12326;989;286;1275;0,09374310712447614;0,13014870377681273;0,04765078307230923;0,14302554027504913;0;3
2017-02-02;15;2017-02-02 15:00:00;47,1;45,3;1,8000000000000045;40375;3133;49908;7802;8750;3708;12458;10935;948;575;1523;0,12225076256220903;0,10834285714285714;0,15507011866235168;0,038216560509554236;0;3
2017-02-02;16;2017-02-02 16:00:00;45,98;48,77;-2,7900000000000063;40375;902;49908;9616;10488;1136;11624;10518;872;234;1106;0,09514796971782519;0,08314263920671243;0,20598591549295775;-0,06067855589386704;0;3
2017-02-02;17;2017-02-02 17:00:00;48,8;51,7;-2,9000000000000057;40375;43;49908;11981;12433;25;12458;12024;452;-18;434;0,03483705249638786;0,03635486206064506;-0,72;-0,05942622950819684;0;3
2017-02-02;18;2017-02-02 18:00:00;53,3;54,04;-0,7400000000000021;40375;0;49908;13535;14121;0;14121;13535;586;0;586;0,04149847744494016;0,04149847744494016;;-0,013883677298311485;0;3
2017-02-02;19;2017-02-02 19:00:00;48,84;53,54;-4,699999999999996;40375;0;49908;13944;15092;0;15092;13944;1148;0;1148;0,07606679035250463;0,07606679035250463;;-0,09623259623259614;0;3
2017-02-02;20;2017-02-02 20:00:00;39,97;51,27;-11,300000000000004;40375;0;49908;13691;15194;0;15194;13691;1503;0;1503;0,09892062656311702;0,09892062656311702;;-0,28271203402551925;0;3
2017-02-02;21;2017-02-02 21:00:00;39,04;50,83;-11,79;40375;0;49908;13267;15030;0;15030;13267;1763;0;1763;0,11729873586161012;0,11729873586161012;;-0,3019979508196721;0;3
2017-02-02;22;2017-02-02 22:00:00;38,78;49,81;-11,03;40375;0;49908;12350;14867;0;14867;12350;2517;0;2517;0,16930113674581287;0,16930113674581287;;-0,2844249613202682;0;3
2017-02-02;23;2017-02-02 23:00:00;34,82;45,22;-10,4;40375;0;49908;11812;14810;0;14810;11812;2998;0;2998;0,20243079000675218;0,20243079000675218;;-0,29867892016082714;0;3
2017-02-03;0;2017-02-03 00:00:00;39,5;46,56;-7,060000000000002;40379;0;49932;11032;13315;0;13315;11032;2283;0;2283;0,1714607585429966;0,1714607585429966;;-0,17873417721518994;0;4
2017-02-03;1;2017-02-03 01:00:00;34,92;41,3;-6,379999999999996;40379;0;49932;10496;12962;0;12962;10496;2466;0;2466;0,1902484184539423;0,1902484184539423;;-0,1827033218785795;0;4
2017-02-03;2;2017-02-03 02:00:00;34,26;42,05;-7,789999999999999;40379;0;49932;10128;12604;0;12604;10128;2476;0;2476;0,19644557283402095;0,19644557283402095;;-0,22737886748394628;0;4
2017-02-03;3;2017-02-03 03:00:00;32,55;36,0;-3,450000000000003;40379;0;49932;10015;12232;0;12232;10015;2217;0;2217;0,18124591236102028;0,18124591236102028;;-0,10599078341013835;0;4
2017-02-03;4;2017-02-03 04:00:00;32,49;33,6;-1,1099999999999994;40379;0;49932;9824;11840;0;11840;9824;2016;0;2016;0,17027027027027028;0,17027027027027028;;-0,034164358264081235;0;4
2017-02-03;5;2017-02-03 05:00:00;35,85;36,27;-0,4200000000000017;40379;0;49932;9200;11451;0;11451;9200;2251;0;2251;0,19657671819055103;0,19657671819055103;;-0,011715481171548164;0;4
2017-02-03;6;2017-02-03 06:00:00;43,02;44,26;-1,2399999999999949;40379;0;49932;8469;11051;0;11051;8469;2582;0;2582;0,23364401411636956;0,23364401411636956;;-0,028823802882380168;0;4
2017-02-03;7;2017-02-03 07:00:00;56,32;58,23;-1,9099999999999968;40379;10;49932;8308;10559;19;10578;8318;2251;9;2260;0,21365097371903952;0,21318306657827446;0,47368421052631576;-0,03391335227272722;0;4
2017-02-03;8;2017-02-03 08:00:00;60,0;62,02;-2,020000000000003;40379;456;49932;7879;9942;624;10566;8335;2063;168;2231;0,21114896838917283;0,20750352041842687;0,2692307692307692;-0,03366666666666672;0;4
2017-02-03;9;2017-02-03 09:00:00;58,0;61,27;-3,270000000000003;40379;1605;49932;7487;9218;2018;11236;9092;1731;413;2144;0,19081523673905304;0,18778476893035365;0,20465807730426164;-0,05637931034482764;0;4
2017-02-03;10;2017-02-03 10:00:00;56,67;60,41;-3,7399999999999953;40379;2791;49932;6668;8113;3341;11454;9459;1445;550;1995;0,17417496071241487;0,1781092074448416;0,16462137084705178;-0,06599611787541901;0;4
2017-02-03;11;2017-02-03 11:00:00;55,97;60,77;-4,800000000000004;40379;3785;49932;5379;6739;4205;10944;9164;1360;420;1780;0,16264619883040934;0,2018103576198249;0,09988109393579073;-0,08576022869394326;0;4
2017-02-03;12;2017-02-03 12:00:00;54,37;60,89;-6,520000000000002;40379;4488;49932;4596;5610;4443;10053;9084;1014;-45;969;0,09638913757087436;0,18074866310160428;-0,01012829169480081;-0,11991907301820862;0;4
2017-02-03;13;2017-02-03 13:00:00;53,67;58,66;-4,989999999999995;40379;4548;49932;4566;4814;4097;8911;9114;248;-451;-203;-0,022780832678711706;0,05151641046946406;-0,11008054674151818;-0,09297559157816275;0;4
2017-02-03;14;2017-02-03 14:00:00;51,96;51,66;0,30000000000000426;40379;3494;49932;4444;4433;3209;7642;7938;-11;-285;-296;-0,038733315885893745;-0,0024813895781637717;-0,08881271424119663;0,005773672055427333;0;4
2017-02-03;15;2017-02-03 15:00:00;48,47;46,27;2,199999999999996;40379;2152;49932;4135;4358;1964;6322;6287;223;-188;35;0,005536222714330908;0,051170261587884354;-0,09572301425661914;0,045388900350732335;0;4
2017-02-03;16;2017-02-03 16:00:00;53,33;48,73;4,600000000000001;40379;844;49932;3944;4638;613;5251;4788;694;-231;463;0,08817368120358027;0,14963346269943942;-0,3768352365415987;0,08625539096193514;0;4
2017-02-03;17;2017-02-03 17:00:00;60,36;57,43;2,93;40379;50;49932;4408;5369;19;5388;4458;961;-31;930;0,17260579064587972;0,17899050102439934;-1,631578947368421;0,04854208084824387;0;4
2017-02-03;18;2017-02-03 18:00:00;55,79;53,66;2,1300000000000026;40379;0;49932;5647;6283;0;6283;5647;636;0;636;0,1012255292057934;0,1012255292057934;;0,03817888510485755;0;4
2017-02-03;19;2017-02-03 19:00:00;59,29;50,17;9,119999999999996;40379;0;49932;7240;7185;0;7185;7240;-55;0;-55;-0,007654836464857342;-0,007654836464857342;;0,15382020576825764;0;4
2017-02-03;20;2017-02-03 20:00:00;53,68;44,73;8,950000000000003;40379;0;49932;8536;8038;0;8038;8536;-498;0;-498;-0,06195571037571535;-0,06195571037571535;;0,1667287630402385;0;4
2017-02-03;21;2017-02-03 21:00:00;44,9;41,07;3,8299999999999983;40379;0;49932;10015;8909;0;8909;10015;-1106;0;-1106;-0,12414412391963184;-0,12414412391963184;;0,08530066815144763;0;4
2017-02-03;22;2017-02-03 22:00:00;44,25;40,06;4,189999999999999;40379;0;49932;11293;9661;0;9661;11293;-1632;0;-1632;-0,16892661215195115;-0,16892661215195115;;0,09468926553672313;0;4
2017-02-03;23;2017-02-03 23:00:00;36,08;34,04;2,039999999999999;40379;0;49932;12460;10223;0;10223;12460;-2237;0;-2237;-0,2188203071505429;-0,2188203071505429;;0,05654101995565408;0;4
2017-02-04;0;2017-02-04 00:00:00;37,04;40,33;-3,2899999999999987;40380;0;49932;12901;12570;0;12570;12901;-331;0;-331;-0,026332537788385044;-0,026332537788385044;;-0,08882289416846649;0;5
2017-02-04;1;2017-02-04 01:00:00;34,96;33,99;0,9699999999999988;40380;0;49932;13401;13152;0;13152;13401;-249;0;-249;-0,01893248175182482;-0,01893248175182482;;0,027745995423340924;0;5
2017-02-04;2;2017-02-04 02:00:00;34,01;33,17;0,8399999999999963;40380;0;49932;14283;13505;0;13505;14283;-778;0;-778;-0,05760829322473158;-0,05760829322473158;;0,024698618053513564;0;5
2017-02-04;3;2017-02-04 03:00:00;31,93;28,98;2,9499999999999997;40380;0;49932;14553;13725;0;13725;14553;-828;0;-828;-0,06032786885245902;-0,06032786885245902;;0,09238960225493266;0;5
2017-02-04;4;2017-02-04 04:00:00;31,89;27,63;4,260000000000002;40380;0;49932;14119;13595;0;13595;14119;-524;0;-524;-0,03854358219933799;-0,03854358219933799;;0,1335841956726247;0;5
2017-02-04;5;2017-02-04 05:00:00;32,09;30,37;1,7200000000000024;40380;0;49932;12866;13054;0;13054;12866;188;0;188;0,014401715949134366;0,014401715949134366;;0,05359925210345909;0;5
2017-02-04;6;2017-02-04 06:00:00;33,82;33,22;0,6000000000000014;40380;0;49932;11191;12360;0;12360;11191;1169;0;1169;0,09457928802588997;0,09457928802588997;;0,01774098166765232;0;5
2017-02-04;7;2017-02-04 07:00:00;37,04;40,66;-3,619999999999997;40380;18;49932;10189;11582;27;11609;10207;1393;9;1402;0,12076836936859334;0,12027283716111208;0,3333333333333333;-0,09773218142548588;0;5
2017-02-04;8;2017-02-04 08:00:00;42,32;48,64;-6,32;40380;1236;49932;10203;10706;1022;11728;11439;503;-214;289;0,0246418826739427;0,04698300018681113;-0,20939334637964774;-0,14933837429111532;0;5
2017-02-04;9;2017-02-04 09:00:00;49,58;52,34;-2,7600000000000047;40380;4531;49932;9519;9746;4106;13852;14050;227;-425;-198;-0,014293964770430262;0,023291606813051507;-0,10350706283487579;-0,05566760790641397;0;5
2017-02-04;10;2017-02-04 10:00:00;51,97;49,24;2,729999999999997;40380;7667;49932;8104;8433;7348;15781;15771;329;-319;10;0,0006336734047272036;0,03901339973912012;-0,04341317365269461;0,05253030594573787;0;5
2017-02-04;11;2017-02-04 11:00:00;50,0;44,39;5,6099999999999985;40380;9496;49932;6193;6940;9355;16295;15689;747;-141;606;0,03718932187787665;0,10763688760806917;-0,015072153928380546;0,11219999999999997;0;5
2017-02-04;12;2017-02-04 12:00:00;50,0;45,65;4,350000000000001;40380;9182;49932;5194;5788;9593;15381;14376;594;411;1005;0,0653403549834211;0,10262612301313062;0,04284374022724904;0,08700000000000002;0;5
2017-02-04;13;2017-02-04 13:00:00;49,12;47,17;1,949999999999996;40380;7788;49932;4363;5108;8402;13510;12151;745;614;1359;0,1005921539600296;0,14584964761158967;0,0730778386098548;0,03969869706840383;0;5
2017-02-04;14;2017-02-04 14:00:00;47,22;48,04;-0,8200000000000003;40380;5473;49932;4032;5126;6282;11408;9505;1094;809;1903;0,16681276297335204;0,21342177136168552;0,12878064310729068;-0,01736552308343923;0;5
2017-02-04;15;2017-02-04 15:00:00;45,22;50,2;-4,980000000000004;40380;3009;49932;4020;5595;3684;9279;7029;1575;675;2250;0,24248302618816683;0,28150134048257375;0,18322475570032573;-0,1101282618310483;0;5
2017-02-04;16;2017-02-04 16:00:00;46,26;51,36;-5,100000000000001;40380;821;49932;4369;6699;1083;7782;5190;2330;262;2592;0,3330763299922899;0,3478131064337961;0,24192059095106186;-0,11024643320363169;0;5
2017-02-04;17;2017-02-04 17:00:00;56,37;60,85;-4,480000000000004;40380;36;49932;5291;8483;22;8505;5327;3192;-14;3178;0,3736625514403292;0,37628197571613814;-0,6363636363636364;-0,07947489799538769;0;5
2017-02-04;18;2017-02-04 18:00:00;66,18;68,74;-2,5599999999999885;40380;0;49932;5994;10170;0;10170;5994;4176;0;4176;0,41061946902654867;0,41061946902654867;;-0,03868238138410378;0;5
2017-02-04;19;2017-02-04 19:00:00;61,61;62,84;-1,2300000000000042;40380;0;49932;7152;11088;0;11088;7152;3936;0;3936;0,354978354978355;0,354978354978355;;-0,019964291511118393;0;5
2017-02-04;20;2017-02-04 20:00:00;55,49;55,13;0,35999999999999943;40380;0;49932;8309;11168;0;11168;8309;2859;0;2859;0,25599928366762176;0,25599928366762176;;0,006487655433411415;0;5
2017-02-04;21;2017-02-04 21:00:00;50,0;47,94;2,0600000000000023;40380;0;49932;9279;11125;0;11125;9279;1846;0;1846;0,16593258426966292;0,16593258426966292;;0,04120000000000004;0;5
2017-02-04;22;2017-02-04 22:00:00;50,0;48,3;1,7000000000000028;40380;0;49932;9631;11065;0;11065;9631;1434;0;1434;0,1295978309986444;0,1295978309986444;;0,03400000000000006;0;5
2017-02-04;23;2017-02-04 23:00:00;43,06;44,43;-1,3699999999999974;40380;0;49932;9833;11075;0;11075;9833;1242;0;1242;0,11214446952595937;0,11214446952595937;;-0,031816070599163894;0;5
2017-02-05;0;2017-02-05 00:00:00;35,81;42,6;-6,789999999999999;40380;0;49938;9365;11679;0;11679;9365;2314;0;2314;0,19813340183234865;0,19813340183234865;;-0,1896118402680815;0;6
2017-02-05;1;2017-02-05 01:00:00;37,3;41,64;-4,340000000000003;40380;0;49938;8666;11334;0;11334;8666;2668;0;2668;0,23539791776954297;0,23539791776954297;;-0,11635388739946391;0;6
2017-02-05;2;2017-02-05 02:00:00;37,73;38,62;-0,8900000000000006;40380;0;49938;7798;10819;0;10819;7798;3021;0;3021;0,279230982530733;0,279230982530733;;-0,023588656241717482;0;6
2017-02-05;3;2017-02-05 03:00:00;36,65;40,77;-4,1200000000000045;40380;0;49938;6889;10252;0;10252;6889;3363;0;3363;0,3280335544284042;0,3280335544284042;;-0,11241473396998648;0;6
2017-02-05;4;2017-02-05 04:00:00;33,15;37,0;-3,8500000000000014;40380;0;49938;6206;9660;0;9660;6206;3454;0;3454;0,3575569358178054;0,3575569358178054;;-0,11613876319758677;0;6
2017-02-05;5;2017-02-05 05:00:00;34,55;37,91;-3,3599999999999994;40380;0;49938;5433;9111;0;9111;5433;3678;0;3678;0,4036878498518275;0,4036878498518275;;-0,09725036179450071;0;6
2017-02-05;6;2017-02-05 06:00:00;31,66;36,22;-4,559999999999999;40380;0;49938;5484;8675;0;8675;5484;3191;0;3191;0,3678386167146974;0,3678386167146974;;-0,14403032217308903;0;6
2017-02-05;7;2017-02-05 07:00:00;36,93;40,73;-3,799999999999997;40380;30;49938;5540;8143;46;8189;5570;2603;16;2619;0,3198192697521065;0,3196610585779197;0,34782608695652173;-0,10289737340915238;0;6
2017-02-05;8;2017-02-05 08:00:00;37,52;38,97;-1,4499999999999955;40380;1304;49938;5784;7515;1347;8862;7088;1731;43;1774;0,20018054615211014;0,23033932135728544;0,03192279138827023;-0,03864605543710009;0;6
2017-02-05;9;2017-02-05 09:00:00;40,81;45,67;-4,8599999999999985;40380;3940;49938;5619;6908;3817;10725;9559;1289;-123;1166;0,10871794871794872;0,1865952518818761;-0,03222425988996594;-0,11908845871110017;0;6
2017-02-05;10;2017-02-05 10:00:00;44,02;42,79;1,2300000000000042;40380;6287;49938;5319;6155;6138;12293;11606;836;-149;687;0,05588546327178069;0,13582453290008123;-0,02427500814597589;0,02794184461608369;0;6
2017-02-05;11;2017-02-05 11:00:00;50,06;44,46;5,600000000000001;40380;7802;49938;4746;5323;7735;13058;12548;577;-67;510;0,03905651707765355;0,10839752019537854;-0,008661926308985133;0,11186576108669599;0;6
2017-02-05;12;2017-02-05 12:00:00;46,05;42,91;3,140000000000001;40380;8010;49938;4393;4595;8141;12736;12403;202;131;333;0,0261463567839196;0,04396082698585419;0,016091389264218155;0,0681867535287731;0;6
2017-02-05;13;2017-02-05 13:00:00;41,45;39,86;1,5900000000000034;40380;7659;49938;3847;3982;7384;11366;11506;135;-275;-140;-0,012317437972901637;0,03390256152687092;-0,037242686890574216;0,03835946924004833;0;6
2017-02-05;14;2017-02-05 14:00:00;40,88;38,45;2,43;40380;6503;49938;3348;3556;5733;9289;9851;208;-770;-562;-0,06050166864032727;0,05849268841394826;-0,1343101343101343;0,05944227005870842;0;6
2017-02-05;15;2017-02-05 15:00:00;39,97;36,25;3,719999999999999;40380;3681;49938;2983;3344;3459;6803;6664;361;-222;139;0,020432162281346464;0,10795454545454546;-0,06418039895923677;0,09306980235176379;0;6
2017-02-05;16;2017-02-05 16:00:00;40,81;39,13;1,6799999999999995;40380;964;49938;2957;3425;1104;4529;3921;468;140;608;0,13424597041289468;0,13664233576642335;0,12681159420289856;0,04116638078902228;0;6
2017-02-05;17;2017-02-05 17:00:00;48,24;50,15;-1,9099999999999968;40380;36;49938;3621;3736;30;3766;3657;115;-6;109;0,028943175783324483;0,030781584582441113;-0,2;-0,03959369817578766;0;6
2017-02-05;18;2017-02-05 18:00:00;65,07;66,1;-1,0300000000000011;40380;0;49938;4023;4150;0;4150;4023;127;0;127;0,030602409638554217;0,030602409638554217;;-0,015829107115414187;0;6
2017-02-05;19;2017-02-05 19:00:00;60,86;59,89;0,9699999999999988;40380;0;49938;4092;4477;0;4477;4092;385;0;385;0,085995085995086;0,085995085995086;;0,01593821886296416;0;6
2017-02-05;20;2017-02-05 20:00:00;57,91;54,84;3,0699999999999936;40380;0;49938;4244;4551;0;4551;4244;307;0;307;0,06745770160404307;0,06745770160404307;;0,053013296494560415;0;6
2017-02-05;21;2017-02-05 21:00:00;47,88;48,57;-0,6899999999999977;40380;0;49938;4291;4551;0;4551;4291;260;0;260;0,057130301032740055;0,057130301032740055;;-0,014411027568922258;0;6
2017-02-05;22;2017-02-05 22:00:00;51,0;49,63;1,3699999999999974;40380;0;49938;4349;4498;0;4498;4349;149;0;149;0,03312583370386839;0,03312583370386839;;0,026862745098039164;0;6
2017-02-05;23;2017-02-05 23:00:00;48,0;44,1;3,899999999999999;40380;0;49938;4366;4413;0;4413;4366;47;0;47;0,010650351234987537;0,010650351234987537;;0,08124999999999998;0;6
2017-02-06;0;2017-02-06 00:00:00;43,31;42,0;1,3100000000000025;40383;0;49954;4334;4412;0;4412;4334;78;0;78;0,017679057116953764;0,017679057116953764;;0,030247056107134667;0;0
2017-02-06;1;2017-02-06 01:00:00;41,4;37,3;4,100000000000001;40383;0;49954;4508;4586;0;4586;4508;78;0;78;0,0170082860880942;0,0170082860880942;;0,09903381642512081;0;0
2017-02-06;2;2017-02-06 02:00:00;38,27;34,86;3,410000000000004;40383;0;49954;4876;4959;0;4959;4876;83;0;83;0,01673724541238153;0,01673724541238153;;0,08910373660830948;0;0
2017-02-06;3;2017-02-06 03:00:00;35,1;32,46;2,640000000000001;40383;0;49954;5628;5295;0;5295;5628;-333;0;-333;-0,06288951841359773;-0,06288951841359773;;0,07521367521367524;0;0
2017-02-06;4;2017-02-06 04:00:00;36,3;32,92;3,3799999999999955;40383;0;49954;6365;5579;0;5579;6365;-786;0;-786;-0,14088546334468544;-0,14088546334468544;;0,09311294765840208;0;0
2017-02-06;5;2017-02-06 05:00:00;39,5;36,09;3,4099999999999966;40383;0;49954;6192;5789;0;5789;6192;-403;0;-403;-0,06961478666436345;-0,06961478666436345;;0,08632911392405054;0;0
2017-02-06;6;2017-02-06 06:00:00;55,21;59,71;-4,5;40383;0;49954;6202;5936;0;5936;6202;-266;0;-266;-0,04481132075471698;-0,04481132075471698;;-0,0815069733743887;0;0
2017-02-06;7;2017-02-06 07:00:00;74,95;74,29;0,6599999999999966;40383;11;49954;6252;5904;23;5927;6263;-348;12;-336;-0,05668972498734604;-0,05894308943089431;0,5217391304347826;0,00880587058038688;0;0
2017-02-06;8;2017-02-06 08:00:00;82,06;85,57;-3,509999999999991;40383;542;49954;6062;5705;582;6287;6604;-357;40;-317;-0,05042150469222204;-0,06257668711656442;0,06872852233676977;-0,04277358030709226;0;0
2017-02-06;9;2017-02-06 09:00:00;84,01;83,98;0,030000000000001137;40383;1791;49954;5576;5496;1952;7448;7367;-80;161;81;0,010875402792696026;-0,01455604075691412;0,08247950819672131;0,0003571003451970139;0;0
2017-02-06;10;2017-02-06 10:00:00;80,44;82,11;-1,6700000000000017;40383;3181;49954;5518;5303;3414;8717;8699;-215;233;18;0,0020649305953883215;-0,04054308881765039;0,06824838898652606;-0,02076081551466934;0;0
2017-02-06;11;2017-02-06 11:00:00;79,61;80,45;-0,8400000000000034;40383;4443;49954;5752;5213;4511;9724;10195;-539;68;-471;-0,04843685726038667;-0,10339535775944754;0,015074262912879628;-0,010551438261524977;0;0
2017-02-06;12;2017-02-06 12:00:00;80,37;75,45;4,920000000000002;40383;5155;49954;6093;5212;4847;10059;11248;-881;-308;-1189;-0,11820260463266727;-0,1690330007674597;-0,06354446049102537;0,06121687196715194;0;0
2017-02-06;13;2017-02-06 13:00:00;77,75;70,75;7,0;40383;5307;49954;6337;5329;4498;9827;11644;-1008;-809;-1817;-0,18489874834639258;-0,18915368737098892;-0,17985771453979546;0,09003215434083602;0;0
2017-02-06;14;2017-02-06 14:00:00;72,93;66,58;6,3500000000000085;40383;4470;49954;6073;5555;3532;9087;10543;-518;-938;-1456;-0,16022889842632332;-0,09324932493249324;-0,2655719139297848;0,08706979295214601;0;0
2017-02-06;15;2017-02-06 15:00:00;69,5;65,9;3,5999999999999943;40383;2715;49954;6244;5868;2152;8020;8959;-376;-563;-939;-0,11708229426433915;-0,06407634628493525;-0,26161710037174724;0,05179856115107905;0;0
2017-02-06;16;2017-02-06 16:00:00;67,04;67,46;-0,4199999999999875;40383;900;49954;6458;6317;719;7036;7358;-141;-181;-322;-0,04576463899943149;-0,022320721861643186;-0,2517385257301808;-0,006264916467780242;0;0
2017-02-06;17;2017-02-06 17:00:00;69,94;71,4;-1,460000000000008;40383;61;49954;6715;6938;37;6975;6776;223;-24;199;0,02853046594982079;0,03214182761602767;-0,6486486486486487;-0,020875035744924334;0;0
2017-02-06;18;2017-02-06 18:00:00;86,37;81,54;4,829999999999998;40383;0;49954;6748;7581;1;7582;6748;833;1;834;0,10999736217356898;0,10987996306555864;1,0;0,05592219520666896;0;0
2017-02-06;19;2017-02-06 19:00:00;77,29;75,32;1,970000000000013;40383;0;49954;6545;7960;0;7960;6545;1415;0;1415;0,1777638190954774;0,1777638190954774;;0,02548842023547694;0;0
2017-02-06;20;2017-02-06 20:00:00;64,69;68,82;-4,129999999999996;40383;0;49954;6712;8036;0;8036;6712;1324;0;1324;0,1647585863613738;0,1647585863613738;;-0,06384294326789297;0;0
2017-02-06;21;2017-02-06 21:00:00;44,63;54,19;-9,559999999999997;40383;0;49954;7431;8051;0;8051;7431;620;0;620;0,07700906719662154;0,07700906719662154;;-0,21420569123907676;0;0
2017-02-06;22;2017-02-06 22:00:00;43,27;54,68;-11,409999999999995;40383;0;49954;7646;8022;0;8022;7646;376;0;376;0,0468711044627275;0,0468711044627275;;-0,26369308990062384;0;0
2017-02-06;23;2017-02-06 23:00:00;38,93;47,16;-8,229999999999997;40383;0;49954;8015;8072;0;8072;8015;57;0;57;0,0070614469772051535;0,0070614469772051535;;-0,21140508605188793;0;0
2017-02-07;0;2017-02-07 00:00:00;42,01;44,25;-2,240000000000002;40386;0;49960;8171;8156;0;8156;8171;-15;0;-15;-0,0018391368317802845;-0,0018391368317802845;;-0,05332063794334687;0;1
2017-02-07;1;2017-02-07 01:00:00;40,4;42,27;-1,8700000000000043;40386;0;49960;8337;8372;0;8372;8337;35;0;35;0,004180602006688963;0,004180602006688963;;-0,0462871287128714;0;1
2017-02-07;2;2017-02-07 02:00:00;39,01;41,49;-2,480000000000004;40386;0;49960;8554;8718;0;8718;8554;164;0;164;0,01881165404909383;0,01881165404909383;;-0,06357344270699831;0;1
2017-02-07;3;2017-02-07 03:00:00;37,78;37,6;0,17999999999999972;40386;0;49960;8280;9051;0;9051;8280;771;0;771;0,08518395757374876;0,08518395757374876;;0,004764425622022226;0;1
2017-02-07;4;2017-02-07 04:00:00;38,03;37,64;0,39000000000000057;40386;0;49960;8844;9407;0;9407;8844;563;0;563;0,059849048580844055;0,059849048580844055;;0,010255061793321077;0;1
2017-02-07;5;2017-02-07 05:00:00;38,09;42,09;-4,0;40386;0;49960;9646;9755;0;9755;9646;109;0;109;0,011173757047667862;0,011173757047667862;;-0,10501443948542924;0;1
2017-02-07;6;2017-02-07 06:00:00;46,82;44,47;2,3500000000000014;40386;0;49960;10060;10058;0;10058;10060;-2;0;-2;-0,00019884668920262477;-0,00019884668920262477;;0,05019222554463907;0;1
2017-02-07;7;2017-02-07 07:00:00;64,9;53,38;11,520000000000005;40386;16;49960;10586;10260;33;10293;10602;-326;17;-309;-0,03002040221509764;-0,0317738791423002;0,5151515151515151;0,17750385208012331;0;1
2017-02-07;8;2017-02-07 08:00:00;63,0;49,95;13,049999999999995;40386;558;49960;10940;10342;762;11104;11498;-598;204;-394;-0,03548270893371758;-0,057822471475536645;0,2677165354330709;0,20714285714285707;0;1
2017-02-07;9;2017-02-07 09:00:00;62,92;52,48;10,440000000000003;40386;1974;49960;11138;10418;2472;12890;13112;-720;498;-222;-0,01722265321955004;-0,06911115377231715;0,20145631067961164;0,16592498410680234;0;1
2017-02-07;10;2017-02-07 10:00:00;64,55;53,9;10,65;40386;3608;49960;11077;10510;4231;14741;14685;-567;623;56;0,0037989281595549825;-0,053948620361560416;0,14724651382651854;0,16498838109992256;0;1
2017-02-07;11;2017-02-07 11:00:00;65,91;55,98;9,93;40386;5085;49960;11567;10630;5409;16039;16652;-937;324;-613;-0,038219340357877676;-0,08814675446848542;0,059900166389351084;0,15065999089667728;0;1
2017-02-07;12;2017-02-07 12:00:00;63,39;51,59;11,799999999999995;40386;5776;49960;11465;10718;5667;16385;17241;-747;-109;-856;-0,0522429050961245;-0,06969583877589103;-0,019234162696311983;0,1861492348950938;0;1
2017-02-07;13;2017-02-07 13:00:00;61,3;52,46;8,839999999999996;40386;5358;49960;11247;10810;5125;15935;16605;-437;-233;-670;-0,042045811107624724;-0,04042553191489362;-0,04546341463414634;0,14420880913539963;0;1
2017-02-07;14;2017-02-07 14:00:00;60,49;53,37;7,1200000000000045;40386;4062;49960;11264;11004;3947;14951;15326;-260;-115;-375;-0,025081934318774663;-0,023627771719374774;-0,029136052698251837;0,11770540585220705;0;1
2017-02-07;15;2017-02-07 15:00:00;59,79;57,91;1,8800000000000023;40386;2190;49960;11498;11282;2373;13655;13688;-216;183;-33;-0,002416697180519956;-0,019145541570643503;0,07711757269279393;0,03144338518146851;0;1
2017-02-07;16;2017-02-07 16:00:00;62,41;60,76;1,6499999999999986;40386;608;49960;11467;11653;774;12427;12075;186;166;352;0,028325420455459886;0,015961554964386854;0,2144702842377261;0,026438070821983635;0;1
2017-02-07;17;2017-02-07 17:00:00;67,14;64,38;2,7600000000000047;40386;36;49960;11673;12133;31;12164;11709;460;-5;455;0,0374054587306807;0,03791312948157916;-0,16129032258064516;0,041108132260947346;0;1
2017-02-07;18;2017-02-07 18:00:00;66,97;72,37;-5,400000000000006;40386;0;49960;12094;12636;0;12636;12094;542;0;542;0,042893320671098446;0,042893320671098446;;-0,08063311930715254;0;1
2017-02-07;19;2017-02-07 19:00:00;64,01;68,74;-4,729999999999991;40386;0;49960;12482;12894;0;12894;12482;412;0;412;0,031952846285093844;0,031952846285093844;;-0,07389470395250727;0;1
2017-02-07;20;2017-02-07 20:00:00;45,07;51,02;-5,950000000000002;40386;0;49960;12932;12789;0;12789;12932;-143;0;-143;-0,011181484087888029;-0,011181484087888029;;-0,13201686265808746;0;1
2017-02-07;21;2017-02-07 21:00:00;43,1;46,5;-3,3999999999999986;40386;0;49960;12874;12565;0;12565;12874;-309;0;-309;-0,024592120970951054;-0,024592120970951054;;-0,07888631090487236;0;1
2017-02-07;22;2017-02-07 22:00:00;45,02;51,45;-6,43;40386;0;49960;12400;12252;0;12252;12400;-148;0;-148;-0,01207966046359778;-0,01207966046359778;;-0,14282541092847623;0;1
2017-02-07;23;2017-02-07 23:00:00;39,89;41,69;-1,7999999999999972;40386;0;49960;12034;11916;0;11916;12034;-118;0;-118;-0,009902651896609601;-0,009902651896609601;;-0,04512409125094001;0;1
2017-02-08;0;2017-02-08 00:00:00;34,51;37,28;-2,770000000000003;40398;0;49972;12054;11931;0;11931;12054;-123;0;-123;-0,010309278350515464;-0,010309278350515464;;-0,08026658939437854;0;2
2017-02-08;1;2017-02-08 01:00:00;34,59;37,13;-2,539999999999999;40398;0;49972;12288;11683;0;11683;12288;-605;0;-605;-0,051784644355045796;-0,051784644355045796;;-0,07343162763804564;0;2
2017-02-08;2;2017-02-08 02:00:00;34,35;34,95;-0,6000000000000014;40398;0;49972;12108;11637;0;11637;12108;-471;0;-471;-0,04047434905903583;-0,04047434905903583;;-0,017467248908296984;0;2
2017-02-08;3;2017-02-08 03:00:00;33,73;31,55;2,1799999999999957;40398;0;49972;12064;11570;0;11570;12064;-494;0;-494;-0,04269662921348315;-0,04269662921348315;;0,06463089238066991;0;2
2017-02-08;4;2017-02-08 04:00:00;35,06;33,15;1,910000000000004;40398;0;49972;11960;11463;0;11463;11960;-497;0;-497;-0,04335688737677746;-0,04335688737677746;;0,054478037649743405;0;2
2017-02-08;5;2017-02-08 05:00:00;35,9;34,28;1,6199999999999974;40398;0;49972;12003;11218;0;11218;12003;-785;0;-785;-0,06997682296309503;-0,06997682296309503;;0,04512534818941497;0;2
2017-02-08;6;2017-02-08 06:00:00;50,07;43,01;7,060000000000002;40398;0;49972;12300;10893;0;10893;12300;-1407;0;-1407;-0,12916551914073257;-0,12916551914073257;;0,1410025963650889;0;2
2017-02-08;7;2017-02-08 07:00:00;69,92;57,16;12,760000000000005;40398;14;49972;12420;10508;37;10545;12434;-1912;23;-1889;-0,1791370317686107;-0,18195660449181575;0,6216216216216216;0,18249427917620145;0;2
2017-02-08;8;2017-02-08 08:00:00;71,1;54,85;16,249999999999993;40398;481;49972;11723;10047;753;10800;12204;-1676;272;-1404;-0,13;-0,16681596496466608;0,3612217795484728;0,22855133614627277;0;2
2017-02-08;9;2017-02-08 09:00:00;70,9;52,93;17,970000000000006;40398;1672;49972;10802;9552;2824;12376;12474;-1250;1152;-98;-0,007918552036199095;-0,13086264656616414;0,40793201133144474;0,25345557122708046;0;2
2017-02-08;10;2017-02-08 10:00:00;72,5;57,23;15,270000000000005;40398;3222;49972;9685;8867;5192;14059;12907;-818;1970;1152;0,08194039405363113;-0,09225217097101612;0,37942989214175654;0,21062068965517247;0;2
2017-02-08;11;2017-02-08 11:00:00;71,49;65,16;6,329999999999997;40398;4787;49972;8924;8042;7003;15045;13711;-882;2216;1334;0,08866733133931538;-0,10967421039542402;0,3164358132229045;0,08854385228703313;0;2
2017-02-08;12;2017-02-08 12:00:00;70,34;69,91;0,4300000000000068;40398;5867;49972;7981;7297;7814;15111;13848;-684;1947;1263;0,08358149692277149;-0,0937371522543511;0,24916815971333503;0,0061131646289452205;0;2
2017-02-08;13;2017-02-08 13:00:00;66,94;69,53;-2,5900000000000034;40398;5994;49972;7561;6800;7454;14254;13555;-761;1460;699;0,04903886628314859;-0,11191176470588235;0,19586799034075664;-0,03869136540185246;0;2
2017-02-08;14;2017-02-08 14:00:00;67,43;66,35;1,0800000000000125;40398;4926;49972;7307;6735;6026;12761;12233;-572;1100;528;0,04137606770629261;-0,08492947290274684;0,18254231662794557;0,016016609817588793;0;2
2017-02-08;15;2017-02-08 15:00:00;68,96;65,01;3,9499999999999886;40398;2969;49972;7308;6863;3785;10648;10277;-445;816;371;0,034842223891810666;-0,06484044878333091;0,2155878467635403;0,057279582366589164;0;2
2017-02-08;16;2017-02-08 16:00:00;69,13;65,18;3,9499999999999886;40398;1002;49972;7468;7186;1355;8541;8470;-282;353;71;0,008312843929282285;-0,0392429724464236;0,2605166051660517;0,05713872414291898;0;2
2017-02-08;17;2017-02-08 17:00:00;73,85;74,26;-0,4100000000000108;40398;62;49972;7678;7659;61;7720;7740;-19;-1;-20;-0,0025906735751295338;-0,0024807416111763936;-0,01639344262295082;-0,005551794177386741;0;2
2017-02-08;18;2017-02-08 18:00:00;88,18;82,85;5,3300000000000125;40398;0;49972;7989;8082;0;8082;7989;93;0;93;0,011507052709725315;0,011507052709725315;;0,060444545248355776;0;2
2017-02-08;19;2017-02-08 19:00:00;84,04;70,67;13,370000000000005;40398;0;49972;7710;8091;0;8091;7710;381;0;381;0,047089358546533185;0,047089358546533185;;0,15909090909090914;0;2
2017-02-08;20;2017-02-08 20:00:00;72,6;57,92;14,679999999999993;40398;0;49972;7207;7533;0;7533;7207;326;0;326;0,04327625116155582;0,04327625116155582;;0,2022038567493112;0;2
2017-02-08;21;2017-02-08 21:00:00;62,5;53,95;8,549999999999997;40398;0;49972;6851;6847;0;6847;6851;-4;0;-4;-0,0005841974587410544;-0,0005841974587410544;;0,13679999999999995;0;2
2017-02-08;22;2017-02-08 22:00:00;47,98;50,62;-2,640000000000001;40398;0;49972;6493;6195;0;6195;6493;-298;0;-298;-0,04810330912025827;-0,04810330912025827;;-0,05502292621925805;0;2
2017-02-08;23;2017-02-08 23:00:00;45,82;44,96;0,8599999999999994;40398;0;49972;6099;5703;0;5703;6099;-396;0;-396;-0,06943713834823777;-0,06943713834823777;;0,018769096464426004;0;2
2017-02-09;0;2017-02-09 00:00:00;48,1;48,99;-0,8900000000000006;40402;0;49993;5754;5236;0;5236;5754;-518;0;-518;-0,09893048128342247;-0,09893048128342247;;-0,018503118503118515;0;3
2017-02-09;1;2017-02-09 01:00:00;48,05;49,83;-1,7800000000000011;40402;0;49993;5679;4954;0;4954;5679;-725;0;-725;-0,1463463867581752;-0,1463463867581752;;-0,03704474505723208;0;3
2017-02-09;2;2017-02-09 02:00:00;44,96;44,85;0,10999999999999943;40402;0;49993;5884;4907;0;4907;5884;-977;0;-977;-0,19910332178520482;-0,19910332178520482;;0,002446619217081838;0;3
2017-02-09;3;2017-02-09 03:00:00;42,5;41,49;1,009999999999998;40402;0;49993;6140;4873;0;4873;6140;-1267;0;-1267;-0,26000410424789655;-0,26000410424789655;;0,023764705882352893;0;3
2017-02-09;4;2017-02-09 04:00:00;41,66;42,11;-0,4500000000000029;40402;0;49993;6157;4924;0;4924;6157;-1233;0;-1233;-0,25040617384240454;-0,25040617384240454;;-0,010801728276524314;0;3
2017-02-09;5;2017-02-09 05:00:00;47,2;47,45;-0,25;40402;0;49993;6248;5038;0;5038;6248;-1210;0;-1210;-0,24017467248908297;-0,24017467248908297;;-0,005296610169491525;0;3
2017-02-09;6;2017-02-09 06:00:00;54,58;49,41;5,170000000000002;40402;0;49993;6064;5158;0;5158;6064;-906;0;-906;-0,17564947654129506;-0,17564947654129506;;0,09472334188347384;0;3
2017-02-09;7;2017-02-09 07:00:00;74,14;68,59;5,549999999999998;40402;34;49993;6220;5239;67;5306;6254;-981;33;-948;-0,17866566151526575;-0,18724947509066617;0,4925373134328358;0,07485837604531964;0;3
2017-02-09;8;2017-02-09 08:00:00;70,0;70,96;-0,9599999999999936;40402;1077;49993;6332;5182;1402;6584;7409;-1150;325;-825;-0,1253037667071689;-0,22192203782323427;0,231811697574893;-0,013714285714285623;0;3
2017-02-09;9;2017-02-09 09:00:00;72,79;76,24;-3,4499999999999886;40402;3440;49993;6162;5080;4313;9393;9602;-1082;873;-209;-0,022250612157989992;-0,21299212598425196;0,2024113146301878;-0,047396620414891996;0;3
2017-02-09;10;2017-02-09 10:00:00;70,97;72,49;-1,5199999999999958;40402;5824;49993;6224;4947;7057;12004;12048;-1277;1233;-44;-0,0036654448517160947;-0,25813624418839703;0,17472013603514241;-0,02141750035226146;0;3
2017-02-09;11;2017-02-09 11:00:00;68,97;70,93;-1,960000000000008;40402;7378;49993;6286;4853;8734;13587;13664;-1433;1356;-77;-0,005667181865018032;-0,2952812693179477;0,1552553240210671;-0,02841815282006681;0;3
2017-02-09;12;2017-02-09 12:00:00;66,91;73,33;-6,420000000000003;40402;8211;49993;6494;4843;9207;14050;14705;-1651;996;-655;-0,04661921708185053;-0,340904398100351;0,10817855979146301;-0,09594978329098794;0;3
2017-02-09;13;2017-02-09 13:00:00;65,64;72,06;-6,420000000000003;40402;8173;49993;7296;5137;8531;13668;15469;-2159;358;-1801;-0,13176763242610476;-0,42028421257543314;0,041964599695229164;-0,0978062157221207;0;3
2017-02-09;14;2017-02-09 14:00:00;65,0;69,75;-4,75;40402;6463;49993;8153;5869;6797;12666;14616;-2284;334;-1950;-0,15395547134059687;-0,3891634009200886;0,04913932617331176;-0,07307692307692308;0;3
2017-02-09;15;2017-02-09 15:00:00;65,0;70,14;-5,1400000000000015;40402;3566;49993;9321;6817;4257;11074;12887;-2504;691;-1813;-0,16371681415929204;-0,367317001613613;0,16232088325111582;-0,0790769230769231;0;3
2017-02-09;16;2017-02-09 16:00:00;65,76;69,9;-4,1400000000000015;40402;1048;49993;10298;7939;1583;9522;11346;-2359;535;-1824;-0,19155639571518587;-0,29714069782088426;0,3379658875552748;-0,06295620437956206;0;3
2017-02-09;17;2017-02-09 17:00:00;70,43;74,03;-3,5999999999999943;40402;64;49993;10738;9195;84;9279;10802;-1543;20;-1523;-0,1641340661709236;-0,16780859162588363;0,23809523809523808;-0,051114581854323354;0;3
2017-02-09;18;2017-02-09 18:00:00;72,91;73,93;-1,0200000000000102;40402;0;49993;11574;10363;0;10363;11574;-1211;0;-1211;-0,11685805268744572;-0,11685805268744572;;-0,01398985050061734;0;3
2017-02-09;19;2017-02-09 19:00:00;64,54;69,45;-4,909999999999997;40402;0;49993;12412;11025;0;11025;12412;-1387;0;-1387;-0,12580498866213152;-0,12580498866213152;;-0,07607685156492092;0;3
2017-02-09;20;2017-02-09 20:00:00;50,09;57,32;-7,229999999999998;40402;0;49993;13065;11055;0;11055;13065;-2010;0;-2010;-0,18181818181818182;-0,18181818181818182;;-0,14434018766220796;0;3
2017-02-09;21;2017-02-09 21:00:00;39,48;49,69;-10,21;40402;0;49993;13260;10796;0;10796;13260;-2464;0;-2464;-0,2282326787699148;-0,2282326787699148;;-0,2586119554204661;0;3
2017-02-09;22;2017-02-09 22:00:00;42,1;53,06;-10,96;40402;0;49993;12771;10400;0;10400;12771;-2371;0;-2371;-0,22798076923076924;-0,22798076923076924;;-0,260332541567696;0;3
2017-02-09;23;2017-02-09 23:00:00;38,35;42,96;-4,6099999999999985;40402;0;49993;12620;10072;0;10072;12620;-2548;0;-2548;-0,2529785544082605;-0,2529785544082605;;-0,12020860495436762;0;3
2017-02-10;0;2017-02-10 00:00:00;36,67;40,63;-3,9600000000000013;40410;0;50010;12140;10994;0;10994;12140;-1146;0;-1146;-0,10423867564125887;-0,10423867564125887;;-0,1079901827106627;0;4
2017-02-10;1;2017-02-10 01:00:00;34,31;38,35;-4,039999999999999;40410;0;50010;11920;10909;0;10909;11920;-1011;0;-1011;-0,09267577229810249;-0,09267577229810249;;-0,11774992713494604;0;4
2017-02-10;2;2017-02-10 02:00:00;33,46;38,26;-4,799999999999997;40410;0;50010;12302;11237;0;11237;12302;-1065;0;-1065;-0,09477618581471924;-0,09477618581471924;;-0,1434548714883442;0;4
2017-02-10;3;2017-02-10 03:00:00;33,1;35,27;-2,1700000000000017;40410;0;50010;12479;11573;0;11573;12479;-906;0;-906;-0,07828566490970362;-0,07828566490970362;;-0,065558912386707;0;4
2017-02-10;4;2017-02-10 04:00:00;32,55;36,06;-3,5100000000000047;40410;0;50010;12564;12015;0;12015;12564;-549;0;-549;-0,045692883895131084;-0,045692883895131084;;-0,10783410138248863;0;4
2017-02-10;5;2017-02-10 05:00:00;34,74;42,36;-7,619999999999997;40410;0;50010;12843;12519;0;12519;12843;-324;0;-324;-0,025880661394680086;-0,025880661394680086;;-0,21934369602763376;0;4
2017-02-10;6;2017-02-10 06:00:00;39,17;38,94;0,230000000000004;40410;0;50010;13134;12938;0;12938;13134;-196;0;-196;-0,015149172978822074;-0,015149172978822074;;0,005871840694409088;0;4
2017-02-10;7;2017-02-10 07:00:00;57,0;55,29;1,7100000000000009;40410;48;50010;12904;13010;82;13092;12952;106;34;140;0,010693553315001528;0,008147578785549578;0,4146341463414634;0,030000000000000016;0;4
2017-02-10;8;2017-02-10 08:00:00;63,08;58,29;4,789999999999999;40410;774;50010;12379;12700;1170;13870;13153;321;396;717;0,05169430425378515;0,0252755905511811;0,3384615384615385;0,07593532022828153;0;4
2017-02-10;9;2017-02-10 09:00:00;63,09;63,18;-0,0899999999999963;40410;2380;50010;12137;12341;3514;15855;14517;204;1134;1338;0,08438978240302744;0,01653026497042379;0,32270916334661354;-0,0014265335235377444;0;4
2017-02-10;10;2017-02-10 10:00:00;61,93;65,18;-3,2500000000000067;40410;4039;50010;11742;11944;5962;17906;15781;202;1923;2125;0,1186753043672512;0,016912257200267917;0,3225427708822543;-0,052478604876473545;0;4
2017-02-10;11;2017-02-10 11:00:00;59,04;64,1;-5,059999999999995;40410;5466;50010;10931;11654;7741;19395;16397;723;2275;2998;0,1545759216292859;0,062038784966535095;0,2938896783361323;-0,08570460704607039;0;4
2017-02-10;12;2017-02-10 12:00:00;54,91;58,89;-3,980000000000004;40410;6184;50010;10793;11493;8310;19803;16977;700;2126;2826;0,14270565065899107;0,06090663882363177;0,2558363417569194;-0,07248224367146247;0;4
2017-02-10;13;2017-02-10 13:00:00;45,08;51,35;-6,270000000000002;40410;6023;50010;10761;11637;7780;19417;16784;876;1757;2633;0,1356028222691456;0,07527713328177366;0,22583547557840616;-0,13908606921029287;0;4
2017-02-10;14;2017-02-10 14:00:00;42,02;50,13;-8,11;40410;5010;50010;10912;12217;6236;18453;15922;1305;1226;2531;0,137159269495475;0,10681836784808055;0,19660038486209108;-0,19300333174678722;0;4
2017-02-10;15;2017-02-10 15:00:00;44,97;50,73;-5,759999999999998;40410;3006;50010;11470;12907;3936;16843;14476;1437;930;2367;0,14053315917591877;0,1113349345316495;0,23628048780487804;-0,1280853902601734;0;4
2017-02-10;16;2017-02-10 16:00:00;49,07;55,91;-6,839999999999996;40410;910;50010;11778;13708;1468;15176;12688;1930;558;2488;0,1639430680021086;0,14079369711117595;0,3801089918256131;-0,13939270429997955;0;4
2017-02-10;17;2017-02-10 17:00:00;52,73;62,2;-9,470000000000006;40410;60;50010;12561;14619;78;14697;12621;2058;18;2076;0,1412533170034701;0,14077570285245228;0,23076923076923078;-0,17959415892281447;0;4
2017-02-10;18;2017-02-10 18:00:00;45,06;60,15;-15,089999999999995;40410;0;50010;13043;15453;0;15453;13043;2410;0;2410;0,155956772147803;0,155956772147803;;-0,33488681757656447;0;4
2017-02-10;19;2017-02-10 19:00:00;46,2;56,9;-10,699999999999996;40410;0;50010;13483;15638;0;15638;13483;2155;0;2155;0,13780534595216778;0,13780534595216778;;-0,2316017316017315;0;4
2017-02-10;20;2017-02-10 20:00:00;39,11;47,68;-8,57;40410;0;50010;13077;14962;0;14962;13077;1885;0;1885;0,12598583077128725;0,12598583077128725;;-0,21912554333929943;0;4
2017-02-10;21;2017-02-10 21:00:00;37,08;45,03;-7,950000000000002;40410;0;50010;12185;14071;0;14071;12185;1886;0;1886;0,13403453912301896;0,13403453912301896;;-0,21440129449838194;0;4
2017-02-10;22;2017-02-10 22:00:00;38,04;46,78;-8,740000000000002;40410;0;50010;11998;13281;0;13281;11998;1283;0;1283;0,0966041713726376;0,0966041713726376;;-0,229758149316509;0;4
2017-02-10;23;2017-02-10 23:00:00;34,21;42,27;-8,060000000000002;40410;0;50010;11816;12729;0;12729;11816;913;0;913;0,07172598004556524;0,07172598004556524;;-0,23560362467114884;0;4
2017-02-11;0;2017-02-11 00:00:00;39,0;47,85;-8,850000000000003;40410;0;50012;11745;11906;0;11906;11745;161;0;161;0,013522593650260373;0,013522593650260373;;-0,226923076923077;0;5
2017-02-11;1;2017-02-11 01:00:00;36,69;43,47;-6,780000000000001;40410;0;50012;11846;11862;0;11862;11846;16;0;16;0,0013488450514247176;0,0013488450514247176;;-0,18479149632052336;0;5
2017-02-11;2;2017-02-11 02:00:00;35,05;40,69;-5,6400000000000015;40410;0;50012;11707;11981;0;11981;11707;274;0;274;0,022869543443785993;0,022869543443785993;;-0,16091298145506425;0;5
2017-02-11;3;2017-02-11 03:00:00;36,61;40,95;-4,340000000000003;40410;0;50012;11558;12036;0;12036;11558;478;0;478;0,039714190761050185;0,039714190761050185;;-0,11854684512428308;0;5
2017-02-11;4;2017-02-11 04:00:00;32,9;41,47;-8,57;40410;0;50012;12030;12125;0;12125;12030;95;0;95;0,007835051546391752;0,007835051546391752;;-0,26048632218844986;0;5
2017-02-11;5;2017-02-11 05:00:00;37,5;45,15;-7,649999999999999;40410;0;50012;12174;12201;0;12201;12174;27;0;27;0,0022129333661175315;0,0022129333661175315;;-0,20399999999999996;0;5
2017-02-11;6;2017-02-11 06:00:00;33,0;41,75;-8,75;40410;0;50012;12251;12234;0;12234;12251;-17;0;-17;-0,001389570050678437;-0,001389570050678437;;-0,26515151515151514;0;5
2017-02-11;7;2017-02-11 07:00:00;44,15;52,79;-8,64;40410;49;50012;12396;12073;89;12162;12445;-323;40;-283;-0,023269199144877486;-0,02675391369170877;0,449438202247191;-0,19569648924122313;0;5
2017-02-11;8;2017-02-11 08:00:00;48,48;53,18;-4,700000000000003;40410;1276;50012;12718;11685;1460;13145;13994;-1033;184;-849;-0,06458729554963864;-0,08840393667094566;0,12602739726027398;-0,09694719471947201;0;5
2017-02-11;9;2017-02-11 09:00:00;50,78;55,26;-4,479999999999997;40410;3929;50012;12872;11267;3969;15236;16801;-1605;40;-1565;-0,10271724862168548;-0,14245140676311352;0,010078105316200554;-0,08822371012209525;0;5
2017-02-11;10;2017-02-11 10:00:00;49,57;51,55;-1,9799999999999969;40410;6889;50012;12874;10986;6415;17401;19763;-1888;-474;-2362;-0,13573932532613067;-0,1718550882941926;-0,07388932190179268;-0,03994351422231182;0;5
2017-02-11;11;2017-02-11 11:00:00;44,0;45,41;-1,4099999999999966;40410;9086;50012;12623;10934;8290;19224;21709;-1689;-796;-2485;-0,1292655014565127;-0,15447228827510517;-0,09601930036188179;-0,03204545454545447;0;5
2017-02-11;12;2017-02-11 12:00:00;37,93;38,14;-0,21000000000000085;40410;10200;50012;12314;10993;9141;20134;22514;-1321;-1059;-2380;-0,11820800635740539;-0,1201673792413354;-0,11585165736790286;-0,005536514632217265;0;5
2017-02-11;13;2017-02-11 13:00:00;35,08;39,23;-4,149999999999999;40410;9898;50012;12590;11278;8704;19982;22488;-1312;-1194;-2506;-0,125412871584426;-0,11633268309984039;-0,1371783088235294;-0,11830102622576963;0;5
2017-02-11;14;2017-02-11 14:00:00;34,0;41,15;-7,149999999999999;40410;8218;50012;13089;11918;7007;18925;21307;-1171;-1211;-2382;-0,1258652575957728;-0,09825474072831011;-0,17282717282717283;-0,21029411764705877;0;5
2017-02-11;15;2017-02-11 15:00:00;34,1;41,48;-7,3799999999999955;40410;5080;50012;13912;12692;4430;17122;18992;-1220;-650;-1870;-0,10921621305922205;-0,0961235423889064;-0,14672686230248308;-0,2164222873900292;0;5
2017-02-11;16;2017-02-11 16:00:00;35,09;42,68;-7,589999999999996;40410;1687;50012;14791;13770;1706;15476;16478;-1021;19;-1002;-0,06474541225122771;-0,07414669571532316;0,011137162954279016;-0,21630094043887135;0;5
2017-02-11;17;2017-02-11 17:00:00;41,56;56,43;-14,869999999999996;40410;81;50012;15667;15069;103;15172;15748;-598;22;-576;-0,037964671763775375;-0,03968411971597319;0,21359223300970873;-0,35779595765158795;0;5
2017-02-11;18;2017-02-11 18:00:00;43,01;63,15;-20,14;40410;0;50012;16667;16190;0;16190;16667;-477;0;-477;-0,029462631253860408;-0,029462631253860408;;-0,46826319460590565;0;5
2017-02-11;19;2017-02-11 19:00:00;40,86;63,21;-22,35;40410;0;50012;16835;16628;0;16628;16835;-207;0;-207;-0,012448881404859273;-0,012448881404859273;;-0,5469897209985316;0;5
2017-02-11;20;2017-02-11 20:00:00;36,09;48,69;-12,599999999999996;40410;0;50012;16503;16235;0;16235;16503;-268;0;-268;-0,016507545426547584;-0,016507545426547584;;-0,34912718204488763;0;5
2017-02-11;21;2017-02-11 21:00:00;33,93;48,22;-14,29;40410;0;50012;16445;15618;0;15618;16445;-827;0;-827;-0,05295172237162249;-0,05295172237162249;;-0,4211612142646625;0;5
2017-02-11;22;2017-02-11 22:00:00;33,92;44,0;-10,079999999999998;40410;0;50012;15517;15023;0;15023;15517;-494;0;-494;-0,03288291286693736;-0,03288291286693736;;-0,29716981132075465;0;5
2017-02-11;23;2017-02-11 23:00:00;31,86;35,55;-3,6899999999999977;40410;0;50012;15068;14536;0;14536;15068;-532;0;-532;-0,036598789212988446;-0,036598789212988446;;-0,11581920903954795;0;5
2017-02-12;0;2017-02-12 00:00:00;31,43;39,32;-7,8900000000000015;40411;0;50012;15204;15308;0;15308;15204;104;0;104;0,00679383328978312;0,00679383328978312;;-0,25103404390709516;0;6
2017-02-12;1;2017-02-12 01:00:00;31,06;36,51;-5,449999999999998;40411;0;50012;15608;15241;0;15241;15608;-367;0;-367;-0,02407978479102421;-0,02407978479102421;;-0,17546683837733415;0;6
2017-02-12;2;2017-02-12 02:00:00;31,15;37,0;-5,850000000000001;40411;0;50012;15586;15392;0;15392;15586;-194;0;-194;-0,012603950103950105;-0,012603950103950105;;-0,187800963081862;0;6
2017-02-12;3;2017-02-12 03:00:00;31,08;36,97;-5,8900000000000015;40411;0;50012;15523;15445;0;15445;15523;-78;0;-78;-0,005050178051149239;-0,005050178051149239;;-0,18951093951093956;0;6
2017-02-12;4;2017-02-12 04:00:00;29,78;33,38;-3,6000000000000014;40411;0;50012;15261;15505;0;15505;15261;244;0;244;0,015736859077716867;0,015736859077716867;;-0,12088650100738756;0;6
2017-02-12;5;2017-02-12 05:00:00;29,88;33,1;-3,2200000000000024;40411;0;50012;14712;15591;0;15591;14712;879;0;879;0,056378680007696746;0,056378680007696746;;-0,10776439089692111;0;6
2017-02-12;6;2017-02-12 06:00:00;30,36;33,08;-2,719999999999999;40411;0;50012;14569;15614;0;15614;14569;1045;0;1045;0,06692711669014986;0,06692711669014986;;-0,08959156785243738;0;6
2017-02-12;7;2017-02-12 07:00:00;30,36;35,48;-5,119999999999997;40411;31;50012;14348;15397;87;15484;14379;1049;56;1105;0,07136398863342805;0,06813015522504384;0,6436781609195402;-0,16864295125164683;0;6
2017-02-12;8;2017-02-12 08:00:00;32,33;40,66;-8,329999999999998;40411;687;50012;14112;14854;1180;16034;14799;742;493;1235;0,07702382437320694;0,04995287464655985;0,41779661016949154;-0,2576554283946798;0;6
2017-02-12;9;2017-02-12 09:00:00;33,21;46,45;-13,240000000000002;40411;2198;50012;13882;14288;3670;17958;16080;406;1472;1878;0,10457734714333444;0,02841545352743561;0,4010899182561308;-0,39867509786208977;0;6
2017-02-12;10;2017-02-12 10:00:00;34,26;54,95;-20,690000000000005;40411;3967;50012;13434;13683;6417;20100;17401;249;2450;2699;0,13427860696517413;0,018197763648322735;0,3817983481377591;-0,6039112667834211;0;6
2017-02-12;11;2017-02-12 11:00:00;35,03;54,26;-19,23;40411;5654;50012;13062;13090;8682;21772;18716;28;3028;3056;0,14036376997979055;0,0021390374331550803;0,34876756507717116;-0,5489580359691693;0;6
2017-02-12;12;2017-02-12 12:00:00;31,4;40,65;-9,25;40411;6672;50012;12839;12669;9881;22550;19511;-170;3209;3039;0,13476718403547672;-0,013418580787749625;0,32476469992915696;-0,2945859872611465;0;6
2017-02-12;13;2017-02-12 13:00:00;30,89;37,93;-7,039999999999999;40411;6898;50012;12964;12567;9751;22318;19862;-397;2853;2456;0,11004570301998387;-0,03159067398742739;0,2925853758588863;-0,22790547102622205;0;6
2017-02-12;14;2017-02-12 14:00:00;30,02;35,97;-5,949999999999998;40411;6024;50012;13270;12977;8243;21220;19294;-293;2219;1926;0,09076343072573044;-0,022578407952531403;0,2691981074851389;-0,19820119920053292;0;6
2017-02-12;15;2017-02-12 15:00:00;30,81;35,65;-4,84;40411;3940;50012;14040;13606;5477;19083;17980;-434;1537;1103;0,057800136246921346;-0,03189769219462002;0,2806280810662772;-0,15709185329438494;0;6
2017-02-12;16;2017-02-12 16:00:00;32,19;35,1;-2,910000000000004;40411;1465;50012;14365;14655;2217;16872;15830;290;752;1042;0,06175912754860123;0,0197884680996247;0,3391971132160577;-0,0904007455731595;0;6
2017-02-12;17;2017-02-12 17:00:00;36,0;41,68;-5,68;40411;131;50012;15025;16149;147;16296;15156;1124;16;1140;0,06995581737849779;0,06960183293083164;0,10884353741496598;-0,15777777777777777;0;6
2017-02-12;18;2017-02-12 18:00:00;42,59;50,3;-7,709999999999994;40411;0;50012;15870;17452;0;17452;15870;1582;0;1582;0,0906486362594545;0,0906486362594545;;-0,18102841042498222;0;6
2017-02-12;19;2017-02-12 19:00:00;41,1;47,61;-6,509999999999998;40411;0;50012;16247;17808;0;17808;16247;1561;0;1561;0,08765723270440251;0,08765723270440251;;-0,15839416058394154;0;6
2017-02-12;20;2017-02-12 20:00:00;40,44;47,82;-7,380000000000003;40411;0;50012;16145;16911;0;16911;16145;766;0;766;0,04529596120868074;0,04529596120868074;;-0,18249258160237397;0;6
2017-02-12;21;2017-02-12 21:00:00;32,63;38,43;-5,799999999999998;40411;0;50012;15960;15773;0;15773;15960;-187;0;-187;-0,011855702783237177;-0,011855702783237177;;-0,1777505363162733;0;6
2017-02-12;22;2017-02-12 22:00:00;34,9;38,63;-3,730000000000004;40411;0;50012;15073;14726;0;14726;15073;-347;0;-347;-0,02356376476979492;-0,02356376476979492;;-0,10687679083094567;0;6
2017-02-12;23;2017-02-12 23:00:00;32,12;35,25;-3,1300000000000026;40411;0;50012;14440;14007;0;14007;14440;-433;0;-433;-0,03091311487113586;-0,03091311487113586;;-0,09744707347447082;0;6
2017-02-13;0;2017-02-13 00:00:00;28,83;31,73;-2,9000000000000017;40413;0;50024;13936;13746;0;13746;13936;-190;0;-190;-0,013822202822639313;-0,013822202822639313;;-0,10058966354491855;0;0
2017-02-13;1;2017-02-13 01:00:00;29,68;31,91;-2,2300000000000004;40413;0;50024;13608;13300;0;13300;13608;-308;0;-308;-0,023157894736842106;-0,023157894736842106;;-0,07513477088948789;0;0
2017-02-13;2;2017-02-13 02:00:00;31,12;30,64;0,4800000000000004;40413;0;50024;13623;13141;0;13141;13623;-482;0;-482;-0,03667909595921163;-0,03667909595921163;;0,015424164524421607;0;0
2017-02-13;3;2017-02-13 03:00:00;29,85;28,98;0,870000000000001;40413;0;50024;13944;13040;0;13040;13944;-904;0;-904;-0,06932515337423313;-0,06932515337423313;;0,02914572864321611;0;0
2017-02-13;4;2017-02-13 04:00:00;30,76;26,6;4,16;40413;0;50024;14168;13078;0;13078;14168;-1090;0;-1090;-0,08334607738186267;-0,08334607738186267;;0,1352405721716515;0;0
2017-02-13;5;2017-02-13 05:00:00;33,01;28,97;4,039999999999999;40413;0;50024;14222;13213;0;13213;14222;-1009;0;-1009;-0,07636418678574132;-0,07636418678574132;;0,12238715540745226;0;0
2017-02-13;6;2017-02-13 06:00:00;39,77;34,7;5,07;40413;0;50024;14292;13263;0;13263;14292;-1029;0;-1029;-0,07758425695543994;-0,07758425695543994;;0,12748302740759365;0;0
2017-02-13;7;2017-02-13 07:00:00;56,98;44,76;12,22;40413;96;50024;14393;13042;132;13174;14489;-1351;36;-1315;-0,09981782298466677;-0,1035884066860911;0,2727272727272727;0,2144612144612145;0;0
2017-02-13;8;2017-02-13 08:00:00;59,13;51,96;7,170000000000003;40413;1886;50024;14218;12488;2021;14509;16104;-1730;135;-1595;-0,10993176648976498;-0,1385329916720051;0,06679861454725383;0,12125824454591581;0;0
2017-02-13;9;2017-02-13 09:00:00;57,9;47,0;10,9;40413;5670;50024;13057;11862;5624;17486;18727;-1195;-46;-1241;-0,07097106256433719;-0,10074186477828359;-0,008179231863442389;0,18825561312607947;0;0
2017-02-13;10;2017-02-13 10:00:00;53,97;43,22;10,75;40413;10232;50024;12166;11335;9508;20843;22398;-831;-724;-1555;-0,07460538310224056;-0,07331274812527569;-0,07614640302902818;0,19918473225866223;0;0
2017-02-13;11;2017-02-13 11:00:00;45,2;37,51;7,690000000000005;40413;13882;50024;11606;11081;12679;23760;25488;-525;-1203;-1728;-0,07272727272727272;-0,047378395451674035;-0,09488129978704946;0,17013274336283196;0;0
2017-02-13;12;2017-02-13 12:00:00;37,24;34,06;3,18;40413;15764;50024;11002;10948;14430;25378;26766;-54;-1334;-1388;-0,054693041216801956;-0,004932407745706979;-0,09244629244629245;0,08539205155746508;0;0
2017-02-13;13;2017-02-13 13:00:00;35,06;33,31;1,75;40413;15820;50024;10890;10965;14373;25338;26710;75;-1447;-1372;-0,0541479201199779;0,006839945280437756;-0,10067487650455716;0,04991443240159726;0;0
2017-02-13;14;2017-02-13 14:00:00;38,23;37,01;1,2199999999999989;40413;13440;50024;10955;11325;12302;23627;24395;370;-1138;-768;-0,03250518474626487;0,032671081677704196;-0,09250528369370833;0,03191211090766411;0;0
2017-02-13;15;2017-02-13 15:00:00;43,52;42,27;1,25;40413;9052;50024;11155;11868;8283;20151;20207;713;-769;-56;-0,002779018410996973;0,060077519379844964;-0,0928407581794036;0,028722426470588234;0;0
2017-02-13;16;2017-02-13 16:00:00;49,17;45,67;3,5;40413;3494;50024;12318;12927;3470;16397;15812;609;-24;585;0,035677258035006404;0,04711069853794384;-0,0069164265129683;0,07118161480577588;0;0
2017-02-13;17;2017-02-13 17:00:00;53,84;49,95;3,890000000000001;40413;246;50024;15682;14695;237;14932;15928;-987;-9;-996;-0,0667023841414412;-0,06716570261993876;-0,0379746835443038;0,0722511144130758;0;0
2017-02-13;18;2017-02-13 18:00:00;56,25;49,52;6,729999999999998;40413;0;50024;18176;16458;0;16458;18176;-1718;0;-1718;-0,10438692429213756;-0,10438692429213756;;0,1196444444444444;0;0
2017-02-13;19;2017-02-13 19:00:00;50,08;40,11;9,97;40413;0;50024;18605;17168;0;17168;18605;-1437;0;-1437;-0,0837022367194781;-0,0837022367194781;;0,19908146964856233;0;0
2017-02-13;20;2017-02-13 20:00:00;44,94;38,57;6,369999999999997;40413;0;50024;17772;16610;0;16610;17772;-1162;0;-1162;-0,0699578567128236;-0,0699578567128236;;0,14174454828660432;0;0
2017-02-13;21;2017-02-13 21:00:00;38,14;37,51;0,6300000000000026;40413;0;50024;17250;15707;0;15707;17250;-1543;0;-1543;-0,09823645508372063;-0,09823645508372063;;0,01651809124278979;0;0
2017-02-13;22;2017-02-13 22:00:00;39,77;34,66;5,110000000000007;40413;0;50024;15987;14728;0;14728;15987;-1259;0;-1259;-0,08548343291689299;-0,08548343291689299;;0,12848881066130266;0;0
2017-02-13;23;2017-02-13 23:00:00;33,57;30,68;2,890000000000001;40413;0;50024;14765;13722;0;13722;14765;-1043;0;-1043;-0,0760093280862848;-0,0760093280862848;;0,08608876973488236;0;0
2017-02-14;0;2017-02-14 00:00:00;32,35;27,2;5,150000000000002;40418;0;50027;14332;13147;0;13147;14332;-1185;0;-1185;-0,09013463147486118;-0,09013463147486118;;0,15919629057187024;0;1
2017-02-14;1;2017-02-14 01:00:00;31,68;23,65;8,030000000000001;40418;0;50027;13296;12474;0;12474;13296;-822;0;-822;-0,0658970658970659;-0,0658970658970659;;0,25347222222222227;0;1
2017-02-14;2;2017-02-14 02:00:00;32,11;26,22;5,8900000000000015;40418;0;50027;12374;11991;0;11991;12374;-383;0;-383;-0,031940622133266615;-0,031940622133266615;;0,18343195266272194;0;1
2017-02-14;3;2017-02-14 03:00:00;32,56;30,01;2,5500000000000007;40418;0;50027;12030;11555;0;11555;12030;-475;0;-475;-0,04110774556469061;-0,04110774556469061;;0,07831695331695333;0;1
2017-02-14;4;2017-02-14 04:00:00;33,34;34,04;-0,6999999999999957;40418;0;50027;11858;11340;0;11340;11858;-518;0;-518;-0,04567901234567901;-0,04567901234567901;;-0,020995800839831904;0;1
2017-02-14;5;2017-02-14 05:00:00;32,84;33,49;-0,6499999999999986;40418;0;50027;11807;11347;0;11347;11807;-460;0;-460;-0,040539349607825854;-0,040539349607825854;;-0,019792935444579735;0;1
2017-02-14;6;2017-02-14 06:00:00;42,09;36,16;5,930000000000009;40418;0;50027;11867;11307;0;11307;11867;-560;0;-560;-0,04952684177942867;-0,04952684177942867;;0,14088857210738912;0;1
2017-02-14;7;2017-02-14 07:00:00;47,98;49,12;-1,1400000000000006;40418;197;50027;11859;10950;284;11234;12056;-909;87;-822;-0,07317073170731707;-0,08301369863013698;0,30633802816901406;-0,02375989995831598;0;1
2017-02-14;8;2017-02-14 08:00:00;50,63;52,79;-2,1599999999999966;40418;3062;50027;11042;10111;3460;13571;14104;-931;398;-533;-0,03927492447129909;-0,09207793492236178;0,11502890173410404;-0,04266245309105267;0;1
2017-02-14;9;2017-02-14 09:00:00;46,89;43,3;3,5900000000000034;40418;8282;50027;9108;9033;8681;17714;17390;-75;399;324;0,0182906175906063;-0,008302889405513119;0,0459624467227278;0,07656216677329929;0;1
2017-02-14;10;2017-02-14 10:00:00;38,39;40,32;-1,93;40418;13672;50027;7272;7889;13323;21212;20944;617;-349;268;0,012634357910616631;0,07821016605399923;-0,02619530135855288;-0,050273508726230785;0;1
2017-02-14;11;2017-02-14 11:00:00;36,64;36,42;0,21999999999999886;40418;17406;50027;6214;6883;16402;23285;23620;669;-1004;-335;-0,01438694438479708;0,09719599012058695;-0,0612120473113035;0,006004366812227043;0;1
2017-02-14;12;2017-02-14 12:00:00;35,86;35,01;0,8500000000000014;40418;19114;50027;5138;6042;17495;23537;24252;904;-1619;-715;-0,030377703190720994;0,149619331347236;-0,09254072592169191;0,02370329057445626;0;1
2017-02-14;13;2017-02-14 13:00:00;38,33;37,25;1,0799999999999983;40418;18356;50027;4835;5559;16656;22215;23191;724;-1700;-976;-0,04393427864055818;0,13023925166396835;-0,10206532180595582;0,028176363162014044;0;1
2017-02-14;14;2017-02-14 14:00:00;37,31;36,54;0,7700000000000031;40418;15462;50027;4744;5555;13904;19459;20206;811;-1558;-747;-0,038388406392928724;0,145994599459946;-0,11205408515535098;0,020637898686679257;0;1
2017-02-14;15;2017-02-14 15:00:00;41,88;37,2;4,68;40418;10362;50027;4678;5926;9456;15382;15040;1248;-906;342;0,022233779742556234;0,21059736753290584;-0,09581218274111675;0,11174785100286531;0;1
2017-02-14;16;2017-02-14 16:00:00;54,4;43,14;11,259999999999998;40418;4061;50027;4868;6864;4122;10986;8929;1996;61;2057;0,18723830329510285;0,2907925407925408;0,014798641436196022;0,20698529411764702;0;1
2017-02-14;17;2017-02-14 17:00:00;61,03;53,24;7,789999999999999;40418;314;50027;6152;8472;312;8784;6466;2320;-2;2318;0,2638888888888889;0,2738432483474976;-0,00641025641025641;0,12764214320825823;0;1
2017-02-14;18;2017-02-14 18:00:00;66,22;56,82;9,4;40418;0;50027;7844;10005;0;10005;7844;2161;0;2161;0,215992003998001;0,215992003998001;;0,14195107218363034;0;1
2017-02-14;19;2017-02-14 19:00:00;57,97;52,86;5,1099999999999985;40418;0;50027;9095;10501;0;10501;9095;1406;0;1406;0,1338920102847348;0,1338920102847348;;0,08814904260824562;0;1
2017-02-14;20;2017-02-14 20:00:00;54,68;41,14;13,54;40418;0;50027;9246;9823;0;9823;9246;577;0;577;0,058739692558281584;0,058739692558281584;;0,24762253108997803;0;1
2017-02-14;21;2017-02-14 21:00:00;42,26;39,13;3,1299999999999955;40418;0;50027;8800;8939;0;8939;8800;139;0;139;0,015549837789461908;0,015549837789461908;;0,07406530998580207;0;1
2017-02-14;22;2017-02-14 22:00:00;43,47;38,0;5,469999999999999;40418;0;50027;7902;7952;0;7952;7902;50;0;50;0,006287726358148894;0,006287726358148894;;0,12583390844260406;0;1
2017-02-14;23;2017-02-14 23:00:00;40,64;35,27;5,369999999999997;40418;0;50027;6837;6963;0;6963;6837;126;0;126;0,01809564842740198;0,01809564842740198;;0,13213582677165348;0;1
2017-02-15;0;2017-02-15 00:00:00;37,39;34,68;2,7100000000000013;40427;0;50038;6223;5749;0;5749;6223;-474;0;-474;-0,08244912158636285;-0,08244912158636285;;0,0724792725327628;0;2
2017-02-15;1;2017-02-15 01:00:00;38,18;32,12;6,060000000000002;40427;0;50038;5354;4993;0;4993;5354;-361;0;-361;-0,07230122171039455;-0,07230122171039455;;0,15872184389732852;0;2
2017-02-15;2;2017-02-15 02:00:00;37,13;31,4;5,730000000000004;40427;0;50038;4715;4374;0;4374;4715;-341;0;-341;-0,07796067672610882;-0,07796067672610882;;0,1543226501481283;0;2
2017-02-15;3;2017-02-15 03:00:00;35,72;34,5;1,2199999999999989;40427;0;50038;4079;3837;0;3837;4079;-242;0;-242;-0,06307010685431326;-0,06307010685431326;;0,03415453527435607;0;2
2017-02-15;4;2017-02-15 04:00:00;36,51;39,15;-2,640000000000001;40427;0;50038;3500;3523;0;3523;3500;23;0;23;0,006528526823729776;0,006528526823729776;;-0,07230895645028762;0;2
2017-02-15;5;2017-02-15 05:00:00;37,87;42,84;-4,970000000000006;40427;0;50038;3083;3434;0;3434;3083;351;0;351;0,10221316249271986;0,10221316249271986;;-0,13123844731977835;0;2
2017-02-15;6;2017-02-15 06:00:00;48,2;42,48;5,720000000000006;40427;0;50038;2923;3378;0;3378;2923;455;0;455;0,13469508584961515;0,13469508584961515;;0,1186721991701246;0;2
2017-02-15;7;2017-02-15 07:00:00;61,48;59,24;2,2399999999999953;40427;216;50038;3048;3178;283;3461;3264;130;67;197;0,0569199653279399;0,04090623033354311;0,23674911660777384;0,03643461288223805;0;2
2017-02-15;8;2017-02-15 08:00:00;63,32;59,62;3,700000000000003;40427;3441;50038;2999;2816;3455;6271;6440;-183;14;-169;-0,02694944984850901;-0,06498579545454546;0,004052098408104197;0,058433354390398026;0;2
2017-02-15;9;2017-02-15 09:00:00;60,76;52,7;8,059999999999995;40427;9482;50038;2564;2406;8609;11015;12046;-158;-873;-1031;-0,09359963685882887;-0,0656691604322527;-0,10140550586595423;0,13265306122448972;0;2
2017-02-15;10;2017-02-15 10:00:00;55,69;42,0;13,689999999999998;40427;15047;50038;1732;1871;13306;15177;16779;139;-1741;-1602;-0,10555445740264874;0,07429182255478353;-0,13084322861866826;0,24582510325013465;0;2
2017-02-15;11;2017-02-15 11:00:00;39,66;34,22;5,439999999999998;40427;18361;50038;1137;1348;16470;17818;19498;211;-1891;-1680;-0,09428667639465708;0,15652818991097922;-0,11481481481481481;0,13716591023701458;0;2
2017-02-15;12;2017-02-15 12:00:00;37,35;34,4;2,950000000000003;40427;19457;50038;822;978;17615;18593;20279;156;-1842;-1686;-0,09067928790404992;0,15950920245398773;-0,10456996877661084;0,07898259705488628;0;2
2017-02-15;13;2017-02-15 13:00:00;38,08;35,41;2,6700000000000017;40427;18388;50038;857;824;16755;17579;19245;-33;-1633;-1666;-0,09477217134080437;-0,04004854368932039;-0,09746344374813488;0,07011554621848744;0;2
2017-02-15;14;2017-02-15 14:00:00;45,22;38,04;7,18;40427;15227;50038;834;875;13896;14771;16061;41;-1331;-1290;-0,08733328819985106;0,046857142857142854;-0,09578295912492804;0,15877930119416186;0;2
2017-02-15;15;2017-02-15 15:00:00;50,85;41,32;9,53;40427;10070;50038;1035;1065;9400;10465;11105;30;-670;-640;-0,061156235069278544;0,028169014084507043;-0,07127659574468086;0,18741396263520155;0;2
2017-02-15;16;2017-02-15 16:00:00;54,43;47,23;7,200000000000002;40427;3894;50038;1544;1589;4094;5683;5438;45;200;245;0,04311103290515573;0,028319697923222153;0,048851978505129456;0,13227999265111157;0;2
2017-02-15;17;2017-02-15 17:00:00;59,16;49,9;9,259999999999998;40427;322;50038;2590;2630;343;2973;2912;40;21;61;0,020517995290951902;0,015209125475285171;0,061224489795918366;0,15652467883705204;0;2
2017-02-15;18;2017-02-15 18:00:00;64,48;52,91;11,570000000000007;40427;0;50038;4090;3950;0;3950;4090;-140;0;-140;-0,035443037974683546;-0,035443037974683546;;0,17943548387096783;0;2
2017-02-15;19;2017-02-15 19:00:00;63,07;51,13;11,939999999999998;40427;0;50038;5536;5269;0;5269;5536;-267;0;-267;-0,05067375213513001;-0,05067375213513001;;0,18931346123354997;0;2
2017-02-15;20;2017-02-15 20:00:00;54,77;46,08;8,690000000000005;40427;0;50038;6962;6359;0;6359;6962;-603;0;-603;-0,09482623053939299;-0,09482623053939299;;0,15866350191710799;0;2
2017-02-15;21;2017-02-15 21:00:00;44,92;40,84;4,079999999999998;40427;0;50038;8384;7458;0;7458;8384;-926;0;-926;-0,12416197371949585;-0,12416197371949585;;0,09082813891362418;0;2
2017-02-15;22;2017-02-15 22:00:00;37,98;44,95;-6,970000000000006;40427;0;50038;9670;8417;0;8417;9670;-1253;0;-1253;-0,14886539146964475;-0,14886539146964475;;-0,1835176408636126;0;2
2017-02-15;23;2017-02-15 23:00:00;33,47;34,98;-1,509999999999998;40427;0;50038;10483;9100;0;9100;10483;-1383;0;-1383;-0,151978021978022;-0,151978021978022;;-0,04511502838362707;0;2
2017-02-16;0;2017-02-16 00:00:00;33,27;33,1;0,1700000000000017;40431;0;50062;10938;11434;0;11434;10938;496;0;496;0,04337939478747595;0,04337939478747595;;0,005109708446047541;0;3
2017-02-16;1;2017-02-16 01:00:00;34,93;35,5;-0,5700000000000003;40431;0;50062;11499;11616;0;11616;11499;117;0;117;0,010072314049586776;0,010072314049586776;;-0,016318350987689672;0;3
2017-02-16;2;2017-02-16 02:00:00;32,09;29,91;2,1800000000000037;40431;0;50062;11973;11856;0;11856;11973;-117;0;-117;-0,009868421052631578;-0,009868421052631578;;0,067933935805547;0;3
2017-02-16;3;2017-02-16 03:00:00;32,0;31,05;0,9499999999999992;40431;0;50062;12348;12013;0;12013;12348;-335;0;-335;-0,02788645633896612;-0,02788645633896612;;0,029687499999999974;0;3
2017-02-16;4;2017-02-16 04:00:00;32,06;33,16;-1,0999999999999943;40431;0;50062;12253;12071;0;12071;12253;-182;0;-182;-0,015077458371303124;-0,015077458371303124;;-0,034310667498440243;0;3
2017-02-16;5;2017-02-16 05:00:00;33,28;33,11;0,1700000000000017;40431;0;50062;12303;12056;0;12056;12303;-247;0;-247;-0,02048772395487724;-0,02048772395487724;;0,005108173076923128;0;3
2017-02-16;6;2017-02-16 06:00:00;38,01;36,01;2,0;40431;0;50062;13048;12035;0;12035;13048;-1013;0;-1013;-0,08417116742833403;-0,08417116742833403;;0,052617732175743226;0;3
2017-02-16;7;2017-02-16 07:00:00;50,99;47,94;3,0500000000000043;40431;254;50062;13588;11919;271;12190;13842;-1669;17;-1652;-0,13552091878589007;-0,14002852588304388;0,06273062730627306;0,059815650127476055;0;3
2017-02-16;8;2017-02-16 08:00:00;50,31;45,66;4,650000000000006;40431;3322;50062;13106;11695;2935;14630;16428;-1411;-387;-1798;-0,12289815447710184;-0,12064985036340316;-0,13185689948892676;0,09242695289206929;0;3
2017-02-16;9;2017-02-16 09:00:00;43,72;35,09;8,629999999999995;40431;8278;50062;12530;11434;6866;18300;20808;-1096;-1412;-2508;-0,13704918032786886;-0,0958544691271646;-0,20565103408097873;0,1973924977127172;0;3
2017-02-16;10;2017-02-16 10:00:00;38,0;31,98;6,02;40431;12595;50062;10755;11042;10158;21200;23350;287;-2437;-2150;-0,10141509433962265;0,025991668176055062;-0,23990943099035242;0,15842105263157893;0;3
2017-02-16;11;2017-02-16 11:00:00;37,09;32,72;4,3700000000000045;40431;15050;50062;9468;10503;12124;22627;24518;1035;-2926;-1891;-0,08357272285322845;0,09854327335047129;-0,24133949191685913;0,11782151523321661;0;3
2017-02-16;12;2017-02-16 12:00:00;37,91;32,94;4,969999999999999;40431;15786;50062;9474;10186;12419;22605;25260;712;-3367;-2655;-0,11745189117451892;0,06989986255645003;-0,27111683710443674;0,13109997362173567;0;3
2017-02-16;13;2017-02-16 13:00:00;37,19;33,04;4,149999999999999;40431;14567;50062;9676;9929;11424;21353;24243;253;-3143;-2890;-0,13534397976865079;0,025480914492899586;-0,27512254901960786;0,11158913686474856;0;3
2017-02-16;14;2017-02-16 14:00:00;38,05;33,69;4,3599999999999985;40431;11592;50062;9900;9713;9328;19041;21492;-187;-2264;-2451;-0,1287222309752639;-0,01925254813137033;-0,24271012006861065;0,1145860709592641;0;3
2017-02-16;15;2017-02-16 15:00:00;43,79;39,83;3,9600000000000013;40431;7699;50062;10054;9609;6209;15818;17753;-445;-1490;-1935;-0,12232899228726767;-0,04631075033822458;-0,23997423095506523;0,09043160538935834;0;3
2017-02-16;16;2017-02-16 16:00:00;50,82;43,01;7,810000000000002;40431;3051;50062;10022;9815;2666;12481;13073;-207;-385;-592;-0,047432096787116414;-0,02109016811003566;-0,1444111027756939;0,15367965367965372;0;3
2017-02-16;17;2017-02-16 17:00:00;53,3;49,68;3,619999999999997;40431;234;50062;10413;10453;248;10701;10647;40;14;54;0,005046257359125316;0,0038266526356070026;0,056451612903225805;0,06791744840525323;0;3
2017-02-16;18;2017-02-16 18:00:00;54,98;51,4;3,5799999999999983;40431;0;50062;11184;11332;0;11332;11184;148;0;148;0,013060360042357924;0,013060360042357924;;0,06511458712259001;0;3
2017-02-16;19;2017-02-16 19:00:00;50,92;51,13;-0,21000000000000085;40431;0;50062;12118;12160;0;12160;12118;42;0;42;0,0034539473684210525;0,0034539473684210525;;-0,0041241162608012735;0;3
2017-02-16;20;2017-02-16 20:00:00;42,06;44,35;-2,289999999999999;40431;0;50062;12966;12802;0;12802;12966;-164;0;-164;-0,012810498359631307;-0,012810498359631307;;-0,0544460294816928;0;3
2017-02-16;21;2017-02-16 21:00:00;38,95;43,08;-4,129999999999996;40431;0;50062;13098;13400;0;13400;13098;302;0;302;0,022537313432835823;0,022537313432835823;;-0,10603337612323481;0;3
2017-02-16;22;2017-02-16 22:00:00;37,98;43,16;-5,18;40431;0;50062;13486;13818;0;13818;13486;332;0;332;0,024026631929367492;0,024026631929367492;;-0,13638757240652977;0;3
2017-02-16;23;2017-02-16 23:00:00;33,3;38,82;-5,520000000000002;40431;0;50062;13640;14050;0;14050;13640;410;0;410;0,029181494661921707;0,029181494661921707;;-0,16576576576576585;0;3
2017-02-17;0;2017-02-17 00:00:00;32,52;34,86;-2,3399999999999963;40445;0;50090;13502;13477;0;13477;13502;-25;0;-25;-0,0018550122430808043;-0,0018550122430808043;;-0,07195571955719546;0;4
2017-02-17;1;2017-02-17 01:00:00;31,69;32,35;-0,6600000000000001;40445;0;50090;13671;13640;0;13640;13671;-31;0;-31;-0,0022727272727272726;-0,0022727272727272726;;-0,020826759230041025;0;4
2017-02-17;2;2017-02-17 02:00:00;31,13;32,48;-1,349999999999998;40445;0;50090;13819;13910;0;13910;13819;91;0;91;0,0065420560747663555;0,0065420560747663555;;-0,04336652746546733;0;4
2017-02-17;3;2017-02-17 03:00:00;31,35;30,16;1,1900000000000013;40445;0;50090;14398;14192;0;14192;14398;-206;0;-206;-0,0145152198421646;-0,0145152198421646;;0,03795853269537484;0;4
2017-02-17;4;2017-02-17 04:00:00;31,69;30,49;1,2000000000000028;40445;0;50090;13933;14403;0;14403;13933;470;0;470;0,03263209053669375;0,03263209053669375;;0,03786683496371104;0;4
2017-02-17;5;2017-02-17 05:00:00;32,5;32,22;0,28000000000000114;40445;0;50090;13696;14467;0;14467;13696;771;0;771;0,0532937029100712;0,0532937029100712;;0,00861538461538465;0;4
2017-02-17;6;2017-02-17 06:00:00;36,96;43,46;-6,5;40445;0;50090;13265;14449;0;14449;13265;1184;0;1184;0,08194338708561145;0,08194338708561145;;-0,17586580086580086;0;4
2017-02-17;7;2017-02-17 07:00:00;47,95;49,02;-1,0700000000000005;40445;69;50090;12728;14197;87;14284;12797;1469;18;1487;0,1041024922990759;0,1034725646263295;0,20689655172413793;-0,022314911366006267;0;4
2017-02-17;8;2017-02-17 08:00:00;45,01;49,85;-4,840000000000003;40445;967;50090;11982;13702;852;14554;12949;1720;-115;1605;0,11027896111034767;0,1255291198365202;-0,13497652582159625;-0,10753165963119315;0;4
2017-02-17;9;2017-02-17 09:00:00;44,05;50,12;-6,07;40445;2880;50090;11165;13308;2032;15340;14045;2143;-848;1295;0,08441981747066493;0,16103095882176136;-0,41732283464566927;-0,13779795686719637;0;4
2017-02-17;10;2017-02-17 10:00:00;48,98;50,67;-1,6900000000000048;40445;4519;50090;10449;13064;3145;16209;14968;2615;-1374;1241;0,07656240360293665;0,20016840171463565;-0,4368839427662957;-0,03450387913434065;0;4
2017-02-17;11;2017-02-17 11:00:00;49,9;49,69;0,21000000000000085;40445;5474;50090;10175;12982;3915;16897;15649;2807;-1559;1248;0,07385926495827662;0,21622246187028193;-0,3982120051085568;0,004208416833667352;0;4
2017-02-17;12;2017-02-17 12:00:00;48,98;50,29;-1,3100000000000025;40445;5405;50090;9974;12915;4181;17096;15379;2941;-1224;1717;0,10043284978942443;0,22771970576848627;-0,2927529299210715;-0,026745610453246277;0;4
2017-02-17;13;2017-02-17 13:00:00;40,0;48,27;-8,270000000000003;40445;4703;50090;9802;12556;4048;16604;14505;2754;-655;2099;0,12641532160925079;0,21933736858872252;-0,16180830039525693;-0,20675000000000007;0;4
2017-02-17;14;2017-02-17 14:00:00;42,92;52,77;-9,85;40445;3710;50090;9592;11793;3561;15354;13302;2201;-149;2052;0,1336459554513482;0,18663614008310014;-0,04184217916315642;-0,22949673811742777;0;4
2017-02-17;15;2017-02-17 15:00:00;48,53;50,0;-1,4699999999999989;40445;2510;50090;9546;10946;2483;13429;12056;1400;-27;1373;0,10224141782709062;0,12790060295998537;-0,010873942811115585;-0,030290541932825033;0;4
2017-02-17;16;2017-02-17 16:00:00;48,81;49,7;-0,8900000000000006;40445;1096;50090;9460;10143;1125;11268;10556;683;29;712;0,06318778842740504;0,06733707975944;0,025777777777777778;-0,01823396844908831;0;4
2017-02-17;17;2017-02-17 17:00:00;50,92;51,71;-0,7899999999999991;40445;116;50090;9286;9432;129;9561;9402;146;13;159;0,016630059617194853;0,01547921967769296;0,10077519379844961;-0,015514532600157092;0;4
2017-02-17;18;2017-02-17 18:00:00;53,04;51,98;1,0600000000000025;40445;0;50090;9132;8855;0;8855;9132;-277;0;-277;-0,03128176171654432;-0,03128176171654432;;0,01998491704374062;0;4
2017-02-17;19;2017-02-17 19:00:00;51,14;50,28;0,8599999999999994;40445;0;50090;8708;8145;0;8145;8708;-563;0;-563;-0,06912216083486802;-0,06912216083486802;;0,016816581931951496;0;4
2017-02-17;20;2017-02-17 20:00:00;49,77;42,71;7,060000000000002;40445;0;50090;8605;7306;0;7306;8605;-1299;0;-1299;-0,17779906925814398;-0,17779906925814398;;0,14185252159935707;0;4
2017-02-17;21;2017-02-17 21:00:00;49,52;42,43;7,0900000000000025;40445;0;50090;8724;6578;0;6578;8724;-2146;0;-2146;-0,32623897841289146;-0,32623897841289146;;0,14317447495961233;0;4
2017-02-17;22;2017-02-17 22:00:00;46,34;41,2;5,1400000000000015;40445;0;50090;8056;5952;0;5952;8056;-2104;0;-2104;-0,353494623655914;-0,353494623655914;;0,11091929218817438;0;4
2017-02-17;23;2017-02-17 23:00:00;38,82;36,49;2,3299999999999983;40445;0;50090;7862;5450;0;5450;7862;-2412;0;-2412;-0,44256880733944953;-0,44256880733944953;;0,060020607934054566;0;4
2017-02-18;0;2017-02-18 00:00:00;35,1;33,1;2,0;40445;0;50102;7260;6302;0;6302;7260;-958;0;-958;-0,15201523325928276;-0,15201523325928276;;0,05698005698005698;0;5
2017-02-18;1;2017-02-18 01:00:00;33,09;32,18;0,9100000000000036;40445;0;50102;6596;5957;0;5957;6596;-639;0;-639;-0,10726875944267249;-0,10726875944267249;;0,027500755515261512;0;5
2017-02-18;2;2017-02-18 02:00:00;35,08;31,5;3,5799999999999983;40445;0;50102;6195;5798;0;5798;6195;-397;0;-397;-0,06847188685753708;-0,06847188685753708;;0,10205245153933862;0;5
2017-02-18;3;2017-02-18 03:00:00;34,3;31,99;2,3099999999999987;40445;0;50102;6106;5582;0;5582;6106;-524;0;-524;-0,09387316374059478;-0,09387316374059478;;0,06734693877551018;0;5
2017-02-18;4;2017-02-18 04:00:00;34,3;31,98;2,3199999999999967;40445;0;50102;5909;5217;0;5217;5909;-692;0;-692;-0,1326432815794518;-0,1326432815794518;;0,06763848396501448;0;5
2017-02-18;5;2017-02-18 05:00:00;35,36;31,58;3,780000000000001;40445;0;50102;5404;4699;0;4699;5404;-705;0;-705;-0,150031921685465;-0,150031921685465;;0,10690045248868782;0;5
2017-02-18;6;2017-02-18 06:00:00;38,81;29,84;8,970000000000002;40445;0;50102;4745;4195;0;4195;4745;-550;0;-550;-0,13110846245530394;-0,13110846245530394;;0,23112599845400675;0;5
2017-02-18;7;2017-02-18 07:00:00;42,08;33,53;8,549999999999997;40445;64;50102;4187;3692;104;3796;4251;-495;40;-455;-0,11986301369863013;-0,13407367280606716;0,38461538461538464;0,2031844106463878;0;5
2017-02-18;8;2017-02-18 08:00:00;46,81;37,8;9,010000000000003;40445;738;50102;3776;3283;1078;4361;4514;-493;340;-153;-0,03508369639990828;-0,15016752969844654;0,31539888682745826;0,19248023926511434;0;5
2017-02-18;9;2017-02-18 09:00:00;50,0;41,53;8,469999999999999;40445;2064;50102;3616;3043;2792;5835;5680;-573;728;155;0,026563838903170524;-0,18830101873151495;0,2607449856733524;0,16939999999999997;0;5
2017-02-18;10;2017-02-18 10:00:00;49,85;44,38;5,469999999999999;40445;3838;50102;3792;3023;4694;7717;7630;-769;856;87;0,01127381106647661;-0,2543830631822693;0,18236046016190882;0,10972918756268804;0;5
2017-02-18;11;2017-02-18 11:00:00;48,24;43,74;4,5;40445;5588;50102;4354;3436;6135;9571;9942;-918;547;-371;-0,03876292968341866;-0,2671711292200233;0,08916055419722901;0,09328358208955223;0;5
2017-02-18;12;2017-02-18 12:00:00;42,25;39,24;3,009999999999998;40445;6360;50102;5087;4053;6799;10852;11447;-1034;439;-595;-0,05482860302248434;-0,2551196644460893;0,06456831887042212;0,07124260355029581;0;5
2017-02-18;13;2017-02-18 13:00:00;36,64;35,97;0,6700000000000017;40445;6020;50102;5544;4666;6675;11341;11564;-878;655;-223;-0,019663169032713163;-0,1881697385340763;0,09812734082397004;0,01828602620087341;0;5
2017-02-18;14;2017-02-18 14:00:00;35,64;33,56;2,0799999999999983;40445;4806;50102;5460;5116;5810;10926;10266;-344;1004;660;0,06040637012630423;-0,06724003127443315;0,1728055077452668;0,05836139169472498;0;5
2017-02-18;15;2017-02-18 15:00:00;37,35;36,05;1,3000000000000045;40445;3316;50102;5480;5448;4284;9732;8796;-32;968;936;0,09617755856966707;-0,005873715124816446;0,22595704948646125;0,034805890227577095;0;5
2017-02-18;16;2017-02-18 16:00:00;42,04;37,83;4,210000000000001;40445;1530;50102;5488;5764;2103;7867;7018;276;573;849;0,10791915596796746;0,047883414295628035;0,2724679029957204;0,10014272121788775;0;5
2017-02-18;17;2017-02-18 17:00:00;47,94;41,78;6,1599999999999975;40445;192;50102;5719;6227;252;6479;5911;508;60;568;0,08766784997684827;0,08158021519190621;0,23809523809523808;0,12849395077179804;0;5
2017-02-18;18;2017-02-18 18:00:00;53,94;43,37;10,57;40445;0;50102;6424;6854;1;6855;6424;430;1;431;0,06287381473377097;0,06273708783192296;1,0;0,19595847237671488;0;5
2017-02-18;19;2017-02-18 19:00:00;48,46;35,62;12,840000000000005;40445;0;50102;7768;7635;0;7635;7768;-133;0;-133;-0,01741977734119188;-0,01741977734119188;;0,26496079240610826;0;5
2017-02-18;20;2017-02-18 20:00:00;39,01;33,18;5,829999999999997;40445;0;50102;9173;8450;0;8450;9173;-723;0;-723;-0,0855621301775148;-0,0855621301775148;;0,14944885926685458;0;5
2017-02-18;21;2017-02-18 21:00:00;35,0;30,71;4,289999999999999;40445;0;50102;10504;9258;0;9258;10504;-1246;0;-1246;-0,13458630373730826;-0,13458630373730826;;0,12257142857142855;0;5
2017-02-18;22;2017-02-18 22:00:00;33,03;29,07;3,9600000000000013;40445;0;50102;11892;9988;0;9988;11892;-1904;0;-1904;-0,19062875450540648;-0,19062875450540648;;0,11989100817438696;0;5
2017-02-18;23;2017-02-18 23:00:00;30,29;24,15;6,1400000000000015;40445;0;50102;12986;10664;0;10664;12986;-2322;0;-2322;-0,21774193548387097;-0,21774193548387097;;0,2027071640805547;0;5
2017-02-19;0;2017-02-19 00:00:00;30,81;19,69;11,119999999999996;40446;0;50102;13958;12298;0;12298;13958;-1660;0;-1660;-0,13498129777199544;-0,13498129777199544;;0,3609217786432975;0;6
2017-02-19;1;2017-02-19 01:00:00;21,68;12,14;9,54;40446;0;50102;14584;13079;0;13079;14584;-1505;0;-1505;-0,11506995947702424;-0,11506995947702424;;0,44003690036900367;0;6
2017-02-19;2;2017-02-19 02:00:00;12,44;9,26;3,18;40446;0;50102;15469;13872;0;13872;15469;-1597;0;-1597;-0,1151239907727797;-0,1151239907727797;;0,25562700964630225;0;6
2017-02-19;3;2017-02-19 03:00:00;9,93;8,7;1,2300000000000004;40446;0;50102;16560;14633;0;14633;16560;-1927;0;-1927;-0,1316886489441673;-0,1316886489441673;;0,12386706948640488;0;6
2017-02-19;4;2017-02-19 04:00:00;9,53;9,27;0,2599999999999998;40446;0;50102;17038;15247;0;15247;17038;-1791;0;-1791;-0,11746573096346823;-0,11746573096346823;;0,02728226652675759;0;6
2017-02-19;5;2017-02-19 05:00:00;10,13;8,59;1,540000000000001;40446;0;50102;17234;15673;0;15673;17234;-1561;0;-1561;-0,09959803483698079;-0,09959803483698079;;0,15202369200394875;0;6
2017-02-19;6;2017-02-19 06:00:00;10,3;8,27;2,0300000000000007;40446;0;50102;18244;16015;1;16016;18244;-2229;1;-2228;-0,13911088911088912;-0,1391820168591945;1,0;0,19708737864077674;0;6
2017-02-19;7;2017-02-19 07:00:00;18,12;10,51;7,610000000000001;40446;245;50102;18641;15991;221;16212;18886;-2650;-24;-2674;-0,16493955094991364;-0,16571821649677942;-0,1085972850678733;0,4199779249448124;0;6
2017-02-19;8;2017-02-19 08:00:00;25,47;5,92;19,55;40446;2604;50102;18110;15453;2090;17543;20714;-2657;-514;-3171;-0,18075585703699482;-0,17194072348411313;-0,24593301435406698;0,767569689831174;0;6
2017-02-19;9;2017-02-19 09:00:00;29,59;11,86;17,73;40446;6257;50102;16768;14855;5006;19861;23025;-1913;-1251;-3164;-0,15930718493530033;-0,12877818916189834;-0,24990011985617258;0,5991889151740453;0;6
2017-02-19;10;2017-02-19 10:00:00;29,82;10,49;19,33;40446;8833;50102;15583;14428;7667;22095;24416;-1155;-1166;-2321;-0,10504639058610546;-0,08005267535347935;-0,15208034433285508;0,6482226693494298;0;6
2017-02-19;11;2017-02-19 11:00:00;32,09;18,89;13,200000000000005;40446;10168;50102;14058;14037;9338;23375;24226;-21;-830;-851;-0,036406417112299465;-0,0014960461637101945;-0,08888412936388948;0,411343097538174;0;6
2017-02-19;12;2017-02-19 12:00:00;30,17;22,1;8,07;40446;9794;50102;13056;13540;9677;23217;22850;484;-117;367;0,015807382521428263;0,035745937961595274;-0,012090523922703317;0,2674842558833278;0;6
2017-02-19;13;2017-02-19 13:00:00;31,07;27,03;4,039999999999999;40446;8661;50102;12617;13013;8882;21895;21278;396;221;617;0,028179949760219227;0,030431107354184278;0,024881783382121145;0,1300289668490505;0;6
2017-02-19;14;2017-02-19 14:00:00;31,41;26,74;4,670000000000002;40446;6332;50102;12492;12562;7110;19672;18824;70;778;848;0,04310695404636031;0,005572361088998567;0,10942334739803095;0,14867876472461006;0;6
2017-02-19;15;2017-02-19 15:00:00;30,34;27,18;3,16;40446;3754;50102;12734;12252;4650;16902;16488;-482;896;414;0,024494142705005325;-0,03934051583414953;0,19268817204301075;0,10415293342122611;0;6
2017-02-19;16;2017-02-19 16:00:00;31,99;28,6;3,389999999999997;40446;1578;50102;12771;12208;2030;14238;14349;-563;452;-111;-0,007796038769490097;-0,0461173001310616;0,22266009852216748;0,10597061581744287;0;6
2017-02-19;17;2017-02-19 17:00:00;41,37;31,1;10,269999999999996;40446;192;50102;12471;12441;241;12682;12663;-30;49;19;0,001498186405929664;-0,0024113817217265494;0,2033195020746888;0,2482475223591974;0;6
2017-02-19;18;2017-02-19 18:00:00;53,65;38,01;15,64;40446;2;50102;12448;12751;0;12751;12450;303;-2;301;0,023605991686926515;0,023762842130029018;-inf;0,29151910531220876;0;6
2017-02-19;19;2017-02-19 19:00:00;52,8;43,55;9,25;40446;0;50102;12531;12997;0;12997;12531;466;0;466;0,035854427944910366;0,035854427944910366;;0,17518939393939395;0;6
2017-02-19;20;2017-02-19 20:00:00;39,28;33,02;6,259999999999998;40446;0;50102;12834;13256;0;13256;12834;422;0;422;0,03183464091732046;0,03183464091732046;;0,15936863543788182;0;6
2017-02-19;21;2017-02-19 21:00:00;33,95;32,75;1,2000000000000028;40446;0;50102;12440;13453;0;13453;12440;1013;0;1013;0,07529918977179811;0,07529918977179811;;0,03534609720176739;0;6
2017-02-19;22;2017-02-19 22:00:00;35,05;34,74;0,3099999999999952;40446;0;50102;12530;13738;0;13738;12530;1208;0;1208;0,08793128548551463;0,08793128548551463;;0,008844507845934244;0;6
2017-02-19;23;2017-02-19 23:00:00;31,01;31,83;-0,8199999999999967;40446;0;50102;13201;14344;0;14344;13201;1143;0;1143;0,07968488566648076;0,07968488566648076;;-0,026443082876491348;0;6
2017-02-20;0;2017-02-20 00:00:00;30,75;33,11;-2,3599999999999994;40453;0;50123;14101;14479;0;14479;14101;378;0;378;0,02610677532978797;0,02610677532978797;;-0,07674796747967477;0;0
2017-02-20;1;2017-02-20 01:00:00;27,22;31,87;-4,650000000000002;40453;0;50123;15141;15302;0;15302;15141;161;0;161;0,010521500457456541;0,010521500457456541;;-0,17083027185892735;0;0
2017-02-20;2;2017-02-20 02:00:00;26,5;27,36;-0,8599999999999994;40453;0;50123;16066;16321;0;16321;16066;255;0;255;0,015624042644445805;0,015624042644445805;;-0,03245283018867923;0;0
2017-02-20;3;2017-02-20 03:00:00;25,04;23,32;1,7199999999999989;40453;0;50123;16804;17332;0;17332;16804;528;0;528;0,030463881837064388;0,030463881837064388;;0,06869009584664533;0;0
2017-02-20;4;2017-02-20 04:00:00;20,95;23,07;-2,120000000000001;40453;0;50123;16956;18510;0;18510;16956;1554;0;1554;0,0839546191247974;0,0839546191247974;;-0,10119331742243441;0;0
2017-02-20;5;2017-02-20 05:00:00;21,93;28,29;-6,3599999999999985;40453;0;50123;18294;19971;0;19971;18294;1677;0;1677;0,0839717590506234;0,0839717590506234;;-0,2900136798905608;0;0
2017-02-20;6;2017-02-20 06:00:00;38,49;37,55;0,9400000000000048;40453;0;50123;20083;21554;0;21554;20083;1471;0;1471;0,06824719309640902;0,06824719309640902;;0,024421927773447774;0;0
2017-02-20;7;2017-02-20 07:00:00;48,35;41,04;7,310000000000002;40453;87;50123;21829;22981;111;23092;21916;1152;24;1176;0,0509267278711242;0,0501283669117967;0,21621621621621623;0,15118924508790077;0;0
2017-02-20;8;2017-02-20 08:00:00;45,82;40,16;5,660000000000004;40453;966;50123;23448;24249;894;25143;24414;801;-72;729;0,028994153442309985;0,03303228999133985;-0,08053691275167785;0,12352684417285037;0;0
2017-02-20;9;2017-02-20 09:00:00;38,92;37,99;0,9299999999999996;40453;2709;50123;25095;25492;2082;27574;27804;397;-627;-230;-0,008341190977007326;0,015573513259061667;-0,3011527377521614;0,023895169578622803;0;0
2017-02-20;10;2017-02-20 10:00:00;37,92;36,21;1,7100000000000009;40453;4604;50123;27010;26634;3147;29781;31614;-376;-1457;-1833;-0,061549309962727915;-0,014117293684763835;-0,46298061646012073;0,04509493670886078;0;0
2017-02-20;11;2017-02-20 11:00:00;39,38;32,58;6,800000000000003;40453;6043;50123;29076;27685;3856;31541;35119;-1391;-2187;-3578;-0,1134396499793919;-0,05024381433989525;-0,5671680497925311;0,1726764855256476;0;0
2017-02-20;12;2017-02-20 12:00:00;39,18;28,86;10,32;40453;6179;50123;30490;28560;3943;32503;36669;-1930;-2236;-4166;-0,128172784050703;-0,06757703081232493;-0,5670809028658382;0,26339969372128635;0;0
2017-02-20;13;2017-02-20 13:00:00;36,08;27,34;8,739999999999998;40453;4988;50123;31368;29240;3511;32751;36356;-2128;-1477;-3605;-0,1100729748709963;-0,07277701778385773;-0,4206778695528339;0,24223946784922393;0;0
2017-02-20;14;2017-02-20 14:00:00;33,03;27,87;5,16;40453;3302;50123;31846;29669;2686;32355;35148;-2177;-616;-2793;-0,08632359758924432;-0,07337625130607706;-0,22933730454207;0,15622161671207993;0;0
2017-02-20;15;2017-02-20 15:00:00;31,87;30,76;1,1099999999999994;40453;2014;50123;32439;30088;1697;31785;34453;-2351;-317;-2668;-0,08393896492056001;-0,07813746344057432;-0,18680023571007662;0,034828992783181655;0;0
2017-02-20;16;2017-02-20 16:00:00;31,63;31,18;0,4499999999999993;40453;783;50123;32871;30521;712;31233;33654;-2350;-71;-2421;-0,07751416770723274;-0,07699616657383442;-0,0997191011235955;0,01422699968384443;0;0
2017-02-20;17;2017-02-20 17:00:00;34,92;34,69;0,230000000000004;40453;91;50123;33285;30933;96;31029;33376;-2352;5;-2347;-0,07563891843114506;-0,07603530210454854;0,052083333333333336;0,0065864833906072165;0;0
2017-02-20;18;2017-02-20 18:00:00;37,94;35,48;2,460000000000001;40453;2;50123;33672;31341;0;31341;33674;-2331;-2;-2333;-0,07443923295363901;-0,07437541878051115;-inf;0,06483921982076966;0;0
2017-02-20;19;2017-02-20 19:00:00;34,27;33,82;0,4500000000000029;40453;0;50123;33964;31591;0;31591;33964;-2373;0;-2373;-0,07511633060048747;-0,07511633060048747;;0,01313101838342582;0;0
2017-02-20;20;2017-02-20 20:00:00;29,92;27,28;2,640000000000001;40453;0;50123;33866;31603;0;31603;33866;-2263;0;-2263;-0,07160712590576844;-0,07160712590576844;;0,08823529411764709;0;0
2017-02-20;21;2017-02-20 21:00:00;19,22;19,99;-0,7699999999999996;40453;0;50123;32998;31453;0;31453;32998;-1545;0;-1545;-0,049120910564969957;-0,049120910564969957;;-0,040062434963579585;0;0
2017-02-20;22;2017-02-20 22:00:00;9,94;16,09;-6,15;40453;0;50123;31830;30997;0;30997;31830;-833;0;-833;-0,026873568409846116;-0,026873568409846116;;-0,6187122736418512;0;0
2017-02-20;23;2017-02-20 23:00:00;9,48;15,16;-5,68;40453;0;50123;30714;30237;0;30237;30714;-477;0;-477;-0,01577537454112511;-0,01577537454112511;;-0,5991561181434598;0;0
2017-02-21;0;2017-02-21 00:00:00;12,54;11,55;0,9899999999999984;40468;0;50133;29662;28575;0;28575;29662;-1087;0;-1087;-0,03804024496937883;-0,03804024496937883;;0,07894736842105252;0;1
2017-02-21;1;2017-02-21 01:00:00;10,19;8,44;1,75;40468;0;50133;28559;27726;0;27726;28559;-833;0;-833;-0,030044002019764843;-0,030044002019764843;;0,1717369970559372;0;1
2017-02-21;2;2017-02-21 02:00:00;10,06;5,62;4,44;40468;0;50133;27471;27056;0;27056;27471;-415;0;-415;-0,015338557066824365;-0,015338557066824365;;0,4413518886679921;0;1
2017-02-21;3;2017-02-21 03:00:00;11,12;5,57;5,549999999999999;40468;0;50133;26747;26373;0;26373;26747;-374;0;-374;-0,014181170136124067;-0,014181170136124067;;0,4991007194244604;0;1
2017-02-21;4;2017-02-21 04:00:00;12,56;8,23;4,33;40468;0;50133;26271;25799;0;25799;26271;-472;0;-472;-0,018295282762897786;-0,018295282762897786;;0,3447452229299363;0;1
2017-02-21;5;2017-02-21 05:00:00;25,16;13,41;11,75;40468;0;50133;25799;25384;0;25384;25799;-415;0;-415;-0,016348881184998425;-0,016348881184998425;;0,46701112877583467;0;1
2017-02-21;6;2017-02-21 06:00:00;33,0;30,98;2,02;40468;0;50133;26214;25094;1;25095;26214;-1120;1;-1119;-0,04459055588762702;-0,044632182991950264;1,0;0,06121212121212121;0;1
2017-02-21;7;2017-02-21 07:00:00;38,96;30,02;8,940000000000003;40468;55;50133;26034;24925;82;25007;26089;-1109;27;-1082;-0,04326788499220218;-0,04449348044132397;0,32926829268292684;0,22946611909650932;0;1
2017-02-21;8;2017-02-21 08:00:00;38,94;35,63;3,309999999999995;40468;631;50133;26127;24917;702;25619;26758;-1210;71;-1139;-0,04445919044459191;-0,048561223261227277;0,10113960113960115;0,0850025680534154;0;1
2017-02-21;9;2017-02-21 09:00:00;38,94;35,24;3,699999999999996;40468;2018;50133;26944;25089;1750;26839;28962;-1855;-268;-2123;-0,07910130779835314;-0,07393678504523894;-0,15314285714285714;0,09501797637390849;0;1
2017-02-21;10;2017-02-21 10:00:00;38,95;33,91;5,040000000000006;40468;3532;50133;27446;25546;2870;28416;30978;-1900;-662;-2562;-0,09016047297297297;-0,07437563610741407;-0,23066202090592333;0,12939666238767666;0;1
2017-02-21;11;2017-02-21 11:00:00;38,95;33,03;5,920000000000003;40468;4854;50133;27764;26180;3842;30022;32618;-1584;-1012;-2596;-0,08646992205715809;-0,06050420168067227;-0,2634044768349818;0,15198973042362007;0;1
2017-02-21;12;2017-02-21 12:00:00;36,63;31,75;4,880000000000003;40468;6376;50133;27250;26541;4367;30908;33626;-709;-2009;-2718;-0,08793839782580562;-0,026713386835462115;-0,46004121822761623;0,1332241332241333;0;1
2017-02-21;13;2017-02-21 13:00:00;36,65;32,85;3,799999999999997;40468;6517;50133;26460;26060;4393;30453;32977;-400;-2124;-2524;-0,08288181788329557;-0,015349194167306216;-0,48349647165945825;0,10368349249658929;0;1
2017-02-21;14;2017-02-21 14:00:00;36,41;34,69;1,7199999999999989;40468;5674;50133;25323;24443;3914;28357;30997;-880;-1760;-2640;-0,09309870578693091;-0,03600212739843718;-0,44966785896780787;0,047239769294149934;0;1
2017-02-21;15;2017-02-21 15:00:00;36,68;35,7;0,9799999999999968;40468;3886;50133;23403;22550;2785;25335;27289;-853;-1101;-1954;-0,0771265048352082;-0,037827050997782705;-0,39533213644524234;0,02671755725190831;0;1
2017-02-21;16;2017-02-21 16:00:00;34,98;39,54;-4,560000000000001;40468;1926;50133;20930;20678;1289;21967;22856;-252;-637;-889;-0,040469795602494654;-0,012186865267433988;-0,49418153607447635;-0,130360205831904;0;1
2017-02-21;17;2017-02-21 17:00:00;39,9;49,49;-9,590000000000003;40468;274;50133;18836;19272;158;19430;19110;436;-116;320;0,016469377251672673;0,02262349522623495;-0,7341772151898734;-0,24035087719298254;0;1
2017-02-21;18;2017-02-21 18:00:00;57,42;56,87;0,5500000000000043;40468;3;50133;18139;18244;0;18244;18142;105;-3;102;0,005590879193159395;0,005755316816487613;-inf;0,009578544061302756;0;1
2017-02-21;19;2017-02-21 19:00:00;45,8;47,0;-1,2000000000000028;40468;0;50133;18227;17674;0;17674;18227;-553;0;-553;-0,031288898947606655;-0,031288898947606655;;-0,02620087336244548;0;1
2017-02-21;20;2017-02-21 20:00:00;46,14;41,01;5,130000000000003;40468;0;50133;19100;17722;0;17722;19100;-1378;0;-1378;-0,07775646089606139;-0,07775646089606139;;0,111183355006502;0;1
2017-02-21;21;2017-02-21 21:00:00;40,0;31,2;8,8;40468;0;50133;20200;18096;0;18096;20200;-2104;0;-2104;-0,11626878868258178;-0,11626878868258178;;0,22000000000000003;0;1
2017-02-21;22;2017-02-21 22:00:00;34,25;28,73;5,52;40468;0;50133;21023;19035;0;19035;21023;-1988;0;-1988;-0,10443919096401366;-0,10443919096401366;;0,16116788321167883;0;1
2017-02-21;23;2017-02-21 23:00:00;30,03;25,01;5,02;40468;0;50133;22387;20503;0;20503;22387;-1884;0;-1884;-0,09188899185485051;-0,09188899185485051;;0,16716616716616714;0;1
2017-02-22;0;2017-02-22 00:00:00;22,92;14,86;8,060000000000002;40471;0;50159;24268;24376;0;24376;24268;108;0;108;0,004430587463078438;0,004430587463078438;;0,35165794066317635;0;2
2017-02-22;1;2017-02-22 01:00:00;10,26;6,72;3,54;40471;0;50159;26394;26565;0;26565;26394;171;0;171;0,0064370412196499156;0,0064370412196499156;;0,3450292397660819;0;2
2017-02-22;2;2017-02-22 02:00:00;9,5;2,21;7,29;40471;0;50159;28930;29094;0;29094;28930;164;0;164;0,005636901079260329;0,005636901079260329;;0,7673684210526316;0;2
2017-02-22;3;2017-02-22 03:00:00;7,66;-1,42;9,08;40471;0;50159;31704;31649;0;31649;31704;-55;0;-55;-0,0017378116212202598;-0,0017378116212202598;;1,185378590078329;0;2
2017-02-22;4;2017-02-22 04:00:00;5,03;-1,32;6,3500000000000005;40471;0;50159;33588;33482;0;33482;33588;-106;0;-106;-0,0031658801744220777;-0,0031658801744220777;;1,2624254473161034;0;2
2017-02-22;5;2017-02-22 05:00:00;7,68;-4,37;12,05;40471;0;50159;35349;34575;0;34575;35349;-774;0;-774;-0,022386117136659434;-0,022386117136659434;;1,5690104166666667;0;2
2017-02-22;6;2017-02-22 06:00:00;21,52;4,63;16,89;40471;0;50159;36981;35400;0;35400;36981;-1581;0;-1581;-0,04466101694915254;-0,04466101694915254;;0,7848513011152417;0;2
2017-02-22;7;2017-02-22 07:00:00;31,86;18,36;13,5;40471;89;50159;37503;35996;94;36090;37592;-1507;5;-1502;-0,04161817678027154;-0,04186576286254028;0,05319148936170213;0,423728813559322;0;2
2017-02-22;8;2017-02-22 08:00:00;32,51;23,26;9,249999999999996;40471;876;50159;37087;36175;628;36803;37963;-912;-248;-1160;-0,03151916963291036;-0,025210780926053906;-0,39490445859872614;0,28452783758843425;0;2
2017-02-22;9;2017-02-22 09:00:00;32,51;25,04;7,469999999999999;40471;2229;50159;37116;36172;1449;37621;39345;-944;-780;-1724;-0,045825469817389226;-0,026097534004202144;-0,5383022774327122;0,2297754537065518;0;2
2017-02-22;10;2017-02-22 10:00:00;32,29;27,3;4,989999999999998;40471;3405;50159;37134;36027;2302;38329;40539;-1107;-1103;-2210;-0,05765869185212241;-0,030726954783912065;-0,4791485664639444;0,15453700836172185;0;2
2017-02-22;11;2017-02-22 11:00:00;32,96;27,16;5,800000000000002;40471;3821;50159;37044;35855;2956;38811;40865;-1189;-865;-2054;-0,052923140346808895;-0,03316134430344443;-0,29262516914749664;0,1759708737864078;0;2
2017-02-22;12;2017-02-22 12:00:00;32,01;27,08;4,93;40471;4040;50159;36966;35716;3289;39005;41006;-1250;-751;-2001;-0,051301115241635685;-0,03499832008063613;-0,22833688051079357;0,15401437050921588;0;2
2017-02-22;13;2017-02-22 13:00:00;30,94;28,2;2,740000000000002;40471;3950;50159;36496;35494;3299;38793;40446;-1002;-651;-1653;-0,04261078029541412;-0,02823012340113822;-0,19733252500757806;0,08855850032320627;0;2
2017-02-22;14;2017-02-22 14:00:00;29,94;28,17;1,7699999999999996;40471;3279;50159;35744;35005;2999;38004;39023;-739;-280;-1019;-0,026812967056099358;-0,021111269818597345;-0,09336445481827275;0,059118236472945875;0;2
2017-02-22;15;2017-02-22 15:00:00;31,28;31,51;-0,23000000000000045;40471;2290;50159;35404;34479;2215;36694;37694;-925;-75;-1000;-0,027252411838447704;-0,026827924243742567;-0,033860045146726865;-0,007352941176470603;0;2
2017-02-22;16;2017-02-22 16:00:00;31,24;28,67;2,5699999999999967;40471;1135;50159;35508;33901;1081;34982;36643;-1607;-54;-1661;-0,04748156194614373;-0,04740273148284711;-0,04995374653098982;0,0822663252240716;0;2
2017-02-22;17;2017-02-22 17:00:00;32,48;26,56;5,919999999999997;40471;161;50159;35255;33360;156;33516;35416;-1895;-5;-1900;-0,05668934240362812;-0,05680455635491607;-0,03205128205128205;0,1822660098522167;0;2
2017-02-22;18;2017-02-22 18:00:00;35,93;24,34;11,59;40471;3;50159;34996;32900;0;32900;34999;-2096;-3;-2099;-0,06379939209726444;-0,06370820668693009;-inf;0,3225716671305316;0;2
2017-02-22;19;2017-02-22 19:00:00;34,05;22,63;11,419999999999998;40471;0;50159;34780;32571;0;32571;34780;-2209;0;-2209;-0,06782106782106782;-0,06782106782106782;;0,33538913362701905;0;2
2017-02-22;20;2017-02-22 20:00:00;31,65;16,85;14,799999999999995;40471;0;50159;34260;32436;0;32436;34260;-1824;0;-1824;-0,05623381428042915;-0,05623381428042915;;0,4676145339652447;0;2
2017-02-22;21;2017-02-22 21:00:00;23,45;10,03;13,42;40471;0;50159;33023;32284;0;32284;33023;-739;0;-739;-0,022890595960847478;-0,022890595960847478;;0,5722814498933902;0;2
2017-02-22;22;2017-02-22 22:00:00;10,26;6,55;3,71;40471;0;50159;32013;31954;0;31954;32013;-59;0;-59;-0,0018464042060461915;-0,0018464042060461915;;0,361598440545809;0;2
2017-02-22;23;2017-02-22 23:00:00;9,47;4,69;4,78;40471;0;50159;31781;31402;0;31402;31781;-379;0;-379;-0,012069294949366283;-0,012069294949366283;;0,5047518479408659;0;2
2017-02-23;0;2017-02-23 00:00:00;-6,58;6,5;-13,08;40475;0;50194;31222;33961;0;33961;31222;2739;0;2739;0,08065133535526045;0,08065133535526045;;1,9878419452887537;0;3
2017-02-23;1;2017-02-23 01:00:00;-5,03;4,45;-9,48;40475;0;50194;30408;33251;0;33251;30408;2843;0;2843;0,08550118793419746;0,08550118793419746;;1,8846918489065607;0;3
2017-02-23;2;2017-02-23 02:00:00;0,01;8,73;-8,72;40475;0;50194;29069;31897;0;31897;29069;2828;0;2828;0,08866037558391071;0,08866037558391071;;-872,0;0;3
2017-02-23;3;2017-02-23 03:00:00;7,03;13,25;-6,22;40475;0;50194;27152;30142;0;30142;27152;2990;0;2990;0,09919713356777918;0,09919713356777918;;-0,8847795163584636;0;3
2017-02-23;4;2017-02-23 04:00:00;9,44;14,92;-5,48;40475;0;50194;24663;27620;0;27620;24663;2957;0;2957;0,10706010137581462;0,10706010137581462;;-0,5805084745762713;0;3
2017-02-23;5;2017-02-23 05:00:00;25,53;26,15;-0,6199999999999974;40475;0;50194;23451;24252;0;24252;23451;801;0;801;0,03302820385947551;0,03302820385947551;;-0,024285154719937228;0;3
2017-02-23;6;2017-02-23 06:00:00;35,0;37,18;-2,18;40475;0;50194;22237;20862;0;20862;22237;-1375;0;-1375;-0,06590930879110345;-0,06590930879110345;;-0,06228571428571429;0;3
2017-02-23;7;2017-02-23 07:00:00;46,01;50,05;-4,039999999999999;40475;213;50194;20624;17802;233;18035;20837;-2822;20;-2802;-0,15536456889381758;-0,15852151443658016;0,08583690987124463;-0,0878069984785916;0;3
2017-02-23;8;2017-02-23 08:00:00;48,5;43,51;4,990000000000002;40475;1838;50194;19605;15979;1718;17697;21443;-3626;-120;-3746;-0,21167429507826185;-0,22692283622254208;-0,06984866123399301;0,10288659793814436;0;3
2017-02-23;9;2017-02-23 09:00:00;46,41;43,05;3,3599999999999994;40475;4656;50194;19785;15077;3929;19006;24441;-4708;-727;-5435;-0,2859623276859939;-0,3122637129402401;-0,18503435988801223;0,07239819004524886;0;3
2017-02-23;10;2017-02-23 10:00:00;43,36;34,36;9,0;40475;6718;50194;21376;14966;6139;21105;28094;-6410;-579;-6989;-0,33115375503435207;-0,42830415608713085;-0,09431503502199055;0,20756457564575645;0;3
2017-02-23;11;2017-02-23 11:00:00;40,61;28,68;11,93;40475;7930;50194;23483;16458;7725;24183;31413;-7025;-205;-7230;-0,29897035107306785;-0,42684408798152873;-0,026537216828478965;0,293770007387343;0;3
2017-02-23;12;2017-02-23 12:00:00;32,91;24,24;8,669999999999998;40475;8223;50194;26362;18920;8382;27302;34585;-7442;159;-7283;-0,2667570141381584;-0,3933403805496829;0,01896921975662133;0,26344576116681856;0;3
2017-02-23;13;2017-02-23 13:00:00;32,4;23,35;9,049999999999997;40475;7505;50194;28955;21227;8061;29288;36460;-7728;556;-7172;-0,2448784485113357;-0,3640646346634004;0,06897407269569532;0,2793209876543209;0;3
2017-02-23;14;2017-02-23 14:00:00;31,24;21,0;10,239999999999998;40475;6215;50194;30929;23273;6859;30132;37144;-7656;644;-7012;-0,23270941192088146;-0,32896489494263736;0,09389123778976527;0,32778489116517284;0;3
2017-02-23;15;2017-02-23 15:00:00;27,68;17,61;10,07;40475;4701;50194;32368;25379;4885;30264;37069;-6989;184;-6805;-0,22485461274121069;-0,2753851609598487;0,03766632548618219;0,3638005780346821;0;3
2017-02-23;16;2017-02-23 16:00:00;27,64;15,51;12,13;40475;2318;50194;33792;27004;2442;29446;36110;-6788;124;-6664;-0,2263125721659988;-0,25137016738261;0,050778050778050775;0,4388567293777135;0;3
2017-02-23;17;2017-02-23 17:00:00;32,03;22,03;10,0;40475;400;50194;35235;27981;400;28381;35635;-7254;0;-7254;-0,2555935308833374;-0,25924734641363784;0,0;0,3122073056509522;0;3
2017-02-23;18;2017-02-23 18:00:00;32,93;26,15;6,780000000000001;40475;4;50194;35822;28872;1;28873;35826;-6950;-3;-6953;-0,24081321649984413;-0,24071765031864784;-3,0;0,20589128454296998;0;3
2017-02-23;19;2017-02-23 19:00:00;32,09;24,3;7,790000000000003;40475;0;50194;36294;29195;0;29195;36294;-7099;0;-7099;-0,24315807501284467;-0,24315807501284467;;0,24275475225927087;0;3
2017-02-23;20;2017-02-23 20:00:00;29,79;18,03;11,759999999999998;40475;0;50194;36823;29078;0;29078;36823;-7745;0;-7745;-0,26635256895247267;-0,26635256895247267;;0,39476334340382674;0;3
2017-02-23;21;2017-02-23 21:00:00;24,07;13,19;10,88;40475;0;50194;37275;29287;0;29287;37275;-7988;0;-7988;-0,27274900126335916;-0,27274900126335916;;0,4520149563772331;0;3
2017-02-23;22;2017-02-23 22:00:00;12,03;7,26;4,77;40475;0;50194;36846;29356;0;29356;36846;-7490;0;-7490;-0,255143752554844;-0,255143752554844;;0,39650872817955113;0;3
2017-02-23;23;2017-02-23 23:00:00;9,27;1,86;7,409999999999998;40475;0;50194;36397;29437;0;29437;36397;-6960;0;-6960;-0,23643713693650847;-0,23643713693650847;;0,7993527508090613;0;3
2017-02-24;0;2017-02-24 00:00:00;6,93;6,14;0,79;40480;0;50218;36452;36467;0;36467;36452;15;0;15;0,0004113307922231058;0,0004113307922231058;;0,11399711399711401;0;4
2017-02-24;1;2017-02-24 01:00:00;-4,99;1,81;-6,800000000000002;40480;0;50218;36655;36295;0;36295;36655;-360;0;-360;-0,009918721586995454;-0,009918721586995454;;1,3627254509018039;0;4
2017-02-24;2;2017-02-24 02:00:00;-27,08;-3,12;-23,96;40480;0;50218;35752;35797;0;35797;35752;45;0;45;0,0012570885828421376;0,0012570885828421376;;0,8847858197932054;0;4
2017-02-24;3;2017-02-24 03:00:00;-0,9;1,71;-2,61;40480;0;50218;35000;35018;0;35018;35000;18;0;18;0,0005140213604432006;0,0005140213604432006;;2,9;0;4
2017-02-24;4;2017-02-24 04:00:00;7,0;4,51;2,49;40480;0;50218;33656;33686;0;33686;33656;30;0;30;0,0008905776880603218;0,0008905776880603218;;0,35571428571428576;0;4
2017-02-24;5;2017-02-24 05:00:00;9,49;15,53;-6,039999999999999;40480;0;50218;32615;32043;0;32043;32615;-572;0;-572;-0,017851012701682115;-0,017851012701682115;;-0,6364594309799788;0;4
2017-02-24;6;2017-02-24 06:00:00;30,04;34,87;-4,829999999999998;40480;0;50218;31908;30182;1;30183;31908;-1726;1;-1725;-0,05715137660272339;-0,057186402491551255;1,0;-0,16078561917443404;0;4
2017-02-24;7;2017-02-24 07:00:00;33,44;36,26;-2,8200000000000003;40480;238;50218;29887;27685;366;28051;30125;-2202;128;-2074;-0,07393675804784143;-0,0795376557702727;0,34972677595628415;-0,08433014354066987;0;4
2017-02-24;8;2017-02-24 08:00:00;34,3;35,03;-0,730000000000004;40480;1978;50218;25965;24702;2620;27322;27943;-1263;642;-621;-0,022728936388258545;-0,05112946320136021;0,2450381679389313;-0,02128279883381936;0;4
2017-02-24;9;2017-02-24 09:00:00;33,91;36,51;-2,6000000000000014;40480;4848;50218;22794;21934;5792;27726;27642;-860;944;84;0,003029647262497295;-0,03920853469499407;0,16298342541436464;-0,07667354762606905;0;4
2017-02-24;10;2017-02-24 10:00:00;33,48;42,01;-8,530000000000001;40480;7851;50218;20790;19866;8912;28778;28641;-924;1061;137;0,004760580999374522;-0,046511627906976744;0,11905296229802513;-0,2547789725209081;0;4
2017-02-24;11;2017-02-24 11:00:00;33,18;38,61;-5,43;40480;9802;50218;20014;18523;10988;29511;29816;-1491;1186;-305;-0,010335129273830098;-0,08049452032608109;0,10793593010556972;-0,16365280289330922;0;4
2017-02-24;12;2017-02-24 12:00:00;32,49;36,62;-4,129999999999996;40480;11338;50218;19364;17190;11766;28956;30702;-2174;428;-1746;-0,060298383754662246;-0,12646887725421757;0,036375998640149586;-0,1271160357032932;0;4
2017-02-24;13;2017-02-24 13:00:00;32,41;34,23;-1,8200000000000005;40480;11501;50218;18532;15994;11396;27390;30033;-2538;-105;-2643;-0,09649507119386637;-0,15868450669000875;-0,009213759213759214;-0,05615550755939527;0;4
2017-02-24;14;2017-02-24 14:00:00;32,24;31,23;1,0100000000000016;40480;10554;50218;17462;15021;9842;24863;28016;-2441;-712;-3153;-0,12681494590355147;-0,162505825178084;-0,07234301971144076;0,031327543424317664;0;4
2017-02-24;15;2017-02-24 15:00:00;34,9;30,41;4,489999999999998;40480;7760;50218;16123;13954;7107;21061;23883;-2169;-653;-2822;-0,1339917382840321;-0,1554393005589795;-0,09188124384409736;0,12865329512893978;0;4
2017-02-24;16;2017-02-24 16:00:00;44,92;35,23;9,690000000000003;40480;4017;50218;14347;12795;3595;16390;18364;-1552;-422;-1974;-0,12043929225137279;-0,12129738178976163;-0,11738525730180807;0,21571682991985758;0;4
2017-02-24;17;2017-02-24 17:00:00;50,1;43,94;6,160000000000004;40480;648;50218;12273;11862;561;12423;12921;-411;-87;-498;-0,040086935522820576;-0,03464845725847243;-0,15508021390374332;0,12295409181636734;0;4
2017-02-24;18;2017-02-24 18:00:00;57,52;53,88;3,640000000000001;40480;5;50218;12688;11490;1;11491;12693;-1198;-4;-1202;-0,10460360281959795;-0,10426457789382071;-4,0;0,06328233657858137;0;4
2017-02-24;19;2017-02-24 19:00:00;58,19;49,39;8,799999999999997;40480;0;50218;14256;11606;0;11606;14256;-2650;0;-2650;-0,22833017404790626;-0,22833017404790626;;0,15122873345935722;0;4
2017-02-24;20;2017-02-24 20:00:00;43,94;38,22;5,719999999999999;40480;0;50218;14507;11993;0;11993;14507;-2514;0;-2514;-0,20962227966313682;-0,20962227966313682;;0,13017751479289938;0;4
2017-02-24;21;2017-02-24 21:00:00;38,06;34,16;3,9000000000000057;40480;0;50218;14530;12388;0;12388;14530;-2142;0;-2142;-0,1729092670326122;-0,1729092670326122;;0,10246978455070956;0;4
2017-02-24;22;2017-02-24 22:00:00;39,68;31,48;8,2;40480;0;50218;14690;12538;0;12538;14690;-2152;0;-2152;-0,1716382198117722;-0,1716382198117722;;0,2066532258064516;0;4
2017-02-24;23;2017-02-24 23:00:00;36,66;28,33;8,329999999999998;40480;0;50218;14337;12366;0;12366;14337;-1971;0;-1971;-0,15938864628820962;-0,15938864628820962;;0,2272231314784506;0;4
2017-02-25;0;2017-02-25 00:00:00;29,28;30,04;-0,7599999999999979;40481;0;50224;13964;12568;0;12568;13964;-1396;0;-1396;-0,11107574793125398;-0,11107574793125398;;-0,025956284153005393;0;5
2017-02-25;1;2017-02-25 01:00:00;29,09;28,89;0,1999999999999993;40481;0;50224;13840;12116;0;12116;13840;-1724;0;-1724;-0,14229118520964015;-0,14229118520964015;;0,006875214850464053;0;5
2017-02-25;2;2017-02-25 02:00:00;28,94;27,41;1,5300000000000011;40481;0;50224;13328;11651;0;11651;13328;-1677;0;-1677;-0,14393614282035877;-0,14393614282035877;;0,052868002764340054;0;5
2017-02-25;3;2017-02-25 03:00:00;29,45;27,52;1,93;40481;0;50224;12525;11125;0;11125;12525;-1400;0;-1400;-0,1258426966292135;-0,1258426966292135;;0,06553480475382004;0;5
2017-02-25;4;2017-02-25 04:00:00;29,93;27,19;2,7399999999999984;40481;0;50224;12185;10684;0;10684;12185;-1501;0;-1501;-0,1404904530138525;-0,1404904530138525;;0,0915469428666889;0;5
2017-02-25;5;2017-02-25 05:00:00;29,53;26,87;2,66;40481;0;50224;11572;10355;0;10355;11572;-1217;0;-1217;-0,11752776436504105;-0,11752776436504105;;0,09007788689468338;0;5
2017-02-25;6;2017-02-25 06:00:00;32,87;29,56;3,3099999999999987;40481;0;50224;11441;10048;2;10050;11441;-1393;2;-1391;-0,13840796019900498;-0,13863455414012738;1,0;0,10069972619409794;0;5
2017-02-25;7;2017-02-25 07:00:00;41,48;34,95;6,529999999999994;40481;600;50224;11586;9656;646;10302;12186;-1930;46;-1884;-0,18287711124053582;-0,19987572493786246;0,07120743034055728;0,15742526518804228;0;5
2017-02-25;8;2017-02-25 08:00:00;41,99;32,26;9,730000000000004;40481;4174;50224;11551;9334;3817;13151;15725;-2217;-357;-2574;-0,19572656071781613;-0,23751874866080994;-0,09352894943673042;0,23172183853298411;0;5
2017-02-25;9;2017-02-25 09:00:00;40,44;29,85;10,589999999999996;40481;9016;50224;11324;9406;7922;17328;20340;-1918;-1094;-3012;-0,17382271468144045;-0,20391239634275993;-0,13809644029285534;0,2618694362017803;0;5
2017-02-25;10;2017-02-25 10:00:00;37,13;25,84;11,290000000000004;40481;13366;50224;11364;10215;11537;21752;24730;-1149;-1829;-2978;-0,1369069510849577;-0,11248164464023495;-0,15853341423246944;0,3040667923511986;0;5
2017-02-25;11;2017-02-25 11:00:00;32,04;21,68;10,36;40481;15972;50224;13003;11736;13914;25650;28975;-1267;-2058;-3325;-0,12962962962962962;-0,10795841854124062;-0,14790858128503664;0,3233458177278402;0;5
2017-02-25;12;2017-02-25 12:00:00;29,46;17,85;11,61;40481;15982;50224;15358;13463;14500;27963;31340;-1895;-1482;-3377;-0,12076672746128814;-0,1407561464755255;-0,10220689655172414;0,3940936863543788;0;5
2017-02-25;13;2017-02-25 13:00:00;28,01;10,96;17,05;40481;14674;50224;16958;15099;13266;28365;31632;-1859;-1408;-3267;-0,11517715494447382;-0,12312073647261408;-0,10613598673300166;0,6087111745805069;0;5
2017-02-25;14;2017-02-25 14:00:00;22,86;7,76;15,1;40481;11645;50224;18204;16337;10719;27056;29849;-1867;-926;-2793;-0,10323033707865169;-0,11428046765011936;-0,08638865565817706;0,6605424321959755;0;5
2017-02-25;15;2017-02-25 15:00:00;28,88;9,82;19,06;40481;7821;50224;19036;17168;7425;24593;26857;-1868;-396;-2264;-0,0920587158947668;-0,10880708294501398;-0,05333333333333334;0,659972299168975;0;5
2017-02-25;16;2017-02-25 16:00:00;30,16;19,51;10,65;40481;3744;50224;18724;17994;3637;21631;22468;-730;-107;-837;-0,03869446627525311;-0,04056907858174947;-0,029419851525982952;0,3531167108753316;0;5
2017-02-25;17;2017-02-25 17:00:00;38,0;28,33;9,670000000000002;40481;581;50224;19117;19061;593;19654;19698;-56;12;-44;-0,002238730029510532;-0,0029379360998898272;0,02023608768971332;0,25447368421052635;0;5
2017-02-25;18;2017-02-25 18:00:00;39,57;34,65;4,920000000000002;40481;4;50224;21164;20566;0;20566;21168;-598;-4;-602;-0,029271613342409804;-0,029077117572692796;-inf;0,12433661865049284;0;5
2017-02-25;19;2017-02-25 19:00:00;34,65;31,34;3,3099999999999987;40481;0;50224;23268;22042;0;22042;23268;-1226;0;-1226;-0,055621087015697304;-0,055621087015697304;;0,09552669552669549;0;5
2017-02-25;20;2017-02-25 20:00:00;26,01;18,03;7,98;40481;0;50224;24468;23088;0;23088;24468;-1380;0;-1380;-0,059771309771309775;-0,059771309771309775;;0,30680507497116494;0;5
2017-02-25;21;2017-02-25 21:00:00;12,94;10,06;2,879999999999999;40481;0;50224;25673;24068;0;24068;25673;-1605;0;-1605;-0,06668605617417317;-0,06668605617417317;;0,22256568778979902;0;5
2017-02-25;22;2017-02-25 22:00:00;11,91;12,86;-0,9499999999999992;40481;0;50224;26012;24766;0;24766;26012;-1246;0;-1246;-0,05031091011871114;-0,05031091011871114;;-0,07976490344248524;0;5
2017-02-25;23;2017-02-25 23:00:00;8,8;7,73;1,0700000000000005;40481;0;50224;26037;25111;0;25111;26037;-926;0;-926;-0,03687626936402374;-0,03687626936402374;;0,12159090909090914;0;5
2017-02-26;0;2017-02-26 00:00:00;7,83;10,42;-2,59;40481;0;50230;26033;26968;0;26968;26033;935;0;935;0,034670720854345895;0,034670720854345895;;-0,33077905491698595;0;6
2017-02-26;1;2017-02-26 01:00:00;3,0;8,1;-5,1;40481;0;50230;26204;26670;0;26670;26204;466;0;466;0,017472815898012747;0,017472815898012747;;-1,7;0;6
2017-02-26;2;2017-02-26 02:00:00;4,65;9,01;-4,3599999999999985;40481;0;50230;26186;26243;0;26243;26186;57;0;57;0,002172007773501505;0,002172007773501505;;-0,9376344086021502;0;6
2017-02-26;3;2017-02-26 03:00:00;7,74;5,7;2,04;40481;0;50230;25910;25726;0;25726;25910;-184;0;-184;-0,007152297286791572;-0,007152297286791572;;0,26356589147286824;0;6
2017-02-26;4;2017-02-26 04:00:00;8,02;0,89;7,13;40481;0;50230;25350;25238;0;25238;25350;-112;0;-112;-0,004437752595292812;-0,004437752595292812;;0,8890274314214465;0;6
2017-02-26;5;2017-02-26 05:00:00;8,95;-1,33;10,28;40481;0;50230;24508;24836;0;24836;24508;328;0;328;0,013206635529070703;0,013206635529070703;;1,1486033519553074;0;6
2017-02-26;6;2017-02-26 06:00:00;7,83;1,7;6,13;40481;0;50230;24284;24484;0;24484;24284;200;0;200;0,008168599901976801;0,008168599901976801;;0,7828863346104725;0;6
2017-02-26;7;2017-02-26 07:00:00;7,84;4,11;3,73;40481;270;50230;23873;24191;292;24483;24143;318;22;340;0,01388718702773353;0,013145384647182836;0,07534246575342465;0,475765306122449;0;6
2017-02-26;8;2017-02-26 08:00:00;9,63;10,2;-0,5699999999999985;40481;1880;50230;24420;23963;1655;25618;26300;-457;-225;-682;-0,026621906472011868;-0,01907106789634019;-0,13595166163141995;-0,059190031152647815;0;6
2017-02-26;9;2017-02-26 09:00:00;10,36;11,21;-0,8500000000000014;40481;3983;50230;24337;23795;3378;27173;28320;-542;-605;-1147;-0,04221101829021455;-0,02277789451565455;-0,17910005920663113;-0,08204633204633219;0;6
2017-02-26;10;2017-02-26 10:00:00;12,91;11,14;1,7699999999999996;40481;6381;50230;24288;23583;4878;28461;30669;-705;-1503;-2208;-0,07757984610519658;-0,029894415468769878;-0,3081180811808118;0,1371030209140201;0;6
2017-02-26;11;2017-02-26 11:00:00;12,98;10,21;2,77;40481;8716;50230;24138;23309;5960;29269;32854;-829;-2756;-3585;-0,12248453995695104;-0,0355656613325325;-0,46241610738255035;0,21340523882896764;0;6
2017-02-26;12;2017-02-26 12:00:00;9,92;5,04;4,88;40481;9908;50230;24553;22945;6545;29490;34461;-1608;-3363;-4971;-0,16856561546286877;-0,07008062758770973;-0,5138273491214668;0,49193548387096775;0;6
2017-02-26;13;2017-02-26 13:00:00;9,75;-12,86;22,61;40481;9847;50230;23604;22323;6422;28745;33451;-1281;-3425;-4706;-0,1637154287702209;-0,05738476011288805;-0,5333229523512925;2,318974358974359;0;6
2017-02-26;14;2017-02-26 14:00:00;9,98;-10,89;20,87;40481;8540;50230;24017;21419;5569;26988;32557;-2598;-2971;-5569;-0,20635097080183784;-0,1212941780662029;-0,5334889567247262;2,091182364729459;0;6
2017-02-26;15;2017-02-26 15:00:00;10,4;-5,51;15,91;40481;6107;50230;22522;20564;4084;24648;28629;-1958;-2023;-3981;-0,1615141187925998;-0,09521493872787395;-0,4953476983349657;1,5298076923076922;0;6
2017-02-26;16;2017-02-26 16:00:00;12,78;8,52;4,26;40481;3190;50230;20577;20006;2120;22126;23767;-571;-1070;-1641;-0,07416613938353069;-0,028541437568729382;-0,5047169811320755;0,3333333333333333;0;6
2017-02-26;17;2017-02-26 17:00:00;28,0;29,35;-1,3500000000000014;40481;634;50230;19006;20022;397;20419;19640;1016;-237;779;0,038150741956021354;0,05074418140045949;-0,5969773299748111;-0,048214285714285765;0;6
2017-02-26;18;2017-02-26 18:00:00;31,76;32,63;-0,870000000000001;40481;4;50230;18836;20359;0;20359;18840;1523;-4;1519;0,07461073726607398;0,07480721057026377;-inf;-0,027392947103274588;0;6
2017-02-26;19;2017-02-26 19:00:00;30,96;32,19;-1,2299999999999969;40481;0;50230;19529;20923;0;20923;19529;1394;0;1394;0,06662524494575348;0,06662524494575348;;-0,03972868217054253;0;6
2017-02-26;20;2017-02-26 20:00:00;25,34;32,17;-6,830000000000003;40481;0;50230;20213;21467;0;21467;20213;1254;0;1254;0,05841524199934783;0,05841524199934783;;-0,26953433307024477;0;6
2017-02-26;21;2017-02-26 21:00:00;23,86;27,74;-3,879999999999999;40481;0;50230;20638;21847;0;21847;20638;1209;0;1209;0,05533940586808257;0,05533940586808257;;-0,162615255658005;0;6
2017-02-26;22;2017-02-26 22:00:00;20,86;30,47;-9,61;40481;0;50230;19626;21968;0;21968;19626;2342;0;2342;0,1066096139839767;0,1066096139839767;;-0,46069031639501434;0;6
2017-02-26;23;2017-02-26 23:00:00;10,35;24,91;-14,56;40481;0;50230;19394;21815;0;21815;19394;2421;0;2421;0,11097868439147375;0,11097868439147375;;-1,4067632850241547;0;6
2017-02-27;0;2017-02-27 00:00:00;22,01;28,18;-6,169999999999997;40485;0;50276;19128;22040;0;22040;19128;2912;0;2912;0,13212341197822142;0,13212341197822142;;-0,28032712403452964;0;0
2017-02-27;1;2017-02-27 01:00:00;15,48;27,06;-11,579999999999998;40485;0;50276;18887;21764;0;21764;18887;2877;0;2877;0,1321907737548245;0,1321907737548245;;-0,7480620155038759;0;0
2017-02-27;2;2017-02-27 02:00:00;12,54;25,76;-13,220000000000002;40485;0;50276;19232;21481;0;21481;19232;2249;0;2249;0,10469717424700899;0,10469717424700899;;-1,054226475279107;0;0
2017-02-27;3;2017-02-27 03:00:00;15,59;21,19;-5,600000000000001;40485;0;50276;19042;21032;0;21032;19042;1990;0;1990;0,09461772537086345;0,09461772537086345;;-0,3592046183450931;0;0
2017-02-27;4;2017-02-27 04:00:00;18,84;21,22;-2,379999999999999;40485;0;50276;18674;20632;0;20632;18674;1958;0;1958;0,09490112446684762;0,09490112446684762;;-0,12632696390658169;0;0
2017-02-27;5;2017-02-27 05:00:00;30,11;29,24;0,870000000000001;40485;0;50276;18676;20380;0;20380;18676;1704;0;1704;0,08361138370951914;0,08361138370951914;;0,028894055131185686;0;0
2017-02-27;6;2017-02-27 06:00:00;38,66;42,28;-3,620000000000005;40485;0;50276;19593;20073;1;20074;19593;480;1;481;0,023961343030786092;0,023912718577193244;1,0;-0,09363683393688581;0;0
2017-02-27;7;2017-02-27 07:00:00;47,29;46,94;0,3500000000000014;40485;550;50276;19578;19816;537;20353;20128;238;-13;225;0,011054881344273572;0,012010496568429552;-0,024208566108007448;0,00740114189046313;0;0
2017-02-27;8;2017-02-27 08:00:00;47,52;43,06;4,460000000000001;40485;3026;50276;19860;19687;3015;22702;22886;-173;-11;-184;-0,008105012774204915;-0,008787524762533652;-0,003648424543946932;0,09385521885521887;0;0
2017-02-27;9;2017-02-27 09:00:00;39,94;39,1;0,8399999999999963;40485;6483;50276;19660;19700;6111;25811;26143;40;-372;-332;-0,01286273294331874;0,0020304568527918783;-0,06087383406971036;0,02103154732098138;0;0
2017-02-27;10;2017-02-27 10:00:00;36,87;37,76;-0,8900000000000006;40485;9654;50276;19750;20412;8741;29153;29404;662;-913;-251;-0,008609748567900387;0,03243190280227317;-0,10445029172863517;-0,02413886628695418;0;0
2017-02-27;11;2017-02-27 11:00:00;36,6;34,61;1,990000000000002;40485;12284;50276;21716;21790;10457;32247;34000;74;-1827;-1753;-0,054361646044593294;0,003396053235429096;-0,1747155015778904;0,05437158469945361;0;0
2017-02-27;12;2017-02-27 12:00:00;30,91;25,96;4,949999999999998;40485;14033;50276;23704;23282;11035;34317;37737;-422;-2998;-3420;-0,0996590611067401;-0,018125590585001287;-0,2716810149524241;0,16014234875444835;0;0
2017-02-27;13;2017-02-27 13:00:00;30,58;20,58;10,0;40485;13748;50276;23784;24334;10440;34774;37532;550;-3308;-2758;-0,07931212975211364;0,022602120489849595;-0,3168582375478927;0,3270111183780249;0;0
2017-02-27;14;2017-02-27 14:00:00;30,59;18,14;12,45;40485;12219;50276;23557;24301;8880;33181;35776;744;-3339;-2595;-0,07820740785389228;0,030616024031932844;-0,37601351351351353;0,40699575024517815;0;0
2017-02-27;15;2017-02-27 15:00:00;30,83;22,49;8,34;40485;9058;50276;24159;24127;6291;30418;33217;-32;-2767;-2799;-0,09201788414754422;-0,001326314916898081;-0,4398346844698776;0,2705157314304249;0;0
2017-02-27;16;2017-02-27 16:00:00;32,15;25,1;7,049999999999998;40485;4591;50276;24222;24242;3042;27284;28813;20;-1549;-1529;-0,05604017006304061;0,0008250144377526607;-0,5092044707429323;0,21928460342146186;0;0
2017-02-27;17;2017-02-27 17:00:00;32,89;31,05;1,84;40485;739;50276;23879;24974;517;25491;24618;1095;-222;873;0,03424738142873956;0,043845599423400335;-0,42940038684719534;0,055944055944055944;0;0
2017-02-27;18;2017-02-27 18:00:00;34,44;41,23;-6,789999999999999;40485;5;50276;24944;26174;0;26174;24949;1230;-5;1225;0,04680217009245816;0,04699319935814167;-inf;-0,19715447154471544;0;0
2017-02-27;19;2017-02-27 19:00:00;32,46;38,33;-5,869999999999997;40485;0;50276;27906;27618;0;27618;27906;-288;0;-288;-0,010427981751031936;-0,010427981751031936;;-0,18083795440542197;0;0
2017-02-27;20;2017-02-27 20:00:00;30,62;33,84;-3,2200000000000024;40485;0;50276;29175;28793;0;28793;29175;-382;0;-382;-0,013267113534539646;-0,013267113534539646;;-0,10516002612671464;0;0
2017-02-27;21;2017-02-27 21:00:00;27,05;30,59;-3,5399999999999987;40485;0;50276;30014;29670;0;29670;30014;-344;0;-344;-0,011594202898550725;-0,011594202898550725;;-0,13086876155268018;0;0
2017-02-27;22;2017-02-27 22:00:00;12,96;24,42;-11,46;40485;0;50276;29549;30204;0;30204;29549;655;0;655;0,021685869421268707;0,021685869421268707;;-0,8842592592592593;0;0
2017-02-27;23;2017-02-27 23:00:00;7,95;20,14;-12,19;40485;0;50276;29643;30273;0;30273;29643;630;0;630;0,02081062332771777;0,02081062332771777;;-1,5333333333333332;0;0
2017-02-28;0;2017-02-28 00:00:00;7,81;18,6;-10,790000000000004;40493;0;50362;29201;31193;0;31193;29201;1992;0;1992;0,06386048151828937;0,06386048151828937;;-1,3815620998719598;0;1
2017-02-28;1;2017-02-28 01:00:00;7,89;18,55;-10,66;40493;0;50362;28028;30595;0;30595;28028;2567;0;2567;0,08390259846380127;0,08390259846380127;;-1,3510773130544995;0;1
2017-02-28;2;2017-02-28 02:00:00;7,86;19,79;-11,93;40493;0;50362;27440;29699;0;29699;27440;2259;0;2259;0,0760631671100037;0,0760631671100037;;-1,5178117048346056;0;1
2017-02-28;3;2017-02-28 03:00:00;8,56;17,27;-8,709999999999999;40493;0;50362;27099;29101;0;29101;27099;2002;0;2002;0,0687948867736504;0,0687948867736504;;-1,0175233644859811;0;1
2017-02-28;4;2017-02-28 04:00:00;9,79;17,68;-7,8900000000000015;40493;0;50362;27210;28694;0;28694;27210;1484;0;1484;0,05171812922562208;0,05171812922562208;;-0,8059244126659859;0;1
2017-02-28;5;2017-02-28 05:00:00;10,34;19,16;-8,82;40493;0;50362;28665;28481;0;28481;28665;-184;0;-184;-0,006460447315754362;-0,006460447315754362;;-0,8529980657640233;0;1
2017-02-28;6;2017-02-28 06:00:00;28,99;31,17;-2,1800000000000037;40493;0;50362;30790;28393;1;28394;30790;-2397;1;-2396;-0,08438402479397056;-0,08442221674356355;1,0;-0,07519834425664035;0;1
2017-02-28;7;2017-02-28 07:00:00;32,86;31,09;1,7699999999999996;40493;266;50362;30239;28250;454;28704;30505;-1989;188;-1801;-0,06274386845039019;-0,0704070796460177;0,41409691629955947;0,05386488131466828;0;1
2017-02-28;8;2017-02-28 08:00:00;33,2;36,12;-2,9199999999999946;40493;1564;50362;30229;28069;2659;30728;31793;-2160;1095;-1065;-0,03465894298359802;-0,07695322241618868;0,4118089507333584;-0,08795180722891549;0;1
2017-02-28;9;2017-02-28 09:00:00;31,02;38,14;-7,120000000000001;40493;3630;50362;30624;27972;5779;33751;34254;-2652;2149;-503;-0,01490326212556665;-0,09480909480909482;0,3718636442291054;-0,22952933591231467;0;1
2017-02-28;10;2017-02-28 10:00:00;30,76;35,62;-4,859999999999996;40493;6359;50362;31574;27559;8829;36388;37933;-4015;2470;-1545;-0,04245905243486864;-0,14568743423201133;0,2797598822063654;-0,1579973992197658;0;1
2017-02-28;11;2017-02-28 11:00:00;30,57;32,43;-1,8599999999999997;40493;8362;50362;31755;26328;10389;36717;40117;-5427;2027;-3400;-0,09260015796497535;-0,20613035551504102;0,1951102127249976;-0,06084396467124631;0;1
2017-02-28;12;2017-02-28 12:00:00;32,42;31,88;0,5400000000000027;40493;8822;50362;30290;24652;9728;34380;39112;-5638;906;-4732;-0,13763816172193136;-0,22870355346422197;0,09313322368421052;0,016656384947563316;0;1
2017-02-28;13;2017-02-28 13:00:00;39,8;37,3;2,5;40493;7887;50362;27656;22526;8047;30573;35543;-5130;160;-4970;-0,1625617374807837;-0,22773683743230044;0,019883186280601466;0,0628140703517588;0;1
2017-02-28;14;2017-02-28 14:00:00;39,86;41,99;-2,1300000000000026;40493;6419;50362;24243;20381;5983;26364;30662;-3862;-436;-4298;-0,1630253375815506;-0,18949021147146852;-0,07287314056493398;-0,05343702960361271;0;1
2017-02-28;15;2017-02-28 15:00:00;39,17;46,78;-7,6099999999999985;40493;3975;50362;21219;18648;3886;22534;25194;-2571;-89;-2660;-0,11804384485666104;-0,13787001287001288;-0,02290272774060731;-0,1942813377584886;0;1
2017-02-28;16;2017-02-28 16:00:00;39,52;47,1;-7,579999999999997;40493;1574;50362;18656;17441;1880;19321;20230;-1215;306;-909;-0,04704725428290461;-0,06966343672954532;0,16276595744680852;-0,1918016194331983;0;1
2017-02-28;17;2017-02-28 17:00:00;40,13;50,46;-10,329999999999998;40493;244;50362;17438;17228;350;17578;17682;-210;106;-104;-0,005916486517237456;-0,012189459020199675;0,3028571428571429;-0,2574134064291054;0;1
2017-02-28;18;2017-02-28 18:00:00;49,2;59,99;-10,79;40493;6;50362;17874;17635;1;17636;17880;-239;-5;-244;-0,01383533681106827;-0,013552594272753049;-5,0;-0,21930894308943086;0;1
2017-02-28;19;2017-02-28 19:00:00;53,12;57,99;-4,8700000000000045;40493;0;50362;17651;18315;0;18315;17651;664;0;664;0,03625443625443626;0,03625443625443626;;-0,09167921686746996;0;1
2017-02-28;20;2017-02-28 20:00:00;39,11;50,58;-11,47;40493;0;50362;18565;19473;0;19473;18565;908;0;908;0,04662866533148462;0,04662866533148462;;-0,29327537714139607;0;1
2017-02-28;21;2017-02-28 21:00:00;38,78;45,5;-6,719999999999999;40493;0;50362;19960;20887;0;20887;19960;927;0;927;0,044381672810839275;0,044381672810839275;;-0,17328519855595664;0;1
2017-02-28;22;2017-02-28 22:00:00;31,4;36,61;-5,210000000000001;40493;0;50362;20272;21888;0;21888;20272;1616;0;1616;0,07383040935672515;0,07383040935672515;;-0,16592356687898094;0;1
2017-02-28;23;2017-02-28 23:00:00;30,06;34,15;-4,09;40493;0;50362;21614;22367;0;22367;21614;753;0;753;0,03366566817186033;0,03366566817186033;;-0,13606121091151033;0;1
2017-03-01;0;2017-03-01 00:00:00;31,05;24,79;6,2600000000000025;40500;0;50362;23133;19996;0;19996;23133;-3137;0;-3137;-0,15688137627525506;-0,15688137627525506;;0,20161030595813212;0;2
2017-03-01;1;2017-03-01 01:00:00;29,57;22,05;7,52;40500;0;50362;23311;20693;0;20693;23311;-2618;0;-2618;-0,12651621321219736;-0,12651621321219736;;0,2543118025025363;0;2
2017-03-01;2;2017-03-01 02:00:00;28,61;24,7;3,91;40500;0;50362;22889;21116;0;21116;22889;-1773;0;-1773;-0,08396476605417692;-0,08396476605417692;;0,13666550157287663;0;2
2017-03-01;3;2017-03-01 03:00:00;25,52;24,06;1,4600000000000009;40500;0;50362;21722;21157;0;21157;21722;-565;0;-565;-0,0267051094200501;-0,0267051094200501;;0,05721003134796242;0;2
2017-03-01;4;2017-03-01 04:00:00;28,65;27,04;1,6099999999999994;40500;0;50362;20952;20806;0;20806;20952;-146;0;-146;-0,007017206575026435;-0,007017206575026435;;0,05619546247818497;0;2
2017-03-01;5;2017-03-01 05:00:00;29,98;33,88;-3,9000000000000017;40500;0;50362;20562;20190;0;20190;20562;-372;0;-372;-0,018424962852897474;-0,018424962852897474;;-0,13008672448298872;0;2
2017-03-01;6;2017-03-01 06:00:00;32,4;36,78;-4,380000000000003;40500;1;50362;20950;19770;3;19773;20951;-1180;2;-1178;-0,059576189753704545;-0,05968639352554375;0,6666666666666666;-0,13518518518518527;0;2
2017-03-01;7;2017-03-01 07:00:00;41,96;50,33;-8,369999999999997;40500;409;50362;20343;19634;503;20137;20752;-709;94;-615;-0,030540795550479217;-0,03611082815524091;0,18687872763419483;-0,19947569113441366;0;2
2017-03-01;8;2017-03-01 08:00:00;42,08;50,73;-8,649999999999999;40500;2397;50362;19491;19902;2468;22370;21888;411;71;482;0,021546714349575325;0,02065119083509195;0,028768233387358184;-0,20556083650190113;0;2
2017-03-01;9;2017-03-01 09:00:00;39,99;47,44;-7,449999999999997;40500;4912;50362;20004;20536;4811;25347;24916;532;-101;431;0,017003984692468537;0,025905726529022205;-0,020993556433173976;-0,1862965741435358;0;2
2017-03-01;10;2017-03-01 10:00:00;39,9;44,15;-4,25;40500;6971;50362;21257;21378;6757;28135;28228;121;-214;-93;-0,003305491380842367;0,005660024324071475;-0,031670859849045434;-0,10651629072681705;0;2
2017-03-01;11;2017-03-01 11:00:00;36,92;37,66;-0,7399999999999949;40500;8420;50362;21716;22395;8589;30984;30136;679;169;848;0,027368964626904208;0,030319267693681626;0,019676330189777623;-0,020043336944745256;0;2
2017-03-01;12;2017-03-01 12:00:00;31,22;34,95;-3,730000000000004;40500;8852;50362;22106;23355;10097;33452;30958;1249;1245;2494;0,07455458567499701;0,05347891243845001;0,12330395166881251;-0,11947469570787969;0;2
2017-03-01;13;2017-03-01 13:00:00;30,74;35,26;-4,52;40500;8159;50362;22471;23951;10083;34034;30630;1480;1924;3404;0,10001762942939414;0,06179282702183625;0,19081622532976297;-0,14703968770331816;0;2
2017-03-01;14;2017-03-01 14:00:00;30,83;35,91;-5,079999999999998;40500;6982;50362;22040;23885;8653;32538;29022;1845;1671;3516;0,1080582703300756;0,07724513292861629;0,19311221541661852;-0,16477457022380793;0;2
2017-03-01;15;2017-03-01 15:00:00;32,16;38,78;-6,6200000000000045;40500;5094;50362;21319;23236;6148;29384;26413;1917;1054;2971;0,10110944731826844;0,08250129110001722;0,17143786597267405;-0,20584577114427877;0;2
2017-03-01;16;2017-03-01 16:00:00;38,63;44,42;-5,789999999999999;40500;2460;50362;19363;21859;3111;24970;21823;2496;651;3147;0,126031237484982;0,11418637632096619;0,20925747348119575;-0,14988351022521354;0;2
2017-03-01;17;2017-03-01 17:00:00;46,82;53,12;-6,299999999999998;40500;503;50362;15742;20037;568;20605;16245;4295;65;4360;0,21159912642562484;0,21435344612466936;0,11443661971830986;-0,13455788124733015;0;2
2017-03-01;18;2017-03-01 18:00:00;51,99;59,31;-7,32;40500;12;50362;14711;18735;2;18737;14723;4024;-10;4014;0,21422853178203555;0,21478516146250334;-5,0;-0,14079630698211196;0;2
2017-03-01;19;2017-03-01 19:00:00;49,68;65,41;-15,729999999999995;40500;0;50362;14443;18225;0;18225;14443;3782;0;3782;0,20751714677640604;0,20751714677640604;;-0,3166264090177133;0;2
2017-03-01;20;2017-03-01 20:00:00;39,93;55,13;-15,200000000000005;40500;0;50362;14526;18378;0;18378;14526;3852;0;3852;0,20959843290891284;0,20959843290891284;;-0,38066616579013285;0;2
2017-03-01;21;2017-03-01 21:00:00;34,9;41,88;-6,980000000000004;40500;0;50362;15178;18682;0;18682;15178;3504;0;3504;0,18756021839203513;0,18756021839203513;;-0,20000000000000012;0;2
2017-03-01;22;2017-03-01 22:00:00;31,93;42,18;-10,25;40500;0;50362;15781;19168;0;19168;15781;3387;0;3387;0,1767007512520868;0,1767007512520868;;-0,3210147196993423;0;2
2017-03-01;23;2017-03-01 23:00:00;29,7;34,02;-4,320000000000004;40500;0;50362;16180;19947;0;19947;16180;3767;0;3767;0,18885045370231113;0,18885045370231113;;-0,1454545454545456;0;2
2017-03-02;0;2017-03-02 00:00:00;29,73;34,0;-4,27;40503;0;50369;16484;17493;0;17493;16484;1009;0;1009;0,0576802149431201;0,0576802149431201;;-0,14362596703666328;0;3
2017-03-02;1;2017-03-02 01:00:00;29,49;32,62;-3,129999999999999;40503;0;50369;16758;18192;0;18192;16758;1434;0;1434;0,07882585751978892;0,07882585751978892;;-0,10613767378772462;0;3
2017-03-02;2;2017-03-02 02:00:00;25,99;30,49;-4,5;40503;0;50369;17646;19303;0;19303;17646;1657;0;1657;0,08584157902916645;0,08584157902916645;;-0,17314351673720663;0;3
2017-03-02;3;2017-03-02 03:00:00;26,0;30,41;-4,41;40503;0;50369;18626;20739;0;20739;18626;2113;0;2113;0,10188533680505328;0,10188533680505328;;-0,1696153846153846;0;3
2017-03-02;4;2017-03-02 04:00:00;26,17;29,21;-3,0399999999999987;40503;0;50369;19739;22343;0;22343;19739;2604;0;2604;0,11654656939533635;0,11654656939533635;;-0,11616354604508974;0;3
2017-03-02;5;2017-03-02 05:00:00;26,04;32,81;-6,770000000000002;40503;0;50369;21166;24490;0;24490;21166;3324;0;3324;0,1357288689260923;0,1357288689260923;;-0,25998463901689717;0;3
2017-03-02;6;2017-03-02 06:00:00;31,04;35,58;-4,539999999999999;40503;1;50369;23329;26595;2;26597;23330;3266;1;3267;0,12283340226341316;0,12280503854107915;0,5;-0,14626288659793812;0;3
2017-03-02;7;2017-03-02 07:00:00;33,57;44,94;-11,369999999999996;40503;492;50369;25980;28393;499;28892;26472;2413;7;2420;0,08376021043887581;0,08498573592082556;0,014028056112224449;-0,3386952636282394;0;3
2017-03-02;8;2017-03-02 08:00:00;34,19;42,71;-8,520000000000003;40503;2933;50369;28177;30234;2776;33010;31110;2057;-157;1900;0,05755831566192063;0,06803598597605345;-0,05655619596541787;-0,2491956712489033;0;3
2017-03-02;9;2017-03-02 09:00:00;30,85;36,19;-5,339999999999995;40503;6718;50369;29877;31911;5716;37627;36595;2034;-1002;1032;0,02742711350891647;0,06373977625270283;-0,17529741077676697;-0,17309562398703388;0;3
2017-03-02;10;2017-03-02 10:00:00;26,0;29,27;-3,27;40503;10055;50369;31628;33197;8705;41902;41683;1569;-1350;219;0,005226480836236934;0,04726330692532458;-0,15508328546812178;-0,12576923076923077;0;3
2017-03-02;11;2017-03-02 11:00:00;25,08;23,38;1,6999999999999993;40503;12309;50369;32819;33928;11300;45228;45128;1109;-1009;100;0,002211019722295923;0,03268686630511672;-0,0892920353982301;0,06778309409888354;0;3
2017-03-02;12;2017-03-02 12:00:00;12,63;17,53;-4,9;40503;12936;50369;33580;34445;12480;46925;46516;865;-456;409;0,008716036228023442;0,025112498185513137;-0,03653846153846154;-0,38796516231195566;0;3
2017-03-02;13;2017-03-02 13:00:00;10,45;20,86;-10,41;40503;11949;50369;34714;34470;11993;46463;46663;-244;44;-200;-0,004304500355121279;-0,007078619089062954;0,003668806803968982;-0,9961722488038278;0;3
2017-03-02;14;2017-03-02 14:00:00;10,48;19,24;-8,759999999999998;40503;9859;50369;34892;33921;10459;44380;44751;-971;600;-371;-0,008359621451104101;-0,028625335337991213;0,05736686107658476;-0,8358778625954196;0;3
2017-03-02;15;2017-03-02 15:00:00;25,01;25,61;-0,5999999999999979;40503;7257;50369;34402;33020;7815;40835;41659;-1382;558;-824;-0,020178768213542305;-0,041853422168382795;0,07140115163147792;-0,023990403838464527;0;3
2017-03-02;16;2017-03-02 16:00:00;25,92;27,76;-1,84;40503;3791;50369;32626;31616;4187;35803;36417;-1010;396;-614;-0,017149400888193726;-0,03194585020242915;0,09457845712920945;-0,07098765432098765;0;3
2017-03-02;17;2017-03-02 17:00:00;32,17;33,83;-1,6599999999999966;40503;846;50369;30352;29899;869;30768;31198;-453;23;-430;-0,013975559022360895;-0,015151008394929597;0,026467203682393557;-0,05160087037612672;0;3
2017-03-02;18;2017-03-02 18:00:00;39,9;41,86;-1,9600000000000009;40503;13;50369;27818;28262;6;28268;27831;444;-7;437;0,015459176453940852;0,015710140825136224;-1,1666666666666667;-0,04912280701754388;0;3
2017-03-02;19;2017-03-02 19:00:00;38,91;41,87;-2,9600000000000013;40503;0;50369;26666;26960;0;26960;26666;294;0;294;0,010905044510385757;0,010905044510385757;;-0,07607298894885638;0;3
2017-03-02;20;2017-03-02 20:00:00;31,95;39,68;-7,73;40503;0;50369;25963;26218;0;26218;25963;255;0;255;0,009726142344953849;0,009726142344953849;;-0,24194053208137717;0;3
2017-03-02;21;2017-03-02 21:00:00;30,47;32,82;-2,3500000000000014;40503;0;50369;25393;25577;0;25577;25393;184;0;184;0,007193963326426086;0,007193963326426086;;-0,07712504102395804;0;3
2017-03-02;22;2017-03-02 22:00:00;29,25;30,44;-1,1900000000000013;40503;0;50369;24428;24815;0;24815;24428;387;0;387;0,015595406004432802;0,015595406004432802;;-0,04068376068376073;0;3
2017-03-02;23;2017-03-02 23:00:00;25,07;25,44;-0,37000000000000105;40503;0;50369;22854;23867;0;23867;22854;1013;0;1013;0,042443541291322745;0,042443541291322745;;-0,014758675708017593;0;3
2017-03-03;0;2017-03-03 00:00:00;27,02;27,23;-0,21000000000000085;40505;0;50372;21359;21233;0;21233;21359;-126;0;-126;-0,005934159091979466;-0,005934159091979466;;-0,007772020725388633;0;4
2017-03-03;1;2017-03-03 01:00:00;26,47;28,43;-1,9600000000000009;40505;0;50372;19239;19798;0;19798;19239;559;0;559;0,028235175270229316;0,028235175270229316;;-0,07404608991310921;0;4
2017-03-03;2;2017-03-03 02:00:00;26,03;28,47;-2,4399999999999977;40505;0;50372;17259;18191;0;18191;17259;932;0;932;0,05123412676598318;0,05123412676598318;;-0,09373799462159038;0;4
2017-03-03;3;2017-03-03 03:00:00;28,99;28,52;0,4699999999999989;40505;0;50372;15915;16786;0;16786;15915;871;0;871;0,05188847849398308;0,05188847849398308;;0,016212487064504965;0;4
2017-03-03;4;2017-03-03 04:00:00;30,91;28,71;2,1999999999999997;40505;0;50372;15106;15824;0;15824;15106;718;0;718;0,04537411526794742;0,04537411526794742;;0,07117437722419928;0;4
2017-03-03;5;2017-03-03 05:00:00;32,36;30,39;1,9699999999999989;40505;0;50372;16103;15445;0;15445;16103;-658;0;-658;-0,04260278407251538;-0,04260278407251538;;0,06087762669962914;0;4
2017-03-03;6;2017-03-03 06:00:00;41,91;36,35;5,559999999999995;40505;4;50372;17804;15289;6;15295;17808;-2515;2;-2513;-0,1643020594965675;-0,16449735103669305;0,3333333333333333;0,13266523502743965;0;4
2017-03-03;7;2017-03-03 07:00:00;48,0;40,66;7,3400000000000025;40505;1284;50372;18240;14845;1216;16061;19524;-3395;-68;-3463;-0,21561546603573875;-0,2286965308184574;-0,05592105263157895;0,15291666666666673;0;4
2017-03-03;8;2017-03-03 08:00:00;47,57;38,49;9,079999999999998;40505;5738;50372;16994;13725;5129;18854;22732;-3269;-609;-3878;-0,20568579611753474;-0,2381785063752277;-0,11873659582764672;0,19087660290098798;0;4
2017-03-03;9;2017-03-03 09:00:00;46,5;35,76;10,740000000000002;40505;10260;50372;13997;12351;9087;21438;24257;-1646;-1173;-2819;-0,1314954753241907;-0,1332685612501012;-0,1290855067679102;0,23096774193548392;0;4
2017-03-03;10;2017-03-03 10:00:00;43,49;36,24;7,25;40505;13521;50372;11985;11255;11983;23238;25506;-730;-1538;-2268;-0,09759876065065841;-0,06486006219458018;-0,12834849369940748;0,16670498965279373;0;4
2017-03-03;11;2017-03-03 11:00:00;43,47;35,13;8,339999999999996;40505;15120;50372;11612;10473;13473;23946;26732;-1139;-1647;-2786;-0,11634510983045185;-0,10875584837200421;-0,12224448897795591;0,19185645272601787;0;4
2017-03-03;12;2017-03-03 12:00:00;41,02;33,33;7,690000000000005;40505;14907;50372;11750;9720;13333;23053;26657;-2030;-1574;-3604;-0,1563354010324036;-0,2088477366255144;-0,1180529513237831;0,18746952705997086;0;4
2017-03-03;13;2017-03-03 13:00:00;39,83;34,08;5,75;40505;13020;50372;11153;8898;11774;20672;24173;-2255;-1246;-3501;-0,169359520123839;-0,2534277365700157;-0,10582639714625446;0,14436354506653276;0;4
2017-03-03;14;2017-03-03 14:00:00;39,1;35,82;3,280000000000001;40505;10112;50372;9460;8111;9396;17507;19572;-1349;-716;-2065;-0,11795281887245102;-0,16631734681297003;-0,07620263942103023;0,08388746803069057;0;4
2017-03-03;15;2017-03-03 15:00:00;38,6;37,62;0,980000000000004;40505;6939;50372;8663;7657;6574;14231;15602;-1006;-365;-1371;-0,09633897828683859;-0,1313830481911976;-0,05552175235777305;0,025388601036269533;0;4
2017-03-03;16;2017-03-03 16:00:00;40,97;40,15;0,8200000000000003;40505;3164;50372;8230;8205;3352;11557;11394;-25;188;163;0,014104006229990482;-0,0030469226081657527;0,05608591885441527;0,020014644862094224;0;4
2017-03-03;17;2017-03-03 17:00:00;41,91;40,68;1,2299999999999969;40505;584;50372;8664;10131;683;10814;9248;1467;99;1566;0,1448122803772887;0,14480307965649986;0,14494875549048317;0,029348604151753686;0;4
2017-03-03;18;2017-03-03 18:00:00;42,18;43,67;-1,490000000000002;40505;10;50372;10432;12444;4;12448;10442;2012;-6;2006;0,1611503856041131;0,16168434586949534;-1,5;-0,035324798482693265;0;4
2017-03-03;19;2017-03-03 19:00:00;44,95;46,47;-1,5199999999999958;40505;0;50372;11776;14179;0;14179;11776;2403;0;2403;0,16947598561252555;0,16947598561252555;;-0,033815350389321375;0;4
2017-03-03;20;2017-03-03 20:00:00;41,01;43,43;-2,4200000000000017;40505;0;50372;12844;14932;0;14932;12844;2088;0;2088;0,13983391374229842;0,13983391374229842;;-0,059009997561570396;0;4
2017-03-03;21;2017-03-03 21:00:00;35,29;38,6;-3,3100000000000023;40505;0;50372;13761;15263;0;15263;13761;1502;0;1502;0,09840791456463342;0,09840791456463342;;-0,0937942759988666;0;4
2017-03-03;22;2017-03-03 22:00:00;36,25;39,52;-3,270000000000003;40505;0;50372;14150;15209;0;15209;14150;1059;0;1059;0,06962982444605167;0,06962982444605167;;-0,09020689655172423;0;4
2017-03-03;23;2017-03-03 23:00:00;34,56;36,26;-1,6999999999999955;40505;0;50372;14454;14849;0;14849;14454;395;0;395;0,02660111792039868;0,02660111792039868;;-0,04918981481481468;0;4
2017-03-04;0;2017-03-04 00:00:00;31,6;30,86;0,7400000000000021;40506;0;50378;14288;13013;0;13013;14288;-1275;0;-1275;-0,09797894413279029;-0,09797894413279029;;0,023417721518987408;0;5
2017-03-04;1;2017-03-04 01:00:00;30,25;28,93;1,3200000000000005;40506;0;50378;14285;12904;0;12904;14285;-1381;0;-1381;-0,10702107873527589;-0,10702107873527589;;0,043636363636363654;0;5
2017-03-04;2;2017-03-04 02:00:00;30,04;29,3;0,7399999999999984;40506;0;50378;13766;12809;0;12809;13766;-957;0;-957;-0,07471309235693653;-0,07471309235693653;;0,024633821571238296;0;5
2017-03-04;3;2017-03-04 03:00:00;28,44;30,19;-1,75;40506;0;50378;12844;12740;0;12740;12844;-104;0;-104;-0,00816326530612245;-0,00816326530612245;;-0,06153305203938115;0;5
2017-03-04;4;2017-03-04 04:00:00;28,26;30,14;-1,879999999999999;40506;0;50378;12821;12755;0;12755;12821;-66;0;-66;-0,005174441395531164;-0,005174441395531164;;-0,06652512384996458;0;5
2017-03-04;5;2017-03-04 05:00:00;29,22;32,39;-3,1700000000000017;40506;0;50378;12738;12833;0;12833;12738;95;0;95;0,007402789682848905;0,007402789682848905;;-0,10848733744010958;0;5
2017-03-04;6;2017-03-04 06:00:00;28,16;28,11;0,05000000000000071;40506;8;50378;12373;12847;9;12856;12381;474;1;475;0,0369477286869944;0,036895773332295476;0,1111111111111111;0,0017755681818182071;0;5
2017-03-04;7;2017-03-04 07:00:00;30,0;34,11;-4,1099999999999985;40506;1532;50378;11973;12439;1542;13981;13505;466;10;476;0,03404620556469495;0,03746281855454619;0,00648508430609598;-0,13699999999999996;0;5
2017-03-04;8;2017-03-04 08:00:00;33,96;39,7;-5,740000000000002;40506;5998;50378;11198;11478;6244;17722;17196;280;246;526;0,029680622954519807;0,024394493814253355;0,03939782190903267;-0,16902237926972916;0;5
2017-03-04;9;2017-03-04 09:00:00;39,34;40,56;-1,2199999999999989;40506;11232;50378;8594;10343;11261;21604;19826;1749;29;1778;0,08229957415293464;0,1690998743111283;0,002575259746026108;-0,031011692933401086;0;5
2017-03-04;10;2017-03-04 10:00:00;36,73;40,7;-3,9700000000000064;40506;14607;50378;6180;9086;15133;24219;20787;2906;526;3432;0,14170692431561996;0,31983270966321814;0,03475847485627437;-0,10808603321535548;0;5
2017-03-04;11;2017-03-04 11:00:00;36,69;42,39;-5,700000000000002;40506;15456;50378;5167;7963;17094;25057;20623;2796;1638;4434;0,1769565390908728;0,35112394826070575;0,09582309582309582;-0,15535568274734265;0;5
2017-03-04;12;2017-03-04 12:00:00;33,76;42,68;-8,920000000000002;40506;15705;50378;4649;7193;16948;24141;20354;2544;1243;3787;0,15687005509299531;0,3536771861532045;0,07334198725513334;-0,2642180094786731;0;5
2017-03-04;13;2017-03-04 13:00:00;31,44;42,21;-10,77;40506;13890;50378;4729;6918;15044;21962;18619;2189;1154;3343;0,15221746653310264;0,3164209309048858;0,07670832225471949;-0,3425572519083969;0;5
2017-03-04;14;2017-03-04 14:00:00;31,81;42,02;-10,210000000000004;40506;10514;50378;4770;7323;11882;19205;15284;2553;1368;3921;0,2041655818797188;0,348627611634576;0,1151321326376031;-0,32096824897830883;0;5
2017-03-04;15;2017-03-04 15:00:00;33,67;41,02;-7,350000000000001;40506;6929;50378;5024;8127;7929;16056;11953;3103;1000;4103;0,25554309915296464;0,38181370739510273;0,1261193088661874;-0,21829521829521834;0;5
2017-03-04;16;2017-03-04 16:00:00;34,9;40,34;-5,440000000000005;40506;3337;50378;6308;9439;3909;13348;9645;3131;572;3703;0,2774198381780042;0,3317088674647738;0,14632898439498593;-0,1558739255014328;0;5
2017-03-04;17;2017-03-04 17:00:00;40,44;45,34;-4,900000000000006;40506;730;50378;8726;11583;790;12373;9456;2857;60;2917;0,2357552735795684;0,24665457998791332;0,0759493670886076;-0,12116716122650856;0;5
2017-03-04;18;2017-03-04 18:00:00;44,69;49,7;-5,010000000000005;40506;11;50378;11753;13602;6;13608;11764;1849;-5;1844;0,1355085243974133;0,1359358917806205;-0,8333333333333334;-0,11210561646900885;0;5
2017-03-04;19;2017-03-04 19:00:00;47,25;50,49;-3,240000000000002;40506;0;50378;13085;14796;0;14796;13085;1711;0;1711;0,11563936198972695;0,11563936198972695;;-0,06857142857142862;0;5
2017-03-04;20;2017-03-04 20:00:00;42,01;47,86;-5,850000000000001;40506;0;50378;13003;15763;0;15763;13003;2760;0;2760;0,1750935735583328;0,1750935735583328;;-0,1392525589145442;0;5
2017-03-04;21;2017-03-04 21:00:00;35,07;40,55;-5,479999999999998;40506;0;50378;13627;16714;0;16714;13627;3087;0;3087;0,18469546487974153;0,18469546487974153;;-0,15625891074992865;0;5
2017-03-04;22;2017-03-04 22:00:00;31,87;39,63;-7,7600000000000025;40506;0;50378;13842;17457;0;17457;13842;3615;0;3615;0,20708025433923355;0,20708025433923355;;-0,24348917477251342;0;5
2017-03-04;23;2017-03-04 23:00:00;22,68;33,35;-10,670000000000002;40506;0;50378;14844;18357;0;18357;14844;3513;0;3513;0,19137113907501227;0,19137113907501227;;-0,4704585537918872;0;5
2017-03-05;0;2017-03-05 00:00:00;21,11;29,77;-8,66;40506;0;50378;16955;16385;0;16385;16955;-570;0;-570;-0,03478791577662496;-0,03478791577662496;;-0,4102321174798674;0;6
2017-03-05;1;2017-03-05 01:00:00;15,44;22,97;-7,5299999999999985;40506;0;50378;19394;17804;0;17804;19394;-1590;0;-1590;-0,08930577398337453;-0,08930577398337453;;-0,4876943005181346;0;6
2017-03-05;2;2017-03-05 02:00:00;11,56;15,38;-3,82;40506;0;50378;21624;18829;0;18829;21624;-2795;0;-2795;-0,14844123426629136;-0,14844123426629136;;-0,33044982698961933;0;6
2017-03-05;3;2017-03-05 03:00:00;10,6;4,44;6,159999999999998;40506;0;50378;20732;19774;0;19774;20732;-958;0;-958;-0,04844745625568929;-0,04844745625568929;;0,581132075471698;0;6
2017-03-05;4;2017-03-05 04:00:00;9,84;2,52;7,32;40506;0;50378;20184;20214;0;20214;20184;30;0;30;0,0014841199168892847;0,0014841199168892847;;0,7439024390243902;0;6
2017-03-05;5;2017-03-05 05:00:00;8,06;3,92;4,1400000000000015;40506;0;50378;19193;20052;0;20052;19193;859;0;859;0,04283861958906842;0,04283861958906842;;0,5136476426799009;0;6
2017-03-05;6;2017-03-05 06:00:00;9,83;10,71;-0,8800000000000008;40506;6;50378;18922;20022;8;20030;18928;1100;2;1102;0,055017473789316027;0,05493956647687544;0,25;-0,08952187182095633;0;6
2017-03-05;7;2017-03-05 07:00:00;9,13;15,98;-6,85;40506;593;50378;19652;20330;789;21119;20245;678;196;874;0,04138453525261613;0,03334972946384653;0,24841571609632446;-0,750273822562979;0;6
2017-03-05;8;2017-03-05 08:00:00;9,88;16,72;-6,839999999999997;40506;2520;50378;18862;20899;3207;24106;21382;2037;687;2724;0,11300091263585829;0,09746877841045026;0,21421889616463985;-0,692307692307692;0;6
2017-03-05;9;2017-03-05 09:00:00;11,32;24,79;-13,47;40506;5420;50378;18185;21556;6142;27698;23605;3371;722;4093;0,1477724023395191;0,15638337353868992;0,11755128622598503;-1,1899293286219081;0;6
2017-03-05;10;2017-03-05 10:00:00;9,97;30,51;-20,54;40506;8489;50378;19028;21903;8976;30879;27517;2875;487;3362;0,10887658279089349;0,13126055791444094;0,05425579322638146;-2,060180541624874;0;6
2017-03-05;11;2017-03-05 11:00:00;10,0;27,77;-17,77;40506;11353;50378;19358;21290;11307;32597;30711;1932;-46;1886;0,057858085099855815;0,09074682949741662;-0,004068276289024498;-1,777;0;6
2017-03-05;12;2017-03-05 12:00:00;10,8;20,68;-9,88;40506;12430;50378;19409;20187;12632;32819;31839;778;202;980;0,029860751394009566;0,038539654232922174;0,015991133628879037;-0,9148148148148149;0;6
2017-03-05;13;2017-03-05 13:00:00;9,96;14,26;-4,299999999999999;40506;11781;50378;17500;18527;12523;31050;29281;1027;742;1769;0,056972624798711756;0,0554326118637664;0,05925097820011179;-0,43172690763052196;0;6
2017-03-05;14;2017-03-05 14:00:00;9,4;17,59;-8,19;40506;10290;50378;14735;16319;10774;27093;25025;1584;484;2068;0,07632967925294357;0,09706477112568172;0,04492296268795248;-0,8712765957446807;0;6
2017-03-05;15;2017-03-05 15:00:00;9,96;20,88;-10,919999999999998;40506;7583;50378;12188;14311;7582;21893;19771;2123;-1;2122;0,0969259580687891;0,14834742505764797;-0,00013189132155104195;-1,0963855421686743;0;6
2017-03-05;16;2017-03-05 16:00:00;17,22;29,51;-12,290000000000004;40506;3840;50378;9570;13015;3816;16831;13410;3445;-24;3421;0,20325589685699008;0,2646945831732616;-0,006289308176100629;-0,7137049941927994;0;6
2017-03-05;17;2017-03-05 17:00:00;30,03;39,46;-9,43;40506;723;50378;8303;12965;790;13755;9026;4662;67;4729;0,34380225372591783;0,3595834940223679;0,08481012658227848;-0,314019314019314;0;6
2017-03-05;18;2017-03-05 18:00:00;33,69;47,41;-13,72;40506;18;50378;9259;13902;6;13908;9277;4643;-12;4631;0,33297382801265457;0,3339807221982449;-2,0;-0,40724250519441973;0;6
2017-03-05;19;2017-03-05 19:00:00;37,95;49,61;-11,659999999999995;40506;0;50378;10656;15076;0;15076;10656;4420;0;4420;0,29318121517643936;0,29318121517643936;;-0,30724637681159406;0;6
2017-03-05;20;2017-03-05 20:00:00;35,02;47,45;-12,43;40506;0;50378;11463;15769;0;15769;11463;4306;0;4306;0,2730674107425962;0,2730674107425962;;-0,3549400342661336;0;6
2017-03-05;21;2017-03-05 21:00:00;32,85;39,68;-6,829999999999997;40506;0;50378;12466;15997;0;15997;12466;3531;0;3531;0,22072888666624993;0,22072888666624993;;-0,20791476407914755;0;6
2017-03-05;22;2017-03-05 22:00:00;32,92;40,67;-7,75;40506;0;50378;12256;15633;0;15633;12256;3377;0;3377;0,21601739909166506;0,21601739909166506;;-0,23541919805589306;0;6
2017-03-05;23;2017-03-05 23:00:00;31,67;38,73;-7,059999999999995;40506;0;50378;11787;14814;0;14814;11787;3027;0;3027;0,20433373835560956;0,20433373835560956;;-0,2229239027470791;0;6
2017-03-06;0;2017-03-06 00:00:00;31,24;29,3;1,9399999999999975;40509;0;50393;11059;11353;0;11353;11059;294;0;294;0,025896238879591298;0,025896238879591298;;0,06209987195902681;0;0
2017-03-06;1;2017-03-06 01:00:00;29,04;29,21;-0,1700000000000017;40509;0;50393;10505;10718;0;10718;10505;213;0;213;0,019873110654972943;0,019873110654972943;;-0,005853994490358186;0;0
2017-03-06;2;2017-03-06 02:00:00;27,99;27,65;0,33999999999999986;40509;0;50393;9874;10352;0;10352;9874;478;0;478;0,04617465224111283;0,04617465224111283;;0,012147195426938187;0;0
2017-03-06;3;2017-03-06 03:00:00;25,35;25,42;-0,07000000000000027;40509;0;50393;9949;10083;0;10083;9949;134;0;134;0,013289695527124864;0,013289695527124864;;-0,002761341222879695;0;0
2017-03-06;4;2017-03-06 04:00:00;27,3;26,5;0,8000000000000007;40509;0;50393;10048;9853;0;9853;10048;-195;0;-195;-0,019790926621333603;-0,019790926621333603;;0,02930402930402933;0;0
2017-03-06;5;2017-03-06 05:00:00;29,07;27,82;1,25;40509;0;50393;10012;9630;0;9630;10012;-382;0;-382;-0,03966770508826584;-0,03966770508826584;;0,042999656002751976;0;0
2017-03-06;6;2017-03-06 06:00:00;34,98;35,26;-0,28000000000000114;40509;10;50393;10542;9547;8;9555;10552;-995;-2;-997;-0,1043432757718472;-0,10422122132607102;-0,25;-0,008004574042309925;0;0
2017-03-06;7;2017-03-06 07:00:00;42,4;45,13;-2,730000000000004;40509;673;50393;10443;9633;720;10353;11116;-810;47;-763;-0,07369844489519946;-0,08408595453129866;0,06527777777777778;-0,06438679245283029;0;0
2017-03-06;8;2017-03-06 08:00:00;44,28;45,89;-1,6099999999999994;40509;2572;50393;10359;9782;2720;12502;12931;-577;148;-429;-0,03431450967845145;-0,05898589245553057;0,054411764705882354;-0,036359530261969274;0;0
2017-03-06;9;2017-03-06 09:00:00;47,03;45,64;1,3900000000000006;40509;5155;50393;9922;9935;4857;14792;15077;13;-298;-285;-0,019267171444023797;0,0013085052843482636;-0,061354745727815525;0,029555602806719126;0;0
2017-03-06;10;2017-03-06 10:00:00;46,58;45,36;1,2199999999999989;40509;7026;50393;9891;9902;6674;16576;16917;11;-352;-341;-0,020571911196911197;0,001110886689557665;-0,05274198381780042;0,02619149849720908;0;0
2017-03-06;11;2017-03-06 11:00:00;46,36;44,7;1,6599999999999966;40509;7532;50393;9774;9540;8127;17667;17306;-234;595;361;0,020433576724967453;-0,024528301886792454;0,07321274763135228;0,03580672993960303;0;0
2017-03-06;12;2017-03-06 12:00:00;43,92;46,87;-2,949999999999996;40509;7672;50393;9646;9158;8896;18054;17318;-488;1224;736;0,04076658912152432;-0,05328674383053068;0,13758992805755396;-0,06716757741347897;0;0
2017-03-06;13;2017-03-06 13:00:00;39,9;46,54;-6,6400000000000015;40509;7448;50393;9278;8753;8771;17524;16726;-525;1323;798;0,04553754850490756;-0,05997943562207243;0,15083798882681565;-0,16641604010025066;0;0
2017-03-06;14;2017-03-06 14:00:00;36,07;42,9;-6,829999999999997;40509;6289;50393;8893;8401;7651;16052;15182;-492;1362;870;0,054198853725392473;-0,05856445661230806;0,17801594562802248;-0,18935403382312163;0;0
2017-03-06;15;2017-03-06 15:00:00;39,9;43,41;-3,509999999999998;40509;4557;50393;9243;8176;5639;13815;13800;-1067;1082;15;0,0010857763300760044;-0,13050391389432486;0,1918779925518709;-0,08796992481203003;0;0
2017-03-06;16;2017-03-06 16:00:00;42,91;44,96;-2,0500000000000043;40509;2549;50393;9506;8118;3040;11158;12055;-1388;491;-897;-0,08039075103065066;-0,1709780734170978;0,16151315789473683;-0,04777441155907724;0;0
2017-03-06;17;2017-03-06 17:00:00;46,15;45,17;0,9799999999999968;40509;656;50393;10148;8234;698;8932;10804;-1914;42;-1872;-0,2095835199283475;-0,2324508136992956;0,06017191977077364;0,0212351029252437;0;0
2017-03-06;18;2017-03-06 18:00:00;49,59;47,32;2,270000000000003;40509;18;50393;10564;8519;8;8527;10582;-2045;-10;-2055;-0,24099917907822213;-0,24005164925460734;-1,25;0,045775357935067616;0;0
2017-03-06;19;2017-03-06 19:00:00;51,66;47,61;4,049999999999997;40509;0;50393;11362;8772;0;8772;11362;-2590;0;-2590;-0,2952576379388965;-0,2952576379388965;;0,07839721254355396;0;0
2017-03-06;20;2017-03-06 20:00:00;46,05;39,3;6,75;40509;0;50393;11781;8766;0;8766;11781;-3015;0;-3015;-0,34394250513347024;-0,34394250513347024;;0,1465798045602606;0;0
2017-03-06;21;2017-03-06 21:00:00;37,4;32,2;5,199999999999996;40509;0;50393;11751;8591;0;8591;11751;-3160;0;-3160;-0,36782679548364566;-0,36782679548364566;;0,1390374331550801;0;0
2017-03-06;22;2017-03-06 22:00:00;35,0;31,57;3,43;40509;0;50393;11106;8315;0;8315;11106;-2791;0;-2791;-0,33565844858689114;-0,33565844858689114;;0,098;0;0
2017-03-06;23;2017-03-06 23:00:00;31,93;29,82;2,1099999999999994;40509;0;50393;10423;7972;0;7972;10423;-2451;0;-2451;-0,307451078775715;-0,307451078775715;;0,06608205449420605;0;0
2017-03-07;0;2017-03-07 00:00:00;31,07;31,35;-0,28000000000000114;40513;0;50409;9759;8693;0;8693;9759;-1066;0;-1066;-0,12262740135741401;-0,12262740135741401;;-0,009011908593498588;0;1
2017-03-07;1;2017-03-07 01:00:00;30,01;32,19;-2,1799999999999957;40513;0;50409;9292;8468;0;8468;9292;-824;0;-824;-0,09730751062824752;-0,09730751062824752;;-0,0726424525158279;0;1
2017-03-07;2;2017-03-07 02:00:00;29,99;31,53;-1,5400000000000027;40513;0;50409;9153;8419;0;8419;9153;-734;0;-734;-0,08718375103931583;-0,08718375103931583;;-0,05135045015005011;0;1
2017-03-07;3;2017-03-07 03:00:00;29,64;30,52;-0,879999999999999;40513;0;50409;8576;8215;0;8215;8576;-361;0;-361;-0,043944004869141816;-0,043944004869141816;;-0,029689608636977022;0;1
2017-03-07;4;2017-03-07 04:00:00;30,6;31,3;-0,6999999999999993;40513;0;50409;8165;7936;0;7936;8165;-229;0;-229;-0,028855846774193547;-0,028855846774193547;;-0,022875816993464027;0;1
2017-03-07;5;2017-03-07 05:00:00;32,98;33,88;-0,9000000000000057;40513;0;50409;7714;7504;0;7504;7714;-210;0;-210;-0,027985074626865673;-0,027985074626865673;;-0,027289266221952872;0;1
2017-03-07;6;2017-03-07 06:00:00;36,0;35,97;0,030000000000001137;40513;7;50409;7197;7016;5;7021;7204;-181;-2;-183;-0,026064663153396953;-0,0257981755986317;-0,4;0,0008333333333333649;0;1
2017-03-07;7;2017-03-07 07:00:00;50,19;49,19;1,0;40513;311;50409;6395;6431;384;6815;6706;36;73;109;0,01599413059427733;0,005597885243352511;0,19010416666666666;0,019924287706714484;0;1
2017-03-07;8;2017-03-07 08:00:00;54,25;57,41;-3,1599999999999966;40513;1409;50409;5295;5768;1513;7281;6704;473;104;577;0,0792473561323994;0,08200416088765604;0,06873760740251157;-0,058248847926267215;0;1
2017-03-07;9;2017-03-07 09:00:00;54,1;57,1;-3,0;40513;2866;50409;4198;5120;2928;8048;7064;922;62;984;0,12226640159045726;0,180078125;0,02117486338797814;-0,05545286506469501;0;1
2017-03-07;10;2017-03-07 10:00:00;53,93;53,54;0,39000000000000057;40513;4100;50409;3279;4532;4218;8750;7379;1253;118;1371;0,1566857142857143;0,2764783759929391;0,02797534376481745;0,00723159651399964;0;1
2017-03-07;11;2017-03-07 11:00:00;51,54;51,49;0,049999999999997165;40513;5182;50409;2730;4039;5251;9290;7912;1309;69;1378;0,14833153928955867;0,3240901213171577;0,013140354218244143;0,0009701202949165147;0;1
2017-03-07;12;2017-03-07 12:00:00;49,9;50,36;-0,4600000000000009;40513;5984;50409;2466;3679;5782;9461;8450;1213;-202;1011;0,10685973998520241;0,32970916009785267;-0,034936008301625736;-0,009218436873747514;0;1
2017-03-07;13;2017-03-07 13:00:00;49,07;48,62;0,4500000000000029;40513;6582;50409;2172;3496;5732;9228;8754;1324;-850;474;0,05136540962288687;0,37871853546910755;-0,14829030006978366;0,009170572651314508;0;1
2017-03-07;14;2017-03-07 14:00:00;48,69;48,43;0,259999999999998;40513;6324;50409;2248;3397;5093;8490;8572;1149;-1231;-82;-0,009658421672555949;0,33823962319693845;-0,2417043000196348;0,005339905524748368;0;1
2017-03-07;15;2017-03-07 15:00:00;47,75;48,65;-0,8999999999999986;40513;4950;50409;2190;3285;3958;7243;7140;1095;-992;103;0,014220626812094435;0,3333333333333333;-0,25063163213744316;-0,018848167539266984;0;1
2017-03-07;16;2017-03-07 16:00:00;48,0;48,86;-0,8599999999999994;40513;2850;50409;1892;3001;2286;5287;4742;1109;-564;545;0,10308303385662947;0,36954348550483174;-0,24671916010498687;-0,017916666666666654;0;1
2017-03-07;17;2017-03-07 17:00:00;50,31;54,6;-4,289999999999999;40513;774;50409;1783;2563;591;3154;2557;780;-183;597;0,18928344958782498;0,30433086227077644;-0,3096446700507614;-0,08527131782945735;0;1
2017-03-07;18;2017-03-07 18:00:00;57,52;68,6;-11,079999999999993;40513;20;50409;1414;2174;10;2184;1434;760;-10;750;0,3434065934065934;0,34958601655933763;-1,0;-0,19262865090403325;0;1
2017-03-07;19;2017-03-07 19:00:00;61,05;65,73;-4,680000000000007;40513;0;50409;1356;1920;0;1920;1356;564;0;564;0,29375;0,29375;;-0,07665847665847678;0;1
2017-03-07;20;2017-03-07 20:00:00;51,93;53,76;-1,8299999999999983;40513;0;50409;1580;1798;0;1798;1580;218;0;218;0,12124582869855395;0,12124582869855395;;-0,03523974581166952;0;1
2017-03-07;21;2017-03-07 21:00:00;43,93;43,83;0,10000000000000142;40513;0;50409;1887;1780;0;1780;1887;-107;0;-107;-0,060112359550561795;-0,060112359550561795;;0,0022763487366264834;0;1
2017-03-07;22;2017-03-07 22:00:00;41,94;44,38;-2,440000000000005;40513;0;50409;2224;1885;0;1885;2224;-339;0;-339;-0,17984084880636605;-0,17984084880636605;;-0,0581783500238437;0;1
2017-03-07;23;2017-03-07 23:00:00;33,73;33,69;0,03999999999999915;40513;0;50409;2744;2112;0;2112;2744;-632;0;-632;-0,29924242424242425;-0,29924242424242425;;0,0011858879335902505;0;1
2017-03-08;0;2017-03-08 00:00:00;33,98;34,76;-0,7800000000000011;40516;0;50420;3013;2411;0;2411;3013;-602;0;-602;-0,24968892575694732;-0,24968892575694732;;-0,02295467922307243;0;2
2017-03-08;1;2017-03-08 01:00:00;32,76;33,29;-0,5300000000000011;40516;0;50420;3438;2698;0;2698;3438;-740;0;-740;-0,2742772424017791;-0,2742772424017791;;-0,016178266178266214;0;2
2017-03-08;2;2017-03-08 02:00:00;32,0;32,02;-0,02000000000000313;40516;0;50420;4121;3214;0;3214;4121;-907;0;-907;-0,2822028624766646;-0,2822028624766646;;-0,0006250000000000978;0;2
2017-03-08;3;2017-03-08 03:00:00;31,38;29,62;1,759999999999998;40516;0;50420;5172;3804;0;3804;5172;-1368;0;-1368;-0,35962145110410093;-0,35962145110410093;;0,0560866794136392;0;2
2017-03-08;4;2017-03-08 04:00:00;31,2;29,66;1,5399999999999991;40516;0;50420;6519;4639;0;4639;6519;-1880;0;-1880;-0,40525975425738303;-0,40525975425738303;;0,04935897435897433;0;2
2017-03-08;5;2017-03-08 05:00:00;32,06;29,56;2,500000000000004;40516;0;50420;7665;5873;0;5873;7665;-1792;0;-1792;-0,30512514898688914;-0,30512514898688914;;0,0779787897691829;0;2
2017-03-08;6;2017-03-08 06:00:00;41,04;35,32;5,719999999999999;40516;16;50420;9412;7293;15;7308;9428;-2119;-1;-2120;-0,29009304871373837;-0,2905525846702317;-0,06666666666666667;0,1393762183235867;0;2
2017-03-08;7;2017-03-08 07:00:00;49,61;42,36;7,25;40516;958;50420;11041;8724;886;9610;11999;-2317;-72;-2389;-0,24859521331945889;-0,2655891792755617;-0,08126410835214447;0,1461398911509776;0;2
2017-03-08;8;2017-03-08 08:00:00;49,93;45,05;4,880000000000003;40516;3526;50420;12800;10082;3489;13571;16326;-2718;-37;-2755;-0,20300641072875986;-0,2695893671890498;-0,01060475781026082;0,09773683156418991;0;2
2017-03-08;9;2017-03-08 09:00:00;43,44;39,97;3,469999999999999;40516;6396;50420;14164;11669;6136;17805;20560;-2495;-260;-2755;-0,15473181690536367;-0,21381437998114664;-0,0423728813559322;0,07988029465930016;0;2
2017-03-08;10;2017-03-08 10:00:00;41,0;31,26;9,739999999999998;40516;8325;50420;15752;13880;7939;21819;24077;-1872;-386;-2258;-0,10348778587469637;-0,13487031700288185;-0,0486207330898098;0,23756097560975606;0;2
2017-03-08;11;2017-03-08 11:00:00;38,1;30,43;7,670000000000003;40516;9462;50420;18236;16739;8440;25179;27698;-1497;-1022;-2519;-0,1000436871996505;-0,08943186570284964;-0,12109004739336493;0,20131233595800532;0;2
2017-03-08;12;2017-03-08 12:00:00;34,16;29,25;4,909999999999997;40516;8708;50420;20324;19727;7712;27439;29032;-597;-996;-1593;-0,0580560516053792;-0,030263091194809143;-0,129149377593361;0,143735362997658;0;2
2017-03-08;13;2017-03-08 13:00:00;33,65;30,89;2,759999999999998;40516;6707;50420;22813;21854;6151;28005;29520;-959;-556;-1515;-0,05409748259239421;-0,0438821268417681;-0,0903918062103723;0,0820208023774145;0;2
2017-03-08;14;2017-03-08 14:00:00;35,01;31,85;3,1599999999999966;40516;4992;50420;24263;22491;4224;26715;29255;-1772;-768;-2540;-0,09507767172000749;-0,07878707038370904;-0,18181818181818182;0,09025992573550405;0;2
2017-03-08;15;2017-03-08 15:00:00;33,7;32,94;0,7600000000000051;40516;3224;50420;24001;22816;2587;25403;27225;-1185;-637;-1822;-0,07172381214817147;-0,051937237026647966;-0,24623115577889448;0,02255192878338294;0;2
2017-03-08;16;2017-03-08 16:00:00;34,03;33,43;0,6000000000000014;40516;1402;50420;22985;22767;1241;24008;24387;-218;-161;-379;-0,015786404531822725;-0,00957526244125269;-0,1297340854149879;0,017631501616221023;0;2
2017-03-08;17;2017-03-08 17:00:00;35,74;38,98;-3,2399999999999953;40516;243;50420;22294;22493;297;22790;22537;199;54;253;0,011101360245721809;0,008847196905703996;0,18181818181818182;-0,09065472859541117;0;2
2017-03-08;18;2017-03-08 18:00:00;42,05;46,31;-4,260000000000005;40516;1;50420;21456;22469;3;22472;21457;1013;2;1015;0,045167319330722676;0,045084338421825625;0,6666666666666666;-0,10130796670630215;0;2
2017-03-08;19;2017-03-08 19:00:00;42,0;45,35;-3,3500000000000014;40516;0;50420;19614;21991;0;21991;19614;2377;0;2377;0,10808967304806512;0,10808967304806512;;-0,0797619047619048;0;2
2017-03-08;20;2017-03-08 20:00:00;34,15;39,18;-5,030000000000001;40516;0;50420;18321;21047;0;21047;18321;2726;0;2726;0,1295196465054402;0,1295196465054402;;-0,14729136163982434;0;2
2017-03-08;21;2017-03-08 21:00:00;31,85;36,54;-4,689999999999999;40516;0;50420;16692;20169;0;20169;16692;3477;0;3477;0,1723932768109475;0,1723932768109475;;-0,1472527472527472;0;2
2017-03-08;22;2017-03-08 22:00:00;32,14;35,41;-3,269999999999996;40516;0;50420;15187;19052;0;19052;15187;3865;0;3865;0,20286584085660297;0,20286584085660297;;-0,10174237710018656;0;2
2017-03-08;23;2017-03-08 23:00:00;28,97;31,27;-2,3000000000000007;40516;0;50420;14130;17704;0;17704;14130;3574;0;3574;0,20187528242205152;0,20187528242205152;;-0,07939247497411117;0;2
2017-03-09;0;2017-03-09 00:00:00;30,66;30,23;0,4299999999999997;40525;0;50435;12236;12502;0;12502;12236;266;0;266;0,02127659574468085;0,02127659574468085;;0,014024787997390728;0;3
2017-03-09;1;2017-03-09 01:00:00;30,56;30,19;0,36999999999999744;40525;0;50435;10208;11265;0;11265;10208;1057;0;1057;0,09383044829116734;0,09383044829116734;;0,012107329842931855;0;3
2017-03-09;2;2017-03-09 02:00:00;29,78;31,14;-1,3599999999999994;40525;0;50435;9090;10452;0;10452;9090;1362;0;1362;0,13030998851894374;0,13030998851894374;;-0,045668233713901926;0;3
2017-03-09;3;2017-03-09 03:00:00;29,3;31,51;-2,210000000000001;40525;0;50435;8352;9845;0;9845;8352;1493;0;1493;0,1516505840528187;0,1516505840528187;;-0,07542662116040959;0;3
2017-03-09;4;2017-03-09 04:00:00;29,28;30,58;-1,2999999999999972;40525;0;50435;7960;9346;0;9346;7960;1386;0;1386;0,14829873742777658;0,14829873742777658;;-0,04439890710382504;0;3
2017-03-09;5;2017-03-09 05:00:00;31,12;32,52;-1,400000000000002;40525;0;50435;7397;8788;0;8788;7397;1391;0;1391;0,15828402366863906;0,15828402366863906;;-0,044987146529563045;0;3
2017-03-09;6;2017-03-09 06:00:00;41,59;39,84;1,75;40525;10;50435;6793;8220;12;8232;6803;1427;2;1429;0,17359086491739553;0,17360097323600973;0,16666666666666666;0,04207742245732147;0;3
2017-03-09;7;2017-03-09 07:00:00;48,67;48,84;-0,1700000000000017;40525;636;50435;6334;7699;527;8226;6970;1365;-109;1256;0,1526866034524678;0,1772957526951552;-0,20683111954459202;-0,0034929114444216497;0;3
2017-03-09;8;2017-03-09 08:00:00;50,02;50,99;-0,9699999999999988;40525;2374;50435;6383;7336;1902;9238;8757;953;-472;481;0,05206754708811431;0,12990730643402398;-0,24815983175604628;-0,01939224310275887;0;3
2017-03-09;9;2017-03-09 09:00:00;49,02;46,34;2,68;40525;4715;50435;6452;7181;3738;10919;11167;729;-977;-248;-0,022712702628445828;0,10151789444367079;-0,2613697164258962;0,054671562627498976;0;3
2017-03-09;10;2017-03-09 10:00:00;48,62;43,93;4,689999999999999;40525;6057;50435;7143;7445;5641;13086;13200;302;-416;-114;-0,00871160018340211;0,04056413700470114;-0,0737457897535898;0,0964623611682435;0;3
2017-03-09;11;2017-03-09 11:00:00;47,16;43,82;3,3399999999999963;40525;6390;50435;8096;8194;7285;15479;14486;98;895;993;0,06415143097099296;0,01195997071027581;0,12285518188057652;0,07082273112807456;0;3
2017-03-09;12;2017-03-09 12:00:00;43,82;42,13;1,6899999999999975;40525;6774;50435;9163;9061;8025;17086;15937;-102;1251;1149;0,06724803933044599;-0,01125703564727955;0,15588785046728973;0,038566864445458635;0;3
2017-03-09;13;2017-03-09 13:00:00;41,85;41,91;-0,059999999999995175;40525;6884;50435;10502;9967;7759;17726;17386;-535;875;340;0,019180864267178157;-0,053677134543995184;0,1127722644670705;-0,001433691756272286;0;3
2017-03-09;14;2017-03-09 14:00:00;38,09;39,07;-0,9799999999999968;40525;6026;50435;12770;10963;6476;17439;18796;-1807;450;-1357;-0,0778140948448879;-0,16482714585423697;0,06948733786287832;-0,025728537673930078;0;3
2017-03-09;15;2017-03-09 15:00:00;36,69;35,13;1,5599999999999952;40525;4816;50435;15945;11969;4577;16546;20761;-3976;-239;-4215;-0,25474434908739274;-0,3321914946946278;-0,05221760978807079;0,042518397383483106;0;3
2017-03-09;16;2017-03-09 16:00:00;35,3;31,43;3,869999999999997;40525;2807;50435;18118;12885;2508;15393;20925;-5233;-299;-5532;-0,3593841356460729;-0,4061311602638727;-0,11921850079744817;0,1096317280453257;0;3
2017-03-09;17;2017-03-09 17:00:00;41,47;32,34;9,129999999999997;40525;917;50435;20004;13905;649;14554;20921;-6099;-268;-6367;-0,43747423388759105;-0,43861920172599783;-0,41294298921417566;0,22015915119363388;0;3
2017-03-09;18;2017-03-09 18:00:00;44,82;34,18;10,64;40525;20;50435;21940;15135;10;15145;21960;-6805;-10;-6815;-0,44998349290194783;-0,44962008589362407;-1,0;0,23739402052655065;0;3
2017-03-09;19;2017-03-09 19:00:00;42,84;31,95;10,890000000000004;40525;0;50435;24498;16466;0;16466;24498;-8032;0;-8032;-0,4877930280578161;-0,4877930280578161;;0,254201680672269;0;3
2017-03-09;20;2017-03-09 20:00:00;33,34;28,06;5,280000000000005;40525;0;50435;26524;17886;0;17886;26524;-8638;0;-8638;-0,48294755674829476;-0,48294755674829476;;0,1583683263347332;0;3
2017-03-09;21;2017-03-09 21:00:00;33,02;21,91;11,110000000000005;40525;0;50435;27336;19267;0;19267;27336;-8069;0;-8069;-0,418798982716562;-0,418798982716562;;0,3364627498485767;0;3
2017-03-09;22;2017-03-09 22:00:00;31,51;23,59;7,920000000000003;40525;0;50435;26691;20058;0;20058;26691;-6633;0;-6633;-0,3306909961112773;-0,3306909961112773;;0,25134877816566176;0;3
2017-03-09;23;2017-03-09 23:00:00;28,82;21,9;6,920000000000003;40525;0;50435;25754;20159;0;20159;25754;-5595;0;-5595;-0,27754352894488815;-0,27754352894488815;;0,24011103400416386;0;3
2017-03-10;0;2017-03-10 00:00:00;20,82;18,27;2,5500000000000007;40527;0;50435;25142;23139;0;23139;25142;-2003;0;-2003;-0,086563810017719;-0,086563810017719;;0,12247838616714701;0;4
2017-03-10;1;2017-03-10 01:00:00;18,18;14,98;3,1999999999999997;40527;0;50435;24283;22439;0;22439;24283;-1844;0;-1844;-0,08217835019385891;-0,08217835019385891;;0,176017601760176;0;4
2017-03-10;2;2017-03-10 02:00:00;12,01;13,75;-1,7400000000000002;40527;0;50435;23327;21796;0;21796;23327;-1531;0;-1531;-0,07024224628372179;-0,07024224628372179;;-0,14487926727726896;0;4
2017-03-10;3;2017-03-10 03:00:00;18,09;16,64;1,4499999999999993;40527;0;50435;22441;21006;0;21006;22441;-1435;0;-1435;-0,0683138151004475;-0,0683138151004475;;0,08015478164731893;0;4
2017-03-10;4;2017-03-10 04:00:00;26,96;21,28;5,68;40527;0;50435;21304;19934;0;19934;21304;-1370;0;-1370;-0,06872679843483495;-0,06872679843483495;;0,21068249258160235;0;4
2017-03-10;5;2017-03-10 05:00:00;28,59;29,12;-0,5300000000000011;40527;0;50435;19378;18761;0;18761;19378;-617;0;-617;-0,03288737274132509;-0,03288737274132509;;-0,018537950332284055;0;4
2017-03-10;6;2017-03-10 06:00:00;31,9;36,38;-4,480000000000004;40527;19;50435;18373;17708;21;17729;18392;-665;2;-663;-0,037396356252467705;-0,03755364806866953;0,09523809523809523;-0,14043887147335438;0;4
2017-03-10;7;2017-03-10 07:00:00;41,98;44,53;-2,5500000000000043;40527;1057;50435;16938;17048;1006;18054;17995;110;-51;59;0,0032679738562091504;0,006452369779446269;-0,05069582504970179;-0,06074321105288243;0;4
2017-03-10;8;2017-03-10 08:00:00;41,93;42,37;-0,4399999999999977;40527;4213;50435;15601;16849;3745;20594;19814;1248;-468;780;0,03787510925512285;0,07406967772568104;-0,12496662216288384;-0,010493679942761692;0;4
2017-03-10;9;2017-03-10 09:00:00;36,96;38,41;-1,4499999999999955;40527;8058;50435;14821;16837;7033;23870;22879;2016;-1025;991;0,04151654796816087;0,1197362950644414;-0,1457415043366984;-0,03923160173160161;0;4
2017-03-10;10;2017-03-10 10:00:00;33,02;34,02;-1,0;40527;11109;50435;14833;16718;9933;26651;25942;1885;-1176;709;0,02660312933848636;0,11275272161741835;-0,11839323467230443;-0,03028467595396729;0;4
2017-03-10;11;2017-03-10 11:00:00;32,09;34,13;-2,039999999999999;40527;13840;50435;14543;16283;12152;28435;28383;1740;-1688;52;0,0018287321962370318;0,10685991524903274;-0,13890717577353523;-0,0635712059831723;0;4
2017-03-10;12;2017-03-10 12:00:00;31,51;32,34;-0,8300000000000018;40527;15813;50435;14194;15626;13588;29214;30007;1432;-2225;-793;-0,027144519750804407;0,09164213490336619;-0,1637474241978216;-0,026340844176451977;0;4
2017-03-10;13;2017-03-10 13:00:00;31,31;31,02;0,28999999999999915;40527;16071;50435;13644;14829;13799;28628;29715;1185;-2272;-1087;-0,03796981975688137;0,07991098523164071;-0,1646496122907457;0,009262216544235043;0;4
2017-03-10;14;2017-03-10 14:00:00;31,26;29,91;1,3500000000000014;40527;14348;50435;12908;13713;12693;26406;27256;805;-1655;-850;-0,03218965386654548;0,058703420112302195;-0,13038682738517293;0,043186180422264915;0;4
2017-03-10;15;2017-03-10 15:00:00;32,11;30,81;1,3000000000000007;40527;10864;50435;11336;12308;9702;22010;22200;972;-1162;-190;-0,008632439800090867;0,07897302567435814;-0,11976911976911978;0,04048582995951419;0;4
2017-03-10;16;2017-03-10 16:00:00;36,07;35,04;1,0300000000000011;40527;6312;50435;9479;10586;5559;16145;15791;1107;-753;354;0,02192629296995974;0,10457207632722464;-0,13545601726929304;0,028555586359855868;0;4
2017-03-10;17;2017-03-10 17:00:00;40,37;42,75;-2,3800000000000026;40527;1812;50435;6518;8655;1513;10168;8330;2137;-299;1838;0,18076317859952792;0,24690930098209127;-0,19762062128222074;-0,05895466930889281;0;4
2017-03-10;18;2017-03-10 18:00:00;49,17;53,84;-4,670000000000002;40527;30;50435;4634;7014;30;7044;4664;2380;0;2380;0,3378762067007382;0,3393213572854291;0,0;-0,09497661175513528;0;4
2017-03-10;19;2017-03-10 19:00:00;53,56;59,66;-6,099999999999994;40527;0;50435;4242;5978;0;5978;4242;1736;0;1736;0,2903981264637002;0,2903981264637002;;-0,1138909634055264;0;4
2017-03-10;20;2017-03-10 20:00:00;45,88;48,5;-2,619999999999997;40527;0;50435;3939;5479;0;5479;3939;1540;0;1540;0,2810731885380544;0,2810731885380544;;-0,05710549258936349;0;4
2017-03-10;21;2017-03-10 21:00:00;39,67;41,55;-1,8799999999999957;40527;0;50435;3825;5022;0;5022;3825;1197;0;1197;0,23835125448028674;0,23835125448028674;;-0,047390975548273144;0;4
2017-03-10;22;2017-03-10 22:00:00;37,71;37,42;0,28999999999999915;40527;0;50435;3744;4549;0;4549;3744;805;0;805;0,17696196966366234;0,17696196966366234;;0,007690267833465901;0;4
2017-03-10;23;2017-03-10 23:00:00;34,25;32,27;1,9799999999999969;40527;0;50435;3780;4125;0;4125;3780;345;0;345;0,08363636363636363;0,08363636363636363;;0,057810218978102096;0;4
2017-03-11;0;2017-03-11 00:00:00;33,02;33,34;-0,3200000000000003;40528;0;50441;3844;3440;0;3440;3844;-404;0;-404;-0,11744186046511627;-0,11744186046511627;;-0,009691096305269542;0;5
2017-03-11;1;2017-03-11 01:00:00;31,24;30,68;0,5599999999999987;40528;0;50441;3812;3332;0;3332;3812;-480;0;-480;-0,14405762304921968;-0,14405762304921968;;0,01792573623559535;0;5
2017-03-11;2;2017-03-11 02:00:00;30,13;30,4;-0,2699999999999996;40528;0;50441;3935;3245;0;3245;3935;-690;0;-690;-0,21263482280431434;-0,21263482280431434;;-0,008961168270826405;0;5
2017-03-11;3;2017-03-11 03:00:00;29,64;28,13;1,5100000000000016;40528;0;50441;3767;3180;0;3180;3767;-587;0;-587;-0,18459119496855345;-0,18459119496855345;;0,05094466936572205;0;5
2017-03-11;4;2017-03-11 04:00:00;29,07;27,76;1,3099999999999987;40528;0;50441;3826;3119;0;3119;3826;-707;0;-707;-0,2266752164155178;-0,2266752164155178;;0,04506363949088403;0;5
2017-03-11;5;2017-03-11 05:00:00;30,0;29,15;0,8500000000000014;40528;0;50441;3871;3036;0;3036;3871;-835;0;-835;-0,2750329380764163;-0,2750329380764163;;0,02833333333333338;0;5
2017-03-11;6;2017-03-11 06:00:00;31,77;30,78;0,9899999999999984;40528;52;50441;3885;2943;59;3002;3937;-942;7;-935;-0,31145902731512326;-0,3200815494393476;0,11864406779661017;0,031161473087818647;0;5
2017-03-11;7;2017-03-11 07:00:00;32,4;32,07;0,3299999999999983;40528;1806;50441;3840;2753;2125;4878;5646;-1087;319;-768;-0,15744157441574416;-0,39484199055575736;0,15011764705882352;0,010185185185185132;0;5
2017-03-11;8;2017-03-11 08:00:00;35,0;32,8;2,200000000000003;40528;5856;50441;3347;2446;6735;9181;9203;-901;879;-22;-0,0023962531314671606;-0,3683565004088307;0,13051224944320713;0,06285714285714294;0;5
2017-03-11;9;2017-03-11 09:00:00;35,05;36,45;-1,4000000000000057;40528;11132;50441;2535;2141;11322;13463;13667;-394;190;-204;-0,01515264057045235;-0,18402615600186828;0,016781487369722663;-0,03994293865905865;0;5
2017-03-11;10;2017-03-11 10:00:00;33,0;32,34;0,6599999999999966;40528;15066;50441;2074;1947;14875;16822;17140;-127;-191;-318;-0,018903816430864345;-0,06522855675398048;-0,012840336134453782;0,019999999999999896;0;5
2017-03-11;11;2017-03-11 11:00:00;31,41;29,14;2,27;40528;17694;50441;2231;1918;16946;18864;19925;-313;-748;-1061;-0,05624469889737065;-0,16319082377476538;-0,04414021007907471;0,07226997771410379;0;5
2017-03-11;12;2017-03-11 12:00:00;31,07;28,11;2,9600000000000013;40528;18492;50441;2349;1963;17628;19591;20841;-386;-864;-1250;-0,06380480833035578;-0,19663779928680591;-0,04901293396868618;0,0952687479884133;0;5
2017-03-11;13;2017-03-11 13:00:00;30,19;26,85;3,34;40528;17269;50441;2384;2073;16907;18980;19653;-311;-362;-673;-0,03545837723919916;-0,15002411963338158;-0,02141124977819838;0,11063265982113282;0;5
2017-03-11;14;2017-03-11 14:00:00;29,85;27,41;2,4400000000000013;40528;14472;50441;2688;2269;14725;16994;17160;-419;253;-166;-0,009768153465929151;-0,18466284706919348;0,017181663837011883;0,08174204355108881;0;5
2017-03-11;15;2017-03-11 15:00:00;29,98;27,51;2,4699999999999993;40528;10284;50441;3491;2533;11008;13541;13775;-958;724;-234;-0,017280850749575364;-0,37820765890248714;0,06577034883720931;0,08238825883922613;0;5
2017-03-11;16;2017-03-11 16:00:00;30,81;27,37;3,4399999999999977;40528;5553;50441;4361;3180;6168;9348;9914;-1181;615;-566;-0,0605477107402653;-0,3713836477987421;0,09970817120622569;0,11165206101914955;0;5
2017-03-11;17;2017-03-11 17:00:00;34,66;31,62;3,039999999999996;40528;1562;50441;5091;4556;1666;6222;6653;-535;104;-431;-0,06927033108325298;-0,11742756804214223;0,062424969987995196;0,08770917484131553;0;5
2017-03-11;18;2017-03-11 18:00:00;43,97;37,43;6,539999999999999;40528;32;50441;7361;6323;32;6355;7393;-1038;0;-1038;-0,16333595594020456;-0,16416258105329748;0,0;0,1487377757561974;0;5
2017-03-11;19;2017-03-11 19:00:00;45,91;37,62;8,29;40528;0;50441;9719;8042;0;8042;9719;-1677;0;-1677;-0,20853021636408853;-0,20853021636408853;;0,18057068176867785;0;5
2017-03-11;20;2017-03-11 20:00:00;38,1;31,73;6,370000000000001;40528;0;50441;11622;9228;0;9228;11622;-2394;0;-2394;-0,25942782834850453;-0,25942782834850453;;0,1671916010498688;0;5
2017-03-11;21;2017-03-11 21:00:00;32,26;24,4;7,8599999999999985;40528;0;50441;13499;10117;0;10117;13499;-3382;0;-3382;-0,3342888207966789;-0,3342888207966789;;0,24364538127712335;0;5
2017-03-11;22;2017-03-11 22:00:00;32,11;22,67;9,439999999999998;40528;0;50441;14338;10576;0;10576;14338;-3762;0;-3762;-0,3557110438729198;-0,3557110438729198;;0,2939894113983182;0;5
2017-03-11;23;2017-03-11 23:00:00;30,05;20,15;9,900000000000002;40528;0;50441;14570;10603;0;10603;14570;-3967;0;-3967;-0,37413939451098743;-0,37413939451098743;;0,329450915141431;0;5
2017-03-12;0;2017-03-12 00:00:00;27,9;13,49;14,409999999999998;40528;0;50447;14373;12280;0;12280;14373;-2093;0;-2093;-0,1704397394136808;-0,1704397394136808;;0,5164874551971326;0;6
2017-03-12;1;2017-03-12 01:00:00;25,4;11,96;13,439999999999998;40528;0;50447;13631;12002;0;12002;13631;-1629;0;-1629;-0,13572737877020496;-0,13572737877020496;;0,5291338582677165;0;6
2017-03-12;2;2017-03-12 02:00:00;20,36;14,07;6,289999999999999;40528;0;50447;13864;11882;0;11882;13864;-1982;0;-1982;-0,16680693485945128;-0,16680693485945128;;0,3089390962671905;0;6
2017-03-12;3;2017-03-12 03:00:00;13,92;11,7;2,2200000000000006;40528;0;50447;14361;11849;0;11849;14361;-2512;0;-2512;-0,21200101274369146;-0,21200101274369146;;0,1594827586206897;0;6
2017-03-12;4;2017-03-12 04:00:00;10,88;9,7;1,1800000000000015;40528;0;50447;14731;12047;0;12047;14731;-2684;0;-2684;-0,22279405661160454;-0,22279405661160454;;0,1084558823529413;0;6
2017-03-12;5;2017-03-12 05:00:00;11,95;9,36;2,59;40528;0;50447;14833;12477;0;12477;14833;-2356;0;-2356;-0,1888274424941893;-0,1888274424941893;;0,21673640167364017;0;6
2017-03-12;6;2017-03-12 06:00:00;13,92;9,56;4,3599999999999985;40528;85;50447;15235;12869;85;12954;15320;-2366;0;-2366;-0,18264628686120118;-0,18385266920506643;0,0;0,3132183908045976;0;6
2017-03-12;7;2017-03-12 07:00:00;11,21;9,39;1,8200000000000005;40528;2786;50447;15197;12788;2434;15222;17983;-2409;-352;-2761;-0,18138220995926949;-0,18837973099781044;-0,14461791290057519;0,16235504014272975;0;6
2017-03-12;8;2017-03-12 08:00:00;10,97;8,86;2,1100000000000008;40528;8495;50447;13721;11995;7838;19833;22216;-1726;-657;-2383;-0,12015327988705693;-0,14389328887036265;-0,08382240367440674;0,1923427529626254;0;6
2017-03-12;9;2017-03-12 09:00:00;13,28;9,8;3,479999999999998;40528;14407;50447;11505;11207;13451;24658;25912;-298;-956;-1254;-0,05085570605888556;-0,026590523779780495;-0,0710727826927366;0,2620481927710842;0;6
2017-03-12;10;2017-03-12 10:00:00;10,18;11,0;-0,8200000000000003;40528;18596;50447;10743;10861;17660;28521;29339;118;-936;-818;-0,02868062129658848;0,010864561274284135;-0,053001132502831255;-0,08055009823182714;0;6
2017-03-12;11;2017-03-12 11:00:00;15,63;10,66;4,9700000000000015;40528;20784;50447;11990;11021;20044;31065;32774;-969;-740;-1709;-0,0550136809914695;-0,08792305598403048;-0,036918778686888844;0,31797824696097254;0;6
2017-03-12;12;2017-03-12 12:00:00;9,6;9,82;-0,22000000000000064;40528;21356;50447;13048;11222;20679;31901;34404;-1826;-677;-2503;-0,07846149023541582;-0,16271609338798787;-0,03273852700807583;-0,022916666666666734;0;6
2017-03-12;13;2017-03-12 13:00:00;12,21;9,34;2,870000000000001;40528;20152;50447;12821;11223;19553;30776;32973;-1598;-599;-2197;-0,07138679490512087;-0,14238617125545755;-0,03063468521454508;0,2350532350532351;0;6
2017-03-12;14;2017-03-12 14:00:00;9,55;7,66;1,8900000000000008;40528;17332;50447;12443;10983;16697;27680;29775;-1460;-635;-2095;-0,0756864161849711;-0,1329327141946645;-0,038030783973168836;0,19790575916230374;0;6
2017-03-12;15;2017-03-12 15:00:00;11,93;8,13;3,799999999999999;40528;12680;50447;12274;10853;12413;23266;24954;-1421;-267;-1688;-0,0725522221267085;-0,13093153966645169;-0,021509707564649965;0,3185247275775355;0;6
2017-03-12;16;2017-03-12 16:00:00;11,0;8,29;2,7100000000000013;40528;7061;50447;12101;11196;7025;18221;19162;-905;-36;-941;-0,05164370780967016;-0,080832440157199;-0,005124555160142348;0,24636363636363648;0;6
2017-03-12;17;2017-03-12 17:00:00;26,9;15,59;11,31;40528;1963;50447;12138;12215;1973;14188;14101;77;10;87;0,006131942486608402;0,006303724928366762;0,00506842372022301;0,4204460966542751;0;6
2017-03-12;18;2017-03-12 18:00:00;31,15;30,41;0,7399999999999984;40528;44;50447;13672;13512;42;13554;13716;-160;-2;-162;-0,01195219123505976;-0,011841326228537596;-0,047619047619047616;0,02375601926163719;0;6
2017-03-12;19;2017-03-12 19:00:00;31,35;33,38;-2,0300000000000007;40528;0;50447;15471;14289;0;14289;15471;-1182;0;-1182;-0,08272097417593953;-0,08272097417593953;;-0,06475279106858056;0;6
2017-03-12;20;2017-03-12 20:00:00;30,69;31,61;-0,9199999999999982;40528;0;50447;15600;14172;0;14172;15600;-1428;0;-1428;-0,10076206604572396;-0,10076206604572396;;-0,029977191267513786;0;6
2017-03-12;21;2017-03-12 21:00:00;30,62;29,04;1,5800000000000018;40528;0;50447;15054;13736;0;13736;15054;-1318;0;-1318;-0,09595224228305184;-0,09595224228305184;;0,05160026126714572;0;6
2017-03-12;22;2017-03-12 22:00:00;30,4;30,64;-0,24000000000000196;40528;0;50447;13869;12973;0;12973;13869;-896;0;-896;-0,06906652277807755;-0,06906652277807755;;-0,007894736842105328;0;6
2017-03-12;23;2017-03-12 23:00:00;29,34;28,79;0,5500000000000007;40528;0;50447;12480;11856;0;11856;12480;-624;0;-624;-0,05263157894736842;-0,05263157894736842;;0,018745739604635336;0;6
2017-03-13;0;2017-03-13 00:00:00;27,04;25,52;1,5199999999999996;40530;0;50449;11350;11252;0;11252;11350;-98;0;-98;-0,008709562744400995;-0,008709562744400995;;0,05621301775147928;0;0
2017-03-13;1;2017-03-13 01:00:00;26,82;25,41;1,41;40530;0;50449;10464;9840;0;9840;10464;-624;0;-624;-0,06341463414634146;-0,06341463414634146;;0,05257270693512304;0;0
2017-03-13;2;2017-03-13 02:00:00;26,9;24,55;2,349999999999998;40530;0;50449;9507;8616;0;8616;9507;-891;0;-891;-0,10341225626740948;-0,10341225626740948;;0,08736059479553895;0;0
2017-03-13;3;2017-03-13 03:00:00;27,02;23,44;3,5799999999999983;40530;0;50449;8314;7499;0;7499;8314;-815;0;-815;-0,10868115748766502;-0,10868115748766502;;0,13249444855662465;0;0
2017-03-13;4;2017-03-13 04:00:00;27,77;22,23;5,539999999999999;40530;0;50449;7522;6598;0;6598;7522;-924;0;-924;-0,14004243710215217;-0,14004243710215217;;0,1994958588404753;0;0
2017-03-13;5;2017-03-13 05:00:00;29,64;26,09;3,5500000000000007;40530;0;50449;6948;5948;0;5948;6948;-1000;0;-1000;-0,16812373907195696;-0,16812373907195696;;0,1197705802968961;0;0
2017-03-13;6;2017-03-13 06:00:00;33,83;32,49;1,3399999999999963;40530;114;50449;6660;5262;116;5378;6774;-1398;2;-1396;-0,25957605057642247;-0,26567844925883694;0,017241379310344827;0,039609813774756024;0;0
2017-03-13;7;2017-03-13 07:00:00;41,0;38,53;2,4699999999999993;40530;2856;50449;6153;4345;2902;7247;9009;-1808;46;-1762;-0,24313509038222714;-0,4161104718066743;0,015851137146795313;0,060243902439024374;0;0
2017-03-13;8;2017-03-13 08:00:00;42,86;41,36;1,5;40530;8212;50449;4706;3191;8559;11750;12918;-1515;347;-1168;-0,09940425531914894;-0,47477279849576937;0,04054211940647272;0,03499766682221185;0;0
2017-03-13;9;2017-03-13 09:00:00;40,0;36,79;3,2100000000000013;40530;14030;50449;2720;2120;14206;16326;16750;-600;176;-424;-0,025970844052431705;-0,2830188679245283;0,012389131352949457;0,08025000000000003;0;0
2017-03-13;10;2017-03-13 10:00:00;34,57;34,64;-0,07000000000000027;40530;18227;50449;1795;1418;18472;19890;20022;-377;245;-132;-0,006636500754147813;-0,26586741889985893;0,013263317453443049;-0,0020248770610355876;0;0
2017-03-13;11;2017-03-13 11:00:00;32,89;32,09;0,7999999999999972;40530;20542;50449;1450;1222;20706;21928;21992;-228;164;-64;-0,002918642831083546;-0,18657937806873978;0,007920409543127596;0,02432350258437206;0;0
2017-03-13;12;2017-03-13 12:00:00;31,97;31,75;0,21999999999999886;40530;21035;50449;1513;1131;20730;21861;22548;-382;-305;-687;-0,03142582681487581;-0,33775419982316535;-0,014712976362759285;0,006881451360650575;0;0
2017-03-13;13;2017-03-13 13:00:00;32,2;31,99;0,2100000000000044;40530;19134;50449;1472;1100;18932;20032;20606;-372;-202;-574;-0,02865415335463259;-0,3381818181818182;-0,010669765476442003;0,006521739130434918;0;0
2017-03-13;14;2017-03-13 14:00:00;31,7;34,45;-2,750000000000004;40530;15073;50449;1508;1188;15654;16842;16581;-320;581;261;0,0154969718560741;-0,26936026936026936;0,03711511434777054;-0,08675078864353325;0;0
2017-03-13;15;2017-03-13 15:00:00;32,0;34,68;-2,68;40530;9434;50449;1936;1348;11191;12539;11370;-588;1757;1169;0,09322912512959566;-0,4362017804154303;0,15700116164775266;-0,08375;0;0
2017-03-13;16;2017-03-13 16:00:00;36,61;36,51;0,10000000000000142;40530;4848;50449;2099;1589;6144;7733;6947;-510;1296;786;0,10164231216862796;-0,3209565764631844;0,2109375;0,0027314941272876653;0;0
2017-03-13;17;2017-03-13 17:00:00;41,82;38,78;3,0399999999999987;40530;1508;50449;2480;1974;1784;3758;3988;-506;276;-230;-0,061202767429483766;-0,2563323201621074;0,1547085201793722;0,07269249163079863;0;0
2017-03-13;18;2017-03-13 18:00:00;49,9;46,73;3,1700000000000017;40530;38;50449;3090;2438;45;2483;3128;-652;7;-645;-0,2597664115988723;-0,2674323215750615;0,15555555555555556;0,06352705410821646;0;0
2017-03-13;19;2017-03-13 19:00:00;56,99;49,69;7,300000000000003;40530;0;50449;3854;3003;0;3003;3854;-851;0;-851;-0,2833832833832834;-0,2833832833832834;;0,1280926478329532;0;0
2017-03-13;20;2017-03-13 20:00:00;49,51;42,55;6,960000000000001;40530;0;50449;4376;3619;0;3619;4376;-757;0;-757;-0,20917380491848578;-0,20917380491848578;;0,14057766107857;0;0
2017-03-13;21;2017-03-13 21:00:00;44,94;36,29;8,649999999999999;40530;0;50449;4621;4149;0;4149;4621;-472;0;-472;-0,11376235237406604;-0,11376235237406604;;0,19247886070315975;0;0
2017-03-13;22;2017-03-13 22:00:00;39,96;33,38;6,579999999999997;40530;0;50449;4604;4493;0;4493;4604;-111;0;-111;-0,024705096817271312;-0,024705096817271312;;0,1646646646646646;0;0
2017-03-13;23;2017-03-13 23:00:00;33,55;31,4;2,1499999999999986;40530;0;50449;5004;4693;0;4693;5004;-311;0;-311;-0,06626891114425741;-0,06626891114425741;;0,06408345752608044;0;0
2017-03-14;0;2017-03-14 00:00:00;29,58;30,36;-0,7800000000000011;40539;0;50455;5200;5846;0;5846;5200;646;0;646;0,1105029079712624;0,1105029079712624;;-0,026369168356998013;0;1
2017-03-14;1;2017-03-14 01:00:00;28,61;26,91;1,6999999999999993;40539;0;50455;5503;6407;0;6407;5503;904;0;904;0,1410956766037147;0,1410956766037147;;0,059419783292555026;0;1
2017-03-14;2;2017-03-14 02:00:00;27,73;26,4;1,3300000000000018;40539;0;50455;6379;6987;0;6987;6379;608;0;608;0,0870187491054816;0,0870187491054816;;0,04796249549224673;0;1
2017-03-14;3;2017-03-14 03:00:00;27,75;25,3;2,4499999999999997;40539;0;50455;7152;7325;0;7325;7152;173;0;173;0,023617747440273038;0,023617747440273038;;0,08828828828828827;0;1
2017-03-14;4;2017-03-14 04:00:00;28,43;25,89;2,539999999999999;40539;0;50455;7627;7551;0;7551;7627;-76;0;-76;-0,010064892067275857;-0,010064892067275857;;0,08934224410833623;0;1
2017-03-14;5;2017-03-14 05:00:00;29,49;27,05;2,4399999999999977;40539;0;50455;7989;7711;0;7711;7989;-278;0;-278;-0,03605239268577357;-0,03605239268577357;;0,0827399118345201;0;1
2017-03-14;6;2017-03-14 06:00:00;37,72;34,07;3,649999999999999;40539;86;50455;8500;7854;75;7929;8586;-646;-11;-657;-0,08286038592508513;-0,08225108225108226;-0,14666666666666667;0,09676564156945915;0;1
2017-03-14;7;2017-03-14 07:00:00;44,92;42,28;2,640000000000001;40539;1755;50455;8797;7851;1677;9528;10552;-946;-78;-1024;-0,10747271200671704;-0,12049420455992867;-0,046511627906976744;0,058771148708815696;0;1
2017-03-14;8;2017-03-14 08:00:00;47,1;46,91;0,19000000000000486;40539;5024;50455;7918;7702;5044;12746;12942;-216;20;-196;-0,0153773732935823;-0,02804466372370813;0,003965107057890563;0,004033970276008596;0;1
2017-03-14;9;2017-03-14 09:00:00;43,97;40,75;3,219999999999999;40539;9313;50455;7171;7686;8718;16404;16484;515;-595;-80;-0,00487685930260912;0,06700494405412438;-0,06824959853177334;0,07323174891971797;0;1
2017-03-14;10;2017-03-14 10:00:00;41,93;37,95;3,979999999999997;40539;13241;50455;7812;8141;12087;20228;21053;329;-1154;-825;-0,040785050425153256;0,040412725709372314;-0,09547447671051543;0,09492010493679935;0;1
2017-03-14;11;2017-03-14 11:00:00;37,19;30,81;6,379999999999999;40539;16255;50455;9072;9181;14528;23709;25327;109;-1727;-1618;-0,0682441267029398;0,011872345060450932;-0,1188738986784141;0,17155149233664962;0;1
2017-03-14;12;2017-03-14 12:00:00;31,08;28,67;2,4099999999999966;40539;17120;50455;10660;10409;15644;26053;27780;-251;-1476;-1727;-0,06628795148351438;-0,024113747718320686;-0,09434927128611609;0,07754182754182744;0;1
2017-03-14;13;2017-03-14 13:00:00;30,08;28,29;1,7899999999999991;40539;16270;50455;11966;11598;15420;27018;28236;-368;-850;-1218;-0,045081057073062404;-0,031729608553198826;-0,05512321660181582;0,05950797872340423;0;1
2017-03-14;14;2017-03-14 14:00:00;30,08;28,77;1,3099999999999987;40539;13868;50455;13196;12327;13614;25941;27064;-869;-254;-1123;-0,04329054392660268;-0,07049565993347935;-0,018657264580578817;0,043550531914893574;0;1
2017-03-14;15;2017-03-14 15:00:00;30,16;28,6;1,5599999999999987;40539;9717;50455;13984;12762;10197;22959;23701;-1222;480;-742;-0,03231848077006838;-0,09575301676853158;0,047072668431891736;0,05172413793103444;0;1
2017-03-14;16;2017-03-14 16:00:00;35,0;31,86;3,140000000000001;40539;5239;50455;13721;13065;5819;18884;18960;-656;580;-76;-0,004024571065452235;-0,050210486031381556;0,09967348341639456;0,08971428571428575;0;1
2017-03-14;17;2017-03-14 17:00:00;41,15;36,29;4,8599999999999985;40539;1590;50455;13508;13435;1769;15204;15098;-73;179;106;0,0069718495132859775;-0,00543356903609974;0,10118711136235162;0,11810449574726607;0;1
2017-03-14;18;2017-03-14 18:00:00;45,58;41,2;4,379999999999996;40539;42;50455;14530;14096;47;14143;14572;-434;5;-429;-0,030333026939121828;-0,030788876276958;0,10638297872340426;0,09609477841158395;0;1
2017-03-14;19;2017-03-14 19:00:00;45,46;38,7;6,759999999999998;40539;0;50455;16248;15127;0;15127;16248;-1121;0;-1121;-0,07410590335162293;-0,07410590335162293;;0,148702155741311;0;1
2017-03-14;20;2017-03-14 20:00:00;35,85;33,67;2,18;40539;0;50455;17536;16342;0;16342;17536;-1194;0;-1194;-0,07306327254925958;-0,07306327254925958;;0,06080892608089261;0;1
2017-03-14;21;2017-03-14 21:00:00;28,99;29,09;-0,10000000000000142;40539;0;50455;18390;17407;0;17407;18390;-983;0;-983;-0,056471534440167746;-0,056471534440167746;;-0,0034494653328734537;0;1
2017-03-14;22;2017-03-14 22:00:00;28,08;27,9;0,17999999999999972;40539;0;50455;18474;17963;0;17963;18474;-511;0;-511;-0,028447364026053554;-0,028447364026053554;;0,0064102564102564005;0;1
2017-03-14;23;2017-03-14 23:00:00;23,44;24,17;-0,7300000000000004;40539;0;50455;18185;18043;0;18043;18185;-142;0;-142;-0,007870088122817713;-0,007870088122817713;;-0,031143344709897627;0;1
2017-03-15;0;2017-03-15 00:00:00;22,21;21,98;0,23000000000000045;40545;0;50460;17846;17384;0;17384;17846;-462;0;-462;-0,026576161988034974;-0,026576161988034974;;0,01035569563259795;0;2
2017-03-15;1;2017-03-15 01:00:00;21,14;19,02;2,120000000000001;40545;0;50460;17373;16915;0;16915;17373;-458;0;-458;-0,02707655926692285;-0,02707655926692285;;0,10028382213812682;0;2
2017-03-15;2;2017-03-15 02:00:00;18,65;17,34;1,3099999999999987;40545;0;50460;17212;16283;0;16283;17212;-929;0;-929;-0,05705336854388012;-0,05705336854388012;;0,07024128686327072;0;2
2017-03-15;3;2017-03-15 03:00:00;20,16;18,14;2,02;40545;0;50460;17028;15625;0;15625;17028;-1403;0;-1403;-0,089792;-0,089792;;0,1001984126984127;0;2
2017-03-15;4;2017-03-15 04:00:00;24,03;20,91;3,120000000000001;40545;0;50460;16626;14819;0;14819;16626;-1807;0;-1807;-0,1219380525001687;-0,1219380525001687;;0,12983770287141078;0;2
2017-03-15;5;2017-03-15 05:00:00;28,05;21,67;6,379999999999999;40545;0;50460;15354;13768;0;13768;15354;-1586;0;-1586;-0,1151946542707728;-0,1151946542707728;;0,22745098039215683;0;2
2017-03-15;6;2017-03-15 06:00:00;34,96;27,3;7,66;40545;104;50460;14066;12778;92;12870;14170;-1288;-12;-1300;-0,10101010101010101;-0,10079824698700893;-0,13043478260869565;0,21910755148741418;0;2
2017-03-15;7;2017-03-15 07:00:00;40,98;31,76;9,219999999999997;40545;1912;50460;12033;12064;1701;13765;13945;31;-211;-180;-0,013076643661460226;0,002569628647214854;-0,12404467960023516;0,22498779892630547;0;2
2017-03-15;8;2017-03-15 08:00:00;40,97;36,99;3,979999999999997;40545;5118;50460;11106;11774;4811;16585;16224;668;-307;361;0,021766656617425384;0,05673517920842534;-0,06381209727707338;0,09714425189162795;0;2
2017-03-15;9;2017-03-15 09:00:00;38,99;39,07;-0,0799999999999983;40545;8923;50460;10814;11884;8015;19899;19737;1070;-908;162;0,008141112618724558;0,09003702457085157;-0,11328758577666874;-0,002051808155937376;0;2
2017-03-15;10;2017-03-15 10:00:00;34,94;34,11;0,8299999999999983;40545;12763;50460;10756;12495;10672;23167;23519;1739;-2091;-352;-0,015194025985237622;0,13917567026810723;-0,19593328335832083;0,023755008586147635;0;2
2017-03-15;11;2017-03-15 11:00:00;33,07;32,32;0,75;40545;15690;50460;11368;13572;12467;26039;27058;2204;-3223;-1019;-0,03913360728138562;0,1623931623931624;-0,2585224993984118;0,022679165406713032;0;2
2017-03-15;12;2017-03-15 12:00:00;32,14;30,47;1,6700000000000017;40545;16950;50460;12772;14724;13069;27793;29722;1952;-3881;-1929;-0,06940596553088907;0,13257267046998097;-0,2969622771443875;0,05196017423771007;0;2
2017-03-15;13;2017-03-15 13:00:00;31,5;28,08;3,4200000000000017;40545;16896;50460;14075;15393;12562;27955;30971;1318;-4334;-3016;-0,10788767662314434;0,08562333528227116;-0,3450087565674256;0,10857142857142862;0;2
2017-03-15;14;2017-03-15 14:00:00;31,42;26,86;4,560000000000001;40545;15033;50460;14756;15299;10901;26200;29789;543;-4132;-3589;-0,13698473282442747;0,0354925158507092;-0,3790477937803871;0,14513049013367285;0;2
2017-03-15;15;2017-03-15 15:00:00;32,4;27,6;4,799999999999997;40545;11318;50460;14464;14766;8191;22957;25782;302;-3127;-2825;-0,12305614845145271;0,02045239062711635;-0,38176046880722747;0,14814814814814806;0;2
2017-03-15;16;2017-03-15 16:00:00;33,06;29,67;3,390000000000001;40545;6752;50460;13337;13767;4864;18631;20089;430;-1888;-1458;-0,07825666899253932;0,031234110554223867;-0,3881578947368421;0,10254083484573505;0;2
2017-03-15;17;2017-03-15 17:00:00;41,0;37,16;3,8400000000000034;40545;2124;50460;11162;12400;1582;13982;13286;1238;-542;696;0,04977828636818767;0,09983870967741935;-0,34260429835651074;0,09365853658536594;0;2
2017-03-15;18;2017-03-15 18:00:00;47,97;41,9;6,07;40545;78;50460;9978;11325;53;11378;10056;1347;-25;1322;0,11618913693091931;0,11894039735099338;-0,4716981132075472;0,12653741922034606;0;2
2017-03-15;19;2017-03-15 19:00:00;52,09;46,88;5,210000000000001;40545;0;50460;10376;10840;0;10840;10376;464;0;464;0,042804428044280446;0,042804428044280446;;0,10001919754271454;0;2
2017-03-15;20;2017-03-15 20:00:00;43,9;38,77;5,129999999999996;40545;0;50460;11258;10689;0;10689;11258;-569;0;-569;-0,05323229488258958;-0,05323229488258958;;0,11685649202733477;0;2
2017-03-15;21;2017-03-15 21:00:00;38,1;33,23;4,8700000000000045;40545;0;50460;11433;10588;0;10588;11433;-845;0;-845;-0,0798073290517567;-0,0798073290517567;;0,1278215223097114;0;2
2017-03-15;22;2017-03-15 22:00:00;34,82;31,02;3,8000000000000007;40545;0;50460;11217;10517;0;10517;11217;-700;0;-700;-0,06655890463059808;-0,06655890463059808;;0,10913268236645608;0;2
2017-03-15;23;2017-03-15 23:00:00;31,59;29,92;1,6699999999999982;40545;0;50460;11208;10464;0;10464;11208;-744;0;-744;-0,07110091743119266;-0,07110091743119266;;0,052864830642608364;0;2
2017-03-16;0;2017-03-16 00:00:00;29,99;30,2;-0,21000000000000085;40549;0;50464;10353;9371;0;9371;10353;-982;0;-982;-0,1047913776544659;-0,1047913776544659;;-0,0070023341113704856;0;3
2017-03-16;1;2017-03-16 01:00:00;29,84;28,82;1,0199999999999996;40549;0;50464;9785;9252;0;9252;9785;-533;0;-533;-0,05760916558581928;-0,05760916558581928;;0,0341823056300268;0;3
2017-03-16;2;2017-03-16 02:00:00;28,14;27,96;0,17999999999999972;40549;0;50464;10052;9226;0;9226;10052;-826;0;-826;-0,08952959028831563;-0,08952959028831563;;0,006396588486140714;0;3
2017-03-16;3;2017-03-16 03:00:00;28,29;25,81;2,4800000000000004;40549;0;50464;10031;9183;0;9183;10031;-848;0;-848;-0,09234454971142328;-0,09234454971142328;;0,0876634853305055;0;3
2017-03-16;4;2017-03-16 04:00:00;29,37;25,79;3,580000000000002;40549;0;50464;9742;9210;0;9210;9742;-532;0;-532;-0,057763300760043435;-0,057763300760043435;;0,12189308818522307;0;3
2017-03-16;5;2017-03-16 05:00:00;30,0;28,18;1,8200000000000005;40549;0;50464;9686;9255;0;9255;9686;-431;0;-431;-0,04656942193408968;-0,04656942193408968;;0,06066666666666668;0;3
2017-03-16;6;2017-03-16 06:00:00;38,48;34,61;3,869999999999997;40549;121;50464;9246;9089;166;9255;9367;-157;45;-112;-0,012101566720691518;-0,01727362746176697;0,2710843373493976;0,1005717255717255;0;3
2017-03-16;7;2017-03-16 07:00:00;45,18;40,83;4,350000000000001;40549;2620;50464;8220;8551;2889;11440;10840;331;269;600;0,05244755244755245;0,038708922932990296;0,09311180339217723;0,0962815405046481;0;3
2017-03-16;8;2017-03-16 08:00:00;40,95;39,89;1,0600000000000025;40549;8086;50464;6846;7594;7888;15482;14932;748;-198;550;0,03552512595271929;0,09849881485383197;-0,025101419878296147;0,025885225885225946;0;3
2017-03-16;9;2017-03-16 09:00:00;36,15;40,63;-4,480000000000004;40549;14411;50464;5730;6625;13140;19765;20141;895;-1271;-376;-0,019023526435618516;0,1350943396226415;-0,09672754946727549;-0,12392807745504852;0;3
2017-03-16;10;2017-03-16 10:00:00;32,94;32,07;0,8699999999999974;40549;19408;50464;5737;6328;17541;23869;25145;591;-1867;-1276;-0,05345846076500901;0,09339443742098609;-0,10643634912490736;0,026411657559198467;0;3
2017-03-16;11;2017-03-16 11:00:00;31,87;28,14;3,73;40549;21900;50464;6336;6739;20407;27146;28236;403;-1493;-1090;-0,04015324541368894;0,05980115744175694;-0,07316117018670064;0,11703796673988076;0;3
2017-03-16;12;2017-03-16 12:00:00;30,49;28,05;2,4399999999999977;40549;22409;50464;7378;7416;21338;28754;29787;38;-1071;-1033;-0,03592543646101412;0,005124056094929882;-0,050192145468178836;0,08002623811085595;0;3
2017-03-16;13;2017-03-16 13:00:00;30,45;27,09;3,3599999999999994;40549;21348;50464;8224;8086;20415;28501;29572;-138;-933;-1071;-0,03757762885512789;-0,01706653475142221;-0,04570168993387215;0,11034482758620688;0;3
2017-03-16;14;2017-03-16 14:00:00;30,19;26,93;3,2600000000000016;40549;18460;50464;8717;8623;17761;26384;27177;-94;-699;-793;-0,03005609460278957;-0,010901078510959063;-0,03935589212319126;0,10798277575356083;0;3
2017-03-16;15;2017-03-16 15:00:00;30,28;26,58;3,700000000000003;40549;13910;50464;8687;8879;13438;22317;22597;192;-472;-280;-0,012546489223461936;0,021624056763149005;-0,035124274445602024;0,12219286657859983;0;3
2017-03-16;16;2017-03-16 16:00:00;33,5;27,92;5,579999999999997;40549;8093;50464;8049;8663;7825;16488;16142;614;-268;346;0,02098495875788452;0,07087613990534457;-0,03424920127795527;0,1665671641791044;0;3
2017-03-16;17;2017-03-16 17:00:00;39,9;32,07;7,829999999999997;40549;2573;50464;7042;8527;2459;10986;9615;1485;-114;1371;0,12479519388312398;0,17415269145068604;-0,046360309068727124;0,19624060150375935;0;3
2017-03-16;18;2017-03-16 18:00:00;45,59;39,6;5,990000000000002;40549;113;50464;7704;9015;87;9102;7817;1311;-26;1285;0,14117776312898264;0,1454242928452579;-0,2988505747126437;0,13138846238210136;0;3
2017-03-16;19;2017-03-16 19:00:00;50,1;45,44;4,660000000000005;40549;0;50464;9324;10139;0;10139;9324;815;0;815;0,08038268073774534;0,08038268073774534;;0,09301397205588831;0;3
2017-03-16;20;2017-03-16 20:00:00;42,92;35,72;7,200000000000002;40549;0;50464;11726;11915;0;11915;11726;189;0;189;0,01586235837180025;0,01586235837180025;;0,16775396085740918;0;3
2017-03-16;21;2017-03-16 21:00:00;34,81;32,48;2,3300000000000054;40549;0;50464;14550;13896;0;13896;14550;-654;0;-654;-0,04706390328151986;-0,04706390328151986;;0,06693478885377781;0;3
2017-03-16;22;2017-03-16 22:00:00;30,19;29,26;0,9299999999999996;40549;0;50464;16592;15571;0;15571;16592;-1021;0;-1021;-0,06557061203519363;-0,06557061203519363;;0,030804902285524995;0;3
2017-03-16;23;2017-03-16 23:00:00;26,36;25,89;0,4699999999999989;40549;0;50464;17821;16707;0;16707;17821;-1114;0;-1114;-0,0666786376967738;-0,0666786376967738;;0,017830045523520445;0;3
2017-03-17;0;2017-03-17 00:00:00;21,63;28,98;-7,350000000000001;40553;0;50472;18635;18685;0;18685;18635;50;0;50;0,002675943270002676;0,002675943270002676;;-0,3398058252427185;0;4
2017-03-17;1;2017-03-17 01:00:00;18,76;26,52;-7,759999999999998;40553;0;50472;19977;19116;0;19116;19977;-861;0;-861;-0,045040803515379785;-0,045040803515379785;;-0,4136460554371001;0;4
2017-03-17;2;2017-03-17 02:00:00;18,53;23,98;-5,449999999999998;40553;0;50472;20646;19035;0;19035;20646;-1611;0;-1611;-0,08463356973995272;-0,08463356973995272;;-0,29411764705882343;0;4
2017-03-17;3;2017-03-17 03:00:00;20,93;21,07;-0,14000000000000054;40553;0;50472;20526;18823;0;18823;20526;-1703;0;-1703;-0,09047441959305105;-0,09047441959305105;;-0,006688963210702367;0;4
2017-03-17;4;2017-03-17 04:00:00;24,11;21,61;2,5;40553;0;50472;19644;18507;0;18507;19644;-1137;0;-1137;-0,061436213324687954;-0,061436213324687954;;0,10369141435089174;0;4
2017-03-17;5;2017-03-17 05:00:00;28,0;28,55;-0,5500000000000007;40553;0;50472;19081;18089;0;18089;19081;-992;0;-992;-0,05483995798551606;-0,05483995798551606;;-0,019642857142857167;0;4
2017-03-17;6;2017-03-17 06:00:00;39,97;39,01;0,9600000000000009;40553;168;50472;19249;17616;161;17777;19417;-1633;-7;-1640;-0,09225403611407999;-0,09269981834695731;-0,043478260869565216;0,02401801351013262;0;4
2017-03-17;7;2017-03-17 07:00:00;40,91;36,5;4,409999999999997;40553;2633;50472;17995;17222;2388;19610;20628;-773;-245;-1018;-0,0519122896481387;-0,04488445012193706;-0,1025963149078727;0,10779760449767775;0;4
2017-03-17;8;2017-03-17 08:00:00;40,45;31,0;9,450000000000003;40553;6888;50472;17976;17161;5990;23151;24864;-815;-898;-1713;-0,07399248412595569;-0,04749140492978265;-0,14991652754590984;0,23362175525339932;0;4
2017-03-17;9;2017-03-17 09:00:00;33,97;29,02;4,949999999999998;40553;10692;50472;17609;17523;9243;26766;28301;-86;-1449;-1535;-0,05734887543898976;-0,004907835416309993;-0,15676728334956183;0,14571680894907266;0;4
2017-03-17;10;2017-03-17 10:00:00;32,17;26,73;5,440000000000001;40553;13660;50472;19058;18481;11601;30082;32718;-577;-2059;-2636;-0,08762715244997007;-0,031221254261133057;-0,17748469959486252;0,16910164749766868;0;4
2017-03-17;11;2017-03-17 11:00:00;29,71;25,63;4,080000000000002;40553;14099;50472;20672;20030;12861;32891;34771;-642;-1238;-1880;-0,05715849320482807;-0,03205192211682476;-0,0962600108856232;0,13732749915853254;0;4
2017-03-17;12;2017-03-17 12:00:00;27,83;22,72;5,1099999999999985;40553;12966;50472;22820;21675;12699;34374;35786;-1145;-267;-1412;-0,04107755861988712;-0,05282583621683968;-0,021025277580911883;0,1836148041681638;0;4
2017-03-17;13;2017-03-17 13:00:00;25,44;23,89;1,5500000000000007;40553;11522;50472;24860;23212;11470;34682;36382;-1648;-52;-1700;-0,04901678103915576;-0,07099775977942444;-0,004533565823888404;0,06092767295597487;0;4
2017-03-17;14;2017-03-17 14:00:00;22,1;23,53;-1,4299999999999995;40553;9762;50472;25597;24154;9573;33727;35359;-1443;-189;-1632;-0,04838853144365049;-0,05974165769644779;-0,019743027264180507;-0,06470588235294115;0;4
2017-03-17;15;2017-03-17 15:00:00;22,78;24,34;-1,5599999999999987;40553;6970;50472;26350;24680;7120;31800;33320;-1670;150;-1520;-0,04779874213836478;-0,06766612641815235;0,021067415730337078;-0,06848112379280065;0;4
2017-03-17;16;2017-03-17 16:00:00;26,48;25,18;1,3000000000000007;40553;3500;50472;25806;24305;4081;28386;29306;-1501;581;-920;-0,03241034312689354;-0,06175684015634643;0,1423670668953688;0,049093655589123895;0;4
2017-03-17;17;2017-03-17 17:00:00;30,96;31,22;-0,259999999999998;40553;1071;50472;23996;22878;1318;24196;25067;-1118;247;-871;-0,03599768556786246;-0,04886790803391905;0,18740515933232169;-0,008397932816537404;0;4
2017-03-17;18;2017-03-17 18:00:00;38,1;35,79;2,3100000000000023;40553;32;50472;22000;21532;59;21591;22032;-468;27;-441;-0,02042517715714881;-0,021735091956158276;0,4576271186440678;0,060629921259842574;0;4
2017-03-17;19;2017-03-17 19:00:00;40,45;40,93;-0,4799999999999969;40553;0;50472;20876;21142;0;21142;20876;266;0;266;0,012581591145586983;0,012581591145586983;;-0,011866501854140836;0;4
2017-03-17;20;2017-03-17 20:00:00;32,99;34,4;-1,4099999999999966;40553;0;50472;20669;21980;0;21980;20669;1311;0;1311;0,05964513193812557;0,05964513193812557;;-0,042740224310396986;0;4
2017-03-17;21;2017-03-17 21:00:00;27,91;31,29;-3,379999999999999;40553;0;50472;21554;23169;0;23169;21554;1615;0;1615;0,06970520954723984;0,06970520954723984;;-0,1211035471157291;0;4
2017-03-17;22;2017-03-17 22:00:00;24,5;30,36;-5,8599999999999985;40553;0;50472;22806;24472;0;24472;22806;1666;0;1666;0,06807780320366133;0,06807780320366133;;-0,2391836734693877;0;4
2017-03-17;23;2017-03-17 23:00:00;14,96;21,9;-6,939999999999998;40553;0;50472;24462;25616;0;25616;24462;1154;0;1154;0,04504996876951905;0,04504996876951905;;-0,4639037433155078;0;4
2017-03-18;0;2017-03-18 00:00:00;11,73;14,01;-2,28;40554;0;50477;26562;27610;0;27610;26562;1048;0;1048;0,03795726186164433;0,03795726186164433;;-0,19437340153452684;0;5
2017-03-18;1;2017-03-18 01:00:00;9,42;11,95;-2,53;40554;0;50477;28068;28949;0;28949;28068;881;0;881;0,03043283014957339;0,03043283014957339;;-0,26857749469214437;0;5
2017-03-18;2;2017-03-18 02:00:00;9,39;4,82;4,57;40554;0;50477;29313;29824;0;29824;29313;511;0;511;0,017133851931330473;0,017133851931330473;;0,48668796592119273;0;5
2017-03-18;3;2017-03-18 03:00:00;8,46;3,1;5,360000000000001;40554;0;50477;30353;30620;0;30620;30353;267;0;267;0,008719790986283475;0,008719790986283475;;0,6335697399527187;0;5
2017-03-18;4;2017-03-18 04:00:00;8,3;5,12;3,1800000000000006;40554;0;50477;31871;30832;0;30832;31871;-1039;0;-1039;-0,0336987545407369;-0,0336987545407369;;0,383132530120482;0;5
2017-03-18;5;2017-03-18 05:00:00;9,37;1,73;7,639999999999999;40554;0;50477;33328;30336;0;30336;33328;-2992;0;-2992;-0,09862869198312237;-0,09862869198312237;;0,815368196371398;0;5
2017-03-18;6;2017-03-18 06:00:00;10,35;-0,63;10,98;40554;22;50477;35255;29898;39;29937;35277;-5357;17;-5340;-0,17837458663192704;-0,17917586460632817;0,4358974358974359;1,0608695652173914;0;5
2017-03-18;7;2017-03-18 07:00:00;11,25;-0,15;11,4;40554;372;50477;36614;29290;402;29692;36986;-7324;30;-7294;-0,24565539539269837;-0,2500512120177535;0,07462686567164178;1,0133333333333334;0;5
2017-03-18;8;2017-03-18 08:00:00;16,93;-0,26;17,19;40554;1231;50477;37982;28408;981;29389;39213;-9574;-250;-9824;-0,3342747286399673;-0,3370177414812729;-0,254841997961264;1,015357353809805;0;5
2017-03-18;9;2017-03-18 09:00:00;28,18;2,52;25,66;40554;2582;50477;38008;27688;1676;29364;40590;-10320;-906;-11226;-0,38230486309767064;-0,37272464605605315;-0,5405727923627685;0,9105748757984387;0;5
2017-03-18;10;2017-03-18 10:00:00;25,6;0,41;25,19;40554;4011;50477;36682;27174;2473;29647;40693;-9508;-1538;-11046;-0,37258407258744564;-0,3498932803415029;-0,6219167003639304;0,983984375;0;5
2017-03-18;11;2017-03-18 11:00:00;26,83;2,96;23,87;40554;5396;50477;35304;26759;3316;30075;40700;-8545;-2080;-10625;-0,35328345802161265;-0,31933181359542584;-0,6272617611580217;0,8896757361162878;0;5
2017-03-18;12;2017-03-18 12:00:00;25,69;3,22;22,47;40554;6498;50477;34070;26459;4101;30560;40568;-7611;-2397;-10008;-0,3274869109947644;-0,287652594580294;-0,584491587417703;0,874659400544959;0;5
2017-03-18;13;2017-03-18 13:00:00;17,01;2,73;14,28;40554;6713;50477;33086;26230;4508;30738;39799;-6856;-2205;-9061;-0,2947817034289804;-0,2613800991231414;-0,4891304347826087;0,839506172839506;0;5
2017-03-18;14;2017-03-18 14:00:00;9,75;3,39;6,3599999999999985;40554;5730;50477;32186;25638;4254;29892;37916;-6548;-1476;-8024;-0,26843302555867793;-0,25540213745221935;-0,3469675599435825;0,6523076923076921;0;5
2017-03-18;15;2017-03-18 15:00:00;14,36;4,18;10,18;40554;4142;50477;30812;24789;3271;28060;34954;-6023;-871;-6894;-0,24568781183178903;-0,24297067247569487;-0,26627942525221643;0,7089136490250696;0;5
2017-03-18;16;2017-03-18 16:00:00;9,99;6,02;3,9700000000000006;40554;2299;50477;28360;23134;1947;25081;30659;-5226;-352;-5578;-0,2223994258602129;-0,22590127085674763;-0,1807909604519774;0,39739739739739743;0;5
2017-03-18;17;2017-03-18 17:00:00;27,44;20,71;6,73;40554;672;50477;25254;20483;653;21136;25926;-4771;-19;-4790;-0,22662755488266464;-0,23292486452179856;-0,02909647779479326;0,24526239067055394;0;5
2017-03-18;18;2017-03-18 18:00:00;32,31;31,76;0,5500000000000007;40554;22;50477;21419;17684;32;17716;21441;-3735;10;-3725;-0,2102619101377286;-0,21120787152228002;0,3125;0,017022593624264955;0;5
2017-03-18;19;2017-03-18 19:00:00;37,94;35,29;2,6499999999999986;40554;0;50477;19099;15554;0;15554;19099;-3545;0;-3545;-0,2279156487077279;-0,2279156487077279;;0,06984712704269896;0;5
2017-03-18;20;2017-03-18 20:00:00;31,27;31,74;-0,4699999999999989;40554;0;50477;17348;14443;0;14443;17348;-2905;0;-2905;-0,20113549816520113;-0,20113549816520113;;-0,015030380556443842;0;5
2017-03-18;21;2017-03-18 21:00:00;30,74;29,41;1,3299999999999983;40554;0;50477;15679;13416;0;13416;15679;-2263;0;-2263;-0,16867918902802623;-0,16867918902802623;;0,04326610279765772;0;5
2017-03-18;22;2017-03-18 22:00:00;30,75;27,84;2,91;40554;0;50477;13560;12348;0;12348;13560;-1212;0;-1212;-0,09815354713313897;-0,09815354713313897;;0,09463414634146342;0;5
2017-03-18;23;2017-03-18 23:00:00;29,06;26,47;2,59;40554;0;50477;12128;11296;0;11296;12128;-832;0;-832;-0,07365439093484419;-0,07365439093484419;;0,08912594631796283;0;5
2017-03-19;0;2017-03-19 00:00:00;16,62;24,21;-7,59;40554;0;50489;10880;11729;0;11729;10880;849;0;849;0,07238468752664336;0,07238468752664336;;-0,45667870036101077;0;6
2017-03-19;1;2017-03-19 01:00:00;15,79;24,11;-8,32;40554;0;50489;10042;10428;0;10428;10042;386;0;386;0,03701572688914461;0,03701572688914461;;-0,5269157694743509;0;6
2017-03-19;2;2017-03-19 02:00:00;16,12;19,41;-3,2899999999999987;40554;0;50489;9379;9452;0;9452;9379;73;0;73;0,007723233178163352;0,007723233178163352;;-0,20409429280397012;0;6
2017-03-19;3;2017-03-19 03:00:00;12,67;18,3;-5,630000000000001;40554;0;50489;9024;8559;0;8559;9024;-465;0;-465;-0,05432877672625307;-0,05432877672625307;;-0,4443567482241516;0;6
2017-03-19;4;2017-03-19 04:00:00;13,43;19,96;-6,530000000000001;40554;0;50489;8826;8173;0;8173;8826;-653;0;-653;-0,07989722256209471;-0,07989722256209471;;-0,4862248696947134;0;6
2017-03-19;5;2017-03-19 05:00:00;12,47;17,47;-4,999999999999998;40554;0;50489;9716;8667;0;8667;9716;-1049;0;-1049;-0,12103380639206185;-0,12103380639206185;;-0,4009623095429028;0;6
2017-03-19;6;2017-03-19 06:00:00;11,62;13,39;-1,7700000000000014;40554;94;50489;12148;9571;102;9673;12242;-2577;8;-2569;-0,2655846169750853;-0,2692508619788946;0,0784313725490196;-0,15232358003442353;0;6
2017-03-19;7;2017-03-19 07:00:00;9,64;11,69;-2,049999999999999;40554;1053;50489;14534;11111;880;11991;15587;-3423;-173;-3596;-0,29989158535568344;-0,3080730807308073;-0,1965909090909091;-0,21265560165975092;0;6
2017-03-19;8;2017-03-19 08:00:00;13,73;6,28;7,45;40554;2238;50489;17188;13087;1908;14995;19426;-4101;-330;-4431;-0,29549849949983326;-0,31336440742721783;-0,17295597484276728;0,5426074289876184;0;6
2017-03-19;9;2017-03-19 09:00:00;18,44;10,08;8,360000000000001;40554;3379;50489;20053;15179;2759;17938;23432;-4874;-620;-5494;-0,306277176942803;-0,32110152183938334;-0,2247191011235955;0,4533622559652929;0;6
2017-03-19;10;2017-03-19 10:00:00;21,06;9,9;11,159999999999998;40554;4280;50489;21878;17292;3436;20728;26158;-4586;-844;-5430;-0,26196449247394826;-0,2652093453620171;-0,24563445867287545;0,5299145299145299;0;6
2017-03-19;11;2017-03-19 11:00:00;17,63;11,41;6,219999999999999;40554;4945;50489;22874;19541;3842;23383;27819;-3333;-1103;-4436;-0,1897104734208613;-0,17056445422445116;-0,2870900572618428;0,3528077141236528;0;6
2017-03-19;12;2017-03-19 12:00:00;18,05;11,91;6,1400000000000015;40554;4920;50489;23604;21796;3923;25719;28524;-1808;-997;-2805;-0,10906333838796221;-0,08295100018351992;-0,25414223808309966;0,34016620498614963;0;6
2017-03-19;13;2017-03-19 13:00:00;11,35;12,55;-1,200000000000001;40554;4764;50489;25120;23528;3785;27313;29884;-1592;-979;-2571;-0,09413099989016219;-0,06766405984359061;-0,2586525759577279;-0,10572687224669614;0;6
2017-03-19;14;2017-03-19 14:00:00;10,12;13,32;-3,200000000000001;40554;4220;50489;26797;24801;3347;28148;31017;-1996;-873;-2869;-0,10192553645019184;-0,08048062578121849;-0,26083059456229457;-0,31620553359683806;0;6
2017-03-19;15;2017-03-19 15:00:00;9,44;10,67;-1,2300000000000004;40554;3414;50489;27608;26304;2511;28815;31022;-1304;-903;-2207;-0,07659205275030366;-0,049574209245742094;-0,35961768219832735;-0,13029661016949157;0;6
2017-03-19;16;2017-03-19 16:00:00;9,42;11,98;-2,5600000000000005;40554;2149;50489;28889;27170;1506;28676;31038;-1719;-643;-2362;-0,08236853117589622;-0,06326831063673169;-0,42695883134130147;-0,2717622080679406;0;6
2017-03-19;17;2017-03-19 17:00:00;10,15;13,03;-2,879999999999999;40554;774;50489;30065;27198;559;27757;30839;-2867;-215;-3082;-0,11103505422055698;-0,10541216265901905;-0,38461538461538464;-0,28374384236453193;0;6
2017-03-19;18;2017-03-19 18:00:00;17,09;18,17;-1,0800000000000018;40554;30;50489;30809;27386;33;27419;30839;-3423;3;-3420;-0,1247310259309238;-0,12499087124808296;0,09090909090909091;-0,06319485078993574;0;6
2017-03-19;19;2017-03-19 19:00:00;16,72;17,14;-0,4200000000000017;40554;0;50489;30962;27403;0;27403;30962;-3559;0;-3559;-0,12987629091705288;-0,12987629091705288;;-0,025119617224880486;0;6
2017-03-19;20;2017-03-19 20:00:00;11,96;11,43;0,5300000000000011;40554;0;50489;31163;27110;0;27110;31163;-4053;0;-4053;-0,14950202877167096;-0,14950202877167096;;0,0443143812709031;0;6
2017-03-19;21;2017-03-19 21:00:00;9,47;8,33;1,1400000000000006;40554;0;50489;31304;26675;0;26675;31304;-4629;0;-4629;-0,1735332708528585;-0,1735332708528585;;0,12038014783526932;0;6
2017-03-19;22;2017-03-19 22:00:00;12,51;10,5;2,01;40554;0;50489;29889;25868;0;25868;29889;-4021;0;-4021;-0,15544301840111335;-0,15544301840111335;;0,16067146282973618;0;6
2017-03-19;23;2017-03-19 23:00:00;10,12;7,66;2,459999999999999;40554;0;50489;28720;24705;0;24705;28720;-4015;0;-4015;-0,1625177089657964;-0,1625177089657964;;0,2430830039525691;0;6
2017-03-20;0;2017-03-20 00:00:00;10,59;5,37;5,22;40560;0;50495;26538;23058;0;23058;26538;-3480;0;-3480;-0,15092375748113454;-0,15092375748113454;;0,49291784702549574;0;0
2017-03-20;1;2017-03-20 01:00:00;13,87;6,41;7,459999999999999;40560;0;50495;24436;21349;0;21349;24436;-3087;0;-3087;-0,14459693662466627;-0,14459693662466627;;0,5378514780100937;0;0
2017-03-20;2;2017-03-20 02:00:00;10,07;5,89;4,1800000000000015;40560;0;50495;22628;19780;0;19780;22628;-2848;0;-2848;-0,14398382204246715;-0,14398382204246715;;0,41509433962264164;0;0
2017-03-20;3;2017-03-20 03:00:00;16,36;9,02;7,34;40560;0;50495;19667;18319;0;18319;19667;-1348;0;-1348;-0,07358480266390087;-0,07358480266390087;;0,44865525672371637;0;0
2017-03-20;4;2017-03-20 04:00:00;22,06;14,85;7,209999999999999;40560;0;50495;17473;16945;0;16945;17473;-528;0;-528;-0,031159634110357038;-0,031159634110357038;;0,3268359020852221;0;0
2017-03-20;5;2017-03-20 05:00:00;26,08;28,3;-2,2200000000000024;40560;0;50495;16170;16165;0;16165;16170;-5;0;-5;-0,0003093102381688834;-0,0003093102381688834;;-0,08512269938650316;0;0
2017-03-20;6;2017-03-20 06:00:00;36,3;41,64;-5,340000000000003;40560;67;50495;15457;15789;88;15877;15524;332;21;353;0,022233419411727656;0,021027297485591234;0,23863636363636365;-0,14710743801652904;0;0
2017-03-20;7;2017-03-20 07:00:00;40,98;46,29;-5,310000000000001;40560;968;50495;15548;16132;988;17120;16516;584;20;604;0,0352803738317757;0,036201338953632534;0,020242914979757085;-0,12957540263543196;0;0
2017-03-20;8;2017-03-20 08:00:00;42,31;48,19;-5,879999999999996;40560;2704;50495;16564;17149;2552;19701;19268;585;-152;433;0,02197857976752449;0,034112776255175226;-0,05956112852664577;-0,13897423776884887;0;0
2017-03-20;9;2017-03-20 09:00:00;39,34;43,38;-4,039999999999999;40560;4748;50495;17738;18225;4386;22611;22486;487;-362;125;0,005528282694263854;0,026721536351165982;-0,08253533971728226;-0,10269445856634465;0;0
2017-03-20;10;2017-03-20 10:00:00;38,96;39,62;-0,6599999999999966;40560;6774;50495;19826;19375;6013;25388;26600;-451;-761;-1212;-0,04773908933354341;-0,02327741935483871;-0,12655912190254448;-0,016940451745379788;0;0
2017-03-20;11;2017-03-20 11:00:00;36,94;38,52;-1,5800000000000054;40560;8396;50495;21361;20471;7225;27696;29757;-890;-1171;-2061;-0,07441507798960138;-0,043476136974256265;-0,16207612456747406;-0,04277206280454807;0;0
2017-03-20;12;2017-03-20 12:00:00;35,0;34,39;0,6099999999999994;40560;9052;50495;22072;21377;7868;29245;31124;-695;-1184;-1879;-0,06425029919644383;-0,032511577864059504;-0,15048296898830707;0,01742857142857141;0;0
2017-03-20;13;2017-03-20 13:00:00;32,74;31,72;1,0200000000000031;40560;8864;50495;23056;21993;7796;29789;31920;-1063;-1068;-2131;-0,07153647319480345;-0,04833356067839767;-0,13699332991277577;0,03115455100794145;0;0
2017-03-20;14;2017-03-20 14:00:00;31,16;31,3;-0,14000000000000054;40560;7920;50495;23568;22212;7028;29240;31488;-1356;-892;-2248;-0,07688098495212038;-0,061048082117774176;-0,12692088787706318;-0,004492939666238785;0;0
2017-03-20;15;2017-03-20 15:00:00;30,82;29,6;1,2199999999999989;40560;6504;50495;23835;22425;5433;27858;30339;-1410;-1071;-2481;-0,08905879819082489;-0,06287625418060201;-0,19712865819988956;0,03958468526930561;0;0
2017-03-20;16;2017-03-20 16:00:00;30,56;30,02;0,5399999999999991;40560;4250;50495;24211;22696;3256;25952;28461;-1515;-994;-2509;-0,0966784833538841;-0,06675185054635178;-0,30528255528255527;0,0176701570680628;0;0
2017-03-20;17;2017-03-20 17:00:00;32,0;30,09;1,91;40560;1496;50495;25072;23037;1128;24165;26568;-2035;-368;-2403;-0,09944134078212291;-0,08833615488127794;-0,3262411347517731;0,0596875;0;0
2017-03-20;18;2017-03-20 18:00:00;38,38;32,48;5,900000000000006;40560;58;50495;25614;23472;59;23531;25672;-2142;1;-2141;-0,0909863584208066;-0,09125766871165644;0,01694915254237288;0,15372589890568017;0;0
2017-03-20;19;2017-03-20 19:00:00;36,94;33,16;3,780000000000001;40560;0;50495;26685;24099;0;24099;26685;-2586;0;-2586;-0,10730735715174904;-0,10730735715174904;;0,10232809962100707;0;0
2017-03-20;20;2017-03-20 20:00:00;32,42;30,72;1,7000000000000028;40560;0;50495;28165;24758;0;24758;28165;-3407;0;-3407;-0,1376120849826319;-0,1376120849826319;;0,052436767427513964;0;0
2017-03-20;21;2017-03-20 21:00:00;27,6;25,06;2,5400000000000027;40560;0;50495;28671;25174;0;25174;28671;-3497;0;-3497;-0,13891316437594342;-0,13891316437594342;;0,09202898550724647;0;0
2017-03-20;22;2017-03-20 22:00:00;25,2;20,87;4,329999999999998;40560;0;50495;27996;25034;0;25034;27996;-2962;0;-2962;-0,11831908604298154;-0,11831908604298154;;0,17182539682539677;0;0
2017-03-20;23;2017-03-20 23:00:00;10,75;12,98;-2,2300000000000004;40560;0;50495;27788;24316;0;24316;27788;-3472;0;-3472;-0,14278664253989143;-0,14278664253989143;;-0,2074418604651163;0;0
2017-03-21;0;2017-03-21 00:00:00;18,76;19,09;-0,3299999999999983;40566;0;50511;26777;26034;0;26034;26777;-743;0;-743;-0,028539602058846123;-0,028539602058846123;;-0,017590618336886903;0;1
2017-03-21;1;2017-03-21 01:00:00;17,48;15,32;2,16;40566;0;50511;25026;24849;0;24849;25026;-177;0;-177;-0,007123023059278039;-0,007123023059278039;;0,12356979405034325;0;1
2017-03-21;2;2017-03-21 02:00:00;15,92;14,49;1,4299999999999995;40566;0;50511;22584;23522;0;23522;22584;938;0;938;0,03987756143185103;0,03987756143185103;;0,08982412060301505;0;1
2017-03-21;3;2017-03-21 03:00:00;18,02;21,29;-3,27;40566;0;50511;20794;22126;0;22126;20794;1332;0;1332;0,06020066889632107;0,06020066889632107;;-0,18146503884572698;0;1
2017-03-21;4;2017-03-21 04:00:00;22,6;26,35;-3,75;40566;0;50511;19556;20783;0;20783;19556;1227;0;1227;0,059038637347832365;0,059038637347832365;;-0,165929203539823;0;1
2017-03-21;5;2017-03-21 05:00:00;23,99;28,12;-4,130000000000003;40566;0;50511;18490;19904;0;19904;18490;1414;0;1414;0,07104099678456592;0,07104099678456592;;-0,1721550646102544;0;1
2017-03-21;6;2017-03-21 06:00:00;31,01;42,42;-11,41;40566;134;50511;18352;19428;187;19615;18486;1076;53;1129;0,057557991333163395;0,05538398188182005;0,28342245989304815;-0,3679458239277652;0;1
2017-03-21;7;2017-03-21 07:00:00;35,96;43,32;-7,3599999999999985;40566;1569;50511;17740;19385;1867;21252;19309;1645;298;1943;0,09142668925277621;0,08485942739231364;0,15961435457953937;-0,20467185761957726;0;1
2017-03-21;8;2017-03-21 08:00:00;35,31;43,42;-8,11;40566;4258;50511;17448;19962;4508;24470;21706;2514;250;2764;0,11295463833265222;0,12593928464081755;0,05545696539485359;-0,2296799773435287;0;1
2017-03-21;9;2017-03-21 09:00:00;30,84;40,82;-9,98;40566;7283;50511;17782;21201;7230;28431;25065;3419;-53;3366;0,11839189616967395;0,16126597801990472;-0,007330567081604426;-0,3236057068741894;0;1
2017-03-21;10;2017-03-21 10:00:00;29,97;37,7;-7,730000000000004;40566;8978;50511;18822;21962;9371;31333;27800;3140;393;3533;0,112756518686369;0,14297422821236683;0,04193789350122719;-0,2579245912579247;0;1
2017-03-21;11;2017-03-21 11:00:00;29,69;34,85;-5,16;40566;9807;50511;18444;22778;10619;33397;28251;4334;812;5146;0,15408569632002875;0,1902713144262007;0,07646671061305207;-0,1737958908723476;0;1
2017-03-21;12;2017-03-21 12:00:00;29,08;35,18;-6,100000000000001;40566;10000;50511;18750;23239;10615;33854;28750;4489;615;5104;0,15076504992024575;0,19316665949481476;0,05793688177107866;-0,20976616231086664;0;1
2017-03-21;13;2017-03-21 13:00:00;28,86;35,08;-6,219999999999999;40566;9655;50511;18425;23296;9710;33006;28080;4871;55;4926;0,14924559171059806;0,20909168956043955;0,005664263645726055;-0,2155232155232155;0;1
2017-03-21;14;2017-03-21 14:00:00;28,94;35,57;-6,629999999999999;40566;8136;50511;18034;22783;8173;30956;26170;4749;37;4786;0,15460653831244348;0,20844489312206468;0,004527101431542885;-0,22909467864547334;0;1
2017-03-21;15;2017-03-21 15:00:00;29,37;38,86;-9,489999999999998;40566;5828;50511;18098;21978;6094;28072;23926;3880;266;4146;0,14769165004274723;0,17654017654017654;0,04364949130292091;-0,3231188287368062;0;1
2017-03-21;16;2017-03-21 16:00:00;30,1;41,17;-11,07;40566;3324;50511;17952;20378;3678;24056;21276;2426;354;2780;0,1155636847356169;0,11904995583472372;0,09624796084828711;-0,36777408637873754;0;1
2017-03-21;17;2017-03-21 17:00:00;36,65;40,95;-4,300000000000004;40566;1214;50511;16385;18056;1364;19420;17599;1671;150;1821;0,09376930998970134;0,09254541426672575;0,10997067448680352;-0,1173260572987723;0;1
2017-03-21;18;2017-03-21 18:00:00;42,98;45,97;-2,990000000000002;40566;108;50511;13816;15730;95;15825;13924;1914;-13;1901;0,1201263823064771;0,12167832167832168;-0,1368421052631579;-0,06956724057701262;0;1
2017-03-21;19;2017-03-21 19:00:00;47,25;48,26;-1,009999999999998;40566;0;50511;12890;14089;0;14089;12890;1199;0;1199;0,08510185250904961;0,08510185250904961;;-0,021375661375661333;0;1
2017-03-21;20;2017-03-21 20:00:00;41,77;44,47;-2,699999999999996;40566;0;50511;12132;13160;0;13160;12132;1028;0;1028;0,07811550151975684;0,07811550151975684;;-0,06463969355997118;0;1
2017-03-21;21;2017-03-21 21:00:00;37,75;41,19;-3,4399999999999977;40566;0;50511;11592;12508;0;12508;11592;916;0;916;0,07323313079629037;0,07323313079629037;;-0,09112582781456947;0;1
2017-03-21;22;2017-03-21 22:00:00;34,99;32,08;2,910000000000004;40566;0;50511;10812;11910;0;11910;10812;1098;0;1098;0,09219143576826197;0,09219143576826197;;0,08316661903400983;0;1
2017-03-21;23;2017-03-21 23:00:00;33,96;30,52;3,4400000000000013;40566;0;50511;10745;11341;0;11341;10745;596;0;596;0,05255268494841725;0,05255268494841725;;0,10129564193168437;0;1
2017-03-22;0;2017-03-22 00:00:00;30,45;31,58;-1,129999999999999;40571;0;50522;10647;11567;0;11567;10647;920;0;920;0,07953661277772975;0,07953661277772975;;-0,037110016420361214;0;2
2017-03-22;1;2017-03-22 01:00:00;29,98;31,5;-1,5199999999999996;40571;0;50522;10146;11051;0;11051;10146;905;0;905;0,08189304135372365;0,08189304135372365;;-0,05070046697798531;0;2
2017-03-22;2;2017-03-22 02:00:00;29,2;29,22;-0,01999999999999957;40571;0;50522;9481;10560;0;10560;9481;1079;0;1079;0,1021780303030303;0,1021780303030303;;-0,0006849315068493003;0;2
2017-03-22;3;2017-03-22 03:00:00;29,05;29,78;-0,7300000000000004;40571;0;50522;9460;9982;0;9982;9460;522;0;522;0,05229412943297936;0,05229412943297936;;-0,025129087779690203;0;2
2017-03-22;4;2017-03-22 04:00:00;29,05;29,5;-0,4499999999999993;40571;0;50522;9064;9528;0;9528;9064;464;0;464;0,04869857262804366;0,04869857262804366;;-0,015490533562822695;0;2
2017-03-22;5;2017-03-22 05:00:00;30,41;32,54;-2,129999999999999;40571;0;50522;9068;9126;0;9126;9068;58;0;58;0,006355467893929432;0,006355467893929432;;-0,07004274909569218;0;2
2017-03-22;6;2017-03-22 06:00:00;35,19;37,99;-2,8000000000000043;40571;242;50522;8849;8731;290;9021;9091;-118;48;-70;-0,00775967187673207;-0,013515061275913412;0,16551724137931034;-0,07956805910770118;0;2
2017-03-22;7;2017-03-22 07:00:00;40,19;41,94;-1,75;40571;2228;50522;7758;7926;2646;10572;9986;168;418;586;0,05542943624668937;0,021196063588190765;0,15797430083144368;-0,04354316994277184;0;2
2017-03-22;8;2017-03-22 08:00:00;43,02;47,04;-4,019999999999996;40571;5602;50522;5805;6411;6385;12796;11407;606;783;1389;0,10854954673335418;0,09452503509592887;0,12263116679718089;-0,09344490934449083;0;2
2017-03-22;9;2017-03-22 09:00:00;41,74;49,17;-7,43;40571;9263;50522;4989;5081;10007;15088;14252;92;744;836;0,05540827147401909;0,018106671914977366;0,07434795643049866;-0,17800670819357928;0;2
2017-03-22;10;2017-03-22 10:00:00;37,54;44,11;-6,57;40571;11939;50522;5386;4756;12506;17262;17325;-630;567;-63;-0,0036496350364963502;-0,13246425567703954;0,04533823764592995;-0,17501331912626533;0;2
2017-03-22;11;2017-03-22 11:00:00;36,69;40,62;-3,93;40571;12910;50522;5701;4781;13698;18479;18611;-920;788;-132;-0,007143243682017425;-0,19242836226730808;0,05752664622572638;-0,10711365494685202;0;2
2017-03-22;12;2017-03-22 12:00:00;36,25;38,99;-2,740000000000002;40571;12776;50522;5095;4469;13526;17995;17871;-626;750;124;0,006890803000833565;-0,14007607965987917;0,05544876534082508;-0,07558620689655178;0;2
2017-03-22;13;2017-03-22 13:00:00;35,95;39,05;-3,0999999999999943;40571;11712;50522;3891;4113;12288;16401;15603;222;576;798;0,04865556978233035;0,05397520058351568;0,046875;-0,08623087621696784;0;2
2017-03-22;14;2017-03-22 14:00:00;35,02;40,16;-5,1399999999999935;40571;9426;50522;3456;4043;10255;14298;12882;587;829;1416;0,0990348300461603;0,14518921592876577;0,08083861530960507;-0,1467732724157622;0;2
2017-03-22;15;2017-03-22 15:00:00;36,35;41,46;-5,1099999999999985;40571;6587;50522;3608;4248;7731;11979;10195;640;1144;1784;0,1489272894231572;0,15065913370998116;0,14797568231794075;-0,14057771664374136;0;2
2017-03-22;16;2017-03-22 16:00:00;36,9;42,98;-6,079999999999997;40571;3610;50522;3844;4713;4753;9466;7454;869;1143;2012;0,212550179590112;0,18438361977509019;0,24047969703345257;-0,1647696476964769;0;2
2017-03-22;17;2017-03-22 17:00:00;39,6;44,44;-4,839999999999995;40571;1225;50522;4212;5394;1759;7153;5437;1182;534;1716;0,23989934293303508;0,21913236929922136;0,30358158044343375;-0,12222222222222211;0;2
2017-03-22;18;2017-03-22 18:00:00;42,4;48,08;-5,68;40571;85;50522;4840;6611;128;6739;4925;1771;43;1814;0,2691794034723253;0,26788685524126454;0,3359375;-0,1339622641509434;0;2
2017-03-22;19;2017-03-22 19:00:00;45,0;52,71;-7,710000000000001;40571;0;50522;6411;8491;0;8491;6411;2080;0;2080;0,24496525733129196;0,24496525733129196;;-0,17133333333333337;0;2
2017-03-22;20;2017-03-22 20:00:00;38,98;46,51;-7,530000000000001;40571;0;50522;8036;10073;0;10073;8036;2037;0;2037;0,20222376650451704;0,20222376650451704;;-0,19317598768599287;0;2
2017-03-22;21;2017-03-22 21:00:00;32,18;41,42;-9,240000000000002;40571;0;50522;9176;10800;0;10800;9176;1624;0;1624;0,15037037037037038;0,15037037037037038;;-0,2871348663766315;0;2
2017-03-22;22;2017-03-22 22:00:00;31,65;33,65;-2,0;40571;0;50522;9926;10811;0;10811;9926;885;0;885;0,08186106743131995;0,08186106743131995;;-0,06319115323854661;0;2
2017-03-22;23;2017-03-22 23:00:00;29,17;28,9;0,2700000000000031;40571;0;50522;10236;10457;0;10457;10236;221;0;221;0,021134168499569665;0,021134168499569665;;0,009256085018855095;0;2
2017-03-23;0;2017-03-23 00:00:00;29,45;30,85;-1,400000000000002;40577;0;50544;9941;10896;0;10896;9941;955;0;955;0,08764684287812041;0,08764684287812041;;-0,04753820033955864;0;3
2017-03-23;1;2017-03-23 01:00:00;29,1;30,44;-1,34;40577;0;50544;9438;10649;0;10649;9438;1211;0;1211;0,11371959808432716;0,11371959808432716;;-0,04604810996563574;0;3
2017-03-23;2;2017-03-23 02:00:00;28,91;31,05;-2,140000000000001;40577;0;50544;9224;10298;0;10298;9224;1074;0;1074;0,10429209555253448;0,10429209555253448;;-0,07402282947077139;0;3
2017-03-23;3;2017-03-23 03:00:00;28,65;30,25;-1,6000000000000014;40577;0;50544;9060;9929;0;9929;9060;869;0;869;0,0875214019538725;0,0875214019538725;;-0,055846422338568985;0;3
2017-03-23;4;2017-03-23 04:00:00;28,53;30,61;-2,0799999999999983;40577;0;50544;8928;9767;0;9767;8928;839;0;839;0,08590150506808641;0,08590150506808641;;-0,07290571328426211;0;3
2017-03-23;5;2017-03-23 05:00:00;30,72;32,73;-2,009999999999998;40577;0;50544;8711;9810;0;9810;8711;1099;0;1099;0,11202854230377166;0,11202854230377166;;-0,06542968749999994;0;3
2017-03-23;6;2017-03-23 06:00:00;32,38;37,63;-5,25;40577;132;50544;9082;9830;217;10047;9214;748;85;833;0,0829103214890017;0,07609359104781281;0,391705069124424;-0,1621371216800494;0;3
2017-03-23;7;2017-03-23 07:00:00;39,61;47,03;-7,420000000000003;40577;1552;50544;8562;9787;2062;11849;10114;1225;510;1735;0,14642585872225505;0,12516603657913558;0,24733268671193018;-0,18732643271901042;0;3
2017-03-23;8;2017-03-23 08:00:00;40,5;45,46;-4,960000000000001;40577;4296;50544;7693;9393;5138;14531;11989;1700;842;2542;0,17493634299084715;0,1809858405195358;0,16387699493966523;-0,12246913580246915;0;3
2017-03-23;9;2017-03-23 09:00:00;38,91;44,08;-5,170000000000002;40577;7964;50544;7254;8822;8424;17246;15218;1568;460;2028;0,11759248521396266;0,17773747449557922;0,054605887939221276;-0,1328707273194552;0;3
2017-03-23;10;2017-03-23 10:00:00;37,1;41,54;-4,439999999999999;40577;11145;50544;7251;8545;11244;19789;18396;1294;99;1393;0,07039264237707818;0,15143358689291983;0,008804695837780149;-0,11967654986522906;0;3
2017-03-23;11;2017-03-23 11:00:00;36,44;38,36;-1,9200000000000017;40577;13292;50544;7626;8471;13101;21572;20918;845;-191;654;0,030317077693306136;0,09975209538425216;-0,014579039767956645;-0,052689352360043955;0;3
2017-03-23;12;2017-03-23 12:00:00;31,54;32,97;-1,4299999999999995;40577;14387;50544;8119;8417;13878;22295;22506;298;-509;-211;-0,00946400538237273;0,03540453843412142;-0,03667675457558726;-0,04533925174381736;0;3
2017-03-23;13;2017-03-23 13:00:00;32,03;31,95;0,08000000000000185;40577;13906;50544;8186;8311;13589;21900;22092;125;-317;-192;-0,008767123287671232;0,015040308025508362;-0,023327691515196116;0,0024976584452076752;0;3
2017-03-23;14;2017-03-23 14:00:00;32,05;31,74;0,3099999999999987;40577;12152;50544;8848;8074;12288;20362;21000;-774;136;-638;-0,03133287496316668;-0,0958632648005945;0,011067708333333334;0,00967238689547578;0;3
2017-03-23;15;2017-03-23 15:00:00;32,72;33,22;-0,5;40577;9300;50544;9332;7942;9755;17697;18632;-1390;455;-935;-0,052833813640730067;-0,17501888693024428;0,04664274730907227;-0,01528117359413203;0;3
2017-03-23;16;2017-03-23 16:00:00;33,24;33,5;-0,259999999999998;40577;5682;50544;9126;8151;6158;14309;14808;-975;476;-499;-0,03487315675449018;-0,11961722488038277;0,07729782396882104;-0,007821901323706318;0;3
2017-03-23;17;2017-03-23 17:00:00;37,92;38,74;-0,8200000000000003;40577;2039;50544;9141;8692;2357;11049;11180;-449;318;-131;-0,01185627658611639;-0,05165669581224114;0,13491726771319473;-0,02162447257383967;0;3
2017-03-23;18;2017-03-23 18:00:00;40,0;43,77;-3,770000000000003;40577;150;50544;9341;9473;174;9647;9491;132;24;156;0,016170830309940914;0,013934339702311834;0,13793103448275862;-0,09425000000000008;0;3
2017-03-23;19;2017-03-23 19:00:00;42,77;48,15;-5,379999999999996;40577;0;50544;9947;10186;0;10186;9947;239;0;239;0,023463577459257805;0,023463577459257805;;-0,12578910451250866;0;3
2017-03-23;20;2017-03-23 20:00:00;38,9;41,61;-2,7100000000000013;40577;0;50544;10005;10295;0;10295;10005;290;0;290;0,028169014084507043;0,028169014084507043;;-0,06966580976863757;0;3
2017-03-23;21;2017-03-23 21:00:00;34,97;36,02;-1,0500000000000045;40577;0;50544;9782;9912;0;9912;9782;130;0;130;0,013115415657788539;0,013115415657788539;;-0,030025736345439077;0;3
2017-03-23;22;2017-03-23 22:00:00;32,89;32,75;0,14000000000000054;40577;0;50544;9497;9193;0;9193;9497;-304;0;-304;-0,03306863918198629;-0,03306863918198629;;0,0042566129522651425;0;3
2017-03-23;23;2017-03-23 23:00:00;30,63;30,06;0,5700000000000003;40577;0;50544;8911;8235;0;8235;8911;-676;0;-676;-0,08208864602307225;-0,08208864602307225;;0,01860920666013713;0;3
2017-03-24;0;2017-03-24 00:00:00;29,04;27,68;1,3599999999999994;40583;0;50570;8065;8011;0;8011;8065;-54;0;-54;-0,006740731494195481;-0,006740731494195481;;0,046831955922864994;0;4
2017-03-24;1;2017-03-24 01:00:00;28,99;27,72;1,2699999999999996;40583;0;50570;7380;7430;0;7430;7380;50;0;50;0,006729475100942127;0,006729475100942127;;0,04380820972749223;0;4
2017-03-24;2;2017-03-24 02:00:00;29,21;27,9;1,3100000000000025;40583;0;50570;6962;7182;0;7182;6962;220;0;220;0,03063213589529379;0,03063213589529379;;0,044847654912701214;0;4
2017-03-24;3;2017-03-24 03:00:00;28,87;28,74;0,13000000000000256;40583;0;50570;6940;6957;0;6957;6940;17;0;17;0,002443582003737243;0,002443582003737243;;0,004502944232767667;0;4
2017-03-24;4;2017-03-24 04:00:00;29,0;28,27;0,7300000000000004;40583;0;50570;7131;7004;0;7004;7131;-127;0;-127;-0,018132495716733296;-0,018132495716733296;;0,025172413793103462;0;4
2017-03-24;5;2017-03-24 05:00:00;30,14;27,96;2,18;40583;0;50570;7112;7116;0;7116;7112;4;0;4;0,0005621135469364812;0,0005621135469364812;;0,07232913072329131;0;4
2017-03-24;6;2017-03-24 06:00:00;37,91;35,31;2,5999999999999943;40583;369;50570;7493;6950;427;7377;7862;-543;58;-485;-0,06574488274366273;-0,0781294964028777;0,1358313817330211;0,06858348720654167;0;4
2017-03-24;7;2017-03-24 07:00:00;41,69;39,68;2,009999999999998;40583;2818;50570;7702;6505;3459;9964;10520;-1197;641;-556;-0,055800883179446;-0,18401229823212914;0,18531367447239086;0,04821300071959698;0;4
2017-03-24;8;2017-03-24 08:00:00;43,79;38,45;5,339999999999995;40583;6651;50570;6404;5691;8023;13714;13055;-713;1372;659;0,04805308443925915;-0,12528553856967142;0,17100835099090117;0,12194564969171033;0;4
2017-03-24;9;2017-03-24 09:00:00;41,09;40,5;0,5900000000000034;40583;10461;50570;5578;4680;12884;17564;16039;-898;2423;1525;0,0868253245274425;-0,1918803418803419;0,1880627134430301;0,01435872475054766;0;4
2017-03-24;10;2017-03-24 10:00:00;35,71;39,66;-3,949999999999996;40583;13468;50570;5518;4175;16977;21152;18986;-1343;3509;2166;0,1024016641452345;-0,3216766467065868;0,2066914060199093;-0,11061327359283103;0;4
2017-03-24;11;2017-03-24 11:00:00;33,07;38,24;-5,170000000000002;40583;15608;50570;5252;4467;19725;24192;20860;-785;4117;3332;0,13773148148148148;-0,17573315424222072;0,20871989860583018;-0,15633504687027522;0;4
2017-03-24;12;2017-03-24 12:00:00;32,09;38,41;-6,319999999999991;40583;16750;50570;4470;4762;20690;25452;21220;292;3940;4232;0,16627377023416628;0,061318773624527506;0,1904301594973417;-0,1969460891243375;0;4
2017-03-24;13;2017-03-24 13:00:00;30,29;34,17;-3,8800000000000026;40583;16631;50570;3963;4938;20013;24951;20594;975;3382;4357;0,1746222596288726;0,19744835965978128;0,16899015639834108;-0,12809508088478055;0;4
2017-03-24;14;2017-03-24 14:00:00;29,9;33,75;-3,8500000000000014;40583;15202;50570;4095;5106;17632;22738;19297;1011;2430;3441;0,15133257102647552;0,19800235017626322;0,13781760435571688;-0,12876254180602012;0;4
2017-03-24;15;2017-03-24 15:00:00;30,07;33,2;-3,1300000000000026;40583;12154;50570;4662;5385;13521;18906;16816;723;1367;2090;0,11054691632286047;0,13426183844011141;0,1011019894978182;-0,1040904556035917;0;4
2017-03-24;16;2017-03-24 16:00:00;31,2;34,39;-3,1900000000000013;40583;7421;50570;5266;5851;8178;14029;12687;585;757;1342;0,09565899208781808;0,09998290890446078;0,0925654194179506;-0,10224358974358978;0;4
2017-03-24;17;2017-03-24 17:00:00;36,63;41,2;-4,57;40583;2682;50570;5471;6418;2990;9408;8153;947;308;1255;0,13339710884353742;0,14755375506388282;0,10301003344481606;-0,12476112476112476;0;4
2017-03-24;18;2017-03-24 18:00:00;40,59;44,44;-3,8499999999999934;40583;212;50570;6048;7006;223;7229;6260;958;11;969;0,13404343615991146;0,13673993719668856;0,04932735426008968;-0,09485094850948493;0;4
2017-03-24;19;2017-03-24 19:00:00;42,96;47,42;-4,460000000000001;40583;0;50570;7618;7651;0;7651;7618;33;0;33;0,004313161678211998;0,004313161678211998;;-0,1038175046554935;0;4
2017-03-24;20;2017-03-24 20:00:00;38,92;44,11;-5,189999999999999;40583;0;50570;8123;8262;0;8262;8123;139;0;139;0,0168240135560397;0,0168240135560397;;-0,1333504624871531;0;4
2017-03-24;21;2017-03-24 21:00:00;34,85;39,21;-4,3599999999999985;40583;0;50570;7820;8360;0;8360;7820;540;0;540;0,0645933014354067;0,0645933014354067;;-0,1251076040172166;0;4
2017-03-24;22;2017-03-24 22:00:00;34,37;37,66;-3,2899999999999987;40583;0;50570;7368;7921;0;7921;7368;553;0;553;0,069814417371544;0,069814417371544;;-0,09572301425661911;0;4
2017-03-24;23;2017-03-24 23:00:00;32,48;33,17;-0,6900000000000048;40583;0;50570;7113;7188;0;7188;7113;75;0;75;0,010434056761268781;0,010434056761268781;;-0,02124384236453217;0;4
2017-03-25;0;2017-03-25 00:00:00;32,64;30,77;1,870000000000001;40583;0;50576;6881;6090;0;6090;6881;-791;0;-791;-0,12988505747126436;-0,12988505747126436;;0,0572916666666667;0;5
2017-03-25;1;2017-03-25 01:00:00;29,14;29,91;-0,7699999999999996;40583;0;50576;6799;5886;0;5886;6799;-913;0;-913;-0,15511382942575602;-0,15511382942575602;;-0,02642415923129717;0;5
2017-03-25;2;2017-03-25 02:00:00;28,32;28,45;-0,129999999999999;40583;0;50576;6702;6028;0;6028;6702;-674;0;-674;-0,11181154611811546;-0,11181154611811546;;-0,004590395480225953;0;5
2017-03-25;3;2017-03-25 03:00:00;27,13;28,0;-0,870000000000001;40583;0;50576;7094;6306;0;6306;7094;-788;0;-788;-0,1249603552172534;-0,1249603552172534;;-0,032067821599705164;0;5
2017-03-25;4;2017-03-25 04:00:00;27,02;26,27;0,75;40583;0;50576;7452;6614;0;6614;7452;-838;0;-838;-0,12670093740550348;-0,12670093740550348;;0,027757216876387863;0;5
2017-03-25;5;2017-03-25 05:00:00;27,56;27,48;0,0799999999999983;40583;0;50576;7640;6862;0;6862;7640;-778;0;-778;-0,11337802389973768;-0,11337802389973768;;0,0029027576197386902;0;5
2017-03-25;6;2017-03-25 06:00:00;28,55;28,65;-0,09999999999999787;40583;550;50576;7860;7015;524;7539;8410;-845;-26;-871;-0,11553256400053058;-0,12045616535994298;-0,04961832061068702;-0,003502626970227596;0;5
2017-03-25;7;2017-03-25 07:00:00;29,92;29,23;0,6900000000000013;40583;4118;50576;7366;6847;4235;11082;11484;-519;117;-402;-0,03627504060638874;-0,07579962027165182;0,027626918536009445;0,02306149732620325;0;5
2017-03-25;8;2017-03-25 08:00:00;30,21;28,48;1,7300000000000004;40583;9551;50576;6210;6125;10040;16165;15761;-85;489;404;0,02499226724404578;-0,013877551020408163;0,04870517928286853;0,057265806024495214;0;5
2017-03-25;9;2017-03-25 09:00:00;29,0;28,85;0,14999999999999858;40583;15478;50576;5542;5294;15918;21212;21020;-248;440;192;0,00905148029417311;-0,04684548545523234;0,02764166352556854;0,0051724137931034;0;5
2017-03-25;10;2017-03-25 10:00:00;28,19;27,05;1,1400000000000006;40583;20143;50576;6858;5280;20438;25718;27001;-1578;295;-1283;-0,049887238509993;-0,2988636363636364;0,014433897641647911;0,040439872295140136;0;5
2017-03-25;11;2017-03-25 11:00:00;25,39;22,58;2,8100000000000023;40583;22659;50576;8386;6095;22872;28967;31045;-2291;213;-2078;-0,07173680394932164;-0,3758818703855619;0,009312696747114376;0,11067349350137859;0;5
2017-03-25;12;2017-03-25 12:00:00;22,91;15,18;7,73;40583;23570;50576;9414;6941;23270;30211;32984;-2473;-300;-2773;-0,09178775942537486;-0,35628871920472555;-0,01289213579716373;0,3374072457442165;0;5
2017-03-25;13;2017-03-25 13:00:00;21,09;13,6;7,49;40583;22967;50576;10034;7588;22118;29706;33001;-2446;-849;-3295;-0,11092035279068202;-0,3223510806536637;-0,03838502577086536;0,35514461830251304;0;5
2017-03-25;14;2017-03-25 14:00:00;15,97;11,68;4,290000000000001;40583;20352;50576;10474;8077;19419;27496;30826;-2397;-933;-3330;-0,12110852487634564;-0,29676860220378853;-0,04804572841031979;0,26862867877269886;0;5
2017-03-25;15;2017-03-25 15:00:00;20,07;13,93;6,1400000000000015;40583;15606;50576;10337;8511;15113;23624;25943;-1826;-493;-2319;-0,09816288520149001;-0,21454588180002349;-0,03262092238470191;0,30592924763328355;0;5
2017-03-25;16;2017-03-25 16:00:00;23,47;18,57;4,899999999999999;40583;9536;50576;9732;8832;9238;18070;19268;-900;-298;-1198;-0,06629773104593248;-0,10190217391304347;-0,03225806451612903;0,20877716233489557;0;5
2017-03-25;17;2017-03-25 17:00:00;28,04;28,01;0,02999999999999758;40583;3534;50576;8850;9032;3411;12443;12384;182;-123;59;0,004741621795386964;0,020150575730735164;-0,03605980650835532;0,001069900142653266;0;5
2017-03-25;18;2017-03-25 18:00:00;33,85;34,97;-1,1199999999999974;40583;296;50576;8554;9292;274;9566;8850;738;-22;716;0,07484842149278695;0,07942315970727508;-0,08029197080291971;-0,033087149187592244;0;5
2017-03-25;19;2017-03-25 19:00:00;39,17;39,61;-0,4399999999999977;40583;0;50576;9690;9857;0;9857;9690;167;0;167;0,016942274525717765;0,016942274525717765;;-0,011233086545825829;0;5
2017-03-25;20;2017-03-25 20:00:00;37,6;37,04;0,5600000000000023;40583;0;50576;10590;10064;0;10064;10590;-526;0;-526;-0,05226550079491256;-0,05226550079491256;;0,014893617021276655;0;5
2017-03-25;21;2017-03-25 21:00:00;33,31;32,4;0,9100000000000036;40583;0;50576;10298;9895;0;9895;10298;-403;0;-403;-0,040727640222334514;-0,040727640222334514;;0,027319123386370565;0;5
2017-03-25;22;2017-03-25 22:00:00;32,94;31,13;1,8099999999999987;40583;0;50576;9423;9362;0;9362;9423;-61;0;-61;-0,006515701773125401;-0,006515701773125401;;0,05494839101396475;0;5
2017-03-25;23;2017-03-25 23:00:00;29,0;28,36;0,6400000000000006;40583;0;50576;9225;8524;0;8524;9225;-701;0;-701;-0,082238385734397;-0,082238385734397;;0,0220689655172414;0;5
2017-03-26;0;2017-03-26 00:00:00;28,74;24,77;3,969999999999999;40583;0;50576;8505;7084;0;7084;8505;-1421;0;-1421;-0,20059288537549408;-0,20059288537549408;;0,13813500347947108;0;6
2017-03-26;1;2017-03-26 01:00:00;27,94;19,57;8,370000000000001;40583;0;50576;7559;6516;0;6516;7559;-1043;0;-1043;-0,16006752608962554;-0,16006752608962554;;0,2995705082319256;0;6
2017-03-26;3;2017-03-26 03:00:00;26,97;22,27;4,699999999999998;40583;0;50576;6547;5880;0;5880;6547;-667;0;-667;-0,11343537414965986;-0,11343537414965986;;0,17426770485724874;0;6
2017-03-26;4;2017-03-26 04:00:00;26,62;23,81;2,8100000000000023;40583;0;50576;5877;5199;0;5199;5877;-678;0;-678;-0,13040969417195614;-0,13040969417195614;;0,10555972952667175;0;6
2017-03-26;5;2017-03-26 05:00:00;24,65;23,79;0,8599999999999994;40583;0;50576;5222;4481;0;4481;5222;-741;0;-741;-0,1653648739120732;-0,1653648739120732;;0,03488843813387422;0;6
2017-03-26;6;2017-03-26 06:00:00;26,87;23,9;2,9700000000000024;40583;0;50576;4294;3725;0;3725;4294;-569;0;-569;-0,152751677852349;-0,152751677852349;;0,11053219203572766;0;6
2017-03-26;7;2017-03-26 07:00:00;27,67;24,99;2,6800000000000037;40583;678;50576;3430;3026;671;3697;4108;-404;-7;-411;-0,11117121990803354;-0,1335095836087244;-0,010432190760059613;0,09685580050596326;0;6
2017-03-26;8;2017-03-26 08:00:00;28,24;26,31;1,93;40583;4456;50576;2628;2401;4440;6841;7084;-227;-16;-243;-0,03552112264288847;-0,09454394002498959;-0,0036036036036036037;0,068342776203966;0;6
2017-03-26;9;2017-03-26 09:00:00;28,58;27,58;1,0;40583;10204;50576;1633;1820;9767;11587;11837;187;-437;-250;-0,021575904030378873;0,10274725274725274;-0,04474250025596396;0,03498950314905529;0;6
2017-03-26;10;2017-03-26 10:00:00;26,06;25,07;0,9899999999999984;40583;15644;50576;1120;1374;14949;16323;16764;254;-695;-441;-0,027017092446241498;0,1848617176128093;-0,04649140410729815;0,03798925556408283;0;6
2017-03-26;11;2017-03-26 11:00:00;24,93;23,16;1,7699999999999996;40583;20197;50576;892;1131;18983;20114;21089;239;-1214;-975;-0,04847369991051009;0,21131741821396993;-0,06395195701417057;0,07099879663056556;0;6
2017-03-26;12;2017-03-26 12:00:00;25,82;23,69;2,129999999999999;40583;23112;50576;743;1147;21524;22671;23855;404;-1588;-1184;-0,052225309867231264;0,35222319093286836;-0,07377810815833488;0,08249419054996122;0;6
2017-03-26;13;2017-03-26 13:00:00;22,06;14,19;7,869999999999999;40583;24096;50576;867;1227;22376;23603;24963;360;-1720;-1360;-0,057619794093971104;0,293398533007335;-0,07686807293528782;0,35675430643699;0;6
2017-03-26;14;2017-03-26 14:00:00;18,46;10,08;8,38;40583;23259;50576;1186;1348;21406;22754;24445;162;-1853;-1691;-0,07431660367407929;0,1201780415430267;-0,08656451462206857;0,45395449620801737;0;6
2017-03-26;15;2017-03-26 15:00:00;16,97;9,47;7,499999999999997;40583;20512;50576;1615;1527;18676;20203;22127;-88;-1836;-1924;-0,09523338118101272;-0,05762933857236411;-0,0983079888627115;0,4419563936358278;0;6
2017-03-26;16;2017-03-26 16:00:00;17,65;10,39;7,259999999999998;40583;15886;50576;2094;1730;14285;16015;17980;-364;-1601;-1965;-0,12269747112082423;-0,21040462427745665;-0,112075603780189;0,41133144475920674;0;6
2017-03-26;17;2017-03-26 17:00:00;22,22;18,79;3,43;40583;9797;50576;2368;2044;8677;10721;12165;-324;-1120;-1444;-0,13468892827161646;-0,15851272015655576;-0,12907686988590528;0,1543654365436544;0;6
2017-03-26;18;2017-03-26 18:00:00;30,31;31,2;-0,8900000000000006;40583;3649;50576;2559;2518;3230;5748;6208;-41;-419;-460;-0,08002783576896312;-0,016282764098490866;-0,12972136222910216;-0,02936324645331576;0;6
2017-03-26;19;2017-03-26 19:00:00;35,82;36,23;-0,4099999999999966;40583;316;50576;2723;3085;290;3375;3039;362;-26;336;0,09955555555555555;0,1173419773095624;-0,0896551724137931;-0,011446119486320397;0;6
2017-03-26;20;2017-03-26 20:00:00;40,07;36,92;3,1499999999999986;40583;0;50576;3646;3750;0;3750;3646;104;0;104;0,027733333333333332;0,027733333333333332;;0,07861242825056149;0;6
2017-03-26;21;2017-03-26 21:00:00;39,64;37,78;1,8599999999999997;40583;0;50576;4356;4299;0;4299;4356;-57;0;-57;-0,013258897418004187;-0,013258897418004187;;0,04692230070635721;0;6
2017-03-26;22;2017-03-26 22:00:00;38,79;35,87;2,9200000000000017;40583;0;50576;4384;4781;0;4781;4384;397;0;397;0,08303702154361012;0,08303702154361012;;0,0752771332817737;0;6
2017-03-26;23;2017-03-26 23:00:00;38,06;33,42;4,6400000000000015;40583;0;50576;4428;5086;0;5086;4428;658;0;658;0,1293747542272906;0,1293747542272906;;0,12191276931161327;0;6
2017-03-27;0;2017-03-27 00:00:00;28,25;29,74;-1,4899999999999984;40588;0;50593;4648;4757;0;4757;4648;109;0;109;0,02291360100903931;0,02291360100903931;;-0,052743362831858355;0;0
2017-03-27;1;2017-03-27 01:00:00;28,27;29,57;-1,3000000000000007;40588;0;50593;4507;4798;0;4798;4507;291;0;291;0,060650270946227595;0,060650270946227595;;-0,04598514326140788;0;0
2017-03-27;2;2017-03-27 02:00:00;28,3;28,96;-0,6600000000000001;40588;0;50593;4183;4707;0;4707;4183;524;0;524;0,1113235606543446;0,1113235606543446;;-0,023321554770318026;0;0
2017-03-27;3;2017-03-27 03:00:00;26,88;28,04;-1,16;40588;0;50593;3933;4557;0;4557;3933;624;0;624;0,1369321922317314;0,1369321922317314;;-0,043154761904761904;0;0
2017-03-27;4;2017-03-27 04:00:00;27,06;29,68;-2,620000000000001;40588;0;50593;3820;4373;0;4373;3820;553;0;553;0,12645780928424422;0,12645780928424422;;-0,09682187730968222;0;0
2017-03-27;5;2017-03-27 05:00:00;30,1;34,73;-4,629999999999996;40588;0;50593;3784;4227;0;4227;3784;443;0;443;0,10480246037378756;0,10480246037378756;;-0,15382059800664438;0;0
2017-03-27;6;2017-03-27 06:00:00;39,31;43,64;-4,329999999999998;40588;1;50593;4086;4112;1;4113;4087;26;0;26;0,006321419888159494;0,00632295719844358;0,0;-0,11015008903586869;0;0
2017-03-27;7;2017-03-27 07:00:00;48,0;51,25;-3,25;40588;927;50593;4402;3999;901;4900;5329;-403;-26;-429;-0,08755102040816326;-0,10077519379844961;-0,02885682574916759;-0,06770833333333333;0;0
2017-03-27;8;2017-03-27 08:00:00;48,16;54,46;-6,300000000000003;40588;5869;50593;4188;3649;5660;9309;10057;-539;-209;-748;-0,08035234719089053;-0,14771170183611948;-0,036925795053003536;-0,13081395348837216;0;0
2017-03-27;9;2017-03-27 09:00:00;40,91;41,73;-0,8200000000000003;40588;12746;50593;2871;2938;12246;15184;15617;67;-500;-433;-0,02851685985247629;0,022804628999319263;-0,04082965866405357;-0,02004399902224396;0;0
2017-03-27;10;2017-03-27 10:00:00;36,56;34,74;1,8200000000000005;40588;18982;50593;1951;2272;18325;20597;20933;321;-657;-336;-0,016313055299315433;0,14128521126760563;-0,035852660300136424;0,04978118161925603;0;0
2017-03-27;11;2017-03-27 11:00:00;33,24;30,64;2,6000000000000014;40588;23276;50593;2025;2006;22648;24654;25301;-19;-628;-647;-0,02624320597063357;-0,009471585244267198;-0,027728717767573297;0,07821901323706382;0;0
2017-03-27;12;2017-03-27 12:00:00;30,48;28,42;2,0599999999999987;40588;25567;50593;2069;2111;25028;27139;27636;42;-539;-497;-0,018313128707763734;0,01989578398863098;-0,02153587981460764;0,0675853018372703;0;0
2017-03-27;13;2017-03-27 13:00:00;29,67;27,58;2,0900000000000034;40588;26099;50593;1858;2180;25559;27739;27957;322;-540;-218;-0,00785897112368867;0,14770642201834863;-0,021127587151297;0,07044152342433445;0;0
2017-03-27;14;2017-03-27 14:00:00;29,11;27,56;1,5500000000000007;40588;24828;50593;1673;2151;24317;26468;26501;478;-511;-33;-0,0012467885748828774;0,2222222222222222;-0,02101410535839125;0,05324630711095846;0;0
2017-03-27;15;2017-03-27 15:00:00;28,92;29,9;-0,9799999999999968;40588;21755;50593;1633;2072;21311;23383;23388;439;-444;-5;-0,00021383056066373007;0,21187258687258687;-0,020834310919243582;-0,033886583679114686;0;0
2017-03-27;16;2017-03-27 16:00:00;29,9;30,43;-0,5300000000000011;40588;16972;50593;1554;1989;16466;18455;18526;435;-506;-71;-0,003847195881874831;0,2187028657616893;-0,030729989068383336;-0,017725752508361243;0;0
2017-03-27;17;2017-03-27 17:00:00;32,35;33,36;-1,009999999999998;40588;10501;50593;1496;2023;10119;12142;11997;527;-382;145;0,011942019436666118;0,2605042016806723;-0,03775076588595711;-0,03122102009273564;0;0
2017-03-27;18;2017-03-27 18:00:00;40,0;38,78;1,2199999999999989;40588;3964;50593;1449;2306;3830;6136;5413;857;-134;723;0,11782920469361147;0,37163920208152645;-0,03498694516971279;0,03049999999999997;0;0
2017-03-27;19;2017-03-27 19:00:00;46,99;44,95;2,039999999999999;40588;356;50593;1718;2825;372;3197;2074;1107;16;1123;0,35126681263684706;0,39185840707964603;0,043010752688172046;0,04341349223238985;0;0
2017-03-27;20;2017-03-27 20:00:00;46,27;42,88;3,390000000000001;40588;0;50593;2644;3429;0;3429;2644;785;0;785;0,2289297171186935;0,2289297171186935;;0,07326561486924575;0;0
2017-03-27;21;2017-03-27 21:00:00;39,98;38,7;1,2799999999999943;40588;0;50593;3630;3936;0;3936;3630;306;0;306;0,07774390243902439;0,07774390243902439;;0,03201600800400186;0;0
2017-03-27;22;2017-03-27 22:00:00;37,94;37,67;0,269999999999996;40588;0;50593;4084;4294;0;4294;4084;210;0;210;0,04890544946436889;0,04890544946436889;;0,007116499736425831;0;0
2017-03-27;23;2017-03-27 23:00:00;32,4;32,25;0,14999999999999858;40588;0;50593;4206;4402;0;4402;4206;196;0;196;0,044525215810995;0,044525215810995;;0,004629629629629586;0;0
2017-03-28;0;2017-03-28 00:00:00;28,71;28,59;0,12000000000000098;40592;0;50610;4051;4109;0;4109;4051;58;0;58;0,014115356534436603;0,014115356534436603;;0,004179728317659386;0;1
2017-03-28;1;2017-03-28 01:00:00;28,07;28,56;-0,4899999999999984;40592;0;50610;3908;3973;0;3973;3908;65;0;65;0,01636043292222502;0,01636043292222502;;-0,017456359102244332;0;1
2017-03-28;2;2017-03-28 02:00:00;27,43;28,76;-1,3300000000000018;40592;0;50610;3753;3818;0;3818;3753;65;0;65;0,017024620220010476;0,017024620220010476;;-0,048487057965731016;0;1
2017-03-28;3;2017-03-28 03:00:00;27,24;27,15;0,08999999999999986;40592;0;50610;3488;3714;0;3714;3488;226;0;226;0,06085083467959074;0,06085083467959074;;0,003303964757709246;0;1
2017-03-28;4;2017-03-28 04:00:00;27,72;28,29;-0,5700000000000003;40592;0;50610;3233;3626;0;3626;3233;393;0;393;0,1083838940981798;0,1083838940981798;;-0,020562770562770574;0;1
2017-03-28;5;2017-03-28 05:00:00;29,06;29,94;-0,8800000000000026;40592;0;50610;3210;3538;0;3538;3210;328;0;328;0,09270774448841153;0,09270774448841153;;-0,030282174810736497;0;1
2017-03-28;6;2017-03-28 06:00:00;38,91;36,29;2,619999999999997;40592;2;50610;3211;3486;2;3488;3213;275;0;275;0,07884174311926606;0,07888697647733792;0,0;0,06733487535337952;0;1
2017-03-28;7;2017-03-28 07:00:00;46,13;46,71;-0,5799999999999983;40592;993;50610;3252;3448;963;4411;4245;196;-30;166;0,037633189752890504;0,0568445475638051;-0,03115264797507788;-0,012573162800780366;0;1
2017-03-28;8;2017-03-28 08:00:00;50,0;50,74;-0,7400000000000021;40592;5914;50610;3073;3169;5655;8824;8987;96;-259;-163;-0,018472348141432456;0,03029346797096876;-0,045800176834659596;-0,014800000000000042;0;1
2017-03-28;9;2017-03-28 09:00:00;43,03;40,99;2,039999999999999;40592;12744;50610;2164;2459;12107;14566;14908;295;-637;-342;-0,023479335438692846;0,11996746644977634;-0,05261419013793673;0,04740878456890539;0;1
2017-03-28;10;2017-03-28 10:00:00;39,94;33,12;6,82;40592;18679;50610;926;1558;18065;19623;19605;632;-614;18;0,0009172909341079345;0,4056482670089859;-0,033988375311375586;0,17075613420130198;0;1
2017-03-28;11;2017-03-28 11:00:00;37,4;32,52;4,879999999999996;40592;22829;50610;637;1004;22274;23278;23466;367;-555;-188;-0,008076295214365495;0,3655378486055777;-0,024916943521594685;0,1304812834224598;0;1
2017-03-28;12;2017-03-28 12:00:00;32,29;29,95;2,34;40592;24964;50610;855;1270;24550;25820;25819;415;-414;1;3,872966692486444e-05;0,32677165354330706;-0,01686354378818737;0,07246825642613812;0;1
2017-03-28;13;2017-03-28 13:00:00;30,71;28,89;1,8200000000000005;40592;25286;50610;1748;1775;24932;26707;27034;27;-354;-327;-0,01224398097876961;0,015211267605633802;-0,014198620247072037;0,05926408336046892;0;1
2017-03-28;14;2017-03-28 14:00:00;29,98;28,12;1,8599999999999997;40592;23976;50610;2980;2479;23508;25987;26956;-501;-468;-969;-0,03728787470658406;-0,20209762000806777;-0,019908116385911178;0,062041360907271505;0;1
2017-03-28;15;2017-03-28 15:00:00;30,0;26,88;3,120000000000001;40592;20778;50610;4142;3315;20320;23635;24920;-827;-458;-1285;-0,05436852126084197;-0,24947209653092006;-0,022539370078740156;0,10400000000000004;0;1
2017-03-28;16;2017-03-28 16:00:00;30,05;27,11;2,9400000000000013;40592;15714;50610;4927;3994;15406;19400;20641;-933;-308;-1241;-0,06396907216494846;-0,23360040060090134;-0,01999221082695054;0,09783693843594014;0;1
2017-03-28;17;2017-03-28 17:00:00;32,16;28,57;3,5899999999999963;40592;9478;50610;5402;4468;9228;13696;14880;-934;-250;-1184;-0,08644859813084112;-0,20904207699194272;-0,027091460771564803;0,11162935323383075;0;1
2017-03-28;18;2017-03-28 18:00:00;37,46;31,59;5,870000000000001;40592;3525;50610;5485;4698;3434;8132;9010;-787;-91;-878;-0,10796851942941466;-0,16751809280544913;-0,02649970879440885;0,15670048051254673;0;1
2017-03-28;19;2017-03-28 19:00:00;41,41;35,57;5,839999999999996;40592;349;50610;4870;5130;352;5482;5219;260;3;263;0,04797519153593579;0,050682261208576995;0,008522727272727272;0,1410287370200434;0;1
2017-03-28;20;2017-03-28 20:00:00;41,01;38,67;2,3399999999999963;40592;0;50610;5840;6124;0;6124;5840;284;0;284;0,046374918354016983;0,046374918354016983;;0,05705925384052661;0;1
2017-03-28;21;2017-03-28 21:00:00;36,4;33,32;3,0799999999999983;40592;0;50610;7216;7983;0;7983;7216;767;0;767;0,09607916823249404;0,09607916823249404;;0,08461538461538458;0;1
2017-03-28;22;2017-03-28 22:00:00;33,56;30,61;2,950000000000003;40592;0;50610;8419;10157;0;10157;8419;1738;0;1738;0,17111351777099537;0,17111351777099537;;0,08790226460071522;0;1
2017-03-28;23;2017-03-28 23:00:00;28,9;28,07;0,8299999999999983;40592;0;50610;9580;12111;0;12111;9580;2531;0;2531;0,20898356865659318;0,20898356865659318;;0,028719723183390947;0;1
2017-03-29;0;2017-03-29 00:00:00;28,06;30,91;-2,8500000000000014;40599;0;50651;10689;12219;0;12219;10689;1530;0;1530;0,12521482936410508;0,12521482936410508;;-0,10156806842480405;0;2
2017-03-29;1;2017-03-29 01:00:00;26,71;27,94;-1,2300000000000004;40599;0;50651;12091;12974;0;12974;12091;883;0;883;0,06805919531370433;0,06805919531370433;;-0,046050168476226144;0;2
2017-03-29;2;2017-03-29 02:00:00;26,68;22,85;3,8299999999999983;40599;0;50651;12696;14017;0;14017;12696;1321;0;1321;0,0942427052864379;0,0942427052864379;;0,14355322338830578;0;2
2017-03-29;3;2017-03-29 03:00:00;26,07;19,21;6,8599999999999985;40599;0;50651;13438;15319;0;15319;13438;1881;0;1881;0,1227886937789673;0,1227886937789673;;0,2631377061756808;0;2
2017-03-29;4;2017-03-29 04:00:00;26,09;22,64;3,4499999999999997;40599;0;50651;15359;16470;0;16470;15359;1111;0;1111;0,06745598057073467;0,06745598057073467;;0,1322345726331928;0;2
2017-03-29;5;2017-03-29 05:00:00;26,95;26,75;0,1999999999999993;40599;0;50651;17720;17516;0;17516;17720;-204;0;-204;-0,011646494633477963;-0,011646494633477963;;0,0074211502782931095;0;2
2017-03-29;6;2017-03-29 06:00:00;34,16;29,25;4,909999999999997;40599;2;50651;20311;18321;3;18324;20313;-1990;1;-1989;-0,10854616895874264;-0,10861852518967305;0,3333333333333333;0,143735362997658;0;2
2017-03-29;7;2017-03-29 07:00:00;39,56;29,48;10,080000000000002;40599;751;50651;21334;19047;884;19931;22085;-2287;133;-2154;-0,10807285133711304;-0,12007140232057542;0,1504524886877828;0,2548028311425683;0;2
2017-03-29;8;2017-03-29 08:00:00;39,78;31,37;8,41;40599;4203;50651;20712;19568;4780;24348;24915;-1144;577;-567;-0,023287333661902415;-0,05846279640228945;0,12071129707112971;0,21141277023629965;0;2
2017-03-29;9;2017-03-29 09:00:00;30,88;28,57;2,3099999999999987;40599;9074;50651;19782;19974;9787;29761;28856;192;713;905;0,030408924431302713;0,009612496245118654;0,07285174210687646;0,07480569948186525;0;2
2017-03-29;10;2017-03-29 10:00:00;27,66;32,92;-5,260000000000002;40599;13347;50651;20644;20551;13971;34522;33991;-93;624;531;0,015381495857713921;-0,004525327234684444;0,044663946746832724;-0,19016630513376723;0;2
2017-03-29;11;2017-03-29 11:00:00;26,55;29,4;-2,8499999999999983;40599;15710;50651;22494;21177;16566;37743;38204;-1317;856;-461;-0,012214185411864451;-0,06219011191386882;0,051672099480864424;-0,10734463276836151;0;2
2017-03-29;12;2017-03-29 12:00:00;27,25;27,73;-0,4800000000000004;40599;15754;50651;23368;21627;17566;39193;39122;-1741;1812;71;0,001811547980506723;-0,0805012253202016;0,10315381987931231;-0,017614678899082584;0;2
2017-03-29;13;2017-03-29 13:00:00;26,05;29,71;-3,66;40599;14622;50651;21338;21595;16962;38557;35960;257;2340;2597;0,06735482532354696;0,0119009029868025;0,13795542978422357;-0,14049904030710172;0;2
2017-03-29;14;2017-03-29 14:00:00;26,09;31,8;-5,710000000000001;40599;13114;50651;18656;20813;14629;35442;31770;2157;1515;3672;0,10360589131538853;0,10363714985826167;0,10356141909904983;-0,2188577999233423;0;2
2017-03-29;15;2017-03-29 15:00:00;28,05;36,15;-8,099999999999998;40599;11501;50651;16270;19183;11679;30862;27771;2913;178;3091;0,10015553107381246;0,15185320335713914;0,015241030910180666;-0,28877005347593576;0;2
2017-03-29;16;2017-03-29 16:00:00;30,65;36,78;-6,130000000000003;40599;9023;50651;14046;17295;8402;25697;23069;3249;-621;2628;0,10226874732459042;0,18785776235906332;-0,07391097357771959;-0,2000000000000001;0;2
2017-03-29;17;2017-03-29 17:00:00;31,23;37,98;-6,7499999999999964;40599;5546;50651;12320;15142;5099;20241;17866;2822;-447;2375;0,11733609999505953;0,18636903975696736;-0,08766424789174349;-0,21613832853025924;0;2
2017-03-29;18;2017-03-29 18:00:00;35,19;40,09;-4,900000000000006;40599;2173;50651;10216;12879;2033;14912;12389;2663;-140;2523;0,1691925965665236;0,20677071201180217;-0,06886374815543532;-0,139244103438477;0;2
2017-03-29;19;2017-03-29 19:00:00;40,47;43,63;-3,160000000000004;40599;236;50651;8681;10864;246;11110;8917;2183;10;2193;0,1973897389738974;0,20093888070692195;0,04065040650406504;-0,07808253026933541;0;2
2017-03-29;20;2017-03-29 20:00:00;41,81;44,08;-2,269999999999996;40599;0;50651;7477;9249;0;9249;7477;1772;0;1772;0,19158827981403395;0,19158827981403395;;-0,05429323128438163;0;2
2017-03-29;21;2017-03-29 21:00:00;37,66;39,14;-1,4800000000000042;40599;0;50651;7012;8265;0;8265;7012;1253;0;1253;0,15160314579552328;0,15160314579552328;;-0,03929899097185354;0;2
2017-03-29;22;2017-03-29 22:00:00;35,07;36,43;-1,3599999999999994;40599;0;50651;6404;7540;0;7540;6404;1136;0;1136;0,1506631299734748;0,1506631299734748;;-0,038779583689763315;0;2
2017-03-29;23;2017-03-29 23:00:00;30,72;29,94;0,7799999999999976;40599;0;50651;5910;6951;0;6951;5910;1041;0;1041;0,14976262408286578;0,14976262408286578;;0,025390624999999924;0;2
2017-03-30;0;2017-03-30 00:00:00;28,73;30,65;-1,9199999999999984;40608;0;50733;5829;6651;0;6651;5829;822;0;822;0,12359043752819125;0,12359043752819125;;-0,0668290985033066;0;3
2017-03-30;1;2017-03-30 01:00:00;28,02;28,88;-0,8599999999999994;40608;0;50733;5680;6344;0;6344;5680;664;0;664;0,10466582597730138;0,10466582597730138;;-0,030692362598144163;0;3
2017-03-30;2;2017-03-30 02:00:00;27,3;27,85;-0,5500000000000007;40608;0;50733;5584;6135;0;6135;5584;551;0;551;0,08981255093724531;0,08981255093724531;;-0,020146520146520172;0;3
2017-03-30;3;2017-03-30 03:00:00;26,38;28,12;-1,740000000000002;40608;0;50733;5780;6147;0;6147;5780;367;0;367;0,05970392061168049;0,05970392061168049;;-0,06595905989385906;0;3
2017-03-30;4;2017-03-30 04:00:00;26,78;28,53;-1,75;40608;0;50733;5918;6246;0;6246;5918;328;0;328;0,052513608709574125;0,052513608709574125;;-0,06534727408513816;0;3
2017-03-30;5;2017-03-30 05:00:00;28,53;29,44;-0,91;40608;0;50733;6326;6445;0;6445;6326;119;0;119;0,018463925523661752;0,018463925523661752;;-0,0318962495618647;0;3
2017-03-30;6;2017-03-30 06:00:00;36,0;36,73;-0,7299999999999969;40608;1;50733;7001;6766;2;6768;7002;-235;1;-234;-0,034574468085106384;-0,034732485959207804;0,5;-0,02027777777777769;0;3
2017-03-30;7;2017-03-30 07:00:00;43,06;39,35;3,7100000000000013;40608;523;50733;7766;7078;490;7568;8289;-688;-33;-721;-0,09526955602536998;-0,09720259960440802;-0,0673469387755102;0,08615884811890388;0;3
2017-03-30;8;2017-03-30 08:00:00;46,01;41,16;4,850000000000001;40608;3121;50733;8048;7242;2761;10003;11169;-806;-360;-1166;-0,11656503049085275;-0,11129522231427783;-0,13038754074610648;0,10541186698543799;0;3
2017-03-30;9;2017-03-30 09:00:00;42,86;38,27;4,589999999999995;40608;7396;50733;7696;7248;6063;13311;15092;-448;-1333;-1781;-0,13379911351513785;-0,06181015452538632;-0,2198581560283688;0,10709286047596817;0;3
2017-03-30;10;2017-03-30 10:00:00;39,93;34,48;5,450000000000002;40608;12344;50733;7600;7242;9577;16819;19944;-358;-2767;-3125;-0,18580177180569593;-0,04943385805026236;-0,28892137412550906;0,13648885549712;0;3
2017-03-30;11;2017-03-30 11:00:00;38,42;33,26;5,160000000000005;40608;16687;50733;8072;7418;12538;19956;24759;-654;-4149;-4803;-0,24067949488875526;-0,08816392558641144;-0,33091402137501996;0,1343050494534098;0;3
2017-03-30;12;2017-03-30 12:00:00;33,01;27,17;5,839999999999996;40608;19126;50733;8638;7852;14480;22332;27764;-786;-4646;-5432;-0,24323840229267418;-0,10010188487009679;-0,3208563535911602;0,17691608603453488;0;3
2017-03-30;13;2017-03-30 13:00:00;30,98;26,5;4,48;40608;20040;50733;9272;8337;15246;23583;29312;-935;-4794;-5729;-0,2429292286816775;-0,11215065371236656;-0,3144431326249508;0,14460942543576502;0;3
2017-03-30;14;2017-03-30 14:00:00;29,58;24,5;5,079999999999998;40608;19404;50733;10070;8517;14926;23443;29474;-1553;-4478;-6031;-0,25726229578125664;-0,1823411999530351;-0,30001339943722366;0,1717376605814739;0;3
2017-03-30;15;2017-03-30 15:00:00;29,07;24,28;4,789999999999999;40608;17487;50733;10412;8310;13496;21806;27899;-2102;-3991;-6093;-0,27941850866733925;-0,2529482551143201;-0,29571724955542383;0,16477468180254554;0;3
2017-03-30;16;2017-03-30 16:00:00;28,93;25,95;2,9800000000000004;40608;13646;50733;10289;8052;10892;18944;23935;-2237;-2754;-4991;-0,26346072635135137;-0,277819175360159;-0,2528461255967683;0,10300725890079504;0;3
2017-03-30;17;2017-03-30 17:00:00;30,43;28,65;1,7800000000000011;40608;8737;50733;9333;8000;7161;15161;18070;-1333;-1576;-2909;-0,19187388694677132;-0,166625;-0,22008099427454267;0,058494906342425275;0;3
2017-03-30;18;2017-03-30 18:00:00;35,93;32,26;3,6700000000000017;40608;3496;50733;8318;8397;2969;11366;11814;79;-527;-448;-0,039415801513285234;0,009408121948314875;-0,177500842034355;0,1021430559421097;0;3
2017-03-30;19;2017-03-30 19:00:00;40,46;37,11;3,3500000000000014;40608;395;50733;8321;9076;354;9430;8716;755;-41;714;0,07571580063626723;0,08318642573821067;-0,11581920903954802;0,08279782501235791;0;3
2017-03-30;20;2017-03-30 20:00:00;40,07;37,27;2,799999999999997;40608;0;50733;9510;10134;0;10134;9510;624;0;624;0,0615748963883955;0,0615748963883955;;0,06987771400049905;0;3
2017-03-30;21;2017-03-30 21:00:00;35,0;33,67;1,3299999999999983;40608;0;50733;10635;11448;0;11448;10635;813;0;813;0,0710167714884696;0,0710167714884696;;0,03799999999999995;0;3
2017-03-30;22;2017-03-30 22:00:00;32,47;32,79;-0,3200000000000003;40608;0;50733;11457;12564;0;12564;11457;1107;0;1107;0,08810888252148998;0,08810888252148998;;-0,009855251000923939;0;3
2017-03-30;23;2017-03-30 23:00:00;28,94;26,75;2,1900000000000013;40608;0;50733;11893;13452;0;13452;11893;1559;0;1559;0,11589354742789176;0,11589354742789176;;0,07567380787836908;0;3
2017-03-31;0;2017-03-31 00:00:00;26,91;26,03;0,879999999999999;40620;0;50809;12340;13913;0;13913;12340;1573;0;1573;0,11305972831165097;0,11305972831165097;;0,03270159791898919;0;4
2017-03-31;1;2017-03-31 01:00:00;24,77;25,35;-0,5800000000000018;40620;0;50809;12930;14051;0;14051;12930;1121;0;1121;0,07978079851967831;0,07978079851967831;;-0,02341542188130811;0;4
2017-03-31;2;2017-03-31 02:00:00;24,45;24,94;-0,490000000000002;40620;0;50809;13368;13924;0;13924;13368;556;0;556;0,03993105429474289;0,03993105429474289;;-0,020040899795501103;0;4
2017-03-31;3;2017-03-31 03:00:00;23,05;25,56;-2,509999999999998;40620;0;50809;13612;13646;0;13646;13612;34;0;34;0,002491572622013777;0,002491572622013777;;-0,10889370932754872;0;4
2017-03-31;4;2017-03-31 04:00:00;23,45;20,07;3,379999999999999;40620;0;50809;13582;13381;0;13381;13582;-201;0;-201;-0,015021298856587699;-0,015021298856587699;;0,14413646055437096;0;4
2017-03-31;5;2017-03-31 05:00:00;27,24;22,84;4,399999999999999;40620;0;50809;14048;13215;0;13215;14048;-833;0;-833;-0,06303443057132047;-0,06303443057132047;;0,16152716593245223;0;4
2017-03-31;6;2017-03-31 06:00:00;33,09;28,84;4,250000000000004;40620;6;50809;14165;13146;9;13155;14171;-1019;3;-1016;-0,07723299125807678;-0,07751407272174045;0,3333333333333333;0,1284375944394078;0;4
2017-03-31;7;2017-03-31 07:00:00;37,95;35,77;2,18;40620;1132;50809;14047;13036;1141;14177;15179;-1011;9;-1002;-0,07067785850320943;-0,07755446455968089;0,007887817703768623;0,057444005270092226;0;4
2017-03-31;8;2017-03-31 08:00:00;38,99;36,31;2,68;40620;5826;50809;12975;12312;5766;18078;18801;-663;-60;-723;-0,039993362097577166;-0,05384990253411306;-0,01040582726326743;0,06873557322390357;0;4
2017-03-31;9;2017-03-31 09:00:00;37,97;34,8;3,1700000000000017;40620;12090;50809;10238;10489;11767;22256;22328;251;-323;-72;-0,003235082674335011;0,023929831251787586;-0,02744964731877284;0,08348696339215175;0;4
2017-03-31;10;2017-03-31 10:00:00;35,93;32,54;3,390000000000001;40620;17543;50809;7779;8828;17303;26131;25322;1049;-240;809;0,03095939688492595;0,11882646125962845;-0,013870427093567589;0,0943501252435291;0;4
2017-03-31;11;2017-03-31 11:00:00;33,32;31,29;2,0300000000000007;40620;21171;50809;7488;8387;21265;29652;28659;899;94;993;0,03348846620801295;0,10718969834267318;0,00442040912297202;0,06092436974789918;0;4
2017-03-31;12;2017-03-31 12:00:00;30,02;30,14;-0,12000000000000098;40620;22856;50809;8487;9090;23426;32516;31343;603;570;1173;0,036074547914872676;0,06633663366336634;0,024331938871339536;-0,0039973351099267486;0;4
2017-03-31;13;2017-03-31 13:00:00;28,09;28,09;0,0;40620;23016;50809;9860;9690;23827;33517;32876;-170;811;641;0,019124623325476625;-0,017543859649122806;0,03403701682964704;0,0;0;4
2017-03-31;14;2017-03-31 14:00:00;27,63;27,4;0,23000000000000045;40620;21852;50809;10946;9986;22621;32607;32798;-960;769;-191;-0,00585763793050572;-0,09613458842379331;0,03399496043499403;0,008324285197249384;0;4
2017-03-31;15;2017-03-31 15:00:00;28,29;26,68;1,6099999999999994;40620;18589;50809;11313;9825;19764;29589;29902;-1488;1175;-313;-0,010578255432762175;-0,15145038167938932;0,05945152803076301;0,05691056910569104;0;4
2017-03-31;16;2017-03-31 16:00:00;28,36;27,01;1,349999999999998;40620;13955;50809;11145;9349;15308;24657;25100;-1796;1353;-443;-0,017966500385286126;-0,19210610760509145;0,08838515808727462;0,0476022566995768;0;4
2017-03-31;17;2017-03-31 17:00:00;30,43;30,69;-0,2600000000000016;40620;8292;50809;10939;8815;9553;18368;19231;-2124;1261;-863;-0,0469838850174216;-0,24095292115711855;0,1320004187166335;-0,008544199802826212;0;4
2017-03-31;18;2017-03-31 18:00:00;34,67;33,41;1,2600000000000051;40620;3166;50809;10353;8825;3762;12587;13519;-1528;596;-932;-0,07404464924128068;-0,17314447592067989;0,15842636895268475;0,0363426593596771;0;4
2017-03-31;19;2017-03-31 19:00:00;38,98;36,23;2,75;40620;355;50809;9964;9371;432;9803;10319;-593;77;-516;-0,052636947873100075;-0,06328033294205528;0,17824074074074073;0,07054899948691637;0;4
2017-03-31;20;2017-03-31 20:00:00;39,96;37,53;2,43;40620;0;50809;10722;9889;0;9889;10722;-833;0;-833;-0,08423500859540904;-0,08423500859540904;;0,060810810810810814;0;4
2017-03-31;21;2017-03-31 21:00:00;37,91;34,85;3,059999999999995;40620;0;50809;10866;9986;0;9986;10866;-880;0;-880;-0,08812337272181053;-0,08812337272181053;;0,08071748878923755;0;4
2017-03-31;22;2017-03-31 22:00:00;35,95;32,45;3,5;40620;0;50809;10626;9757;0;9757;10626;-869;0;-869;-0,08906426155580609;-0,08906426155580609;;0,09735744089012517;0;4
2017-03-31;23;2017-03-31 23:00:00;32,02;32,48;-0,4599999999999938;40620;0;50809;9449;9095;0;9095;9449;-354;0;-354;-0,038922484881803186;-0,038922484881803186;;-0,014366021236726851;0;4
2017-04-01;0;2017-04-01 00:00:00;27,08;30,04;-2,9600000000000013;40621;0;50833;8018;8469;0;8469;8018;451;0;451;0,053253040500649426;0,053253040500649426;;-0,1093057607090104;1;5
2017-04-01;1;2017-04-01 01:00:00;28,07;33,77;-5,700000000000002;40621;0;50833;6818;7105;0;7105;6818;287;0;287;0,04039408866995074;0,04039408866995074;;-0,20306376914855725;1;5
2017-04-01;2;2017-04-01 02:00:00;28,08;32,32;-4,240000000000002;40621;0;50833;5954;5973;0;5973;5954;19;0;19;0,003180981081533568;0,003180981081533568;;-0,15099715099715108;1;5
2017-04-01;3;2017-04-01 03:00:00;26,9;31,02;-4,120000000000001;40621;0;50833;5231;5090;0;5090;5231;-141;0;-141;-0,027701375245579567;-0,027701375245579567;;-0,15315985130111529;1;5
2017-04-01;4;2017-04-01 04:00:00;27,0;30,04;-3,0399999999999987;40621;0;50833;5272;4382;0;4382;5272;-890;0;-890;-0,2031036056595162;-0,2031036056595162;;-0,11259259259259255;1;5
2017-04-01;5;2017-04-01 05:00:00;27,98;29,86;-1,879999999999999;40621;0;50833;4852;3829;0;3829;4852;-1023;0;-1023;-0,26717158527030554;-0,26717158527030554;;-0,0671908506075768;1;5
2017-04-01;6;2017-04-01 06:00:00;29,87;28,34;1,5300000000000011;40621;8;50833;4060;3467;12;3479;4068;-593;4;-589;-0,16930152342627192;-0,1710412460340352;0,3333333333333333;0,051221961834616705;1;5
2017-04-01;7;2017-04-01 07:00:00;32,09;30,69;1,400000000000002;40621;1176;50833;3170;3196;1114;4310;4346;26;-62;-36;-0,008352668213457077;0,008135168961201502;-0,05565529622980251;0,04362729822374577;1;5
2017-04-01;8;2017-04-01 08:00:00;34,42;33,11;1,3100000000000025;40621;5499;50833;2468;2832;5211;8043;7967;364;-288;76;0,009449210493596916;0,1285310734463277;-0,055267702936096716;0,03805926786751895;1;5
2017-04-01;9;2017-04-01 09:00:00;35,1;36,17;-1,0700000000000005;40621;10798;50833;1543;2227;10620;12847;12341;684;-178;506;0,03938662722814665;0,307139649753031;-0,016760828625235404;-0,030484330484330496;1;5
2017-04-01;10;2017-04-01 10:00:00;28,9;33,76;-4,8599999999999985;40621;15410;50833;929;1662;15463;17125;16339;733;53;786;0,045897810218978104;0,44103489771359805;0,003427536700510897;-0,1681660899653979;1;5
2017-04-01;11;2017-04-01 11:00:00;27,09;31,13;-4,039999999999999;40621;18453;50833;766;1414;18995;20409;19219;648;542;1190;0,05830760938801509;0,4582743988684583;0,02853382469070808;-0,14913252122554446;1;5
2017-04-01;12;2017-04-01 12:00:00;25,99;32,24;-6,250000000000004;40621;19886;50833;732;1342;20997;22339;20618;610;1111;1721;0,07704015399077846;0,45454545454545453;0,05291232080773444;-0,24047710657945381;1;5
2017-04-01;13;2017-04-01 13:00:00;26,07;30,98;-4,91;40621;19784;50833;725;1280;21165;22445;20509;555;1381;1936;0,08625529071062597;0,43359375;0,06524923222300968;-0,1883390870732643;1;5
2017-04-01;14;2017-04-01 14:00:00;25,29;29,33;-4,039999999999999;40621;18204;50833;811;1267;19634;20901;19015;456;1430;1886;0,09023491698961772;0,35990528808208366;0,07283284099011918;-0,15974693554764727;1;5
2017-04-01;15;2017-04-01 15:00:00;24,81;29,4;-4,59;40621;15152;50833;1086;1272;16543;17815;16238;186;1391;1577;0,08852090934605669;0,14622641509433962;0,08408390255697273;-0,18500604594921402;1;5
2017-04-01;16;2017-04-01 16:00:00;25,65;30,33;-4,68;40621;10894;50833;1597;1353;12383;13736;12491;-244;1489;1245;0,0906377402446127;-0,180339985218034;0,12024549785996931;-0,1824561403508772;1;5
2017-04-01;17;2017-04-01 17:00:00;27,99;32,43;-4,440000000000001;40621;6485;50833;2202;1561;7497;9058;8687;-641;1012;371;0,04095826893353941;-0,41063420884048685;0,1349873282646392;-0,1586280814576635;1;5
2017-04-01;18;2017-04-01 18:00:00;33,66;34,28;-0,6200000000000045;40621;2708;50833;2973;1936;2880;4816;5681;-1037;172;-865;-0,179609634551495;-0,5356404958677686;0,059722222222222225;-0,01841948900772444;1;5
2017-04-01;19;2017-04-01 19:00:00;38,7;36,38;2,3200000000000003;40621;344;50833;4485;2361;376;2737;4829;-2124;32;-2092;-0,7643405188162221;-0,8996188055908514;0,0851063829787234;0,059948320413436694;1;5
2017-04-01;20;2017-04-01 20:00:00;39,6;40,31;-0,7100000000000009;40621;0;50833;6038;2520;0;2520;6038;-3518;0;-3518;-1,396031746031746;-1,396031746031746;;-0,01792929292929295;1;5
2017-04-01;21;2017-04-01 21:00:00;38,98;35,51;3,469999999999999;40621;0;50833;6776;2679;0;2679;6776;-4097;0;-4097;-1,5293019783501307;-1,5293019783501307;;0,08902001026167262;1;5
2017-04-01;22;2017-04-01 22:00:00;37,96;32,73;5,230000000000004;40621;0;50833;6061;2877;0;2877;6061;-3184;0;-3184;-1,1067083767813695;-1,1067083767813695;;0,13777660695468924;1;5
2017-04-01;23;2017-04-01 23:00:00;31,86;29,6;2,259999999999998;40621;0;50833;4968;3009;0;3009;4968;-1959;0;-1959;-0,6510468594217348;-0,6510468594217348;;0,07093534212178274;1;5
2017-04-02;0;2017-04-02 00:00:00;32,92;28,9;4,020000000000003;40621;0;50839;4640;4405;0;4405;4640;-235;0;-235;-0,053348467650397274;-0,053348467650397274;;0,12211421628189559;1;6
2017-04-02;1;2017-04-02 01:00:00;27,5;26,46;1,0399999999999991;40621;0;50839;5173;4488;0;4488;5173;-685;0;-685;-0,15262923351158644;-0,15262923351158644;;0,037818181818181786;1;6
2017-04-02;2;2017-04-02 02:00:00;26,77;25,51;1,259999999999998;40621;0;50839;5476;4704;0;4704;5476;-772;0;-772;-0,1641156462585034;-0,1641156462585034;;0,047067612999626376;1;6
2017-04-02;3;2017-04-02 03:00:00;26,67;23,94;2,7300000000000004;40621;0;50839;5485;4939;0;4939;5485;-546;0;-546;-0,11054869406762502;-0,11054869406762502;;0,10236220472440946;1;6
2017-04-02;4;2017-04-02 04:00:00;26,49;24,3;2,1899999999999977;40621;0;50839;5313;5149;0;5149;5313;-164;0;-164;-0,031850844824237716;-0,031850844824237716;;0,08267270668176663;1;6
2017-04-02;5;2017-04-02 05:00:00;26,42;22,71;3,7100000000000013;40621;0;50839;4744;5356;0;5356;4744;612;0;612;0,11426437640029873;0,11426437640029873;;0,14042392127176387;1;6
2017-04-02;6;2017-04-02 06:00:00;26,65;23,47;3,18;40621;8;50839;4370;5431;12;5443;4378;1061;4;1065;0,19566415579643578;0,1953599705394955;0,3333333333333333;0,11932457786116324;1;6
2017-04-02;7;2017-04-02 07:00:00;27,14;24,14;3,0;40621;766;50839;4442;5430;916;6346;5208;988;150;1138;0,17932555940750078;0,18195211786372006;0,16375545851528384;0,1105379513633014;1;6
2017-04-02;8;2017-04-02 08:00:00;29,06;25,92;3,139999999999997;40621;3662;50839;3775;5256;4201;9457;7437;1481;539;2020;0,21359839272496564;0,2817732115677321;0,1283027850511783;0,10805230557467299;1;6
2017-04-02;9;2017-04-02 09:00:00;29,56;28,29;1,2699999999999996;40621;7874;50839;3203;4946;8447;13393;11077;1743;573;2316;0,1729261554543418;0,3524059846340477;0,0678347342251687;0,042963464140730705;1;6
2017-04-02;10;2017-04-02 10:00:00;28,54;30,72;-2,18;40621;12496;50839;3060;4877;12579;17456;15556;1817;83;1900;0,10884509624197984;0,3725651014968218;0,006598298751888067;-0,07638402242466714;1;6
2017-04-02;11;2017-04-02 11:00:00;28,2;29,79;-1,59;40621;15863;50839;3231;5109;15722;20831;19094;1878;-141;1737;0,0833853391579857;0,367586611861421;-0,008968324640630963;-0,05638297872340426;1;6
2017-04-02;12;2017-04-02 12:00:00;27,22;29,67;-2,450000000000003;40621;17690;50839;3914;5629;17537;23166;21604;1715;-153;1562;0,06742640075973409;0,3046722330786996;-0,008724411244796716;-0,09000734753857469;1;6
2017-04-02;13;2017-04-02 13:00:00;26,02;24,23;1,7899999999999991;40621;18359;50839;4383;6183;17781;23964;22742;1800;-578;1222;0,05099315640126857;0,29112081513828236;-0,03250660817726787;0,06879323597232895;1;6
2017-04-02;14;2017-04-02 14:00:00;21,05;13,57;7,48;40621;17914;50839;4843;6653;16712;23365;22757;1810;-1202;608;0,026021827519794566;0,27205771832256126;-0,07192436572522738;0,3553444180522565;1;6
2017-04-02;15;2017-04-02 15:00:00;20,57;11,07;9,5;40621;15975;50839;4885;6906;14495;21401;20860;2021;-1480;541;0,025279192561095277;0,2926440776136693;-0,10210417385305277;0,46183762761302866;1;6
2017-04-02;16;2017-04-02 16:00:00;23,31;17,71;5,599999999999998;40621;12354;50839;5011;7011;11315;18326;17365;2000;-1039;961;0,05243915748117429;0,2852660105548424;-0,09182501104728237;0,24024024024024015;1;6
2017-04-02;17;2017-04-02 17:00:00;26,0;24,37;1,629999999999999;40621;7897;50839;4820;6809;7277;14086;12717;1989;-620;1369;0,0971886979980122;0,2921133793508592;-0,08519994503229353;0,06269230769230766;1;6
2017-04-02;18;2017-04-02 18:00:00;29,6;28,38;1,2200000000000024;40621;3371;50839;4455;6330;3060;9390;7826;1875;-311;1564;0,1665601703940362;0,2962085308056872;-0,10163398692810457;0,041216216216216295;1;6
2017-04-02;19;2017-04-02 19:00:00;39,1;38,0;1,1000000000000014;40621;445;50839;4449;5935;416;6351;4894;1486;-29;1457;0,22941269091481656;0,25037910699241783;-0,06971153846153846;0,028132992327365765;1;6
2017-04-02;20;2017-04-02 20:00:00;42,22;40,03;2,1899999999999977;40621;0;50839;4978;5777;0;5777;4978;799;0;799;0,13830707979920373;0,13830707979920373;;0,051871151113216434;1;6
2017-04-02;21;2017-04-02 21:00:00;39,92;35,68;4,240000000000002;40621;0;50839;5424;5705;0;5705;5424;281;0;281;0,049255039439088516;0,049255039439088516;;0,10621242484969945;1;6
2017-04-02;22;2017-04-02 22:00:00;40,51;36,15;4,3599999999999985;40621;0;50839;5498;5693;0;5693;5498;195;0;195;0,03425259090110662;0,03425259090110662;;0,10762774623549738;1;6
2017-04-02;23;2017-04-02 23:00:00;37,78;34,51;3,270000000000003;40621;0;50839;5235;5628;0;5628;5235;393;0;393;0,06982942430703624;0,06982942430703624;;0,086553732133404;1;6
2017-04-03;0;2017-04-03 00:00:00;34,38;31,33;3,0500000000000043;40626;0;50842;4887;4201;0;4201;4887;-686;0;-686;-0,16329445370149964;-0,16329445370149964;;0,08871436881908097;1;0
2017-04-03;1;2017-04-03 01:00:00;31,95;29,04;2,91;40626;0;50842;4630;4043;0;4043;4630;-587;0;-587;-0,14518921592876577;-0,14518921592876577;;0,09107981220657278;1;0
2017-04-03;2;2017-04-03 02:00:00;29,88;26,21;3,669999999999998;40626;0;50842;4201;3893;0;3893;4201;-308;0;-308;-0,07911636270228616;-0,07911636270228616;;0,12282463186077638;1;0
2017-04-03;3;2017-04-03 03:00:00;28,75;25,84;2,91;40626;0;50842;4099;3685;0;3685;4099;-414;0;-414;-0,11234735413839891;-0,11234735413839891;;0,10121739130434783;1;0
2017-04-03;4;2017-04-03 04:00:00;28,44;23,51;4,93;40626;0;50842;3877;3438;0;3438;3877;-439;0;-439;-0,12769051774287377;-0,12769051774287377;;0,17334739803094232;1;0
2017-04-03;5;2017-04-03 05:00:00;31,64;29,61;2,0300000000000007;40626;0;50842;3533;3154;0;3154;3533;-379;0;-379;-0,12016487000634116;-0,12016487000634116;;0,06415929203539825;1;0
2017-04-03;6;2017-04-03 06:00:00;41,77;43,33;-1,5599999999999952;40626;9;50842;3305;2809;12;2821;3314;-496;3;-493;-0,17476072314781993;-0,17657529369882521;0,25;-0,037347378501316614;1;0
2017-04-03;7;2017-04-03 07:00:00;49,28;76,05;-26,77;40626;768;50842;2943;2446;727;3173;3711;-497;-41;-538;-0,1695556255909234;-0,20318887980376124;-0,05639614855570839;-0,5432224025974026;1;0
2017-04-03;8;2017-04-03 08:00:00;54,02;72,55;-18,529999999999994;40626;3481;50842;2477;2013;3200;5213;5958;-464;-281;-745;-0,14291195089200076;-0,23050173869846002;-0,0878125;-0,3430211032950758;1;0
2017-04-03;9;2017-04-03 09:00:00;50,0;56,87;-6,869999999999997;40626;7200;50842;1850;1542;6376;7918;9050;-308;-824;-1132;-0,1429653953018439;-0,19974059662775617;-0,12923462986198245;-0,13739999999999994;1;0
2017-04-03;10;2017-04-03 10:00:00;48,43;44,41;4,020000000000003;40626;11282;50842;1546;1177;9638;10815;12828;-369;-1644;-2013;-0,18613037447988903;-0,3135089209855565;-0,17057480805146297;0,08300640099112128;1;0
2017-04-03;11;2017-04-03 11:00:00;44,95;41,04;3,910000000000004;40626;14256;50842;1330;962;12491;13453;15586;-368;-1765;-2133;-0,1585519958373597;-0,38253638253638256;-0,1413017372508206;0,08698553948832044;1;0
2017-04-03;12;2017-04-03 12:00:00;38,93;36,89;2,039999999999999;40626;15822;50842;1131;903;14573;15476;16953;-228;-1249;-1477;-0,09543809769966399;-0,25249169435215946;-0,08570644342276813;0,052401746724890806;1;0
2017-04-03;13;2017-04-03 13:00:00;36,68;37,44;-0,7599999999999979;40626;16140;50842;1043;906;15527;16433;17183;-137;-613;-750;-0,045639870991298;-0,15121412803532008;-0,039479616152508536;-0,020719738276990127;1;0
2017-04-03;14;2017-04-03 14:00:00;32,94;33,93;-0,9900000000000021;40626;15513;50842;1124;979;15266;16245;16637;-145;-247;-392;-0,024130501692828564;-0,1481103166496425;-0,016179745840429714;-0,030054644808743234;1;0
2017-04-03;15;2017-04-03 15:00:00;30,91;33,81;-2,9000000000000017;40626;14072;50842;1329;1110;13709;14819;15401;-219;-363;-582;-0,03927390512180309;-0,1972972972972973;-0,02647895543073893;-0,09382076997735365;1;0
2017-04-03;16;2017-04-03 16:00:00;31,72;34,0;-2,2800000000000007;40626;10910;50842;1385;1278;10869;12147;12295;-107;-41;-148;-0,012184078373260887;-0,0837245696400626;-0,0037721961542000184;-0,07187894073139978;1;0
2017-04-03;17;2017-04-03 17:00:00;32,19;36,6;-4,410000000000005;40626;6879;50842;1392;1488;7127;8615;8271;96;248;344;0,03993035403366222;0,06451612903225806;0,03479724989476638;-0,13699906803355094;1;0
2017-04-03;18;2017-04-03 18:00:00;37,46;40,59;-3,1300000000000026;40626;2954;50842;1458;1790;3129;4919;4412;332;175;507;0,10306972961984143;0,18547486033519553;0,05592841163310962;-0,08355579284570215;1;0
2017-04-03;19;2017-04-03 19:00:00;41,78;43,93;-2,1499999999999986;40626;448;50842;1819;2160;470;2630;2267;341;22;363;0,13802281368821293;0,15787037037037038;0,04680851063829787;-0,05146002872187646;1;0
2017-04-03;20;2017-04-03 20:00:00;43,59;45,44;-1,8499999999999943;40626;1;50842;2355;2487;0;2487;2356;132;-1;131;0,052673904302372336;0,05307599517490953;-inf;-0,04244092681807741;1;0
2017-04-03;21;2017-04-03 21:00:00;38,97;40,24;-1,2700000000000031;40626;0;50842;2907;2648;0;2648;2907;-259;0;-259;-0,09780966767371602;-0,09780966767371602;;-0,03258917115730057;1;0
2017-04-03;22;2017-04-03 22:00:00;35,18;36,56;-1,3800000000000026;40626;0;50842;3272;2755;0;2755;3272;-517;0;-517;-0,18765880217785844;-0,18765880217785844;;-0,03922683342808421;1;0
2017-04-03;23;2017-04-03 23:00:00;31,08;31,12;-0,0400000000000027;40626;0;50842;3360;2786;0;2786;3360;-574;0;-574;-0,20603015075376885;-0,20603015075376885;;-0,001287001287001374;1;0
2017-04-04;0;2017-04-04 00:00:00;31,57;27,96;3,61;40629;0;50842;3281;2964;0;2964;3281;-317;0;-317;-0,10695006747638326;-0,10695006747638326;;0,11434906556857775;1;1
2017-04-04;1;2017-04-04 01:00:00;30,13;27,24;2,890000000000001;40629;0;50842;3190;2819;0;2819;3190;-371;0;-371;-0,13160695282014898;-0,13160695282014898;;0,0959176900099569;1;1
2017-04-04;2;2017-04-04 02:00:00;29,29;26,79;2,5;40629;0;50842;2928;2633;0;2633;2928;-295;0;-295;-0,11203949867071782;-0,11203949867071782;;0,08535336292249915;1;1
2017-04-04;3;2017-04-04 03:00:00;29,47;26,96;2,509999999999998;40629;0;50842;2816;2403;0;2403;2816;-413;0;-413;-0,17186849771119433;-0,17186849771119433;;0,08517136070580245;1;1
2017-04-04;4;2017-04-04 04:00:00;29,8;27,05;2,75;40629;0;50842;2794;2174;0;2174;2794;-620;0;-620;-0,28518859245630174;-0,28518859245630174;;0,09228187919463086;1;1
2017-04-04;5;2017-04-04 05:00:00;31,83;29,25;2,5799999999999983;40629;0;50842;2636;2003;0;2003;2636;-633;0;-633;-0,3160259610584124;-0,3160259610584124;;0,08105560791705933;1;1
2017-04-04;6;2017-04-04 06:00:00;41,17;38,47;2,700000000000003;40629;11;50842;2566;1921;18;1939;2577;-645;7;-638;-0,3290355853532749;-0,3357626236335242;0,3888888888888889;0,06558173427252861;1;1
2017-04-04;7;2017-04-04 07:00:00;51,01;44,93;6,079999999999997;40629;937;50842;2514;1848;996;2844;3451;-666;59;-607;-0,21343178621659634;-0,36038961038961037;0,05923694779116466;0,11919231523230735;1;1
2017-04-04;8;2017-04-04 08:00:00;52,39;46,11;6,280000000000001;40629;4180;50842;2103;1649;4445;6094;6283;-454;265;-189;-0,031014112241549065;-0,27531837477258947;0,05961754780652419;0,11987020423744991;1;1
2017-04-04;9;2017-04-04 09:00:00;50,94;42,62;8,32;40629;8591;50842;1292;1342;8839;10181;9883;50;248;298;0,02927020921324035;0,037257824143070044;0,02805747256476977;0,16332940714566158;1;1
2017-04-04;10;2017-04-04 10:00:00;43,3;39,94;3,3599999999999994;40629;12734;50842;1017;1100;13053;14153;13751;83;319;402;0,02840387197060694;0,07545454545454545;0,024438826323450548;0,07759815242494225;1;1
2017-04-04;11;2017-04-04 11:00:00;42,33;37,86;4,469999999999999;40629;15573;50842;938;983;16326;17309;16511;45;753;798;0,04610318331503842;0,04577822990844354;0,046122748989342155;0,10559886605244505;1;1
2017-04-04;12;2017-04-04 12:00:00;39,16;36,29;2,869999999999997;40629;16203;50842;888;945;18117;19062;17091;57;1914;1971;0,10339943342776203;0,06031746031746032;0,10564663023679417;0,07328907048008164;1;1
2017-04-04;13;2017-04-04 13:00:00;37,72;36,09;1,6299999999999957;40629;15634;50842;832;924;18210;19134;16466;92;2576;2668;0,13943765025608865;0,09956709956709957;0,1414607358594179;0,04321314952279946;1;1
2017-04-04;14;2017-04-04 14:00:00;34,6;36,09;-1,490000000000002;40629;14596;50842;869;942;17015;17957;15465;73;2419;2492;0,1387759648048115;0,07749469214437367;0,14216867469879518;-0,04306358381502896;1;1
2017-04-04;15;2017-04-04 15:00:00;34,45;34,97;-0,519999999999996;40629;12818;50842;997;1019;14644;15663;13815;22;1826;1848;0,11798506033326948;0,021589793915603533;0,12469270691068014;-0,015094339622641393;1;1
2017-04-04;16;2017-04-04 16:00:00;34,45;33,62;0,8300000000000054;40629;10130;50842;1114;1092;11348;12440;11244;-22;1218;1196;0,09614147909967846;-0,020146520146520148;0,10733168840324286;0,024092888243831795;1;1
2017-04-04;17;2017-04-04 17:00:00;37,49;33,78;3,7100000000000013;40629;6614;50842;1150;1225;7333;8558;7764;75;719;794;0,0927786866090208;0,061224489795918366;0,09804991135960725;0,09895972259269141;1;1
2017-04-04;18;2017-04-04 18:00:00;41,59;38,56;3,030000000000001;40629;2976;50842;1224;1452;3181;4633;4200;228;205;433;0,09345996114828405;0,15702479338842976;0,06444514303678088;0,07285405145467663;1;1
2017-04-04;19;2017-04-04 19:00:00;45,26;40,52;4,739999999999995;40629;488;50842;1318;1803;467;2270;1806;485;-21;464;0,20440528634361232;0,2689961175818081;-0,044967880085653104;0,10472823685373388;1;1
2017-04-04;20;2017-04-04 20:00:00;47,57;41,27;6,299999999999998;40629;1;50842;1638;2158;2;2160;1639;520;1;521;0,2412037037037037;0,24096385542168675;0,5;0,1324364095017868;1;1
2017-04-04;21;2017-04-04 21:00:00;40,07;37,8;2,270000000000003;40629;0;50842;1840;2349;0;2349;1840;509;0;509;0,21668795232013624;0,21668795232013624;;0,05665086099326187;1;1
2017-04-04;22;2017-04-04 22:00:00;38,91;35,34;3,5699999999999936;40629;0;50842;1780;2452;0;2452;1780;672;0;672;0,2740619902120718;0,2740619902120718;;0,09175019275250562;1;1
2017-04-04;23;2017-04-04 23:00:00;33,04;32,48;0,5600000000000023;40629;0;50842;1696;2575;0;2575;1696;879;0;879;0,34135922330097085;0,34135922330097085;;0,01694915254237295;1;1
2017-04-05;0;2017-04-05 00:00:00;30,0;31,06;-1,0599999999999987;40634;0;50845;1799;2223;0;2223;1799;424;0;424;0,1907332433648223;0,1907332433648223;;-0,03533333333333329;1;2
2017-04-05;1;2017-04-05 01:00:00;29,64;29,02;0,620000000000001;40634;0;50845;1920;2410;0;2410;1920;490;0;490;0,2033195020746888;0,2033195020746888;;0,02091767881241569;1;2
2017-04-05;2;2017-04-05 02:00:00;28,39;27,83;0,5600000000000023;40634;0;50845;2225;2727;0;2727;2225;502;0;502;0,1840850751741841;0,1840850751741841;;0,019725255371609803;1;2
2017-04-05;3;2017-04-05 03:00:00;27,94;27,04;0,9000000000000021;40634;0;50845;2583;3284;0;3284;2583;701;0;701;0,21345919610231426;0,21345919610231426;;0,03221188260558347;1;2
2017-04-05;4;2017-04-05 04:00:00;27,49;27,34;0,14999999999999858;40634;0;50845;2994;4015;0;4015;2994;1021;0;1021;0,2542963885429639;0,2542963885429639;;0,005456529647144365;1;2
2017-04-05;5;2017-04-05 05:00:00;29,65;30,37;-0,7200000000000024;40634;0;50845;3960;4831;0;4831;3960;871;0;871;0,18029393500310495;0,18029393500310495;;-0,02428330522765607;1;2
2017-04-05;6;2017-04-05 06:00:00;37,1;40,63;-3,530000000000001;40634;18;50845;5078;5702;25;5727;5096;624;7;631;0,11017984983411909;0,1094352858646089;0,28;-0,09514824797843668;1;2
2017-04-05;7;2017-04-05 07:00:00;44,2;42,86;1,3400000000000034;40634;1078;50845;5896;6702;1106;7808;6974;806;28;834;0,10681352459016394;0,12026260817666368;0,02531645569620253;0,03031674208144804;1;2
2017-04-05;8;2017-04-05 08:00:00;48,1;44,28;3,82;40634;4769;50845;6432;7410;4608;12018;11201;978;-161;817;0,06798136129139624;0,1319838056680162;-0,03493923611111111;0,07941787941787941;1;2
2017-04-05;9;2017-04-05 09:00:00;44,03;40,42;3,61;40634;9564;50845;6292;7764;8905;16669;15856;1472;-659;813;0,048773171755954164;0,18959299330242144;-0,07400336889387985;0,08198955257778787;1;2
2017-04-05;10;2017-04-05 10:00:00;39,02;34,99;4,030000000000001;40634;14040;50845;7554;8395;12652;21047;21594;841;-1388;-547;-0,025989452178457738;0,10017867778439547;-0,10970597533986721;0,10328036904151719;1;2
2017-04-05;11;2017-04-05 11:00:00;36,98;31,46;5,519999999999996;40634;16662;50845;9357;9587;15039;24626;26019;230;-1623;-1393;-0,05656623081296191;0,02399082090330656;-0,10791940953520845;0,1492698756084369;1;2
2017-04-05;12;2017-04-05 12:00:00;34,03;29,0;5,030000000000001;40634;16982;50845;10989;11294;15938;27232;27971;305;-1044;-739;-0,027137191539365453;0,027005489640517088;-0,06550382733090726;0,1478107552159859;1;2
2017-04-05;13;2017-04-05 13:00:00;32,89;26,91;5,98;40634;15786;50845;13484;13384;15089;28473;29270;-100;-697;-797;-0,0279914304779967;-0,007471607890017932;-0,046192590628934986;0,18181818181818182;1;2
2017-04-05;14;2017-04-05 14:00:00;30,06;26,62;3,4399999999999977;40634;13865;50845;15648;15741;13179;28920;29513;93;-686;-593;-0,020504840940525588;0,0059081379836096815;-0,05205250777752485;0,1144377910844976;1;2
2017-04-05;15;2017-04-05 15:00:00;29,53;24,49;5,040000000000003;40634;10920;50845;18182;18066;10663;28729;29102;-116;-257;-373;-0,012983396567927878;-0,0064209011402634785;-0,02410203507455688;0,17067389095834753;1;2
2017-04-05;16;2017-04-05 16:00:00;30,01;25,99;4,020000000000003;40634;7565;50845;20035;20169;7802;27971;27600;134;237;371;0,013263737442351006;0,006643859388169963;0,03037682645475519;0,13395534821726102;1;2
2017-04-05;17;2017-04-05 17:00:00;30,06;27,44;2,619999999999997;40634;4414;50845;22160;21791;4860;26651;26574;-369;446;77;0,002889197403474541;-0,016933596438896793;0,09176954732510288;0,08715901530272778;1;2
2017-04-05;18;2017-04-05 18:00:00;29,9;28,77;1,129999999999999;40634;1932;50845;23185;22388;2149;24537;25117;-797;217;-580;-0,023637771528711743;-0,03559942826514204;0,10097719869706841;0,037792642140468194;1;2
2017-04-05;19;2017-04-05 19:00:00;32,69;31,26;1,4299999999999962;40634;318;50845;22513;22686;348;23034;22831;173;30;203;0,008813058956325432;0,007625848540950366;0,08620689655172414;0,04374426430100937;1;2
2017-04-05;20;2017-04-05 20:00:00;35,0;34,83;0,1700000000000017;40634;0;50845;22446;22973;0;22973;22446;527;0;527;0,022939973011796455;0,022939973011796455;;0,004857142857142906;1;2
2017-04-05;21;2017-04-05 21:00:00;29,93;31,32;-1,3900000000000006;40634;0;50845;23006;23291;0;23291;23006;285;0;285;0,01223648619638487;0,01223648619638487;;-0,04644169729368529;1;2
2017-04-05;22;2017-04-05 22:00:00;27,87;26,42;1,4499999999999993;40634;0;50845;22993;23694;0;23694;22993;701;0;701;0,029585549084156327;0,029585549084156327;;0,05202726946537493;1;2
2017-04-05;23;2017-04-05 23:00:00;20,0;21,2;-1,1999999999999993;40634;0;50845;22496;23878;0;23878;22496;1382;0;1382;0,057877544182929896;0,057877544182929896;;-0,05999999999999996;1;2
2017-04-06;0;2017-04-06 00:00:00;12,48;18,02;-5,539999999999999;40640;0;50869;22433;23277;0;23277;22433;844;0;844;0,03625896808007905;0,03625896808007905;;-0,44391025641025633;1;3
2017-04-06;1;2017-04-06 01:00:00;9,87;17,19;-7,320000000000002;40640;0;50869;21584;22698;0;22698;21584;1114;0;1114;0,049079214027667635;0,049079214027667635;;-0,7416413373860185;1;3
2017-04-06;2;2017-04-06 02:00:00;9,04;16,63;-7,59;40640;0;50869;20149;22049;0;22049;20149;1900;0;1900;0,0861717084675042;0,0861717084675042;;-0,8396017699115045;1;3
2017-04-06;3;2017-04-06 03:00:00;14,9;23,12;-8,22;40640;0;50869;19407;21200;0;21200;19407;1793;0;1793;0,0845754716981132;0,0845754716981132;;-0,5516778523489934;1;3
2017-04-06;4;2017-04-06 04:00:00;22,0;28,42;-6,420000000000003;40640;0;50869;18638;20276;0;20276;18638;1638;0;1638;0,08078516472677057;0,08078516472677057;;-0,2918181818181819;1;3
2017-04-06;5;2017-04-06 05:00:00;24,55;29,94;-5,3900000000000015;40640;0;50869;17424;19124;0;19124;17424;1700;0;1700;0,08889353691696297;0,08889353691696297;;-0,21955193482688395;1;3
2017-04-06;6;2017-04-06 06:00:00;35,96;40,06;-4,100000000000001;40640;36;50869;15998;17899;39;17938;16034;1901;3;1904;0,10614338276284982;0,10620705067322196;0,07692307692307693;-0,11401557285873196;1;3
2017-04-06;7;2017-04-06 07:00:00;40,97;45,21;-4,240000000000002;40640;1306;50869;14363;16734;1261;17995;15669;2371;-45;2326;0,12925812725757155;0,14168758216804112;-0,035685963521015066;-0,10349035879912136;1;3
2017-04-06;8;2017-04-06 08:00:00;40,81;49,34;-8,530000000000001;40640;4912;50869;13110;15984;4762;20746;18022;2874;-150;2724;0,13130241974356502;0,17980480480480482;-0,031499370012599746;-0,209017397696643;1;3
2017-04-06;9;2017-04-06 09:00:00;38,26;47,18;-8,920000000000002;40640;9088;50869;14577;15911;8913;24824;23665;1334;-175;1159;0,046688688366097325;0,0838413676073157;-0,019634242118254236;-0,23314166231050712;1;3
2017-04-06;10;2017-04-06 10:00:00;37,59;43,87;-6,279999999999994;40640;11657;50869;14072;15777;12347;28124;25729;1705;690;2395;0,08515858341629924;0,10806870761234709;0,05588402040981615;-0,16706570896515013;1;3
2017-04-06;11;2017-04-06 11:00:00;35,46;39,2;-3,740000000000002;40640;13718;50869;13464;15612;14587;30199;27182;2148;869;3017;0,09990397033014338;0,13758647194465795;0,05957359292520738;-0,10547095318668928;1;3
2017-04-06;12;2017-04-06 12:00:00;31,07;39,14;-8,07;40640;14876;50869;13609;15495;15668;31163;28485;1886;792;2678;0,08593524371851234;0,12171668280090352;0,050548889456216495;-0,2597360798197618;1;3
2017-04-06;13;2017-04-06 13:00:00;30,08;37,57;-7,490000000000002;40640;15876;50869;13989;15490;15746;31236;29865;1501;-130;1371;0,043891663465232426;0,09690122659780503;-0,008256065032389178;-0,24900265957446815;1;3
2017-04-06;14;2017-04-06 14:00:00;28,33;34,09;-5,760000000000005;40640;16051;50869;14076;15776;14852;30628;30127;1700;-1199;501;0,01635758129815855;0,10775862068965517;-0,08072986803124159;-0,2033180374161668;1;3
2017-04-06;15;2017-04-06 15:00:00;28,19;30,63;-2,4399999999999977;40640;14778;50869;15547;16394;12974;29368;30325;847;-1804;-957;-0,032586488695178426;0,05166524338172502;-0,13904732542007092;-0,08655551614047526;1;3
2017-04-06;16;2017-04-06 16:00:00;28,08;29,72;-1,6400000000000006;40640;12148;50869;16890;17088;10131;27219;29038;198;-2017;-1819;-0,06682831845402108;0,011587078651685394;-0,19909189616030007;-0,05840455840455843;1;3
2017-04-06;17;2017-04-06 17:00:00;32,12;31,12;0,9999999999999964;40640;7986;50869;17990;17294;6559;23853;25976;-696;-1427;-2123;-0,0890034796461661;-0,04024517173586215;-0,2175636529958835;0,031133250311332395;1;3
2017-04-06;18;2017-04-06 18:00:00;38,05;33,9;4,149999999999999;40640;3740;50869;17982;16793;2883;19676;21722;-1189;-857;-2046;-0,10398454970522464;-0,07080331090335258;-0,2972597988206729;0,10906701708278578;1;3
2017-04-06;19;2017-04-06 19:00:00;40,98;35,33;5,649999999999999;40640;684;50869;17061;16161;452;16613;17745;-900;-232;-1132;-0,0681394088966472;-0,05568962316688324;-0,5132743362831859;0,13787213274768176;1;3
2017-04-06;20;2017-04-06 20:00:00;40,87;36,69;4,18;40640;2;50869;16892;16071;3;16074;16894;-821;1;-820;-0,051014059972626605;-0,05108580673262398;0,3333333333333333;0,10227550770736482;1;3
2017-04-06;21;2017-04-06 21:00:00;38,04;34,39;3,649999999999999;40640;0;50869;17371;16676;0;16676;17371;-695;0;-695;-0,04167666106980091;-0,04167666106980091;;0,09595162986330176;1;3
2017-04-06;22;2017-04-06 22:00:00;34,27;34,38;-0,10999999999999943;40640;0;50869;17958;17606;0;17606;17958;-352;0;-352;-0,01999318414176985;-0,01999318414176985;;-0,0032098044937262744;1;3
2017-04-06;23;2017-04-06 23:00:00;27,79;30,75;-2,9600000000000013;40640;0;50869;18587;18685;0;18685;18587;98;0;98;0,005244848809205245;0,005244848809205245;;-0,10651313422094283;1;3
2017-04-07;0;2017-04-07 00:00:00;24,99;27,41;-2,4200000000000017;40648;0;50881;19363;19244;0;19244;19363;-119;0;-119;-0,006183745583038869;-0,006183745583038869;;-0,09683873549419775;1;4
2017-04-07;1;2017-04-07 01:00:00;23,02;22,83;0,19000000000000128;40648;0;50881;19886;19980;0;19980;19886;94;0;94;0,004704704704704705;0,004704704704704705;;0,008253692441355398;1;4
2017-04-07;2;2017-04-07 02:00:00;18,31;21,17;-2,860000000000003;40648;0;50881;19675;20496;0;20496;19675;821;0;821;0,04005659640905543;0,04005659640905543;;-0,15619879847078116;1;4
2017-04-07;3;2017-04-07 03:00:00;19,17;23,92;-4,75;40648;0;50881;19008;20623;0;20623;19008;1615;0;1615;0,07831062406051496;0,07831062406051496;;-0,24778299426186748;1;4
2017-04-07;4;2017-04-07 04:00:00;20,87;27,72;-6,849999999999998;40648;0;50881;18572;20693;0;20693;18572;2121;0;2121;0,102498429420577;0,102498429420577;;-0,32822232870148527;1;4
2017-04-07;5;2017-04-07 05:00:00;27,07;33,17;-6,100000000000001;40648;0;50881;19097;20511;0;20511;19097;1414;0;1414;0,06893861830237434;0,06893861830237434;;-0,22534170668636871;1;4
2017-04-07;6;2017-04-07 06:00:00;32,05;37,32;-5,270000000000003;40648;12;50881;19652;20097;17;20114;19664;445;5;450;0,02237247688177389;0,022142608349504902;0,29411764705882354;-0,16443057722308904;1;4
2017-04-07;7;2017-04-07 07:00:00;39,97;43,69;-3,719999999999999;40648;635;50881;19673;19676;665;20341;20308;3;30;33;0,0016223391180374613;0,00015247001423053467;0,045112781954887216;-0,09306980235176379;1;4
2017-04-07;8;2017-04-07 08:00:00;41,57;42,49;-0,9200000000000016;40648;2814;50881;19330;19244;2774;22018;22144;-86;-40;-126;-0,005722590607684622;-0,0044689253793390145;-0,014419610670511895;-0,022131344719749858;1;4
2017-04-07;9;2017-04-07 09:00:00;40,94;36,74;4,199999999999996;40648;5768;50881;19126;18952;5386;24338;24894;-174;-382;-556;-0,022844933848303065;-0,009181089067116927;-0,07092461938358707;0,10258915486077176;1;4
2017-04-07;10;2017-04-07 10:00:00;39,98;34,36;5,619999999999997;40648;8980;50881;19272;18870;7603;26473;28252;-402;-1377;-1779;-0,06720054395044008;-0,021303656597774244;-0,1811127186636854;0,14057028514257122;1;4
2017-04-07;11;2017-04-07 11:00:00;40,02;32,28;7,740000000000002;40648;11662;50881;19233;18907;8985;27892;30895;-326;-2677;-3003;-0,10766528036713036;-0,017242291214893953;-0,2979410127991096;0,19340329835082462;1;4
2017-04-07;12;2017-04-07 12:00:00;38,14;29,58;8,560000000000002;40648;13137;50881;19411;18982;9617;28599;32548;-429;-3520;-3949;-0,13808175111017867;-0,022600358234116533;-0,3660185088905064;0,2244362873623493;1;4
2017-04-07;13;2017-04-07 13:00:00;35,29;27,19;8,099999999999998;40648;13290;50881;19990;19036;9535;28571;33280;-954;-3755;-4709;-0,16481747226208393;-0,05011557049800378;-0,3938122705820661;0,22952677812411443;1;4
2017-04-07;14;2017-04-07 14:00:00;32,67;26,22;6,450000000000002;40648;12697;50881;20082;19002;8837;27839;32779;-1080;-3860;-4940;-0,17744890261862853;-0,05683612251341964;-0,43679981894308023;0,1974288337924702;1;4
2017-04-07;15;2017-04-07 15:00:00;32,97;27,06;5,91;40648;11334;50881;19769;18745;7597;26342;31103;-1024;-3737;-4761;-0,1807379849669729;-0,05462790077353961;-0,49190469922337765;0,17925386715195635;1;4
2017-04-07;16;2017-04-07 16:00:00;32,98;27,58;5,399999999999999;40648;8718;50881;19147;18266;5909;24175;27865;-881;-2809;-3690;-0,15263702171664942;-0,04823168728785722;-0,47537654425452697;0,16373559733171617;1;4
2017-04-07;17;2017-04-07 17:00:00;36,09;29,06;7,030000000000005;40648;5712;50881;17794;17405;3892;21297;23506;-389;-1820;-2209;-0,103723529135559;-0,022349899454179832;-0,4676258992805755;0,1947908007758383;1;4
2017-04-07;18;2017-04-07 18:00:00;39,12;34,82;4,299999999999997;40648;2639;50881;16180;16141;1812;17953;18819;-39;-827;-866;-0,04823706344343564;-0,002416207174276687;-0,456401766004415;0,10991820040899788;1;4
2017-04-07;19;2017-04-07 19:00:00;39,91;36,51;3,3999999999999986;40648;480;50881;14512;14816;310;15126;14992;304;-170;134;0,00885891841861695;0,020518358531317494;-0,5483870967741935;0,08519168128288647;1;4
2017-04-07;20;2017-04-07 20:00:00;39,96;38,03;1,93;40648;1;50881;13430;13658;1;13659;13431;228;0;228;0,01669229079727652;0,016693512959437693;0,0;0,0482982982982983;1;4
2017-04-07;21;2017-04-07 21:00:00;39,31;36,7;2,6099999999999994;40648;0;50881;12109;12780;0;12780;12109;671;0;671;0,05250391236306729;0,05250391236306729;;0,06639531925718645;1;4
2017-04-07;22;2017-04-07 22:00:00;39,61;36,7;2,9099999999999966;40648;0;50881;11179;12045;0;12045;11179;866;0;866;0,07189705271897052;0,07189705271897052;;0,07346629638980047;1;4
2017-04-07;23;2017-04-07 23:00:00;37,93;36,69;1,240000000000002;40648;0;50881;10560;11286;0;11286;10560;726;0;726;0,06432748538011696;0,06432748538011696;;0,032691800685473296;1;4
2017-04-08;0;2017-04-08 00:00:00;32,71;36,51;-3,799999999999997;40648;0;50893;9403;10189;0;10189;9403;786;0;786;0,07714201589949946;0,07714201589949946;;-0,11617242433506564;1;5
2017-04-08;1;2017-04-08 01:00:00;32,28;35,07;-2,7899999999999987;40648;0;50893;8529;8971;0;8971;8529;442;0;442;0,04926986957975699;0,04926986957975699;;-0,08643122676579922;1;5
2017-04-08;2;2017-04-08 02:00:00;32,81;33,88;-1,0700000000000005;40648;0;50893;7565;7794;0;7794;7565;229;0;229;0,029381575570952015;0,029381575570952015;;-0,03261200853398356;1;5
2017-04-08;3;2017-04-08 03:00:00;31,5;30,33;1,1700000000000017;40648;0;50893;6520;6756;0;6756;6520;236;0;236;0,03493191237418591;0,03493191237418591;;0,0371428571428572;1;5
2017-04-08;4;2017-04-08 04:00:00;30,44;30,53;-0,08999999999999986;40648;0;50893;5534;5793;0;5793;5534;259;0;259;0,04470913171068531;0,04470913171068531;;-0,002956636005256237;1;5
2017-04-08;5;2017-04-08 05:00:00;31,7;32,21;-0,5100000000000016;40648;0;50893;4610;4993;0;4993;4610;383;0;383;0,07670739034648508;0,07670739034648508;;-0,01608832807570983;1;5
2017-04-08;6;2017-04-08 06:00:00;34,72;35,52;-0,8000000000000043;40648;25;50893;3696;4372;33;4405;3721;676;8;684;0,15527809307604995;0,1546203110704483;0,24242424242424243;-0,023041474654378002;1;5
2017-04-08;7;2017-04-08 07:00:00;37,91;35,59;2,319999999999993;40648;895;50893;3281;3841;975;4816;4176;560;80;640;0,132890365448505;0,1457953657901588;0,08205128205128205;0,06119757319968329;1;5
2017-04-08;8;2017-04-08 08:00:00;39,43;35,06;4,369999999999997;40648;3482;50893;2984;3365;3714;7079;6466;381;232;613;0,08659415171634412;0,11322436849925706;0,06246634356488961;0,1108293177783413;1;5
2017-04-08;9;2017-04-08 09:00:00;38,99;35,8;3,190000000000005;40648;6934;50893;2810;2975;7231;10206;9744;165;297;462;0,04526748971193416;0,05546218487394958;0,04107315723966257;0,08181585021800473;1;5
2017-04-08;10;2017-04-08 10:00:00;36,5;34,48;2,020000000000003;40648;10718;50893;2498;2689;10832;13521;13216;191;114;305;0,022557503143258634;0,07103012272220156;0,010524372230428361;0,05534246575342475;1;5
2017-04-08;11;2017-04-08 11:00:00;34,94;33,45;1,4899999999999949;40648;14152;50893;2423;2575;13695;16270;16575;152;-457;-305;-0,018746158574062692;0,059029126213592235;-0,033369843008397224;0,042644533485975814;1;5
2017-04-08;12;2017-04-08 12:00:00;30,66;30,02;0,6400000000000006;40648;16597;50893;2569;2690;15414;18104;19166;121;-1183;-1062;-0,05866106937693327;0,04498141263940521;-0,07674841053587647;0,020874103065883907;1;5
2017-04-08;13;2017-04-08 13:00:00;29,5;27,34;2,16;40648;17553;50893;2713;2896;15842;18738;20266;183;-1711;-1528;-0,08154552246771267;0,06319060773480663;-0,10800403989395278;0,07322033898305086;1;5
2017-04-08;14;2017-04-08 14:00:00;27,81;26,72;1,09;40648;16941;50893;2681;3082;15310;18392;19622;401;-1631;-1230;-0,06687690300130492;0,1301103179753407;-0,10653167864141085;0,03919453434016541;1;5
2017-04-08;15;2017-04-08 15:00:00;27,53;26,33;1,2000000000000028;40648;15125;50893;2522;3133;13794;16927;17647;611;-1331;-720;-0,04253559402138595;0,1950207468879668;-0,09649122807017543;0,043588812204867516;1;5
2017-04-08;16;2017-04-08 16:00:00;28,28;26,99;1,2900000000000027;40648;12288;50893;2194;3027;11186;14213;14482;833;-1102;-269;-0,01892633504538099;0,275189957053188;-0,09851600214553907;0,04561527581329571;1;5
2017-04-08;17;2017-04-08 17:00:00;30,02;28,2;1,8200000000000005;40648;8287;50893;1700;2750;7601;10351;9987;1050;-686;364;0,03516568447492996;0,38181818181818183;-0,09025128272595712;0,06062624916722187;1;5
2017-04-08;18;2017-04-08 18:00:00;35,85;34,34;1,509999999999998;40648;3886;50893;1290;2362;3482;5844;5176;1072;-404;668;0,11430527036276524;0,45385266723116;-0,11602527283170591;0,042119944211994366;1;5
2017-04-08;19;2017-04-08 19:00:00;39,3;37,67;1,6299999999999957;40648;728;50893;1133;2067;571;2638;1861;934;-157;777;0,29454131918119786;0,45186260280599905;-0,27495621716287216;0,04147582697201007;1;5
2017-04-08;20;2017-04-08 20:00:00;41,88;38,75;3,1300000000000026;40648;4;50893;1101;1944;6;1950;1105;843;2;845;0,43333333333333335;0,43364197530864196;0,3333333333333333;0,07473734479465144;1;5
2017-04-08;21;2017-04-08 21:00:00;41,58;36,85;4,729999999999997;40648;0;50893;1184;1926;0;1926;1184;742;0;742;0,3852544132917965;0,3852544132917965;;0,11375661375661368;1;5
2017-04-08;22;2017-04-08 22:00:00;42,07;37,92;4,149999999999999;40648;0;50893;1267;1981;0;1981;1267;714;0;714;0,36042402826855124;0,36042402826855124;;0,09864511528405036;1;5
2017-04-08;23;2017-04-08 23:00:00;39,02;36,73;2,2900000000000063;40648;0;50893;1234;2043;0;2043;1234;809;0;809;0,39598629466470875;0,39598629466470875;;0,05868785238339329;1;5
2017-04-09;0;2017-04-09 00:00:00;33,98;31,21;2,769999999999996;40648;0;50905;1237;1325;0;1325;1237;88;0;88;0,06641509433962264;0,06641509433962264;;0,08151854031783391;1;6
2017-04-09;1;2017-04-09 01:00:00;31,06;27,54;3,52;40648;0;50905;1211;1315;0;1315;1211;104;0;104;0,07908745247148288;0,07908745247148288;;0,11332904056664521;1;6
2017-04-09;2;2017-04-09 02:00:00;31,04;25,89;5,149999999999999;40648;0;50905;1354;1283;0;1283;1354;-71;0;-71;-0,05533904910366329;-0,05533904910366329;;0,1659149484536082;1;6
2017-04-09;3;2017-04-09 03:00:00;27,54;24,16;3,379999999999999;40648;0;50905;1505;1266;0;1266;1505;-239;0;-239;-0,18878357030015797;-0,18878357030015797;;0,12273057371096584;1;6
2017-04-09;4;2017-04-09 04:00:00;28,46;24,83;3,6300000000000026;40648;0;50905;1675;1270;0;1270;1675;-405;0;-405;-0,3188976377952756;-0,3188976377952756;;0,12754743499648638;1;6
2017-04-09;5;2017-04-09 05:00:00;27,79;23,37;4,419999999999998;40648;0;50905;1934;1283;0;1283;1934;-651;0;-651;-0,5074045206547155;-0,5074045206547155;;0,15905001799208343;1;6
2017-04-09;6;2017-04-09 06:00:00;28,48;25,31;3,1700000000000017;40648;73;50905;2076;1334;69;1403;2149;-742;-4;-746;-0,5317177476835353;-0,5562218890554723;-0,057971014492753624;0,11130617977528096;1;6
2017-04-09;7;2017-04-09 07:00:00;30,52;25,44;5,079999999999998;40648;1981;50905;2262;1447;1808;3255;4243;-815;-173;-988;-0,3035330261136713;-0,5632342778161714;-0,0956858407079646;0,1664482306684141;1;6
2017-04-09;8;2017-04-09 08:00:00;30,63;25,1;5,529999999999998;40648;7123;50905;2220;1565;6761;8326;9343;-655;-362;-1017;-0,1221474897910161;-0,4185303514376997;-0,05354237538825617;0,1805419523343127;1;6
2017-04-09;9;2017-04-09 09:00:00;29,44;28,27;1,1700000000000017;40648;13674;50905;1930;1585;12809;14394;15604;-345;-865;-1210;-0,08406280394608864;-0,21766561514195584;-0,06753064251698025;0,039741847826087015;1;6
2017-04-09;10;2017-04-09 10:00:00;27,78;24,98;2,8000000000000007;40648;19532;50905;2116;1631;18272;19903;21648;-485;-1260;-1745;-0,08767522484047631;-0,2973635806253832;-0,06895796847635727;0,10079193664506841;1;6
2017-04-09;11;2017-04-09 11:00:00;26,4;23,4;3,0;40648;23246;50905;2422;1850;22262;24112;25668;-572;-984;-1556;-0,06453218314532183;-0,3091891891891892;-0,04420088042404097;0,11363636363636365;1;6
2017-04-09;12;2017-04-09 12:00:00;24,04;22,21;1,8299999999999983;40648;25270;50905;2358;2026;24432;26458;27628;-332;-838;-1170;-0,04422102955627787;-0,16386969397828233;-0,03429927963326784;0,07612312811980027;1;6
2017-04-09;13;2017-04-09 13:00:00;20,79;14,93;5,8599999999999985;40648;25695;50905;2200;2127;24913;27040;27895;-73;-782;-855;-0,0316198224852071;-0,03432063939821345;-0,031389234536185924;0,2818662818662818;1;6
2017-04-09;14;2017-04-09 14:00:00;12,98;8,61;4,370000000000001;40648;24711;50905;2102;2182;23881;26063;26813;80;-830;-750;-0,028776426351532824;0,03666361136571952;-0,03475566349817847;0,33667180277349773;1;6
2017-04-09;15;2017-04-09 15:00:00;15,0;12,15;2,85;40648;21917;50905;1985;2214;21198;23412;23902;229;-719;-490;-0,02092943789509653;0,1034327009936766;-0,0339182941786961;0,19;1;6
2017-04-09;16;2017-04-09 16:00:00;20,07;15,09;4,98;40648;17478;50905;1787;2250;16974;19224;19265;463;-504;-41;-0,0021327507282563464;0,20577777777777778;-0,029692470837751856;0,24813153961136025;1;6
2017-04-09;17;2017-04-09 17:00:00;24,44;22,8;1,6400000000000006;40648;11410;50905;1690;2407;11136;13543;13100;717;-274;443;0,03271062541534372;0,2978811798919817;-0,024604885057471264;0,06710310965630116;1;6
2017-04-09;18;2017-04-09 18:00:00;32,4;31,57;0,8299999999999983;40648;5058;50905;1579;2661;4880;7541;6637;1082;-178;904;0,11987800026521682;0,4066140548665915;-0,03647540983606557;0,025617283950617232;1;6
2017-04-09;19;2017-04-09 19:00:00;38,24;37,48;0,7600000000000051;40648;908;50905;1910;3389;820;4209;2818;1479;-88;1391;0,3304822998336897;0,43641192092062553;-0,1073170731707317;0,01987447698744783;1;6
2017-04-09;20;2017-04-09 20:00:00;39,53;39,12;0,4100000000000037;40648;6;50905;3342;5159;7;5166;3348;1817;1;1818;0,3519163763066202;0,35220003876720296;0,14285714285714285;0,010371869466228274;1;6
2017-04-09;21;2017-04-09 21:00:00;37,57;38,58;-1,009999999999998;40648;0;50905;6009;7868;0;7868;6009;1859;0;1859;0,23627351296390442;0,23627351296390442;;-0,026883151450625448;1;6
2017-04-09;22;2017-04-09 22:00:00;35,2;37,31;-2,1099999999999994;40648;0;50905;9424;10353;0;10353;9424;929;0;929;0,08973244470201874;0,08973244470201874;;-0,0599431818181818;1;6
2017-04-09;23;2017-04-09 23:00:00;24,08;31,37;-7,290000000000003;40648;0;50905;12059;12530;0;12530;12059;471;0;471;0,03758978451715882;0,03758978451715882;;-0,3027408637873755;1;6
2017-04-10;0;2017-04-10 00:00:00;26,03;23,72;2,3100000000000023;40653;0;50933;14242;14195;0;14195;14242;-47;0;-47;-0,003311025008805918;-0,003311025008805918;;0,08874375720322714;1;0
2017-04-10;1;2017-04-10 01:00:00;23,02;18,22;4,800000000000002;40653;0;50933;15865;15564;0;15564;15865;-301;0;-301;-0,019339501413518374;-0,019339501413518374;;0,2085143353605561;1;0
2017-04-10;2;2017-04-10 02:00:00;20,36;16,26;4,099999999999998;40653;0;50933;17731;16477;0;16477;17731;-1254;0;-1254;-0,07610608727316866;-0,07610608727316866;;0,20137524557956768;1;0
2017-04-10;3;2017-04-10 03:00:00;12,26;10,38;1,879999999999999;40653;0;50933;19280;16942;0;16942;19280;-2338;0;-2338;-0,13800023609963405;-0,13800023609963405;;0,15334420880913532;1;0
2017-04-10;4;2017-04-10 04:00:00;19,95;13,25;6,699999999999998;40653;0;50933;19892;17341;0;17341;19892;-2551;0;-2551;-0,1471080099186898;-0,1471080099186898;;0,33583959899749366;1;0
2017-04-10;5;2017-04-10 05:00:00;26,08;18,58;7,5;40653;0;50933;19864;17492;0;17492;19864;-2372;0;-2372;-0,1356048479304825;-0,1356048479304825;;0,2875766871165644;1;0
2017-04-10;6;2017-04-10 06:00:00;38,93;31,96;6,969999999999999;40653;96;50933;20024;17352;93;17445;20120;-2672;-3;-2675;-0,1533390656348524;-0,15398801290917474;-0,03225806451612903;0,17903930131004364;1;0
2017-04-10;7;2017-04-10 07:00:00;38,93;34,31;4,619999999999997;40653;2258;50933;20381;16973;2049;19022;22639;-3408;-209;-3617;-0,19014824939543687;-0,20078948918871148;-0,10200097608589556;0,11867454405342917;1;0
2017-04-10;8;2017-04-10 08:00:00;38,09;29,69;8,400000000000002;40653;7316;50933;18700;16097;7011;23108;26016;-2603;-305;-2908;-0,12584386359702268;-0,16170715040069578;-0,043503066609613464;0,22053032291940144;1;0
2017-04-10;9;2017-04-10 09:00:00;35,25;28,31;6,940000000000001;40653;12714;50933;17122;14814;12574;27388;29836;-2308;-140;-2448;-0,08938221118738134;-0,15579856892129068;-0,011134086209638938;0,1968794326241135;1;0
2017-04-10;10;2017-04-10 10:00:00;30,89;28,44;2,4499999999999997;40653;16825;50933;17540;14678;17018;31696;34365;-2862;193;-2669;-0,08420620898536092;-0,19498569287368853;0,011340933129627454;0,0793136937520233;1;0
2017-04-10;11;2017-04-10 11:00:00;27,57;27,48;0,08999999999999986;40653;19285;50933;19138;15669;19770;35439;38423;-3469;485;-2984;-0,08420102147351788;-0,2213925585551088;0,024532119372787053;0,003264417845484217;1;0
2017-04-10;12;2017-04-10 12:00:00;24,01;25,54;-1,5299999999999976;40653;20246;50933;21545;17258;20769;38027;41791;-4287;523;-3764;-0,09898230204854445;-0,24840653609920038;0,025181761278829023;-0,0637234485630986;1;0
2017-04-10;13;2017-04-10 13:00:00;17,91;22,06;-4,149999999999999;40653;19772;50933;23708;19144;20423;39567;43480;-4564;651;-3913;-0,09889554426668688;-0,2384036773923945;0,03187582627429859;-0,2317141261864879;1;0
2017-04-10;14;2017-04-10 14:00:00;9,37;16,62;-7,250000000000003;40653;18510;50933;24392;20778;18855;39633;42902;-3614;345;-3269;-0,08248177024197008;-0,17393396862065647;0,018297533810660304;-0,7737459978655287;1;0
2017-04-10;15;2017-04-10 15:00:00;17,92;18,9;-0,9799999999999968;40653;15712;50933;25457;22032;16070;38102;41169;-3425;358;-3067;-0,08049446223295365;-0,15545570079883805;0,022277535780958306;-0,05468749999999981;1;0
2017-04-10;16;2017-04-10 16:00:00;21,63;21,15;0,4800000000000004;40653;11854;50933;26230;22964;12245;35209;38084;-3266;391;-2875;-0,08165525859865376;-0,14222260930151542;0,031931400571661904;0,022191400832177553;1;0
2017-04-10;17;2017-04-10 17:00:00;26,2;25,5;0,6999999999999993;40653;7344;50933;26712;23277;7796;31073;34056;-3435;452;-2983;-0,09599974254175651;-0,1475705632169094;0,05797845048742945;0,026717557251908372;1;0
2017-04-10;18;2017-04-10 18:00:00;32,26;29,69;2,5699999999999967;40653;3255;50933;25793;22727;3502;26229;29048;-3066;247;-2819;-0,10747645735636129;-0,1349056188674264;0,07053112507138778;0,07966522008679469;1;0
2017-04-10;19;2017-04-10 19:00:00;38,32;33,36;4,960000000000001;40653;690;50933;23708;21820;646;22466;24398;-1888;-44;-1932;-0,0859966171103;-0,08652612282309807;-0,06811145510835913;0,1294363256784969;1;0
2017-04-10;20;2017-04-10 20:00:00;38,74;37,99;0,75;40653;5;50933;21478;21103;7;21110;21483;-375;2;-373;-0,017669351018474656;-0,017769985310145477;0,2857142857142857;0,019359834796076406;1;0
2017-04-10;21;2017-04-10 21:00:00;37,95;33,72;4,230000000000004;40653;0;50933;19968;20452;0;20452;19968;484;0;484;0,0236651672208097;0,0236651672208097;;0,11146245059288547;1;0
2017-04-10;22;2017-04-10 22:00:00;31,29;32,57;-1,2800000000000011;40653;0;50933;18942;19933;0;19933;18942;991;0;991;0,04971655044398736;0,04971655044398736;;-0,0409076382230745;1;0
2017-04-10;23;2017-04-10 23:00:00;24,02;27,25;-3,2300000000000004;40653;0;50933;18425;19593;0;19593;18425;1168;0;1168;0,05961312713724289;0,05961312713724289;;-0,1344712739383847;1;0
2017-04-11;0;2017-04-11 00:00:00;24,83;29,43;-4,600000000000001;40657;0;50933;18177;19060;0;19060;18177;883;0;883;0,04632738719832109;0,04632738719832109;;-0,18525976641159894;1;1
2017-04-11;1;2017-04-11 01:00:00;23,52;29,63;-6,1099999999999985;40657;0;50933;17466;18747;0;18747;17466;1281;0;1281;0,06833093294927188;0,06833093294927188;;-0,2597789115646258;1;1
2017-04-11;2;2017-04-11 02:00:00;23,55;29,7;-6,149999999999999;40657;0;50933;16823;18590;0;18590;16823;1767;0;1767;0,09505110274341043;0,09505110274341043;;-0,26114649681528657;1;1
2017-04-11;3;2017-04-11 03:00:00;23,53;28,96;-5,43;40657;0;50933;17159;18587;0;18587;17159;1428;0;1428;0,07682789046107494;0,07682789046107494;;-0,23076923076923075;1;1
2017-04-11;4;2017-04-11 04:00:00;25,63;31,39;-5,7600000000000025;40657;0;50933;17727;18606;0;18606;17727;879;0;879;0,0472428248951951;0,0472428248951951;;-0,22473663675380423;1;1
2017-04-11;5;2017-04-11 05:00:00;28,12;31,7;-3,5799999999999983;40657;0;50933;17752;18416;0;18416;17752;664;0;664;0,036055603822762815;0,036055603822762815;;-0,1273115220483641;1;1
2017-04-11;6;2017-04-11 06:00:00;37,91;37,87;0,03999999999999915;40657;87;50933;16958;17927;79;18006;17045;969;-8;961;0,05337109852271465;0,05405254643833324;-0,10126582278481013;0,001055130572408313;1;1
2017-04-11;7;2017-04-11 07:00:00;41,52;42,48;-0,9599999999999936;40657;1669;50933;15446;17469;1453;18922;17115;2023;-216;1807;0,09549730472465913;0,1158051405346614;-0,1486579490708878;-0,02312138728323684;1;1
2017-04-11;8;2017-04-11 08:00:00;43,5;42,25;1,25;40657;5080;50933;15162;17330;4722;22052;20242;2168;-358;1810;0,08207872301832034;0,1251009809578765;-0,07581533248623465;0,028735632183908046;1;1
2017-04-11;9;2017-04-11 09:00:00;40,93;38,3;2,6300000000000026;40657;9490;50933;16598;17896;8618;26514;26088;1298;-872;426;0,016066983480425436;0,07253017434063477;-0,10118356927361337;0,0642560469093575;1;1
2017-04-11;10;2017-04-11 10:00:00;37,45;32,32;5,130000000000003;40657;13265;50933;16894;18586;12307;30893;30159;1692;-958;734;0,02375942770206843;0,09103626385451415;-0,07784187860567157;0,13698264352469966;1;1
2017-04-11;11;2017-04-11 11:00:00;34,16;32,99;1,1699999999999946;40657;15730;50933;16484;18724;15130;33854;32214;2240;-600;1640;0,04844331541324511;0,119632557145909;-0,03965631196298744;0,03425058548009352;1;1
2017-04-11;12;2017-04-11 12:00:00;31,0;30,86;0,14000000000000054;40657;17192;50933;15731;18311;16694;35005;32923;2580;-498;2082;0,05947721754035138;0,1408989132215608;-0,02983107703366479;0,004516129032258082;1;1
2017-04-11;13;2017-04-11 13:00:00;29,66;30,79;-1,129999999999999;40657;17912;50933;14928;17894;16994;34888;32840;2966;-918;2048;0,05870213253840862;0,16575388398345814;-0,05401906555254796;-0,03809844908968304;1;1
2017-04-11;14;2017-04-11 14:00:00;29,98;31,3;-1,3200000000000005;40657;16844;50933;14778;17702;16155;33857;31622;2924;-689;2235;0,06601293676344626;0,16517907581064287;-0,04264933457134014;-0,04402935290193464;1;1
2017-04-11;15;2017-04-11 15:00:00;31,9;32,34;-0,4400000000000048;40657;14630;50933;14860;17660;14142;31802;29490;2800;-488;2312;0,07269983019935854;0,15855039637599094;-0,03450714184698062;-0,013793103448276013;1;1
2017-04-11;16;2017-04-11 16:00:00;31,83;31,4;0,4299999999999997;40657;11596;50933;14258;17415;11093;28508;25854;3157;-503;2654;0,09309667461765118;0,18128050531151307;-0,04534391057423601;0,013509267986176555;1;1
2017-04-11;17;2017-04-11 17:00:00;35,3;34,2;1,0999999999999943;40657;7654;50933;13954;16554;7362;23916;21608;2600;-292;2308;0,09650443217929419;0,15706173734444848;-0,039663135017658245;0,03116147308781854;1;1
2017-04-11;18;2017-04-11 18:00:00;37,95;37,35;0,6000000000000014;40657;3528;50933;12724;14977;3409;18386;16252;2253;-119;2134;0,11606657239203742;0,15043066034586366;-0,03490759753593429;0,015810276679841934;1;1
2017-04-11;19;2017-04-11 19:00:00;43,1;40,29;2,8100000000000023;40657;731;50933;11837;13389;637;14026;12568;1552;-94;1458;0,10394980750035648;0,11591605048920756;-0,14756671899529042;0,06519721577726223;1;1
2017-04-11;20;2017-04-11 20:00:00;43,27;41,03;2,240000000000002;40657;6;50933;11746;12730;8;12738;11752;984;2;986;0,07740618621447637;0,07729772191673213;0,25;0,051767968569447695;1;1
2017-04-11;21;2017-04-11 21:00:00;38,38;37,01;1,3700000000000043;40657;0;50933;11978;13257;0;13257;11978;1279;0;1279;0,09647733272987856;0,09647733272987856;;0,035695674830641066;1;1
2017-04-11;22;2017-04-11 22:00:00;37,08;37,73;-0,6499999999999986;40657;0;50933;13215;14345;0;14345;13215;1130;0;1130;0,07877309166957128;0,07877309166957128;;-0,017529665587917978;1;1
2017-04-11;23;2017-04-11 23:00:00;30,17;33,18;-3,009999999999998;40657;0;50933;14391;15762;0;15762;14391;1371;0;1371;0,08698134754472783;0,08698134754472783;;-0,09976798143851501;1;1
2017-04-12;0;2017-04-12 00:00:00;25,99;29,78;-3,7900000000000023;40663;0;50948;15763;17265;0;17265;15763;1502;0;1502;0,08699681436432088;0,08699681436432088;;-0,14582531742978078;1;2
2017-04-12;1;2017-04-12 01:00:00;24,42;28,96;-4,539999999999999;40663;0;50948;16694;18775;0;18775;16694;2081;0;2081;0,11083888149134487;0,11083888149134487;;-0,18591318591318587;1;2
2017-04-12;2;2017-04-12 02:00:00;23,02;25,13;-2,1099999999999994;40663;0;50948;17208;20058;0;20058;17208;2850;0;2850;0,1420879449596171;0,1420879449596171;;-0,09165942658557774;1;2
2017-04-12;3;2017-04-12 03:00:00;20,5;24,27;-3,77;40663;0;50948;18340;20847;0;20847;18340;2507;0;2507;0,12025711133496426;0,12025711133496426;;-0,18390243902439024;1;2
2017-04-12;4;2017-04-12 04:00:00;23,01;23,11;-0,09999999999999787;40663;0;50948;19340;21530;0;21530;19340;2190;0;2190;0,10171853228053879;0,10171853228053879;;-0,004345936549326287;1;2
2017-04-12;5;2017-04-12 05:00:00;23,09;28,14;-5,050000000000002;40663;0;50948;20130;22010;0;22010;20130;1880;0;1880;0,0854157201272149;0,0854157201272149;;-0,21870939800779565;1;2
2017-04-12;6;2017-04-12 06:00:00;31,02;33,75;-2,7300000000000004;40663;51;50948;21443;22338;57;22395;21494;895;6;901;0,04023219468631391;0,04006625481242725;0,10526315789473684;-0,08800773694390718;1;2
2017-04-12;7;2017-04-12 07:00:00;36,44;38,53;-2,0900000000000034;40663;1245;50948;21743;22698;1170;23868;22988;955;-75;880;0,03686944863415452;0,042074191558727644;-0,0641025641025641;-0,05735455543358956;1;2
2017-04-12;8;2017-04-12 08:00:00;37,95;34,76;3,190000000000005;40663;3964;50948;22168;23346;3945;27291;26132;1178;-19;1159;0,042468212963980796;0,05045832262486079;-0,004816223067173638;0,08405797101449287;1;2
2017-04-12;9;2017-04-12 09:00:00;34,02;32,29;1,7300000000000042;40663;7235;50948;22429;24489;7256;31745;29664;2060;21;2081;0,06555363049299102;0,08411940054718445;0,002894156560088203;0,05085243974132875;1;2
2017-04-12;10;2017-04-12 10:00:00;29,29;32,72;-3,43;40663;10775;50948;23758;25790;10433;36223;34533;2032;-342;1690;0,04665543991386688;0,07879022877084141;-0,03278060001916994;-0,11710481392966884;1;2
2017-04-12;11;2017-04-12 11:00:00;27,35;30,85;-3,5;40663;13706;50948;25982;26862;12895;39757;39688;880;-811;69;0,0017355434263148627;0,03276003276003276;-0,0628925940286933;-0,12797074954296161;1;2
2017-04-12;12;2017-04-12 12:00:00;23,65;25,62;-1,9700000000000024;40663;15578;50948;27379;27509;14387;41896;42957;130;-1191;-1061;-0,02532461332824136;0,004725726125995129;-0,08278306804754292;-0,08329809725158573;1;2
2017-04-12;13;2017-04-12 13:00:00;23,06;22,45;0,6099999999999994;40663;15850;50948;28136;27893;14587;42480;43986;-243;-1263;-1506;-0,035451977401129944;-0,008711863191481733;-0,0865839446082128;0,026452732003469186;1;2
2017-04-12;14;2017-04-12 14:00:00;23,4;17,36;6,039999999999999;40663;15027;50948;28403;28011;13731;41742;43430;-392;-1296;-1688;-0,04043888649322026;-0,013994502159865767;-0,09438496831986017;0,2581196581196581;1;2
2017-04-12;15;2017-04-12 15:00:00;23,05;17,01;6,039999999999999;40663;12910;50948;27925;27912;11745;39657;40835;-13;-1165;-1178;-0,02970471795647679;-0,0004657494984236171;-0,09919114516815666;0,2620390455531453;1;2
2017-04-12;16;2017-04-12 16:00:00;26,06;17,86;8,2;40663;9567;50948;27134;27536;8776;36312;36701;402;-791;-389;-0,01071271205111258;0,014599070307960487;-0,09013217866909753;0,3146584804297774;1;2
2017-04-12;17;2017-04-12 17:00:00;27,56;23,57;3,9899999999999984;40663;5466;50948;26434;26657;5435;32092;31900;223;-31;192;0,005982799451576717;0,008365532505533256;-0,005703771849126035;0,1447750362844702;1;2
2017-04-12;18;2017-04-12 18:00:00;31,34;29,93;1,41;40663;2344;50948;25719;25648;2410;28058;28063;-71;66;-5;-0,00017820229524556275;-0,002768247036805989;0,027385892116182572;0,04499042756860242;1;2
2017-04-12;19;2017-04-12 19:00:00;33,78;32,65;1,1300000000000026;40663;502;50948;24122;24863;460;25323;24624;741;-42;699;0,027603364530268924;0,029803322205687165;-0,09130434782608696;0,03345174659561878;1;2
2017-04-12;20;2017-04-12 20:00:00;34,11;34,2;-0,09000000000000341;40663;3;50948;23468;24218;5;24223;23471;750;2;752;0,03104487470585807;0,03096870096622347;0,4;-0,0026385224274407333;1;2
2017-04-12;21;2017-04-12 21:00:00;31,95;32,38;-0,4300000000000033;40663;0;50948;22923;23817;0;23817;22923;894;0;894;0,03753621362892052;0,03753621362892052;;-0,013458528951486802;1;2
2017-04-12;22;2017-04-12 22:00:00;27,32;31,19;-3,870000000000001;40663;0;50948;22748;23651;0;23651;22748;903;0;903;0,03818020379687963;0,03818020379687963;;-0,1416544655929722;1;2
2017-04-12;23;2017-04-12 23:00:00;23,05;27,02;-3,969999999999999;40663;0;50948;22159;23402;0;23402;22159;1243;0;1243;0,053115118365951626;0,053115118365951626;;-0,17223427331887195;1;2
2017-04-13;0;2017-04-13 00:00:00;18,01;26,15;-8,139999999999997;40673;0;50954;21354;22531;0;22531;21354;1177;0;1177;0,05223913718876215;0,05223913718876215;;-0,4519711271515823;1;3
2017-04-13;1;2017-04-13 01:00:00;16,01;26,12;-10,11;40673;0;50954;20684;22093;0;22093;20684;1409;0;1409;0,06377585660616485;0,06377585660616485;;-0,6314803247970018;1;3
2017-04-13;2;2017-04-13 02:00:00;17,95;26,67;-8,720000000000002;40673;0;50954;19947;21811;0;21811;19947;1864;0;1864;0,08546146439869791;0,08546146439869791;;-0,4857938718662954;1;3
2017-04-13;3;2017-04-13 03:00:00;19,8;25,4;-5,599999999999998;40673;0;50954;19153;21496;0;21496;19153;2343;0;2343;0,10899702270189802;0,10899702270189802;;-0,2828282828282827;1;3
2017-04-13;4;2017-04-13 04:00:00;20,02;24,6;-4,580000000000002;40673;0;50954;18375;21304;0;21304;18375;2929;0;2929;0,137485918137439;0,137485918137439;;-0,22877122877122888;1;3
2017-04-13;5;2017-04-13 05:00:00;26,76;33,8;-7,0399999999999965;40673;0;50954;18218;21018;0;21018;18218;2800;0;2800;0,1332191454943382;0,1332191454943382;;-0,2630792227204782;1;3
2017-04-13;6;2017-04-13 06:00:00;31,95;36,94;-4,989999999999998;40673;80;50954;18653;20759;99;20858;18733;2106;19;2125;0,10187937482021286;0,10144997350546751;0,1919191919191919;-0,15618153364632234;1;3
2017-04-13;7;2017-04-13 07:00:00;35,95;40,96;-5,009999999999998;40673;1170;50954;18297;20574;1382;21956;19467;2277;212;2489;0,11336308981599563;0,11067366579177602;0,15340086830680175;-0,1393602225312934;1;3
2017-04-13;8;2017-04-13 08:00:00;35,99;40,69;-4,699999999999996;40673;3641;50954;18662;20787;4106;24893;22303;2125;465;2590;0,10404531394367894;0,10222735363448308;0,1132489040428641;-0,13059183106418437;1;3
2017-04-13;9;2017-04-13 09:00:00;33,48;39,02;-5,540000000000006;40673;6854;50954;20319;21656;7289;28945;27173;1337;435;1772;0,06121955432717222;0,061738086442556336;0,059678968308409935;-0,16547192353643986;1;3
2017-04-13;10;2017-04-13 10:00:00;31,06;36,28;-5,2200000000000015;40673;9420;50954;22154;22642;10295;32937;31574;488;875;1363;0,04138203236481768;0,021552866354562317;0,08499271491015056;-0,16806181584030913;1;3
2017-04-13;11;2017-04-13 11:00:00;28,96;34,44;-5,479999999999998;40673;10985;50954;23475;23592;12506;36098;34460;117;1521;1638;0,045376475150977896;0,0049593082400813835;0,12162162162162163;-0,18922651933701648;1;3
2017-04-13;12;2017-04-13 12:00:00;27,01;33,35;-6,34;40673;12058;50954;24436;24500;13773;38273;36494;64;1715;1779;0,046481854048545976;0,0026122448979591837;0,1245189864227111;-0,23472787856349497;1;3
2017-04-13;13;2017-04-13 13:00:00;24,45;33,17;-8,720000000000002;40673;12657;50954;24436;25241;13845;39086;37093;805;1188;1993;0,05099012434119633;0,03189255576244998;0,085807150595883;-0,3566462167689163;1;3
2017-04-13;14;2017-04-13 14:00:00;24,02;31,06;-7,039999999999999;40673;12162;50954;24222;25612;13016;38628;36384;1390;854;2244;0,05809257533395464;0,05427143526471966;0,06561155500921942;-0,2930890924229808;1;3
2017-04-13;15;2017-04-13 15:00:00;26,57;32,05;-5,479999999999998;40673;11338;50954;23594;25399;11368;36767;34932;1805;30;1835;0,04990888568553322;0,07106578999173196;0,0026389866291344124;-0,20624764772299578;1;3
2017-04-13;16;2017-04-13 16:00:00;27,59;31,09;-3,5;40673;9305;50954;22926;24860;9016;33876;32231;1934;-289;1645;0,048559452119494625;0,07779565567176186;-0,03205412599822538;-0,12685755708590069;1;3
2017-04-13;17;2017-04-13 17:00:00;30,03;33,0;-2,969999999999999;40673;6439;50954;22086;23637;6239;29876;28525;1551;-200;1351;0,04522024367385192;0,06561746414519609;-0,03205641929796442;-0,09890109890109886;1;3
2017-04-13;18;2017-04-13 18:00:00;35,93;37,71;-1,7800000000000011;40673;3238;50954;20255;21544;3121;24665;23493;1289;-117;1172;0,04751672410297993;0,05983104344597104;-0,037487984620314004;-0,04954077372669082;1;3
2017-04-13;19;2017-04-13 19:00:00;40,0;38,35;1,6499999999999986;40673;854;50954;18493;19169;642;19811;19347;676;-212;464;0,023421331583463732;0,03526527205383692;-0,3302180685358255;0,04124999999999997;1;3
2017-04-13;20;2017-04-13 20:00:00;42,24;41,7;0,5399999999999991;40673;16;50954;17089;17335;9;17344;17105;246;-7;239;0,013779981549815499;0,014190943178540525;-0,7777777777777778;0,012784090909090889;1;3
2017-04-13;21;2017-04-13 21:00:00;38,91;37,95;0,9599999999999936;40673;0;50954;16197;16326;0;16326;16197;129;0;129;0,007901506798970967;0,007901506798970967;;0,02467232074016946;1;3
2017-04-13;22;2017-04-13 22:00:00;36,82;37,19;-0,36999999999999744;40673;0;50954;15378;15868;0;15868;15378;490;0;490;0,030879758003529115;0,030879758003529115;;-0,01004888647474192;1;3
2017-04-13;23;2017-04-13 23:00:00;32,97;32,67;0,2999999999999972;40673;0;50954;14933;15756;0;15756;14933;823;0;823;0,05223406956080223;0,05223406956080223;;0,009099181073703283;1;3
2017-04-14;0;2017-04-14 00:00:00;30,66;27,68;2,9800000000000004;40675;0;50960;14472;14249;0;14249;14472;-223;0;-223;-0,015650221068145134;-0,015650221068145134;;0,09719504240052186;1;4
2017-04-14;1;2017-04-14 01:00:00;26,78;26,66;0,12000000000000098;40675;0;50960;14457;14198;0;14198;14457;-259;0;-259;-0,018242005916326243;-0,018242005916326243;;0,004480955937266653;1;4
2017-04-14;2;2017-04-14 02:00:00;26,96;27,3;-0,33999999999999986;40675;0;50960;14230;14126;0;14126;14230;-104;0;-104;-0,007362310632875548;-0,007362310632875548;;-0,012611275964391686;1;4
2017-04-14;3;2017-04-14 03:00:00;26,87;26,8;0,07000000000000027;40675;0;50960;13747;14089;0;14089;13747;342;0;342;0,024274256512172618;0,024274256512172618;;0,0026051358392259125;1;4
2017-04-14;4;2017-04-14 04:00:00;26,69;28,04;-1,349999999999998;40675;0;50960;13262;13928;0;13928;13262;666;0;666;0,04781734635267088;0,04781734635267088;;-0,050580741850880406;1;4
2017-04-14;5;2017-04-14 05:00:00;26,76;28,8;-2,039999999999999;40675;0;50960;13396;13565;0;13565;13396;169;0;169;0,012458532989310727;0,012458532989310727;;-0,07623318385650221;1;4
2017-04-14;6;2017-04-14 06:00:00;26,93;28,42;-1,490000000000002;40675;121;50960;13515;12927;131;13058;13636;-588;10;-578;-0,04426405268800735;-0,04548619169180784;0,07633587786259542;-0,05532862978091355;1;4
2017-04-14;7;2017-04-14 07:00:00;27,7;25,26;2,4399999999999977;40675;1785;50960;11932;12215;1856;14071;13717;283;71;354;0,02515812664345107;0,023168235775685633;0,03825431034482758;0,0880866425992779;1;4
2017-04-14;8;2017-04-14 08:00:00;28,73;26,77;1,9600000000000009;40675;5254;50960;10891;11703;5582;17285;16145;812;328;1140;0,06595313855944461;0,06938391865333675;0,0587603009673952;0,06822137138879224;1;4
2017-04-14;9;2017-04-14 09:00:00;28,23;29,88;-1,6499999999999986;40675;9285;50960;11278;11581;9762;21343;20563;303;477;780;0,036545940120882726;0,02616354373542872;0,04886293792255685;-0,05844845908607859;1;4
2017-04-14;10;2017-04-14 10:00:00;27,82;30,11;-2,289999999999999;40675;12682;50960;11486;11512;13011;24523;24168;26;329;355;0,014476206010683848;0,002258512856150104;0,025286296210898472;-0,08231488138030191;1;4
2017-04-14;11;2017-04-14 11:00:00;27,88;27,21;0,6699999999999982;40675;14742;50960;11423;11421;14839;26260;26165;-2;97;95;0,0036176694592536178;-0,00017511601435951318;0,006536828627265988;0,02403156384505015;1;4
2017-04-14;12;2017-04-14 12:00:00;25,95;24,82;1,129999999999999;40675;14914;50960;11931;11313;15530;26843;26845;-618;616;-2;-7,450732034422381e-05;-0,05462741978255105;0,039665164198325824;0,043545279383429635;1;4
2017-04-14;13;2017-04-14 13:00:00;27,69;24,41;3,280000000000001;40675;13832;50960;12204;11181;15346;26527;26036;-1023;1514;491;0,018509443208806122;-0,09149449959753153;0,09865763065293888;0,11845431563741426;1;4
2017-04-14;14;2017-04-14 14:00:00;27,65;24,87;2,7799999999999976;40675;12691;50960;12320;11093;14341;25434;25011;-1227;1650;423;0,016631280962491155;-0,1106102947804922;0,115054738163308;0,10054249547920426;1;4
2017-04-14;15;2017-04-14 15:00:00;27,79;24,49;3,3000000000000007;40675;11002;50960;12236;10942;12497;23439;23238;-1294;1495;201;0,008575451171125048;-0,11825991592030707;0,11962871089061375;0,11874775098956462;1;4
2017-04-14;16;2017-04-14 16:00:00;28,34;24,99;3,3500000000000014;40675;8488;50960;11370;10568;9940;20508;19858;-802;1452;650;0,03169494831285352;-0,075889477668433;0,1460764587525151;0,11820748059280174;1;4
2017-04-14;17;2017-04-14 17:00:00;30,66;29,03;1,629999999999999;40675;5577;50960;10895;9870;6762;16632;16472;-1025;1185;160;0,00962000962000962;-0,1038500506585613;0,17524401064773737;0,053163731245922996;1;4
2017-04-14;18;2017-04-14 18:00:00;36,9;34,59;2,309999999999995;40675;2694;50960;9641;8763;3224;11987;12335;-878;530;-348;-0,029031450738299824;-0,10019399748944426;0,16439205955334987;0,06260162601626003;1;4
2017-04-14;19;2017-04-14 19:00:00;38,74;34,22;4,520000000000003;40675;551;50960;8054;7562;640;8202;8605;-492;89;-403;-0,04913435747378688;-0,06506215286961121;0,1390625;0,11667527103768723;1;4
2017-04-14;20;2017-04-14 20:00:00;38,37;34,16;4,210000000000001;40675;6;50960;7518;6885;9;6894;7524;-633;3;-630;-0,09138381201044386;-0,09193899782135076;0,3333333333333333;0,10972113630440451;1;4
2017-04-14;21;2017-04-14 21:00:00;38,55;33,36;5,189999999999999;40675;0;50960;7239;6972;0;6972;7239;-267;0;-267;-0,0382960413080895;-0,0382960413080895;;0,1346303501945525;1;4
2017-04-14;22;2017-04-14 22:00:00;37,45;33,33;4,1200000000000045;40675;0;50960;7183;7416;0;7416;7183;233;0;233;0,0314185544768069;0,0314185544768069;;0,11001335113484657;1;4
2017-04-14;23;2017-04-14 23:00:00;36,95;30,99;5,9600000000000035;40675;0;50960;7692;8190;0;8190;7692;498;0;498;0,060805860805860805;0,060805860805860805;;0,161299052774019;1;4
2017-04-15;0;2017-04-15 00:00:00;33,88;29,47;4,410000000000005;40675;0;50960;8522;8302;0;8302;8522;-220;0;-220;-0,026499638641291255;-0,026499638641291255;;0,13016528925619847;1;5
2017-04-15;1;2017-04-15 01:00:00;30,51;25,91;4,600000000000001;40675;0;50960;9509;9372;0;9372;9509;-137;0;-137;-0,014618011096884336;-0,014618011096884336;;0,15077023926581454;1;5
2017-04-15;2;2017-04-15 02:00:00;28,82;23,97;4,850000000000001;40675;0;50960;10623;10437;0;10437;10623;-186;0;-186;-0,017821212992239148;-0,017821212992239148;;0,16828591256072176;1;5
2017-04-15;3;2017-04-15 03:00:00;25,98;15,27;10,71;40675;0;50960;11709;11631;0;11631;11709;-78;0;-78;-0,0067062161465050295;-0,0067062161465050295;;0,4122401847575058;1;5
2017-04-15;4;2017-04-15 04:00:00;20,04;11,82;8,219999999999999;40675;0;50960;13458;12851;0;12851;13458;-607;0;-607;-0,047233678312971754;-0,047233678312971754;;0,41017964071856283;1;5
2017-04-15;5;2017-04-15 05:00:00;19,1;9,12;9,980000000000002;40675;0;50960;14092;13949;0;13949;14092;-143;0;-143;-0,010251630941286114;-0,010251630941286114;;0,5225130890052356;1;5
2017-04-15;6;2017-04-15 06:00:00;17,67;7,03;10,64;40675;94;50960;15166;15021;85;15106;15260;-145;-9;-154;-0,010194624652455977;-0,00965315225351175;-0,10588235294117647;0,6021505376344086;1;5
2017-04-15;7;2017-04-15 07:00:00;17,97;8,21;9,759999999999998;40675;1274;50960;17092;16386;1067;17453;18366;-706;-207;-913;-0,05231192345155561;-0,043085560844623456;-0,19400187441424555;0,5431274346132442;1;5
2017-04-15;8;2017-04-15 08:00:00;20,1;11,94;8,160000000000002;40675;3749;50960;18214;18321;3037;21358;21963;107;-712;-605;-0,028326622342916004;0,005840292560449757;-0,2344418834376029;0,4059701492537314;1;5
2017-04-15;9;2017-04-15 09:00:00;19,08;9,15;9,929999999999998;40675;6693;50960;20444;20922;5226;26148;27137;478;-1467;-989;-0,037823160471164144;0,022846764171685307;-0,2807118254879449;0,520440251572327;1;5
2017-04-15;10;2017-04-15 10:00:00;13,94;4,8;9,14;40675;9468;50960;23404;23607;7086;30693;32872;203;-2382;-2179;-0,07099338611409768;0,008599144321599526;-0,336155800169348;0,6556671449067433;1;5
2017-04-15;11;2017-04-15 11:00:00;9,43;-7,0;16,43;40675;10268;50960;26088;25698;8558;34256;36356;-390;-1710;-2100;-0,06130312937879496;-0,015176278309596078;-0,199813040430007;1,7423117709437965;1;5
2017-04-15;12;2017-04-15 12:00:00;13,36;-10,86;24,22;40675;10294;50960;27530;27158;9598;36756;37824;-372;-696;-1068;-0,029056480574600065;-0,01369762132704912;-0,07251510731402376;1,812874251497006;1;5
2017-04-15;13;2017-04-15 13:00:00;7,56;-5,67;13,23;40675;10184;50960;28582;28231;10199;38430;38766;-351;15;-336;-0,008743169398907104;-0,012433140873507846;0,0014707324247475242;1,7500000000000002;1;5
2017-04-15;14;2017-04-15 14:00:00;0,25;-1,26;1,51;40675;9380;50960;29337;28785;10245;39030;38717;-552;865;313;0,008019472200871125;-0,01917665450755602;0,084431429965837;6,04;1;5
2017-04-15;15;2017-04-15 15:00:00;-1,08;6,31;-7,39;40675;8630;50960;30212;28882;9470;38352;38842;-1330;840;-490;-0,012776387150604923;-0,046049442559379546;0,08870116156282999;6,842592592592592;1;5
2017-04-15;16;2017-04-15 16:00:00;-3,23;10,11;-13,34;40675;7083;50960;30521;28858;7750;36608;37604;-1663;667;-996;-0,027207167832167832;-0,05762700117818283;0,08606451612903226;4,130030959752322;1;5
2017-04-15;17;2017-04-15 17:00:00;7,68;13,12;-5,44;40675;5006;50960;29745;28170;5397;33567;34751;-1575;391;-1184;-0,0352727381058778;-0,05591054313099041;0,07244765610524366;-0,7083333333333334;1;5
2017-04-15;18;2017-04-15 18:00:00;10,03;18,78;-8,750000000000002;40675;2609;50960;28604;26683;2823;29506;31213;-1921;214;-1707;-0,05785264014098827;-0,07199340404002548;0,07580588026921714;-0,8723828514456633;1;5
2017-04-15;19;2017-04-15 19:00:00;14,03;19,8;-5,770000000000001;40675;694;50960;26179;25027;670;25697;26873;-1152;-24;-1176;-0,04576409697630074;-0,04603028728972709;-0,03582089552238806;-0,4112615823235924;1;5
2017-04-15;20;2017-04-15 20:00:00;13,03;18,49;-5,459999999999999;40675;19;50960;23818;23646;16;23662;23837;-172;-3;-175;-0,007395824528780323;-0,007273957540387381;-0,1875;-0,41903300076745964;1;5
2017-04-15;21;2017-04-15 21:00:00;12,04;16,34;-4,300000000000002;40675;0;50960;22810;22880;0;22880;22810;70;0;70;0,0030594405594405595;0,0030594405594405595;;-0,3571428571428573;1;5
2017-04-15;22;2017-04-15 22:00:00;11,07;13,56;-2,49;40675;0;50960;22312;22574;0;22574;22312;262;0;262;0,011606272703109773;0,011606272703109773;;-0,22493224932249323;1;5
2017-04-15;23;2017-04-15 23:00:00;9,23;13,48;-4,25;40675;0;50960;22615;22512;0;22512;22615;-103;0;-103;-0,004575337597725658;-0,004575337597725658;;-0,4604550379198266;1;5
2017-04-16;0;2017-04-16 00:00:00;3,94;9,95;-6,01;40675;0;50966;22678;22734;0;22734;22678;56;0;56;0,0024632708718219406;0,0024632708718219406;;-1,5253807106598984;1;6
2017-04-16;1;2017-04-16 01:00:00;7,55;9,17;-1,62;40675;0;50966;22325;23013;0;23013;22325;688;0;688;0,029896145656802677;0,029896145656802677;;-0,21456953642384108;1;6
2017-04-16;2;2017-04-16 02:00:00;5,14;11,65;-6,510000000000002;40675;0;50966;21849;22965;0;22965;21849;1116;0;1116;0,04859568909209667;0,04859568909209667;;-1,2665369649805451;1;6
2017-04-16;3;2017-04-16 03:00:00;1,91;9,29;-7,379999999999999;40675;0;50966;20909;22193;0;22193;20909;1284;0;1284;0,057856080746181225;0,057856080746181225;;-3,8638743455497377;1;6
2017-04-16;4;2017-04-16 04:00:00;7,55;9,65;-2,1000000000000005;40675;0;50966;19569;21085;0;21085;19569;1516;0;1516;0,07189945458857007;0,07189945458857007;;-0,2781456953642385;1;6
2017-04-16;5;2017-04-16 05:00:00;14,03;13,22;0,8099999999999987;40675;0;50966;18045;19465;0;19465;18045;1420;0;1420;0,07295145132288723;0,07295145132288723;;0,05773342836778323;1;6
2017-04-16;6;2017-04-16 06:00:00;9,2;11,27;-2,0700000000000003;40675;144;50966;16857;17389;152;17541;17001;532;8;540;0,03078501795792714;0,030594053712116855;0,05263157894736842;-0,22500000000000006;1;6
2017-04-16;7;2017-04-16 07:00:00;14,07;11,7;2,370000000000001;40675;1766;50966;14753;15292;1733;17025;16519;539;-33;506;0,02972099853157122;0,03524718807219461;-0,019042123485285632;0,1684434968017058;1;6
2017-04-16;8;2017-04-16 08:00:00;15,96;21,84;-5,879999999999999;40675;4553;50966;13079;13683;4757;18440;17632;604;204;808;0,0438177874186551;0,04414236644010816;0,04288417069581669;-0,36842105263157887;1;6
2017-04-16;9;2017-04-16 09:00:00;19,01;26,73;-7,719999999999999;40675;7624;50966;12631;13007;8007;21014;20255;376;383;759;0,036118777957552105;0,028907511340047667;0,047833145997252406;-0,4061020515518147;1;6
2017-04-16;10;2017-04-16 10:00:00;19,01;28,91;-9,9;40675;10060;50966;12526;12653;10642;23295;22586;127;582;709;0,030435715818845247;0,010037145341025844;0,05468896823905281;-0,5207785376117833;1;6
2017-04-16;11;2017-04-16 11:00:00;28,74;29,12;-0,38000000000000256;40675;11938;50966;11839;12332;12320;24652;23777;493;382;875;0,03549407755963005;0,039977294842685696;0,031006493506493506;-0,013221990257480953;1;6
2017-04-16;12;2017-04-16 12:00:00;24,03;27,91;-3,879999999999999;40675;12605;50966;12205;12015;13046;25061;24810;-190;441;251;0,010015562028650093;-0,01581356637536413;0,03380346466349839;-0,16146483562213895;1;6
2017-04-16;13;2017-04-16 13:00:00;15,03;18,16;-3,1300000000000012;40675;12323;50966;12499;11676;12655;24331;24822;-823;332;-491;-0,020180017261929226;-0,07048646796848236;0,026234689845910708;-0,20825016633399876;1;6
2017-04-16;14;2017-04-16 14:00:00;16,0;14,92;1,08;40675;11996;50966;12434;11672;11556;23228;24430;-762;-440;-1202;-0,051747890477010505;-0,06528444139821796;-0,0380754586362063;0,0675;1;6
2017-04-16;15;2017-04-16 15:00:00;15,31;16,37;-1,0600000000000005;40675;10828;50966;12235;11875;9826;21701;23063;-360;-1002;-1362;-0,06276208469655777;-0,03031578947368421;-0,10197435375534297;-0,06923579359895496;1;6
2017-04-16;16;2017-04-16 16:00:00;15,06;13,87;1,1900000000000013;40675;8487;50966;12104;11981;7554;19535;20591;-123;-933;-1056;-0,054056821090350655;-0,010266254903597363;-0,12351072279586973;0,0790172642762285;1;6
2017-04-16;17;2017-04-16 17:00:00;23,03;18,61;4,420000000000002;40675;5432;50966;10950;11699;5028;16727;16382;749;-404;345;0,02062533628265678;0,06402256603128473;-0,08035003977724742;0,19192357794181508;1;6
2017-04-16;18;2017-04-16 18:00:00;31,07;25,12;5,949999999999998;40675;2901;50966;9713;10872;2503;13375;12614;1159;-398;761;0,05689719626168224;0,10660412067696835;-0,15900918897323213;0,19150305761184416;1;6
2017-04-16;19;2017-04-16 19:00:00;31,07;28,07;3,0;40675;747;50966;8496;10071;594;10665;9243;1575;-153;1422;0,13333333333333333;0,15638963360142985;-0,25757575757575757;0,0965561635017702;1;6
2017-04-16;20;2017-04-16 20:00:00;33,95;28,27;5,680000000000002;40675;15;50966;7356;9519;16;9535;7371;2163;1;2164;0,22695332983744101;0,22722975102426726;0,0625;0,1673048600883653;1;6
2017-04-16;21;2017-04-16 21:00:00;32,55;26,5;6,049999999999998;40675;0;50966;6708;9261;0;9261;6708;2553;0;2553;0,2756721736313573;0,2756721736313573;;0,18586789554531485;1;6
2017-04-16;22;2017-04-16 22:00:00;31,91;26,91;5,0;40675;0;50966;6377;9148;0;9148;6377;2771;0;2771;0,30290773939658944;0,30290773939658944;;0,15669069257286117;1;6
2017-04-16;23;2017-04-16 23:00:00;30,46;24,89;5,57;40675;0;50966;6426;9240;0;9240;6426;2814;0;2814;0,30454545454545456;0,30454545454545456;;0,18286277084701247;1;6
2017-04-17;0;2017-04-17 00:00:00;28,5;22,8;5,699999999999998;40676;0;50972;6373;6766;0;6766;6373;393;0;393;0,05808454034880284;0,05808454034880284;;0,19999999999999996;1;0
2017-04-17;1;2017-04-17 01:00:00;24,01;19,0;5,010000000000002;40676;0;50972;6411;6982;0;6982;6411;571;0;571;0,08178172443425953;0,08178172443425953;;0,20866305705955857;1;0
2017-04-17;2;2017-04-17 02:00:00;22,07;18,73;3,34;40676;0;50972;6634;7170;0;7170;6634;536;0;536;0,07475592747559275;0,07475592747559275;;0,15133665609424557;1;0
2017-04-17;3;2017-04-17 03:00:00;21,08;17,82;3,259999999999998;40676;0;50972;6825;7427;0;7427;6825;602;0;602;0,08105560791705937;0,08105560791705937;;0,15464895635673617;1;0
2017-04-17;4;2017-04-17 04:00:00;22,0;16,98;5,02;40676;0;50972;6598;7571;0;7571;6598;973;0;973;0,12851670849293356;0,12851670849293356;;0,22818181818181815;1;0
2017-04-17;5;2017-04-17 05:00:00;27,95;19,82;8,129999999999999;40676;0;50972;6804;7532;0;7532;6804;728;0;728;0,09665427509293681;0,09665427509293681;;0,2908765652951699;1;0
2017-04-17;6;2017-04-17 06:00:00;28,21;19,22;8,990000000000002;40676;141;50972;6902;7359;160;7519;7043;457;19;476;0,06330629073015029;0,06210082891697241;0,11875;0,3186813186813187;1;0
2017-04-17;7;2017-04-17 07:00:00;27,44;17,23;10,21;40676;1413;50972;6754;7206;1581;8787;8167;452;168;620;0,07055878001593263;0,06272550652234249;0,1062618595825427;0,3720845481049563;1;0
2017-04-17;8;2017-04-17 08:00:00;29,9;19,28;10,619999999999996;40676;3775;50972;6150;7024;4226;11250;9925;874;451;1325;0,11777777777777777;0,12443052391799544;0,10672030288689068;0,3551839464882942;1;0
2017-04-17;9;2017-04-17 09:00:00;30,17;21,44;8,73;40676;6474;50972;6152;7061;7454;14515;12626;909;980;1889;0,13014123320702722;0,1287353066137941;0,1314730346122887;0,2893602916804773;1;0
2017-04-17;10;2017-04-17 10:00:00;29,6;21,44;8,16;40676;8268;50972;6662;7398;10541;17939;14930;736;2273;3009;0,16773510229109762;0,09948634766153014;0,2156341903045252;0,2756756756756757;1;0
2017-04-17;11;2017-04-17 11:00:00;29,0;21,38;7,620000000000001;40676;9600;50972;7384;7823;12869;20692;16984;439;3269;3708;0,17919969070172048;0,05611657931739742;0,2540212914756391;0,2627586206896552;1;0
2017-04-17;12;2017-04-17 12:00:00;25,01;21,05;3,9600000000000013;40676;10808;50972;8171;8494;13916;22410;18979;323;3108;3431;0,1531012940651495;0,03802684247704262;0,22334004024144868;0,1583366653338665;1;0
2017-04-17;13;2017-04-17 13:00:00;19,57;17,17;2,3999999999999986;40676;11568;50972;9192;9385;14148;23533;20760;193;2580;2773;0,1178345302341393;0,02056473095364944;0,1823579304495335;0,12263668880940207;1;0
2017-04-17;14;2017-04-17 14:00:00;15,93;12,87;3,0600000000000005;40676;11392;50972;10862;10392;13813;24205;22254;-470;2421;1951;0,08060318116091716;-0,04522709776751347;0,17526967349598205;0,19209039548022602;1;0
2017-04-17;15;2017-04-17 15:00:00;9,28;11,68;-2,4000000000000004;40676;10340;50972;11704;11491;12590;24081;22044;-213;2250;2037;0,08458951040239193;-0,018536245757549388;0,17871326449563146;-0,2586206896551725;1;0
2017-04-17;16;2017-04-17 16:00:00;9,36;11,33;-1,9700000000000009;40676;8754;50972;12560;12384;10497;22881;21314;-176;1743;1567;0,06848476902233294;-0,014211886304909561;0,1660474421263218;-0,21047008547008558;1;0
2017-04-17;17;2017-04-17 17:00:00;17,8;16,69;1,1099999999999994;40676;6211;50972;12707;12757;7628;20385;18918;50;1417;1467;0,07196467991169977;0,003919416790781532;0,1857629785002622;0,06235955056179772;1;0
2017-04-17;18;2017-04-17 18:00:00;25,36;24,46;0,8999999999999986;40676;3320;50972;11820;12307;3966;16273;15140;487;646;1133;0,06962453143243409;0,03957097586739254;0,16288451840645488;0,035488958990536223;1;0
2017-04-17;19;2017-04-17 19:00:00;32,15;28,5;3,649999999999999;40676;866;50972;11067;11488;963;12451;11933;421;97;518;0,041603084089631356;0,036646935933147634;0,10072689511941849;0,11353032659409018;1;0
2017-04-17;20;2017-04-17 20:00:00;33,91;30,09;3,8199999999999967;40676;23;50972;10394;10488;30;10518;10417;94;7;101;0,009602586042973949;0,008962623951182304;0,23333333333333334;0,1126511353583013;1;0
2017-04-17;21;2017-04-17 21:00:00;33,95;30,21;3,740000000000002;40676;0;50972;9961;9685;0;9685;9961;-276;0;-276;-0,028497676819824472;-0,028497676819824472;;0,11016200294550815;1;0
2017-04-17;22;2017-04-17 22:00:00;33,93;28,96;4,969999999999999;40676;0;50972;10000;9163;0;9163;10000;-837;0;-837;-0,09134562916075521;-0,09134562916075521;;0,14647804302976714;1;0
2017-04-17;23;2017-04-17 23:00:00;30,95;25,25;5,699999999999998;40676;0;50972;9587;8740;0;8740;9587;-847;0;-847;-0,09691075514874142;-0,09691075514874142;;0,18416801292407103;1;0
2017-04-18;0;2017-04-18 00:00:00;29,54;26,93;2,6099999999999994;40680;0;50978;8765;9838;0;9838;8765;1073;0;1073;0,10906688351290912;0,10906688351290912;;0,0883547731888964;1;1
2017-04-18;1;2017-04-18 01:00:00;28,36;26,51;1,8499999999999976;40680;0;50978;7878;9386;0;9386;7878;1508;0;1508;0,16066481994459833;0,16066481994459833;;0,06523272214386451;1;1
2017-04-18;2;2017-04-18 02:00:00;27,77;25,31;2,460000000000001;40680;0;50978;8014;9150;0;9150;8014;1136;0;1136;0,12415300546448088;0,12415300546448088;;0,08858480374504865;1;1
2017-04-18;3;2017-04-18 03:00:00;27,26;24,33;2,9300000000000037;40680;0;50978;8958;9255;0;9255;8958;297;0;297;0,032090761750405185;0,032090761750405185;;0,10748349229640512;1;1
2017-04-18;4;2017-04-18 04:00:00;26,97;21,39;5,579999999999997;40680;0;50978;10109;9386;0;9386;10109;-723;0;-723;-0,07702961858086511;-0,07702961858086511;;0,20689655172413784;1;1
2017-04-18;5;2017-04-18 05:00:00;30,91;23,27;7,6400000000000015;40680;0;50978;10250;9644;0;9644;10250;-606;0;-606;-0,0628369970966404;-0,0628369970966404;;0,24716920090585576;1;1
2017-04-18;6;2017-04-18 06:00:00;39,94;32,69;7,25;40680;130;50978;11122;10093;171;10264;11252;-1029;41;-988;-0,09625876851130163;-0,10195184781531755;0,23976608187134502;0,1815222834251377;1;1
2017-04-18;7;2017-04-18 07:00:00;43,35;37,86;5,490000000000002;40680;1363;50978;11436;10830;1777;12607;12799;-606;414;-192;-0,015229634330134053;-0,05595567867036011;0,23297692740574;0,126643598615917;1;1
2017-04-18;8;2017-04-18 08:00:00;45,39;40,02;5,369999999999997;40680;3584;50978;12529;11745;4874;16619;16113;-784;1290;506;0,030447078644924484;-0,06675180928054492;0,2646696758309397;0,11830799735624581;1;1
2017-04-18;9;2017-04-18 09:00:00;41,05;39,71;1,3399999999999963;40680;6250;50978;13619;12668;8502;21170;19869;-951;2252;1301;0,06145488899385924;-0,07507104515314178;0,2648788520348153;0,03264311814859918;1;1
2017-04-18;10;2017-04-18 10:00:00;39,88;39,42;0,4600000000000009;40680;8242;50978;14365;13542;11876;25418;22607;-823;3634;2811;0,11059091982059957;-0,0607738886427411;0,305995284607612;0,011534603811434325;1;1
2017-04-18;11;2017-04-18 11:00:00;37,97;40,1;-2,1300000000000026;40680;9799;50978;14425;14144;14430;28574;24224;-281;4631;4350;0,152236298733114;-0,0198670814479638;0,32092862092862096;-0,056096918619963194;1;1
2017-04-18;12;2017-04-18 12:00:00;35,9;41,0;-5,100000000000001;40680;10993;50978;14336;14420;15988;30408;25329;84;4995;5079;0,1670284135753749;0,005825242718446602;0,31242181636227173;-0,1420612813370474;1;1
2017-04-18;13;2017-04-18 13:00:00;33,83;40,6;-6,770000000000002;40680;12161;50978;13539;14777;16452;31229;25700;1238;4291;5529;0,17704697556758142;0,08377884550314678;0,2608193532701191;-0,20011823825007397;1;1
2017-04-18;14;2017-04-18 14:00:00;31,04;38,83;-7,789999999999999;40680;12975;50978;13619;15366;16044;31410;26594;1747;3069;4816;0,1533269659344158;0,11369256800728882;0,1912864622288706;-0,2509664948453608;1;1
2017-04-18;15;2017-04-18 15:00:00;30,43;36,78;-6,350000000000001;40680;12906;50978;14151;16361;14362;30723;27057;2210;1456;3666;0,11932428473781857;0,13507731801234643;0,10137863807269183;-0,208675649030562;1;1
2017-04-18;16;2017-04-18 16:00:00;30,1;35,3;-5,199999999999996;40680;10924;50978;14419;17427;11511;28938;25343;3008;587;3595;0,12423111479715253;0,17260572674585414;0,05099470072104943;-0,17275747508305633;1;1
2017-04-18;17;2017-04-18 17:00:00;30,85;34,69;-3,839999999999996;40680;7714;50978;14916;17874;7992;25866;22630;2958;278;3236;0,125106317173123;0,1654917757636791;0,034784784784784785;-0,12447325769854119;1;1
2017-04-18;18;2017-04-18 18:00:00;33,92;36,64;-2,719999999999999;40680;4045;50978;14738;17494;4105;21599;18783;2756;60;2816;0,1303764063151072;0,15753972790671086;0,014616321559074299;-0,08018867924528299;1;1
2017-04-18;19;2017-04-18 19:00:00;37,95;38,51;-0,5599999999999952;40680;1093;50978;13437;16766;1036;17802;14530;3329;-57;3272;0,18379957308167622;0,19855660264821662;-0,05501930501930502;-0,014756258234518975;1;1
2017-04-18;20;2017-04-18 20:00:00;38,0;40,41;-2,4099999999999966;40680;36;50978;12150;15677;36;15713;12186;3527;0;3527;0,22446381976707186;0,224979268992792;0,0;-0,06342105263157886;1;1
2017-04-18;21;2017-04-18 21:00:00;37,71;39,62;-1,9099999999999968;40680;0;50978;10925;14593;0;14593;10925;3668;0;3668;0,2513533886109779;0,2513533886109779;;-0,05064969504110307;1;1
2017-04-18;22;2017-04-18 22:00:00;34,08;37,91;-3,8299999999999983;40680;0;50978;10294;13646;0;13646;10294;3352;0;3352;0,2456397479114759;0,2456397479114759;;-0,11238262910798118;1;1
2017-04-18;23;2017-04-18 23:00:00;31,07;34,55;-3,479999999999997;40680;0;50978;9610;12725;0;12725;9610;3115;0;3115;0,24479371316306484;0,24479371316306484;;-0,11200514966205333;1;1
2017-04-19;0;2017-04-19 00:00:00;30,35;31,42;-1,0700000000000005;40685;0;50986;8954;9782;0;9782;8954;828;0;828;0,08464526681660192;0,08464526681660192;;-0,035255354200988485;1;2
2017-04-19;1;2017-04-19 01:00:00;30,02;31,9;-1,879999999999999;40685;0;50986;8345;9071;0;9071;8345;726;0;726;0,08003527725719325;0,08003527725719325;;-0,06262491672218518;1;2
2017-04-19;2;2017-04-19 02:00:00;29,94;30,57;-0,629999999999999;40685;0;50986;7794;8551;0;8551;7794;757;0;757;0,08852765758390832;0,08852765758390832;;-0,02104208416833664;1;2
2017-04-19;3;2017-04-19 03:00:00;30,25;31,17;-0,9200000000000016;40685;0;50986;7751;8383;0;8383;7751;632;0;632;0,0753906715972802;0,0753906715972802;;-0,03041322314049592;1;2
2017-04-19;4;2017-04-19 04:00:00;30,83;32,95;-2,1200000000000045;40685;0;50986;7608;8279;0;8279;7608;671;0;671;0,08104843580142529;0,08104843580142529;;-0,06876419072332159;1;2
2017-04-19;5;2017-04-19 05:00:00;31,81;33,19;-1,379999999999999;40685;0;50986;7569;8078;0;8078;7569;509;0;509;0,06301064619955435;0,06301064619955435;;-0,04338258409305247;1;2
2017-04-19;6;2017-04-19 06:00:00;38,9;39,66;-0,7599999999999979;40685;241;50986;7595;7772;269;8041;7836;177;28;205;0,025494341499813455;0,022774060730828615;0,10408921933085502;-0,0195372750642673;1;2
2017-04-19;7;2017-04-19 07:00:00;46,88;44,35;2,5300000000000007;40685;2376;50986;6834;7191;2597;9788;9210;357;221;578;0,05905190028606457;0,04964539007092199;0,08509819021948402;0,053967576791808886;1;2
2017-04-19;8;2017-04-19 08:00:00;48,38;45,42;2,9600000000000013;40685;6514;50986;5720;6457;7055;13512;12234;737;541;1278;0,09458259325044405;0,1141396933560477;0,07668320340184266;0,061182306738321646;1;2
2017-04-19;9;2017-04-19 09:00:00;43,67;45,35;-1,6799999999999995;40685;11072;50986;6982;6853;11983;18836;18054;-129;911;782;0,04151624548736462;-0,018823872756457027;0,07602436785446048;-0,038470345775131656;1;2
2017-04-19;10;2017-04-19 10:00:00;38,97;39,3;-0,3299999999999983;40685;13010;50986;8865;8484;15672;24156;21875;-381;2662;2281;0,09442788541149197;-0,04490806223479491;0,1698570699336396;-0,008468052347959925;1;2
2017-04-19;11;2017-04-19 11:00:00;37,4;38,1;-0,7000000000000028;40685;13294;50986;8734;9364;17443;26807;22028;630;4149;4779;0,17827433133136866;0,0672789406236651;0,23786045978329415;-0,01871657754010703;1;2
2017-04-19;12;2017-04-19 12:00:00;37,1;41,1;-4,0;40685;13528;50986;8514;9145;17591;26736;22042;631;4063;4694;0,17556852184320765;0,0689994532531438;0,23097038258200217;-0,10781671159029649;1;2
2017-04-19;13;2017-04-19 13:00:00;36,61;38,6;-1,990000000000002;40685;14022;50986;8268;8803;16799;25602;22290;535;2777;3312;0,12936489336770565;0,060774735885493585;0,16530745877730818;-0,05435673313302382;1;2
2017-04-19;14;2017-04-19 14:00:00;34,47;37,06;-2,5900000000000034;40685;13953;50986;8103;8713;15441;24154;22056;610;1488;2098;0,08685931936739257;0,07001032939286124;0,09636681562074995;-0,07513780098636505;1;2
2017-04-19;15;2017-04-19 15:00:00;33,07;35,58;-2,509999999999998;40685;12692;50986;7989;8834;13354;22188;20681;845;662;1507;0,0679195961781143;0,09565315825220738;0,04957316159952074;-0,07589960689446622;1;2
2017-04-19;16;2017-04-19 16:00:00;33,73;35,95;-2,220000000000006;40685;10359;50986;8021;8962;10770;19732;18380;941;411;1352;0,06851814311777824;0,10499888417763892;0,03816155988857939;-0,06581678031426048;1;2
2017-04-19;17;2017-04-19 17:00:00;36,89;37,47;-0,5799999999999983;40685;7293;50986;7966;8877;7418;16295;15259;911;125;1036;0,063577784596502;0,10262476061732567;0,016850903208411972;-0,0157224179994578;1;2
2017-04-19;18;2017-04-19 18:00:00;38,92;40,45;-1,5300000000000011;40685;3899;50986;7335;8362;3885;12247;11234;1027;-14;1013;0,08271413407365069;0,12281750777325999;-0,0036036036036036037;-0,03931140801644401;1;2
2017-04-19;19;2017-04-19 19:00:00;41,19;43,89;-2,700000000000003;40685;1132;50986;6101;7500;1027;8527;7233;1399;-105;1294;0,15175325436847661;0,18653333333333333;-0,10223953261927946;-0,06554989075018215;1;2
2017-04-19;20;2017-04-19 20:00:00;44,01;45,16;-1,1499999999999986;40685;31;50986;5180;6840;39;6879;5211;1660;8;1668;0,24247710423026603;0,24269005847953215;0,20512820512820512;-0,026130424903431006;1;2
2017-04-19;21;2017-04-19 21:00:00;43,06;44,92;-1,8599999999999997;40685;0;50986;5055;6458;0;6458;5055;1403;0;1403;0,21724992257664913;0,21724992257664913;;-0,04319554110543427;1;2
2017-04-19;22;2017-04-19 22:00:00;38,05;40,26;-2,210000000000001;40685;0;50986;5046;6006;0;6006;5046;960;0;960;0,15984015984015984;0,15984015984015984;;-0,05808147174770042;1;2
2017-04-19;23;2017-04-19 23:00:00;34,16;35,14;-0,980000000000004;40685;0;50986;4556;5428;0;5428;4556;872;0;872;0,1606484893146647;0,1606484893146647;;-0,028688524590164053;1;2
2017-04-20;0;2017-04-20 00:00:00;32,03;33,39;-1,3599999999999994;40691;0;51011;3887;3890;0;3890;3887;3;0;3;0,0007712082262210797;0,0007712082262210797;;-0,04246019356852949;1;3
2017-04-20;1;2017-04-20 01:00:00;32,95;34,04;-1,0899999999999963;40691;0;51011;3154;3292;0;3292;3154;138;0;138;0,04191980558930741;0,04191980558930741;;-0,03308042488619108;1;3
2017-04-20;2;2017-04-20 02:00:00;31,43;33,18;-1,75;40691;0;51011;2725;2850;0;2850;2725;125;0;125;0,043859649122807015;0,043859649122807015;;-0,0556792873051225;1;3
2017-04-20;3;2017-04-20 03:00:00;31,62;33,0;-1,379999999999999;40691;0;51011;2562;2660;0;2660;2562;98;0;98;0,03684210526315789;0,03684210526315789;;-0,04364326375711572;1;3
2017-04-20;4;2017-04-20 04:00:00;31,71;33,41;-1,6999999999999955;40691;0;51011;2696;2547;0;2547;2696;-149;0;-149;-0,058500196309383586;-0,058500196309383586;;-0,05361084831283493;1;3
2017-04-20;5;2017-04-20 05:00:00;33,2;36,69;-3,4899999999999953;40691;0;51011;2824;2482;0;2482;2824;-342;0;-342;-0,1377921031426269;-0,1377921031426269;;-0,10512048192771069;1;3
2017-04-20;6;2017-04-20 06:00:00;42,03;39,14;2,890000000000001;40691;310;51011;3028;2461;309;2770;3338;-567;-1;-568;-0,20505415162454874;-0,2303941487200325;-0,003236245954692557;0,06876040923150133;1;3
2017-04-20;7;2017-04-20 07:00:00;48,41;45,55;2,8599999999999994;40691;3136;51011;3046;2432;2960;5392;6182;-614;-176;-790;-0,146513353115727;-0,2524671052631579;-0,05945945945945946;0,05907870274736624;1;3
2017-04-20;8;2017-04-20 08:00:00;52,0;44,84;7,1599999999999975;40691;8680;51011;2458;2410;8106;10516;11138;-48;-574;-622;-0,05914796500570559;-0,01991701244813278;-0,07081174438687392;0,13769230769230764;1;3
2017-04-20;9;2017-04-20 09:00:00;43,87;38,52;5,349999999999994;40691;14405;51011;2503;2507;13496;16003;16908;4;-909;-905;-0,056551896519402615;0,0015955325089748703;-0,0673532898636633;0,121951219512195;1;3
2017-04-20;10;2017-04-20 10:00:00;38,47;37,34;1,1299999999999957;40691;16847;51011;3443;2876;17369;20245;20290;-567;522;-45;-0,002222771054581378;-0,19714881780250348;0,030053543669756464;0,02937353782167912;1;3
2017-04-20;11;2017-04-20 11:00:00;36,32;37,85;-1,5300000000000011;40691;18496;51011;3930;3259;19524;22783;22426;-671;1028;357;0,015669578194267654;-0,205891377723228;0,05265314484736734;-0,04212555066079298;1;3
2017-04-20;12;2017-04-20 12:00:00;33,86;38,27;-4,410000000000005;40691;20258;51011;4110;3635;20425;24060;24368;-475;167;-308;-0,012801330008312552;-0,13067400275103164;0,00817625458996328;-0,13024217365623167;1;3
2017-04-20;13;2017-04-20 13:00:00;32,4;34,23;-1,8299999999999983;40691;21493;51011;4444;4075;20466;24541;25937;-369;-1027;-1396;-0,0568843975388126;-0,0905521472392638;-0,05018078764780612;-0,05648148148148143;1;3
2017-04-20;14;2017-04-20 14:00:00;31,07;30,87;0,1999999999999993;40691;21382;51011;4962;4612;19515;24127;26344;-350;-1867;-2217;-0,09188875533634518;-0,07588898525585429;-0,0956699974378683;0,006437077566784657;1;3
2017-04-20;15;2017-04-20 15:00:00;31,09;29,68;1,41;40691;19346;51011;5522;5199;17327;22526;24868;-323;-2019;-2342;-0,1039687472254284;-0,06212733217926524;-0,11652334506839038;0,045352203280797684;1;3
2017-04-20;16;2017-04-20 16:00:00;33,01;29,55;3,4599999999999973;40691;15456;51011;6249;5751;13893;19644;21705;-498;-1563;-2061;-0,10491753207086134;-0,08659363588941053;-0,11250269920103649;0,10481672220539223;1;3
2017-04-20;17;2017-04-20 17:00:00;36,89;34,6;2,289999999999999;40691;10464;51011;6793;6159;9486;15645;17257;-634;-978;-1612;-0,1030361137743688;-0,1029387887644098;-0,10309930423782417;0,062076443480618027;1;3
2017-04-20;18;2017-04-20 18:00:00;39,94;37,28;2,6599999999999966;40691;5294;51011;6592;6340;4689;11029;11886;-252;-605;-857;-0,07770423429141354;-0,03974763406940063;-0,1290253785455321;0,06659989984977457;1;3
2017-04-20;19;2017-04-20 19:00:00;45,01;42,31;2,699999999999996;40691;1420;51011;6227;6408;1194;7602;7647;181;-226;-45;-0,005919494869771113;0,028245942571785268;-0,18927973199329984;0,059986669628971256;1;3
2017-04-20;20;2017-04-20 20:00:00;46,61;44,08;2,5300000000000007;40691;45;51011;5992;6757;52;6809;6037;765;7;772;0,113379350859157;0,11321592422672784;0,1346153846153846;0,05428019738253595;1;3
2017-04-20;21;2017-04-20 21:00:00;44,06;43,81;0,25;40691;0;51011;6298;7506;0;7506;6298;1208;0;1208;0,16093791633359977;0,16093791633359977;;0,005674080798910576;1;3
2017-04-20;22;2017-04-20 22:00:00;35,23;42,58;-7,350000000000001;40691;0;51011;7298;8488;0;8488;7298;1190;0;1190;0,14019792648444862;0,14019792648444862;;-0,2086290093670168;1;3
2017-04-20;23;2017-04-20 23:00:00;29,22;34,99;-5,770000000000002;40691;0;51011;8397;9428;0;9428;8397;1031;0;1031;0,10935511243105643;0,10935511243105643;;-0,1974674880219029;1;3
2017-04-21;0;2017-04-21 00:00:00;29,3;31,97;-2,6699999999999977;40696;0;51037;9588;10361;0;10361;9588;773;0;773;0,0746066981951549;0,0746066981951549;;-0,09112627986348115;1;4
2017-04-21;1;2017-04-21 01:00:00;25,05;26,43;-1,379999999999999;40696;0;51037;10435;11185;0;11185;10435;750;0;750;0,06705409029950828;0,06705409029950828;;-0,055089820359281394;1;4
2017-04-21;2;2017-04-21 02:00:00;26,52;26,6;-0,08000000000000185;40696;0;51037;11021;11788;0;11788;11021;767;0;767;0,06506616898540889;0,06506616898540889;;-0,003016591251885439;1;4
2017-04-21;3;2017-04-21 03:00:00;25,25;26,48;-1,2300000000000004;40696;0;51037;11202;12189;0;12189;11202;987;0;987;0,08097464927393551;0,08097464927393551;;-0,04871287128712873;1;4
2017-04-21;4;2017-04-21 04:00:00;24,05;27,07;-3,02;40696;0;51037;11392;12452;0;12452;11392;1060;0;1060;0,08512688724702859;0,08512688724702859;;-0,12557172557172558;1;4
2017-04-21;5;2017-04-21 05:00:00;28,25;30,63;-2,379999999999999;40696;1;51037;11490;12666;0;12666;11491;1176;-1;1175;0,09276804042318017;0,09284699194694458;-inf;-0,08424778761061943;1;4
2017-04-21;6;2017-04-21 06:00:00;40,02;39,81;0,21000000000000085;40696;242;51037;11684;12831;259;13090;11926;1147;17;1164;0,08892284186401833;0,08939287662691918;0,06563706563706563;0,005247376311844099;1;4
2017-04-21;7;2017-04-21 07:00:00;42,5;43,24;-0,7400000000000021;40696;2346;51037;11947;12985;2327;15312;14293;1038;-19;1019;0,0665491118077325;0,07993839045051983;-0,008165019338203695;-0,0174117647058824;1;4
2017-04-21;8;2017-04-21 08:00:00;42,61;42,2;0,4099999999999966;40696;6272;51037;11712;13155;6127;19282;17984;1443;-145;1298;0,06731666839539467;0,1096921322690992;-0,023665741798596377;0,009622154423844087;1;4
2017-04-21;9;2017-04-21 09:00:00;38,95;37,11;1,8400000000000036;40696;10783;51037;11705;13844;10141;23985;22488;2139;-642;1497;0,06241400875547217;0,15450736781277088;-0,06330736613746178;0,04724005134788199;1;4
2017-04-21;10;2017-04-21 10:00:00;34,47;32,08;2,390000000000001;40696;15237;51037;12916;15038;13402;28440;28153;2122;-1835;287;0,010091420534458509;0,1411091900518686;-0,13691986270705864;0,0693356541920511;1;4
2017-04-21;11;2017-04-21 11:00:00;31,97;25,21;6,759999999999998;40696;18706;51037;14792;16303;15496;31799;33498;1511;-3210;-1699;-0,05342935312431209;0,09268232840581488;-0,20715023231801755;0,21144823271817323;1;4
2017-04-21;12;2017-04-21 12:00:00;28,08;15,18;12,9;40696;19832;51037;17556;17796;16401;34197;37388;240;-3431;-3191;-0,09331227885487031;0,013486176668914362;-0,20919456130723738;0,45940170940170943;1;4
2017-04-21;13;2017-04-21 13:00:00;21,15;7,53;13,619999999999996;40696;19241;51037;19612;19366;16026;35392;38853;-246;-3215;-3461;-0,09779046112115733;-0,012702674790870599;-0,20061150630225882;0,6439716312056736;1;4
2017-04-21;14;2017-04-21 14:00:00;20,79;8,2;12,59;40696;18136;51037;21507;20879;14601;35480;39643;-628;-3535;-4163;-0,1173337091319053;-0,030078068873030318;-0,2421067050202041;0,6055796055796056;1;4
2017-04-21;15;2017-04-21 15:00:00;19,84;8,36;11,48;40696;15130;51037;23314;22079;12355;34434;38444;-1235;-2775;-4010;-0,11645466689899518;-0,055935504325377056;-0,2246054229057062;0,5786290322580645;1;4
2017-04-21;16;2017-04-21 16:00:00;24,04;10,02;14,02;40696;11315;51037;23880;23008;9434;32442;35195;-872;-1881;-2753;-0,08485913322236607;-0,037899860917941584;-0,19938520245919017;0,5831946755407654;1;4
2017-04-21;17;2017-04-21 17:00:00;27,08;17,18;9,9;40696;7176;51037;24230;23582;6124;29706;31406;-648;-1052;-1700;-0,057227496128728204;-0,027478585361716563;-0,17178314826910515;0,36558345642540624;1;4
2017-04-21;18;2017-04-21 18:00:00;29,14;26,36;2,780000000000001;40696;3369;51037;24630;23635;2937;26572;27999;-995;-432;-1427;-0,053703146168899596;-0,04209858261053522;-0,1470888661899898;0,0954015099519561;1;4
2017-04-21;19;2017-04-21 19:00:00;31,02;28,63;2,390000000000001;40696;800;51037;24678;23659;757;24416;25478;-1019;-43;-1062;-0,043496068152031456;-0,04307029037575553;-0,05680317040951123;0,07704706640876857;1;4
2017-04-21;20;2017-04-21 20:00:00;30,64;27,04;3,6000000000000014;40696;16;51037;25036;23923;32;23955;25052;-1113;16;-1097;-0,045794197453558755;-0,04652426535133553;0,5;0,11749347258485644;1;4
2017-04-21;21;2017-04-21 21:00:00;24,01;21,03;2,9800000000000004;40696;0;51037;25486;24303;0;24303;25486;-1183;0;-1183;-0,04867711805126939;-0,04867711805126939;;0,12411495210329031;1;4
2017-04-21;22;2017-04-21 22:00:00;16,26;12,69;3,5700000000000016;40696;0;51037;25355;24714;0;24714;25355;-641;0;-641;-0,025936716031399208;-0,025936716031399208;;0,2195571955719558;1;4
2017-04-21;23;2017-04-21 23:00:00;3,55;6,37;-2,8200000000000003;40696;0;51037;24933;24733;0;24733;24933;-200;0;-200;-0,0080863623498969;-0,0080863623498969;;-0,7943661971830988;1;4
2017-04-22;0;2017-04-22 00:00:00;0,88;12,25;-11,37;40697;0;51048;24159;23954;0;23954;24159;-205;0;-205;-0,00855806963346414;-0,00855806963346414;;-12,920454545454545;1;5
2017-04-22;1;2017-04-22 01:00:00;8,0;12,46;-4,460000000000001;40697;0;51048;23490;23129;0;23129;23490;-361;0;-361;-0,015608111029443556;-0,015608111029443556;;-0,5575000000000001;1;5
2017-04-22;2;2017-04-22 02:00:00;8,22;13,59;-5,369999999999999;40697;0;51048;22671;22452;0;22452;22671;-219;0;-219;-0,009754142169962586;-0,009754142169962586;;-0,6532846715328465;1;5
2017-04-22;3;2017-04-22 03:00:00;8,03;12,55;-4,520000000000001;40697;0;51048;21990;21901;0;21901;21990;-89;0;-89;-0,00406374138167207;-0,00406374138167207;;-0,5628891656288919;1;5
2017-04-22;4;2017-04-22 04:00:00;9,08;11,15;-2,0700000000000003;40697;0;51048;21436;21460;0;21460;21436;24;0;24;0,0011183597390493941;0,0011183597390493941;;-0,22797356828193835;1;5
2017-04-22;5;2017-04-22 05:00:00;9,18;11,88;-2,700000000000001;40697;2;51048;20456;20970;0;20970;20458;514;-2;512;0,024415832141154028;0,024511206485455413;-inf;-0,29411764705882365;1;5
2017-04-22;6;2017-04-22 06:00:00;9,19;16,7;-7,51;40697;239;51048;19618;20587;262;20849;19857;969;23;992;0,047580219674804546;0,04706853839801817;0,08778625954198473;-0,8171926006528836;1;5
2017-04-22;7;2017-04-22 07:00:00;10,72;21,3;-10,58;40697;1840;51048;18857;20610;1880;22490;20697;1753;40;1793;0,07972432192085371;0,08505579815623483;0,02127659574468085;-0,9869402985074627;1;5
2017-04-22;8;2017-04-22 08:00:00;13,09;26,68;-13,59;40697;4631;51048;20799;21592;4608;26200;25430;793;-23;770;0,029389312977099236;0,03672656539459059;-0,004991319444444444;-1,0381970970206265;1;5
2017-04-22;9;2017-04-22 09:00:00;13,47;20,84;-7,369999999999999;40697;7339;51048;23371;23453;7505;30958;30710;82;166;248;0,00801085341430325;0,003496354410949559;0,02211858760826116;-0,5471417965850036;1;5
2017-04-22;10;2017-04-22 10:00:00;9,54;21,16;-11,62;40697;9190;51048;24669;25147;9907;35054;33859;478;717;1195;0,03409026074057169;0,019008231598202568;0,0723730695467851;-1,2180293501048218;1;5
2017-04-22;11;2017-04-22 11:00:00;9,12;17,36;-8,24;40697;10570;51048;25511;26330;11605;37935;36081;819;1035;1854;0,048873072360616845;0,03110520319027725;0,08918569582076691;-0,9035087719298247;1;5
2017-04-22;12;2017-04-22 12:00:00;9,04;18,37;-9,330000000000002;40697;11493;51048;26154;26899;12539;39438;37647;745;1046;1791;0,04541305340027385;0,027696196884642553;0,083419730441024;-1,0320796460176995;1;5
2017-04-22;13;2017-04-22 13:00:00;8,1;14,61;-6,51;40697;11933;51048;26758;27370;12565;39935;38691;612;632;1244;0,031150619757105296;0,02236024844720497;0,05029844807003581;-0,8037037037037037;1;5
2017-04-22;14;2017-04-22 14:00:00;5,02;12,26;-7,24;40697;11267;51048;26948;27695;11946;39641;38215;747;679;1426;0,035972856386064934;0,0269723776855028;0,05683910932529717;-1,4422310756972114;1;5
2017-04-22;15;2017-04-22 15:00:00;7,11;12,97;-5,86;40697;9763;51048;27509;27902;10661;38563;37272;393;898;1291;0,03347768586468895;0,014085011827109167;0,08423224838195291;-0,8241912798874824;1;5
2017-04-22;16;2017-04-22 16:00:00;9,05;14,33;-5,2799999999999985;40697;8056;51048;27400;27890;8696;36586;35456;490;640;1130;0,030886131307057346;0,017569021154535677;0,07359705611775529;-0,5834254143646407;1;5
2017-04-22;17;2017-04-22 17:00:00;10,72;15,8;-5,08;40697;5549;51048;26628;27291;6168;33459;32177;663;619;1282;0,038315550375085924;0,024293723205452346;0,10035667963683528;-0,47388059701492535;1;5
2017-04-22;18;2017-04-22 18:00:00;20,79;21,91;-1,120000000000001;40697;3096;51048;24804;25898;3309;29207;27900;1094;213;1307;0,04474954634163043;0,04224264421963086;0,0643699002719855;-0,053872053872053925;1;5
2017-04-22;19;2017-04-22 19:00:00;23,01;24,52;-1,509999999999998;40697;926;51048;23470;24059;961;25020;24396;589;35;624;0,024940047961630695;0,024481483020906938;0,036420395421436005;-0,06562364189482825;1;5
2017-04-22;20;2017-04-22 20:00:00;24,5;25,58;-1,0799999999999983;40697;40;51048;21666;22236;48;22284;21706;570;8;578;0,025937892658409623;0,025634106853750675;0,16666666666666666;-0,044081632653061156;1;5
2017-04-22;21;2017-04-22 21:00:00;24,2;23,76;0,4399999999999977;40697;0;51048;20227;21105;0;21105;20227;878;0;878;0,0416015162283819;0,0416015162283819;;0,018181818181818087;1;5
2017-04-22;22;2017-04-22 22:00:00;24,15;23,73;0,41999999999999815;40697;0;51048;19170;20388;0;20388;19170;1218;0;1218;0,05974102413184226;0,05974102413184226;;0,01739130434782601;1;5
2017-04-22;23;2017-04-22 23:00:00;20,2;23,24;-3,0399999999999987;40697;0;51048;19169;20019;0;20019;19169;850;0;850;0,042459663319846144;0,042459663319846144;;-0,15049504950495043;1;5
2017-04-23;0;2017-04-23 00:00:00;9,04;14,95;-5,91;40697;0;51048;18382;20055;0;20055;18382;1673;0;1673;0,08342059336823734;0,08342059336823734;;-0,6537610619469028;1;6
2017-04-23;1;2017-04-23 01:00:00;8,97;10,5;-1,5299999999999994;40697;0;51048;18234;19785;0;19785;18234;1551;0;1551;0,07839272175890827;0,07839272175890827;;-0,1705685618729096;1;6
2017-04-23;2;2017-04-23 02:00:00;8,31;12,47;-4,16;40697;0;51048;18209;19595;0;19595;18209;1386;0;1386;0,07073232967593773;0,07073232967593773;;-0,5006016847172081;1;6
2017-04-23;3;2017-04-23 03:00:00;8,94;12,86;-3,92;40697;0;51048;17823;19302;0;19302;17823;1479;0;1479;0,0766241840223811;0,0766241840223811;;-0,43847874720357943;1;6
2017-04-23;4;2017-04-23 04:00:00;10,05;12,42;-2,369999999999999;40697;0;51048;16952;19015;0;19015;16952;2063;0;2063;0,10849329476728899;0,10849329476728899;;-0,23582089552238797;1;6
2017-04-23;5;2017-04-23 05:00:00;9,04;17,02;-7,98;40697;2;51048;16237;18890;1;18891;16239;2653;-1;2652;0,1403843099888836;0,14044467972472208;-1,0;-0,8827433628318585;1;6
2017-04-23;6;2017-04-23 06:00:00;9,02;15,24;-6,2200000000000015;40697;306;51048;15844;19009;335;19344;16150;3165;29;3194;0,1651157981803143;0,16650007890999;0,08656716417910448;-0,6895787139689581;1;6
2017-04-23;7;2017-04-23 07:00:00;8,04;14,58;-6,540000000000001;40697;2454;51048;14541;19167;2561;21728;16995;4626;107;4733;0,21782952871870398;0,24135232430740336;0,0417805544709098;-0,8134328358208958;1;6
2017-04-23;8;2017-04-23 08:00:00;8,89;20,97;-12,079999999999998;40697;6208;51048;14676;19065;6505;25570;20884;4389;297;4686;0,1832616347281971;0,23021243115656964;0,04565718677940046;-1,3588301462317207;1;6
2017-04-23;9;2017-04-23 09:00:00;8,86;21,36;-12,5;40697;9712;51048;16341;19119;10790;29909;26053;2778;1078;3856;0,12892440402554414;0,14530048642711438;0,09990732159406858;-1,4108352144469527;1;6
2017-04-23;10;2017-04-23 10:00:00;2,96;15,97;-13,010000000000002;40697;11794;51048;17811;19872;14314;34186;29605;2061;2520;4581;0,13400222313227636;0,10371376811594203;0,1760514181919799;-4,395270270270271;1;6
2017-04-23;11;2017-04-23 11:00:00;6,54;18,2;-11,66;40697;13120;51048;18959;20843;16221;37064;32079;1884;3101;4985;0,13449708612130368;0,09039005901261815;0,19117193761173787;-1,7828746177370032;1;6
2017-04-23;12;2017-04-23 12:00:00;3,72;19,82;-16,1;40697;14752;51048;19665;21348;16876;38224;34417;1683;2124;3807;0,09959711176224362;0,07883642495784149;0,1258592083432093;-4,327956989247312;1;6
2017-04-23;13;2017-04-23 13:00:00;-7,65;11,73;-19,380000000000006;40697;15257;51048;20706;21792;16948;38740;35963;1086;1691;2777;0,07168301497160558;0,049834801762114536;0,09977578475336323;2,533333333333334;1;6
2017-04-23;14;2017-04-23 14:00:00;-15,03;5,64;-20,67;40697;15369;51048;21228;22049;16257;38306;36597;821;888;1709;0,04461442071738109;0,03723524876411629;0,054622624100387526;1,3752495009980041;1;6
2017-04-23;15;2017-04-23 15:00:00;-9,18;1,01;-10,19;40697;14333;51048;21654;21942;14532;36474;35987;288;199;487;0,013351976750562045;0,013125512715340444;0,013693916873107625;1,1100217864923747;1;6
2017-04-23;16;2017-04-23 16:00:00;-0,15;1,27;-1,42;40697;12004;51048;21747;21424;11679;33103;33751;-323;-325;-648;-0,019575265081714647;-0,015076549663928305;-0,027827724976453465;9,466666666666667;1;6
2017-04-23;17;2017-04-23 17:00:00;7,6;7,2;0,39999999999999947;40697;8641;51048;20660;20068;8058;28126;29301;-592;-583;-1175;-0,041776292398492496;-0,029499701016543752;-0,07235045917101017;0,052631578947368356;1;6
2017-04-23;18;2017-04-23 18:00:00;21,08;22,26;-1,1800000000000033;40697;4667;51048;18868;17758;4174;21932;23535;-1110;-493;-1603;-0,07308954951668795;-0,06250703908097759;-0,11811212266411117;-0,055977229601518186;1;6
2017-04-23;19;2017-04-23 19:00:00;30,63;30,33;0,3000000000000007;40697;1423;51048;15246;14916;1169;16085;16669;-330;-254;-584;-0,036307118433322974;-0,022123893805309734;-0,2172797262617622;0,009794319294809034;1;6
2017-04-23;20;2017-04-23 20:00:00;34,54;37,54;-3,0;40697;69;51048;12040;12411;60;12471;12109;371;-9;362;0,029027343436773313;0,029892836999435984;-0,15;-0,08685581933989578;1;6
2017-04-23;21;2017-04-23 21:00:00;36,65;36,8;-0,14999999999999858;40697;0;51048;10575;11033;0;11033;10575;458;0;458;0,04151182815190791;0,04151182815190791;;-0,004092769440654805;1;6
2017-04-23;22;2017-04-23 22:00:00;37,1;40,09;-2,990000000000002;40697;0;51048;10180;10373;0;10373;10180;193;0;193;0,01860599633664321;0,01860599633664321;;-0,08059299191374668;1;6
2017-04-23;23;2017-04-23 23:00:00;29,95;35,12;-5,169999999999998;40697;0;51048;10585;10256;0;10256;10585;-329;0;-329;-0,032078783151326055;-0,032078783151326055;;-0,17262103505843066;1;6
2017-04-24;0;2017-04-24 00:00:00;29,19;26,42;2,77;40701;0;51060;11424;10421;0;10421;11424;-1003;0;-1003;-0,09624796084828711;-0,09624796084828711;;0,09489551216169921;1;0
2017-04-24;1;2017-04-24 01:00:00;27,65;25,86;1,7899999999999991;40701;0;51060;11942;10977;0;10977;11942;-965;0;-965;-0,08791108681789196;-0,08791108681789196;;0,06473779385171788;1;0
2017-04-24;2;2017-04-24 02:00:00;27,42;24,9;2,520000000000003;40701;0;51060;12470;11642;0;11642;12470;-828;0;-828;-0,07112180037794194;-0,07112180037794194;;0,09190371991247276;1;0
2017-04-24;3;2017-04-24 03:00:00;26,48;24,34;2,140000000000001;40701;0;51060;12694;12448;0;12448;12694;-246;0;-246;-0,019762210796915168;-0,019762210796915168;;0,08081570996978855;1;0
2017-04-24;4;2017-04-24 04:00:00;27,46;24,68;2,780000000000001;40701;0;51060;13696;13242;0;13242;13696;-454;0;-454;-0,03428485123093188;-0,03428485123093188;;0,10123816460305904;1;0
2017-04-24;5;2017-04-24 05:00:00;30,26;28,17;2,09;40701;3;51060;14740;14009;5;14014;14743;-731;2;-729;-0,05201940916226631;-0,05218074095224499;0,4;0,06906807666886979;1;0
2017-04-24;6;2017-04-24 06:00:00;38,83;35,04;3,7899999999999987;40701;481;51060;15696;14688;581;15269;16177;-1008;100;-908;-0,05946689370620211;-0,06862745098039216;0,1721170395869191;0,09760494463044035;1;0
2017-04-24;7;2017-04-24 07:00:00;40,89;41,24;-0,3500000000000014;40701;3731;51060;16156;15336;3466;18802;19887;-820;-265;-1085;-0,0577066269545793;-0,053468961919666144;-0,07645701096364685;-0,008559550012227963;1;0
2017-04-24;8;2017-04-24 08:00:00;40,86;37,46;3,3999999999999986;40701;9294;51060;16047;15956;8599;24555;25341;-91;-695;-786;-0,0320097739767868;-0,0057031837553271495;-0,08082335155250611;0,08321096426823296;1;0
2017-04-24;9;2017-04-24 09:00:00;31,8;26,22;5,580000000000003;40701;15027;51060;17459;17136;14192;31328;32486;-323;-835;-1158;-0,03696373850868233;-0,018849206349206348;-0,05883596392333709;0,17547169811320762;1;0
2017-04-24;10;2017-04-24 10:00:00;24,06;19,63;4,43;40701;19857;51060;20074;19094;18461;37555;39931;-980;-1396;-2376;-0,0632672080947943;-0,051325023567612864;-0,07561887221710634;0,18412302576891104;1;0
2017-04-24;11;2017-04-24 11:00:00;12,82;9,78;3,0400000000000014;40701;22941;51060;21900;20699;20989;41688;44841;-1201;-1952;-3153;-0,07563327576280944;-0,058022126672786126;-0,09300109581209205;0,23712948517940727;1;0
2017-04-24;12;2017-04-24 12:00:00;9,07;-4,8;13,87;40701;24237;51060;22384;21805;22066;43871;46621;-579;-2171;-2750;-0,06268377743839894;-0,026553542765420775;-0,0983866582071966;1,5292171995589856;1;0
2017-04-24;13;2017-04-24 13:00:00;20,01;-0,82;20,83;40701;23940;51060;22436;22384;21851;44235;46376;-52;-2089;-2141;-0,04840058776986549;-0,002323087919942816;-0,09560203194361815;1,0409795102448773;1;0
2017-04-24;14;2017-04-24 14:00:00;22,44;9,12;13,320000000000002;40701;22184;51060;21212;22011;20361;42372;43396;799;-1823;-1024;-0,02416690267157557;0,036300031802280676;-0,0895339128726487;0,5935828877005348;1;0
2017-04-24;15;2017-04-24 15:00:00;24,9;17,16;7,7399999999999975;40701;19213;51060;19250;20522;17597;38119;38463;1272;-1616;-344;-0,00902437104855846;0,061982262937335546;-0,09183383531283741;0,31084337349397584;1;0
2017-04-24;16;2017-04-24 16:00:00;27,71;23,36;4,350000000000001;40701;15214;51060;17350;18543;13958;32501;32564;1193;-1256;-63;-0,0019384018953262977;0,0643369465566521;-0,08998423842957444;0,15698303861421875;1;0
2017-04-24;17;2017-04-24 17:00:00;32,19;29,99;2,1999999999999997;40701;9961;51060;14527;15958;9515;25473;24488;1431;-446;985;0,038668393985788876;0,08967289133976689;-0,04687335785601682;0,06834420627524075;1;0
2017-04-24;18;2017-04-24 18:00:00;38,35;37,26;1,0900000000000034;40701;4808;51060;11700;12969;4866;17835;16508;1269;58;1327;0,07440426128399215;0,09784871616932686;0,011919441019317715;0,028422425032594612;1;0
2017-04-24;19;2017-04-24 19:00:00;43,3;44,05;-0,75;40701;1319;51060;8174;10167;1460;11627;9493;1993;141;2134;0,18353831598864712;0,19602635979148225;0,09657534246575343;-0,017321016166281757;1;0
2017-04-24;20;2017-04-24 20:00:00;43,59;44,31;-0,7199999999999989;40701;50;51060;5957;8113;140;8253;6007;2156;90;2246;0,2721434629831576;0,2657463330457291;0,6428571428571429;-0,016517549896765286;1;0
2017-04-24;21;2017-04-24 21:00:00;44,51;44,9;-0,39000000000000057;40701;0;51060;4954;6935;0;6935;4954;1981;0;1981;0,28565248738284066;0,28565248738284066;;-0,008762075937991476;1;0
2017-04-24;22;2017-04-24 22:00:00;44,38;43,91;0,470000000000006;40701;0;51060;4516;6149;0;6149;4516;1633;0;1633;0,2655716376646609;0,2655716376646609;;0,01059035601622366;1;0
2017-04-24;23;2017-04-24 23:00:00;38,55;39,78;-1,2300000000000042;40701;0;51060;4024;5706;0;5706;4024;1682;0;1682;0,2947774272695408;0,2947774272695408;;-0,03190661478599233;1;0
2017-04-25;0;2017-04-25 00:00:00;34,01;30,78;3,229999999999997;40706;0;51085;3706;4835;0;4835;3706;1129;0;1129;0,23350568769389865;0,23350568769389865;;0,09497206703910606;1;1
2017-04-25;1;2017-04-25 01:00:00;31,07;28,38;2,6900000000000013;40706;0;51085;3976;4931;0;4931;3976;955;0;955;0,19367268302575544;0,19367268302575544;;0,08657869327325399;1;1
2017-04-25;2;2017-04-25 02:00:00;31,2;29,23;1,9699999999999989;40706;0;51085;4532;5156;0;5156;4532;624;0;624;0,12102404965089217;0,12102404965089217;;0,06314102564102561;1;1
2017-04-25;3;2017-04-25 03:00:00;29,98;27,7;2,2800000000000007;40706;0;51085;5558;5514;0;5514;5558;-44;0;-44;-0,00797968806673921;-0,00797968806673921;;0,07605070046697801;1;1
2017-04-25;4;2017-04-25 04:00:00;29,97;27,14;2,8299999999999983;40706;0;51085;6932;5975;0;5975;6932;-957;0;-957;-0,1601673640167364;-0,1601673640167364;;0,09442776109442771;1;1
2017-04-25;5;2017-04-25 05:00:00;30,5;25,28;5,219999999999999;40706;3;51085;8456;6380;1;6381;8459;-2076;-2;-2078;-0,32565428616204356;-0,32539184952978056;-2,0;0,17114754098360652;1;1
2017-04-25;6;2017-04-25 06:00:00;37,03;29,23;7,800000000000002;40706;315;51085;9839;6661;321;6982;10154;-3178;6;-3172;-0,45431108564881123;-0,4771055397087524;0,018691588785046728;0,2106400216041048;1;1
2017-04-25;7;2017-04-25 07:00:00;41,17;34,8;6,3700000000000045;40706;2041;51085;9846;6894;2060;8954;11887;-2952;19;-2933;-0,327563100290373;-0,4281984334203655;0,009223300970873786;0,15472431382074336;1;1
2017-04-25;8;2017-04-25 08:00:00;43,0;36,1;6,899999999999999;40706;4825;51085;9817;7112;4893;12005;14642;-2705;68;-2637;-0,219658475635152;-0,38034308211473566;0,01389740445534437;0,16046511627906973;1;1
2017-04-25;9;2017-04-25 09:00:00;41,94;35,35;6,589999999999996;40706;7409;51085;11440;7499;7948;15447;18849;-3941;539;-3402;-0,22023693921149737;-0,5255367382317643;0,06781580271766482;0,1571292322365283;1;1
2017-04-25;10;2017-04-25 10:00:00;39,81;32,48;7,3300000000000045;40706;9054;51085;13410;8306;10427;18733;22464;-5104;1373;-3731;-0,1991672449687717;-0,6144955453888755;0,13167737604296537;0,18412459181110283;1;1
2017-04-25;11;2017-04-25 11:00:00;38,1;31,84;6,2600000000000025;40706;10187;51085;14394;9238;12122;21360;24581;-5156;1935;-3221;-0,15079588014981274;-0,5581294652522191;0,1596271242369246;0,16430446194225728;1;1
2017-04-25;12;2017-04-25 12:00:00;35,09;32,23;2,8600000000000065;40706;11721;51085;14744;9937;12975;22912;26465;-4807;1254;-3553;-0,1550715782122905;-0,4837476099426386;0,09664739884393063;0,08150470219435754;1;1
2017-04-25;13;2017-04-25 13:00:00;33,91;31,72;2,1899999999999977;40706;12515;51085;15263;10717;12806;23523;27778;-4546;291;-4255;-0,18088679165072483;-0,42418587291219556;0,022723723254724347;0,06458271896195807;1;1
2017-04-25;14;2017-04-25 14:00:00;31,72;29,58;2,140000000000001;40706;11790;51085;15425;11437;11912;23349;27215;-3988;122;-3866;-0,16557454280697245;-0,34869283903121445;0,010241773002014775;0,06746532156368225;1;1
2017-04-25;15;2017-04-25 15:00:00;31,59;30,41;1,1799999999999995;40706;10046;51085;15512;11854;10328;22182;25558;-3658;282;-3376;-0,15219547380759174;-0,3085878184579045;0,027304415182029435;0,03735359290914845;1;1
2017-04-25;16;2017-04-25 16:00:00;32,46;31,36;1,1000000000000014;40706;8425;51085;15250;11866;7973;19839;23675;-3384;-452;-3836;-0,19335651998588638;-0,28518456093038935;-0,0566913332497178;0,033887861983980326;1;1
2017-04-25;17;2017-04-25 17:00:00;36,55;32,92;3,629999999999996;40706;6139;51085;13896;11260;5399;16659;20035;-2636;-740;-3376;-0,20265322048142145;-0,23410301953818827;-0,13706241896647528;0,09931600547195613;1;1
2017-04-25;18;2017-04-25 18:00:00;39,93;35,94;3,990000000000002;40706;3536;51085;12149;9965;2896;12861;15685;-2184;-640;-2824;-0,2195785708731825;-0,21916708479678876;-0,22099447513812154;0,09992486851990989;1;1
2017-04-25;19;2017-04-25 19:00:00;42,95;38,75;4,200000000000003;40706;1178;51085;9268;8406;890;9296;10446;-862;-288;-1150;-0,12370912220309811;-0,10254580061860576;-0,3235955056179775;0,09778812572759028;1;1
2017-04-25;20;2017-04-25 20:00:00;42,94;41,71;1,2299999999999969;40706;87;51085;7471;6952;61;7013;7558;-519;-26;-545;-0,07771281905033509;-0,07465477560414269;-0,4262295081967213;0,02864462040055885;1;1
2017-04-25;21;2017-04-25 21:00:00;41,98;40,36;1,6199999999999974;40706;0;51085;6840;6230;0;6230;6840;-610;0;-610;-0,09791332263242375;-0,09791332263242375;;0,038589804668889886;1;1
2017-04-25;22;2017-04-25 22:00:00;38,42;35,08;3,3400000000000034;40706;0;51085;6167;6010;0;6010;6167;-157;0;-157;-0,026123128119800332;-0,026123128119800332;;0,08693388859968774;1;1
2017-04-25;23;2017-04-25 23:00:00;33,4;29,29;4,1099999999999985;40706;0;51085;5521;5869;0;5869;5521;348;0;348;0,059294598739137845;0,059294598739137845;;0,12305389221556882;1;1
2017-04-26;0;2017-04-26 00:00:00;30,54;28,23;2,3099999999999987;40713;0;51107;5196;4219;0;4219;5196;-977;0;-977;-0,2315714624318559;-0,2315714624318559;;0,07563850687622786;1;2
2017-04-26;1;2017-04-26 01:00:00;30,99;28,38;2,6099999999999994;40713;0;51107;4721;3962;0;3962;4721;-759;0;-759;-0,19156991418475516;-0,19156991418475516;;0,08422071636011615;1;2
2017-04-26;2;2017-04-26 02:00:00;30,95;27,49;3,4600000000000013;40713;0;51107;4377;3734;0;3734;4377;-643;0;-643;-0,17220139260846276;-0,17220139260846276;;0,11179321486268179;1;2
2017-04-26;3;2017-04-26 03:00:00;30,54;27,59;2,9499999999999997;40713;0;51107;3829;3498;0;3498;3829;-331;0;-331;-0,09462550028587764;-0,09462550028587764;;0,09659462999345121;1;2
2017-04-26;4;2017-04-26 04:00:00;30,44;27,37;3,0700000000000003;40713;0;51107;3726;3204;0;3204;3726;-522;0;-522;-0,16292134831460675;-0,16292134831460675;;0,10085413929040736;1;2
2017-04-26;5;2017-04-26 05:00:00;33,1;28,14;4,960000000000001;40713;5;51107;3397;2834;3;2837;3402;-563;-2;-565;-0,19915403595347198;-0,19865913902611151;-0,6666666666666666;0,14984894259818732;1;2
2017-04-26;6;2017-04-26 06:00:00;42,3;39,3;3,0;40713;334;51107;2828;2335;344;2679;3162;-493;10;-483;-0,18029115341545351;-0,21113490364025697;0,029069767441860465;0,07092198581560284;1;2
2017-04-26;7;2017-04-26 07:00:00;46,95;43,14;3,8100000000000014;40713;2007;51107;1985;1759;2060;3819;3992;-226;53;-173;-0,04529981670594396;-0,12848209209778283;0,025728155339805825;0,08115015974440896;1;2
2017-04-26;8;2017-04-26 08:00:00;53,47;47,07;6,399999999999999;40713;4919;51107;942;1220;4983;6203;5861;278;64;342;0,05513461228437853;0,2278688524590164;0,012843668472807546;0,11969328595474095;1;2
2017-04-26;9;2017-04-26 09:00:00;46,98;43,93;3,049999999999997;40713;8334;51107;630;952;8394;9346;8964;322;60;382;0,04087310079178258;0,3382352941176471;0,007147962830593281;0,06492124308216257;1;2
2017-04-26;10;2017-04-26 10:00:00;45,61;43,1;2,509999999999998;40713;10537;51107;896;801;11280;12081;11433;-95;743;648;0,05363794387881798;-0,11860174781523096;0,06586879432624114;0,05503179127384341;1;2
2017-04-26;11;2017-04-26 11:00:00;44,75;42,37;2,3800000000000026;40713;11799;51107;1202;715;13140;13855;13001;-487;1341;854;0,06163839769036449;-0,6811188811188811;0,10205479452054794;0,0531843575418995;1;2
2017-04-26;12;2017-04-26 12:00:00;44,01;43,3;0,7100000000000009;40713;12316;51107;1400;709;13990;14699;13716;-691;1674;983;0,06687529763929519;-0,9746121297602257;0,11965689778413152;0,016132697114292226;1;2
2017-04-26;13;2017-04-26 13:00:00;42,0;43,54;-1,5399999999999991;40713;12631;51107;1382;758;13918;14676;14013;-624;1287;663;0,04517579721995094;-0,8232189973614775;0,09247018249748527;-0,036666666666666646;1;2
2017-04-26;14;2017-04-26 14:00:00;39,11;40,97;-1,8599999999999997;40713;12229;51107;1670;905;13059;13964;13899;-765;830;65;0,004654826697221426;-0,8453038674033149;0,06355769967072517;-0,047558169266172325;1;2
2017-04-26;15;2017-04-26 15:00:00;38,64;40,05;-1,4099999999999966;40713;10441;51107;1795;1146;11445;12591;12236;-649;1004;355;0,028194742276229052;-0,5663176265270506;0,08772389689820882;-0,036490683229813574;1;2
2017-04-26;16;2017-04-26 16:00:00;38,61;39,09;-0,4800000000000039;40713;8286;51107;2173;1406;9283;10689;10459;-767;997;230;0,02151744784357751;-0,5455192034139402;0,10740062479801789;-0,012432012432012534;1;2
2017-04-26;17;2017-04-26 17:00:00;41,92;41,16;0,7600000000000051;40713;5982;51107;2560;1618;6531;8149;8542;-942;549;-393;-0,04822677629156952;-0,5822002472187886;0,0840606338998622;0,018129770992366533;1;2
2017-04-26;18;2017-04-26 18:00:00;43,86;42,79;1,0700000000000005;40713;3454;51107;2813;1831;3618;5449;6267;-982;164;-818;-0,1501192879427418;-0,5363189513926816;0,04532891100055279;0,024395804833561345;1;2
2017-04-26;19;2017-04-26 19:00:00;44,09;42,17;1,9200000000000017;40713;1202;51107;2700;2097;1176;3273;3902;-603;-26;-629;-0,19217842957531317;-0,2875536480686695;-0,022108843537414966;0,043547289634837866;1;2
2017-04-26;20;2017-04-26 20:00:00;44,34;41,44;2,9000000000000057;40713;83;51107;2441;2271;83;2354;2524;-170;0;-170;-0,07221750212404418;-0,07485689123734038;0,0;0,06540369869192615;1;2
2017-04-26;21;2017-04-26 21:00:00;42,93;40,03;2,8999999999999986;40713;0;51107;2396;2411;0;2411;2396;15;0;15;0,006221484861053505;0,006221484861053505;;0,06755182855811784;1;2
2017-04-26;22;2017-04-26 22:00:00;39,1;37,29;1,8100000000000025;40713;0;51107;2252;2453;0;2453;2252;201;0;201;0,08194048104362006;0,08194048104362006;;0,04629156010230185;1;2
2017-04-26;23;2017-04-26 23:00:00;32,58;36,14;-3,5600000000000023;40713;0;51107;2214;2379;0;2379;2214;165;0;165;0,06935687263556116;0,06935687263556116;;-0,10926949048496018;1;2
2017-04-27;0;2017-04-27 00:00:00;32,19;30,88;1,3099999999999987;40727;0;51157;2285;2244;0;2244;2285;-41;0;-41;-0,018270944741532978;-0,018270944741532978;;0,040695868282075144;1;3
2017-04-27;1;2017-04-27 01:00:00;31,46;32,5;-1,0399999999999991;40727;0;51157;2331;2271;0;2271;2331;-60;0;-60;-0,026420079260237782;-0,026420079260237782;;-0,033057851239669395;1;3
2017-04-27;2;2017-04-27 02:00:00;31,06;32,25;-1,1900000000000013;40727;0;51157;2624;2386;0;2386;2624;-238;0;-238;-0,0997485331098072;-0,0997485331098072;;-0,03831294269156476;1;3
2017-04-27;3;2017-04-27 03:00:00;31,04;31,5;-0,4600000000000009;40727;0;51157;2763;2613;0;2613;2763;-150;0;-150;-0,0574052812858783;-0,0574052812858783;;-0,014819587628866008;1;3
2017-04-27;4;2017-04-27 04:00:00;31,52;30,86;0,6600000000000001;40727;0;51157;2718;2778;0;2778;2718;60;0;60;0,02159827213822894;0,02159827213822894;;0,020939086294416247;1;3
2017-04-27;5;2017-04-27 05:00:00;32,48;32,58;-0,10000000000000142;40727;7;51157;2662;2798;5;2803;2669;136;-2;134;0,04780592222618623;0,04860614724803431;-0,4;-0,0030788177339901917;1;3
2017-04-27;6;2017-04-27 06:00:00;41,19;41,01;0,17999999999999972;40727;400;51157;2488;2588;435;3023;2888;100;35;135;0,04465762487595104;0,03863987635239567;0,08045977011494253;0,004369992716678799;1;3
2017-04-27;7;2017-04-27 07:00:00;44,97;44,07;0,8999999999999986;40727;2382;51157;2520;2309;2554;4863;4902;-211;172;-39;-0,008019740900678593;-0,09138155045474232;0,06734534064212999;0,02001334222815207;1;3
2017-04-27;8;2017-04-27 08:00:00;45,93;44,71;1,2199999999999989;40727;5710;51157;2153;2130;6135;8265;7863;-23;425;402;0,048638838475499095;-0,0107981220657277;0,06927465362673187;0,026562159808404068;1;3
2017-04-27;9;2017-04-27 09:00:00;43,67;40,32;3,3500000000000014;40727;9569;51157;2513;2339;10127;12466;12082;-174;558;384;0,030803786298732552;-0,07439076528430953;0,05510022711563148;0,07671170139683997;1;3
2017-04-27;10;2017-04-27 10:00:00;42,92;38,96;3,9600000000000013;40727;12148;51157;3730;2872;13152;16024;15878;-858;1004;146;0,009111333000499251;-0,29874651810584957;0,076338199513382;0,09226467847157505;1;3
2017-04-27;11;2017-04-27 11:00:00;40,95;34,9;6,050000000000003;40727;13369;51157;4430;3603;14932;18535;17799;-827;1563;736;0,039708659293229025;-0,22953094643352762;0,10467452451111707;0,14774114774114783;1;3
2017-04-27;12;2017-04-27 12:00:00;35,83;33,77;2,059999999999995;40727;13240;51157;5771;4536;15637;20173;19011;-1235;2397;1162;0,05760174490655827;-0,2722663139329806;0,15329027307028203;0,057493720346078574;1;3
2017-04-27;13;2017-04-27 13:00:00;34,99;33,74;1,25;40727;12598;51157;6749;5431;15433;20864;19347;-1318;2835;1517;0,07270897239263803;-0,24268090591051372;0,18369727207931058;0,03572449271220349;1;3
2017-04-27;14;2017-04-27 14:00:00;32,01;32,32;-0,3100000000000023;40727;11856;51157;7814;6165;14423;20588;19670;-1649;2567;918;0,04458908101806878;-0,26747769667477694;0,17797961589128475;-0,009684473601999448;1;3
2017-04-27;15;2017-04-27 15:00:00;32,9;32,36;0,5399999999999991;40727;10744;51157;8055;6573;12657;19230;18799;-1482;1913;431;0,022412896515860634;-0,22546782291191236;0,1511416607410919;0,016413373860182344;1;3
2017-04-27;16;2017-04-27 16:00:00;32,89;32,33;0,5600000000000023;40727;8855;51157;8532;6716;10145;16861;17387;-1816;1290;-526;-0,03119625170511832;-0,27039904705181655;0,12715623459832429;0,017026451809060573;1;3
2017-04-27;17;2017-04-27 17:00:00;35,05;32,52;2,529999999999994;40727;6147;51157;8261;6512;7086;13598;14408;-1749;939;-810;-0,05956758346815708;-0,2685810810810811;0,13251481795088907;0,07218259629101267;1;3
2017-04-27;18;2017-04-27 18:00:00;37,96;34,36;3,6000000000000014;40727;3412;51157;7359;5943;3910;9853;10771;-1416;498;-918;-0,09316959301735513;-0,23826350328117113;0,12736572890025574;0,09483667017913597;1;3
2017-04-27;19;2017-04-27 19:00:00;41,97;41,65;0,3200000000000003;40727;1137;51157;6448;5328;1267;6595;7585;-1120;130;-990;-0,15011372251705837;-0,21021021021021022;0,1026045777426993;0,007624493685966173;1;3
2017-04-27;20;2017-04-27 20:00:00;41,91;43,12;-1,2100000000000009;40727;89;51157;5992;4825;95;4920;6081;-1167;6;-1161;-0,23597560975609755;-0,24186528497409326;0,06315789473684211;-0,02887139107611551;1;3
2017-04-27;21;2017-04-27 21:00:00;41,08;41,09;-0,010000000000005116;40727;0;51157;5424;4570;0;4570;5424;-854;0;-854;-0,18687089715536104;-0,18687089715536104;;-0,0002434274586174566;1;3
2017-04-27;22;2017-04-27 22:00:00;34,87;38,05;-3,18;40727;0;51157;5078;4491;0;4491;5078;-587;0;-587;-0,13070585615675795;-0,13070585615675795;;-0,09119587037568111;1;3
2017-04-27;23;2017-04-27 23:00:00;32,0;34,39;-2,390000000000001;40727;0;51157;5267;4459;0;4459;5267;-808;0;-808;-0,18120654855348733;-0,18120654855348733;;-0,07468750000000003;1;3
2017-04-28;0;2017-04-28 00:00:00;31,38;31,7;-0,3200000000000003;40752;0;51256;5216;5192;0;5192;5216;-24;0;-24;-0,004622496147919877;-0,004622496147919877;;-0,010197578075207148;1;4
2017-04-28;1;2017-04-28 01:00:00;31,23;32,83;-1,599999999999998;40752;0;51256;4825;5034;0;5034;4825;209;0;209;0,04151767977751291;0,04151767977751291;;-0,0512327889849503;1;4
2017-04-28;2;2017-04-28 02:00:00;30,61;33,18;-2,5700000000000003;40752;0;51256;4738;4853;0;4853;4738;115;0;115;0,023696682464454975;0,023696682464454975;;-0,08395949036262661;1;4
2017-04-28;3;2017-04-28 03:00:00;30,92;33,11;-2,1899999999999977;40752;0;51256;4810;4688;0;4688;4810;-122;0;-122;-0,026023890784982934;-0,026023890784982934;;-0,07082794307891324;1;4
2017-04-28;4;2017-04-28 04:00:00;31,41;32,2;-0,7900000000000027;40752;0;51256;4604;4554;0;4554;4604;-50;0;-50;-0,010979358805445762;-0,010979358805445762;;-0,025151225724291713;1;4
2017-04-28;5;2017-04-28 05:00:00;33,52;34,34;-0,8200000000000003;40752;7;51256;4306;4334;5;4339;4313;28;-2;26;0,005992164093109011;0,006460544531610522;-0,4;-0,02446300715990454;1;4
2017-04-28;6;2017-04-28 06:00:00;37,14;42,46;-5,32;40752;401;51256;4107;3923;422;4345;4508;-184;21;-163;-0,03751438434982739;-0,04690288044863625;0,04976303317535545;-0,14324178782983307;1;4
2017-04-28;7;2017-04-28 07:00:00;45,4;48,7;-3,3000000000000043;40752;2498;51256;3210;3482;2317;5799;5708;272;-181;91;0,01569236075185377;0,07811602527283171;-0,0781182563659905;-0,07268722466960362;1;4
2017-04-28;8;2017-04-28 08:00:00;46,94;49,26;-2,3200000000000003;40752;5912;51256;2395;3086;5442;8528;8307;691;-470;221;0,025914634146341462;0,2239144523655217;-0,08636530687247336;-0,049424797613975294;1;4
2017-04-28;9;2017-04-28 09:00:00;44,99;46,24;-1,25;40752;9600;51256;2053;2871;8879;11750;11653;818;-721;97;0,00825531914893617;0,2849181469871125;-0,08120283815745016;-0,027783951989330962;1;4
2017-04-28;10;2017-04-28 10:00:00;42,9;43,45;-0,5500000000000043;40752;12045;51256;2408;2842;11422;14264;14453;434;-623;-189;-0,013250140213123948;0,15270935960591134;-0,05454386272106461;-0,01282051282051292;1;4
2017-04-28;11;2017-04-28 11:00:00;41,9;43,1;-1,2000000000000028;40752;12339;51256;2636;2924;12958;15882;14975;288;619;907;0,05710867648910717;0,09849521203830369;0,04776971754900448;-0,028639618138424888;1;4
2017-04-28;12;2017-04-28 12:00:00;38,99;44,67;-5,68;40752;11735;51256;3036;3034;13639;16673;14771;-2;1904;1902;0,11407665087266838;-0,0006591957811470006;0,1395996773957035;-0,14567837907155679;1;4
2017-04-28;13;2017-04-28 13:00:00;35,46;41,89;-6,43;40752;11733;51256;3336;3226;13474;16700;15069;-110;1741;1631;0,09766467065868263;-0,034097954122752634;0,12921181534807777;-0,18133107727016357;1;4
2017-04-28;14;2017-04-28 14:00:00;33,62;40,88;-7,260000000000005;40752;10616;51256;3595;3597;12659;16256;14211;2;2043;2045;0,12579970472440946;0,0005560189046427579;0,1613871553835216;-0,2159428911362286;1;4
2017-04-28;15;2017-04-28 15:00:00;33,05;41,68;-8,630000000000003;40752;9273;51256;3944;4129;11154;15283;13217;185;1881;2066;0,13518288294183078;0,044805037539355774;0,16863905325443787;-0,2611195158850228;1;4
2017-04-28;16;2017-04-28 16:00:00;32,76;40,86;-8,100000000000001;40752;7820;51256;4129;4633;9140;13773;11949;504;1320;1824;0,1324330211282945;0,10878480466220591;0,14442013129102846;-0,24725274725274732;1;4
2017-04-28;17;2017-04-28 17:00:00;33,78;40,34;-6,560000000000002;40752;5961;51256;4794;4849;6641;11490;10755;55;680;735;0,0639686684073107;0,011342544854609197;0,10239421773829242;-0,19419775014801663;1;4
2017-04-28;18;2017-04-28 18:00:00;40,29;42,44;-2,1499999999999986;40752;3628;51256;5000;4767;3810;8577;8628;-233;182;-51;-0,005946135012242042;-0,04887770086007971;0,047769028871391075;-0,05336311739885825;1;4
2017-04-28;19;2017-04-28 19:00:00;43,91;44,36;-0,4500000000000029;40752;1394;51256;4768;4710;1271;5981;6162;-58;-123;-181;-0,030262497910048487;-0,012314225053078557;-0,0967741935483871;-0,010248235026190001;1;4
2017-04-28;20;2017-04-28 20:00:00;42,99;42,96;0,030000000000001137;40752;112;51256;3928;4546;103;4649;4040;618;-9;609;0,1309959130995913;0,13594368675758908;-0,08737864077669903;0,0006978367062107731;1;4
2017-04-28;21;2017-04-28 21:00:00;37,97;37,85;0,11999999999999746;40752;0;51256;4188;4575;0;4575;4188;387;0;387;0,08459016393442623;0,08459016393442623;;0,0031603897814063064;1;4
2017-04-28;22;2017-04-28 22:00:00;32,65;34,35;-1,7000000000000028;40752;0;51256;4414;4745;0;4745;4414;331;0;331;0,06975763962065332;0,06975763962065332;;-0,052067381316998555;1;4
2017-04-28;23;2017-04-28 23:00:00;31,08;32,34;-1,2600000000000051;40752;0;51256;4474;5005;0;5005;4474;531;0;531;0,10609390609390609;0,10609390609390609;;-0,04054054054054071;1;4
2017-04-29;0;2017-04-29 00:00:00;33,61;34,63;-1,0200000000000031;40767;0;51280;4628;4975;0;4975;4628;347;0;347;0,06974874371859296;0,06974874371859296;;-0,030348110681344933;1;5
2017-04-29;1;2017-04-29 01:00:00;28,44;32,35;-3,91;40767;0;51280;4966;5333;0;5333;4966;367;0;367;0,06881680105006563;0,06881680105006563;;-0,13748241912798875;1;5
2017-04-29;2;2017-04-29 02:00:00;29,88;31,64;-1,7600000000000016;40767;0;51280;5292;5725;0;5725;5292;433;0;433;0,07563318777292577;0,07563318777292577;;-0,0589022757697457;1;5
2017-04-29;3;2017-04-29 03:00:00;29,86;31,2;-1,34;40767;0;51280;5718;6039;0;6039;5718;321;0;321;0,053154495777446596;0,053154495777446596;;-0,0448760884125921;1;5
2017-04-29;4;2017-04-29 04:00:00;30,16;30,43;-0,2699999999999996;40767;0;51280;6346;6225;0;6225;6346;-121;0;-121;-0,019437751004016065;-0,019437751004016065;;-0,0089522546419098;1;5
2017-04-29;5;2017-04-29 05:00:00;30,58;31,54;-0,9600000000000009;40767;8;51280;6419;6159;6;6165;6427;-260;-2;-262;-0,04249797242497973;-0,04221464523461601;-0,3333333333333333;-0,031393067364290414;1;5
2017-04-29;6;2017-04-29 06:00:00;32,46;33,23;-0,769999999999996;40767;518;51280;6304;5820;505;6325;6822;-484;-13;-497;-0,07857707509881423;-0,0831615120274914;-0,02574257425742574;-0,023721503388786074;1;5
2017-04-29;7;2017-04-29 07:00:00;33,72;34,55;-0,8299999999999983;40767;2956;51280;5447;5314;2856;8170;8403;-133;-100;-233;-0,028518971848225213;-0,02502822732404968;-0,0350140056022409;-0,024614472123368872;1;5
2017-04-29;8;2017-04-29 08:00:00;32,69;33,81;-1,1200000000000043;40767;7028;51280;4247;4924;6791;11715;11275;677;-237;440;0,03755868544600939;0,13748984565393987;-0,03489913120306288;-0,03426124197002155;1;5
2017-04-29;9;2017-04-29 09:00:00;32,56;34,29;-1,7299999999999969;40767;11630;51280;4756;4928;11143;16071;16386;172;-487;-315;-0,019600522680604818;0,0349025974025974;-0,043704567890155255;-0,05313267813267803;1;5
2017-04-29;10;2017-04-29 10:00:00;28,81;30,99;-2,18;40767;14142;51280;5155;5143;14710;19853;19297;-12;568;556;0,028005842945650533;-0,00233326852031888;0,03861318830727396;-0,0756681707740368;1;5
2017-04-29;11;2017-04-29 11:00:00;26,82;29,4;-2,5799999999999983;40767;15127;51280;4971;5209;16905;22114;20098;238;1778;2016;0,09116396852672515;0,045690151660587444;0,105175983436853;-0,09619686800894849;1;5
2017-04-29;12;2017-04-29 12:00:00;25,43;31,79;-6,3599999999999985;40767;15937;51280;4816;4954;18019;22973;20753;138;2082;2220;0,0966351804291995;0,027856277755349212;0,11554470281369665;-0,2500983090837593;1;5
2017-04-29;13;2017-04-29 13:00:00;23,09;30,7;-7,6099999999999985;40767;16735;51280;4441;4577;18147;22724;21176;136;1412;1548;0,06812180954057384;0,029713786322918944;0,07780900424312559;-0,32957990472065823;1;5
2017-04-29;14;2017-04-29 14:00:00;25,24;27,26;-2,020000000000003;40767;16335;51280;3818;4145;17380;21525;20153;327;1045;1372;0,06373983739837398;0,07889022919179735;0,060126582278481014;-0,08003169572107778;1;5
2017-04-29;15;2017-04-29 15:00:00;25,04;28,23;-3,1900000000000013;40767;15505;51280;3415;3648;15699;19347;18920;233;194;427;0,022070605261797695;0,06387061403508772;0,012357474998407543;-0,12739616613418536;1;5
2017-04-29;16;2017-04-29 16:00:00;27,46;30,03;-2,5700000000000003;40767;13213;51280;2806;3091;13096;16187;16019;285;-117;168;0,010378698955952307;0,09220317049498544;-0,008934025656689066;-0,0935906773488711;1;5
2017-04-29;17;2017-04-29 17:00:00;29,19;30,28;-1,09;40767;9808;51280;2220;2517;9445;11962;12028;297;-363;-66;-0,005517471994649724;0,11799761620977355;-0,038433033350979355;-0,03734155532716684;1;5
2017-04-29;18;2017-04-29 18:00:00;32,54;31,1;1,4399999999999975;40767;5702;51280;1593;2005;5139;7144;7295;412;-563;-151;-0,021136618141097425;0,20548628428927682;-0,10955438801323214;0,044253226797787266;1;5
2017-04-29;19;2017-04-29 19:00:00;34,93;32,04;2,890000000000001;40767;1939;51280;1193;1724;1611;3335;3132;531;-328;203;0,06086956521739131;0,3080046403712297;-0,20360024829298573;0,08273690237618096;1;5
2017-04-29;20;2017-04-29 20:00:00;34,79;33,28;1,509999999999998;40767;159;51280;1487;1928;134;2062;1646;441;-25;416;0,2017458777885548;0,2287344398340249;-0,1865671641791045;0,04340327680367916;1;5
2017-04-29;21;2017-04-29 21:00:00;34,9;33,17;1,7299999999999969;40767;0;51280;2994;2784;0;2784;2994;-210;0;-210;-0,07543103448275862;-0,07543103448275862;;0,04957020057306581;1;5
2017-04-29;22;2017-04-29 22:00:00;32,93;32,63;0,2999999999999972;40767;0;51280;4412;3890;0;3890;4412;-522;0;-522;-0,13419023136246785;-0,13419023136246785;;0,009110233829334869;1;5
2017-04-29;23;2017-04-29 23:00:00;30,47;30,22;0,25;40767;0;51280;5795;4913;0;4913;5795;-882;0;-882;-0,17952371259922653;-0,17952371259922653;;0,008204791598293404;1;5
2017-04-30;0;2017-04-30 00:00:00;29,29;20,99;8,3;40773;0;51293;7285;5618;0;5618;7285;-1667;0;-1667;-0,2967248131007476;-0,2967248131007476;;0,2833731649026972;1;6
2017-04-30;1;2017-04-30 01:00:00;26,02;10,39;15,63;40773;0;51293;8210;6499;0;6499;8210;-1711;0;-1711;-0,26327127250346205;-0,26327127250346205;;0,6006917755572637;1;6
2017-04-30;2;2017-04-30 02:00:00;22,06;5,9;16,159999999999997;40773;0;51293;9075;7130;0;7130;9075;-1945;0;-1945;-0,27279102384291726;-0,27279102384291726;;0,7325475974614686;1;6
2017-04-30;3;2017-04-30 03:00:00;13,13;7,57;5,5600000000000005;40773;0;51293;9968;7716;0;7716;9968;-2252;0;-2252;-0,2918610679108346;-0,2918610679108346;;0,4234577303884235;1;6
2017-04-30;4;2017-04-30 04:00:00;9,63;7,3;2,330000000000001;40773;0;51293;11053;8370;0;8370;11053;-2683;0;-2683;-0,3205495818399044;-0,3205495818399044;;0,2419522326064383;1;6
2017-04-30;5;2017-04-30 05:00:00;10,06;6,68;3,3800000000000012;40773;11;51293;12070;8832;12;8844;12081;-3238;1;-3237;-0,366010854816825;-0,3666213768115942;0,08333333333333333;0,3359840954274355;1;6
2017-04-30;6;2017-04-30 06:00:00;16,8;7,12;9,68;40773;780;51293;12720;8955;635;9590;13500;-3765;-145;-3910;-0,40771637122002086;-0,4204355108877722;-0,2283464566929134;0,5761904761904761;1;6
2017-04-30;7;2017-04-30 07:00:00;9,6;3,16;6,44;40773;4582;51293;12268;8888;3954;12842;16850;-3380;-628;-4008;-0,31210091885999064;-0,38028802880288026;-0,1588265048052605;0,6708333333333334;1;6
2017-04-30;8;2017-04-30 08:00:00;9,56;-2,16;11,72;40773;11076;51293;9778;8839;9900;18739;20854;-939;-1176;-2115;-0,112866214846043;-0,10623373684805973;-0,11878787878787879;1,2259414225941423;1;6
2017-04-30;9;2017-04-30 09:00:00;8,71;-9,14;17,85;40773;17655;51293;11138;9776;16286;26062;28793;-1362;-1369;-2731;-0,10478858107589593;-0,13932078559738134;-0,08405992877317942;2,049368541905855;1;6
2017-04-30;10;2017-04-30 10:00:00;3,23;-16,16;19,39;40773;22892;51293;14851;11611;21174;32785;37743;-3240;-1718;-4958;-0,15122769559249657;-0,2790457324950478;-0,08113724378955323;6,003095975232198;1;6
2017-04-30;11;2017-04-30 11:00:00;-1,9;-37,85;35,95;40773;26073;51293;16462;13759;24284;38043;42535;-2703;-1789;-4492;-0,11807691296690587;-0,19645323061268988;-0,0736699061110196;-18,92105263157895;1;6
2017-04-30;12;2017-04-30 12:00:00;-1,18;-58,3;57,12;40773;27375;51293;16527;15838;25811;41649;43902;-689;-1564;-2253;-0,05409493625297126;-0,043502967546407374;-0,06059432025105575;-48,40677966101695;1;6
2017-04-30;13;2017-04-30 13:00:00;-70,01;-94,55;24,539999999999992;40773;27500;51293;15428;17663;25999;43662;42928;2235;-1501;734;0,01681095689615684;0,1265356960878673;-0,057732989730374246;-0,3505213540922724;1;6
2017-04-30;14;2017-04-30 14:00:00;-74,92;-100,57;25,64999999999999;40773;26626;51293;15456;19142;24758;43900;42082;3686;-1868;1818;0,041412300683371296;0,19256086093407168;-0,07545035947976411;-0,34236518953550443;1;6
2017-04-30;15;2017-04-30 15:00:00;-71,96;-103,33;31,370000000000005;40773;24208;51293;16558;20295;22010;42305;40766;3737;-2198;1539;0,036378678643186384;0,1841340231584134;-0,09986369831894594;-0,4359366314619234;1;6
2017-04-30;16;2017-04-30 16:00:00;-49,97;-110,94;60,97;40773;19829;51293;18518;21292;17772;39064;38347;2774;-2057;717;0,018354495187384804;0,13028367461957543;-0,11574386675669593;-1,2201320792475485;1;6
2017-04-30;17;2017-04-30 17:00:00;-6,0;-68,71;62,71;40773;13718;51293;21952;22046;12011;34057;35670;94;-1707;-1613;-0,047361775846375194;0,004263812029393087;-0,14211972358671218;-10,451666666666666;1;6
2017-04-30;18;2017-04-30 18:00:00;-1,21;-41,26;40,05;40773;7067;51293;24157;22372;5931;28303;31224;-1785;-1136;-2921;-0,10320460728544677;-0,0797872340425532;-0,19153599730230988;-33,099173553719005;1;6
2017-04-30;19;2017-04-30 19:00:00;8,86;-32,68;41,54;40773;2079;51293;25870;22653;1657;24310;27949;-3217;-422;-3639;-0,14969148498560264;-0,1420120955281861;-0,2546771273385637;4,6884875846501135;1;6
2017-04-30;20;2017-04-30 20:00:00;10,08;-22,92;33,0;40773;172;51293;26165;23463;155;23618;26337;-2702;-17;-2719;-0,11512405792192396;-0,11516003921067212;-0,10967741935483871;3,2738095238095237;1;6
2017-04-30;21;2017-04-30 21:00:00;8,87;-23,8;32,67;40773;0;51293;27403;24484;0;24484;27403;-2919;0;-2919;-0,11922071556935142;-0,11922071556935142;;3,6832018038331458;1;6
2017-04-30;22;2017-04-30 22:00:00;-0,54;-28,54;28,0;40773;0;51293;27472;25389;0;25389;27472;-2083;0;-2083;-0,08204340462404978;-0,08204340462404978;;-51,85185185185185;1;6
2017-04-30;23;2017-04-30 23:00:00;-70,01;-64,93;-5,079999999999998;40773;0;51293;26762;25693;0;25693;26762;-1069;0;-1069;-0,04160666329350407;-0,04160666329350407;;0,07256106270532778;1;6
2017-05-01;0;2017-05-01 00:00:00;-26,94;-20,32;-6,620000000000001;40774;0;51303;27360;27168;0;27168;27360;-192;0;-192;-0,007067137809187279;-0,007067137809187279;;0,24573125463994064;1;0
2017-05-01;1;2017-05-01 01:00:00;-25,0;-13,38;-11,62;40774;0;51303;26476;26701;0;26701;26476;225;0;225;0,008426650687240179;0,008426650687240179;;0,4648;1;0
2017-05-01;2;2017-05-01 02:00:00;-30,11;-13,32;-16,79;40774;0;51303;25572;26093;0;26093;25572;521;0;521;0,019967040968842217;0,019967040968842217;;0,557622052474261;1;0
2017-05-01;3;2017-05-01 03:00:00;-30,03;-11,93;-18,1;40774;0;51303;24278;25403;0;25403;24278;1125;0;1125;0,044286107940007084;0,044286107940007084;;0,6027306027306027;1;0
2017-05-01;4;2017-05-01 04:00:00;-24,9;-0,99;-23,91;40774;0;51303;22768;24635;0;24635;22768;1867;0;1867;0,07578648264664095;0,07578648264664095;;0,9602409638554218;1;0
2017-05-01;5;2017-05-01 05:00:00;-30,05;-0,31;-29,74;40774;13;51303;21870;23696;15;23711;21883;1826;2;1828;0,07709501918940576;0,07705941931127616;0,13333333333333333;0,989683860232945;1;0
2017-05-01;6;2017-05-01 06:00:00;-62,95;-2,13;-60,82;40774;763;51303;21073;22523;649;23172;21836;1450;-114;1336;0,05765579147246677;0,06437863517293434;-0,17565485362095531;0,9661636219221604;1;0
2017-05-01;7;2017-05-01 07:00:00;-53,85;-1,25;-52,6;40774;3759;51303;19966;21315;3482;24797;23725;1349;-277;1072;0,043231036012420856;0,06328876378137462;-0,07955198161975877;0,9767873723305478;1;0
2017-05-01;8;2017-05-01 08:00:00;-67,02;-7,52;-59,5;40774;7974;51303;18252;20428;7887;28315;26226;2176;-87;2089;0,07377714992053681;0,10652046211082827;-0,01103081019399011;0,8877946881527903;1;0
2017-05-01;9;2017-05-01 09:00:00;-65,0;-2,44;-62,56;40774;11750;51303;17685;19897;12140;32037;29435;2212;390;2602;0,08121859100415145;0,11117253857365432;0,03212520593080725;0,9624615384615385;1;0
2017-05-01;10;2017-05-01 10:00:00;-67,08;1,29;-68,37;40774;14256;51303;18063;19635;14904;34539;32319;1572;648;2220;0,06427516720229307;0,080061115355233;0,043478260869565216;1,0192307692307694;1;0
2017-05-01;11;2017-05-01 11:00:00;-66,85;6,35;-73,19999999999997;40774;15383;51303;18425;19654;16215;35869;33808;1229;832;2061;0,05745908723410187;0,06253180014246464;0,051310514955288315;1,0949887808526548;1;0
2017-05-01;12;2017-05-01 12:00:00;-60,39;11,35;-71,74;40774;15042;51303;18483;19719;16256;35975;33525;1236;1214;2450;0,06810284920083391;0,06268066331964095;0,07468011811023623;1,1879450240105978;1;0
2017-05-01;13;2017-05-01 13:00:00;-61,14;13,58;-74,72;40774;13710;51303;18684;19643;14836;34479;32394;959;1126;2085;0,060471591403462976;0,04882146311663188;0,07589646805068752;1,2221131828590122;1;0
2017-05-01;14;2017-05-01 14:00:00;-27,22;16,26;-43,48;40774;11906;51303;18207;19394;12664;32058;30113;1187;758;1945;0,06067128329902052;0,061204496235949264;0,059854706253948196;1,5973548861131521;1;0
2017-05-01;15;2017-05-01 15:00:00;-12,01;16,16;-28,17;40774;9758;51303;17488;18920;10252;29172;27246;1432;494;1926;0,0660222130810366;0,07568710359408033;0,0481857198595396;2,3455453788509577;1;0
2017-05-01;16;2017-05-01 16:00:00;-1,2;17,31;-18,51;40774;7372;51303;16942;18421;7695;26116;24314;1479;323;1802;0,06899984683718793;0,08028880082514521;0,04197530864197531;15,425000000000002;1;0
2017-05-01;17;2017-05-01 17:00:00;7,42;19,93;-12,51;40774;4671;51303;17022;17985;5103;23088;21693;963;432;1395;0,06042099792099792;0,05354462051709758;0,08465608465608465;-1,6859838274932615;1;0
2017-05-01;18;2017-05-01 18:00:00;14,01;24,35;-10,340000000000002;40774;2468;51303;16698;17650;2754;20404;19166;952;286;1238;0,0606743775730249;0,053937677053824365;0,10384894698620188;-0,7380442541042114;1;0
2017-05-01;19;2017-05-01 19:00:00;25,78;26,72;-0,9399999999999976;40774;846;51303;15992;17550;937;18487;16838;1558;91;1649;0,08919781468058635;0,08877492877492878;0,09711846318036287;-0,03646237393328152;1;0
2017-05-01;20;2017-05-01 20:00:00;24,9;29,31;-4,41;40774;67;51303;15986;17699;83;17782;16053;1713;16;1729;0,09723315712518277;0,09678512910333917;0,1927710843373494;-0,17710843373493979;1;0
2017-05-01;21;2017-05-01 21:00:00;22,98;27,62;-4,6400000000000015;40774;0;51303;16080;17790;0;17790;16080;1710;0;1710;0,09612141652613827;0,09612141652613827;;-0,20191470844212364;1;0
2017-05-01;22;2017-05-01 22:00:00;22,09;27,3;-5,210000000000001;40774;0;51303;15852;17762;0;17762;15852;1910;0;1910;0,1075329354802387;0,1075329354802387;;-0,23585332729741967;1;0
2017-05-01;23;2017-05-01 23:00:00;12,05;22,35;-10,3;40774;0;51303;15444;17593;0;17593;15444;2149;0;2149;0,1221508554538737;0,1221508554538737;;-0,8547717842323651;1;0
2017-05-02;0;2017-05-02 00:00:00;13,47;22,08;-8,609999999999998;40802;0;51303;15016;17381;0;17381;15016;2365;0;2365;0,13606812036131408;0,13606812036131408;;-0,639198218262806;1;1
2017-05-02;1;2017-05-02 01:00:00;12,01;18,1;-6,0900000000000025;40802;0;51303;14867;16926;0;16926;14867;2059;0;2059;0,12164717003426681;0,12164717003426681;;-0,5070774354704415;1;1
2017-05-02;2;2017-05-02 02:00:00;10,41;16,31;-5,899999999999999;40802;0;51303;15098;16494;0;16494;15098;1396;0;1396;0,08463683763792894;0,08463683763792894;;-0,5667627281460133;1;1
2017-05-02;3;2017-05-02 03:00:00;12,03;13,95;-1,92;40802;0;51303;15590;16257;0;16257;15590;667;0;667;0,041028480039367654;0,041028480039367654;;-0,1596009975062344;1;1
2017-05-02;4;2017-05-02 04:00:00;9,69;13,83;-4,1400000000000015;40802;0;51303;16079;16162;0;16162;16079;83;0;83;0,005135503031802995;0,005135503031802995;;-0,4272445820433438;1;1
2017-05-02;5;2017-05-02 05:00:00;25,03;22,29;2,740000000000002;40802;10;51303;16568;16131;9;16140;16578;-437;-1;-438;-0,027137546468401486;-0,027090694935217905;-0,1111111111111111;0,10946863763483827;1;1
2017-05-02;6;2017-05-02 06:00:00;33,95;32,3;1,6500000000000057;40802;339;51303;16929;16095;355;16450;17268;-834;16;-818;-0,04972644376899696;-0,05181733457595526;0,04507042253521127;0,048600883652430205;1;1
2017-05-02;7;2017-05-02 07:00:00;38,97;36,4;2,5700000000000003;40802;1604;51303;16986;16137;1668;17805;18590;-849;64;-785;-0,044088739118225216;-0,05261200966722439;0,03836930455635491;0,06594816525532461;1;1
2017-05-02;8;2017-05-02 08:00:00;39,98;38,17;1,8099999999999952;40802;3446;51303;17596;16464;3766;20230;21042;-1132;320;-812;-0,04013840830449827;-0,06875607385811468;0,0849707912904939;0,04527263631815896;1;1
2017-05-02;9;2017-05-02 09:00:00;35,84;36,67;-0,8299999999999983;40802;5639;51303;18116;17120;6118;23238;23755;-996;479;-517;-0,022248042000172132;-0,05817757009345794;0,07829355998692383;-0,023158482142857092;1;1
2017-05-02;10;2017-05-02 10:00:00;34,85;37,14;-2,289999999999999;40802;7956;51303;18696;17793;8197;25990;26652;-903;241;-662;-0,02547133512889573;-0,050750295059855;0,029401000365987556;-0,06571018651362981;1;1
2017-05-02;11;2017-05-02 11:00:00;33,47;36,4;-2,93;40802;10002;51303;19577;18425;9846;28271;29579;-1152;-156;-1308;-0,0462664921651162;-0,06252374491180461;-0,015843997562461912;-0,08754108156558113;1;1
2017-05-02;12;2017-05-02 12:00:00;31,04;34,38;-3,3400000000000034;40802;11444;51303;20424;18921;10966;29887;31868;-1503;-478;-1981;-0,06628299929735336;-0,07943554780402727;-0,043589275943826375;-0,10760309278350527;1;1
2017-05-02;13;2017-05-02 13:00:00;30,78;31,51;-0,7300000000000004;40802;11714;51303;20452;19110;11410;30520;32166;-1342;-304;-1646;-0,053931847968545214;-0,07022501308215594;-0,026643295354951798;-0,02371669915529566;1;1
2017-05-02;14;2017-05-02 14:00:00;30,4;32,26;-1,8599999999999997;40802;11300;51303;19884;18856;11194;30050;31184;-1028;-106;-1134;-0,03773710482529118;-0,054518455663979636;-0,009469358584956226;-0,06118421052631578;1;1
2017-05-02;15;2017-05-02 15:00:00;30,41;34,97;-4,559999999999999;40802;9900;51303;19167;18142;10257;28399;29067;-1025;357;-668;-0,02352195499841544;-0,05649873222356962;0,03480549868382568;-0,1499506741203551;1;1
2017-05-02;16;2017-05-02 16:00:00;30,43;35,38;-4,950000000000003;40802;8096;51303;17542;17394;8577;25971;25638;-148;481;333;0,012821993762273306;-0,008508681154421065;0,05608021452722397;-0,16266841932303658;1;1
2017-05-02;17;2017-05-02 17:00:00;31,02;38,9;-7,879999999999999;40802;5680;51303;16592;16770;6200;22970;22272;178;520;698;0,030387461906835;0,010614192009540847;0,08387096774193549;-0,2540296582849774;1;1
2017-05-02;18;2017-05-02 18:00:00;34,97;41,96;-6,990000000000002;40802;2943;51303;15987;16350;3408;19758;18930;363;465;828;0,04190707561494078;0,02220183486238532;0,136443661971831;-0,19988561624249362;1;1
2017-05-02;19;2017-05-02 19:00:00;38,52;44,1;-5,579999999999997;40802;945;51303;15306;16101;1084;17185;16251;795;139;934;0,054349723596159444;0,04937581516675983;0,1282287822878229;-0,14485981308411208;1;1
2017-05-02;20;2017-05-02 20:00:00;38,57;42,75;-4,18;40802;52;51303;14936;15924;101;16025;14988;988;49;1037;0,06471138845553823;0,06204471238382316;0,48514851485148514;-0,1083743842364532;1;1
2017-05-02;21;2017-05-02 21:00:00;35,23;40,84;-5,610000000000007;40802;0;51303;15312;15685;0;15685;15312;373;0;373;0,02378068218042716;0,02378068218042716;;-0,15923928470053955;1;1
2017-05-02;22;2017-05-02 22:00:00;33,34;37,78;-4,439999999999999;40802;0;51303;14582;15483;0;15483;14582;901;0;901;0,05819285668152167;0,05819285668152167;;-0,13317336532693455;1;1
2017-05-02;23;2017-05-02 23:00:00;28,46;33,7;-5,240000000000002;40802;0;51303;14580;15183;0;15183;14580;603;0;603;0,03971547125074096;0,03971547125074096;;-0,18411806043569928;1;1
2017-05-03;0;2017-05-03 00:00:00;28,59;31,3;-2,7100000000000013;40825;0;51308;13982;15306;0;15306;13982;1324;0;1324;0,08650202534953613;0,08650202534953613;;-0,09478838754809378;1;2
2017-05-03;1;2017-05-03 01:00:00;27,43;29,44;-2,0100000000000016;40825;0;51308;13359;14630;0;14630;13359;1271;0;1271;0,08687628161312372;0,08687628161312372;;-0,07327743346700698;1;2
2017-05-03;2;2017-05-03 02:00:00;27,48;28,73;-1,25;40825;0;51308;12688;13945;0;13945;12688;1257;0;1257;0,09013983506633202;0,09013983506633202;;-0,04548762736535662;1;2
2017-05-03;3;2017-05-03 03:00:00;28,5;28,4;0,10000000000000142;40825;0;51308;11924;13213;0;13213;11924;1289;0;1289;0,09755543782638311;0,09755543782638311;;0,0035087719298246113;1;2
2017-05-03;4;2017-05-03 04:00:00;30,35;25,96;4,3900000000000015;40825;0;51308;10938;12484;0;12484;10938;1546;0;1546;0,12383851329702018;0,12383851329702018;;0,14464579901153216;1;2
2017-05-03;5;2017-05-03 05:00:00;31,95;32,24;-0,2900000000000027;40825;16;51308;10514;11792;17;11809;10530;1278;1;1279;0,10830722330425946;0,1083785617367707;0,058823529411764705;-0,00907668231611902;1;2
2017-05-03;6;2017-05-03 06:00:00;39,51;37,81;1,6999999999999955;40825;574;51308;10479;11138;639;11777;11053;659;65;724;0,06147575783306445;0,059166816304543006;0,10172143974960876;0,04302708175145522;1;2
2017-05-03;7;2017-05-03 07:00:00;44,99;42,6;2,390000000000001;40825;2591;51308;10294;10559;2862;13421;12885;265;271;536;0,03993741151926086;0,025097073586513873;0,0946890286512928;0,05312291620360082;1;2
2017-05-03;8;2017-05-03 08:00:00;45,0;41,1;3,899999999999999;40825;5501;51308;9721;10109;6219;16328;15222;388;718;1106;0,06773640372366486;0,03838164012266297;0,11545264511979418;0,08666666666666664;1;2
2017-05-03;9;2017-05-03 09:00:00;39,73;43,61;-3,8800000000000026;40825;8900;51308;9102;9919;9822;19741;18002;817;922;1739;0,08809077554328555;0,08236717411029337;0,09387090205660761;-0,09765919959728173;1;2
2017-05-03;10;2017-05-03 10:00:00;38,97;40,71;-1,740000000000002;40825;12207;51308;9032;9919;12635;22554;21239;887;428;1315;0,05830451361177618;0,08942433713075915;0,033874159081915316;-0,0446497305619708;1;2
2017-05-03;11;2017-05-03 11:00:00;38,48;39,78;-1,3000000000000045;40825;14263;51308;9600;10146;14419;24565;23863;546;156;702;0,02857724404640749;0,05381431105854524;0,010819058187114225;-0,033783783783783904;1;2
2017-05-03;12;2017-05-03 12:00:00;34,27;34,04;0,230000000000004;40825;15071;51308;10519;10579;15275;25854;25590;60;204;264;0,010211185889997679;0,0056716135740618205;0,013355155482815058;0,0067114093959732704;1;2
2017-05-03;13;2017-05-03 13:00:00;33,94;35,75;-1,8100000000000025;40825;15004;51308;11300;11200;15052;26252;26304;-100;48;-52;-0,0019808014627456954;-0,008928571428571428;0,0031889449906989105;-0,05332940483205665;1;2
2017-05-03;14;2017-05-03 14:00:00;34,01;35,26;-1,25;40825;14327;51308;12662;11997;13954;25951;26989;-665;-373;-1038;-0,03999845863357867;-0,055430524297741104;-0,02673068654149348;-0,03675389591296677;1;2
2017-05-03;15;2017-05-03 15:00:00;32,83;32,91;-0,0799999999999983;40825;12933;51308;13984;12913;12064;24977;26917;-1071;-869;-1940;-0,07767145774112183;-0,08293967319755285;-0,07203249336870027;-0,0024367956137678433;1;2
2017-05-03;16;2017-05-03 16:00:00;31,79;32,81;-1,0200000000000031;40825;10822;51308;15088;13742;9628;23370;25910;-1346;-1194;-2540;-0,10868635002139496;-0,09794789695823024;-0,12401329455754051;-0,032085561497326304;1;2
2017-05-03;17;2017-05-03 17:00:00;32,43;30,67;1,759999999999998;40825;7821;51308;16172;14423;6810;21233;23993;-1749;-1011;-2760;-0,12998634201478831;-0,12126464674478264;-0,14845814977973568;0,0542707369719395;1;2
2017-05-03;18;2017-05-03 18:00:00;34,9;32,68;2,2199999999999993;40825;4437;51308;16399;14907;3855;18762;20836;-1492;-582;-2074;-0,11054258607824326;-0,10008720735225062;-0,1509727626459144;0,06361031518624641;1;2
2017-05-03;19;2017-05-03 19:00:00;37,66;35,48;2,18;40825;1514;51308;15829;15279;1359;16638;17343;-550;-155;-705;-0,0423728813559322;-0,03599712023038157;-0,11405445180279618;0,05788635156664897;1;2
2017-05-03;20;2017-05-03 20:00:00;38,94;38,12;0,8200000000000003;40825;116;51308;15713;15627;134;15761;15829;-86;18;-68;-0,004314447052851976;-0,005503295578165995;0,13432835820895522;0,02105803800719056;1;2
2017-05-03;21;2017-05-03 21:00:00;36,97;37,2;-0,230000000000004;40825;0;51308;16387;15854;0;15854;16387;-533;0;-533;-0,033619275892519236;-0,033619275892519236;;-0,006221260481471572;1;2
2017-05-03;22;2017-05-03 22:00:00;30,52;33,71;-3,1900000000000013;40825;0;51308;16167;15917;0;15917;16167;-250;0;-250;-0,01570647735125966;-0,01570647735125966;;-0,10452162516382704;1;2
2017-05-03;23;2017-05-03 23:00:00;28,6;30,12;-1,5199999999999996;40825;0;51308;15928;15830;0;15830;15928;-98;0;-98;-0,006190777005685408;-0,006190777005685408;;-0,05314685314685313;1;2
2017-05-04;0;2017-05-04 00:00:00;26,91;31,74;-4,829999999999998;40838;0;51329;15951;18006;0;18006;15951;2055;0;2055;0,11412862379206931;0,11412862379206931;;-0,17948717948717943;1;3
2017-05-04;1;2017-05-04 01:00:00;26,26;29,39;-3,129999999999999;40838;0;51329;15811;17681;0;17681;15811;1870;0;1870;0,10576324868502912;0,10576324868502912;;-0,11919268849961914;1;3
2017-05-04;2;2017-05-04 02:00:00;24,57;28,5;-3,93;40838;0;51329;15566;17468;0;17468;15566;1902;0;1902;0,10888481795282803;0,10888481795282803;;-0,15995115995115997;1;3
2017-05-04;3;2017-05-04 03:00:00;24,82;29,12;-4,300000000000002;40838;0;51329;15401;17445;0;17445;15401;2044;0;2044;0,11716824304958441;0,11716824304958441;;-0,17324738114423857;1;3
2017-05-04;4;2017-05-04 04:00:00;25,8;30,06;-4,259999999999998;40838;0;51329;15154;17455;0;17455;15154;2301;0;2301;0,1318246920653108;0,1318246920653108;;-0,16511627906976736;1;3
2017-05-04;5;2017-05-04 05:00:00;27,57;33,58;-6,009999999999998;40838;8;51329;14877;17490;10;17500;14885;2613;2;2615;0,14942857142857144;0,14939965694682675;0,2;-0,21799056945955742;1;3
2017-05-04;6;2017-05-04 06:00:00;33,23;41,34;-8,110000000000008;40838;410;51329;15108;17515;405;17920;15518;2407;-5;2402;0,13404017857142858;0,13742506423065942;-0,012345679012345678;-0,24405657538368972;1;3
2017-05-04;7;2017-05-04 07:00:00;38,94;46,62;-7,68;40838;2026;51329;14848;17573;1861;19434;16874;2725;-165;2560;0,13172789955747657;0,1550674329937973;-0,08866200967221924;-0,19722650231124808;1;3
2017-05-04;8;2017-05-04 08:00:00;39,91;49,46;-9,550000000000004;40838;4276;51329;14511;17788;3947;21735;18787;3277;-329;2948;0,1356337704163791;0,18422532044074658;-0,08335444641499873;-0,23928839889751954;1;3
2017-05-04;9;2017-05-04 09:00:00;39,14;51,38;-12,240000000000002;40838;6568;51329;14112;18191;6114;24305;20680;4079;-454;3625;0,1491462662003703;0,22423176295970534;-0,07425580634609094;-0,31272355646397554;1;3
2017-05-04;10;2017-05-04 10:00:00;38,94;47,41;-8,469999999999999;40838;8742;51329;14036;18602;7813;26415;22778;4566;-929;3637;0,13768692031042967;0,2454574776905709;-0,11890439011903238;-0,2175141242937853;1;3
2017-05-04;11;2017-05-04 11:00:00;38,95;45,61;-6,6599999999999975;40838;10120;51329;14787;18977;8967;27944;24907;4190;-1153;3037;0,10868164901231034;0,22079359224324183;-0,1285825805732129;-0,17098844672657246;1;3
2017-05-04;12;2017-05-04 12:00:00;34,17;41,23;-7,059999999999995;40838;10666;51329;15428;19317;9669;28986;26094;3889;-997;2892;0,09977230387083419;0,20132525754516747;-0,10311304167959458;-0,2066139888791336;1;3
2017-05-04;13;2017-05-04 13:00:00;31,94;38,37;-6,429999999999996;40838;10457;51329;16068;19581;9816;29397;26525;3513;-641;2872;0,09769704391604586;0,17940861038762065;-0,06530154849225754;-0,20131496556042566;1;3
2017-05-04;14;2017-05-04 14:00:00;30,46;36,31;-5,850000000000001;40838;9639;51329;16483;19668;9352;29020;26122;3185;-287;2898;0,09986216402481048;0,16193817368314012;-0,030688622754491017;-0,19205515430072229;1;3
2017-05-04;15;2017-05-04 15:00:00;30,4;35,4;-5,0;40838;7992;51329;17169;19554;8294;27848;25161;2385;302;2687;0,09648807813846595;0,12196992942620435;0,03641186399807089;-0,16447368421052633;1;3
2017-05-04;16;2017-05-04 16:00:00;29,79;35,08;-5,289999999999999;40838;6040;51329;17648;19472;6674;26146;23688;1824;634;2458;0,09401055610800887;0,09367296631059983;0,09499550494456098;-0,17757636790869416;1;3
2017-05-04;17;2017-05-04 17:00:00;34,4;37,17;-2,770000000000003;40838;4145;51329;17302;19391;4719;24110;21447;2089;574;2663;0,11045209456656989;0,10773039038729307;0,121635939817758;-0,08052325581395359;1;3
2017-05-04;18;2017-05-04 18:00:00;36,97;42,32;-5,350000000000001;40838;2339;51329;16964;19276;2664;21940;19303;2312;325;2637;0,12019143117593437;0,1199418966590579;0,121996996996997;-0,1447119285907493;1;3
2017-05-04;19;2017-05-04 19:00:00;38,97;46,2;-7,230000000000004;40838;861;51329;17049;19159;930;20089;17910;2110;69;2179;0,1084673204241127;0,11013100892530925;0,07419354838709677;-0,18552732871439578;1;3
2017-05-04;20;2017-05-04 20:00:00;38,95;43,34;-4,3900000000000015;40838;68;51329;16308;18913;98;19011;16376;2605;30;2635;0,13860396612487508;0,13773594881827314;0,30612244897959184;-0,11270860077021826;1;3
2017-05-04;21;2017-05-04 21:00:00;36,54;38,96;-2,4200000000000017;40838;0;51329;15251;18402;0;18402;15251;3151;0;3151;0,17123138789262038;0,17123138789262038;;-0,06622879036672145;1;3
2017-05-04;22;2017-05-04 22:00:00;32,23;35,55;-3,3200000000000003;40838;0;51329;13938;17640;0;17640;13938;3702;0;3702;0,2098639455782313;0,2098639455782313;;-0,10300961836798016;1;3
2017-05-04;23;2017-05-04 23:00:00;26,97;32,94;-5,969999999999999;40838;0;51329;13643;16643;0;16643;13643;3000;0;3000;0,18025596346812472;0,18025596346812472;;-0,22135706340378195;1;3
2017-05-05;0;2017-05-05 00:00:00;28,97;30,99;-2,02;40843;0;51334;13209;13779;0;13779;13209;570;0;570;0,04136729806226867;0,04136729806226867;;-0,06972730410769762;1;4
2017-05-05;1;2017-05-05 01:00:00;28,82;27,33;1,490000000000002;40843;0;51334;12555;13163;0;13163;12555;608;0;608;0,04619007824963914;0,04619007824963914;;0,051700208188757875;1;4
2017-05-05;2;2017-05-05 02:00:00;28,42;26,74;1,6800000000000033;40843;0;51334;11878;12603;0;12603;11878;725;0;725;0,05752598587637864;0,05752598587637864;;0,059113300492610946;1;4
2017-05-05;3;2017-05-05 03:00:00;28,61;24,95;3,66;40843;0;51334;11430;12185;0;12185;11430;755;0;755;0,06196142798522774;0,06196142798522774;;0,12792729814750087;1;4
2017-05-05;4;2017-05-05 04:00:00;29,4;26,21;3,1899999999999977;40843;0;51334;10711;11787;0;11787;10711;1076;0;1076;0,09128701111393908;0,09128701111393908;;0,10850340136054415;1;4
2017-05-05;5;2017-05-05 05:00:00;30,99;30,9;0,08999999999999986;40843;8;51334;9964;11345;11;11356;9972;1381;3;1384;0,12187389926030293;0,12172763331864257;0,2727272727272727;0,0029041626331074498;1;4
2017-05-05;6;2017-05-05 06:00:00;37,17;38,51;-1,3399999999999963;40843;220;51334;9868;10832;376;11208;10088;964;156;1120;0,09992862241256245;0,08899556868537666;0,4148936170212766;-0,03605057842345968;1;4
2017-05-05;7;2017-05-05 07:00:00;43,82;44,92;-1,1000000000000014;40843;1226;51334;9098;10356;1660;12016;10324;1258;434;1692;0,1408122503328895;0,12147547315565856;0,26144578313253014;-0,02510269283432226;1;4
2017-05-05;8;2017-05-05 08:00:00;48,98;53,03;-4,050000000000004;40843;2870;51334;8471;9887;3459;13346;11341;1416;589;2005;0,1502322793346321;0,14321836755335288;0,1702804278693264;-0,08268681094324223;1;4
2017-05-05;9;2017-05-05 09:00:00;49,91;52,97;-3,0600000000000023;40843;4728;51334;7938;9443;5352;14795;12666;1505;624;2129;0,14389996620479892;0,15937731653076354;0,11659192825112108;-0,061310358645562064;1;4
2017-05-05;10;2017-05-05 10:00:00;47,9;47,83;0,07000000000000027;40843;6592;51334;7236;9019;7213;16232;13828;1783;621;2404;0,14810251355347462;0,1976937576227963;0,08609455150422847;0,00146137787056368;1;4
2017-05-05;11;2017-05-05 11:00:00;46,38;48,23;-1,8499999999999943;40843;8136;51334;6240;8588;8950;17538;14376;2348;814;3162;0,18029421826890182;0,2734047508150908;0,09094972067039106;-0,0398878827080637;1;4
2017-05-05;12;2017-05-05 12:00:00;42,0;50,9;-8,899999999999997;40843;9150;51334;5542;8132;10477;18609;14692;2590;1327;3917;0,21048954806813908;0,31849483521888833;0,12665839457860076;-0,21190476190476182;1;4
2017-05-05;13;2017-05-05 13:00:00;40,09;46,36;-6,269999999999996;40843;9933;51334;4706;7601;11420;19021;14639;2895;1487;4382;0,2303769517901267;0,38087093803446914;0,13021015761821367;-0,15639810426540274;1;4
2017-05-05;14;2017-05-05 14:00:00;36,97;43,17;-6,200000000000002;40843;9942;51334;4003;6972;11613;18585;13945;2969;1671;4640;0,24966370729082593;0,42584624211130234;0,14389046757943683;-0,16770354341357863;1;4
2017-05-05;15;2017-05-05 15:00:00;35,37;41,65;-6,280000000000001;40843;9686;51334;3810;6359;10949;17308;13496;2549;1263;3812;0,2202449734226947;0,40084919012423337;0,11535300027399763;-0,17755159739892568;1;4
2017-05-05;16;2017-05-05 16:00:00;34,9;41,05;-6,149999999999999;40843;8598;51334;2974;5873;9323;15196;11572;2899;725;3624;0,23848381152934983;0,49361484760769625;0,07776466802531375;-0,1762177650429799;1;4
2017-05-05;17;2017-05-05 17:00:00;37,67;40,91;-3,2399999999999953;40843;6764;51334;2659;5547;6871;12418;9423;2888;107;2995;0,24118215493638268;0,5206417883540653;0,015572696841798865;-0,08601008760286688;1;4
2017-05-05;18;2017-05-05 18:00:00;40,33;41,75;-1,4200000000000017;40843;4180;51334;2668;5391;3932;9323;6848;2723;-248;2475;0,2654724873967607;0,5051010944166203;-0,06307222787385554;-0,0352095214480536;1;4
2017-05-05;19;2017-05-05 19:00:00;42,09;42,95;-0,8599999999999994;40843;1604;51334;2994;5299;1406;6705;4598;2305;-198;2107;0,31424310216256524;0,43498773353462916;-0,14082503556187767;-0,020432406747445935;1;4
2017-05-05;20;2017-05-05 20:00:00;41,16;42,11;-0,9500000000000028;40843;162;51334;3326;5246;156;5402;3488;1920;-6;1914;0,35431321732691595;0,3659931376286695;-0,038461538461538464;-0,023080660835762948;1;4
2017-05-05;21;2017-05-05 21:00:00;38,98;42,56;-3,5800000000000054;40843;0;51334;3997;5249;0;5249;3997;1252;0;1252;0,2385216231663174;0,2385216231663174;;-0,09184197024114946;1;4
2017-05-05;22;2017-05-05 22:00:00;39,27;37,3;1,970000000000006;40843;0;51334;4225;5226;0;5226;4225;1001;0;1001;0,19154228855721392;0,19154228855721392;;0,050165520753756195;1;4
2017-05-05;23;2017-05-05 23:00:00;34,9;30,81;4,09;40843;0;51334;4364;5004;0;5004;4364;640;0;640;0,1278976818545164;0,1278976818545164;;0,1171919770773639;1;4
2017-05-06;0;2017-05-06 00:00:00;37,04;31,79;5,25;40844;0;51340;4678;4151;0;4151;4678;-527;0;-527;-0,1269573596723681;-0,1269573596723681;;0,14173866090712745;1;5
2017-05-06;1;2017-05-06 01:00:00;32,47;29,88;2,59;40844;0;51340;4648;3982;0;3982;4648;-666;0;-666;-0,16725263686589653;-0,16725263686589653;;0,07976593778872805;1;5
2017-05-06;2;2017-05-06 02:00:00;31,04;23,89;7,149999999999999;40844;0;51340;4606;3872;0;3872;4606;-734;0;-734;-0,18956611570247933;-0,18956611570247933;;0,23034793814432986;1;5
2017-05-06;3;2017-05-06 03:00:00;30,71;25,55;5,16;40844;0;51340;4601;3890;0;3890;4601;-711;0;-711;-0,1827763496143959;-0,1827763496143959;;0,16802344513187886;1;5
2017-05-06;4;2017-05-06 04:00:00;30,57;25,47;5,100000000000001;40844;0;51340;4468;3938;0;3938;4468;-530;0;-530;-0,1345860843067547;-0,1345860843067547;;0,1668302257114819;1;5
2017-05-06;5;2017-05-06 05:00:00;30,86;26,08;4,780000000000001;40844;17;51340;4438;3884;26;3910;4455;-554;9;-545;-0,13938618925831203;-0,14263645726055613;0,34615384615384615;0,15489306545690218;1;5
2017-05-06;6;2017-05-06 06:00:00;30,92;27,59;3,330000000000002;40844;764;51340;4410;3708;792;4500;5174;-702;28;-674;-0,1497777777777778;-0,18932038834951456;0,03535353535353535;0,10769728331177236;1;5
2017-05-06;7;2017-05-06 07:00:00;31,14;28,45;2,6900000000000013;40844;3412;51340;4147;3433;3481;6914;7559;-714;69;-645;-0,09328897888342494;-0,2079813574133411;0,01982189026141913;0,08638407193320492;1;5
2017-05-06;8;2017-05-06 08:00:00;33,92;30,48;3,4400000000000013;40844;7509;51340;3410;3089;7462;10551;10919;-321;-47;-368;-0,03487821059615202;-0,10391712528326319;-0,006298579469311177;0,10141509433962267;1;5
2017-05-06;9;2017-05-06 09:00:00;33,06;31,39;1,6700000000000017;40844;12136;51340;3188;2966;11584;14550;15324;-222;-552;-774;-0,053195876288659794;-0,07484828051247472;-0,04765193370165746;0,050514216575922616;1;5
2017-05-06;10;2017-05-06 10:00:00;31,53;27,83;3,700000000000003;40844;16056;51340;3413;3087;14710;17797;19469;-326;-1346;-1672;-0,0939484182727426;-0,10560414642047296;-0,09150237933378653;0,11734855692990812;1;5
2017-05-06;11;2017-05-06 11:00:00;30,64;27,85;2,7899999999999987;40844;18763;51340;3769;3305;16547;19852;22532;-464;-2216;-2680;-0,13499899254483175;-0,14039334341906204;-0,13392155677766363;0,09105744125326366;1;5
2017-05-06;12;2017-05-06 12:00:00;30,79;25,4;5,3900000000000015;40844;20242;51340;3991;3532;17289;20821;24233;-459;-2953;-3412;-0,16387301282359157;-0,1299546998867497;-0,1708022442015154;0,17505683663527125;1;5
2017-05-06;13;2017-05-06 13:00:00;30,1;24,28;5,82;40844;20218;51340;4003;3694;17122;20816;24221;-309;-3096;-3405;-0,163576095311299;-0,0836491608012994;-0,1808199976638243;0,19335548172757475;1;5
2017-05-06;14;2017-05-06 14:00:00;29,6;23,62;5,98;40844;18997;51340;4178;3742;15830;19572;23175;-436;-3167;-3603;-0,18408951563458;-0,11651523249599145;-0,20006317119393557;0,20202702702702705;1;5
2017-05-06;15;2017-05-06 15:00:00;28,93;24,7;4,23;40844;16486;51340;4342;3820;13671;17491;20828;-522;-2815;-3337;-0,1907838316848665;-0,13664921465968585;-0,2059103211176944;0,14621500172830973;1;5
2017-05-06;16;2017-05-06 16:00:00;28,28;26,18;2,1000000000000014;40844;12928;51340;4484;4054;10804;14858;17412;-430;-2124;-2554;-0,17189392919639251;-0,10606808090774544;-0,1965938541281007;0,07425742574257431;1;5
2017-05-06;17;2017-05-06 17:00:00;31,02;27,95;3,0700000000000003;40844;9091;51340;4527;4411;7379;11790;13618;-116;-1712;-1828;-0,15504664970313825;-0,02629789163454999;-0,23200975741970456;0,09896840747904578;1;5
2017-05-06;18;2017-05-06 18:00:00;33,82;33,09;0,7299999999999969;40844;4996;51340;4376;4844;4040;8884;9372;468;-956;-488;-0,054930211616389016;0,09661436829066887;-0,23663366336633662;0,021584861028976846;1;5
2017-05-06;19;2017-05-06 19:00:00;37,94;35,83;2,1099999999999994;40844;1827;51340;4450;5381;1507;6888;6277;931;-320;611;0,08870499419279908;0,1730161679985133;-0,21234240212342403;0,05561412756984711;1;5
2017-05-06;20;2017-05-06 20:00:00;39,9;37,59;2,309999999999995;40844;189;51340;4608;5910;191;6101;4797;1302;2;1304;0,21373545320439272;0,22030456852791877;0,010471204188481676;0,057894736842105145;1;5
2017-05-06;21;2017-05-06 21:00:00;39,5;37,36;2,140000000000001;40844;0;51340;5425;6316;0;6316;5425;891;0;891;0,14107029765674478;0,14107029765674478;;0,054177215189873444;1;5
2017-05-06;22;2017-05-06 22:00:00;38,92;34,0;4,920000000000002;40844;0;51340;5776;6481;0;6481;5776;705;0;705;0,10877950933497917;0,10877950933497917;;0,12641315519013366;1;5
2017-05-06;23;2017-05-06 23:00:00;33,93;27,02;6,91;40844;0;51340;5396;6165;0;6165;5396;769;0;769;0,12473641524736415;0,12473641524736415;;0,2036545829649278;1;5
2017-05-07;0;2017-05-07 00:00:00;28,31;24,33;3,98;40844;0;51358;4835;4555;0;4555;4835;-280;0;-280;-0,06147091108671789;-0,06147091108671789;;0,14058636524196397;1;6
2017-05-07;1;2017-05-07 01:00:00;26,73;22,56;4,170000000000002;40844;0;51358;4033;3892;0;3892;4033;-141;0;-141;-0,03622816032887975;-0,03622816032887975;;0,15600448933782274;1;6
2017-05-07;2;2017-05-07 02:00:00;26,48;22,83;3,6500000000000017;40844;0;51358;3207;3339;0;3339;3207;132;0;132;0,039532794249775384;0,039532794249775384;;0,1378398791540786;1;6
2017-05-07;3;2017-05-07 03:00:00;26,17;23,38;2,7900000000000027;40844;0;51358;2458;2906;0;2906;2458;448;0;448;0,15416379903647626;0,15416379903647626;;0,10661062285059238;1;6
2017-05-07;4;2017-05-07 04:00:00;26,83;24,67;2,1599999999999966;40844;0;51358;2055;2576;0;2576;2055;521;0;521;0,20225155279503104;0,20225155279503104;;0,08050689526649261;1;6
2017-05-07;5;2017-05-07 05:00:00;26,25;24,14;2,1099999999999994;40844;22;51358;1783;2250;31;2281;1805;467;9;476;0,208680403331872;0,20755555555555555;0,2903225806451613;0,08038095238095236;1;6
2017-05-07;6;2017-05-07 06:00:00;25,43;23,48;1,9499999999999995;40844;588;51358;1672;1918;646;2564;2260;246;58;304;0,11856474258970359;0,12825860271115747;0,08978328173374613;0,07668108533228468;1;6
2017-05-07;7;2017-05-07 07:00:00;26,66;24,61;2,0500000000000007;40844;2248;51358;1332;1623;2369;3992;3580;291;121;412;0,10320641282565131;0,17929759704251386;0,05107640354579992;0,076894223555889;1;6
2017-05-07;8;2017-05-07 08:00:00;28,66;25,26;3,3999999999999986;40844;4511;51358;1072;1430;4631;6061;5583;358;120;478;0,07886487378320409;0,25034965034965034;0,0259123299503347;0,11863224005582688;1;6
2017-05-07;9;2017-05-07 09:00:00;30,06;29,7;0,35999999999999943;40844;7216;51358;1096;1465;6937;8402;8312;369;-279;90;0,010711735301118781;0,25187713310580206;-0,040219114891163324;0,011976047904191598;1;6
2017-05-07;10;2017-05-07 10:00:00;30,33;28,87;1,4599999999999973;40844;9765;51358;1455;1676;9026;10702;11220;221;-739;-518;-0,048402167819099236;0,1318615751789976;-0,08187458453356969;0,04813715792944271;1;6
2017-05-07;11;2017-05-07 11:00:00;30,18;28,66;1,5199999999999996;40844;11528;51358;1916;2024;10717;12741;13444;108;-811;-703;-0,05517620280982655;0,0533596837944664;-0,07567416254548848;0,050364479787939016;1;6
2017-05-07;12;2017-05-07 12:00:00;29,5;27,03;2,4699999999999993;40844;12952;51358;2352;2488;11644;14132;15304;136;-1308;-1172;-0,0829323521086895;0,05466237942122187;-0,11233253177602198;0,083728813559322;1;6
2017-05-07;13;2017-05-07 13:00:00;27,06;27,27;-0,21000000000000085;40844;13745;51358;2682;3025;11758;14783;16427;343;-1987;-1644;-0,11120882094297505;0,11338842975206612;-0,1689913250552815;-0,007760532150776085;1;6
2017-05-07;14;2017-05-07 14:00:00;24,0;25,0;-1,0;40844;13494;51358;3301;3634;11295;14929;16795;333;-2199;-1866;-0,12499162703463058;0,09163456246560264;-0,1946879150066401;-0,041666666666666664;1;6
2017-05-07;15;2017-05-07 15:00:00;24,15;25,08;-0,9299999999999996;40844;12062;51358;4235;4289;10143;14432;16297;54;-1919;-1865;-0,12922671840354769;0,012590347400326416;-0,18919451838706497;-0,03850931677018632;1;6
2017-05-07;16;2017-05-07 16:00:00;25,51;24,63;0,8800000000000026;40844;9890;51358;5378;4869;8282;13151;15268;-509;-1608;-2117;-0,16097635160824272;-0,10453891969603615;-0,19415600096595026;0,03449627597020786;1;6
2017-05-07;17;2017-05-07 17:00:00;27,4;26,28;1,1199999999999974;40844;7004;51358;6292;5335;5895;11230;13296;-957;-1109;-2066;-0,18397150489759573;-0,17938144329896907;-0,18812553011026292;0,040875912408759034;1;6
2017-05-07;18;2017-05-07 18:00:00;29,8;27,08;2,7200000000000024;40844;3854;51358;6753;5562;3357;8919;10607;-1191;-497;-1688;-0,1892588855252831;-0,21413160733549083;-0,14804885314268693;0,09127516778523498;1;6
2017-05-07;19;2017-05-07 19:00:00;31,18;28,76;2,4199999999999977;40844;1357;51358;7043;5692;1271;6963;8400;-1351;-86;-1437;-0,20637656182679878;-0,23735066760365425;-0,06766325727773406;0,07761385503527896;1;6
2017-05-07;20;2017-05-07 20:00:00;32,13;31,8;0,33000000000000185;40844;160;51358;7404;5852;172;6024;7564;-1552;12;-1540;-0,2556440903054449;-0,2652084757347915;0,06976744186046512;0,010270774976657387;1;6
2017-05-07;21;2017-05-07 21:00:00;32,01;32,49;-0,4800000000000039;40844;0;51358;7855;6162;0;6162;7855;-1693;0;-1693;-0,27474845829276207;-0,27474845829276207;;-0,014995313964386253;1;6
2017-05-07;22;2017-05-07 22:00:00;31,26;31,29;-0,02999999999999758;40844;0;51358;8130;6534;0;6534;8130;-1596;0;-1596;-0,24426078971533516;-0,24426078971533516;;-0,0009596928982724753;1;6
2017-05-07;23;2017-05-07 23:00:00;27,0;26,36;0,6400000000000006;40844;0;51358;8084;6743;0;6743;8084;-1341;0;-1341;-0,19887290523505857;-0,19887290523505857;;0,023703703703703723;1;6
2017-05-08;0;2017-05-08 00:00:00;27,48;26,67;0,8099999999999987;40847;0;51360;7739;5688;0;5688;7739;-2051;0;-2051;-0,36058368495077353;-0,36058368495077353;;0,029475982532751046;1;0
2017-05-08;1;2017-05-08 01:00:00;26,1;24,58;1,5200000000000031;40847;0;51360;7083;5612;0;5612;7083;-1471;0;-1471;-0,2621168923734854;-0,2621168923734854;;0,058237547892720426;1;0
2017-05-08;2;2017-05-08 02:00:00;25,81;24,66;1,1499999999999986;40847;0;51360;6774;5609;0;5609;6774;-1165;0;-1165;-0,20770190764842217;-0,20770190764842217;;0,044556373498643886;1;0
2017-05-08;3;2017-05-08 03:00:00;24,73;25,74;-1,009999999999998;40847;0;51360;6840;5834;0;5834;6840;-1006;0;-1006;-0,1724374357216318;-0,1724374357216318;;-0,040841083704003155;1;0
2017-05-08;4;2017-05-08 04:00:00;25,14;26,13;-0,9899999999999984;40847;0;51360;7071;6299;0;6299;7071;-772;0;-772;-0,12255913637085251;-0,12255913637085251;;-0,039379474940334065;1;0
2017-05-08;5;2017-05-08 05:00:00;27,91;28,04;-0,129999999999999;40847;18;51360;8232;7025;26;7051;8250;-1207;8;-1199;-0,17004680187207488;-0,1718149466192171;0,3076923076923077;-0,004657828735220315;1;0
2017-05-08;6;2017-05-08 06:00:00;32,0;29,29;2,7100000000000013;40847;343;51360;10000;7930;520;8450;10343;-2070;177;-1893;-0,22402366863905326;-0,2610340479192938;0,3403846153846154;0,08468750000000004;1;0
2017-05-08;7;2017-05-08 07:00:00;36,06;34,3;1,7600000000000051;40847;1358;51360;11544;8874;1841;10715;12902;-2670;483;-2187;-0,20410639290713953;-0,3008789722785666;0,2623574144486692;0,04880754298391583;1;0
2017-05-08;8;2017-05-08 08:00:00;40,02;37,24;2,780000000000001;40847;2755;51360;12614;9697;3535;13232;15369;-2917;780;-2137;-0,1615024183796856;-0,3008146849541095;0,22065063649222066;0,06946526736631686;1;0
2017-05-08;9;2017-05-08 09:00:00;39,93;37,32;2,6099999999999994;40847;4173;51360;13272;10318;5329;15647;17445;-2954;1156;-1798;-0,11491020642934748;-0,2862957937584803;0,21692625258022144;0,06536438767843725;1;0
2017-05-08;10;2017-05-08 10:00:00;38,97;37,44;1,5300000000000011;40847;5400;51360;14015;10892;7013;17905;19415;-3123;1613;-1510;-0,08433398492041329;-0,28672420124862286;0,23000142592328532;0,03926096997690534;1;0
2017-05-08;11;2017-05-08 11:00:00;39,98;42,11;-2,1300000000000026;40847;6486;51360;14436;11346;8511;19857;20922;-3090;2025;-1065;-0,053633479377549476;-0,2723426758328926;0,23792738808600636;-0,05327663831915965;1;0
2017-05-08;12;2017-05-08 12:00:00;40,55;40,59;-0,04000000000000625;40847;7246;51360;14676;11635;9627;21262;21922;-3041;2381;-660;-0,031041294327908947;-0,26136656639449934;0,24732523112080607;-0,000986436498150586;1;0
2017-05-08;13;2017-05-08 13:00:00;36,74;38,82;-2,0799999999999983;40847;7430;51360;14300;12005;9941;21946;21730;-2295;2511;216;0,009842340289802241;-0,19117034568929614;0,25259028266773964;-0,056614044637996686;1;0
2017-05-08;14;2017-05-08 14:00:00;32,06;39,07;-7,009999999999998;40847;7289;51360;14398;12408;9656;22064;21687;-1990;2367;377;0,01708665699782451;-0,16038039974210186;0,24513256006628004;-0,21865252651278844;1;0
2017-05-08;15;2017-05-08 15:00:00;31,44;36,4;-4,959999999999997;40847;6827;51360;14756;12771;8880;21651;21583;-1985;2053;68;0,003140732529675304;-0,15543027170934148;0,2311936936936937;-0,15776081424936378;1;0
2017-05-08;16;2017-05-08 16:00:00;31,05;33,59;-2,5400000000000027;40847;5988;51360;14732;13062;7492;20554;20720;-1670;1504;-166;-0,008076286854140313;-0,12785178380033685;0,200747463961559;-0,08180354267310798;1;0
2017-05-08;17;2017-05-08 17:00:00;32,41;34,04;-1,6300000000000026;40847;4551;51360;14828;13041;5617;18658;19379;-1787;1066;-721;-0,038642941365634044;-0,13702936891342687;0,1897810218978102;-0,050293119407590334;1;0
2017-05-08;18;2017-05-08 18:00:00;34,0;37,95;-3,950000000000003;40847;2739;51360;14285;12532;3422;15954;17024;-1753;683;-1070;-0,06706781998244954;-0,1398819023300351;0,19959088252483928;-0,11617647058823538;1;0
2017-05-08;19;2017-05-08 19:00:00;38,8;40,41;-1,6099999999999994;40847;1144;51360;12873;11807;1402;13209;14017;-1066;258;-808;-0,06117041411159058;-0,09028542390107563;0,1840228245363766;-0,041494845360824734;1;0
2017-05-08;20;2017-05-08 20:00:00;37,62;40,36;-2,740000000000002;40847;180;51360;10926;10892;203;11095;11106;-34;23;-11;-0,0009914375844975213;-0,0031215571061329415;0,11330049261083744;-0,07283359914938868;1;0
2017-05-08;21;2017-05-08 21:00:00;37,99;40,27;-2,2800000000000007;40847;1;51360;9496;10001;0;10001;9497;505;-1;504;0,05039496050394961;0,0504949505049495;-inf;-0,06001579362990262;1;0
2017-05-08;22;2017-05-08 22:00:00;35,07;39,96;-4,8900000000000015;40847;0;51360;8696;9267;0;9267;8696;571;0;571;0,061616488615517426;0,061616488615517426;;-0,13943541488451672;1;0
2017-05-08;23;2017-05-08 23:00:00;32,44;34,03;-1,5900000000000034;40847;0;51360;7869;8495;0;8495;7869;626;0;626;0,07369040612124779;0,07369040612124779;;-0,049013563501849676;1;0
2017-05-09;0;2017-05-09 00:00:00;30,81;32,22;-1,41;40850;0;51373;6426;6427;0;6427;6426;1;0;1;0,00015559358954411078;0,00015559358954411078;;-0,04576436222005842;1;1
2017-05-09;1;2017-05-09 01:00:00;30,56;31,12;-0,5600000000000023;40850;0;51373;4880;5122;0;5122;4880;242;0;242;0,04724716907458024;0,04724716907458024;;-0,018324607329843007;1;1
2017-05-09;2;2017-05-09 02:00:00;29,5;32,74;-3,240000000000002;40850;0;51373;3910;4147;0;4147;3910;237;0;237;0,057149746804919216;0,057149746804919216;;-0,10983050847457634;1;1
2017-05-09;3;2017-05-09 03:00:00;28,94;32,6;-3,66;40850;0;51373;3006;3455;0;3455;3006;449;0;449;0,12995658465991317;0,12995658465991317;;-0,12646855563234277;1;1
2017-05-09;4;2017-05-09 04:00:00;29,9;33,66;-3,759999999999998;40850;0;51373;2390;2945;0;2945;2390;555;0;555;0,18845500848896435;0,18845500848896435;;-0,12575250836120394;1;1
2017-05-09;5;2017-05-09 05:00:00;32,07;39,96;-7,8900000000000015;40850;34;51373;2063;2516;45;2561;2097;453;11;464;0,18117922686450605;0,1800476947535771;0,24444444444444444;-0,24602432179607114;1;1
2017-05-09;6;2017-05-09 06:00:00;42,83;47,41;-4,579999999999998;40850;915;51373;1764;2219;884;3103;2679;455;-31;424;0,1366419593941347;0,20504731861198738;-0,03506787330316742;-0,10693439178146155;1;1
2017-05-09;7;2017-05-09 07:00:00;50,45;53,53;-3,0799999999999983;40850;3592;51373;1326;1967;3552;5519;4918;641;-40;601;0,10889653922812104;0,32587697000508387;-0,01126126126126126;-0,061050545094152586;1;1
2017-05-09;8;2017-05-09 08:00:00;54,99;62,45;-7,460000000000001;40850;7746;51373;944;1882;7486;9368;8690;938;-260;678;0,07237403928266439;0,49840595111583424;-0,03473149879775581;-0,13566102927805057;1;1
2017-05-09;9;2017-05-09 09:00:00;48,65;56,75;-8,100000000000001;40850;12514;51373;1314;2316;11689;14005;13828;1002;-825;177;0,012638343448768297;0,4326424870466321;-0,07057917700402087;-0,16649537512846868;1;1
2017-05-09;10;2017-05-09 10:00:00;44,75;46,6;-1,8500000000000012;40850;16053;51373;1703;3010;14848;17858;17756;1307;-1205;102;0,005711725837159816;0,43421926910299;-0,08115571120689655;-0,041340782122905054;1;1
2017-05-09;11;2017-05-09 11:00:00;43,83;43,31;0,519999999999996;40850;17382;51373;2043;3690;16776;20466;19425;1647;-606;1041;0,050864849017883317;0,44634146341463415;-0,03612303290414878;0,011864020077572349;1;1
2017-05-09;12;2017-05-09 12:00:00;40,63;41,38;-0,75;40850;16760;51373;2424;4350;17601;21951;19184;1926;841;2767;0,1260534827570498;0,44275862068965516;0,04778137605817851;-0,018459266551809007;1;1
2017-05-09;13;2017-05-09 13:00:00;38,0;43,85;-5,850000000000001;40850;16056;51373;2932;5030;17611;22641;18988;2098;1555;3653;0,16134446358376398;0,4170974155069582;0,0882970870478678;-0,15394736842105267;1;1
2017-05-09;14;2017-05-09 14:00:00;35,57;42,49;-6,920000000000003;40850;15741;51373;3370;5713;16631;22344;19111;2343;890;3233;0,1446920873612603;0,4101172763871871;0,05351452107510071;-0,19454596570143387;1;1
2017-05-09;15;2017-05-09 15:00:00;36,2;40,46;-4,259999999999998;40850;14537;51373;3960;6450;14698;21148;18497;2490;161;2651;0,12535464346510308;0,386046511627907;0,010953871275003402;-0,11767955801104966;1;1
2017-05-09;16;2017-05-09 16:00:00;34,44;38,96;-4,520000000000003;40850;12283;51373;4424;7173;11973;19146;16707;2749;-310;2439;0,12738953306173614;0,38324271573957897;-0,025891589409504718;-0,13124274099883865;1;1
2017-05-09;17;2017-05-09 17:00:00;39,64;39,56;0,0799999999999983;40850;8960;51373;4528;7535;8610;16145;13488;3007;-350;2657;0,16457107463611026;0,39907100199071;-0,04065040650406504;0,0020181634712411276;1;1
2017-05-09;18;2017-05-09 18:00:00;44,9;43,79;1,1099999999999994;40850;5460;51373;4090;7495;4993;12488;9550;3405;-467;2938;0,23526585522101218;0,4543028685790527;-0,0935309433206489;0,024721603563474377;1;1
2017-05-09;19;2017-05-09 19:00:00;47,45;45,58;1,8700000000000043;40850;2225;51373;3614;7144;1981;9125;5839;3530;-244;3286;0,3601095890410959;0,4941209406494961;-0,12317011610297829;0,03940990516332991;1;1
2017-05-09;20;2017-05-09 20:00:00;49,12;47,4;1,7199999999999989;40850;303;51373;3278;6704;280;6984;3581;3426;-23;3403;0,4872565864833906;0,511038186157518;-0,08214285714285714;0,03501628664495112;1;1
2017-05-09;21;2017-05-09 21:00:00;46,93;45,99;0,9399999999999976;40850;0;51373;3282;6423;0;6423;3282;3141;0;3141;0,4890238206445586;0,4890238206445586;;0,020029831664180642;1;1
2017-05-09;22;2017-05-09 22:00:00;39,9;40,59;-0,6900000000000048;40850;0;51373;3976;6341;0;6341;3976;2365;0;2365;0,3729695631603848;0,3729695631603848;;-0,017293233082706888;1;1
2017-05-09;23;2017-05-09 23:00:00;34,06;36,6;-2,539999999999999;40850;0;51373;4849;6381;0;6381;4849;1532;0;1532;0,24008776053910044;0,24008776053910044;;-0,07457428068115088;1;1
2017-05-10;0;2017-05-10 00:00:00;32,06;34,81;-2,75;40854;0;51381;5625;6904;0;6904;5625;1279;0;1279;0,18525492468134414;0,18525492468134414;;-0,08577666874610106;1;2
2017-05-10;1;2017-05-10 01:00:00;30,99;33,57;-2,5800000000000023;40854;0;51381;6237;7501;0;7501;6237;1264;0;1264;0,16851086521797093;0,16851086521797093;;-0,08325266214908042;1;2
2017-05-10;2;2017-05-10 02:00:00;30,75;29,66;1,09;40854;0;51381;6604;7996;0;7996;6604;1392;0;1392;0,17408704352176088;0,17408704352176088;;0,03544715447154472;1;2
2017-05-10;3;2017-05-10 03:00:00;30,72;28,59;2,129999999999999;40854;0;51381;7014;8368;0;8368;7014;1354;0;1354;0,16180688336520077;0,16180688336520077;;0,06933593749999997;1;2
2017-05-10;4;2017-05-10 04:00:00;31,03;28,62;2,41;40854;0;51381;6834;8633;0;8633;6834;1799;0;1799;0,20838642418626202;0,20838642418626202;;0,07766677408959072;1;2
2017-05-10;5;2017-05-10 05:00:00;33,11;32,23;0,8800000000000026;40854;34;51381;6707;8606;39;8645;6741;1899;5;1904;0,2202429149797571;0,22066000464792004;0,1282051282051282;0,026578073089701074;1;2
2017-05-10;6;2017-05-10 06:00:00;42,04;41,71;0,3299999999999983;40854;1102;51381;6160;8144;894;9038;7262;1984;-208;1776;0,1965036512502766;0,24361493123772102;-0,232662192393736;0,007849666983824888;1;2
2017-05-10;7;2017-05-10 07:00:00;49,98;49,99;-0,010000000000005116;40854;4405;51381;5038;7603;3855;11458;9443;2565;-550;2015;0,17585966137196718;0,3373668288833355;-0,14267185473411154;-0,00020008003201290748;1;2
2017-05-10;8;2017-05-10 08:00:00;49,07;46,68;2,390000000000001;40854;9508;51381;4500;7377;8471;15848;14008;2877;-1037;1840;0,11610297829379101;0,38999593330622206;-0,12241766025262661;0,04870593030364787;1;2
2017-05-10;9;2017-05-10 09:00:00;43,86;39,51;4,350000000000001;40854;14798;51381;4232;7394;13213;20607;19030;3162;-1585;1577;0,0765273936041151;0,4276440357046254;-0,11995761749791872;0,0991792065663475;1;2
2017-05-10;10;2017-05-10 10:00:00;39,16;35,75;3,4099999999999966;40854;19063;51381;4512;7364;16816;24180;23575;2852;-2247;605;0,0250206782464847;0,3872895165670831;-0,13362274024738344;0,08707865168539318;1;2
2017-05-10;11;2017-05-10 11:00:00;39,22;34,0;5,219999999999999;40854;21958;51381;4898;7156;19034;26190;26856;2258;-2924;-666;-0,02542955326460481;0,31553940749021797;-0,15361983818430178;0,13309535951045381;1;2
2017-05-10;12;2017-05-10 12:00:00;36,13;32,33;3,800000000000004;40854;23298;51381;5246;6782;20096;26878;28544;1536;-3202;-1666;-0,061983778554952004;0,22648186375700383;-0,15933519108280256;0,10517575422086918;1;2
2017-05-10;13;2017-05-10 13:00:00;36,12;31,71;4,409999999999997;40854;24009;51381;5273;6430;20520;26950;29282;1157;-3489;-2332;-0,08653061224489796;0,17993779160186626;-0,17002923976608186;0,12209302325581387;1;2
2017-05-10;14;2017-05-10 14:00:00;34,52;30,58;3,940000000000005;40854;23541;51381;5104;6176;19802;25978;28645;1072;-3739;-2667;-0,10266379243975672;0,17357512953367876;-0,18881931118068881;0,11413673232908472;1;2
2017-05-10;15;2017-05-10 15:00:00;34,12;30,09;4,0299999999999985;40854;21636;51381;4879;5882;17996;23878;26515;1003;-3640;-2637;-0,11043638495686406;0,17052023121387283;-0,2022671704823294;0,11811254396248531;1;2
2017-05-10;16;2017-05-10 16:00:00;35,01;30,4;4,6099999999999985;40854;18076;51381;4273;5338;15078;20416;22349;1065;-2998;-1933;-0,09468064263322884;0,1995129261895841;-0,19883273643719326;0,13167666381033988;1;2
2017-05-10;17;2017-05-10 17:00:00;41,08;35,19;5,8900000000000015;40854;13085;51381;3321;4545;10959;15504;16406;1224;-2126;-902;-0,05817853457172343;0,2693069306930693;-0,1939958025367278;0,14337877312560862;1;2
2017-05-10;18;2017-05-10 18:00:00;44,01;41,55;2,460000000000001;40854;7346;51381;2458;3578;6197;9775;9804;1120;-1149;-29;-0,002966751918158568;0,31302403577417554;-0,18541229627238986;0,055896387184730764;1;2
2017-05-10;19;2017-05-10 19:00:00;48,04;42,27;5,769999999999996;40854;2669;51381;1989;2750;2328;5078;4658;761;-341;420;0,08270972823946436;0,2767272727272727;-0,14647766323024056;0,12010824313072431;1;2
2017-05-10;20;2017-05-10 20:00:00;47,35;42,53;4,82;40854;372;51381;1926;2325;328;2653;2298;399;-44;355;0,13381078024877496;0,17161290322580644;-0,13414634146341464;0,10179514255543823;1;2
2017-05-10;21;2017-05-10 21:00:00;48,04;42,22;5,82;40854;1;51381;2422;2467;0;2467;2423;45;-1;44;0,01783542764491285;0,018240778273206325;-inf;0,12114904246461283;1;2
2017-05-10;22;2017-05-10 22:00:00;42,94;40,85;2,0899999999999963;40854;0;51381;3007;2826;0;2826;3007;-181;0;-181;-0,06404812455767869;-0,06404812455767869;;0,04867256637168133;1;2
2017-05-10;23;2017-05-10 23:00:00;32,6;32,2;0,3999999999999986;40854;0;51381;3475;3047;0;3047;3475;-428;0;-428;-0,14046603216278306;-0,14046603216278306;;0,012269938650306704;1;2
2017-05-11;0;2017-05-11 00:00:00;31,16;32,37;-1,2099999999999973;40857;0;51396;3636;3397;0;3397;3636;-239;0;-239;-0,07035619664409773;-0,07035619664409773;;-0,03883183568677783;1;3
2017-05-11;1;2017-05-11 01:00:00;30,41;31,14;-0,7300000000000004;40857;0;51396;3738;3772;0;3772;3738;34;0;34;0,009013785790031814;0,009013785790031814;;-0,024005261427162132;1;3
2017-05-11;2;2017-05-11 02:00:00;29,5;32,33;-2,8299999999999983;40857;0;51396;4024;3986;0;3986;4024;-38;0;-38;-0,009533366783743101;-0,009533366783743101;;-0,09593220338983045;1;3
2017-05-11;3;2017-05-11 03:00:00;29,17;32,32;-3,1499999999999986;40857;0;51396;4409;3982;0;3982;4409;-427;0;-427;-0,1072325464590658;-0,1072325464590658;;-0,10798765855330814;1;3
2017-05-11;4;2017-05-11 04:00:00;29,59;32,72;-3,129999999999999;40857;0;51396;4665;3944;0;3944;4665;-721;0;-721;-0,18280933062880325;-0,18280933062880325;;-0,10577897938492731;1;3
2017-05-11;5;2017-05-11 05:00:00;30,89;34,87;-3,979999999999997;40857;54;51396;5058;4001;58;4059;5112;-1057;4;-1053;-0,25942350332594233;-0,26418395401149714;0,06896551724137931;-0,12884428617675614;1;3
2017-05-11;6;2017-05-11 06:00:00;34,91;39,66;-4,75;40857;1311;51396;5556;3996;1090;5086;6867;-1560;-221;-1781;-0,3501769563507668;-0,39039039039039036;-0,20275229357798166;-0,13606416499570326;1;3
2017-05-11;7;2017-05-11 07:00:00;43,1;43,62;-0,519999999999996;40857;5210;51396;5058;3775;4438;8213;10268;-1283;-772;-2055;-0,2502130768294168;-0,33986754966887417;-0,17395223073456512;-0,012064965197215685;1;3
2017-05-11;8;2017-05-11 08:00:00;44,49;42,86;1,6300000000000026;40857;10853;51396;3398;3290;9346;12636;14251;-108;-1507;-1615;-0,12780943336498893;-0,03282674772036474;-0,1612454526000428;0,036637446617217406;1;3
2017-05-11;9;2017-05-11 09:00:00;41,93;38,55;3,3800000000000026;40857;16370;51396;3108;2940;14333;17273;19478;-168;-2037;-2205;-0,12765587911769813;-0,05714285714285714;-0,14211958417637618;0,08061054137848801;1;3
2017-05-11;10;2017-05-11 10:00:00;38,54;34,74;3,799999999999997;40857;20539;51396;3183;3135;18191;21326;23722;-48;-2348;-2396;-0,11235112069773985;-0,015311004784688996;-0,12907481721730527;0,09859885832900875;1;3
2017-05-11;11;2017-05-11 11:00:00;37,47;33,67;3,799999999999997;40857;23613;51396;3473;3473;20461;23934;27086;0;-3152;-3152;-0,1316954959471881;0,0;-0,15404916670739455;0,10141446490525746;1;3
2017-05-11;12;2017-05-11 12:00:00;35,32;32,2;3,119999999999997;40857;25119;51396;4423;4002;21166;25168;29542;-421;-3953;-4374;-0,17379211697393515;-0,10519740129935032;-0,18676178777284325;0,08833522083805201;1;3
2017-05-11;13;2017-05-11 13:00:00;34,38;29,52;4,860000000000003;40857;24766;51396;5647;4571;20864;25435;30413;-1076;-3902;-4978;-0,19571456654216632;-0,23539706847516956;-0,1870207055214724;0,14136125654450268;1;3
2017-05-11;14;2017-05-11 14:00:00;32,64;28,63;4,010000000000002;40857;22420;51396;6728;5135;19355;24490;29148;-1593;-3065;-4658;-0,19020008166598612;-0,3102239532619279;-0,15835701369155258;0,1228553921568628;1;3
2017-05-11;15;2017-05-11 15:00:00;33,82;32,5;1,3200000000000005;40857;18245;51396;7750;5792;16711;22503;25995;-1958;-1534;-3492;-0,15517930942540994;-0,3380524861878453;-0,091795823110526;0,039030159668835024;1;3
2017-05-11;16;2017-05-11 16:00:00;33,19;38,31;-5,1200000000000045;40857;13489;51396;8744;6498;12969;19467;22233;-2246;-520;-2766;-0,14208660810602558;-0,3456448137888581;-0,04009561261469658;-0,1542633323290149;1;3
2017-05-11;17;2017-05-11 17:00:00;34,8;39,2;-4,400000000000006;40857;8702;51396;10070;7565;8706;16271;18772;-2505;4;-2501;-0,15370905291623133;-0,33113020489094513;0,00045945325063174823;-0,12643678160919558;1;3
2017-05-11;18;2017-05-11 18:00:00;35,75;38,73;-2,979999999999997;40857;4636;51396;11714;9223;4687;13910;16350;-2491;51;-2440;-0,17541337167505391;-0,27008565542665075;0,01088116065713676;-0,08335664335664326;1;3
2017-05-11;19;2017-05-11 19:00:00;34,94;39,74;-4,800000000000004;40857;1746;51396;12547;11220;1773;12993;14293;-1327;27;-1300;-0,1000538751635496;-0,11827094474153298;0,015228426395939087;-0,13737836290784214;1;3
2017-05-11;20;2017-05-11 20:00:00;33,11;38,54;-5,43;40857;250;51396;13497;13384;270;13654;13747;-113;20;-93;-0,0068111908598212974;-0,008442916915720263;0,07407407407407407;-0,16399879190576863;1;3
2017-05-11;21;2017-05-11 21:00:00;31,5;40,22;-8,719999999999999;40857;1;51396;15918;15178;1;15179;15919;-740;0;-740;-0,04875156466170367;-0,048754776650415076;0,0;-0,2768253968253968;1;3
2017-05-11;22;2017-05-11 22:00:00;27,6;35,62;-8,019999999999996;40857;0;51396;16334;16167;0;16167;16334;-167;0;-167;-0,010329683924042803;-0,010329683924042803;;-0,2905797101449274;1;3
2017-05-11;23;2017-05-11 23:00:00;26,01;31,95;-5,939999999999998;40857;0;51396;15465;16392;0;16392;15465;927;0;927;0,056551976573938505;0,056551976573938505;;-0,22837370242214522;1;3
2017-05-12;0;2017-05-12 00:00:00;26,05;31,87;-5,82;40861;0;51438;14744;16248;0;16248;14744;1504;0;1504;0,09256523879862137;0,09256523879862137;;-0,2234165067178503;1;4
2017-05-12;1;2017-05-12 01:00:00;27,23;31,98;-4,75;40861;0;51438;13723;15410;0;15410;13723;1687;0;1687;0,10947436729396495;0,10947436729396495;;-0,1744399559309585;1;4
2017-05-12;2;2017-05-12 02:00:00;27,29;30,89;-3,6000000000000014;40861;0;51438;12982;14546;0;14546;12982;1564;0;1564;0,10752096796370136;0,10752096796370136;;-0,13191645291315507;1;4
2017-05-12;3;2017-05-12 03:00:00;27,27;28,62;-1,3500000000000014;40861;0;51438;12393;13821;0;13821;12393;1428;0;1428;0,1033210332103321;0,1033210332103321;;-0,049504950495049556;1;4
2017-05-12;4;2017-05-12 04:00:00;27,08;27,85;-0,7700000000000031;40861;0;51438;11894;13161;0;13161;11894;1267;0;1267;0,09626928044981384;0,09626928044981384;;-0,028434268833087268;1;4
2017-05-12;5;2017-05-12 05:00:00;29,0;30,55;-1,5500000000000007;40861;52;51438;11120;12412;56;12468;11172;1292;4;1296;0,1039461020211742;0,10409281340638092;0,07142857142857142;-0,05344827586206899;1;4
2017-05-12;6;2017-05-12 06:00:00;34,37;40,6;-6,230000000000004;40861;824;51438;10464;11510;871;12381;11288;1046;47;1093;0,08828042969065504;0,09087749782797568;0,0539609644087256;-0,18126272912423638;1;4
2017-05-12;7;2017-05-12 07:00:00;41,95;46,36;-4,409999999999997;40861;2885;51438;9287;10561;3017;13578;12172;1274;132;1406;0,10354986006775667;0,12063251586024051;0,043752071594298975;-0,10512514898688907;1;4
2017-05-12;8;2017-05-12 08:00:00;43,91;54,54;-10,630000000000004;40861;6163;51438;7854;9808;5865;15673;14017;1954;-298;1656;0,10565941427933388;0,19922512234910278;-0,05080988917306053;-0,24208608517422012;1;4
2017-05-12;9;2017-05-12 09:00:00;42,0;51,55;-9,549999999999997;40861;10102;51438;6638;9366;8957;18323;16740;2728;-1145;1583;0,08639414942967855;0,29126628229767243;-0,12783297979234118;-0,22738095238095232;1;4
2017-05-12;10;2017-05-12 10:00:00;42,95;48,76;-5,809999999999995;40861;13716;51438;6058;9119;11835;20954;19774;3061;-1881;1180;0,056313830294931755;0,3356727711371861;-0,15893536121673005;-0,13527357392316636;1;4
2017-05-12;11;2017-05-12 11:00:00;42,02;44,1;-2,0799999999999983;40861;16587;51438;6055;9057;14184;23241;22642;3002;-2403;599;0,025773417667053912;0,33145633211880315;-0,16941624365482233;-0,04950023798191333;1;4
2017-05-12;12;2017-05-12 12:00:00;36,03;41,51;-5,479999999999998;40861;18257;51438;6489;9153;15649;24802;24746;2664;-2608;56;0,002257882428836384;0,2910521140609636;-0,16665601635887278;-0,15209547599222864;1;4
2017-05-12;13;2017-05-12 13:00:00;31,62;37,18;-5,559999999999999;40861;18450;51438;7042;9205;16048;25253;25492;2163;-2402;-239;-0,009464222072625034;0,2349809885931559;-0,14967597208374875;-0,17583807716635036;1;4
2017-05-12;14;2017-05-12 14:00:00;30,86;36,41;-5,549999999999998;40861;17472;51438;7540;9014;15428;24442;25012;1474;-2044;-570;-0,023320513869568776;0,1635234080319503;-0,132486388384755;-0,17984445884640304;1;4
2017-05-12;15;2017-05-12 15:00:00;30,45;36,68;-6,23;40861;15399;51438;8003;8538;13911;22449;23402;535;-1488;-953;-0,042451779589291284;0,06266104474115718;-0,10696571058874273;-0,2045977011494253;1;4
2017-05-12;16;2017-05-12 16:00:00;31,38;39,33;-7,949999999999998;40861;12459;51438;8148;8058;11528;19586;20607;-90;-931;-1021;-0,05212907178596957;-0,011169024571854059;-0,08075988896599584;-0,2533460803059273;1;4
2017-05-12;17;2017-05-12 17:00:00;36,46;41,27;-4,810000000000001;40861;8406;51438;8034;7590;8367;15957;16440;-444;-39;-483;-0,030268847527730777;-0,05849802371541502;-0,004661168877733955;-0,13192539769610537;1;4
2017-05-12;18;2017-05-12 18:00:00;40,65;45,68;-5,030000000000001;40861;4715;51438;7758;7126;4903;12029;12473;-632;188;-444;-0,03691079890265193;-0,08868930676396296;0,038343871099326944;-0,12373923739237395;1;4
2017-05-12;19;2017-05-12 19:00:00;42,0;46,07;-4,07;40861;2144;51438;6910;6863;2009;8872;9054;-47;-135;-182;-0,020513976555455365;-0,006848317062509107;-0,06719761075161772;-0,09690476190476191;1;4
2017-05-12;20;2017-05-12 20:00:00;42,62;46,15;-3,530000000000001;40861;342;51438;6702;6898;326;7224;7044;196;-16;180;0,024916943521594685;0,028414033053058858;-0,049079754601226995;-0,08282496480525578;1;4
2017-05-12;21;2017-05-12 21:00:00;42,93;44,45;-1,5200000000000031;40861;1;51438;6352;7125;1;7126;6353;773;0;773;0,10847600336794835;0,10849122807017544;0,0;-0,03540647565804806;1;4
2017-05-12;22;2017-05-12 22:00:00;42,93;40,69;2,240000000000002;40861;0;51438;6250;7275;0;7275;6250;1025;0;1025;0,140893470790378;0,140893470790378;;0,05217796412764971;1;4
2017-05-12;23;2017-05-12 23:00:00;35,91;33,53;2,3799999999999955;40861;0;51438;6285;7183;0;7183;6285;898;0;898;0,12501740219963803;0,12501740219963803;;0,06627680311890827;1;4
2017-05-13;0;2017-05-13 00:00:00;29,9;29,5;0,3999999999999986;40861;0;51444;6067;6756;0;6756;6067;689;0;689;0,10198342214328004;0,10198342214328004;;0,013377926421404635;1;5
2017-05-13;1;2017-05-13 01:00:00;29,66;30,48;-0,8200000000000003;40861;0;51444;5975;6334;0;6334;5975;359;0;359;0,05667824439532681;0,05667824439532681;;-0,027646662171274452;1;5
2017-05-13;2;2017-05-13 02:00:00;29,05;35,28;-6,23;40861;0;51444;5371;5887;0;5887;5371;516;0;516;0,08765075590283676;0,08765075590283676;;-0,21445783132530122;1;5
2017-05-13;3;2017-05-13 03:00:00;28,52;29,95;-1,4299999999999995;40861;0;51444;4992;5452;0;5452;4992;460;0;460;0,08437270726338958;0,08437270726338958;;-0,05014025245441794;1;5
2017-05-13;4;2017-05-13 04:00:00;28,12;29,0;-0,879999999999999;40861;0;51444;4821;5080;0;5080;4821;259;0;259;0,05098425196850394;0,05098425196850394;;-0,03129445234708389;1;5
2017-05-13;5;2017-05-13 05:00:00;28,73;29,57;-0,8399999999999999;40861;51;51444;4852;4732;64;4796;4903;-120;13;-107;-0,022310258548790658;-0,0253592561284869;0,203125;-0,029237730595196652;1;5
2017-05-13;6;2017-05-13 06:00:00;29,05;29,87;-0,8200000000000003;40861;1055;51444;4820;4398;1066;5464;5875;-422;11;-411;-0,07521961932650073;-0,09595270577535243;0,010318949343339587;-0,02822719449225474;1;5
2017-05-13;7;2017-05-13 07:00:00;30,91;29,37;1,5399999999999991;40861;3819;51444;4211;3982;3772;7754;8030;-229;-47;-276;-0,0355945318545267;-0,05750878955298845;-0,012460233297985153;0,04982206405693947;1;5
2017-05-13;8;2017-05-13 08:00:00;35,02;29,82;5,200000000000003;40861;7772;51444;2943;3525;7546;11071;10715;582;-226;356;0,032156083461295275;0,1651063829787234;-0,029949642194540153;0,14848657909765856;1;5
2017-05-13;9;2017-05-13 09:00:00;35,45;28,0;7,450000000000002;40861;11798;51444;2264;3137;11434;14571;14062;873;-364;509;0,03493239997254821;0,27829136117309533;-0,03183487843274445;0,21015514809590977;1;5
2017-05-13;10;2017-05-13 10:00:00;32,0;28,74;3,2600000000000016;40861;14956;51444;1855;2911;14611;17522;16811;1056;-345;711;0,04057755963931058;0,3627619374785297;-0,023612346861953324;0,10187500000000005;1;5
2017-05-13;11;2017-05-13 11:00:00;31,04;28,21;2,8299999999999983;40861;17617;51444;2133;2871;16965;19836;19750;738;-652;86;0,004335551522484372;0,25705329153605017;-0,03843206601827291;0,09117268041237109;1;5
2017-05-13;12;2017-05-13 12:00:00;30,28;27,78;2,5;40861;18692;51444;2732;2988;18176;21164;21424;256;-516;-260;-0,012285012285012284;0,0856760374832664;-0,028389084507042254;0,08256274768824307;1;5
2017-05-13;13;2017-05-13 13:00:00;28,75;24,57;4,18;40861;18069;51444;3028;3176;18451;21627;21097;148;382;530;0,02450640403199704;0,04659949622166247;0,020703484905967157;0,14539130434782607;1;5
2017-05-13;14;2017-05-13 14:00:00;27,09;26,15;0,9400000000000012;40861;16733;51444;3099;3274;17643;20917;19832;175;910;1085;0,05187168331978773;0,053451435552840564;0,05157852972850422;0,03469915097822079;1;5
2017-05-13;15;2017-05-13 15:00:00;27,07;26,69;0,37999999999999895;40861;15685;51444;3063;3246;15759;19005;18748;183;74;257;0,01352275716916601;0,056377079482439925;0,004695729424455866;0,014037680088658994;1;5
2017-05-13;16;2017-05-13 16:00:00;27,44;27,36;0,08000000000000185;40861;12674;51444;2815;3217;12882;16099;15489;402;208;610;0,03789055220821169;0,12496114392290954;0,01614656109299798;0,002915451895043799;1;5
2017-05-13;17;2017-05-13 17:00:00;29,9;27,94;1,9599999999999973;40861;8968;51444;2806;3070;9181;12251;11774;264;213;477;0,03893559709411477;0,08599348534201955;0,023200087136477508;0,06555183946488286;1;5
2017-05-13;18;2017-05-13 18:00:00;34,79;32,32;2,4699999999999993;40861;5229;51444;2665;2773;5360;8133;7894;108;131;239;0,029386450264355095;0,03894698882077173;0,024440298507462686;0,07099741304972691;1;5
2017-05-13;19;2017-05-13 19:00:00;40,0;33,94;6,060000000000002;40861;2004;51444;2768;2567;2207;4774;4772;-201;203;2;0,00041893590280687055;-0,07830151928320997;0,09198006343452651;0,15150000000000005;1;5
2017-05-13;20;2017-05-13 20:00:00;41,91;32,5;9,409999999999997;40861;302;51444;2786;2482;370;2852;3088;-304;68;-236;-0,08274894810659186;-0,12248186946011282;0,1837837837837838;0,22452875208780715;1;5
2017-05-13;21;2017-05-13 21:00:00;41,88;32,94;8,940000000000007;40861;4;51444;2587;2601;1;2602;2591;14;-3;11;0,004227517294388932;0,005382545174932718;-3,0;0,21346704871060188;1;5
2017-05-13;22;2017-05-13 22:00:00;40,0;34,7;5,299999999999997;40861;0;51444;2724;2842;0;2842;2724;118;0;118;0,04152005629838142;0,04152005629838142;;0,13249999999999992;1;5
2017-05-13;23;2017-05-13 23:00:00;31,08;32,33;-1,25;40861;0;51444;2765;3113;0;3113;2765;348;0;348;0,11178927079987151;0,11178927079987151;;-0,04021879021879022;1;5
2017-05-14;0;2017-05-14 00:00:00;27,66;29,23;-1,5700000000000005;40861;0;51444;2712;2956;0;2956;2712;244;0;244;0,08254397834912043;0,08254397834912043;;-0,056760665220535085;1;6
2017-05-14;1;2017-05-14 01:00:00;26,54;28,35;-1,8100000000000025;40861;0;51444;2924;3204;0;3204;2924;280;0;280;0,08739076154806492;0,08739076154806492;;-0,0681989449886964;1;6
2017-05-14;2;2017-05-14 02:00:00;25,65;26,01;-0,360000000000003;40861;0;51444;3406;3455;0;3455;3406;49;0;49;0,014182344428364689;0,014182344428364689;;-0,014035087719298362;1;6
2017-05-14;3;2017-05-14 03:00:00;25,63;22,81;2,8200000000000003;40861;0;51444;3690;3531;0;3531;3690;-159;0;-159;-0,045029736618521665;-0,045029736618521665;;0,11002731174404996;1;6
2017-05-14;4;2017-05-14 04:00:00;25,2;20,27;4,93;40861;0;51444;4195;3498;0;3498;4195;-697;0;-697;-0,19925671812464266;-0,19925671812464266;;0,19563492063492063;1;6
2017-05-14;5;2017-05-14 05:00:00;25,0;20,17;4,829999999999998;40861;67;51444;4208;3365;75;3440;4275;-843;8;-835;-0,24273255813953487;-0,25052005943536404;0,10666666666666667;0,19319999999999993;1;6
2017-05-14;6;2017-05-14 06:00:00;25,56;17,26;8,299999999999997;40861;1156;51444;4002;3045;1105;4150;5158;-957;-51;-1008;-0,24289156626506025;-0,3142857142857143;-0,046153846153846156;0,3247261345852894;1;6
2017-05-14;7;2017-05-14 07:00:00;25,46;17,9;7,560000000000002;40861;3845;51444;3692;2683;3868;6551;7537;-1009;23;-986;-0,15051137230957107;-0,3760715616846813;0,0059462254395036196;0,2969363707776906;1;6
2017-05-14;8;2017-05-14 08:00:00;25,34;21,61;3,73;40861;7759;51444;2872;2387;7785;10172;10631;-485;26;-459;-0,045123869445536764;-0,20318391286133222;0,0033397559409120104;0,14719810576164166;1;6
2017-05-14;9;2017-05-14 09:00:00;26,04;21,66;4,379999999999999;40861;12337;51444;2828;2321;11779;14100;15165;-507;-558;-1065;-0,07553191489361702;-0,21844032744506678;-0,047372442482383904;0,1682027649769585;1;6
2017-05-14;10;2017-05-14 10:00:00;25,04;17,9;7,1400000000000015;40861;16257;51444;3289;2458;14840;17298;19546;-831;-1417;-2248;-0,1299572204879177;-0,338079739625712;-0,09548517520215634;0,2851437699680512;1;6
2017-05-14;11;2017-05-14 11:00:00;26,48;16,63;9,85;40861;17831;51444;3763;2701;16803;19504;21594;-1062;-1028;-2090;-0,10715750615258408;-0,3931877082562014;-0,06117955127060644;0,3719788519637462;1;6
2017-05-14;12;2017-05-14 12:00:00;27,02;17,25;9,77;40861;17798;51444;4212;2987;17565;20552;22010;-1225;-233;-1458;-0,07094200077851304;-0,4101104787412119;-0,013265015656134358;0,3615840118430792;1;6
2017-05-14;13;2017-05-14 13:00:00;24,3;15,78;8,520000000000001;40861;16854;51444;4365;3312;17619;20931;21219;-1053;765;-288;-0,013759495485165543;-0,3179347826086957;0,043419036267665585;0,3506172839506173;1;6
2017-05-14;14;2017-05-14 14:00:00;21,06;15,94;5,119999999999999;40861;15816;51444;4544;3545;16638;20183;20360;-999;822;-177;-0,008769756725957489;-0,28180535966149506;0,04940497655968266;0,24311490978157643;1;6
2017-05-14;15;2017-05-14 15:00:00;20,99;14,76;6,229999999999999;40861;14064;51444;4666;3591;14644;18235;18730;-1075;580;-495;-0,027145599122566495;-0,29935950988582566;0,03960666484567058;0,2968080038113387;1;6
2017-05-14;16;2017-05-14 16:00:00;23,9;16,66;7,2399999999999975;40861;11580;51444;4089;3700;11978;15678;15669;-389;398;9;0,000574052812858783;-0,10513513513513513;0,033227583903823674;0,30292887029288695;1;6
2017-05-14;17;2017-05-14 17:00:00;27,63;22,9;4,73;40861;8394;51444;3709;3655;8686;12341;12103;-54;292;238;0,019285309132161088;-0,014774281805745554;0,033617315219894084;0,17119073470865004;1;6
2017-05-14;18;2017-05-14 18:00:00;32,07;29,67;2,3999999999999986;40861;5012;51444;3343;3284;5134;8418;8355;-59;122;63;0,007483962936564505;-0,017965895249695493;0,023763147643163226;0,07483629560336759;1;6
2017-05-14;19;2017-05-14 19:00:00;35,96;35,13;0,8299999999999983;40861;2238;51444;3059;2876;2193;5069;5297;-183;-45;-228;-0,04497928585519827;-0,06363004172461753;-0,02051983584131327;0,023081201334816413;1;6
2017-05-14;20;2017-05-14 20:00:00;39,55;34,16;5,3900000000000015;40861;408;51444;2896;2625;381;3006;3304;-271;-27;-298;-0,09913506320691949;-0,10323809523809524;-0,07086614173228346;0,136283185840708;1;6
2017-05-14;21;2017-05-14 21:00:00;40,99;35,03;5,960000000000001;40861;2;51444;2767;2530;2;2532;2769;-237;0;-237;-0,09360189573459715;-0,09367588932806324;0,0;0,14540131739448647;1;6
2017-05-14;22;2017-05-14 22:00:00;38,17;35,61;2,5600000000000023;40861;0;51444;2864;2610;0;2610;2864;-254;0;-254;-0,09731800766283524;-0,09731800766283524;;0,06706837830757145;1;6
2017-05-14;23;2017-05-14 23:00:00;31,46;32,49;-1,0300000000000011;40861;0;51444;3369;2851;0;2851;3369;-518;0;-518;-0,18169063486495968;-0,18169063486495968;;-0,03273998728544186;1;6
2017-05-15;0;2017-05-15 00:00:00;30,32;30,95;-0,629999999999999;40867;0;51457;3641;3636;0;3636;3641;-5;0;-5;-0,0013751375137513752;-0,0013751375137513752;;-0,020778364116094954;1;0
2017-05-15;1;2017-05-15 01:00:00;27,43;30,29;-2,8599999999999994;40867;0;51457;4119;4040;0;4040;4119;-79;0;-79;-0,019554455445544554;-0,019554455445544554;;-0,10426540284360188;1;0
2017-05-15;2;2017-05-15 02:00:00;27,18;30,2;-3,02;40867;0;51457;4460;4166;0;4166;4460;-294;0;-294;-0,07057129140662506;-0,07057129140662506;;-0,11111111111111112;1;0
2017-05-15;3;2017-05-15 03:00:00;26,7;28,09;-1,3900000000000006;40867;0;51457;4394;3967;0;3967;4394;-427;0;-427;-0,10763801361230149;-0,10763801361230149;;-0,05205992509363298;1;0
2017-05-15;4;2017-05-15 04:00:00;27,16;26,59;0,5700000000000003;40867;0;51457;3971;3741;0;3741;3971;-230;0;-230;-0,06148088746324512;-0,06148088746324512;;0,020986745213549346;1;0
2017-05-15;5;2017-05-15 05:00:00;29,77;29,01;0,7599999999999979;40867;67;51457;3630;3304;80;3384;3697;-326;13;-313;-0,09249408983451536;-0,0986682808716707;0,1625;0,025529056096741616;1;0
2017-05-15;6;2017-05-15 06:00:00;35,38;38,77;-3,390000000000001;40867;1246;51457;3147;2677;1194;3871;4393;-470;-52;-522;-0,1348488762593645;-0,17556966753828912;-0,04355108877721943;-0,09581684567552291;1;0
2017-05-15;7;2017-05-15 07:00:00;44,02;42,74;1,2800000000000011;40867;4493;51457;2474;2036;4213;6249;6967;-438;-280;-718;-0,11489838374139863;-0,2151277013752456;-0,06646095418941372;0,02907769195820084;1;0
2017-05-15;8;2017-05-15 08:00:00;46,1;44,05;2,0500000000000043;40867;9307;51457;1742;1619;8589;10208;11049;-123;-718;-841;-0,08238636363636363;-0,0759728227300803;-0,08359529630923274;0,044468546637744126;1;0
2017-05-15;9;2017-05-15 09:00:00;43,95;39,1;4,850000000000001;40867;14206;51457;1482;1566;13189;14755;15688;84;-1017;-933;-0,0632328024398509;0,05363984674329502;-0,07710971263932065;0,11035267349260526;1;0
2017-05-15;10;2017-05-15 10:00:00;41,94;35,07;6,869999999999997;40867;18006;51457;1430;1675;16997;18672;19436;245;-1009;-764;-0,04091688089117395;0,14626865671641792;-0,059363417073601224;0,16380543633762512;1;0
2017-05-15;11;2017-05-15 11:00:00;40,07;34,75;5,32;40867;20522;51457;1827;1859;19536;21395;22349;32;-986;-954;-0,04458985744332788;0,017213555675094135;-0,05047092547092547;0,13276765660094836;1;0
2017-05-15;12;2017-05-15 12:00:00;35,66;33,93;1,7299999999999969;40867;21898;51457;2468;2140;20848;22988;24366;-328;-1050;-1378;-0,05994431877501305;-0,15327102803738318;-0,05036454336147352;0,04851374088614686;1;0
2017-05-15;13;2017-05-15 13:00:00;35,04;33,2;1,8399999999999963;40867;22120;51457;3023;2448;21134;23582;25143;-575;-986;-1561;-0,06619455516919684;-0,23488562091503268;-0,04665467966310211;0,05251141552511405;1;0
2017-05-15;14;2017-05-15 14:00:00;33,48;32,27;1,2099999999999935;40867;21700;51457;3252;2684;20294;22978;24952;-568;-1406;-1974;-0,0859082600748542;-0,21162444113263784;-0,06928156105252783;0,036140979689366595;1;0
2017-05-15;15;2017-05-15 15:00:00;32,98;32,57;0,4099999999999966;40867;19846;51457;3221;2758;18282;21040;23067;-463;-1564;-2027;-0,09634030418250951;-0,16787527193618565;-0,08554862706487255;0,012431776834445017;1;0
2017-05-15;16;2017-05-15 16:00:00;33,14;31,57;1,5700000000000005;40867;16804;51457;3086;2748;15054;17802;19890;-338;-1750;-2088;-0,1172901921132457;-0,12299854439592431;-0,1162481732429919;0,04737477368738686;1;0
2017-05-15;17;2017-05-15 17:00:00;37,74;35,5;2,240000000000002;40867;12267;51457;2668;2560;10751;13311;14935;-108;-1516;-1624;-0,12200435729847495;-0,0421875;-0,1410101385917589;0,05935347111817705;1;0
2017-05-15;18;2017-05-15 18:00:00;42,82;40,67;2,1499999999999986;40867;7189;51457;2110;2164;6097;8261;9299;54;-1092;-1038;-0,12565064762135333;0,024953789279112754;-0,1791044776119403;0,05021018215787012;1;0
2017-05-15;19;2017-05-15 19:00:00;45,73;43,78;1,949999999999996;40867;2786;51457;1632;1787;2431;4218;4418;155;-355;-200;-0,0474158368895211;0,08673754896474538;-0,14603044014808722;0,04264159195276615;1;0
2017-05-15;20;2017-05-15 20:00:00;44,2;44,49;-0,28999999999999915;40867;464;51457;1864;1643;442;2085;2328;-221;-22;-243;-0,11654676258992806;-0,13451004260499086;-0,049773755656108594;-0,006561085972850659;1;0
2017-05-15;21;2017-05-15 21:00:00;42,29;42,51;-0,21999999999999886;40867;1;51457;2320;1861;2;1863;2321;-459;1;-458;-0,24584004294149223;-0,24664159054271897;0,5;-0,005202175455190325;1;0
2017-05-15;22;2017-05-15 22:00:00;40,22;40,34;-0,12000000000000455;40867;0;51457;2907;2305;0;2305;2907;-602;0;-602;-0,2611713665943601;-0,2611713665943601;;-0,0029835902536052847;1;0
2017-05-15;23;2017-05-15 23:00:00;31,08;32,43;-1,3500000000000014;40867;0;51457;3793;2956;0;2956;3793;-837;0;-837;-0,2831529093369418;-0,2831529093369418;;-0,04343629343629348;1;0
2017-05-16;0;2017-05-16 00:00:00;29,5;30,26;-0,7600000000000016;40872;0;51476;4710;4261;0;4261;4710;-449;0;-449;-0,10537432527575687;-0,10537432527575687;;-0,02576271186440683;1;1
2017-05-16;1;2017-05-16 01:00:00;28,01;27,42;0,5899999999999999;40872;0;51476;5668;4910;0;4910;5668;-758;0;-758;-0,15437881873727088;-0,15437881873727088;;0,021063905747947156;1;1
2017-05-16;2;2017-05-16 02:00:00;26,7;25,43;1,2699999999999996;40872;0;51476;5886;5373;0;5373;5886;-513;0;-513;-0,09547738693467336;-0,09547738693467336;;0,04756554307116104;1;1
2017-05-16;3;2017-05-16 03:00:00;26,53;24,74;1,7900000000000027;40872;0;51476;5640;5529;0;5529;5640;-111;0;-111;-0,020075963103635377;-0,020075963103635377;;0,06747078778741057;1;1
2017-05-16;4;2017-05-16 04:00:00;26,38;25,71;0,6699999999999982;40872;0;51476;5698;5608;0;5608;5698;-90;0;-90;-0,016048502139800285;-0,016048502139800285;;0,02539802880970425;1;1
2017-05-16;5;2017-05-16 05:00:00;27,93;26,79;1,1400000000000006;40872;74;51476;6226;5684;77;5761;6300;-542;3;-539;-0,09356014580801944;-0,09535538353272344;0,03896103896103896;0,04081632653061226;1;1
2017-05-16;6;2017-05-16 06:00:00;31,81;30,83;0,9800000000000004;40872;1252;51476;6644;5804;1094;6898;7896;-840;-158;-998;-0,14467961728037113;-0,1447277739490007;-0,14442413162705667;0,03080792203709527;1;1
2017-05-16;7;2017-05-16 07:00:00;39,96;38,58;1,3800000000000026;40872;4286;51476;7020;5944;3738;9682;11306;-1076;-548;-1624;-0,16773393926874614;-0,1810228802153432;-0,14660246120920278;0,034534534534534596;1;1
2017-05-16;8;2017-05-16 08:00:00;41,35;36,75;4,600000000000001;40872;8921;51476;6594;6048;7415;13463;15515;-546;-1506;-2052;-0,15241773750278542;-0,09027777777777778;-0,2031018206338503;0,1112454655380895;1;1
2017-05-16;9;2017-05-16 09:00:00;38,42;32,06;6,3599999999999985;40872;13693;51476;6031;6061;11241;17302;19724;30;-2452;-2422;-0,13998381689978037;0,0049496782709123905;-0,21813005960323814;0,16553878188443513;1;1
2017-05-16;10;2017-05-16 10:00:00;34,53;31,4;3,1300000000000026;40872;17353;51476;5836;6035;14468;20503;23189;199;-2885;-2686;-0,13100521874847584;0,03297431648715824;-0,19940558473873377;0,09064581523313069;1;1
2017-05-16;11;2017-05-16 11:00:00;34,84;31,43;3,410000000000004;40872;19638;51476;5587;5965;16849;22814;25225;378;-2789;-2411;-0,10568072236346103;0,0633696563285834;-0,16552911151997152;0,09787600459242261;1;1
2017-05-16;12;2017-05-16 12:00:00;31,88;30,47;1,41;40872;20955;51476;5332;5845;18281;24126;26287;513;-2674;-2161;-0,08957141672884025;0,08776732249786141;-0,14627208577211312;0,04422835633626098;1;1
2017-05-16;13;2017-05-16 13:00:00;31,06;30,47;0,5899999999999999;40872;21102;51476;5008;5717;18665;24382;26110;709;-2437;-1728;-0,0708719547206956;0,12401609235613084;-0,130565229038307;0,01899549259497746;1;1
2017-05-16;14;2017-05-16 14:00:00;31,58;30,79;0,7899999999999991;40872;20147;51476;4676;5466;17987;23453;24823;790;-2160;-1370;-0,05841470174391336;0,14452982070984266;-0,1200867293044977;0,02501583280557312;1;1
2017-05-16;15;2017-05-16 15:00:00;32,33;30,74;1,59;40872;17856;51476;4544;5132;16196;21328;22400;588;-1660;-1072;-0,05026256564141035;0,11457521434138737;-0,10249444307236355;0,049180327868852465;1;1
2017-05-16;16;2017-05-16 16:00:00;34,52;32,7;1,8200000000000005;40872;14806;51476;4254;4885;13332;18217;19060;631;-1474;-843;-0,04627545699072295;0,12917093142272262;-0,11056105610561057;0,05272305909617614;1;1
2017-05-16;17;2017-05-16 17:00:00;37,04;36,56;0,4799999999999969;40872;10680;51476;4103;4771;9497;14268;14783;668;-1183;-515;-0,03609475749929913;0,14001257597987843;-0,12456565231125619;0,012958963282937282;1;1
2017-05-16;18;2017-05-16 18:00:00;41,0;40,11;0,8900000000000006;40872;6036;51476;3970;4937;5322;10259;10006;967;-714;253;0,024661273028560287;0,19586793599351834;-0,13416009019165728;0,021707317073170744;1;1
2017-05-16;19;2017-05-16 19:00:00;42,94;41,41;1,5300000000000011;40872;2381;51476;4082;5259;2102;7361;6463;1177;-279;898;0,12199429425349817;0,2238068073778285;-0,13273073263558516;0,035631113181183074;1;1
2017-05-16;20;2017-05-16 20:00:00;42,77;40,88;1,8900000000000008;40872;388;51476;4385;5757;388;6145;4773;1372;0;1372;0,22327095199349065;0,23831856869897516;0,0;0,044189852700491014;1;1
2017-05-16;21;2017-05-16 21:00:00;41,5;42,01;-0,509999999999998;40872;1;51476;4570;6440;3;6443;4571;1870;2;1872;0,29054788142169796;0,29037267080745344;0,6666666666666666;-0,012289156626505976;1;1
2017-05-16;22;2017-05-16 22:00:00;37,01;40,56;-3,5500000000000043;40872;0;51476;4756;7192;0;7192;4756;2436;0;2436;0,3387096774193548;0,3387096774193548;;-0,09592002161577964;1;1
2017-05-16;23;2017-05-16 23:00:00;31,92;36,15;-4,229999999999997;40872;0;51476;4952;7679;0;7679;4952;2727;0;2727;0,3551243651517125;0,3551243651517125;;-0,1325187969924811;1;1
2017-05-17;0;2017-05-17 00:00:00;29,66;33,44;-3,7799999999999976;40878;0;51523;4636;5694;0;5694;4636;1058;0;1058;0,18580962416578856;0,18580962416578856;;-0,12744436952124064;1;2
2017-05-17;1;2017-05-17 01:00:00;27,7;32,71;-5,010000000000002;40878;0;51523;4471;5566;0;5566;4471;1095;0;1095;0,1967301473230327;0,1967301473230327;;-0,18086642599277986;1;2
2017-05-17;2;2017-05-17 02:00:00;27,17;30,76;-3,59;40878;0;51523;4230;5391;0;5391;4230;1161;0;1161;0,21535893155258765;0,21535893155258765;;-0,13213102686786896;1;2
2017-05-17;3;2017-05-17 03:00:00;26,45;27,98;-1,5300000000000011;40878;0;51523;4078;5213;0;5213;4078;1135;0;1135;0,21772491847304815;0,21772491847304815;;-0,0578449905482042;1;2
2017-05-17;4;2017-05-17 04:00:00;26,49;26,86;-0,37000000000000105;40878;0;51523;3931;5052;0;5052;3931;1121;0;1121;0,2218923198733175;0,2218923198733175;;-0,013967534918837338;1;2
2017-05-17;5;2017-05-17 05:00:00;27,58;29,12;-1,5400000000000027;40878;78;51523;3842;4864;83;4947;3920;1022;5;1027;0,20760056599959573;0,21011513157894737;0,060240963855421686;-0,05583756345177675;1;2
2017-05-17;6;2017-05-17 06:00:00;36,19;36,66;-0,4699999999999989;40878;1311;51523;3956;4571;1166;5737;5267;615;-145;470;0,08192435070594388;0,13454386348720193;-0,12435677530017153;-0,012987012987012958;1;2
2017-05-17;7;2017-05-17 07:00:00;41,0;38,58;2,4200000000000017;40878;4688;51523;3286;4165;4308;8473;7974;879;-380;499;0,05889295408946064;0,21104441776710683;-0,0882079851439183;0,05902439024390248;1;2
2017-05-17;8;2017-05-17 08:00:00;41,0;40,03;0,9699999999999988;40878;10059;51523;2232;3594;9026;12620;12291;1362;-1033;329;0,02606973058637084;0,3789649415692821;-0,11444715267006426;0,023658536585365823;1;2
2017-05-17;9;2017-05-17 09:00:00;38,95;38,48;0,470000000000006;40878;15807;51523;1742;2953;14117;17070;17549;1211;-1690;-479;-0,028060925600468658;0,4100914324415848;-0,11971382021675993;0,012066752246469987;1;2
2017-05-17;10;2017-05-17 10:00:00;33,54;34,86;-1,3200000000000005;40878;20611;51523;1888;2581;18464;21045;22499;693;-2147;-1454;-0,06909004514136374;0,2685005811700891;-0,11628032928942808;-0,03935599284436495;1;2
2017-05-17;11;2017-05-17 11:00:00;32,94;32,98;-0,03999999999999915;40878;24090;51523;2252;2677;21735;24412;26342;425;-2355;-1930;-0,07905947894478126;0,15875980575270826;-0,10835058661145618;-0,0012143290831815165;1;2
2017-05-17;12;2017-05-17 12:00:00;31,03;33,81;-2,780000000000001;40878;25930;51523;2776;3143;23766;26909;28706;367;-2164;-1797;-0,06678063101564533;0,11676741966274261;-0,091054447530085;-0,08959071865936194;1;2
2017-05-17;13;2017-05-17 13:00:00;30,21;31,42;-1,2100000000000009;40878;26290;51523;3527;3669;24313;27982;29817;142;-1977;-1835;-0,06557787148881424;0,038702643772144996;-0,08131452309464073;-0,04005296259516719;1;2
2017-05-17;14;2017-05-17 14:00:00;29,14;30,77;-1,629999999999999;40878;25307;51523;4453;4191;23411;27602;29760;-262;-1896;-2158;-0,07818274038113181;-0,06251491290861369;-0,080987569945752;-0,05593685655456414;1;2
2017-05-17;15;2017-05-17 15:00:00;28,22;30,35;-2,1300000000000026;40878;22865;51523;5465;4753;21109;25862;28330;-712;-1756;-2468;-0,09542958781223417;-0,14980012623606143;-0,08318726609503056;-0,07547838412473433;1;2
2017-05-17;16;2017-05-17 16:00:00;29,48;31,85;-2,370000000000001;40878;18914;51523;6540;5336;17481;22817;25454;-1204;-1433;-2637;-0,11557172283823465;-0,22563718140929534;-0,08197471540529717;-0,08039348710990506;1;2
2017-05-17;17;2017-05-17 17:00:00;34,77;36,09;-1,3200000000000005;40878;13531;51523;8100;6164;12514;18678;21631;-1936;-1017;-2953;-0,15810043901916693;-0,31408176508760544;-0,08126897874380694;-0,037963761863675595;1;2
2017-05-17;18;2017-05-17 18:00:00;38,34;39,29;-0,9499999999999956;40878;7616;51523;9527;7348;6992;14340;17143;-2179;-624;-2803;-0,19546722454672247;-0,29654327708219924;-0,08924485125858124;-0,024778299426186635;1;2
2017-05-17;19;2017-05-17 19:00:00;40,98;40,15;0,8299999999999983;40878;2908;51523;10408;8851;2746;11597;13316;-1557;-162;-1719;-0,14822798999741313;-0,1759123262908146;-0,05899490167516387;0,02025378233284525;1;2
2017-05-17;20;2017-05-17 20:00:00;37,9;36,98;0,9200000000000016;40878;500;51523;11710;10933;541;11474;12210;-777;41;-736;-0,06414502353146244;-0,0710692399158511;0,07578558225508318;0,02427440633245387;1;2
2017-05-17;21;2017-05-17 21:00:00;34,02;37,82;-3,799999999999997;40878;3;51523;15544;13430;5;13435;15547;-2114;2;-2112;-0,15720133978414588;-0,15740878629932986;0,4;-0,11169900058788938;1;2
2017-05-17;22;2017-05-17 22:00:00;31,01;32,2;-1,1900000000000013;40878;0;51523;18677;15608;0;15608;18677;-3069;0;-3069;-0,19662993336750384;-0,19662993336750384;;-0,03837471783295715;1;2
2017-05-17;23;2017-05-17 23:00:00;26,68;28,52;-1,84;40878;0;51523;20028;16891;0;16891;20028;-3137;0;-3137;-0,18572020602687822;-0,18572020602687822;;-0,06896551724137931;1;2
2017-05-18;0;2017-05-18 00:00:00;26,04;23,91;2,129999999999999;40883;0;51565;19970;18270;0;18270;19970;-1700;0;-1700;-0,09304871373836891;-0,09304871373836891;;0,08179723502304144;1;3
2017-05-18;1;2017-05-18 01:00:00;24,31;19,63;4,68;40883;0;51565;19394;18207;0;18207;19394;-1187;0;-1187;-0,06519470533311364;-0,06519470533311364;;0,1925133689839572;1;3
2017-05-18;2;2017-05-18 02:00:00;22,43;20,53;1,8999999999999984;40883;0;51565;18920;17970;0;17970;18920;-950;0;-950;-0,05286588759042849;-0,05286588759042849;;0,084707980383415;1;3
2017-05-18;3;2017-05-18 03:00:00;20,68;20,93;-0,25;40883;0;51565;18018;17464;0;17464;18018;-554;0;-554;-0,031722400366468166;-0,031722400366468166;;-0,012088974854932303;1;3
2017-05-18;4;2017-05-18 04:00:00;22,46;25,17;-2,7100000000000013;40883;0;51565;17497;16883;0;16883;17497;-614;0;-614;-0,03636794408576675;-0,03636794408576675;;-0,12065894924309889;1;3
2017-05-18;5;2017-05-18 05:00:00;26,06;27,12;-1,0600000000000025;40883;114;51565;15939;16027;122;16149;16053;88;8;96;0,005944640535017648;0,00549073438572409;0,06557377049180328;-0,04067536454336157;1;3
2017-05-18;6;2017-05-18 06:00:00;32,68;30,11;2,5700000000000003;40883;1616;51565;14342;14732;1406;16138;15958;390;-210;180;0,011153798488040649;0,02647298398045072;-0,14935988620199148;0,07864137086903306;1;3
2017-05-18;7;2017-05-18 07:00:00;40,4;42,05;-1,6499999999999986;40883;5319;51565;11390;13041;4987;18028;16709;1651;-332;1319;0,07316396716219215;0,12660072080361937;-0,06657309003408864;-0,04084158415841581;1;3
2017-05-18;8;2017-05-18 08:00:00;42,98;43,6;-0,6200000000000045;40883;10492;51565;8317;11305;9909;21214;18809;2988;-583;2405;0,11336853021589516;0,2643078283945157;-0,05883540215965284;-0,014425314099581307;1;3
2017-05-18;9;2017-05-18 09:00:00;37,93;42,22;-4,289999999999999;40883;15132;51565;7529;10063;14635;24698;22661;2534;-497;2037;0,08247631387156855;0,25181357448077113;-0,03395968568500171;-0,11310308462958078;1;3
2017-05-18;10;2017-05-18 10:00:00;33,14;36,44;-3,299999999999997;40883;18544;51565;7617;9151;18098;27249;26161;1534;-446;1088;0,03992807075489009;0,1676319527920446;-0,02464360702840093;-0,09957754978877481;1;3
2017-05-18;11;2017-05-18 11:00:00;31,75;34,21;-2,460000000000001;40883;20485;51565;7747;8472;20195;28667;28232;725;-290;435;0,015174242159974883;0,08557601510859301;-0,014359990096558554;-0,07748031496062995;1;3
2017-05-18;12;2017-05-18 12:00:00;31,02;34,52;-3,500000000000004;40883;20797;51565;7256;7961;21040;29001;28053;705;243;948;0,03268852798179373;0,08855671398065569;0,011549429657794676;-0,11283043197936828;1;3
2017-05-18;13;2017-05-18 13:00:00;29,99;35,09;-5,100000000000005;40883;20265;51565;5895;7494;20461;27955;26160;1599;196;1795;0,06421033804328385;0,2133706965572458;0,009579199452617175;-0,17005668556185413;1;3
2017-05-18;14;2017-05-18 14:00:00;31,0;38,19;-7,189999999999998;40883;18802;51565;4784;6927;18732;25659;23586;2143;-70;2073;0,08079036595346661;0,3093691352677927;-0,0037369207772795215;-0,23193548387096766;1;3
2017-05-18;15;2017-05-18 15:00:00;30,78;40,3;-9,519999999999996;40883;16628;51565;4369;6324;16067;22391;20997;1955;-561;1394;0,062257156893394665;0,30913978494623656;-0,03491628804381652;-0,309291747888239;1;3
2017-05-18;16;2017-05-18 16:00:00;36,1;42,11;-6,009999999999998;40883;13251;51565;4005;5726;12617;18343;17256;1721;-634;1087;0,05925966308673609;0,3005588543485854;-0,05024966315288896;-0,16648199445983372;1;3
2017-05-18;17;2017-05-18 17:00:00;37,98;42,6;-4,6200000000000045;40883;9258;51565;3622;5158;8597;13755;12880;1536;-661;875;0,06361323155216285;0,2977898410236526;-0,07688728626264976;-0,12164296998420235;1;3
2017-05-18;18;2017-05-18 18:00:00;39,45;43,8;-4,349999999999993;40883;5393;51565;3342;4618;4756;9374;8735;1276;-637;639;0,06816727117559206;0,27631009094846254;-0,13393608074011776;-0,11026615969581731;1;3
2017-05-18;19;2017-05-18 19:00:00;39,54;43,39;-3,8500000000000014;40883;2317;51565;3583;4248;1957;6205;5900;665;-360;305;0,04915390813859791;0,1565442561205273;-0,18395503321410323;-0,09736975214972184;1;3
2017-05-18;20;2017-05-18 20:00:00;39,91;40,74;-0,8300000000000054;40883;441;51565;3773;4095;393;4488;4214;322;-48;274;0,06105169340463458;0,07863247863247863;-0,12213740458015267;-0,020796792783763604;1;3
2017-05-18;21;2017-05-18 21:00:00;38,95;38,45;0,5;40883;6;51565;3736;4089;3;4092;3742;353;-3;350;0,0855327468230694;0,08632917583761311;-1,0;0,012836970474967907;1;3
2017-05-18;22;2017-05-18 22:00:00;37,86;36,66;1,2000000000000028;40883;0;51565;4343;4147;0;4147;4343;-196;0;-196;-0,04726308174584037;-0,04726308174584037;;0,031695721077654594;1;3
2017-05-18;23;2017-05-18 23:00:00;32,26;29,88;2,379999999999999;40883;0;51565;4395;4119;0;4119;4395;-276;0;-276;-0,06700655498907501;-0,06700655498907501;;0,07377557346559203;1;3
2017-05-19;0;2017-05-19 00:00:00;30,0;26,56;3,4400000000000013;40888;0;51627;4550;3790;0;3790;4550;-760;0;-760;-0,20052770448548812;-0,20052770448548812;;0,11466666666666671;1;4
2017-05-19;1;2017-05-19 01:00:00;28,6;25,34;3,2600000000000016;40888;0;51627;4910;3755;0;3755;4910;-1155;0;-1155;-0,30758988015978694;-0,30758988015978694;;0,11398601398601403;1;4
2017-05-19;2;2017-05-19 02:00:00;26,67;23,85;2,8200000000000003;40888;0;51627;5082;3798;0;3798;5082;-1284;0;-1284;-0,3380726698262243;-0,3380726698262243;;0,10573678290213724;1;4
2017-05-19;3;2017-05-19 03:00:00;26,31;20,64;5,669999999999997;40888;0;51627;5065;3933;0;3933;5065;-1132;0;-1132;-0,28782100177981185;-0,28782100177981185;;0,21550741163055864;1;4
2017-05-19;4;2017-05-19 04:00:00;25,97;22,99;2,9800000000000004;40888;0;51627;5183;4262;0;4262;5183;-921;0;-921;-0,21609572970436414;-0,21609572970436414;;0,11474778590681557;1;4
2017-05-19;5;2017-05-19 05:00:00;27,6;25,92;1,6799999999999995;40888;106;51627;5589;4536;116;4652;5695;-1053;10;-1043;-0,22420464316423044;-0,23214285714285715;0,08620689655172414;0,060869565217391286;1;4
2017-05-19;6;2017-05-19 06:00:00;30,9;32,84;-1,9400000000000048;40888;1237;51627;5926;4617;1230;5847;7163;-1309;-7;-1316;-0,22507268684795623;-0,2835174355642192;-0,005691056910569106;-0,06278317152103575;1;4
2017-05-19;7;2017-05-19 07:00:00;39,91;37,62;2,289999999999999;40888;3782;51627;5552;4772;3857;8629;9334;-780;75;-705;-0,08170124000463554;-0,16345347862531434;0,01944516463572725;0,05737910298170883;1;4
2017-05-19;8;2017-05-19 08:00:00;41,55;39,02;2,529999999999994;40888;7368;51627;5052;4890;7281;12171;12420;-162;-87;-249;-0,020458466847424205;-0,033128834355828224;-0,011948908117016894;0,06089049338146797;1;4
2017-05-19;9;2017-05-19 09:00:00;39,9;38,43;1,4699999999999989;40888;10872;51627;4944;5029;10600;15629;15816;85;-272;-187;-0,01196493697613411;0,016901968582223106;-0,025660377358490565;0,03684210526315787;1;4
2017-05-19;10;2017-05-19 10:00:00;38,95;38,24;0,7100000000000009;40888;13742;51627;4847;5364;13048;18412;18589;517;-694;-177;-0,009613295676732565;0,09638329604772558;-0,053188228080931946;0,01822849807445445;1;4
2017-05-19;11;2017-05-19 11:00:00;39,8;39,06;0,7399999999999949;40888;15388;51627;5352;5680;14560;20240;20740;328;-828;-500;-0,024703557312252964;0,057746478873239436;-0,05686813186813187;0,018592964824120477;1;4
2017-05-19;12;2017-05-19 12:00:00;37,72;36,51;1,2100000000000009;40888;15624;51627;6355;5828;15204;21032;21979;-527;-420;-947;-0,0450266260935717;-0,09042553191489362;-0,027624309392265192;0,032078472958642655;1;4
2017-05-19;13;2017-05-19 13:00:00;36,38;35,56;0,8200000000000003;40888;14628;51627;6864;6037;14711;20748;21492;-827;83;-744;-0,035858877964141125;-0,1369885704820275;0,005642036571273197;0,022539857064321062;1;4
2017-05-19;14;2017-05-19 14:00:00;35,05;34,49;0,5599999999999952;40888;13022;51627;7258;6308;13362;19670;20280;-950;340;-610;-0,031011692933401117;-0,15060240963855423;0,02544529262086514;0,015977175463623258;1;4
2017-05-19;15;2017-05-19 15:00:00;34,59;32,14;2,450000000000003;40888;10620;51627;8036;6729;11360;18089;18656;-1307;740;-567;-0,031345016308253634;-0,19423391291425174;0,06514084507042253;0,07082971957213074;1;4
2017-05-19;16;2017-05-19 16:00:00;31,06;30,45;0,6099999999999994;40888;7788;51627;9364;7376;8855;16231;17152;-1988;1067;-921;-0,05674326905304664;-0,2695227765726681;0,12049689440993788;0,01963940759819702;1;4
2017-05-19;17;2017-05-19 17:00:00;36,01;31,46;4,549999999999997;40888;4896;51627;11290;7940;6114;14054;16186;-3350;1218;-2132;-0,15170058346378254;-0,42191435768261965;0,19921491658488713;0,12635379061371835;1;4
2017-05-19;18;2017-05-19 18:00:00;38,5;32,28;6,219999999999999;40888;2559;51627;13213;8260;3491;11751;15772;-4953;932;-4021;-0,3421836439451962;-0,599636803874092;0,2669722142652535;0,16155844155844154;1;4
2017-05-19;19;2017-05-19 19:00:00;38,97;31,79;7,18;40888;1055;51627;13911;8730;1457;10187;14966;-5181;402;-4779;-0,4691273191322273;-0,5934707903780069;0,27590940288263555;0,1842442904798563;1;4
2017-05-19;20;2017-05-19 20:00:00;36,04;30,22;5,82;40888;195;51627;13913;9256;288;9544;14108;-4657;93;-4564;-0,4782062028499581;-0,503133102852204;0,3229166666666667;0,16148723640399557;1;4
2017-05-19;21;2017-05-19 21:00:00;37,0;29,53;7,469999999999999;40888;2;51627;14408;9661;2;9663;14410;-4747;0;-4747;-0,4912553037358998;-0,49135700238070595;0,0;0,20189189189189186;1;4
2017-05-19;22;2017-05-19 22:00:00;36,98;27,75;9,229999999999997;40888;0;51627;15055;10005;0;10005;15055;-5050;0;-5050;-0,5047476261869065;-0,5047476261869065;;0,24959437533802048;1;4
2017-05-19;23;2017-05-19 23:00:00;32,76;23,61;9,15;40888;0;51627;15064;10038;0;10038;15064;-5026;0;-5026;-0,500697350069735;-0,500697350069735;;0,2793040293040293;1;4
2017-05-20;0;2017-05-20 00:00:00;24,02;19,61;4,41;40888;0;51639;14389;11066;0;11066;14389;-3323;0;-3323;-0,3002891740466293;-0,3002891740466293;;0,1835970024979184;1;5
2017-05-20;1;2017-05-20 01:00:00;24,26;19,41;4,850000000000001;40888;0;51639;13772;10916;0;10916;13772;-2856;0;-2856;-0,2616342982777574;-0,2616342982777574;;0,1999175597691674;1;5
2017-05-20;2;2017-05-20 02:00:00;24,74;21,01;3,729999999999997;40888;0;51639;13560;10701;0;10701;13560;-2859;0;-2859;-0,2671712924025792;-0,2671712924025792;;0,1507679870654809;1;5
2017-05-20;3;2017-05-20 03:00:00;26,71;20,02;6,690000000000001;40888;0;51639;12622;10301;0;10301;12622;-2321;0;-2321;-0,22531793029802932;-0,22531793029802932;;0,25046798951703486;1;5
2017-05-20;4;2017-05-20 04:00:00;25,93;20,16;5,77;40888;0;51639;11514;9868;0;9868;11514;-1646;0;-1646;-0,16680178354276448;-0,16680178354276448;;0,22252217508677208;1;5
2017-05-20;5;2017-05-20 05:00:00;24,08;21,07;3,009999999999998;40888;109;51639;10176;9304;81;9385;10285;-872;-28;-900;-0,09589770911028236;-0,0937231298366294;-0,345679012345679;0,12499999999999993;1;5
2017-05-20;6;2017-05-20 06:00:00;26,5;24,85;1,6499999999999986;40888;1337;51639;8991;8655;1037;9692;10328;-336;-300;-636;-0,06562113082955015;-0,038821490467937605;-0,2892960462873674;0,06226415094339617;1;5
2017-05-20;7;2017-05-20 07:00:00;26,06;27,01;-0,9500000000000028;40888;4639;51639;7914;8007;3527;11534;12553;93;-1112;-1019;-0,0883474943644876;0,011614837017609592;-0,3152821094414517;-0,03645433614735238;1;5
2017-05-20;8;2017-05-20 08:00:00;27,0;25,17;1,8299999999999983;40888;9598;51639;7627;7561;7160;14721;17225;-66;-2438;-2504;-0,17009714013993615;-0,008729004099986774;-0,3405027932960894;0,06777777777777771;1;5
2017-05-20;9;2017-05-20 09:00:00;25,3;20,7;4,600000000000001;40888;14517;51639;7630;7333;10907;18240;22147;-297;-3610;-3907;-0,21419956140350876;-0,040501840992772396;-0,330980104520033;0,18181818181818188;1;5
2017-05-20;10;2017-05-20 10:00:00;23,99;15,93;8,059999999999999;40888;17884;51639;7212;7176;13547;20723;25096;-36;-4337;-4373;-0,2110215702359697;-0,005016722408026756;-0,3201446814792943;0,33597332221759063;1;5
2017-05-20;11;2017-05-20 11:00:00;24,11;15,48;8,629999999999999;40888;19193;51639;7238;6949;15038;21987;26431;-289;-4155;-4444;-0,20211943421112474;-0,041588717801122464;-0,2763000398989227;0,3579427623392783;1;5
2017-05-20;12;2017-05-20 12:00:00;23,83;16,54;7,289999999999999;40888;18921;51639;6960;6492;15599;22091;25881;-468;-3322;-3790;-0,17156307998732515;-0,07208872458410351;-0,21296236938265273;0,3059169114561477;1;5
2017-05-20;13;2017-05-20 13:00:00;22,83;16,39;6,439999999999998;40888;18438;51639;6508;6014;15461;21475;24946;-494;-2977;-3471;-0,16162980209545982;-0,08214166943797806;-0,19254899424358063;0,28208497590889176;1;5
2017-05-20;14;2017-05-20 14:00:00;21,44;16,0;5,440000000000001;40888;17501;51639;6094;5593;14577;20170;23595;-501;-2924;-3425;-0,16980664352999505;-0,08957625603432863;-0,20058997050147492;0,25373134328358216;1;5
2017-05-20;15;2017-05-20 15:00:00;21,73;13,66;8,07;40888;15835;51639;5671;5154;13016;18170;21506;-517;-2819;-3336;-0,18359933957072097;-0,10031043849437331;-0,216579594345421;0,3713759779107225;1;5
2017-05-20;16;2017-05-20 16:00:00;23,92;15,93;7,990000000000002;40888;13536;51639;5296;4656;10922;15578;18832;-640;-2614;-3254;-0,20888432404673257;-0,13745704467353953;-0,23933345541109688;0,33403010033444824;1;5
2017-05-20;17;2017-05-20 17:00:00;25,64;16,61;9,03;40888;10111;51639;4763;4120;8188;12308;14874;-643;-1923;-2566;-0,20848228794280144;-0,15606796116504854;-0,23485588666340987;0,3521840873634945;1;5
2017-05-20;18;2017-05-20 18:00:00;29,0;25,23;3,77;40888;6298;51639;4057;3596;5096;8692;10355;-461;-1202;-1663;-0,19132535664979292;-0,12819799777530588;-0,2358712715855573;0,13;1;5
2017-05-20;19;2017-05-20 19:00:00;33,34;28,14;5,200000000000003;40888;2924;51639;3207;3149;2342;5491;6131;-58;-582;-640;-0,1165543616827536;-0,01841854557002223;-0,24850555081127243;0,1559688062387523;1;5
2017-05-20;20;2017-05-20 20:00:00;33,5;28,48;5,02;40888;628;51639;2444;2833;522;3355;3072;389;-106;283;0,08435171385991058;0,13731027179668195;-0,20306513409961685;0,14985074626865671;1;5
2017-05-20;21;2017-05-20 21:00:00;33,08;27,96;5,119999999999997;40888;10;51639;2406;2766;8;2774;2416;360;-2;358;0,12905551550108146;0,1301518438177874;-0,25;0,15477629987908095;1;5
2017-05-20;22;2017-05-20 22:00:00;34,12;28,07;6,049999999999998;40888;0;51639;2498;2870;0;2870;2498;372;0;372;0,12961672473867597;0,12961672473867597;;0,17731535756154743;1;5
2017-05-20;23;2017-05-20 23:00:00;30,05;25,78;4,27;40888;0;51639;2730;3029;0;3029;2730;299;0;299;0,09871244635193133;0,09871244635193133;;0,14209650582362726;1;5
2017-05-21;0;2017-05-21 00:00:00;23,66;23,26;0,3999999999999986;40889;0;51639;3139;3156;0;3156;3139;17;0;17;0,005386565272496832;0,005386565272496832;;0,016906170752324538;1;6
2017-05-21;1;2017-05-21 01:00:00;18,12;21,02;-2,8999999999999986;40889;0;51639;3539;3347;0;3347;3539;-192;0;-192;-0,05736480430236032;-0,05736480430236032;;-0,16004415011037518;1;6
2017-05-21;2;2017-05-21 02:00:00;14,12;17,86;-3,74;40889;0;51639;3910;3624;0;3624;3910;-286;0;-286;-0,07891832229580574;-0,07891832229580574;;-0,26487252124645894;1;6
2017-05-21;3;2017-05-21 03:00:00;12,18;13,07;-0,8900000000000006;40889;0;51639;4280;3880;0;3880;4280;-400;0;-400;-0,10309278350515463;-0,10309278350515463;;-0,07307060755336622;1;6
2017-05-21;4;2017-05-21 04:00:00;11,65;11,68;-0,029999999999999364;40889;0;51639;4498;4113;0;4113;4498;-385;0;-385;-0,0936056406515925;-0,0936056406515925;;-0,0025751072961372845;1;6
2017-05-21;5;2017-05-21 05:00:00;11,52;10,31;1,2099999999999989;40889;255;51639;4579;4124;147;4271;4834;-455;-108;-563;-0,13181924607820183;-0,11032977691561591;-0,7346938775510204;0,10503472222222213;1;6
2017-05-21;6;2017-05-21 06:00:00;11,98;9,74;2,24;40889;1854;51639;4303;3745;1524;5269;6157;-558;-330;-888;-0,16853292844942114;-0,14899866488651536;-0,21653543307086615;0,18697829716193656;1;6
2017-05-21;7;2017-05-21 07:00:00;12,36;10,73;1,629999999999999;40889;5810;51639;3269;3243;5404;8647;9079;-26;-406;-432;-0,049959523534173704;-0,008017267961763799;-0,07512953367875648;0,13187702265372162;1;6
2017-05-21;8;2017-05-21 08:00:00;13,7;12,99;0,7099999999999991;40889;11573;51639;2148;2753;11017;13770;13721;605;-556;49;0,003558460421205519;0,21976026153287323;-0,0504674593809567;0,05182481751824811;1;6
2017-05-21;9;2017-05-21 09:00:00;12,07;13,7;-1,629999999999999;40889;17392;51639;2332;2560;16611;19171;19724;228;-781;-553;-0,028845652287308957;0,0890625;-0,04701703690325688;-0,13504556752278368;1;6
2017-05-21;10;2017-05-21 10:00:00;10,02;10,29;-0,2699999999999996;40889;21279;51639;3024;2708;20304;23012;24303;-316;-975;-1291;-0,056101164609768814;-0,11669128508124077;-0,048020094562647754;-0,026946107784431097;1;6
2017-05-21;11;2017-05-21 11:00:00;11,86;10,39;1,4699999999999989;40889;21684;51639;2898;2787;21881;24668;24582;-111;197;86;0,003486298037943895;-0,03982777179763186;0,00900324482427677;0,123946037099494;1;6
2017-05-21;12;2017-05-21 12:00:00;12,29;12,05;0,23999999999999844;40889;21308;51639;2608;2709;22192;24901;23916;101;884;985;0,03955664431147343;0,03728313030638612;0,03983417447728911;0,019528071602929086;1;6
2017-05-21;13;2017-05-21 13:00:00;11,93;12,82;-0,8900000000000006;40889;20837;51639;2489;2579;21514;24093;23326;90;677;767;0,03183497281368032;0,03489724699495929;0,03146788137956679;-0,07460184409052813;1;6
2017-05-21;14;2017-05-21 14:00:00;10,28;12,25;-1,9700000000000009;40889;19999;51639;2400;2437;19797;22234;22399;37;-202;-165;-0,007421066834577674;0,015182601559294214;-0,01020356619689852;-0,19163424124513628;1;6
2017-05-21;15;2017-05-21 15:00:00;11,93;10,43;1,5;40889;18423;51639;2243;2278;17238;19516;20666;35;-1185;-1150;-0,05892600942816151;0,015364354697102721;-0,06874347372084928;0,12573344509639564;1;6
2017-05-21;16;2017-05-21 16:00:00;16,92;11,21;5,710000000000001;40889;15628;51639;2000;2135;14098;16233;17628;135;-1530;-1395;-0,08593605618185178;0,06323185011709602;-0,10852603206128529;0,33747044917257685;1;6
2017-05-21;17;2017-05-21 17:00:00;23,05;14,95;8,100000000000001;40889;11583;51639;1863;2027;10202;12229;13446;164;-1381;-1217;-0,09951754027312126;0,08090774543660582;-0,1353656145853754;0,35140997830802606;1;6
2017-05-21;18;2017-05-21 18:00:00;28,12;25,58;2,5400000000000027;40889;7098;51639;1800;1922;6006;7928;8898;122;-1092;-970;-0,12235116044399597;0,06347554630593132;-0,18181818181818182;0,0903271692745378;1;6
2017-05-21;19;2017-05-21 19:00:00;32,91;29,76;3,149999999999995;40889;3137;51639;1625;1915;2608;4523;4762;290;-529;-239;-0,05284103471147469;0,1514360313315927;-0,20283742331288343;0,09571558796718309;1;6
2017-05-21;20;2017-05-21 20:00:00;35,07;32,45;2,619999999999997;40889;696;51639;1813;2084;582;2666;2509;271;-114;157;0,05888972243060765;0,1300383877159309;-0,1958762886597938;0,0747077274023381;1;6
2017-05-21;21;2017-05-21 21:00:00;35,32;32,95;2,369999999999997;40889;16;51639;2406;2440;10;2450;2422;34;-6;28;0,011428571428571429;0,013934426229508197;-0,6;0,06710079275198179;1;6
2017-05-21;22;2017-05-21 22:00:00;36,11;31,67;4,439999999999999;40889;0;51639;3173;2884;0;2884;3173;-289;0;-289;-0,10020804438280166;-0,10020804438280166;;0,12295762946552198;1;6
2017-05-21;23;2017-05-21 23:00:00;33,43;28,9;4,530000000000001;40889;0;51639;3784;3194;0;3194;3784;-590;0;-590;-0,184721352536005;-0,184721352536005;;0,1355070296141191;1;6
2017-05-22;0;2017-05-22 00:00:00;29,84;26,2;3,640000000000001;40895;0;51659;4290;3190;0;3190;4290;-1100;0;-1100;-0,3448275862068966;-0,3448275862068966;;0,12198391420911532;1;0
2017-05-22;1;2017-05-22 01:00:00;28,01;23,55;4,460000000000001;40895;0;51659;4620;3269;0;3269;4620;-1351;0;-1351;-0,4132762312633833;-0,4132762312633833;;0,15922884684041416;1;0
2017-05-22;2;2017-05-22 02:00:00;26,9;22,33;4,57;40895;0;51659;4510;3360;0;3360;4510;-1150;0;-1150;-0,34226190476190477;-0,34226190476190477;;0,16988847583643124;1;0
2017-05-22;3;2017-05-22 03:00:00;26,01;21,84;4,170000000000002;40895;0;51659;4226;3322;0;3322;4226;-904;0;-904;-0,2721252257676099;-0,2721252257676099;;0,16032295271049601;1;0
2017-05-22;4;2017-05-22 04:00:00;26,86;21,85;5,009999999999998;40895;0;51659;4024;3225;0;3225;4024;-799;0;-799;-0,24775193798449613;-0,24775193798449613;;0,1865227103499627;1;0
2017-05-22;5;2017-05-22 05:00:00;27,38;23,32;4,059999999999999;40895;168;51659;4055;3078;154;3232;4223;-977;-14;-991;-0,3066212871287129;-0,3174139051332034;-0,09090909090909091;0,1482834185536888;1;0
2017-05-22;6;2017-05-22 06:00:00;35,49;29,99;5,500000000000004;40895;1760;51659;3810;2829;1558;4387;5570;-981;-202;-1183;-0,26966036015500344;-0,34676564156945916;-0,12965340179717585;0,15497323189630893;1;0
2017-05-22;7;2017-05-22 07:00:00;40,0;39,5;0,5;40895;5452;51659;3079;2455;5211;7666;8531;-624;-241;-865;-0,11283589877380641;-0,2541751527494908;-0,046248320859719826;0,0125;1;0
2017-05-22;8;2017-05-22 08:00:00;42,2;39,54;2,660000000000004;40895;10776;51659;1900;1908;10454;12362;12676;8;-322;-314;-0,025400420643908753;0,0041928721174004195;-0,030801607040367322;0,06303317535545033;1;0
2017-05-22;9;2017-05-22 09:00:00;38,82;36,67;2,1499999999999986;40895;16439;51659;1458;1403;15804;17207;17897;-55;-635;-690;-0,04009995931888185;-0,039201710620099785;-0,04017970134143255;0,055383822771767094;1;0
2017-05-22;10;2017-05-22 10:00:00;37,02;34,27;2,75;40895;21138;51659;1449;1242;19918;21160;22587;-207;-1220;-1427;-0,06743856332703213;-0,16666666666666666;-0,061251129631489105;0,07428417071853052;1;0
2017-05-22;11;2017-05-22 11:00:00;36,99;34,42;2,5700000000000003;40895;23514;51659;1518;1268;22133;23401;25032;-250;-1381;-1631;-0,0696978761591385;-0,1971608832807571;-0,06239551800478923;0,06947823736144905;1;0
2017-05-22;12;2017-05-22 12:00:00;36,96;33,86;3,1000000000000014;40895;23990;51659;1374;1266;22762;24028;25364;-108;-1228;-1336;-0,055601797902447146;-0,08530805687203792;-0,05394956506458132;0,08387445887445891;1;0
2017-05-22;13;2017-05-22 13:00:00;37,91;33,28;4,629999999999996;40895;23230;51659;1207;1224;22239;23463;24437;17;-991;-974;-0,04151216809444658;0,013888888888888888;-0,04456135617608705;0,12213136375626475;1;0
2017-05-22;14;2017-05-22 14:00:00;36,93;33,5;3,43;40895;22067;51659;1029;1228;20724;21952;23096;199;-1343;-1144;-0,05211370262390671;0,16205211726384364;-0,06480409187415556;0,09287841862984024;1;0
2017-05-22;15;2017-05-22 15:00:00;36,94;33,16;3,780000000000001;40895;20215;51659;934;1336;18278;19614;21149;402;-1937;-1535;-0,07826042622616498;0,3008982035928144;-0,10597439544807966;0,10232809962100707;1;0
2017-05-22;16;2017-05-22 16:00:00;36,2;33,98;2,220000000000006;40895;17344;51659;944;1400;15293;16693;18288;456;-2051;-1595;-0,0955490325286048;0,32571428571428573;-0,13411364676649448;0,06132596685082889;1;0
2017-05-22;17;2017-05-22 17:00:00;38,71;38,26;0,4500000000000029;40895;12938;51659;1103;1540;11316;12856;14041;437;-1622;-1185;-0,09217485998755445;0,2837662337662338;-0,1433368681512902;0,01162490312580736;1;0
2017-05-22;18;2017-05-22 18:00:00;43,65;40,83;2,8200000000000003;40895;7712;51659;1352;1774;6684;8458;9064;422;-1028;-606;-0,07164814376921258;0,237880496054115;-0,1538001196888091;0,06460481099656358;1;0
2017-05-22;19;2017-05-22 19:00:00;44,36;41,87;2,490000000000002;40895;3172;51659;1728;2209;2821;5030;4900;481;-351;130;0,02584493041749503;0,2177455862381168;-0,12442396313364056;0,05613165013525703;1;0
2017-05-22;20;2017-05-22 20:00:00;41,95;40,76;1,1900000000000048;40895;662;51659;2328;2895;641;3536;2990;567;-21;546;0,15441176470588236;0,19585492227979276;-0,0327613104524181;0,028367103694874964;1;0
2017-05-22;21;2017-05-22 21:00:00;41,21;40,95;0,259999999999998;40895;8;51659;3317;3696;10;3706;3325;379;2;381;0,10280626011872639;0,10254329004329005;0,2;0,006309148264984178;1;0
2017-05-22;22;2017-05-22 22:00:00;40,84;39,96;0,8800000000000026;40895;0;51659;4437;4574;0;4574;4437;137;0;137;0,029951902055094008;0,029951902055094008;;0,021547502448579885;1;0
2017-05-22;23;2017-05-22 23:00:00;34,07;35,34;-1,2700000000000031;40895;0;51659;5302;5166;0;5166;5302;-136;0;-136;-0,02632597754548974;-0,02632597754548974;;-0,03727619606692114;1;0
2017-05-23;0;2017-05-23 00:00:00;32,24;29,69;2,5500000000000007;40902;0;51709;5863;5593;0;5593;5863;-270;0;-270;-0,04827462900053638;-0,04827462900053638;;0,07909429280397023;1;1
2017-05-23;1;2017-05-23 01:00:00;32,17;30,26;1,91;40902;0;51709;6181;5635;0;5635;6181;-546;0;-546;-0,0968944099378882;-0,0968944099378882;;0,05937208579421821;1;1
2017-05-23;2;2017-05-23 02:00:00;29,72;30,63;-0,91;40902;0;51709;6156;5563;0;5563;6156;-593;0;-593;-0,10659715980586015;-0,10659715980586015;;-0,03061911170928668;1;1
2017-05-23;3;2017-05-23 03:00:00;28,05;28,05;0,0;40902;0;51709;6000;5440;0;5440;6000;-560;0;-560;-0,10294117647058823;-0,10294117647058823;;0,0;1;1
2017-05-23;4;2017-05-23 04:00:00;28,04;26,96;1,0799999999999983;40902;0;51709;5615;5340;0;5340;5615;-275;0;-275;-0,05149812734082397;-0,05149812734082397;;0,038516405135520626;1;1
2017-05-23;5;2017-05-23 05:00:00;29,71;28,05;1,66;40902;174;51709;5466;5206;170;5376;5640;-260;-4;-264;-0,049107142857142856;-0,049942374183634265;-0,023529411764705882;0,05587344328508919;1;1
2017-05-23;6;2017-05-23 06:00:00;36,99;34,43;2,5600000000000023;40902;1777;51709;5216;4892;1644;6536;6993;-324;-133;-457;-0,06992044063647491;-0,06623058053965658;-0,08090024330900243;0,06920789402541233;1;1
2017-05-23;7;2017-05-23 07:00:00;41,78;41,82;-0,03999999999999915;40902;5558;51709;4226;4416;5230;9646;9784;190;-328;-138;-0,01430644826871242;0,043025362318840576;-0,0627151051625239;-0,0009573958831976819;1;1
2017-05-23;8;2017-05-23 08:00:00;41,4;44,83;-3,43;40902;10928;51709;2335;3668;10353;14021;13263;1333;-575;758;0,054061764496112975;0,3634133042529989;-0,05553945716217522;-0,08285024154589372;1;1
2017-05-23;9;2017-05-23 09:00:00;41,89;42,71;-0,8200000000000003;40902;16354;51709;1432;3017;15616;18633;17786;1585;-738;847;0,045456984919229323;0,5253563142194233;-0,04725922131147541;-0,01957507758414897;1;1
2017-05-23;10;2017-05-23 10:00:00;38,05;39,78;-1,7300000000000042;40902;20676;51709;1563;2861;19833;22694;22239;1298;-843;455;0,020049352251696483;0,4536875218455086;-0,042504916049009224;-0,04546649145860721;1;1
2017-05-23;11;2017-05-23 11:00:00;36,94;38,13;-1,1900000000000048;40902;23267;51709;2656;3299;22395;25694;25923;643;-872;-229;-0,008912586596092472;0,19490754774173993;-0,03893726278187095;-0,03221440173253939;1;1
2017-05-23;12;2017-05-23 12:00:00;33,97;35,97;-2,0;40902;23932;51709;4970;4553;23353;27906;28902;-417;-579;-996;-0,03569124919372178;-0,09158796397979355;-0,024793388429752067;-0,0588754783632617;1;1
2017-05-23;13;2017-05-23 13:00:00;30,5;33,34;-2,8400000000000034;40902;23243;51709;7461;6222;22990;29212;30704;-1239;-253;-1492;-0,05107490072572915;-0,1991321118611379;-0,011004784688995215;-0,09311475409836077;1;1
2017-05-23;14;2017-05-23 14:00:00;31,01;32,26;-1,2499999999999964;40902;21332;51709;10430;8077;21589;29666;31762;-2353;257;-2096;-0,07065327310726084;-0,2913210350377615;0,011904210477558016;-0,0403095775556271;1;1
2017-05-23;15;2017-05-23 15:00:00;29,1;31,0;-1,8999999999999984;40902;18560;51709;13039;9677;18953;28630;31599;-3362;393;-2969;-0,10370241005937827;-0,34742172160793633;0,020735503614203555;-0,0652920962199312;1;1
2017-05-23;16;2017-05-23 16:00:00;29,06;29,07;-0,010000000000001565;40902;14824;51709;14666;11078;15351;26429;29490;-3588;527;-3061;-0,1158197434636195;-0,3238851778299332;0,03433001107419712;-0,00034411562284933123;1;1
2017-05-23;17;2017-05-23 17:00:00;31,84;34,21;-2,370000000000001;40902;10280;51709;15433;12095;10930;23025;25713;-3338;650;-2688;-0,11674267100977198;-0,27598181066556426;0,059469350411710885;-0,07443467336683421;1;1
2017-05-23;18;2017-05-23 18:00:00;33,75;38,88;-5,130000000000003;40902;5978;51709;16907;12567;6354;18921;22885;-4340;376;-3964;-0,20950266899212516;-0,34534892973661174;0,059175322631413285;-0,15200000000000008;1;1
2017-05-23;19;2017-05-23 19:00:00;37,11;39,87;-2,759999999999998;40902;2748;51709;16978;12842;2801;15643;19726;-4136;53;-4083;-0,2610113149651601;-0,32206821367388255;0,018921813637986434;-0,07437348423605492;1;1
2017-05-23;20;2017-05-23 20:00:00;35,64;37,42;-1,7800000000000011;40902;616;51709;16642;12977;648;13625;17258;-3665;32;-3633;-0,26664220183486237;-0,28242274793866073;0,04938271604938271;-0,04994388327721664;1;1
2017-05-23;21;2017-05-23 21:00:00;35,0;35,49;-0,490000000000002;40902;12;51709;16250;13113;12;13125;16262;-3137;0;-3137;-0,2390095238095238;-0,23922824677800655;0,0;-0,014000000000000058;1;1
2017-05-23;22;2017-05-23 22:00:00;30,99;36,28;-5,290000000000003;40902;0;51709;16057;13432;0;13432;16057;-2625;0;-2625;-0,19542882668254913;-0,19542882668254913;;-0,170700225879316;1;1
2017-05-23;23;2017-05-23 23:00:00;28,41;31,23;-2,8200000000000003;40902;0;51709;15896;13706;0;13706;15896;-2190;0;-2190;-0,15978403618853057;-0,15978403618853057;;-0,0992608236536431;1;1
2017-05-24;0;2017-05-24 00:00:00;27,15;30,29;-3,140000000000001;40910;0;51737;16124;15754;0;15754;16124;-370;0;-370;-0,023486098768566714;-0,023486098768566714;;-0,11565377532228366;1;2
2017-05-24;1;2017-05-24 01:00:00;24,45;29,37;-4,920000000000002;40910;0;51737;16248;16122;0;16122;16248;-126;0;-126;-0,007815407517677708;-0,007815407517677708;;-0,20122699386503076;1;2
2017-05-24;2;2017-05-24 02:00:00;20,09;26,55;-6,460000000000001;40910;0;51737;16190;16276;0;16276;16190;86;0;86;0,005283853526665028;0,005283853526665028;;-0,32155301144848186;1;2
2017-05-24;3;2017-05-24 03:00:00;20,13;27,06;-6,93;40910;0;51737;14734;16155;0;16155;14734;1421;0;1421;0,0879603837821108;0,0879603837821108;;-0,3442622950819672;1;2
2017-05-24;4;2017-05-24 04:00:00;21,56;31,45;-9,89;40910;0;51737;13758;15835;0;15835;13758;2077;0;2077;0,1311651405115251;0,1311651405115251;;-0,45871985157699446;1;2
2017-05-24;5;2017-05-24 05:00:00;26,03;36,52;-10,490000000000002;40910;158;51737;12777;15375;129;15504;12935;2598;-29;2569;0,16569917440660475;0,16897560975609757;-0,2248062015503876;-0,4029965424510181;1;2
2017-05-24;6;2017-05-24 06:00:00;30,1;39,64;-9,54;40910;1492;51737;11426;14918;1307;16225;12918;3492;-185;3307;0,20382126348228044;0,2340796353398579;-0,14154552410099464;-0,31694352159468436;1;2
2017-05-24;7;2017-05-24 07:00:00;36,93;44,7;-7,770000000000002;40910;4480;51737;10978;14682;4195;18877;15458;3704;-285;3419;0,18111988133707688;0,2522817054897153;-0,06793802145411204;-0,21039805036555653;1;2
2017-05-24;8;2017-05-24 08:00:00;37,55;45,33;-7,780000000000001;40910;8682;51737;12034;14609;8268;22877;20716;2575;-414;2161;0,09446168640993137;0,17626120884386337;-0,050072568940493466;-0,2071904127829561;1;2
2017-05-24;9;2017-05-24 09:00:00;34,97;39,12;-4,149999999999999;40910;12992;51737;12199;14645;12295;26940;25191;2446;-697;1749;0,06492204899777283;0,16701946056674633;-0,05668971126474177;-0,11867314841292533;1;2
2017-05-24;10;2017-05-24 10:00:00;31,98;36,78;-4,800000000000002;40910;16110;51737;12574;14639;15339;29978;28684;2065;-771;1294;0,04316498765761558;0,14106154791993988;-0,05026403285742226;-0,15009380863039404;1;2
2017-05-24;11;2017-05-24 11:00:00;32,35;37,45;-5,100000000000001;40910;17490;51737;13107;14566;17314;31880;30597;1459;-176;1283;0,040244667503136766;0,10016476726623644;-0,010165184243964422;-0,1576506955177744;1;2
2017-05-24;12;2017-05-24 12:00:00;30,09;36,56;-6,470000000000002;40910;17468;51737;12999;14501;18148;32649;30467;1502;680;2182;0,06683206223774082;0,10357906351286118;0,03746969363015208;-0,2150216018610835;1;2
2017-05-24;13;2017-05-24 13:00:00;28,8;36,44;-7,639999999999998;40910;16528;51737;13012;14383;17715;32098;29540;1371;1187;2558;0,07969343884354166;0,09532086490996315;0,06700536268698842;-0,2652777777777777;1;2
2017-05-24;14;2017-05-24 14:00:00;29,79;37,59;-7,800000000000003;40910;14198;51737;13035;14119;16323;30442;27233;1084;2125;3209;0,10541357335260496;0,07677597563566825;0,13018440237701404;-0,26183282980866074;1;2
2017-05-24;15;2017-05-24 15:00:00;32,96;38,64;-5,68;40910;11764;51737;12618;13574;14281;27855;24382;956;2517;3473;0,12468138574762161;0,07042876086636217;0,17624816189342482;-0,17233009708737862;1;2
2017-05-24;16;2017-05-24 16:00:00;32,13;39,36;-7,229999999999998;40910;9290;51737;11940;12772;11646;24418;21230;832;2356;3188;0,1305594233761979;0,06514249921703727;0,2023012193027649;-0,22502334267040142;1;2
2017-05-24;17;2017-05-24 17:00:00;36,91;41,59;-4,680000000000007;40910;6863;51737;11263;11684;8411;20095;18126;421;1548;1969;0,09798457327693456;0,036032180760013695;0,18404470336464154;-0,126794906529396;1;2
2017-05-24;18;2017-05-24 18:00:00;39,92;42,62;-2,699999999999996;40910;4490;51737;9878;10231;5075;15306;14368;353;585;938;0,06128315693192212;0,034502981135763854;0,11527093596059114;-0,06763527054108207;1;2
2017-05-24;19;2017-05-24 19:00:00;40,57;43,86;-3,2899999999999987;40910;2263;51737;7901;8630;2347;10977;10164;729;84;813;0,07406395189942608;0,08447276940903824;0,035790370685982106;-0,08109440473256098;1;2
2017-05-24;20;2017-05-24 20:00:00;40,84;42,44;-1,5999999999999943;40910;521;51737;6129;7482;563;8045;6650;1353;42;1395;0,17339962709757614;0,18083400160384924;0,07460035523978685;-0,0391772771792359;1;2
2017-05-24;21;2017-05-24 21:00:00;40,06;42,73;-2,6699999999999946;40910;14;51737;5360;6888;11;6899;5374;1528;-3;1525;0,22104652848238876;0,2218350754936121;-0,2727272727272727;-0,06665002496255602;1;2
2017-05-24;22;2017-05-24 22:00:00;40,98;42,05;-1,0700000000000005;40910;0;51737;5226;6712;0;6712;5226;1486;0;1486;0,22139451728247914;0,22139451728247914;;-0,02611029770619816;1;2
2017-05-24;23;2017-05-24 23:00:00;36,91;36,7;0,20999999999999372;40910;0;51737;5391;6728;0;6728;5391;1337;0;1337;0,1987217598097503;0,1987217598097503;;0,0056895150365752845;1;2
2017-05-25;0;2017-05-25 00:00:00;33,41;30,71;2,699999999999996;40911;0;51743;5777;6128;0;6128;5777;351;0;351;0,057278067885117495;0,057278067885117495;;0,0808141275067344;1;3
2017-05-25;1;2017-05-25 01:00:00;31,98;30,89;1,09;40911;0;51743;5979;6211;0;6211;5979;232;0;232;0,03735308323941394;0,03735308323941394;;0,034083802376485305;1;3
2017-05-25;2;2017-05-25 02:00:00;28,07;28,01;0,05999999999999873;40911;0;51743;6192;6316;0;6316;6192;124;0;124;0,019632678910702975;0,019632678910702975;;0,0021375133594584515;1;3
2017-05-25;3;2017-05-25 03:00:00;28,0;27,08;0,9200000000000016;40911;0;51743;6261;6369;0;6369;6261;108;0;108;0,016957136128120585;0,016957136128120585;;0,03285714285714291;1;3
2017-05-25;4;2017-05-25 04:00:00;27,97;25,62;2,349999999999998;40911;1;51743;6256;6355;0;6355;6257;99;-1;98;0,015420928402832415;0,015578284815106216;-inf;0,08401859134787265;1;3
2017-05-25;5;2017-05-25 05:00:00;26,97;26,04;0,9299999999999996;40911;160;51743;5942;6167;174;6341;6102;225;14;239;0,03769121589654629;0,03648451435057565;0,08045977011494253;0,03448275862068964;1;3
2017-05-25;6;2017-05-25 06:00:00;24,59;22,49;2,1000000000000014;40911;1609;51743;5548;5795;1516;7311;7157;247;-93;154;0,021064149911092872;0,04262295081967213;-0,06134564643799472;0,08540056933712897;1;3
2017-05-25;7;2017-05-25 07:00:00;24,93;22,36;2,5700000000000003;40911;4764;51743;5412;5513;4732;10245;10176;101;-32;69;0,006734992679355783;0,018320333756575366;-0,006762468300929839;0,10308864821500202;1;3
2017-05-25;8;2017-05-25 08:00:00;25,85;24,36;1,490000000000002;40911;9079;51743;6021;5693;9146;14839;15100;-328;67;-261;-0,017588786306354874;-0,057614614438784476;0,007325606822654713;0,057640232108317285;1;3
2017-05-25;9;2017-05-25 09:00:00;25,79;23,3;2,4899999999999984;40911;13816;51743;6384;6122;13667;19789;20200;-262;-149;-411;-0,020769114154328163;-0,04279647174126103;-0,010902173117728836;0,09654905001938731;1;3
2017-05-25;10;2017-05-25 10:00:00;25,59;19,98;5,6099999999999985;40911;17289;51743;6655;6703;17192;23895;23944;48;-97;-49;-0,0020506382088302994;0,007160972698791586;-0,005642159143787808;0,2192262602579132;1;3
2017-05-25;11;2017-05-25 11:00:00;26,02;18,0;8,02;40911;19118;51743;6768;7241;19365;26606;25886;473;247;720;0,027061565060512667;0,06532246927219998;0,012754970307255357;0,30822444273635663;1;3
2017-05-25;12;2017-05-25 12:00:00;25,16;20,73;4,43;40911;20333;51743;7058;7836;20343;28179;27391;778;10;788;0,027964086731253772;0,09928534966819806;0,000491569581674286;0,17607313195548488;1;3
2017-05-25;13;2017-05-25 13:00:00;21,74;15,97;5,769999999999998;40911;20788;51743;7066;8467;20253;28720;27854;1401;-535;866;0,030153203342618385;0,16546592653832526;-0,026415839628696983;0,26540938362465494;1;3
2017-05-25;14;2017-05-25 14:00:00;19,97;14,46;5,509999999999998;40911;20903;51743;6888;9058;19177;28235;27791;2170;-1726;444;0,015725163803789622;0,23956723338485317;-0,09000365020597591;0,2759138708062092;1;3
2017-05-25;15;2017-05-25 15:00:00;19,99;12,38;7,609999999999998;40911;19512;51743;7184;9612;17002;26614;26696;2428;-2510;-82;-0,0030810851431577364;0,2526009155222638;-0,1476296906246324;0,3806903451725862;1;3
2017-05-25;16;2017-05-25 16:00:00;21,12;10,94;10,18;40911;16432;51743;7368;9942;13743;23685;23800;2574;-2689;-115;-0,004855393709098586;0,25890162945081474;-0,19566324674379684;0,48200757575757575;1;3
2017-05-25;17;2017-05-25 17:00:00;27,08;21,53;5,549999999999998;40911;12346;51743;7343;9836;9923;19759;19689;2493;-2423;70;0,003542689407358672;0,2534566897112647;-0,24418018744331352;0,20494830132939432;1;3
2017-05-25;18;2017-05-25 18:00:00;29,9;28,74;1,16;40911;7579;51743;6908;9219;5999;15218;14487;2311;-1580;731;0,048035221448284926;0,25067794771667207;-0,2633772295382564;0,03879598662207358;1;3
2017-05-25;19;2017-05-25 19:00:00;33,92;33,81;0,10999999999999943;40911;3345;51743;5904;8360;2722;11082;9249;2456;-623;1833;0,1654033567948024;0,2937799043062201;-0,22887582659808964;0,00324292452830187;1;3
2017-05-25;20;2017-05-25 20:00:00;36,7;33,8;2,9000000000000057;40911;779;51743;4975;7645;662;8307;5754;2670;-117;2553;0,30733116648609604;0,34924787442773053;-0,17673716012084592;0,07901907356948244;1;3
2017-05-25;21;2017-05-25 21:00:00;36,69;33,71;2,979999999999997;40911;18;51743;5139;7397;17;7414;5157;2258;-1;2257;0,3044240625843;0,30525888873867785;-0,058823529411764705;0,08122104115562816;1;3
2017-05-25;22;2017-05-25 22:00:00;36,98;33,36;3,619999999999997;40911;0;51743;5664;7511;0;7511;5664;1847;0;1847;0,24590600452669417;0,24590600452669417;;0,0978907517577068;1;3
2017-05-25;23;2017-05-25 23:00:00;31,08;28,38;2,6999999999999997;40911;0;51743;5981;7598;0;7598;5981;1617;0;1617;0,21281916293761516;0,21281916293761516;;0,08687258687258687;1;3
2017-05-26;0;2017-05-26 00:00:00;28,12;27,44;0,6799999999999997;40914;0;51774;6074;6625;0;6625;6074;551;0;551;0,08316981132075471;0,08316981132075471;;0,02418207681365575;1;4
2017-05-26;1;2017-05-26 01:00:00;25,38;24,55;0,8299999999999983;40914;0;51774;5760;6496;0;6496;5760;736;0;736;0,11330049261083744;0,11330049261083744;;0,03270291568163902;1;4
2017-05-26;2;2017-05-26 02:00:00;24,06;23,11;0,9499999999999992;40914;0;51774;5682;6392;0;6392;5682;710;0;710;0,11107634543178974;0,11107634543178974;;0,039484621778886085;1;4
2017-05-26;3;2017-05-26 03:00:00;23,51;22,82;0,6900000000000013;40914;0;51774;5501;6221;0;6221;5501;720;0;720;0,11573701977174088;0,11573701977174088;;0,02934921310080822;1;4
2017-05-26;4;2017-05-26 04:00:00;24,27;20,3;3,969999999999999;40914;1;51774;5201;5955;0;5955;5202;754;-1;753;0,12644836272040302;0,1266162888329135;-inf;0,16357643180881742;1;4
2017-05-26;5;2017-05-26 05:00:00;26,39;22,42;3,969999999999999;40914;172;51774;4893;5476;186;5662;5065;583;14;597;0,10543977393147298;0,10646457268078889;0,07526881720430108;0,15043577112542625;1;4
2017-05-26;6;2017-05-26 06:00:00;33,94;26,31;7,629999999999999;40914;1736;51774;4429;4691;1580;6271;6165;262;-156;106;0,01690320523042577;0,05585163078234918;-0,09873417721518987;0,2248084855627578;1;4
2017-05-26;7;2017-05-26 07:00:00;37,93;30,51;7,419999999999997;40914;5577;51774;3370;3795;5184;8979;8947;425;-393;32;0,0035638712551509075;0,11198945981554677;-0,07581018518518519;0,19562351700500916;1;4
2017-05-26;8;2017-05-26 08:00:00;38,3;29,49;8,809999999999997;40914;10661;51774;2426;3126;10254;13380;13087;700;-407;293;0,021898355754857997;0,22392834293026231;-0,03969182757948118;0,23002610966057435;1;4
2017-05-26;9;2017-05-26 09:00:00;36,48;29,78;6,699999999999997;40914;16177;51774;2287;2787;15191;17978;18464;500;-986;-486;-0,027033040382689954;0,17940437746681018;-0,06490685274175499;0,1836622807017543;1;4
2017-05-26;10;2017-05-26 10:00:00;34,01;27,82;6,189999999999998;40914;20950;51774;2230;2534;19036;21570;23180;304;-1914;-1610;-0,0746407046824293;0,11996842936069456;-0,10054633326329061;0,18200529256101142;1;4
2017-05-26;11;2017-05-26 11:00:00;33,08;26,16;6,919999999999997;40914;24663;51774;2366;2387;21640;24027;27029;21;-3023;-3002;-0,12494277271403005;0,008797653958944282;-0,13969500924214417;0,20918984280532035;1;4
2017-05-26;12;2017-05-26 12:00:00;30,86;23,43;7,43;40914;26864;51774;2483;2359;23134;25493;29347;-124;-3730;-3854;-0,15117875495233984;-0,05256464603645612;-0,16123454655485434;0,2407647440051847;1;4
2017-05-26;13;2017-05-26 13:00:00;28,32;20,79;7,530000000000001;40914;27281;51774;2558;2366;23619;25985;29839;-192;-3662;-3854;-0,148316336347893;-0,08114961961115807;-0,15504466742876497;0,2658898305084746;1;4
2017-05-26;14;2017-05-26 14:00:00;27,12;20,77;6,350000000000001;40914;26228;51774;2643;2409;22986;25395;28871;-234;-3242;-3476;-0,13687733805867297;-0,09713574097135741;-0,14104237361872443;0,2341445427728614;1;4
2017-05-26;15;2017-05-26 15:00:00;27,53;20,86;6,670000000000003;40914;23627;51774;2638;2442;21157;23599;26265;-196;-2470;-2666;-0,11297088859697445;-0,08026208026208026;-0,11674623056198893;0,24228114783872148;1;4
2017-05-26;16;2017-05-26 16:00:00;28,63;23,83;4,800000000000002;40914;19839;51774;2589;2480;17956;20436;22428;-109;-1883;-1992;-0,09747504403992954;-0,04395161290322581;-0,10486745377589664;0,16765630457562003;1;4
2017-05-26;17;2017-05-26 17:00:00;34,64;32,95;1,6899999999999975;40914;14594;51774;2547;2501;13241;15742;17141;-46;-1353;-1399;-0,08887053741583026;-0,018392642942822873;-0,10218261460614757;0,04878752886836021;1;4
2017-05-26;18;2017-05-26 18:00:00;38,85;37,88;0,9699999999999988;40914;8460;51774;2548;2540;7613;10153;11008;-8;-847;-855;-0,08421156308480252;-0,0031496062992125984;-0,11125706029160647;0,024967824967824934;1;4
2017-05-26;19;2017-05-26 19:00:00;41,97;39,56;2,4099999999999966;40914;3432;51774;2556;2612;3046;5658;5988;56;-386;-330;-0,05832449628844114;0,021439509954058193;-0,12672357189757058;0,05742196807243261;1;4
2017-05-26;20;2017-05-26 20:00:00;41,95;40,99;0,9600000000000009;40914;753;51774;2709;2856;764;3620;3462;147;11;158;0,04364640883977901;0,051470588235294115;0,014397905759162303;0,022884386174016707;1;4
2017-05-26;21;2017-05-26 21:00:00;39,99;40,94;-0,9499999999999956;40914;20;51774;3696;3379;22;3401;3716;-317;2;-315;-0,09261981770067627;-0,09381473808819177;0,09090909090909091;-0,023755938984746077;1;4
2017-05-26;22;2017-05-26 22:00:00;39,96;39,54;0,4200000000000017;40914;0;51774;4554;3962;0;3962;4554;-592;0;-592;-0,14941948510853104;-0,14941948510853104;;0,010510510510510553;1;4
2017-05-26;23;2017-05-26 23:00:00;35,2;34,73;0,470000000000006;40914;0;51774;5460;4307;0;4307;5460;-1153;0;-1153;-0,2677037381007662;-0,2677037381007662;;0,013352272727272897;1;4
2017-05-27;0;2017-05-27 00:00:00;35,91;30,47;5,439999999999998;40915;0;51783;6328;5704;0;5704;6328;-624;0;-624;-0,1093969144460028;-0,1093969144460028;;0,15148983570036198;1;5
2017-05-27;1;2017-05-27 01:00:00;31,03;27,34;3,690000000000001;40915;0;51783;7022;5832;0;5832;7022;-1190;0;-1190;-0,20404663923182442;-0,20404663923182442;;0,11891717692555594;1;5
2017-05-27;2;2017-05-27 02:00:00;27,6;24,83;2,770000000000003;40915;0;51783;7689;5914;0;5914;7689;-1775;0;-1775;-0,3001352722353737;-0,3001352722353737;;0,10036231884057982;1;5
2017-05-27;3;2017-05-27 03:00:00;26,0;23,66;2,34;40915;0;51783;8321;5956;0;5956;8321;-2365;0;-2365;-0,3970785762256548;-0,3970785762256548;;0,09;1;5
2017-05-27;4;2017-05-27 04:00:00;24,58;21,76;2,8199999999999967;40915;1;51783;8707;6018;0;6018;8708;-2689;-1;-2690;-0,4469923562645397;-0,4468261881023596;-inf;0,11472742066720899;1;5
2017-05-27;5;2017-05-27 05:00:00;24,4;21,73;2,6699999999999977;40915;197;51783;8710;5971;210;6181;8907;-2739;13;-2726;-0,4410289597152564;-0,4587171328085748;0,06190476190476191;0,10942622950819664;1;5
2017-05-27;6;2017-05-27 06:00:00;26,1;22,89;3,2100000000000013;40915;1895;51783;8376;5653;1745;7398;10271;-2723;-150;-2873;-0,3883482022168154;-0,48169113744914205;-0,08595988538681948;0,12298850574712648;1;5
2017-05-27;7;2017-05-27 07:00:00;29,14;25,27;3,870000000000001;40915;6300;51783;6540;4883;5968;10851;12840;-1657;-332;-1989;-0,18330107824163672;-0,339340569322138;-0,05563002680965148;0,13280713795470148;1;5
2017-05-27;8;2017-05-27 08:00:00;30,13;26,54;3,59;40915;12492;51783;4407;3922;12109;16031;16899;-485;-383;-868;-0,05414509388060632;-0,1236613972463029;-0,03162936658683624;0,1191503484898772;1;5
2017-05-27;9;2017-05-27 09:00:00;29,36;23,44;5,919999999999997;40915;18453;51783;3977;3671;18088;21759;22430;-306;-365;-671;-0,030837814237786663;-0,08335603377826205;-0,020179124281291465;0,2016348773841961;1;5
2017-05-27;10;2017-05-27 10:00:00;26,1;18,38;7,720000000000002;40915;23024;51783;4384;3943;22737;26680;27408;-441;-287;-728;-0,027286356821589204;-0,11184377377631245;-0,012622597528257905;0,2957854406130269;1;5
2017-05-27;11;2017-05-27 11:00:00;24,69;14,02;10,670000000000002;40915;25976;51783;5102;4405;25798;30203;31078;-697;-178;-875;-0,028970632056418238;-0,15822928490351873;-0,006899759671292348;0,4321587687322803;1;5
2017-05-27;12;2017-05-27 12:00:00;22,04;11,72;10,32;40915;27488;51783;6044;4981;27378;32359;33532;-1063;-110;-1173;-0,036249575079576005;-0,21341096165428627;-0,004017824530645043;0,4682395644283122;1;5
2017-05-27;13;2017-05-27 13:00:00;15,27;10,29;4,98;40915;27634;51783;7223;5574;27523;33097;34857;-1649;-111;-1760;-0,053177025108015835;-0,29583781844277;-0,004032990589688624;0,32612966601178783;1;5
2017-05-27;14;2017-05-27 14:00:00;13,38;9,42;3,9600000000000013;40915;26486;51783;8156;6131;26346;32477;34642;-2025;-140;-2165;-0,06666256119715491;-0,33028869678682105;-0,005313899643209595;0,2959641255605382;1;5
2017-05-27;15;2017-05-27 15:00:00;14,9;7,54;7,36;40915;24030;51783;8607;6650;23760;30410;32637;-1957;-270;-2227;-0,07323248931272608;-0,29428571428571426;-0,011363636363636364;0,49395973154362416;1;5
2017-05-27;16;2017-05-27 16:00:00;20,09;10,93;9,16;40915;20117;51783;8692;7158;19750;26908;28809;-1534;-367;-1901;-0,07064813438382637;-0,21430567197541212;-0,018582278481012657;0,45594823295171727;1;5
2017-05-27;17;2017-05-27 17:00:00;27,31;20,71;6,599999999999998;40915;14713;51783;8513;7586;14290;21876;23226;-927;-423;-1350;-0,06171146461876029;-0,122198787239652;-0,02960111966410077;0,24166971805199555;1;5
2017-05-27;18;2017-05-27 18:00:00;34,3;30,59;3,709999999999997;40915;8609;51783;8592;7967;8182;16149;17201;-625;-427;-1052;-0,06514335252956839;-0,07844860047696749;-0,05218772916157419;0,10816326530612237;1;5
2017-05-27;19;2017-05-27 19:00:00;37,13;33,27;3,86;40915;3380;51783;8334;8519;3334;11853;11714;185;-46;139;0,011726988947945667;0,02171616386899871;-0,013797240551889621;0,10395906275249124;1;5
2017-05-27;20;2017-05-27 20:00:00;35,97;35,41;0,5600000000000023;40915;767;51783;8529;9758;817;10575;9296;1229;50;1279;0,12094562647754137;0,12594794015167043;0,06119951040391677;0,015568529329997284;1;5
2017-05-27;21;2017-05-27 21:00:00;34,34;38,2;-3,86;40915;18;51783;11388;11883;26;11909;11406;495;8;503;0,04223696364094382;0,04165614743751578;0,3076923076923077;-0,1124053581828771;1;5
2017-05-27;22;2017-05-27 22:00:00;33,98;36,53;-2,5500000000000043;40915;0;51783;14019;14030;0;14030;14019;11;0;11;0,0007840342124019957;0,0007840342124019957;;-0,07504414361389065;1;5
2017-05-27;23;2017-05-27 23:00:00;24,68;27,4;-2,719999999999999;40915;0;51783;15292;15081;0;15081;15292;-211;0;-211;-0,01399111464756979;-0,01399111464756979;;-0,11021069692058343;1;5
2017-05-28;0;2017-05-28 00:00:00;20,72;19,43;1,2899999999999991;40915;0;51789;15224;15555;0;15555;15224;331;0;331;0,021279331404693024;0,021279331404693024;;0,06225868725868722;1;6
2017-05-28;1;2017-05-28 01:00:00;16,08;18,45;-2,370000000000001;40915;0;51789;14348;14914;0;14914;14348;566;0;566;0,03795091859997318;0,03795091859997318;;-0,1473880597014926;1;6
2017-05-28;2;2017-05-28 02:00:00;18,66;18,59;0,07000000000000027;40915;0;51789;13002;14095;0;14095;13002;1093;0;1093;0,07754522880454062;0,07754522880454062;;0,003751339764201515;1;6
2017-05-28;3;2017-05-28 03:00:00;16,58;17,15;-0,5700000000000003;40915;0;51789;11497;12979;0;12979;11497;1482;0;1482;0,11418445180676477;0,11418445180676477;;-0,03437876960193006;1;6
2017-05-28;4;2017-05-28 04:00:00;14,25;18,35;-4,100000000000001;40915;2;51789;10604;11760;0;11760;10606;1156;-2;1154;0,09812925170068028;0,09829931972789116;-inf;-0,28771929824561415;1;6
2017-05-28;5;2017-05-28 05:00:00;9,91;11,9;-1,99;40915;209;51789;10166;10523;214;10737;10375;357;5;362;0,03371519046288535;0,033925686591276254;0,02336448598130841;-0,20080726538849647;1;6
2017-05-28;6;2017-05-28 06:00:00;14,36;10,31;4,049999999999999;40915;1834;51789;9201;9020;1697;10717;11035;-181;-137;-318;-0,029672482970980685;-0,02006651884700665;-0,0807307012374779;0,28203342618384397;1;6
2017-05-28;7;2017-05-28 07:00:00;18,27;12,09;6,18;40915;5698;51789;7455;7171;5766;12937;13153;-284;68;-216;-0,016696297441447013;-0,039603960396039604;0,011793270898369753;0,33825944170771755;1;6
2017-05-28;8;2017-05-28 08:00:00;19,04;14,4;4,639999999999999;40915;11185;51789;5830;5779;11401;17180;17015;-51;216;165;0,00960419091967404;-0,008825056238103477;0,018945706516972194;0,24369747899159658;1;6
2017-05-28;9;2017-05-28 09:00:00;17,18;15,85;1,33;40915;16733;51789;5011;5248;16807;22055;21744;237;74;311;0,014101110859215598;0,045160060975609755;0,004402927351698697;0,07741559953434227;1;6
2017-05-28;10;2017-05-28 10:00:00;11,65;18,97;-7,3199999999999985;40915;20704;51789;5184;5017;21124;26141;25888;-167;420;253;0,009678283156726981;-0,03328682479569464;0,019882597992804393;-0,6283261802575106;1;6
2017-05-28;11;2017-05-28 11:00:00;11,63;16,86;-5,229999999999999;40915;23334;51789;5868;5040;24024;29064;29202;-828;690;-138;-0,004748142031379026;-0,16428571428571428;0,02872127872127872;-0,4496990541702492;1;6
2017-05-28;12;2017-05-28 12:00:00;15,07;16,25;-1,1799999999999995;40915;24948;51789;7042;5299;25458;30757;31990;-1743;510;-1233;-0,040088435152973306;-0,3289299867899604;0,020032995522036294;-0,07830126078301257;1;6
2017-05-28;13;2017-05-28 13:00:00;10,18;14,92;-4,74;40915;25070;51789;7797;5581;25382;30963;32867;-2216;312;-1904;-0,06149274941058683;-0,3970614585199785;0,01229217555748168;-0,46561886051080553;1;6
2017-05-28;14;2017-05-28 14:00:00;10,08;12,7;-2,619999999999999;40915;23885;51789;7956;5759;24012;29771;31841;-2197;127;-2070;-0,06953075140237143;-0,38148984198645597;0,0052890221555888725;-0,25992063492063483;1;6
2017-05-28;15;2017-05-28 15:00:00;10,14;14,06;-3,92;40915;21469;51789;7417;5772;21338;27110;28886;-1645;-131;-1776;-0,06551088159350793;-0,284996534996535;-0,006139282032055488;-0,3865877712031558;1;6
2017-05-28;16;2017-05-28 16:00:00;10,08;16,73;-6,65;40915;17481;51789;6750;5730;17426;23156;24231;-1020;-55;-1075;-0,046424252893418554;-0,17801047120418848;-0,003156203374268335;-0,6597222222222222;1;6
2017-05-28;17;2017-05-28 17:00:00;21,95;25,76;-3,8100000000000014;40915;12571;51789;6513;5451;12441;17892;19084;-1062;-130;-1192;-0,06662195394589761;-0,19482663731425426;-0,01044932079414838;-0,17357630979498867;1;6
2017-05-28;18;2017-05-28 18:00:00;31,05;38,62;-7,569999999999998;40915;7325;51789;5805;5007;7042;12049;13130;-798;-283;-1081;-0,08971698896173956;-0,15937687237866988;-0,04018744674808293;-0,24380032206119154;1;6
2017-05-28;19;2017-05-28 19:00:00;36,95;40,99;-4,039999999999999;40915;3166;51789;4702;4692;2929;7621;7868;-10;-237;-247;-0,032410444823513976;-0,002131287297527707;-0,08091498805052919;-0,10933694181326113;1;6
2017-05-28;20;2017-05-28 20:00:00;38,66;41,6;-2,940000000000005;40915;807;51789;4183;4566;753;5319;4990;383;-54;329;0,06185373190449332;0,0838808585194919;-0,07171314741035857;-0,07604759441282993;1;6
2017-05-28;21;2017-05-28 21:00:00;38,65;42,45;-3,800000000000004;40915;30;51789;4601;4693;24;4717;4631;92;-6;86;0,01823192707229171;0,019603665033027913;-0,25;-0,09831824062095741;1;6
2017-05-28;22;2017-05-28 22:00:00;40,66;46,3;-5,6400000000000015;40915;0;51789;4383;4933;0;4933;4383;550;0;550;0,11149401986620718;0,11149401986620718;;-0,13871126414166263;1;6
2017-05-28;23;2017-05-28 23:00:00;36,92;42,88;-5,960000000000001;40915;0;51789;4023;5025;0;5025;4023;1002;0;1002;0,19940298507462687;0,19940298507462687;;-0,16143011917659805;1;6
2017-05-29;0;2017-05-29 00:00:00;29,02;36,29;-7,27;40922;0;51820;3564;4190;0;4190;3564;626;0;626;0,14940334128878283;0,14940334128878283;;-0,2505168849069607;1;0
2017-05-29;1;2017-05-29 01:00:00;28,3;30,81;-2,509999999999998;40922;0;51820;3357;3873;0;3873;3357;516;0;516;0,1332300542215337;0,1332300542215337;;-0,08869257950530028;1;0
2017-05-29;2;2017-05-29 02:00:00;26,27;30,11;-3,84;40922;0;51820;3236;3518;0;3518;3236;282;0;282;0,0801591813530415;0,0801591813530415;;-0,14617434335744195;1;0
2017-05-29;3;2017-05-29 03:00:00;25,6;28,02;-2,4199999999999977;40922;0;51820;2940;3195;0;3195;2940;255;0;255;0,07981220657276995;0,07981220657276995;;-0,0945312499999999;1;0
2017-05-29;4;2017-05-29 04:00:00;25,6;26,29;-0,6899999999999977;40922;2;51820;2845;2902;0;2902;2847;57;-2;55;0,018952446588559616;0,019641626464507237;-inf;-0,02695312499999991;1;0
2017-05-29;5;2017-05-29 05:00:00;26,4;28,79;-2,390000000000001;40922;194;51820;2994;2565;210;2775;3188;-429;16;-413;-0,14882882882882884;-0,1672514619883041;0,0761904761904762;-0,09053030303030307;1;0
2017-05-29;6;2017-05-29 06:00:00;35,97;37,7;-1,7300000000000042;40922;1686;51820;2568;2234;1636;3870;4254;-334;-50;-384;-0,09922480620155039;-0,1495076096687556;-0,030562347188264057;-0,04809563525159867;1;0
2017-05-29;7;2017-05-29 07:00:00;42,7;48,19;-5,489999999999995;40922;4869;51820;1820;1887;5358;7245;6689;67;489;556;0,07674258109040717;0,03550609432962374;0,09126539753639418;-0,12857142857142845;1;0
2017-05-29;8;2017-05-29 08:00:00;43,06;59,13;-16,07;40922;9306;51820;1172;1582;10388;11970;10478;410;1082;1492;0,12464494569757728;0,25916561314791403;0,10415864458991143;-0,37320018578727354;1;0
2017-05-29;9;2017-05-29 09:00:00;42,71;52,15;-9,439999999999998;40922;14381;51820;1111;1383;15382;16765;15492;272;1001;1273;0,07593200119296152;0,19667389732465654;0,06507606293069822;-0,22102552095527975;1;0
2017-05-29;10;2017-05-29 10:00:00;41,82;49,73;-7,9099999999999975;40922;19014;51820;1319;1293;19676;20969;20333;-26;662;636;0,03033048786303591;-0,020108275328692964;0,033645049806871316;-0,189143950263032;1;0
2017-05-29;11;2017-05-29 11:00:00;41,32;46,09;-4,770000000000003;40922;22638;51820;1037;1336;22748;24084;23675;299;110;409;0,01698222886563694;0,22380239520958084;0,004835589941972921;-0,11544046466602137;1;0
2017-05-29;12;2017-05-29 12:00:00;37,99;42,49;-4,5;40922;24666;51820;1160;1479;24485;25964;25826;319;-181;138;0,00531505160992143;0,21568627450980393;-0,00739228098836022;-0,11845222426954462;1;0
2017-05-29;13;2017-05-29 13:00:00;37,41;42,8;-5,3900000000000015;40922;24880;51820;1428;1668;24754;26422;26308;240;-126;114;0,00431458632957384;0,14388489208633093;-0,005090086450674639;-0,14407912322908317;1;0
2017-05-29;14;2017-05-29 14:00:00;35,58;43,01;-7,43;40922;24032;51820;1621;1856;23698;25554;25653;235;-334;-99;-0,0038741488612350316;0,12661637931034483;-0,014094016372689679;-0,20882518268690275;1;0
2017-05-29;15;2017-05-29 15:00:00;36,32;43,75;-7,43;40922;21540;51820;1983;2002;21165;23167;23523;19;-375;-356;-0,015366685371433505;0,00949050949050949;-0,01771793054571226;-0,2045704845814978;1;0
2017-05-29;16;2017-05-29 16:00:00;37,91;46,7;-8,790000000000006;40922;17693;51820;2118;2127;17336;19463;19811;9;-357;-348;-0,01788008015208344;0,004231311706629055;-0,02059298569450854;-0,2318649432867319;1;0
2017-05-29;17;2017-05-29 17:00:00;42,18;53,53;-11,35;40922;12606;51820;2211;2199;12431;14630;14817;-12;-175;-187;-0,012781954887218045;-0,005457025920873124;-0,014077708953422894;-0,26908487434803224;1;0
2017-05-29;18;2017-05-29 18:00:00;44,08;63,85;-19,770000000000003;40922;7270;51820;2491;2309;7173;9482;9761;-182;-97;-279;-0,02942417211558743;-0,07882200086617583;-0,013522933221803988;-0,4485027223230491;1;0
2017-05-29;19;2017-05-29 19:00:00;46,15;69,23;-23,080000000000005;40922;3104;51820;2419;2749;3081;5830;5523;330;-23;307;0,052658662092624355;0,12004365223717715;-0,007465108730931516;-0,5001083423618636;1;0
2017-05-29;20;2017-05-29 20:00:00;43,76;70,67;-26,910000000000004;40922;799;51820;2241;3431;800;4231;3040;1190;1;1191;0,2814937367052706;0,34683765665986593;0,00125;-0,6149451553930532;1;0
2017-05-29;21;2017-05-29 21:00:00;42,02;73,82;-31,79999999999999;40922;26;51820;2554;4191;29;4220;2580;1637;3;1640;0,3886255924170616;0,390598902409926;0,10344827586206896;-0,7567824845311754;1;0
2017-05-29;22;2017-05-29 22:00:00;40,91;66,57;-25,66;40922;0;51820;3124;5139;0;5139;3124;2015;0;2015;0,3920996302782643;0,3920996302782643;;-0,6272305059887558;1;0
2017-05-29;23;2017-05-29 23:00:00;32,69;50,13;-17,440000000000005;40922;0;51820;3629;5776;0;5776;3629;2147;0;2147;0,3717105263157895;0,3717105263157895;;-0,5334964821046193;1;0
2017-05-30;0;2017-05-30 00:00:00;35,81;42,06;-6,25;40942;0;51885;3808;4608;0;4608;3808;800;0;800;0,1736111111111111;0,1736111111111111;;-0,17453225356045796;1;1
2017-05-30;1;2017-05-30 01:00:00;32,55;37,67;-5,1200000000000045;40942;0;51885;3813;4760;0;4760;3813;947;0;947;0,19894957983193276;0,19894957983193276;;-0,1572964669738865;1;1
2017-05-30;2;2017-05-30 02:00:00;30,93;35,66;-4,729999999999997;40942;0;51885;4281;4924;0;4924;4281;643;0;643;0,13058489033306256;0,13058489033306256;;-0,1529259618493371;1;1
2017-05-30;3;2017-05-30 03:00:00;28,77;35,55;-6,779999999999998;40942;0;51885;4900;5124;0;5124;4900;224;0;224;0,04371584699453552;0,04371584699453552;;-0,2356621480709071;1;1
2017-05-30;4;2017-05-30 04:00:00;28,41;31,6;-3,1900000000000013;40942;2;51885;5332;5434;1;5435;5334;102;-1;101;0,01858325666973321;0,018770702981229296;-1,0;-0,11228440689897928;1;1
2017-05-30;5;2017-05-30 05:00:00;31,3;35,48;-4,179999999999996;40942;200;51885;5602;5577;225;5802;5802;-25;25;0;0,0;-0,004482696790389098;0,1111111111111111;-0,13354632587859414;1;1
2017-05-30;6;2017-05-30 06:00:00;38,05;42,88;-4,8300000000000045;40942;1692;51885;5299;5389;1691;7080;6991;90;-1;89;0,012570621468926554;0,01670068658378178;-0,0005913660555884093;-0,12693823915900143;1;1
2017-05-30;7;2017-05-30 07:00:00;49,6;51,3;-1,6999999999999955;40942;4845;51885;4848;5047;5176;10223;9693;199;331;530;0,05184388144380319;0,03942936397860115;0,06394899536321484;-0,034274193548387004;1;1
2017-05-30;8;2017-05-30 08:00:00;52,23;63,24;-11,010000000000005;40942;9075;51885;4460;4838;9869;14707;13535;378;794;1172;0,07968994356428911;0,0781314592806945;0,0804539467017935;-0,21079839172889156;1;1
2017-05-30;9;2017-05-30 09:00:00;50,08;55,4;-5,32;40942;13063;51885;5283;5200;14472;19672;18346;-83;1409;1326;0,06740544936966246;-0,01596153846153846;0,09736042012161415;-0,1062300319488818;1;1
2017-05-30;10;2017-05-30 10:00:00;45,02;51,11;-6,089999999999996;40942;16120;51885;7304;6148;18182;24330;23424;-1156;2062;906;0,03723797780517879;-0,18802862719583605;0,11340886591134089;-0,13527321190581953;1;1
2017-05-30;11;2017-05-30 11:00:00;43,26;46,36;-3,1000000000000014;40942;17939;51885;8836;7573;20643;28216;26775;-1263;2704;1441;0,051070314715055284;-0,16677670672124653;0,1309887128808797;-0,07165973185390664;1;1
2017-05-30;12;2017-05-30 12:00:00;35,0;44,68;-9,68;40942;18747;51885;9038;9324;21780;31104;27785;286;3033;3319;0,1067065329218107;0,030673530673530673;0,13925619834710745;-0,2765714285714286;1;1
2017-05-30;13;2017-05-30 13:00:00;31,09;45,07;-13,98;40942;18778;51885;9898;11130;21609;32739;28676;1232;2831;4063;0,12410275206939736;0,11069182389937107;0,13101022722013975;-0,44966227082663235;1;1
2017-05-30;14;2017-05-30 14:00:00;30,3;43,9;-13,599999999999998;40942;18054;51885;10447;12423;20431;32854;28501;1976;2377;4353;0,13249528215742376;0,1590598084198664;0,11634281239293232;-0,4488448844884488;1;1
2017-05-30;15;2017-05-30 15:00:00;30,95;43,35;-12,400000000000002;40942;16628;51885;9626;12854;18174;31028;26254;3228;1546;4774;0,1538610287482274;0,2511280535241948;0,08506657862881038;-0,4006462035541196;1;1
2017-05-30;16;2017-05-30 16:00:00;31,57;44,61;-13,04;40942;13369;51885;10206;12962;14892;27854;23575;2756;1523;4279;0,15362245996984275;0,21262150902638483;0,10226967499328499;-0,41305036426987646;1;1
2017-05-30;17;2017-05-30 17:00:00;35,1;46,14;-11,04;40942;9272;51885;9960;12736;10739;23475;19232;2776;1467;4243;0,1807454739084132;0,217964824120603;0,13660489803519882;-0,31452991452991447;1;1
2017-05-30;18;2017-05-30 18:00:00;39,91;47,48;-7,57;40942;5377;51885;9858;12130;6362;18492;15235;2272;985;3257;0,17613021847285312;0,18730420445177245;0,15482552656397358;-0,18967677273866201;1;1
2017-05-30;19;2017-05-30 19:00:00;41,96;49,17;-7,210000000000001;40942;2510;51885;10393;11505;2905;14410;12903;1112;395;1507;0,10458015267175573;0,09665362885701868;0,1359724612736661;-0,17183031458531936;1;1
2017-05-30;20;2017-05-30 20:00:00;40,06;46,92;-6,8599999999999985;40942;734;51885;10643;11029;761;11790;11377;386;27;413;0,035029686174724343;0,03499863994922477;0,035479632063074903;-0,17124313529705437;1;1
2017-05-30;21;2017-05-30 21:00:00;39,21;43,83;-4,619999999999997;40942;26;51885;11956;10945;27;10972;11982;-1011;1;-1010;-0,0920524972657674;-0,0923709456372773;0,037037037037037035;-0,11782708492731439;1;1
2017-05-30;22;2017-05-30 22:00:00;34,44;38,7;-4,260000000000005;40942;0;51885;13043;11283;0;11283;13043;-1760;0;-1760;-0,1559868829212089;-0,1559868829212089;;-0,12369337979094093;1;1
2017-05-30;23;2017-05-30 23:00:00;28,44;32,17;-3,73;40942;0;51885;13415;11785;0;11785;13415;-1630;0;-1630;-0,13831141281289774;-0,13831141281289774;;-0,13115330520393811;1;1
2017-05-31;0;2017-05-31 00:00:00;28,68;29,59;-0,91;40973;0;52035;13837;12261;0;12261;13837;-1576;0;-1576;-0,12853763967049997;-0,12853763967049997;;-0,03172942817294282;1;2
2017-05-31;1;2017-05-31 01:00:00;28,38;27,82;0,5599999999999987;40973;0;52035;14032;12979;0;12979;14032;-1053;0;-1053;-0,08113105786270129;-0,08113105786270129;;0,01973220577871736;1;2
2017-05-31;2;2017-05-31 02:00:00;27,28;27,27;0,010000000000001565;40973;0;52035;13490;13403;0;13403;13490;-87;0;-87;-0,006491084085652466;-0,006491084085652466;;0,0003665689149560691;1;2
2017-05-31;3;2017-05-31 03:00:00;27,09;29,05;-1,9600000000000009;40973;0;52035;13633;13518;0;13518;13633;-115;0;-115;-0,008507175617694925;-0,008507175617694925;;-0,07235142118863053;1;2
2017-05-31;4;2017-05-31 04:00:00;27,37;26,15;1,2200000000000024;40973;2;52035;13547;13506;1;13507;13549;-41;-1;-42;-0,003109498778411194;-0,003035687842440397;-1,0;0,04457435147972241;1;2
2017-05-31;5;2017-05-31 05:00:00;28,33;28,42;-0,09000000000000341;40973;200;52035;13407;13350;216;13566;13607;-57;16;-41;-0,0030222615361934248;-0,004269662921348315;0,07407407407407407;-0,003176844334627724;1;2
2017-05-31;6;2017-05-31 06:00:00;32,09;34,11;-2,019999999999996;40973;1714;52035;13128;13117;1660;14777;14842;-11;-54;-65;-0,004398727752588482;-0,0008386063886559427;-0,03253012048192771;-0,06294795886569012;1;2
2017-05-31;7;2017-05-31 07:00:00;39,07;40,71;-1,6400000000000006;40973;4948;52035;12974;13156;4854;18010;17922;182;-94;88;0,0048861743475846755;0,01383399209486166;-0,019365471775854966;-0,04197594061940109;1;2
2017-05-31;8;2017-05-31 08:00:00;39,94;40,64;-0,7000000000000028;40973;9637;52035;13243;13578;9286;22864;22880;335;-351;-16;-0,0006997900629811056;0,02467226395640006;-0,037798836958862804;-0,0175262894341513;1;2
2017-05-31;9;2017-05-31 09:00:00;35,13;34,8;0,3300000000000054;40973;14646;52035;13482;14177;13725;27902;28128;695;-921;-226;-0,008099777793706544;0,0490230655286732;-0,06710382513661202;0,009393680614859248;1;2
2017-05-31;10;2017-05-31 10:00:00;30,08;30,71;-0,6300000000000026;40973;18322;52035;14168;14795;17323;32118;32490;627;-999;-372;-0,011582290304502148;0,04237918215613383;-0,05766899497777521;-0,0209441489361703;1;2
2017-05-31;11;2017-05-31 11:00:00;29,61;31,22;-1,6099999999999994;40973;20462;52035;15326;15281;19853;35134;35788;-45;-609;-654;-0,018614447543689874;-0,0029448334533080296;-0,03067546466528988;-0,05437352245862882;1;2
2017-05-31;12;2017-05-31 12:00:00;29,75;30,58;-0,8299999999999983;40973;21690;52035;15516;15630;21375;37005;37206;114;-315;-201;-0,005431698419132549;0,007293666026871401;-0,014736842105263158;-0,02789915966386549;1;2
2017-05-31;13;2017-05-31 13:00:00;28,7;30,85;-2,150000000000002;40973;21781;52035;15596;15863;21888;37751;37377;267;107;374;0,00990702233053429;0,01683162075269495;0,004888523391812866;-0,0749128919860628;1;2
2017-05-31;14;2017-05-31 14:00:00;28,37;31,97;-3,5999999999999983;40973;21323;52035;15142;15984;21265;37249;36465;842;-58;784;0,021047544900534242;0,05267767767767768;-0,0027274864801316717;-0,12689460697920332;1;2
2017-05-31;15;2017-05-31 15:00:00;29,98;32,04;-2,0599999999999987;40973;20027;52035;14747;15959;19441;35400;34774;1212;-586;626;0,01768361581920904;0,07594460805814901;-0,030142482382593486;-0,06871247498332217;1;2
2017-05-31;16;2017-05-31 16:00:00;29,9;32,51;-2,6099999999999994;40973;17051;52035;14498;15787;16332;32119;31549;1289;-719;570;0,01774650518384757;0,08164945841515171;-0,04402400195934362;-0,08729096989966553;1;2
2017-05-31;17;2017-05-31 17:00:00;35,29;33,45;1,8399999999999963;40973;12938;52035;13958;15281;12056;27337;26896;1323;-882;441;0,01613198229505798;0,08657810352725608;-0,07315859323158594;0,05213941626523084;1;2
2017-05-31;18;2017-05-31 18:00:00;38,95;40,76;-1,8099999999999952;40973;7966;52035;13506;14300;7139;21439;21472;794;-827;-33;-0,0015392508978963571;0,05552447552447552;-0,11584255497968904;-0,0464698331193837;1;2
2017-05-31;19;2017-05-31 19:00:00;42,11;41,36;0,75;40973;3560;52035;12251;13032;3099;16131;15811;781;-461;320;0,01983757981526254;0,05992940454266421;-0,14875766376250404;0,017810496319164093;1;2
2017-05-31;20;2017-05-31 20:00:00;41,45;40,81;0,6400000000000006;40973;915;52035;10423;11723;824;12547;11338;1300;-91;1209;0,09635769506654977;0,11089311609656231;-0,1104368932038835;0,015440289505428239;1;2
2017-05-31;21;2017-05-31 21:00:00;41,75;40,19;1,5600000000000025;40973;37;52035;9329;10612;35;10647;9366;1283;-2;1281;0,1203155818540434;0,1209008669430833;-0,05714285714285714;0,037365269461077905;1;2
2017-05-31;22;2017-05-31 22:00:00;40,51;40,23;0,28000000000000114;40973;0;52035;8999;9749;0;9749;8999;750;0;750;0,07693096727869525;0,07693096727869525;;0,0069118736114539905;1;2
2017-05-31;23;2017-05-31 23:00:00;31,2;32,98;-1,7799999999999976;40973;0;52035;8602;9051;0;9051;8602;449;0;449;0,04960777814606121;0,04960777814606121;;-0,057051282051281973;1;2
2017-06-01;0;2017-06-01 00:00:00;30,51;29,53;0,9800000000000004;40987;0;52035;7902;7489;0;7489;7902;-413;0;-413;-0,05514754973961811;-0,05514754973961811;;0,03212061619141266;1;3
2017-06-01;1;2017-06-01 01:00:00;28,85;29,52;-0,6699999999999982;40987;0;52035;7233;6988;0;6988;7233;-245;0;-245;-0,03506010303377218;-0,03506010303377218;;-0,023223570190641182;1;3
2017-06-01;2;2017-06-01 02:00:00;28,94;28,26;0,6799999999999997;40987;0;52035;6642;6609;0;6609;6642;-33;0;-33;-0,004993191103041307;-0,004993191103041307;;0,02349689011748444;1;3
2017-06-01;3;2017-06-01 03:00:00;29,1;25,22;3,8800000000000026;40987;0;52035;6174;6270;0;6270;6174;96;0;96;0,015311004784688996;0,015311004784688996;;0,13333333333333341;1;3
2017-06-01;4;2017-06-01 04:00:00;28,8;25,44;3,3599999999999994;40987;3;52035;6160;5969;1;5970;6163;-191;-2;-193;-0,03232830820770519;-0,031998659742000335;-2,0;0,11666666666666664;1;3
2017-06-01;5;2017-06-01 05:00:00;28,81;25,75;3,0599999999999987;40987;238;52035;5821;5599;247;5846;6059;-222;9;-213;-0,036435169346561755;-0,03964993748883729;0,03643724696356275;0,10621312044429014;1;3
2017-06-01;6;2017-06-01 06:00:00;34,43;27,72;6,710000000000001;40987;2016;52035;4987;5151;1793;6944;7003;164;-223;-59;-0,008496543778801843;0,031838477965443604;-0,12437255995538204;0,19488817891373805;1;3
2017-06-01;7;2017-06-01 07:00:00;39,35;37,24;2,1099999999999994;40987;5950;52035;4103;4734;5736;10470;10053;631;-214;417;0,03982808022922636;0,13329108576256865;-0,03730822873082287;0,05362134688691231;1;3
2017-06-01;8;2017-06-01 08:00:00;41,28;38,61;2,6700000000000017;40987;11070;52035;4424;4372;11296;15668;15494;-52;226;174;0,011105437835077865;-0,011893870082342177;0,020007082152974504;0,06468023255813958;1;3
2017-06-01;9;2017-06-01 09:00:00;38,03;34,95;3,0799999999999983;40987;16493;52035;4196;4028;16710;20738;20689;-168;217;49;0,0023628122287588003;-0,041708043694141016;0,01298623578695392;0,08098869313699707;1;3
2017-06-01;10;2017-06-01 10:00:00;33,24;31,5;1,740000000000002;40987;21298;52035;3880;3721;21106;24827;25178;-159;-192;-351;-0,014137833809964957;-0,04273044880408492;-0,00909693925897849;0,05234657039711197;1;3
2017-06-01;11;2017-06-01 11:00:00;33,0;31,8;1,1999999999999993;40987;24244;52035;3955;3487;24101;27588;28199;-468;-143;-611;-0,022147310424822386;-0,1342127903642099;-0,005933363760839799;0,03636363636363634;1;3
2017-06-01;12;2017-06-01 12:00:00;31,01;30,71;0,3000000000000007;40987;25473;52035;3783;3327;25655;28982;29256;-456;182;-274;-0,009454143951418121;-0,13706041478809738;0,007094133697135061;0,009674298613350554;1;3
2017-06-01;13;2017-06-01 13:00:00;31,86;29,58;2,2800000000000007;40987;25483;52035;3577;3238;25741;28979;29060;-339;258;-81;-0,002795127506125125;-0,10469425571340334;0,010022920632454062;0,07156308851224108;1;3
2017-06-01;14;2017-06-01 14:00:00;31,34;30,11;1,2300000000000004;40987;24452;52035;3412;3212;24597;27809;27864;-200;145;-55;-0,001977776978675968;-0,062266500622665005;0,0058950278489246655;0,039246968730057445;1;3
2017-06-01;15;2017-06-01 15:00:00;34,08;30,34;3,7399999999999984;40987;22407;52035;3156;3181;22205;25386;25563;25;-202;-177;-0,006972346962892933;0,00785916378497328;-0,009097050213915785;0,10974178403755865;1;3
2017-06-01;16;2017-06-01 16:00:00;35,08;31,51;3,5699999999999967;40987;18871;52035;2977;3050;18430;21480;21848;73;-441;-368;-0,01713221601489758;0,023934426229508195;-0,023928377645143786;0,10176738882554152;1;3
2017-06-01;17;2017-06-01 17:00:00;40,96;34,41;6,550000000000003;40987;13955;52035;2885;2830;13362;16192;16840;-55;-593;-648;-0,0400197628458498;-0,019434628975265017;-0,044379583894626554;0,15991210937500008;1;3
2017-06-01;18;2017-06-01 18:00:00;44,92;38,61;6,310000000000002;40987;8321;52035;2721;2518;7708;10226;11042;-203;-613;-816;-0,07979659690983767;-0,08061953931691819;-0,07952776336274;0,14047195013357083;1;3
2017-06-01;19;2017-06-01 19:00:00;50,0;42,2;7,799999999999998;40987;3680;52035;2404;2247;3187;5434;6084;-157;-493;-650;-0,11961722488038277;-0,06987093902981753;-0,15469093191088798;0,15599999999999997;1;3
2017-06-01;20;2017-06-01 20:00:00;46,88;41,92;4,960000000000001;40987;990;52035;1874;2177;845;3022;2864;303;-145;158;0,05228325612177366;0,13918236104731282;-0,17159763313609466;0,10580204778156997;1;3
2017-06-01;21;2017-06-01 21:00:00;44,91;40,51;4,399999999999999;40987;40;52035;2088;2383;39;2422;2128;295;-1;294;0,12138728323699421;0,12379353755770038;-0,02564102564102564;0,09797372522823422;1;3
2017-06-01;22;2017-06-01 22:00:00;44,95;39,54;5,410000000000004;40987;0;52035;2450;2741;0;2741;2450;291;0;291;0,10616563298066399;0,10616563298066399;;0,12035595105672978;1;3
2017-06-01;23;2017-06-01 23:00:00;39,94;33,99;5,949999999999997;40987;0;52035;2485;2964;0;2964;2485;479;0;479;0,1616059379217274;0,1616059379217274;;0,14897346019028535;1;3
2017-06-02;0;2017-06-02 00:00:00;30,41;30,47;-0,05999999999999873;40990;0;52050;2280;2863;0;2863;2280;583;0;583;0,2036325532658051;0,2036325532658051;;-0,0019730351857941046;1;4
2017-06-02;1;2017-06-02 01:00:00;29,32;30,69;-1,370000000000001;40990;0;52050;2124;2639;0;2639;2124;515;0;515;0,1951496779082986;0,1951496779082986;;-0,04672578444747616;1;4
2017-06-02;2;2017-06-02 02:00:00;28,38;29,94;-1,5600000000000025;40990;0;52050;1824;2457;0;2457;1824;633;0;633;0,2576312576312576;0,2576312576312576;;-0,05496828752642715;1;4
2017-06-02;3;2017-06-02 03:00:00;28,04;26,95;1,09;40990;0;52050;1619;2271;0;2271;1619;652;0;652;0,2870981946279172;0,2870981946279172;;0,03887303851640514;1;4
2017-06-02;4;2017-06-02 04:00:00;28,32;27,1;1,2199999999999989;40990;4;52050;1400;2037;1;2038;1404;637;-3;634;0,31108930323846906;0,3127147766323024;-3,0;0,0430790960451977;1;4
2017-06-02;5;2017-06-02 05:00:00;28,36;28,3;0,05999999999999873;40990;242;52050;1320;1799;252;2051;1562;479;10;489;0,23842028278888347;0,2662590327959978;0,03968253968253968;0,0021156558533144826;1;4
2017-06-02;6;2017-06-02 06:00:00;35,33;33,14;2,1899999999999977;40990;2049;52050;1248;1552;1813;3365;3297;304;-236;68;0,020208023774145618;0,1958762886597938;-0,13017098731384447;0,06198697990376444;1;4
2017-06-02;7;2017-06-02 07:00:00;40,24;38,61;1,6300000000000026;40990;6091;52050;992;1269;5744;7013;7083;277;-347;-70;-0,009981462997290746;0,21828211189913319;-0,0604108635097493;0,04050695825049708;1;4
2017-06-02;8;2017-06-02 08:00:00;41,5;39,45;2,0499999999999967;40990;11312;52050;568;972;11194;12166;11880;404;-118;286;0,023508137432188065;0,4156378600823045;-0,010541361443630517;0,049397590361445705;1;4
2017-06-02;9;2017-06-02 09:00:00;39,96;36,54;3,4200000000000017;40990;16531;52050;424;758;16489;17247;16955;334;-42;292;0,016930480663303764;0,44063324538258575;-0,0025471526472193584;0,08558558558558563;1;4
2017-06-02;10;2017-06-02 10:00:00;38,67;35,78;2,890000000000001;40990;20722;52050;410;684;20612;21296;21132;274;-110;164;0,007700976709241172;0,40058479532163743;-0,0053366970696681545;0,07473493664339283;1;4
2017-06-02;11;2017-06-02 11:00:00;37,89;35,0;2,890000000000001;40990;23736;52050;484;664;23269;23933;24220;180;-467;-287;-0,011991810470897923;0,2710843373493976;-0,020069620525162233;0,07627342306677226;1;4
2017-06-02;12;2017-06-02 12:00:00;37,34;34,15;3,190000000000005;40990;24694;52050;651;674;24353;25027;25345;23;-341;-318;-0,01270627722060175;0,03412462908011869;-0,014002381636759332;0,08543117300482068;1;4
2017-06-02;13;2017-06-02 13:00:00;35,08;33,34;1,7399999999999949;40990;23812;52050;806;687;23893;24580;24618;-119;81;-38;-0,001545972335231896;-0,17321688500727803;0,0033901142594065206;0,04960091220068401;1;4
2017-06-02;14;2017-06-02 14:00:00;33,62;34,7;-1,0800000000000054;40990;21991;52050;886;713;22401;23114;22877;-173;410;237;0,010253526001557498;-0,2426367461430575;0,018302754341324046;-0,03212373587150522;1;4
2017-06-02;15;2017-06-02 15:00:00;34,82;34,68;0,14000000000000054;40990;19243;52050;918;758;19854;20612;20161;-160;611;451;0,021880457985639434;-0,21108179419525067;0,030774654981363957;0,004020677771395765;1;4
2017-06-02;16;2017-06-02 16:00:00;35,96;36,0;-0,03999999999999915;40990;15822;52050;1055;805;16256;17061;16877;-250;434;184;0,01078483090088506;-0,3105590062111801;0,026697834645669292;-0,0011123470522802878;1;4
2017-06-02;17;2017-06-02 17:00:00;39,7;38,46;1,240000000000002;40990;11719;52050;1105;909;11724;12633;12824;-196;5;-191;-0,015119132430934852;-0,2156215621562156;0,00042647560559535994;0,03123425692695219;1;4
2017-06-02;18;2017-06-02 18:00:00;42,78;39,87;2,910000000000004;40990;7046;52050;1520;1136;6869;8005;8566;-384;-177;-561;-0,07008119925046846;-0,3380281690140845;-0,025767942932013392;0,06802244039270697;1;4
2017-06-02;19;2017-06-02 19:00:00;44,9;39,05;5,850000000000001;40990;3169;52050;2020;1522;3018;4540;5189;-498;-151;-649;-0,14295154185022027;-0,3272010512483574;-0,050033134526176276;0,13028953229398668;1;4
2017-06-02;20;2017-06-02 20:00:00;43,52;38,98;4,540000000000006;40990;784;52050;2308;2179;808;2987;3092;-129;24;-105;-0,03515232674924674;-0,05920146856356127;0,0297029702970297;0,10431985294117661;1;4
2017-06-02;21;2017-06-02 21:00:00;41,98;38,94;3,0399999999999987;40990;26;52050;3615;3077;38;3115;3641;-538;12;-526;-0,16886035313001604;-0,1748456288592785;0,3157894736842105;0,07241543592186753;1;4
2017-06-02;22;2017-06-02 22:00:00;41,96;38,91;3,0500000000000043;40990;0;52050;5198;4028;0;4028;5198;-1170;0;-1170;-0,29046673286991065;-0,29046673286991065;;0,0726882745471879;1;4
2017-06-02;23;2017-06-02 23:00:00;36,64;33,71;2,93;40990;0;52050;6364;4764;0;4764;6364;-1600;0;-1600;-0,33585222502099077;-0,33585222502099077;;0,07996724890829694;1;4
2017-06-03;0;2017-06-03 00:00:00;30,08;30,64;-0,5600000000000023;40991;0;52056;6986;5692;0;5692;6986;-1294;0;-1294;-0,22733661278988054;-0,22733661278988054;;-0,01861702127659582;1;5
2017-06-03;1;2017-06-03 01:00:00;30,76;33,51;-2,7499999999999964;40991;0;52056;7095;5574;0;5574;7095;-1521;0;-1521;-0,2728740581270183;-0,2728740581270183;;-0,08940182054616373;1;5
2017-06-03;2;2017-06-03 02:00:00;28,74;30,9;-2,16;40991;0;52056;7090;5434;0;5434;7090;-1656;0;-1656;-0,30474788369525213;-0,30474788369525213;;-0,07515657620041755;1;5
2017-06-03;3;2017-06-03 03:00:00;27,06;29,4;-2,34;40991;0;52056;7247;5284;0;5284;7247;-1963;0;-1963;-0,3714988644965935;-0,3714988644965935;;-0,08647450110864745;1;5
2017-06-03;4;2017-06-03 04:00:00;26,49;27,58;-1,09;40991;4;52056;7175;5132;1;5133;7179;-2043;-3;-2046;-0,3985973115137347;-0,3980904130943102;-3,0;-0,04114760286900718;1;5
2017-06-03;5;2017-06-03 05:00:00;25,0;24,93;0,07000000000000027;40991;216;52056;6893;4867;251;5118;7109;-2026;35;-1991;-0,38901914810472843;-0,41627285802342306;0,1394422310756972;0,002800000000000011;1;5
2017-06-03;6;2017-06-03 06:00:00;26,51;26,56;-0,049999999999997165;40991;1656;52056;6326;4394;1796;6190;7982;-1932;140;-1792;-0,28949919224555737;-0,43969048702776514;0,0779510022271715;-0,0018860807242548911;1;5
2017-06-03;7;2017-06-03 07:00:00;26,89;26,27;0,620000000000001;40991;4748;52056;5006;3705;5117;8822;9754;-1301;369;-932;-0,10564497846293358;-0,35114709851551956;0,07211256595661521;0,023056898475269653;1;5
2017-06-03;8;2017-06-03 08:00:00;30,79;33,07;-2,2800000000000007;40991;8898;52056;3893;3054;9607;12661;12791;-839;709;-130;-0,010267751362451623;-0,27472167648984935;0,07380035390860831;-0,07405001623903867;1;5
2017-06-03;9;2017-06-03 09:00:00;31,25;33,74;-2,490000000000002;40991;13212;52056;3306;2639;14059;16698;16518;-667;847;180;0,010779734099892203;-0,25274725274725274;0,06024610569741803;-0,07968000000000007;1;5
2017-06-03;10;2017-06-03 10:00:00;28,31;31,64;-3,330000000000002;40991;17069;52056;3032;2479;17653;20132;20101;-553;584;31;0,0015398370753030002;-0,22307382008874546;0,0330821956607942;-0,11762628046626641;1;5
2017-06-03;11;2017-06-03 11:00:00;27,03;29,31;-2,2799999999999976;40991;19557;52056;3425;2726;20061;22787;22982;-699;504;-195;-0,008557510861456093;-0,2564196625091709;0,02512337371018394;-0,08435072142064363;1;5
2017-06-03;12;2017-06-03 12:00:00;26,49;28,49;-2,0;40991;20205;52056;3762;3183;21224;24407;23967;-579;1019;440;0,018027615028475438;-0,18190386427898209;0,04801168488503581;-0,07550018875047187;1;5
2017-06-03;13;2017-06-03 13:00:00;26,93;29,03;-2,1000000000000014;40991;19155;52056;3762;3574;20807;24381;22917;-188;1652;1464;0,060046757721176326;-0,05260212646894236;0,07939635699524199;-0,07797994801336805;1;5
2017-06-03;14;2017-06-03 14:00:00;26,71;28,1;-1,3900000000000006;40991;17234;52056;3546;3715;19277;22992;20780;169;2043;2212;0,09620737647877523;0,045491251682368776;0,10598122114436893;-0,052040434294271826;1;5
2017-06-03;15;2017-06-03 15:00:00;26,97;28,29;-1,3200000000000005;40991;14757;52056;3170;3690;16839;20529;17927;520;2082;2602;0,12674752788737884;0,14092140921409213;0,12364154641011936;-0,04894327030033373;1;5
2017-06-03;16;2017-06-03 16:00:00;28,29;28,42;-0,13000000000000256;40991;11736;52056;2951;3660;13342;17002;14687;709;1606;2315;0,13616045171156335;0,1937158469945355;0,12037175835706791;-0,004595263343937878;1;5
2017-06-03;17;2017-06-03 17:00:00;33,94;34,59;-0,6500000000000057;40991;8747;52056;2770;3690;9234;12924;11517;920;487;1407;0,10886722376973074;0,24932249322493225;0,05273987437730128;-0,01915144372421938;1;5
2017-06-03;18;2017-06-03 18:00:00;37,3;38,23;-0,9299999999999996;40991;5077;52056;2436;3929;5455;9384;7513;1493;378;1871;0,19938192668371696;0,3799949096462204;0,06929422548120989;-0,024932975871313663;1;5
2017-06-03;19;2017-06-03 19:00:00;38,16;39,02;-0,8600000000000065;40991;2277;52056;2610;4367;2515;6882;4887;1757;238;1995;0,2898866608544028;0,4023356995649187;0,09463220675944334;-0,022536687631027428;1;5
2017-06-03;20;2017-06-03 20:00:00;36,96;39,48;-2,519999999999996;40991;522;52056;2928;4852;636;5488;3450;1924;114;2038;0,3713556851311953;0,3965375103050289;0,1792452830188679;-0,06818181818181807;1;5
2017-06-03;21;2017-06-03 21:00:00;36,97;39,27;-2,3000000000000043;40991;14;52056;2896;5438;27;5465;2910;2542;13;2555;0,46752058554437326;0,4674512688488415;0,48148148148148145;-0,06221260481471475;1;5
2017-06-03;22;2017-06-03 22:00:00;38,57;41,4;-2,8299999999999983;40991;0;52056;2848;6138;0;6138;2848;3290;0;3290;0,5360052134245683;0,5360052134245683;;-0,07337308789214411;1;5
2017-06-03;23;2017-06-03 23:00:00;35,91;38,13;-2,220000000000006;40991;0;52056;3332;6680;0;6680;3332;3348;0;3348;0,5011976047904192;0,5011976047904192;;-0,06182121971595673;1;5
2017-06-04;0;2017-06-04 00:00:00;29,93;31,3;-1,370000000000001;40991;0;52062;3406;4487;0;4487;3406;1081;0;1081;0,2409182081568977;0,2409182081568977;;-0,0457734714333445;1;6
2017-06-04;1;2017-06-04 01:00:00;26,93;27,35;-0,4200000000000017;40991;0;52062;3941;4826;0;4826;3941;885;0;885;0,1833816825528388;0,1833816825528388;;-0,015595989602673662;1;6
2017-06-04;2;2017-06-04 02:00:00;23,24;24,44;-1,2000000000000028;40991;0;52062;4430;5222;0;5222;4430;792;0;792;0,15166602834163156;0,15166602834163156;;-0,051635111876075855;1;6
2017-06-04;3;2017-06-04 03:00:00;22,54;24,12;-1,5800000000000018;40991;0;52062;5191;5594;0;5594;5191;403;0;403;0,07204147300679299;0,07204147300679299;;-0,07009760425909503;1;6
2017-06-04;4;2017-06-04 04:00:00;21,58;18,78;2,799999999999997;40991;3;52062;5827;6046;1;6047;5830;219;-2;217;0,03588556308913511;0,03622229573271585;-2,0;0,12974976830398505;1;6
2017-06-04;5;2017-06-04 05:00:00;19,5;13,63;5,869999999999999;40991;89;52062;6382;6522;111;6633;6471;140;22;162;0,024423337856173677;0,021465808034345293;0,1981981981981982;0,301025641025641;1;6
2017-06-04;6;2017-06-04 06:00:00;19,85;12,88;6,9700000000000015;40991;660;52062;6912;6903;763;7666;7572;-9;103;94;0,012261935820506132;-0,001303780964797914;0,1349934469200524;0,35113350125944587;1;6
2017-06-04;7;2017-06-04 07:00:00;20,33;16,0;4,329999999999998;40991;1698;52062;7252;7329;2095;9424;8950;77;397;474;0,050297113752122244;0,010506208213944603;0,18949880668257757;0,21298573536645346;1;6
2017-06-04;8;2017-06-04 08:00:00;22,55;24,59;-2,039999999999999;40991;3200;52062;7843;7749;3859;11608;11043;-94;659;565;0,04867332873880083;-0,012130597496451154;0,17076962943767815;-0,09046563192904652;1;6
2017-06-04;9;2017-06-04 09:00:00;23,79;26,62;-2,830000000000002;40991;5435;52062;8947;8254;5935;14189;14382;-693;500;-193;-0,013602086123053069;-0,08395929246425975;0,08424599831508003;-0,11895754518705347;1;6
2017-06-04;10;2017-06-04 10:00:00;22,99;24,9;-1,91;40991;8344;52062;10570;8936;8460;17396;18914;-1634;116;-1518;-0,08726143941135893;-0,18285586392121755;0,013711583924349883;-0,0830795998260113;1;6
2017-06-04;11;2017-06-04 11:00:00;23,06;20,76;2,299999999999997;40991;10774;52062;12006;9751;11113;20864;22780;-2255;339;-1916;-0,09183282208588957;-0,23125833247872013;0,03050481418158913;0,09973980919340839;1;6
2017-06-04;12;2017-06-04 12:00:00;19,34;12,86;6,48;40991;12496;52062;13640;10760;13373;24133;26136;-2880;877;-2003;-0,0829983839555795;-0,26765799256505574;0,06557989979810065;0,33505687693898656;1;6
2017-06-04;13;2017-06-04 13:00:00;15,08;7,31;7,77;40991;13703;52062;15684;11847;14691;26538;29387;-3837;988;-2849;-0,10735549024040998;-0,3238794631552292;0,0672520590837928;0,5152519893899203;1;6
2017-06-04;14;2017-06-04 14:00:00;9,98;-10,14;20,12;40991;14377;52062;16376;12660;15162;27822;30753;-3716;785;-2931;-0,10534828552943713;-0,293522906793049;0,05177417227278723;2,0160320641282565;1;6
2017-06-04;15;2017-06-04 15:00:00;10,41;-7,58;17,990000000000006;40991;14605;52062;16922;12836;14795;27631;31527;-4086;190;-3896;-0,1410010495458;-0,3183234652539732;0,012842176410949644;1,7281460134486075;1;6
2017-06-04;16;2017-06-04 16:00:00;3,43;-13,35;16,78;40991;13439;52062;16150;12506;13141;25647;29589;-3644;-298;-3942;-0,15370218739033806;-0,2913801375339837;-0,022677117418765696;4,892128279883382;1;6
2017-06-04;17;2017-06-04 17:00:00;10,23;-0,55;10,78;40991;10976;52062;15144;11612;10343;21955;26120;-3532;-633;-4165;-0,18970621726258255;-0,30416810196348604;-0,06120081214347868;1,053763440860215;1;6
2017-06-04;18;2017-06-04 18:00:00;25,76;14,34;11,420000000000002;40991;7184;52062;13655;10081;6617;16698;20839;-3574;-567;-4141;-0,24799377170918674;-0,3545283206031148;-0,08568837841922321;0,44332298136645965;1;6
2017-06-04;19;2017-06-04 19:00:00;31,06;24,82;6,2399999999999975;40991;3389;52062;11138;8355;3109;11464;14527;-2783;-280;-3063;-0,26718422889043963;-0,3330939557151406;-0,09006111289803795;0,20090148100450733;1;6
2017-06-04;20;2017-06-04 20:00:00;34,91;26,66;8,249999999999996;40991;900;52062;8508;7004;892;7896;9408;-1504;-8;-1512;-0,19148936170212766;-0,21473443746430612;-0,008968609865470852;0,2363219707820108;1;6
2017-06-04;21;2017-06-04 21:00:00;34,99;30,45;4,540000000000003;40991;49;52062;6900;6144;45;6189;6949;-756;-4;-760;-0,12279851349167878;-0,123046875;-0,08888888888888889;0,12975135753072314;1;6
2017-06-04;22;2017-06-04 22:00:00;39,91;33,37;6,539999999999999;40991;0;52062;6391;5653;0;5653;6391;-738;0;-738;-0,1305501503626393;-0,1305501503626393;;0,16386870458531697;1;6
2017-06-04;23;2017-06-04 23:00:00;34,9;26,24;8,66;40991;0;52062;5964;5247;0;5247;5964;-717;0;-717;-0,13664951400800457;-0,13664951400800457;;0,24813753581661893;1;6
2017-06-05;0;2017-06-05 00:00:00;28,92;25,96;2,9600000000000013;40991;0;52074;5167;6040;0;6040;5167;873;0;873;0,1445364238410596;0,1445364238410596;;0,10235131396957127;1;0
2017-06-05;1;2017-06-05 01:00:00;24,72;18,47;6,25;40991;0;52074;4532;5482;0;5482;4532;950;0;950;0,17329441809558555;0,17329441809558555;;0,252831715210356;1;0
2017-06-05;2;2017-06-05 02:00:00;23,09;18,48;4,6099999999999985;40991;0;52074;4525;4996;0;4996;4525;471;0;471;0,09427542033626901;0,09427542033626901;;0,19965352966652225;1;0
2017-06-05;3;2017-06-05 03:00:00;22,22;13,73;8,489999999999998;40991;0;52074;4396;4603;0;4603;4396;207;0;207;0,044970671301325225;0,044970671301325225;;0,382088208820882;1;0
2017-06-05;4;2017-06-05 04:00:00;22,19;13,09;9,1;40991;4;52074;4243;4316;2;4318;4247;73;-2;71;0,016442797591477536;0,016913809082483782;-1,0;0,4100946372239747;1;0
2017-06-05;5;2017-06-05 05:00:00;23,09;15,3;7,789999999999999;40991;267;52074;4279;4142;263;4405;4546;-137;-4;-141;-0,03200908059023837;-0,03307580878802511;-0,015209125475285171;0,3373754872239064;1;0
2017-06-05;6;2017-06-05 06:00:00;24,1;14,69;9,410000000000002;40991;1924;52074;4482;4062;1794;5856;6406;-420;-130;-550;-0,0939207650273224;-0,103397341211226;-0,07246376811594203;0,39045643153526977;1;0
2017-06-05;7;2017-06-05 07:00:00;24,62;15,82;8,8;40991;4945;52074;4198;4010;4969;8979;9143;-188;24;-164;-0,0182648401826484;-0,04688279301745636;0,00482994566311129;0,35743298131600326;1;0
2017-06-05;8;2017-06-05 08:00:00;27,02;21,45;5,57;40991;8804;52074;4181;4195;9092;13287;12985;14;288;302;0,022728983216677955;0,0033373063170441;0,03167619885613726;0,20614359733530718;1;0
2017-06-05;9;2017-06-05 09:00:00;27,12;26,75;0,37000000000000105;40991;12582;52074;4702;4732;13112;17844;17284;30;530;560;0,03138309796009863;0,006339814032121725;0,04042098840756559;0,013643067846607708;1;0
2017-06-05;10;2017-06-05 10:00:00;24,35;23,72;0,6300000000000026;40991;15722;52074;5035;5389;16100;21489;20757;354;378;732;0,03406393969007399;0,06568936722954166;0,023478260869565216;0,02587268993839846;1;0
2017-06-05;11;2017-06-05 11:00:00;25,31;22,45;2,8599999999999994;40991;17649;52074;4948;5833;17895;23728;22597;885;246;1131;0,0476652056641942;0,1517229555974627;0,01374685666387259;0,1129988146977479;1;0
2017-06-05;12;2017-06-05 12:00:00;24,52;23,1;1,4199999999999982;40991;18634;52074;4919;5834;18544;24378;23553;915;-90;825;0,03384198867831652;0,15683921837504286;-0,004853321829163071;0,057911908646003186;1;0
2017-06-05;13;2017-06-05 13:00:00;24,11;17,92;6,189999999999998;40991;18448;52074;4760;5528;18075;23603;23208;768;-373;395;0,01673516078464602;0,1389290882778582;-0,020636237897648686;0,25673994193280786;1;0
2017-06-05;14;2017-06-05 14:00:00;23,08;16,64;6,439999999999998;40991;17370;52074;4524;5020;16690;21710;21894;496;-680;-184;-0,00847535697835099;0,09880478087649402;-0,04074295985620132;0,2790294627383015;1;0
2017-06-05;15;2017-06-05 15:00:00;23,84;14,5;9,34;40991;15252;52074;3718;4326;14541;18867;18970;608;-711;-103;-0,005459267504107701;0,14054553860379104;-0,04889622446874355;0,39177852348993286;1;0
2017-06-05;16;2017-06-05 16:00:00;26,86;17,63;9,23;40991;12212;52074;3195;3556;11986;15542;15407;361;-226;135;0,008686140779822417;0,1015185601799775;-0,018855331219756383;0,3436336559940432;1;0
2017-06-05;17;2017-06-05 17:00:00;30,02;24,13;5,8900000000000015;40991;9114;52074;3166;2776;8970;11746;12280;-390;-144;-534;-0,04546228503320279;-0,14048991354466858;-0,016053511705685617;0,19620253164556967;1;0
2017-06-05;18;2017-06-05 18:00:00;35,94;28,14;7,799999999999998;40991;5917;52074;2958;2173;5673;7846;8875;-785;-244;-1029;-0,1311496303849095;-0,3612517257248044;-0,043010752688172046;0,21702838063439062;1;0
2017-06-05;19;2017-06-05 19:00:00;39,01;31,62;7,389999999999998;40991;2978;52074;3009;1977;2763;4740;5987;-1032;-215;-1247;-0,2630801687763713;-0,5220030349013657;-0,07781397032211365;0,18943860548577285;1;0
2017-06-05;20;2017-06-05 20:00:00;39,65;28,44;11,209999999999996;40991;876;52074;3138;2430;802;3232;4014;-708;-74;-782;-0,24195544554455445;-0,291358024691358;-0,09226932668329177;0,28272383354350555;1;0
2017-06-05;21;2017-06-05 21:00:00;38,61;29,64;8,969999999999997;40991;45;52074;4082;3716;41;3757;4127;-366;-4;-370;-0,0984828320468459;-0,0984930032292788;-0,0975609756097561;0,23232323232323226;1;0
2017-06-05;22;2017-06-05 22:00:00;38,42;33,4;5,020000000000003;40991;0;52074;5912;5456;0;5456;5912;-456;0;-456;-0,08357771260997067;-0,08357771260997067;;0,13066111400312344;1;0
2017-06-05;23;2017-06-05 23:00:00;30,14;27,24;2,9000000000000017;40991;0;52074;8584;7220;0;7220;8584;-1364;0;-1364;-0,1889196675900277;-0,1889196675900277;;0,09621765096217656;1;0
2017-06-06;0;2017-06-06 00:00:00;24,22;20,96;3,259999999999998;40994;0;52077;11356;9906;0;9906;11356;-1450;0;-1450;-0,14637593377750857;-0,14637593377750857;;0,134599504541701;1;1
2017-06-06;1;2017-06-06 01:00:00;19,3;12,64;6,66;40994;0;52077;13250;11054;0;11054;13250;-2196;0;-2196;-0,198661118147277;-0,198661118147277;;0,34507772020725386;1;1
2017-06-06;2;2017-06-06 02:00:00;14,49;6,68;7,81;40994;0;52077;14337;11790;0;11790;14337;-2547;0;-2547;-0,21603053435114503;-0,21603053435114503;;0,5389924085576259;1;1
2017-06-06;3;2017-06-06 03:00:00;10,54;5,64;4,9;40994;0;52077;13954;12209;0;12209;13954;-1745;0;-1745;-0,14292734867720533;-0,14292734867720533;;0,46489563567362435;1;1
2017-06-06;4;2017-06-06 04:00:00;10,22;7,0;3,2200000000000006;40994;4;52077;13730;12518;2;12520;13734;-1212;-2;-1214;-0,09696485623003195;-0,0968205783671513;-1,0;0,31506849315068497;1;1
2017-06-06;5;2017-06-06 05:00:00;13,38;8,35;5,030000000000001;40994;256;52077;13586;12619;258;12877;13842;-967;2;-965;-0,07493981517434185;-0,07663047785085982;0,007751937984496124;0,37593423019431993;1;1
2017-06-06;6;2017-06-06 06:00:00;29,22;24,58;4,6400000000000015;40994;1804;52077;13183;12377;1744;14121;14987;-806;-60;-866;-0,06132710148006515;-0,06512078855942474;-0,034403669724770644;0,15879534565366193;1;1
2017-06-06;7;2017-06-06 07:00:00;30,36;33,37;-3,009999999999998;40994;4676;52077;12270;11985;4631;16616;16946;-285;-45;-330;-0,019860375541646606;-0,023779724655819776;-0,009717123731375513;-0,09914361001317516;1;1
2017-06-06;8;2017-06-06 08:00:00;36,08;35,88;0,19999999999999574;40994;8062;52077;12058;12140;8173;20313;20120;82;111;193;0,009501304583271796;0,0067545304777594725;0,013581304294628655;0,005543237250554206;1;1
2017-06-06;9;2017-06-06 09:00:00;30,11;32,71;-2,6000000000000014;40994;11124;52077;13411;13215;11509;24724;24535;-196;385;189;0,007644394110985277;-0,01483163072266364;0,03345208098010253;-0,08635004981733649;1;1
2017-06-06;10;2017-06-06 10:00:00;28,09;32,59;-4,500000000000004;40994;12975;52077;16114;14772;13871;28643;29089;-1342;896;-446;-0,015570994658380756;-0,09084754941781749;0,06459519861581717;-0,16019935920256334;1;1
2017-06-06;11;2017-06-06 11:00:00;27,27;31,38;-4,1099999999999985;40994;13061;52077;18574;16673;15049;31722;31635;-1901;1988;87;0,002742576130130509;-0,11401667366400768;0,13210180078410524;-0,15071507150715066;1;1
2017-06-06;12;2017-06-06 12:00:00;25,95;27,78;-1,8300000000000016;40994;13500;52077;21135;18667;15320;33987;34635;-2468;1820;-648;-0,019066113513990644;-0,13221192478705737;0,11879895561357702;-0,0705202312138729;1;1
2017-06-06;13;2017-06-06 13:00:00;23,45;26,11;-2,66;40994;13507;52077;22902;20447;14574;35021;36409;-2455;1067;-1388;-0,0396333628394392;-0,12006651342495231;0,07321257033072595;-0,11343283582089553;1;1
2017-06-06;14;2017-06-06 14:00:00;22,67;21,23;1,4400000000000013;40994;12510;52077;24410;21558;13359;34917;36920;-2852;849;-2003;-0,057364607497780454;-0,1322942759068559;0,06355266112732989;0,06352007057785625;1;1
2017-06-06;15;2017-06-06 15:00:00;19,94;20,58;-0,6399999999999971;40994;10514;52077;24778;22216;11724;33940;35292;-2562;1210;-1352;-0,03983500294637596;-0,11532229024126756;0,1032070965540771;-0,032096288866599654;1;1
2017-06-06;16;2017-06-06 16:00:00;18,62;21,31;-2,6899999999999977;40994;8634;52077;24610;22814;9782;32596;33244;-1796;1148;-648;-0,0198797398453798;-0,07872359077759271;0,1173584134123901;-0,14446831364124585;1;1
2017-06-06;17;2017-06-06 17:00:00;20,04;23,18;-3,140000000000001;40994;7063;52077;23161;23103;7500;30603;30224;-58;437;379;0,012384406757507434;-0,0025104964723196123;0,05826666666666667;-0,15668662674650705;1;1
2017-06-06;18;2017-06-06 18:00:00;22,72;25,09;-2,370000000000001;40994;4924;52077;21720;23023;4941;27964;26644;1303;17;1320;0,047203547418109;0,05659557833470877;0,0034405990690143697;-0,1043133802816902;1;1
2017-06-06;19;2017-06-06 19:00:00;23,08;27,65;-4,57;40994;2702;52077;21850;22904;2546;25450;24552;1054;-156;898;0,03528487229862475;0,04601816276632902;-0,061272584446190104;-0,19800693240901215;1;1
2017-06-06;20;2017-06-06 20:00:00;21,92;26,05;-4,129999999999999;40994;843;52077;21142;22516;735;23251;21985;1374;-108;1266;0,05444927099909681;0,06102327233966957;-0,1469387755102041;-0,18841240875912402;1;1
2017-06-06;21;2017-06-06 21:00:00;20,44;26,29;-5,849999999999998;40994;50;52077;20331;22320;36;22356;20381;1989;-14;1975;0,08834317409196636;0,08911290322580645;-0,3888888888888889;-0,2862035225048922;1;1
2017-06-06;22;2017-06-06 22:00:00;20,23;27,1;-6,870000000000001;40994;0;52077;19965;22662;0;22662;19965;2697;0;2697;0,11900979613449827;0,11900979613449827;;-0,3395946613939694;1;1
2017-06-06;23;2017-06-06 23:00:00;4,39;19,6;-15,21;40994;0;52077;20331;23193;0;23193;20331;2862;0;2862;0,12339930151338765;0,12339930151338765;;-3,464692482915718;1;1
2017-06-07;0;2017-06-07 00:00:00;10,67;15,62;-4,949999999999998;41008;0;52077;22098;22981;0;22981;22098;883;0;883;0,038423045124233064;0,038423045124233064;;-0,4639175257731957;1;2
2017-06-07;1;2017-06-07 01:00:00;8,8;10,9;-2,1;41008;0;52077;22963;23814;0;23814;22963;851;0;851;0,035735281767027796;0,035735281767027796;;-0,23863636363636362;1;2
2017-06-07;2;2017-06-07 02:00:00;6,82;2,53;4,290000000000001;41008;0;52077;24256;24628;0;24628;24256;372;0;372;0,015104758811109306;0,015104758811109306;;0,6290322580645162;1;2
2017-06-07;3;2017-06-07 03:00:00;2,1;-4,19;6,290000000000001;41008;0;52077;24658;25199;0;25199;24658;541;0;541;0,021469105916901463;0,021469105916901463;;2,9952380952380957;1;2
2017-06-07;4;2017-06-07 04:00:00;1,74;-6,32;8,06;41008;4;52077;25194;25924;2;25926;25198;730;-2;728;0,028079919771657795;0,028159234686005247;-1,0;4,6321839080459775;1;2
2017-06-07;5;2017-06-07 05:00:00;5,26;1,57;3,69;41008;243;52077;25705;26780;272;27052;25948;1075;29;1104;0,040810291290847255;0,04014189693801344;0,10661764705882353;0,7015209125475286;1;2
2017-06-07;6;2017-06-07 06:00:00;12,33;11,09;1,2400000000000002;41008;1831;52077;27133;28004;1808;29812;28964;871;-23;848;0,028444921508117536;0,03110269961434081;-0,012721238938053098;0,10056772100567722;1;2
2017-06-07;7;2017-06-07 07:00:00;23,07;22,16;0,91;41008;4998;52077;28574;29562;5063;34625;33572;988;65;1053;0,0304115523465704;0,03342128408091469;0,012838238198696426;0,03944516688339835;1;2
2017-06-07;8;2017-06-07 08:00:00;18,06;15,31;2,7499999999999982;41008;8855;52077;30485;31082;9098;40180;39340;597;243;840;0,020905923344947737;0,01920725822019175;0,02670916684985711;0,1522702104097452;1;2
2017-06-07;9;2017-06-07 09:00:00;10,05;2,22;7,83;41008;12208;52077;31242;32070;12812;44882;43450;828;604;1432;0,031905886546945324;0,025818521983161834;0,047143303153293785;0,7791044776119402;1;2
2017-06-07;10;2017-06-07 10:00:00;9,66;0,64;9,02;41008;14320;52077;31614;32727;15701;48428;45934;1113;1381;2494;0,051499132733129595;0,03400861673847282;0,08795618113495955;0,9337474120082815;1;2
2017-06-07;11;2017-06-07 11:00:00;10,3;9,24;1,0600000000000005;41008;16320;52077;32705;33225;17587;50812;49025;520;1267;1787;0,03516885775013776;0,01565086531226486;0,07204184909308012;0,10291262135922334;1;2
2017-06-07;12;2017-06-07 12:00:00;9,65;5,92;3,73;41008;17336;52077;32887;33519;18551;52070;50223;632;1215;1847;0,035471480699058956;0,018854977773799936;0,0654951215567894;0,38652849740932643;1;2
2017-06-07;13;2017-06-07 13:00:00;10,19;6,09;4,1;41008;18995;52077;32947;33672;18605;52277;51942;725;-390;335;0,0064081718537789085;0,021531242575433596;-0,02096210696049449;0,4023552502453385;1;2
2017-06-07;14;2017-06-07 14:00:00;8,97;3,34;5,630000000000001;41008;18218;52077;33108;33538;17992;51530;51326;430;-226;204;0,0039588589171356495;0,012821277357027849;-0,012561138283681637;0,6276477146042364;1;2
2017-06-07;15;2017-06-07 15:00:00;9,71;-1,11;10,82;41008;16315;52077;32900;33090;16613;49703;49215;190;298;488;0,009818320825704685;0,005741915986702931;0,017937759585866492;1,1143151390319257;1;2
2017-06-07;16;2017-06-07 16:00:00;10,17;2,37;7,8;41008;14230;52077;32096;32435;14159;46594;46326;339;-71;268;0,0057518135382238055;0,010451672575921073;-0,005014478423617487;0,7669616519174041;1;2
2017-06-07;17;2017-06-07 17:00:00;11,79;6,86;4,929999999999999;41008;10689;52077;31268;31316;10764;42080;41957;48;75;123;0,002923003802281369;0,001532762804955933;0,006967670011148272;0,4181509754028837;1;2
2017-06-07;18;2017-06-07 18:00:00;20,37;18,39;1,9800000000000004;41008;6770;52077;29584;29536;6736;36272;36354;-48;-34;-82;-0,0022606969563299514;-0,0016251354279523294;-0,005047505938242281;0,0972017673048601;1;2
2017-06-07;19;2017-06-07 19:00:00;25,78;25,18;0,6000000000000014;41008;3066;52077;26929;27298;3161;30459;29995;369;95;464;0,015233592698381431;0,013517473807604952;0,03005378044922493;0,0232738557020947;1;2
2017-06-07;20;2017-06-07 20:00:00;24,08;27,09;-3,0100000000000016;41008;858;52077;24219;25158;897;26055;25077;939;39;978;0,037535981577432355;0,037324111614595756;0,043478260869565216;-0,12500000000000008;1;2
2017-06-07;21;2017-06-07 21:00:00;25,56;30,58;-5,02;41008;37;52077;23025;23623;39;23662;23062;598;2;600;0,025357112670103963;0,025314312322736315;0,05128205128205128;-0,19640062597809077;1;2
2017-06-07;22;2017-06-07 22:00:00;25,45;30,88;-5,43;41008;0;52077;22380;22719;0;22719;22380;339;0;339;0,014921431401029975;0,014921431401029975;;-0,21335952848722986;1;2
2017-06-07;23;2017-06-07 23:00:00;18,93;23,4;-4,469999999999999;41008;0;52077;22477;22186;0;22186;22477;-291;0;-291;-0,013116379698909221;-0,013116379698909221;;-0,2361331220285261;1;2
2017-06-08;0;2017-06-08 00:00:00;14,09;17,28;-3,1900000000000013;41012;0;52080;22059;21753;0;21753;22059;-306;0;-306;-0,01406702523789822;-0,01406702523789822;;-0,22640170333569917;1;3
2017-06-08;1;2017-06-08 01:00:00;10,2;11,01;-0,8100000000000005;41012;0;52080;21774;21373;0;21373;21774;-401;0;-401;-0,018761989425911195;-0,018761989425911195;;-0,0794117647058824;1;3
2017-06-08;2;2017-06-08 02:00:00;9,91;11,17;-1,2599999999999998;41012;0;52080;20924;20749;0;20749;20924;-175;0;-175;-0,008434141404405031;-0,008434141404405031;;-0,1271442986881937;1;3
2017-06-08;3;2017-06-08 03:00:00;9,86;11,83;-1,9700000000000009;41012;0;52080;19428;19780;0;19780;19428;352;0;352;0,017795753286147624;0,017795753286147624;;-0,1997971602434078;1;3
2017-06-08;4;2017-06-08 04:00:00;9,92;11,42;-1,5;41012;2;52080;17621;18560;2;18562;17623;939;0;939;0,05058722120461157;0,0505926724137931;0,0;-0,15120967741935484;1;3
2017-06-08;5;2017-06-08 05:00:00;19,06;19,37;-0,3100000000000023;41012;258;52080;15918;16978;280;17258;16176;1060;22;1082;0,0626955614787345;0,06243373777830133;0,07857142857142857;-0,016264428121721002;1;3
2017-06-08;6;2017-06-08 06:00:00;32,77;32,49;0,28000000000000114;41012;1894;52080;13831;15157;1824;16981;15725;1326;-70;1256;0,07396501972793122;0,08748433067229663;-0,03837719298245614;0,008544400366188622;1;3
2017-06-08;7;2017-06-08 07:00:00;35,51;34,12;1,3900000000000006;41012;5294;52080;12259;13469;4948;18417;17553;1210;-346;864;0,04691317804202639;0,08983591951889525;-0,06992724333063864;0,03914390312588005;1;3
2017-06-08;8;2017-06-08 08:00:00;35,51;35,4;0,10999999999999943;41012;9809;52080;11280;12391;8990;21381;21089;1111;-819;292;0,013656985173752398;0,08966185134371721;-0,09110122358175751;0,0030977189524077566;1;3
2017-06-08;9;2017-06-08 09:00:00;33,65;32,26;1,3900000000000006;41012;13988;52080;11148;12036;12875;24911;25136;888;-1113;-225;-0,00903215446991289;0,07377866400797607;-0,08644660194174757;0,041307578008915324;1;3
2017-06-08;10;2017-06-08 10:00:00;32,25;29,87;2,379999999999999;41012;16811;52080;11714;12172;16168;28340;28525;458;-643;-185;-0,00652787579393084;0,03762734143936904;-0,03976991588322613;0,07379844961240307;1;3
2017-06-08;11;2017-06-08 11:00:00;32,45;30,53;1,9200000000000017;41012;19268;52080;12695;12289;18617;30906;31963;-406;-651;-1057;-0,034200478871416556;-0,033037675970380015;-0,034968039963474244;0,05916795069337447;1;3
2017-06-08;12;2017-06-08 12:00:00;31,13;27,59;3,5399999999999987;41012;20629;52080;13462;12195;19950;32145;34091;-1267;-679;-1946;-0,06053818634313268;-0,1038950389503895;-0,034035087719298245;0,1137166720205589;1;3
2017-06-08;13;2017-06-08 13:00:00;30,0;27,67;2,3299999999999983;41012;21157;52080;13402;11968;20117;32085;34559;-1434;-1040;-2474;-0,0771076827177809;-0,11981951871657753;-0,051697569220062634;0,0776666666666666;1;3
2017-06-08;14;2017-06-08 14:00:00;29,88;28,59;1,2899999999999991;41012;21021;52080;12744;11454;19371;30825;33765;-1290;-1650;-2940;-0,09537712895377129;-0,11262441068622316;-0,08517887563884156;0,043172690763052184;1;3
2017-06-08;15;2017-06-08 15:00:00;30,02;27,99;2,0300000000000007;41012;19489;52080;11436;10610;17664;28274;30925;-826;-1825;-2651;-0,09376105255711961;-0,07785108388312913;-0,10331748188405797;0,06762158560959362;1;3
2017-06-08;16;2017-06-08 16:00:00;31,65;30,13;1,5199999999999996;41012;16886;52080;10330;9608;15016;24624;27216;-722;-1870;-2592;-0,10526315789473684;-0,07514571190674438;-0,1245338305807139;0,04802527646129541;1;3
2017-06-08;17;2017-06-08 17:00:00;34,79;32,53;2,259999999999998;41012;12780;52080;8734;8303;11324;19627;21514;-431;-1456;-1887;-0,09614306822234676;-0,05190894857280501;-0,12857647474390674;0,06496119574590394;1;3
2017-06-08;18;2017-06-08 18:00:00;38,01;36,69;1,3200000000000005;41012;7878;52080;7272;6789;6926;13715;15150;-483;-952;-1435;-0,10462996718920889;-0,07114449845338047;-0,13745307536817788;0,034727703235990545;1;3
2017-06-08;19;2017-06-08 19:00:00;43,91;43,05;0,8599999999999994;41012;3642;52080;6272;5621;3205;8826;9914;-651;-437;-1088;-0,1232721504645366;-0,11581569115815692;-0,13634945397815912;0,01958551582782964;1;3
2017-06-08;20;2017-06-08 20:00:00;41,87;43,2;-1,3300000000000054;41012;988;52080;6321;5446;923;6369;7309;-875;-65;-940;-0,14758988852253102;-0,16066838046272494;-0,07042253521126761;-0,031764986864103305;1;3
2017-06-08;21;2017-06-08 21:00:00;37,6;39,99;-2,390000000000001;41012;46;52080;7271;6661;45;6706;7317;-610;-1;-611;-0,09111243662391888;-0,09157784116499024;-0,022222222222222223;-0,06356382978723407;1;3
2017-06-08;22;2017-06-08 22:00:00;36,13;40,0;-3,869999999999997;41012;0;52080;8770;8579;0;8579;8770;-191;0;-191;-0,022263667094066908;-0,022263667094066908;;-0,10711320232493764;1;3
2017-06-08;23;2017-06-08 23:00:00;30,75;35,64;-4,8900000000000015;41012;0;52080;9666;10185;0;10185;9666;519;0;519;0,050957290132547864;0,050957290132547864;;-0,1590243902439025;1;3
2017-06-09;0;2017-06-09 00:00:00;28,18;31,58;-3,3999999999999986;41027;0;52087;10180;12078;0;12078;10180;1898;0;1898;0,1571452227189932;0,1571452227189932;;-0,12065294535131293;1;4
2017-06-09;1;2017-06-09 01:00:00;27,92;31,08;-3,1599999999999966;41027;0;52087;10074;12303;0;12303;10074;2229;0;2229;0,1811753230919288;0,1811753230919288;;-0,11318051575931219;1;4
2017-06-09;2;2017-06-09 02:00:00;25,88;32,07;-6,190000000000001;41027;0;52087;10305;12305;0;12305;10305;2000;0;2000;0,16253555465258024;0,16253555465258024;;-0,23918083462132927;1;4
2017-06-09;3;2017-06-09 03:00:00;24,63;30,19;-5,560000000000002;41027;0;52087;10820;12051;0;12051;10820;1231;0;1231;0,10214919923657788;0,10214919923657788;;-0,22574096630125873;1;4
2017-06-09;4;2017-06-09 04:00:00;24,9;26,79;-1,8900000000000008;41027;2;52087;11332;11640;2;11642;11334;308;0;308;0,02645593540628758;0,026460481099656357;0,0;-0,07590361445783136;1;4
2017-06-09;5;2017-06-09 05:00:00;28,21;27,2;1,0100000000000016;41027;306;52087;10791;10957;296;11253;11097;166;-10;156;0,01386296987470008;0,015150132335493291;-0,033783783783783786;0,03580290677064876;1;4
2017-06-09;6;2017-06-09 06:00:00;33,29;32,4;0,8900000000000006;41027;2174;52087;8964;9865;1874;11739;11138;901;-300;601;0,05119686515035352;0,09133299543841865;-0,16008537886872998;0,026734755181736274;1;4
2017-06-09;7;2017-06-09 07:00:00;39,38;43,17;-3,7899999999999987;41027;6058;52087;6743;8511;5282;13793;12801;1768;-776;992;0,07192053940404552;0,20773117142521444;-0,14691404770920105;-0,09624174707973587;1;4
2017-06-09;8;2017-06-09 08:00:00;42,59;45,79;-3,199999999999996;41027;10985;52087;4554;7265;9707;16972;15539;2711;-1278;1433;0,0844331840678765;0,3731589814177564;-0,1316575667044401;-0,07513500821789143;1;4
2017-06-09;9;2017-06-09 09:00:00;40,59;43,32;-2,729999999999997;41027;15433;52087;4313;6666;13641;20307;19746;2353;-1792;561;0,02762594179347023;0,352985298529853;-0,13136866798621802;-0,06725794530672571;1;4
2017-06-09;10;2017-06-09 10:00:00;40,22;43,03;-2,8100000000000023;41027;18019;52087;5305;6820;16234;23054;23324;1515;-1785;-270;-0,01171163355599896;0,2221407624633431;-0,10995441665640014;-0,06986573843858783;1;4
2017-06-09;11;2017-06-09 11:00:00;40,81;40,85;-0,03999999999999915;41027;18779;52087;7724;7478;17535;25013;26503;-246;-1244;-1490;-0,05956902410746412;-0,03289649638940893;-0,07094382663244939;-0,000980151923548129;1;4
2017-06-09;12;2017-06-09 12:00:00;36,38;37,56;-1,1799999999999995;41027;18570;52087;10170;8670;17831;26501;28740;-1500;-739;-2239;-0,08448737783479869;-0,17301038062283736;-0,041444675004206157;-0,032435404068169305;1;4
2017-06-09;13;2017-06-09 13:00:00;33,83;36,26;-2,43;41027;17380;52087;12814;10048;17122;27170;30194;-2766;-258;-3024;-0,11129922708870077;-0,2752786624203822;-0,015068333138652027;-0,0718297369198936;1;4
2017-06-09;14;2017-06-09 14:00:00;31,05;34,35;-3,3000000000000007;41027;15395;52087;14140;11038;15667;26705;29535;-3102;272;-2830;-0,10597266429507583;-0,2810291719514405;0,017361332737601327;-0,10628019323671499;1;4
2017-06-09;15;2017-06-09 15:00:00;29,09;32,08;-2,9899999999999984;41027;13235;52087;14368;11465;13655;25120;27603;-2903;420;-2483;-0,09884554140127388;-0,25320540776275624;0,030757964115708532;-0,1027844620144379;1;4
2017-06-09;16;2017-06-09 16:00:00;29,69;30,63;-0,9399999999999976;41027;10736;52087;14629;11733;11206;22939;25365;-2896;470;-2426;-0,10575875147129343;-0,24682519389755392;0,041941816883812245;-0,03166049174806324;1;4
2017-06-09;17;2017-06-09 17:00:00;31,44;31,34;0,10000000000000142;41027;8094;52087;14936;11509;8493;20002;23030;-3427;399;-3028;-0,1513848615138486;-0,29776696498392563;0,04697986577181208;0,0031806615776081874;1;4
2017-06-09;18;2017-06-09 18:00:00;33,2;34,37;-1,1699999999999946;41027;5508;52087;14014;10825;5587;16412;19522;-3189;79;-3110;-0,18949549110407019;-0,29459584295612007;0,014139967782351888;-0,03524096385542152;1;4
2017-06-09;19;2017-06-09 19:00:00;35,07;35,07;0,0;41027;2835;52087;12663;9913;2817;12730;15498;-2750;-18;-2768;-0,21743912018853104;-0,2774134974276203;-0,006389776357827476;0,0;1;4
2017-06-09;20;2017-06-09 20:00:00;34,97;35,64;-0,6700000000000017;41027;838;52087;11317;8852;878;9730;12155;-2465;40;-2425;-0,24922918807810895;-0,27846814279258925;0,04555808656036447;-0,019159279382327758;1;4
2017-06-09;21;2017-06-09 21:00:00;35,9;35,89;0,009999999999998009;41027;59;52087;10114;7846;54;7900;10173;-2268;-5;-2273;-0,2877215189873418;-0,28906449146061686;-0,09259259259259259;0,00027855153203337074;1;4
2017-06-09;22;2017-06-09 22:00:00;37,86;36,45;1,4099999999999966;41027;0;52087;7986;7244;0;7244;7986;-742;0;-742;-0,10242959690778575;-0,10242959690778575;;0,03724247226624397;1;4
2017-06-09;23;2017-06-09 23:00:00;36,01;36,69;-0,6799999999999997;41027;0;52087;6692;7159;0;7159;6692;467;0;467;0,06523257438189692;0,06523257438189692;;-0,018883643432379887;1;4
2017-06-10;0;2017-06-10 00:00:00;34,65;34,71;-0,060000000000002274;41029;0;52096;5954;6299;0;6299;5954;345;0;345;0,054770598507699636;0,054770598507699636;;-0,0017316017316017973;1;5
2017-06-10;1;2017-06-10 01:00:00;31,92;34,05;-2,1299999999999955;41029;0;52096;5471;6181;0;6181;5471;710;0;710;0,11486814431321793;0,11486814431321793;;-0,06672932330827053;1;5
2017-06-10;2;2017-06-10 02:00:00;28,9;33,6;-4,700000000000003;41029;0;52096;5093;6072;0;6072;5093;979;0;979;0,161231884057971;0,161231884057971;;-0,16262975778546723;1;5
2017-06-10;3;2017-06-10 03:00:00;27,68;33,26;-5,579999999999997;41029;0;52096;5105;5867;0;5867;5105;762;0;762;0,12987898414862792;0,12987898414862792;;-0,20158959537572246;1;5
2017-06-10;4;2017-06-10 04:00:00;27,06;30,84;-3,780000000000001;41029;2;52096;4854;5593;2;5595;4856;739;0;739;0,1320822162645219;0,13212944752369032;0,0;-0,139689578713969;1;5
2017-06-10;5;2017-06-10 05:00:00;27,05;29,22;-2,1699999999999977;41029;281;52096;4551;5133;316;5449;4832;582;35;617;0,1132317856487429;0,11338398597311514;0,11075949367088607;-0,0802218114602587;1;5
2017-06-10;6;2017-06-10 06:00:00;27,79;30,02;-2,2300000000000004;41029;2033;52096;3911;4494;1988;6482;5944;583;-45;538;0,0829990743597655;0,12972852692478862;-0,022635814889336015;-0,08024469233537246;1;5
2017-06-10;7;2017-06-10 07:00:00;29,71;31,15;-1,4399999999999975;41029;5952;52096;2523;3817;5633;9450;8475;1294;-319;975;0,10317460317460317;0,33900969347655224;-0,05663056985620451;-0,04846852911477608;1;5
2017-06-10;8;2017-06-10 08:00:00;30,9;35,78;-4,880000000000003;41029;11524;52096;2294;3431;10720;14151;13818;1137;-804;333;0,02353190587237651;0,3313902652287963;-0,075;-0,15792880258899686;1;5
2017-06-10;9;2017-06-10 09:00:00;31,94;31,43;0,5100000000000016;41029;17047;52096;2989;3645;15820;19465;20036;656;-1227;-571;-0,029334703313639868;0,17997256515775034;-0,07756005056890013;0,0159674389480276;1;5
2017-06-10;10;2017-06-10 10:00:00;29,9;29,08;0,8200000000000003;41029;21012;52096;3857;4121;19829;23950;24869;264;-1183;-919;-0,03837160751565762;0,06406212084445523;-0,05966009380200716;0,02742474916387961;1;5
2017-06-10;11;2017-06-10 11:00:00;29,94;28,18;1,7600000000000016;41029;22560;52096;4312;4576;22451;27027;26872;264;-109;155;0,005735005735005735;0,057692307692307696;-0,004855017593871097;0,058784235136940595;1;5
2017-06-10;12;2017-06-10 12:00:00;28,35;29,7;-1,349999999999998;41029;23240;52096;4734;4805;23653;28458;27974;71;413;484;0,017007519853819663;0,01477627471383975;0,01746078721515241;-0,04761904761904755;1;5
2017-06-10;13;2017-06-10 13:00:00;25,86;26,53;-0,6700000000000017;41029;23660;52096;5013;4832;23536;28368;28673;-181;-124;-305;-0,010751551043429217;-0,037458609271523176;-0,005268524813052345;-0,025908739365816;1;5
2017-06-10;14;2017-06-10 14:00:00;25,01;25,48;-0,4699999999999989;41029;23038;52096;4692;4691;22226;26917;27730;-1;-812;-813;-0,030203960322472787;-0,00021317416329140907;-0,03653378925582651;-0,018792483006797235;1;5
2017-06-10;15;2017-06-10 15:00:00;25,03;23,13;1,900000000000002;41029;20927;52096;4100;4318;19737;24055;25027;218;-1190;-972;-0,04040739970900021;0,05048633626679018;-0,06029285099052541;0,07590890930882947;1;5
2017-06-10;16;2017-06-10 16:00:00;26,6;24,5;2,1000000000000014;41029;17442;52096;3156;3783;16277;20060;20598;627;-1165;-538;-0,026819541375872384;0,16574147501982553;-0,07157338575904651;0,07894736842105268;1;5
2017-06-10;17;2017-06-10 17:00:00;29,1;29,03;0,07000000000000027;41029;12986;52096;2397;3108;11991;15099;15383;711;-995;-284;-0,01880919266176568;0,22876447876447875;-0,08297890084229839;0,002405498281786951;1;5
2017-06-10;18;2017-06-10 18:00:00;35,41;35,39;0,019999999999996017;41029;7946;52096;1919;2371;7302;9673;9865;452;-644;-192;-0,019849064406078774;0,19063686208350908;-0,08819501506436593;0,0005648121999434064;1;5
2017-06-10;19;2017-06-10 19:00:00;38,24;33,44;4,800000000000004;41029;3671;52096;1697;1756;3424;5180;5368;59;-247;-188;-0,036293436293436294;0,033599088838268794;-0,07213785046728972;0,12552301255230136;1;5
2017-06-10;20;2017-06-10 20:00:00;38,78;32,53;6,25;41029;1048;52096;1322;1485;1075;2560;2370;163;27;190;0,07421875;0,10976430976430976;0,025116279069767444;0,16116554925219184;1;5
2017-06-10;21;2017-06-10 21:00:00;38,28;33,74;4,539999999999999;41029;57;52096;1354;1645;69;1714;1411;291;12;303;0,17677946324387397;0,17689969604863223;0,17391304347826086;0,11859979101358409;1;5
2017-06-10;22;2017-06-10 22:00:00;39,68;35,62;4,060000000000001;41029;0;52096;2126;2186;0;2186;2126;60;0;60;0,027447392497712716;0,027447392497712716;;0,10231854838709681;1;5
2017-06-10;23;2017-06-10 23:00:00;36,94;33,74;3,199999999999996;41029;0;52096;3781;3074;0;3074;3781;-707;0;-707;-0,22999349381912818;-0,22999349381912818;;0,08662696264212226;1;5
2017-06-11;0;2017-06-11 00:00:00;29,1;33,85;-4,75;41029;0;52096;5902;5387;0;5387;5902;-515;0;-515;-0,09560051976981622;-0,09560051976981622;;-0,16323024054982818;1;6
2017-06-11;1;2017-06-11 01:00:00;25,12;26,7;-1,5799999999999983;41029;0;52096;7792;6910;0;6910;7792;-882;0;-882;-0,1276410998552822;-0,1276410998552822;;-0,06289808917197445;1;6
2017-06-11;2;2017-06-11 02:00:00;21,78;20,69;1,09;41029;0;52096;9248;8153;0;8153;9248;-1095;0;-1095;-0,13430639028578437;-0,13430639028578437;;0,05004591368227732;1;6
2017-06-11;3;2017-06-11 03:00:00;18,0;12,68;5,32;41029;0;52096;10054;8881;0;8881;10054;-1173;0;-1173;-0,13207972075216756;-0,13207972075216756;;0,29555555555555557;1;6
2017-06-11;4;2017-06-11 04:00:00;15,39;12,36;3,030000000000001;41029;2;52096;10717;9315;2;9317;10719;-1402;0;-1402;-0,15047762155200173;-0,15050993022007514;0,0;0,1968810916179338;1;6
2017-06-11;5;2017-06-11 05:00:00;12,6;8,11;4,49;41029;285;52096;10731;9315;297;9612;11016;-1416;12;-1404;-0,14606741573033707;-0,15201288244766506;0,04040404040404041;0,35634920634920636;1;6
2017-06-11;6;2017-06-11 06:00:00;12,84;7,84;5,0;41029;2088;52096;10320;8684;1963;10647;12408;-1636;-125;-1761;-0,16539870386024233;-0,1883924458774758;-0,06367804381049415;0,3894080996884735;1;6
2017-06-11;7;2017-06-11 07:00:00;16,49;12,85;3,639999999999999;41029;6246;52096;8292;7728;5977;13705;14538;-564;-269;-833;-0,06078073695731485;-0,07298136645962733;-0,045005855780491884;0,220739842328684;1;6
2017-06-11;8;2017-06-11 08:00:00;18,0;16,02;1,9800000000000004;41029;11938;52096;6089;6646;11555;18201;18027;557;-383;174;0,009559914290423603;0,08380981041227806;-0,033145824318476846;0,11000000000000003;1;6
2017-06-11;9;2017-06-11 09:00:00;18,75;22,84;-4,09;41029;17430;52096;5684;6004;16876;22880;23114;320;-554;-234;-0,010227272727272727;0,05329780146568954;-0,032827684285375684;-0,21813333333333332;1;6
2017-06-11;10;2017-06-11 10:00:00;18,95;20,45;-1,5;41029;21924;52096;6001;5733;21052;26785;27925;-268;-872;-1140;-0,04256113496359903;-0,046746903889761035;-0,041421242637279115;-0,079155672823219;1;6
2017-06-11;11;2017-06-11 11:00:00;20,58;21,71;-1,1300000000000026;41029;24786;52096;6503;5680;24036;29716;31289;-823;-750;-1573;-0,052934446089648673;-0,1448943661971831;-0,031203195207189217;-0,054907677356657074;1;6
2017-06-11;12;2017-06-11 12:00:00;10,19;11,6;-1,41;41029;26265;52096;6648;5849;25558;31407;32913;-799;-707;-1506;-0,04795109370522495;-0,13660454778594633;-0,02766257140621332;-0,13837095191364082;1;6
2017-06-11;13;2017-06-11 13:00:00;8,35;9,77;-1,42;41029;26220;52096;6808;6154;25584;31738;33028;-654;-636;-1290;-0,04064528325666394;-0,10627234319142022;-0,024859287054409006;-0,17005988023952096;1;6
2017-06-11;14;2017-06-11 14:00:00;10,34;7,48;2,8599999999999994;41029;24785;52096;7026;6474;24287;30761;31811;-552;-498;-1050;-0,0341341308800104;-0,08526413345690455;-0,020504796804875037;0,276595744680851;1;6
2017-06-11;15;2017-06-11 15:00:00;10,18;7,59;2,59;41029;21530;52096;7177;6726;21657;28383;28707;-451;127;-324;-0,011415283796638833;-0,06705322628605412;0,005864154776746548;0,2544204322200393;1;6
2017-06-11;16;2017-06-11 16:00:00;18,87;15,01;3,860000000000001;41029;16915;52096;6876;6896;17615;24511;23791;20;700;720;0,029374566521153767;0,002900232018561485;0,039738858927050806;0,20455749867514578;1;6
2017-06-11;17;2017-06-11 17:00:00;23,58;23,78;-0,20000000000000284;41029;11658;52096;6910;6873;12542;19415;18568;-37;884;847;0,04362606232294618;-0,005383384257238469;0,07048317652686972;-0,008481764206955168;1;6
2017-06-11;18;2017-06-11 18:00:00;30,36;32,88;-2,520000000000003;41029;6462;52096;6872;6790;7297;14087;13334;-82;835;753;0,053453538723645916;-0,01207658321060383;0,1144305879128409;-0,08300395256917006;1;6
2017-06-11;19;2017-06-11 19:00:00;33,13;33,99;-0,8599999999999994;41029;2634;52096;7085;7123;3237;10360;9719;38;603;641;0,06187258687258687;0,005334830829706584;0,18628359592215013;-0,025958345910051295;1;6
2017-06-11;20;2017-06-11 20:00:00;33,62;32,19;1,4299999999999995;41029;750;52096;7987;8031;973;9004;8737;44;223;267;0,029653487338960463;0,005478769767152285;0,22918807810894143;0,04253420582986316;1;6
2017-06-11;21;2017-06-11 21:00:00;33,4;33,54;-0,14000000000000054;41029;44;52096;7911;9425;67;9492;7955;1514;23;1537;0,16192583227981458;0,1606366047745358;0,34328358208955223;-0,004191616766467082;1;6
2017-06-11;22;2017-06-11 22:00:00;33,7;36,13;-2,43;41029;0;52096;8661;11045;0;11045;8661;2384;0;2384;0,21584427342689;0,21584427342689;;-0,07210682492581602;1;6
2017-06-11;23;2017-06-11 23:00:00;28,61;39,65;-11,04;41029;0;52096;10344;11917;0;11917;10344;1573;0;1573;0,13199630779558613;0,13199630779558613;;-0,38587906326459276;1;6
2017-06-12;0;2017-06-12 00:00:00;25,02;27,27;-2,25;41041;0;52096;10695;12158;0;12158;10695;1463;0;1463;0,12033229149531173;0,12033229149531173;;-0,08992805755395683;1;0
2017-06-12;1;2017-06-12 01:00:00;20,66;24,59;-3,93;41041;0;52096;11630;12825;0;12825;11630;1195;0;1195;0,09317738791423003;0,09317738791423003;;-0,19022265246853826;1;0
2017-06-12;2;2017-06-12 02:00:00;18,15;23,76;-5,610000000000002;41041;0;52096;13472;13578;0;13578;13472;106;0;106;0,00780674620709972;0,00780674620709972;;-0,30909090909090925;1;0
2017-06-12;3;2017-06-12 03:00:00;14,6;16,81;-2,209999999999999;41041;0;52096;15066;14067;0;14067;15066;-999;0;-999;-0,0710172744721689;-0,0710172744721689;;-0,15136986301369856;1;0
2017-06-12;4;2017-06-12 04:00:00;15,66;12,8;2,8599999999999994;41041;1;52096;15974;14585;2;14587;15975;-1389;1;-1388;-0,09515321861931857;-0,09523483030510799;0,5;0,18263090676883775;1;0
2017-06-12;5;2017-06-12 05:00:00;20,37;15,81;4,5600000000000005;41041;209;52096;16190;15071;261;15332;16399;-1119;52;-1067;-0,0695930080876598;-0,07424855683099993;0,19923371647509577;0,22385861561119294;1;0
2017-06-12;6;2017-06-12 06:00:00;30,08;25,73;4,349999999999998;41041;1643;52096;16041;15364;1704;17068;17684;-677;61;-616;-0,03609093039606281;-0,04406404582140068;0,0357981220657277;0,1446143617021276;1;0
2017-06-12;7;2017-06-12 07:00:00;36,04;33,5;2,539999999999999;41041;4470;52096;16328;15635;4631;20266;20798;-693;161;-532;-0,026250863515247212;-0,04432363287496002;0,03476570935003239;0,07047724750277468;1;0
2017-06-12;8;2017-06-12 08:00:00;36,45;36,06;0,39000000000000057;41041;8145;52096;18290;16361;8501;24862;26435;-1929;356;-1573;-0,06326924623924061;-0,11790232870851415;0,041877426185154686;0,01069958847736627;1;0
2017-06-12;9;2017-06-12 09:00:00;34,49;29,86;4,630000000000003;41041;11920;52096;19828;18332;12455;30787;31748;-1496;535;-961;-0,03121447364147205;-0,08160593497708925;0,04295463669209153;0,13424180922006385;1;0
2017-06-12;10;2017-06-12 10:00:00;28,81;26,02;2,7899999999999987;41041;14973;52096;22125;20599;15712;36311;37098;-1526;739;-787;-0,02167387293106772;-0,07408126608087771;0,04703411405295316;0,09684137452273513;1;0
2017-06-12;11;2017-06-12 11:00:00;26,83;25,87;0,9599999999999972;41041;16427;52096;24630;22455;18023;40478;41057;-2175;1596;-579;-0,014304066406443007;-0,09686038744154976;0,08855351495311546;0,03578084234066333;1;0
2017-06-12;12;2017-06-12 12:00:00;18,51;9,94;8,570000000000002;41041;17926;52096;26778;24185;19477;43662;44704;-2593;1551;-1042;-0,023865145893454263;-0,10721521604300185;0,07963238691790317;0,46299297676931395;1;0
2017-06-12;13;2017-06-12 13:00:00;11,31;1,49;9,82;41041;19070;52096;27498;25694;20123;45817;46568;-1804;1053;-751;-0,016391295807233124;-0,0702109441893049;0,052328181682651694;0,8682581786030061;1;0
2017-06-12;14;2017-06-12 14:00:00;10,92;-0,07;10,99;41041;19600;52096;27599;26752;19763;46515;47199;-847;163;-684;-0,014704933892292809;-0,031661184210526314;0,008247735667661793;1,0064102564102564;1;0
2017-06-12;15;2017-06-12 15:00:00;11,72;4,13;7,590000000000002;41041;18370;52096;27614;27213;18111;45324;45984;-401;-259;-660;-0,014561821551495897;-0,014735604306765149;-0,014300701231295898;0,6476109215017066;1;0
2017-06-12;16;2017-06-12 16:00:00;10,01;6,8;3,21;41041;15562;52096;27156;27293;15186;42479;42718;137;-376;-239;-0,005626309470561925;0,005019602095775473;-0,02475964704332938;0,3206793206793207;1;0
2017-06-12;17;2017-06-12 17:00:00;19,77;20,47;-0,6999999999999993;41041;11816;52096;26699;26694;11319;38013;38515;-5;-497;-502;-0,01320600847078631;-0,00018730800929047726;-0,04390847247990105;-0,0354071825998988;1;0
2017-06-12;18;2017-06-12 18:00:00;28,98;30,55;-1,5700000000000005;41041;7258;52096;25817;25258;6909;32167;33075;-559;-349;-908;-0,028227686759722696;-0,02213160186871486;-0,05051382255029672;-0,0541752933057281;1;0
2017-06-12;19;2017-06-12 19:00:00;35,91;35,42;0,4899999999999949;41041;3313;52096;24368;23424;3192;26616;27681;-944;-121;-1065;-0,040013525698827775;-0,040300546448087435;-0,03790726817042606;0,01364522417153982;1;0
2017-06-12;20;2017-06-12 20:00:00;35,91;34,77;1,1399999999999937;41041;979;52096;22114;21698;1005;22703;23093;-416;26;-390;-0,017178346474034267;-0,01917227394229883;0,025870646766169153;0,03174603174603157;1;0
2017-06-12;21;2017-06-12 21:00:00;35,43;34,79;0,6400000000000006;41041;47;52096;20625;20299;70;20369;20672;-326;23;-303;-0,01487554617310619;-0,016059904428789594;0,32857142857142857;0,01806378775049395;1;0
2017-06-12;22;2017-06-12 22:00:00;36,99;35,76;1,2300000000000042;41041;0;52096;19299;19547;0;19547;19299;248;0;248;0,012687368905714431;0,012687368905714431;;0,03325223033252241;1;0
2017-06-12;23;2017-06-12 23:00:00;29,97;32,95;-2,980000000000004;41041;0;52096;19078;19051;0;19051;19078;-27;0;-27;-0,0014172484384021836;-0,0014172484384021836;;-0,0994327660994329;1;0
2017-06-13;0;2017-06-13 00:00:00;28,06;32,75;-4,690000000000001;41047;0;52108;18334;18706;0;18706;18334;372;0;372;0,019886667379450444;0,019886667379450444;;-0,16714183891660733;1;1
2017-06-13;1;2017-06-13 01:00:00;27,0;33,64;-6,6400000000000015;41047;0;52108;17841;18454;0;18454;17841;613;0;613;0,033217730573317436;0,033217730573317436;;-0,245925925925926;1;1
2017-06-13;2;2017-06-13 02:00:00;24,63;32,13;-7,5000000000000036;41047;0;52108;17276;18114;0;18114;17276;838;0;838;0,04626255934636193;0,04626255934636193;;-0,3045066991473814;1;1
2017-06-13;3;2017-06-13 03:00:00;23,47;31,17;-7,700000000000002;41047;0;52108;16690;17483;0;17483;16690;793;0;793;0,045358348109592175;0,045358348109592175;;-0,32807839795483607;1;1
2017-06-13;4;2017-06-13 04:00:00;23,95;30,98;-7,030000000000001;41047;2;52108;15966;16889;2;16891;15968;923;0;923;0,05464448522882008;0,05465095624370892;0,0;-0,2935281837160752;1;1
2017-06-13;5;2017-06-13 05:00:00;25,5;32,48;-6,979999999999998;41047;268;52108;15396;16327;309;16636;15664;931;41;972;0,058427506612166384;0,05702211061431984;0,13268608414239483;-0,27372549019607834;1;1
2017-06-13;6;2017-06-13 06:00:00;33,12;35,94;-2,8200000000000003;41047;1901;52108;15077;16067;1889;17956;16978;990;-12;978;0,05446647360213856;0,06161697890085268;-0,006352567496029645;-0,0851449275362319;1;1
2017-06-13;7;2017-06-13 07:00:00;39,47;42,45;-2,980000000000004;41047;5334;52108;14355;15729;5375;21104;19689;1374;41;1415;0,0670489006823351;0,08735456799542247;0,007627906976744186;-0,07550038003547008;1;1
2017-06-13;8;2017-06-13 08:00:00;40,0;40,85;-0,8500000000000014;41047;9770;52108;14478;15603;10170;25773;24248;1125;400;1525;0,05917044969541768;0,07210151893866563;0,03933136676499508;-0,021250000000000036;1;1
2017-06-13;9;2017-06-13 09:00:00;33,9;34,05;-0,14999999999999858;41047;13936;52108;15165;16342;14786;31128;29101;1177;850;2027;0,06511822153687997;0,07202300819973076;0,057486811849046394;-0,004424778761061905;1;1
2017-06-13;10;2017-06-13 10:00:00;29,92;32,88;-2,9600000000000013;41047;16161;52108;15128;16686;18109;34795;31289;1558;1948;3506;0,10076160367868947;0,0933716888409445;0,10757082113866033;-0,0989304812834225;1;1
2017-06-13;11;2017-06-13 11:00:00;29,65;35,07;-5,420000000000003;41047;17356;52108;14984;16780;20022;36802;32340;1796;2666;4462;0,12124341068420194;0,10703218116805721;0,13315353111577266;-0,18279932546374378;1;1
2017-06-13;12;2017-06-13 12:00:00;28,07;35,67;-7,600000000000001;41047;18284;52108;15205;16617;20816;37433;33489;1412;2532;3944;0,10536157935511448;0,08497322019618463;0,12163720215219062;-0,27075169219807627;1;1
2017-06-13;13;2017-06-13 13:00:00;28,43;34,55;-6,119999999999997;41047;18992;52108;14768;16321;20813;37134;33760;1553;1821;3374;0,0908601281844132;0,09515348324244838;0,08749339355210686;-0,21526556454449516;1;1
2017-06-13;14;2017-06-13 14:00:00;28,46;34,78;-6,32;41047;18698;52108;14339;15967;19916;35883;33037;1628;1218;2846;0,07931332385809436;0,10196029310452809;0,06115685880698936;-0,22206605762473647;1;1
2017-06-13;15;2017-06-13 15:00:00;29,17;35,24;-6,07;41047;17302;52108;14208;15487;18113;33600;31510;1279;811;2090;0,06220238095238095;0,08258539420158843;0,044774471374151165;-0,20809050394240658;1;1
2017-06-13;16;2017-06-13 16:00:00;33,98;37,38;-3,4000000000000057;41047;15276;52108;13936;14773;15273;30046;29212;837;-3;834;0,027757438594155626;0,056657415555405134;-0,00019642506383814575;-0,10005885815185421;1;1
2017-06-13;17;2017-06-13 17:00:00;36,9;40,07;-3,1700000000000017;41047;11693;52108;13174;13671;11454;25125;24867;497;-239;258;0,01026865671641791;0,03635432667690732;-0,020866072987602586;-0,08590785907859083;1;1
2017-06-13;18;2017-06-13 18:00:00;38,52;42,19;-3,6699999999999946;41047;7356;52108;12639;12143;7094;19237;19995;-496;-262;-758;-0,039403233352393825;-0,0408465782755497;-0,03693261911474485;-0,0952751817237797;1;1
2017-06-13;19;2017-06-13 19:00:00;42,92;45,73;-2,809999999999995;41047;3655;52108;10856;10330;3354;13684;14511;-526;-301;-827;-0,06043554516223326;-0,050919651500484026;-0,08974358974358974;-0,06547064305684984;1;1
2017-06-13;20;2017-06-13 20:00:00;41,95;44,77;-2,8200000000000003;41047;1136;52108;9013;8728;1084;9812;10149;-285;-52;-337;-0,03434569914390542;-0,03265352887259395;-0,04797047970479705;-0,06722288438617402;1;1
2017-06-13;21;2017-06-13 21:00:00;40,96;44,03;-3,0700000000000003;41047;81;52108;7550;7660;81;7741;7631;110;0;110;0,014210050381087715;0,014360313315926894;0,0;-0,074951171875;1;1
2017-06-13;22;2017-06-13 22:00:00;41,12;43,4;-2,2800000000000007;41047;0;52108;7018;6964;0;6964;7018;-54;0;-54;-0,007754164273406089;-0,007754164273406089;;-0,05544747081712064;1;1
2017-06-13;23;2017-06-13 23:00:00;36,9;38,79;-1,8900000000000008;41047;0;52108;6822;6359;0;6359;6822;-463;0;-463;-0,0728101902814908;-0,0728101902814908;;-0,051219512195121976;1;1
2017-06-14;0;2017-06-14 00:00:00;32,21;35,13;-2,9200000000000017;41052;0;52111;6482;5628;0;5628;6482;-854;0;-854;-0,1517412935323383;-0,1517412935323383;;-0,09065507606333442;1;2
2017-06-14;1;2017-06-14 01:00:00;29,18;29,23;-0,05000000000000071;41052;0;52111;5990;5340;0;5340;5990;-650;0;-650;-0,12172284644194757;-0,12172284644194757;;-0,0017135023989033828;1;2
2017-06-14;2;2017-06-14 02:00:00;28,95;26,35;2,599999999999998;41052;0;52111;5486;5105;0;5105;5486;-381;0;-381;-0,07463271302644466;-0,07463271302644466;;0,0898100172711571;1;2
2017-06-14;3;2017-06-14 03:00:00;27,86;26,16;1,6999999999999993;41052;0;52111;4763;4858;0;4858;4763;95;0;95;0,01955537258130918;0,01955537258130918;;0,061019382627422805;1;2
2017-06-14;4;2017-06-14 04:00:00;27,5;26,5;1,0;41052;3;52111;4267;4611;2;4613;4270;344;-1;343;0,07435508345978756;0,07460420733029711;-0,5;0,03636363636363636;1;2
2017-06-14;5;2017-06-14 05:00:00;28,98;26,42;2,5599999999999987;41052;319;52111;4162;4280;338;4618;4481;118;19;137;0,029666522304027717;0,027570093457943926;0,05621301775147929;0,08833678398895786;1;2
2017-06-14;6;2017-06-14 06:00:00;34,4;31,86;2,539999999999999;41052;2206;52111;3927;3846;2010;5856;6133;-81;-196;-277;-0,04730191256830601;-0,02106084243369735;-0,09751243781094528;0,07383720930232555;1;2
2017-06-14;7;2017-06-14 07:00:00;41,26;39,27;1,9899999999999949;41052;6304;52111;3171;3329;5714;9043;9475;158;-590;-432;-0,047771757160234435;0,04746170021027336;-0,10325516275813791;0,04823073194377109;1;2
2017-06-14;8;2017-06-14 08:00:00;43,76;39,67;4,089999999999995;41052;11664;52111;3118;2997;10893;13890;14782;-121;-771;-892;-0,06421886249100071;-0,040373707040373706;-0,07077939961443129;0,09346435100548436;1;2
2017-06-14;9;2017-06-14 09:00:00;41,63;38,9;2,730000000000004;41052;16545;52111;2831;2786;15875;18661;19376;-45;-670;-715;-0,038315202829430364;-0,01615218951902369;-0,04220472440944882;0,06557770838337747;1;2
2017-06-14;10;2017-06-14 10:00:00;41,12;35,59;5,529999999999994;41052;20564;52111;2319;2563;19773;22336;22883;244;-791;-547;-0,02448961318051576;0,09520093640265315;-0,04000404592120568;0,13448443579766522;1;2
2017-06-14;11;2017-06-14 11:00:00;39,93;35,74;4,189999999999999;41052;23560;52111;2057;2438;22350;24788;25617;381;-1210;-829;-0,033443601742778765;0,15627563576702214;-0,05413870246085011;0,10493363385925367;1;2
2017-06-14;12;2017-06-14 12:00:00;36,94;34,03;2,9099999999999966;41052;25594;52111;1955;2396;23643;26039;27549;441;-1951;-1510;-0,057989938169668576;0,18405676126878132;-0,08251913885716702;0,07877639415267994;1;2
2017-06-14;13;2017-06-14 13:00:00;35,99;32,4;3,5900000000000034;41052;26237;52111;2050;2401;23745;26146;28287;351;-2492;-2141;-0,08188633060506387;0,14618908788004997;-0,10494841019161928;0,09974993053626016;1;2
2017-06-14;14;2017-06-14 14:00:00;35,92;31,55;4,370000000000001;41052;25464;52111;2020;2396;22712;25108;27484;376;-2752;-2376;-0,09463119324518082;0,15692821368948248;-0,121169425854174;0,12165924276169267;1;2
2017-06-14;15;2017-06-14 15:00:00;35,02;31,92;3,1000000000000014;41052;23370;52111;2012;2371;20517;22888;25382;359;-2853;-2494;-0,10896539671443552;0,15141290594685786;-0,1390554174586928;0,08852084523129644;1;2
2017-06-14;16;2017-06-14 16:00:00;35,85;34,95;0,8999999999999986;41052;19734;52111;1803;2316;17250;19566;21537;513;-2484;-1971;-0,10073597056117756;0,22150259067357514;-0,144;0,02510460251046021;1;2
2017-06-14;17;2017-06-14 17:00:00;40,53;39,78;0,75;41052;14903;52111;1642;2198;12912;15110;16545;556;-1991;-1435;-0,09497021839841165;0,2529572338489536;-0,15419764560099133;0,01850481125092524;1;2
2017-06-14;18;2017-06-14 18:00:00;45,26;43,07;2,1899999999999977;41052;9113;52111;1414;2051;7902;9953;10527;637;-1211;-574;-0,05767105395358183;0,310580204778157;-0,15325234117944825;0,0483870967741935;1;2
2017-06-14;19;2017-06-14 19:00:00;49,95;49,73;0,220000000000006;41052;4032;52111;1396;1956;3606;5562;5428;560;-426;134;0,02409205321826681;0,28629856850715746;-0,11813643926788686;0,004404404404404524;1;2
2017-06-14;20;2017-06-14 20:00:00;44,64;51,55;-6,9099999999999975;41052;1151;52111;1634;1985;1156;3141;2785;351;5;356;0,11333970073225087;0,17682619647355163;0,004325259515570935;-0,1547939068100358;1;2
2017-06-14;21;2017-06-14 21:00:00;42,91;48,47;-5,560000000000002;41052;73;52111;2333;2318;89;2407;2406;-15;16;1;0,0004154549231408392;-0,0064710957722174285;0,1797752808988764;-0,12957352598461902;1;2
2017-06-14;22;2017-06-14 22:00:00;42,8;41,61;1,1899999999999975;41052;0;52111;3118;2806;0;2806;3118;-312;0;-312;-0,11119030648610122;-0,11119030648610122;;0,027803738317756954;1;2
2017-06-14;23;2017-06-14 23:00:00;35,44;35,51;-0,07000000000000027;41052;0;52111;3367;3102;0;3102;3367;-265;0;-265;-0,0854287556415216;-0,0854287556415216;;-0,0019751693002257415;1;2
2017-06-15;0;2017-06-15 00:00:00;33,0;33,74;-0,7400000000000021;41055;0;52122;3518;3756;0;3756;3518;238;0;238;0,06336528221512247;0,06336528221512247;;-0,02242424242424249;1;3
2017-06-15;1;2017-06-15 01:00:00;31,04;32,06;-1,0200000000000031;41055;0;52122;3595;3885;0;3885;3595;290;0;290;0,07464607464607464;0,07464607464607464;;-0,03286082474226814;1;3
2017-06-15;2;2017-06-15 02:00:00;30,97;32,69;-1,7199999999999989;41055;0;52122;3849;4009;0;4009;3849;160;0;160;0,03991020204539786;0,03991020204539786;;-0,05553761704875683;1;3
2017-06-15;3;2017-06-15 03:00:00;29,39;32,64;-3,25;41055;0;52122;3950;4162;0;4162;3950;212;0;212;0,050937049495434886;0,050937049495434886;;-0,1105818305546104;1;3
2017-06-15;4;2017-06-15 04:00:00;28,8;32,65;-3,8499999999999983;41055;3;52122;4211;4285;3;4288;4214;74;0;74;0,017257462686567165;0,017269544924154025;0,0;-0,1336805555555555;1;3
2017-06-15;5;2017-06-15 05:00:00;28,88;32,44;-3,5599999999999987;41055;318;52122;4618;4250;329;4579;4936;-368;11;-357;-0,07796462109630924;-0,08658823529411765;0,03343465045592705;-0,12326869806094179;1;3
2017-06-15;6;2017-06-15 06:00:00;32,02;34,13;-2,1099999999999994;41055;2160;52122;4854;3966;2030;5996;7014;-888;-130;-1018;-0,16977985323549033;-0,22390317700453857;-0,06403940886699508;-0,06589631480324795;1;3
2017-06-15;7;2017-06-15 07:00:00;37,81;35,52;2,289999999999999;41055;6292;52122;3980;3402;6179;9581;10272;-578;-113;-691;-0,07212190794280346;-0,16990005878894768;-0,01828774882667098;0,06056598783390635;1;3
2017-06-15;8;2017-06-15 08:00:00;38,0;35,27;2,729999999999997;41055;11964;52122;2935;2809;12078;14887;14899;-126;114;-12;-0,0008060724121716934;-0,04485582057671769;0,009438648782911079;0,07184210526315782;1;3
2017-06-15;9;2017-06-15 09:00:00;35,49;34,72;0,7700000000000031;41055;17452;52122;2899;2787;17715;20502;20351;-112;263;151;0,007365135108769876;-0,040186580552565486;0,0148461755574372;0,02169625246548332;1;3
2017-06-15;10;2017-06-15 10:00:00;29,95;32,4;-2,4499999999999997;41055;21616;52122;3090;3011;21960;24971;24706;-79;344;265;0,010612310279924713;-0,026237130521421455;0,015664845173041893;-0,08180300500834724;1;3
2017-06-15;11;2017-06-15 11:00:00;31,97;32,62;-0,6499999999999986;41055;24376;52122;3193;3334;24596;27930;27569;141;220;361;0,01292517006802721;0,04229154169166167;0,008944543828264758;-0,02033156083828585;1;3
2017-06-15;12;2017-06-15 12:00:00;28,44;30,53;-2,09;41055;25504;52122;3650;3735;25762;29497;29154;85;258;343;0,01162830118317117;0,022757697456492636;0,010014750407577051;-0,07348804500703233;1;3
2017-06-15;13;2017-06-15 13:00:00;27,73;30,41;-2,68;41055;25216;52122;4258;4119;25333;29452;29474;-139;117;-22;-0,0007469781339128073;-0,03374605486768633;0,004618481822129239;-0,09664623151821133;1;3
2017-06-15;14;2017-06-15 14:00:00;28,55;28,36;0,19000000000000128;41055;22978;52122;4431;4342;23619;27961;27409;-89;641;552;0,01974178319802582;-0,020497466605251036;0,027139167619289556;0,006654991243432619;1;3
2017-06-15;15;2017-06-15 15:00:00;27,16;28,79;-1,629999999999999;41055;19374;52122;4515;4340;20659;24999;23889;-175;1285;1110;0,04440177607104284;-0,04032258064516129;0,06220049373154558;-0,0600147275405007;1;3
2017-06-15;16;2017-06-15 16:00:00;29,51;31,2;-1,6899999999999975;41055;14818;52122;4958;4309;16420;20729;19776;-649;1602;953;0,04597423898885619;-0,15061499187746577;0,09756394640682095;-0,05726872246696026;1;3
2017-06-15;17;2017-06-15 17:00:00;33,81;36,78;-2,969999999999999;41055;9781;52122;6295;4321;11443;15764;16076;-1974;1662;-312;-0,019791930981984267;-0,45683869474658645;0,1452416324390457;-0,08784383318544806;1;3
2017-06-15;18;2017-06-15 18:00:00;36,9;39,46;-2,5600000000000023;41055;5695;52122;8223;4592;6600;11192;13918;-3631;905;-2726;-0,24356683345246605;-0,7907229965156795;0,13712121212121212;-0,06937669376693774;1;3
2017-06-15;19;2017-06-15 19:00:00;37,01;38,6;-1,5900000000000034;41055;2750;52122;9163;5279;2946;8225;11913;-3884;196;-3688;-0,4483890577507599;-0,7357454063269558;0,06653088934147998;-0,042961361794109795;1;3
2017-06-15;20;2017-06-15 20:00:00;36,62;35,58;1,0399999999999991;41055;850;52122;9571;6231;871;7102;10421;-3340;21;-3319;-0,46733314559279077;-0,5360295297705023;0,024110218140068886;0,02839978154014198;1;3
2017-06-15;21;2017-06-15 21:00:00;35,02;36,27;-1,25;41055;80;52122;10692;7304;66;7370;10772;-3388;-14;-3402;-0,4616010854816825;-0,463855421686747;-0,21212121212121213;-0,0356938892061679;1;3
2017-06-15;22;2017-06-15 22:00:00;34,58;35,86;-1,2800000000000011;41055;0;52122;11797;8449;0;8449;11797;-3348;0;-3348;-0,3962599124156705;-0,3962599124156705;;-0,037015615962984416;1;3
2017-06-15;23;2017-06-15 23:00:00;30,0;31,82;-1,8200000000000005;41055;0;52122;12157;9475;0;9475;12157;-2682;0;-2682;-0,2830606860158311;-0,2830606860158311;;-0,06066666666666668;1;3
2017-06-16;0;2017-06-16 00:00:00;28,5;33,48;-4,979999999999997;41071;0;52134;11960;11615;0;11615;11960;-345;0;-345;-0,0297029702970297;-0,0297029702970297;;-0,17473684210526305;1;4
2017-06-16;1;2017-06-16 01:00:00;23,93;27,7;-3,77;41071;0;52134;10602;12047;0;12047;10602;1445;0;1445;0,11994687474059931;0,11994687474059931;;-0,15754283326368576;1;4
2017-06-16;2;2017-06-16 02:00:00;22,0;27,75;-5,75;41071;0;52134;10472;12419;0;12419;10472;1947;0;1947;0,15677590788308238;0,15677590788308238;;-0,26136363636363635;1;4
2017-06-16;3;2017-06-16 03:00:00;21,07;29,01;-7,940000000000001;41071;0;52134;11708;12708;0;12708;11708;1000;0;1000;0,07869058860560277;0,07869058860560277;;-0,3768391077361178;1;4
2017-06-16;4;2017-06-16 04:00:00;21,05;27,76;-6,710000000000001;41071;2;52134;12824;13243;2;13245;12826;419;0;419;0,03163457908644771;0,03163935664124443;0,0;-0,31876484560570073;1;4
2017-06-16;5;2017-06-16 05:00:00;22,41;28,2;-5,789999999999999;41071;244;52134;13611;13935;263;14198;13855;324;19;343;0,02415833215945908;0,0232508073196986;0,07224334600760456;-0,25836680053547517;1;4
2017-06-16;6;2017-06-16 06:00:00;28,69;34,36;-5,669999999999997;41071;1817;52134;14094;14624;1681;16305;15911;530;-136;394;0,024164366758662986;0,0362417943107221;-0,0809042236763831;-0,1976298361798535;1;4
2017-06-16;7;2017-06-16 07:00:00;33,53;38,75;-5,219999999999999;41071;4699;52134;14322;15310;4658;19968;19021;988;-41;947;0,04742588141025641;0,06453298497713912;-0,008802060970373551;-0,15568147927229342;1;4
2017-06-16;8;2017-06-16 08:00:00;28,66;36,1;-7,440000000000001;41071;8341;52134;15815;16399;8827;25226;24156;584;486;1070;0,04241655434868786;0,03561192755655833;0,05505834371813753;-0,2595952547103978;1;4
2017-06-16;9;2017-06-16 09:00:00;27,32;34,25;-6,93;41071;12760;52134;18064;17842;13287;31129;30824;-222;527;305;0,009797937614443124;-0,012442551283488397;0,039662828328441334;-0,25366032210834555;1;4
2017-06-16;10;2017-06-16 10:00:00;21,97;26,37;-4,400000000000002;41071;16324;52134;19872;19427;16979;36406;36196;-445;655;210;0,00576827995385376;-0,022906264477273897;0,03857706578714883;-0,20027309968138382;1;4
2017-06-16;11;2017-06-16 11:00:00;18,84;20,11;-1,2699999999999996;41071;17810;52134;21862;21084;19507;40591;39672;-778;1697;919;0,022640486807420365;-0,03690001897173212;0,08699441226226483;-0,06740976645435241;1;4
2017-06-16;12;2017-06-16 12:00:00;9,82;9,35;0,4700000000000006;41071;18468;52134;23706;22728;20777;43505;42174;-978;2309;1331;0,03059418457648546;-0,04303062302006336;0,11113250228618184;0,04786150712830963;1;4
2017-06-16;13;2017-06-16 13:00:00;7,53;4,38;3,1500000000000004;41071;18466;52134;24784;24132;20788;44920;43250;-652;2322;1670;0,03717720391807658;-0,02701806729653572;0,11169905714835482;0,41832669322709165;1;4
2017-06-16;14;2017-06-16 14:00:00;0,88;3,41;-2,53;41071;17681;52134;26328;25287;19765;45052;44009;-1041;2084;1043;0,02315102548166563;-0,04116739826788468;0,10543890715911966;-2,8749999999999996;1;4
2017-06-16;15;2017-06-16 15:00:00;1,52;3,35;-1,83;41071;15732;52134;27161;25907;17582;43489;42893;-1254;1850;596;0,013704614960104854;-0,048403906280155944;0,10522124900466386;-1,2039473684210527;1;4
2017-06-16;16;2017-06-16 16:00:00;7,51;7,63;-0,1200000000000001;41071;13325;52134;27747;26238;14500;40738;41072;-1509;1175;-334;-0,008198733369335756;-0,05751200548822319;0,08103448275862069;-0,0159786950732357;1;4
2017-06-16;17;2017-06-16 17:00:00;10,1;14,36;-4,26;41071;9629;52134;27559;25905;10700;36605;37188;-1654;1071;-583;-0,015926785958202433;-0,06384867786141671;0,10009345794392524;-0,42178217821782177;1;4
2017-06-16;18;2017-06-16 18:00:00;20,73;20,75;-0,01999999999999957;41071;5916;52134;26440;24786;6682;31468;32356;-1654;766;-888;-0,02821914325664167;-0,06673121923666586;0,11463633642621969;-0,0009647853352628832;1;4
2017-06-16;19;2017-06-16 19:00:00;25,08;26,62;-1,5400000000000027;41071;3008;52134;24948;23269;3229;26498;27956;-1679;221;-1458;-0,0550230206053287;-0,07215608749838841;0,06844224218024156;-0,06140350877192994;1;4
2017-06-16;20;2017-06-16 20:00:00;26,49;26,98;-0,490000000000002;41071;1032;52134;22756;21694;989;22683;23788;-1062;-43;-1105;-0,04871489661861306;-0,04895362773116991;-0,043478260869565216;-0,018497546243865685;1;4
2017-06-16;21;2017-06-16 21:00:00;26,56;27,28;-0,7200000000000024;41071;90;52134;20651;20333;71;20404;20741;-318;-19;-337;-0,016516369339345225;-0,015639600649190972;-0,2676056338028169;-0,02710843373493985;1;4
2017-06-16;22;2017-06-16 22:00:00;28,67;31,81;-3,139999999999997;41071;0;52134;19093;19402;0;19402;19093;309;0;309;0,01592619317596124;0,01592619317596124;;-0,10952214858737346;1;4
2017-06-16;23;2017-06-16 23:00:00;21,83;25,86;-4,030000000000001;41071;0;52134;18960;18892;0;18892;18960;-68;0;-68;-0,0035994071564683463;-0,0035994071564683463;;-0,1846083371507101;1;4
2017-06-17;0;2017-06-17 00:00:00;19,81;24,67;-4,860000000000003;41072;0;52140;19055;18043;0;18043;19055;-1012;0;-1012;-0,05608823366402483;-0,05608823366402483;;-0,24533064109035857;1;5
2017-06-17;1;2017-06-17 01:00:00;14,97;20,18;-5,209999999999999;41072;0;52140;19308;17775;0;17775;19308;-1533;0;-1533;-0,08624472573839663;-0,08624472573839663;;-0,3480293921175684;1;5
2017-06-17;2;2017-06-17 02:00:00;17,08;16,57;0,509999999999998;41072;0;52140;18829;17370;0;17370;18829;-1459;0;-1459;-0,08399539435808866;-0,08399539435808866;;0,029859484777517452;1;5
2017-06-17;3;2017-06-17 03:00:00;19,49;18,55;0,9399999999999976;41072;0;52140;18197;16755;0;16755;18197;-1442;0;-1442;-0,08606386153387048;-0,08606386153387048;;0,04822986146741907;1;5
2017-06-17;4;2017-06-17 04:00:00;18,46;20,39;-1,93;41072;2;52140;17345;16196;1;16197;17347;-1149;-1;-1150;-0,07100080261776873;-0,07094344282538899;-1,0;-0,10455037919826651;1;5
2017-06-17;5;2017-06-17 05:00:00;19,77;21,97;-2,1999999999999997;41072;238;52140;16249;15652;259;15911;16487;-597;21;-576;-0,03620137012129973;-0,03814209046767186;0,08108108108108109;-0,11127971674253918;1;5
2017-06-17;6;2017-06-17 06:00:00;19,14;21,87;-2,7300000000000004;41072;1692;52140;14648;15210;1712;16922;16340;562;20;582;0,03439309774258362;0,03694937541091387;0,011682242990654205;-0,14263322884012541;1;5
2017-06-17;7;2017-06-17 07:00:00;21,0;27,34;-6,34;41072;4333;52140;13485;14964;4717;19681;17818;1479;384;1863;0,094659824195925;0,09883720930232558;0,08140767436930252;-0,3019047619047619;1;5
2017-06-17;8;2017-06-17 08:00:00;23,01;31,03;-8,02;41072;7694;52140;13079;14710;8628;23338;20773;1631;934;2565;0,10990659011054932;0,11087695445275322;0,10825220213259157;-0,3485441112559756;1;5
2017-06-17;9;2017-06-17 09:00:00;23,49;31,94;-8,450000000000003;41072;10800;52140;13034;14347;12389;26736;23834;1313;1589;2902;0,10854278874925194;0,09151739039520457;0,12825893938170957;-0,35972754363558973;1;5
2017-06-17;10;2017-06-17 10:00:00;22,76;31,74;-8,979999999999997;41072;13316;52140;13160;13774;15455;29229;26476;614;2139;2753;0,09418727975640631;0,044576738783214755;0,13840181171142024;-0,3945518453427063;1;5
2017-06-17;11;2017-06-17 11:00:00;22,35;31,25;-8,899999999999997;41072;15835;52140;12961;13224;17558;30782;28796;263;1723;1986;0,06451822493665128;0,019888082274652146;0,09813190568401868;-0,39821029082774034;1;5
2017-06-17;12;2017-06-17 12:00:00;21,03;29,9;-8,869999999999997;41072;17637;52140;12479;12751;18687;31438;30116;272;1050;1322;0,04205102105731917;0,02133166026194024;0,05618879434901268;-0,421778411792677;1;5
2017-06-17;13;2017-06-17 13:00:00;21,08;29,5;-8,420000000000002;41072;18505;52140;11976;12303;18805;31108;30481;327;300;627;0,020155586987270154;0,0265788831992197;0,015953203935123637;-0,39943074003795076;1;5
2017-06-17;14;2017-06-17 14:00:00;20,16;28,32;-8,16;41072;18064;52140;11549;11734;18038;29772;29613;185;-26;159;0,0053405884723901655;0,015766149650588035;-0,0014414014857523007;-0,40476190476190477;1;5
2017-06-17;15;2017-06-17 15:00:00;20,1;27,84;-7,7399999999999975;41072;16186;52140;10940;11076;16365;27441;27126;136;179;315;0,011479173499508036;0,012278801011195377;0,010937977390772992;-0,3850746268656715;1;5
2017-06-17;16;2017-06-17 16:00:00;22,68;28,01;-5,330000000000002;41072;13420;52140;9650;10273;13753;24026;23070;623;333;956;0,039790227253808375;0,060644407670592815;0,024212899003853705;-0,23500881834215176;1;5
2017-06-17;17;2017-06-17 17:00:00;27,62;34,02;-6,400000000000002;41072;10126;52140;8420;9187;10376;19563;18546;767;250;1017;0,051985891734396564;0,08348753673669315;0,024094063222821895;-0,23171614771904425;1;5
2017-06-17;18;2017-06-17 18:00:00;31,63;38,01;-6,379999999999999;41072;6405;52140;7030;7788;6546;14334;13435;758;141;899;0,06271801311566903;0,09732922444786851;0,02153987167736022;-0,2017072399620613;1;5
2017-06-17;19;2017-06-17 19:00:00;35,1;39,29;-4,189999999999999;41072;3125;52140;5526;6368;3055;9423;8651;842;-70;772;0,08192719940570943;0,13222361809045227;-0,022913256955810146;-0,11937321937321933;1;5
2017-06-17;20;2017-06-17 20:00:00;35,83;39,31;-3,480000000000004;41072;924;52140;4480;5207;959;6166;5404;727;35;762;0,12358092766785599;0,13961974265411944;0,0364963503649635;-0,09712531398269618;1;5
2017-06-17;21;2017-06-17 21:00:00;36,97;39,99;-3,020000000000003;41072;56;52140;3934;4497;76;4573;3990;563;20;583;0,1274874261972447;0,1251945741605515;0,2631578947368421;-0,08168785501758191;1;5
2017-06-17;22;2017-06-17 22:00:00;38,0;38,61;-0,6099999999999994;41072;0;52140;3938;4083;0;4083;3938;145;0;145;0,035513103110457994;0,035513103110457994;;-0,016052631578947353;1;5
2017-06-17;23;2017-06-17 23:00:00;35,85;34,94;0,9100000000000036;41072;0;52140;3999;3752;0;3752;3999;-247;0;-247;-0,06583155650319829;-0,06583155650319829;;0,025383542538354353;1;5
2017-06-18;0;2017-06-18 00:00:00;35,99;35,01;0,980000000000004;41072;0;52140;3931;3700;0;3700;3931;-231;0;-231;-0,06243243243243243;-0,06243243243243243;;0,02722978605168113;1;6
2017-06-18;1;2017-06-18 01:00:00;30,08;31,31;-1,2300000000000004;41072;0;52140;3743;3395;0;3395;3743;-348;0;-348;-0,10250368188512518;-0,10250368188512518;;-0,040890957446808526;1;6
2017-06-18;2;2017-06-18 02:00:00;28,53;26,87;1,66;41072;0;52140;3389;3159;0;3159;3389;-230;0;-230;-0,07280785058562836;-0,07280785058562836;;0,05818436733263231;1;6
2017-06-18;3;2017-06-18 03:00:00;26,81;24,85;1,9599999999999973;41072;0;52140;3034;2966;0;2966;3034;-68;0;-68;-0,022926500337154418;-0,022926500337154418;;0,073107049608355;1;6
2017-06-18;4;2017-06-18 04:00:00;25,11;22,86;2,25;41072;3;52140;2714;2735;3;2738;2717;21;0;21;0,007669831994156318;0,007678244972577696;0,0;0,08960573476702509;1;6
2017-06-18;5;2017-06-18 05:00:00;24,29;22,26;2,0299999999999976;41072;258;52140;2190;2390;282;2672;2448;200;24;224;0,08383233532934131;0,08368200836820083;0,0851063829787234;0,08357348703170019;1;6
2017-06-18;6;2017-06-18 06:00:00;24,33;20,72;3,61;41072;1889;52140;1658;1954;1798;3752;3547;296;-91;205;0,05463752665245203;0,15148413510747186;-0,05061179087875417;0,14837648993012742;1;6
2017-06-18;7;2017-06-18 07:00:00;25,68;23,15;2,5300000000000007;41072;5411;52140;1172;1560;5322;6882;6583;388;-89;299;0,04344667247893055;0,24871794871794872;-0,01672303645246148;0,09852024922118383;1;6
2017-06-18;8;2017-06-18 08:00:00;25,54;25,66;-0,12000000000000098;41072;10524;52140;1056;1351;10302;11653;11580;295;-222;73;0,006264481249463658;0,21835677276091783;-0,021549213744903904;-0,004698512137823061;1;6
2017-06-18;9;2017-06-18 09:00:00;24,4;24,51;-0,11000000000000297;41072;15772;52140;1196;1356;15178;16534;16968;160;-594;-434;-0,026248941574936496;0,11799410029498525;-0,0391355909869548;-0,004508196721311597;1;6
2017-06-18;10;2017-06-18 10:00:00;24,34;22,05;2,289999999999999;41072;19360;52140;1322;1474;18907;20381;20682;152;-453;-301;-0,01476865708257691;0,10312075983717775;-0,023959380123763686;0,09408381265406734;1;6
2017-06-18;11;2017-06-18 11:00:00;24,24;22,69;1,5499999999999972;41072;21607;52140;1412;1637;21316;22953;23019;225;-291;-66;-0,002875441118807999;0,13744654856444716;-0,013651717020078814;0,06394389438943883;1;6
2017-06-18;12;2017-06-18 12:00:00;24,13;22,09;2,039999999999999;41072;23693;52140;1478;1799;22620;24419;25171;321;-1073;-752;-0,030795691879274334;0,1784324624791551;-0,047435897435897434;0,08454206382096971;1;6
2017-06-18;13;2017-06-18 13:00:00;23,53;19,84;3,690000000000001;41072;24730;52140;1606;1957;23077;25034;26336;351;-1653;-1302;-0,05200926739634098;0,17935615738375063;-0,07162976123412922;0,15682107947301321;1;6
2017-06-18;14;2017-06-18 14:00:00;21,98;16,42;5,559999999999999;41072;24412;52140;1752;2095;22580;24675;26164;343;-1832;-1489;-0,06034447821681864;0,16372315035799523;-0,08113374667847653;0,2529572338489535;1;6
2017-06-18;15;2017-06-18 15:00:00;22,9;13,77;9,13;41072;22608;52140;1880;2185;20880;23065;24488;305;-1728;-1423;-0,061695209191415565;0,13958810068649885;-0,08275862068965517;0,3986899563318778;1;6
2017-06-18;16;2017-06-18 16:00:00;23,6;15,06;8,540000000000001;41072;19469;52140;1835;2228;17829;20057;21304;393;-1640;-1247;-0,062172807498628906;0,17639138240574506;-0,09198496831005665;0,36186440677966103;1;6
2017-06-18;17;2017-06-18 17:00:00;27,18;20,08;7,100000000000001;41072;14812;52140;1669;2162;13473;15635;16481;493;-1339;-846;-0,05410937000319795;0,22802960222016652;-0,09938395309136792;0,26122148638704934;1;6
2017-06-18;18;2017-06-18 18:00:00;33,52;31,24;2,2800000000000047;41072;9202;52140;1635;2035;8261;10296;10837;400;-941;-541;-0,052544677544677544;0,19656019656019655;-0,11390872775693016;0,06801909307875909;1;6
2017-06-18;19;2017-06-18 19:00:00;37,48;38,89;-1,4100000000000037;41072;4150;52140;1637;1953;3714;5667;5787;316;-436;-120;-0,021175224986765485;0,16180235535074244;-0,11739364566505116;-0,03762006403415165;1;6
2017-06-18;20;2017-06-18 20:00:00;38,98;37,4;1,5799999999999983;41072;1195;52140;1536;1965;1195;3160;2731;429;0;429;0,13575949367088608;0,2183206106870229;0,0;0,04053360697793736;1;6
2017-06-18;21;2017-06-18 21:00:00;39,09;37,04;2,0500000000000043;41072;85;52140;1826;2110;95;2205;1911;284;10;294;0,13333333333333333;0,13459715639810427;0,10526315789473684;0,05244308007162968;1;6
2017-06-18;22;2017-06-18 22:00:00;41,22;40,95;0,269999999999996;41072;0;52140;2297;2315;0;2315;2297;18;0;18;0,007775377969762419;0,007775377969762419;;0,006550218340611257;1;6
2017-06-18;23;2017-06-18 23:00:00;37,08;35,93;1,1499999999999986;41072;0;52140;2610;2408;0;2408;2610;-202;0;-202;-0,08388704318936877;-0,08388704318936877;;0,031014023732470298;1;6
2017-06-19;0;2017-06-19 00:00:00;33,88;35,0;-1,1199999999999974;41077;0;52142;2585;2560;0;2560;2585;-25;0;-25;-0,009765625;-0,009765625;;-0,033057851239669346;1;0
2017-06-19;1;2017-06-19 01:00:00;30,2;29,9;0,3000000000000007;41077;0;52142;2511;2447;0;2447;2511;-64;0;-64;-0,026154474867184307;-0,026154474867184307;;0,009933774834437109;1;0
2017-06-19;2;2017-06-19 02:00:00;29,1;27,72;1,3800000000000026;41077;0;52142;2324;2317;0;2317;2324;-7;0;-7;-0,0030211480362537764;-0,0030211480362537764;;0,04742268041237122;1;0
2017-06-19;3;2017-06-19 03:00:00;28,67;27,5;1,1700000000000017;41077;0;52142;2071;2132;0;2132;2071;61;0;61;0,028611632270168854;0,028611632270168854;;0,04080920823160104;1;0
2017-06-19;4;2017-06-19 04:00:00;28,57;28,56;0,010000000000001565;41077;3;52142;1961;1966;3;1969;1964;5;0;5;0,0025393600812595226;0,00254323499491353;0,0;0,0003500175008750985;1;0
2017-06-19;5;2017-06-19 05:00:00;29,1;30,81;-1,7099999999999973;41077;295;52142;1917;1804;308;2112;2212;-113;13;-100;-0,04734848484848485;-0,06263858093126386;0,04220779220779221;-0,05876288659793805;1;0
2017-06-19;6;2017-06-19 06:00:00;38,3;40,81;-2,5100000000000047;41077;2070;52142;1762;1651;1916;3567;3832;-111;-154;-265;-0,07429212223156714;-0,06723198061780739;-0,08037578288100208;-0,06553524804177559;1;0
2017-06-19;7;2017-06-19 07:00:00;42,97;43,38;-0,4100000000000037;41077;6348;52142;1466;1428;6095;7523;7814;-38;-253;-291;-0,0386813771101954;-0,02661064425770308;-0,04150943396226415;-0,009541540609727804;1;0
2017-06-19;8;2017-06-19 08:00:00;44,03;42,81;1,2199999999999989;41077;12284;52142;899;1150;12089;13239;13183;251;-195;56;0,004229926731626255;0,2182608695652174;-0,016130366448837787;0,027708380649557093;1;0
2017-06-19;9;2017-06-19 09:00:00;40,98;39,07;1,9099999999999968;41077;17987;52142;790;982;17853;18835;18777;192;-134;58;0,0030793735067693125;0,1955193482688391;-0,007505741331989021;0,04660810151293306;1;0
2017-06-19;10;2017-06-19 10:00:00;38,24;37,96;0,28000000000000114;41077;22373;52142;966;1072;22348;23420;23339;106;-25;81;0,003458582408198121;0,09888059701492537;-0,0011186683372113836;0,007322175732217603;1;0
2017-06-19;11;2017-06-19 11:00:00;38,49;37,33;1,1600000000000037;41077;25018;52142;1184;1162;25291;26453;26202;-22;273;251;0,009488526821154501;-0,0189328743545611;0,010794353722668144;0,030137698103403575;1;0
2017-06-19;12;2017-06-19 12:00:00;34,96;37,46;-2,5;41077;26386;52142;1130;1201;26858;28059;27516;71;472;543;0,019352079546669516;0,059117402164862616;0,017573907215727158;-0,07151029748283752;1;0
2017-06-19;13;2017-06-19 13:00:00;35,06;37,73;-2,6699999999999946;41077;26536;52142;987;1200;27064;28264;27523;213;528;741;0,026217095952448345;0,1775;0,01950931126219332;-0,07615516257843681;1;0
2017-06-19;14;2017-06-19 14:00:00;35,88;38,53;-2,6499999999999986;41077;25596;52142;882;1191;25995;27186;26478;309;399;708;0,02604281615537409;0,2594458438287154;0,015349105597230236;-0,07385730211817164;1;0
2017-06-19;15;2017-06-19 15:00:00;38,33;39,72;-1,3900000000000006;41077;23455;52142;827;1168;23563;24731;24282;341;108;449;0,01815535158303344;0,2919520547945205;0,004583457114968383;-0,03626402295851815;1;0
2017-06-19;16;2017-06-19 16:00:00;39,51;40,23;-0,7199999999999989;41077;19930;52142;798;1154;19804;20958;20728;356;-126;230;0,010974329611604161;0,30849220103986136;-0,0063623510401939;-0,018223234624145757;1;0
2017-06-19;17;2017-06-19 17:00:00;42,1;42,22;-0,11999999999999746;41077;14993;52142;758;1147;14771;15918;15751;389;-222;167;0,010491267747204422;0,33914559721011334;-0,01502944959718367;-0,0028503562945367566;1;0
2017-06-19;18;2017-06-19 18:00:00;45,6;47,24;-1,6400000000000006;41077;9242;52142;828;1162;8890;10052;10070;334;-352;-18;-0,0017906884202148826;0,2874354561101549;-0,03959505061867267;-0,03596491228070177;1;0
2017-06-19;19;2017-06-19 19:00:00;49,99;54,6;-4,6099999999999985;41077;4060;52142;841;1247;3858;5105;4901;406;-202;204;0,03996082272282076;0,32558139534883723;-0,052358735095904614;-0,09221844368873772;1;0
2017-06-19;20;2017-06-19 20:00:00;45,4;50,52;-5,1200000000000045;41077;1177;52142;868;1401;1221;2622;2045;533;44;577;0,2200610221205187;0,3804425410421128;0,036036036036036036;-0,11277533039647587;1;0
2017-06-19;21;2017-06-19 21:00:00;44,13;53,37;-9,239999999999997;41077;88;52142;1069;1636;105;1741;1157;567;17;584;0,33543940264215966;0,3465770171149144;0,1619047619047619;-0,20938137321549957;1;0
2017-06-19;22;2017-06-19 22:00:00;43,68;49,76;-6,079999999999997;41077;0;52142;1274;1944;0;1944;1274;670;0;670;0,3446502057613169;0,3446502057613169;;-0,13919413919413914;1;0
2017-06-19;23;2017-06-19 23:00:00;36,66;40,29;-3,6300000000000026;41077;0;52142;1608;2192;0;2192;1608;584;0;584;0,2664233576642336;0,2664233576642336;;-0,0990180032733225;1;0
2017-06-20;0;2017-06-20 00:00:00;32,39;36,23;-3,839999999999996;41081;0;52149;1857;1904;0;1904;1857;47;0;47;0,02468487394957983;0,02468487394957983;;-0,1185551096017288;1;1
2017-06-20;1;2017-06-20 01:00:00;32,1;35,17;-3,0700000000000003;41081;0;52149;2120;2153;0;2153;2120;33;0;33;0,015327450069670227;0,015327450069670227;;-0,0956386292834891;1;1
2017-06-20;2;2017-06-20 02:00:00;30,15;34,9;-4,75;41081;0;52149;2627;2458;0;2458;2627;-169;0;-169;-0,06875508543531327;-0,06875508543531327;;-0,15754560530679934;1;1
2017-06-20;3;2017-06-20 03:00:00;28,74;33,56;-4,820000000000004;41081;0;52149;3030;2816;0;2816;3030;-214;0;-214;-0,07599431818181818;-0,07599431818181818;;-0,16771050800278373;1;1
2017-06-20;4;2017-06-20 04:00:00;28,47;32,2;-3,730000000000004;41081;2;52149;3848;3199;3;3202;3850;-649;1;-648;-0,2023735165521549;-0,2028758987183495;0,3333333333333333;-0,1310151036178435;1;1
2017-06-20;5;2017-06-20 05:00:00;30,47;33,72;-3,25;41081;292;52149;4617;3447;309;3756;4909;-1170;17;-1153;-0,306975505857295;-0,3394255874673629;0,05501618122977346;-0,10666229077781425;1;1
2017-06-20;6;2017-06-20 06:00:00;36,81;38,98;-2,1699999999999946;41081;2063;52149;4978;3407;1931;5338;7041;-1571;-132;-1703;-0,3190333458224054;-0,4611094804813619;-0,0683583635422061;-0,05895137190980697;1;1
2017-06-20;7;2017-06-20 07:00:00;43,36;43,53;-0,1700000000000017;41081;5984;52149;4475;3254;6001;9255;10459;-1221;17;-1204;-0,1300918422474338;-0,3752304855562385;0,0028328611898017;-0,003920664206642106;1;1
2017-06-20;8;2017-06-20 08:00:00;44,02;45,57;-1,5499999999999972;41081;11341;52149;3528;3163;11751;14914;14869;-365;410;45;0,003017299181976666;-0,115396775213405;0,034890647604459195;-0,035211267605633735;1;1
2017-06-20;9;2017-06-20 09:00:00;42,3;38,88;3,4199999999999946;41081;16756;52149;3227;3273;17275;20548;19983;46;519;565;0,027496593342417754;0,014054384356859151;0,03004341534008683;0,08085106382978711;1;1
2017-06-20;10;2017-06-20 10:00:00;39,66;37,45;2,2099999999999937;41081;20961;52149;3260;3625;21628;25253;24221;365;667;1032;0,04086643171108383;0,1006896551724138;0,03083965230257074;0,05572365103378704;1;1
2017-06-20;11;2017-06-20 11:00:00;36,99;37,16;-0,1699999999999946;41081;23815;52149;4005;4228;24481;28709;27820;223;666;889;0,030965899195374274;0,05274361400189215;0,02720477104693436;-0,004595836712624888;1;1
2017-06-20;12;2017-06-20 12:00:00;32,75;36,73;-3,979999999999997;41081;24927;52149;4830;5162;25898;31060;29757;332;971;1303;0,041951062459755314;0,06431615652847733;0,03749324272144567;-0,1215267175572518;1;1
2017-06-20;13;2017-06-20 13:00:00;32,0;35,35;-3,3500000000000014;41081;24476;52149;5781;6308;26011;32319;30257;527;1535;2062;0,06380147900615737;0,08354470513633482;0,05901349429087693;-0,10468750000000004;1;1
2017-06-20;14;2017-06-20 14:00:00;31,84;35,78;-3,940000000000001;41081;22984;52149;7037;7535;24687;32222;30021;498;1703;2201;0,06830736763701818;0,06609157266091573;0,06898367561874671;-0,12374371859296485;1;1
2017-06-20;15;2017-06-20 15:00:00;31,86;35,49;-3,6300000000000026;41081;20708;52149;7978;8629;22164;30793;28686;651;1456;2107;0,06842464196408275;0,07544327268513153;0,06569211333694279;-0,11393596986817334;1;1
2017-06-20;16;2017-06-20 16:00:00;31,99;35,21;-3,2200000000000024;41081;17412;52149;8803;9539;18538;28077;26215;736;1126;1862;0,06631762652705062;0,07715693468917077;0,060740101413313194;-0,10065645514223202;1;1
2017-06-20;17;2017-06-20 17:00:00;37,34;38,52;-1,1799999999999995;41081;13016;52149;9209;10041;13764;23805;22225;832;748;1580;0,06637261079605125;0,08286027288118714;0,05434466724789305;-0,03160149973219066;1;1
2017-06-20;18;2017-06-20 18:00:00;38,08;43,12;-5,039999999999999;41081;8020;52149;9662;10152;8303;18455;17682;490;283;773;0,04188566784069358;0,04826635145784082;0,03408406600024088;-0,13235294117647056;1;1
2017-06-20;19;2017-06-20 19:00:00;39,71;44,05;-4,339999999999995;41081;3904;52149;9691;10066;3735;13801;13595;375;-169;206;0,014926454604738787;0,037254122789588714;-0,04524765729585007;-0,1092923696801812;1;1
2017-06-20;20;2017-06-20 20:00:00;39,95;43,01;-3,059999999999995;41081;1254;52149;9292;9770;1251;11021;10546;478;-3;475;0,04309953724707377;0,04892528147389969;-0,002398081534772182;-0,07659574468085094;1;1
2017-06-20;21;2017-06-20 21:00:00;38,9;40,98;-2,0799999999999983;41081;108;52149;8508;9205;110;9315;8616;697;2;699;0,0750402576489533;0,0757197175448126;0,01818181818181818;-0,05347043701799482;1;1
2017-06-20;22;2017-06-20 22:00:00;38,57;36,92;1,6499999999999986;41081;0;52149;8242;8631;0;8631;8242;389;0;389;0,045070096164986674;0,045070096164986674;;0,04277936219859991;1;1
2017-06-20;23;2017-06-20 23:00:00;34,91;33,86;1,0499999999999972;41081;0;52149;7986;7960;0;7960;7986;-26;0;-26;-0,0032663316582914573;-0,0032663316582914573;;0,030077341735892216;1;1
2017-06-21;0;2017-06-21 00:00:00;32,05;33,78;-1,7300000000000042;41085;0;52154;7394;5947;0;5947;7394;-1447;0;-1447;-0,24331595762569364;-0,24331595762569364;;-0,053978159126365194;1;2
2017-06-21;1;2017-06-21 01:00:00;31,94;30,93;1,0100000000000016;41085;0;52154;6460;5252;0;5252;6460;-1208;0;-1208;-0,23000761614623;-0,23000761614623;;0,03162179085785853;1;2
2017-06-21;2;2017-06-21 02:00:00;31,34;30,42;0,9199999999999982;41085;0;52154;5894;4724;0;4724;5894;-1170;0;-1170;-0,2476714648602879;-0,2476714648602879;;0,02935545628589656;1;2
2017-06-21;3;2017-06-21 03:00:00;30,87;27,7;3,1700000000000017;41085;0;52154;5472;4282;0;4282;5472;-1190;0;-1190;-0,27790751985053713;-0,27790751985053713;;0,10268869452542927;1;2
2017-06-21;4;2017-06-21 04:00:00;30,68;27,71;2,969999999999999;41085;3;52154;5008;3831;3;3834;5011;-1177;0;-1177;-0,30699008868022953;-0,3072304881232054;0,0;0,09680573663624507;1;2
2017-06-21;5;2017-06-21 05:00:00;30,92;28,77;2,150000000000002;41085;303;52154;4602;3336;309;3645;4905;-1266;6;-1260;-0,345679012345679;-0,37949640287769787;0,019417475728155338;0,06953428201811132;1;2
2017-06-21;6;2017-06-21 06:00:00;38,41;40,4;-1,990000000000002;41085;2095;52154;3688;2800;1943;4743;5783;-888;-152;-1040;-0,21927050390048491;-0,3171428571428571;-0,0782295419454452;-0,05180942462900292;1;2
2017-06-21;7;2017-06-21 07:00:00;44,02;44,28;-0,259999999999998;41085;5926;52154;2113;2247;5952;8199;8039;134;26;160;0,01951457494816441;0,059635068980863376;0,004368279569892473;-0,005906406179009496;1;2
2017-06-21;8;2017-06-21 08:00:00;44,65;45,47;-0,8200000000000003;41085;11142;52154;1482;1806;11764;13570;12624;324;622;946;0,06971260132645542;0,17940199335548174;0,05287317239034342;-0,018365061590145584;1;2
2017-06-21;9;2017-06-21 09:00:00;43,24;44,69;-1,4499999999999955;41085;16371;52154;1357;1500;17275;18775;17728;143;904;1047;0,05576564580559255;0,09533333333333334;0,052329956584659915;-0,03353376503237732;1;2
2017-06-21;10;2017-06-21 10:00:00;40,06;42,02;-1,9600000000000009;41085;20532;52154;1433;1330;21615;22945;21965;-103;1083;980;0,04271083024624101;-0,0774436090225564;0,05010409437890354;-0,04892661008487271;1;2
2017-06-21;11;2017-06-21 11:00:00;39,54;37,67;1,8699999999999972;41085;23605;52154;1579;1289;24576;25865;25184;-290;971;681;0,02632901604484825;-0,22498060512024826;0,039510091145833336;0,04729387961557909;1;2
2017-06-21;12;2017-06-21 12:00:00;37,64;35,23;2,410000000000004;41085;25016;52154;1649;1328;26042;27370;26665;-321;1026;705;0,025758129338692;-0,24171686746987953;0,03939789570693495;0,06402763018065898;1;2
2017-06-21;13;2017-06-21 13:00:00;36,09;34,83;1,2600000000000051;41085;24559;52154;1649;1388;26120;27508;26208;-261;1561;1300;0,04725897920604915;-0,18804034582132564;0,059762633996937216;0,034912718204488914;1;2
2017-06-21;14;2017-06-21 14:00:00;33,65;34,38;-0,730000000000004;41085;23135;52154;1568;1461;24885;26346;24703;-107;1750;1643;0,062362407955666894;-0,0732375085557837;0,07032348804500703;-0,021693907875185856;1;2
2017-06-21;15;2017-06-21 15:00:00;34,69;35,62;-0,9299999999999996;41085;21010;52154;1514;1490;22390;23880;22524;-24;1380;1356;0,05678391959798995;-0,016107382550335572;0,06163465832961143;-0,026808878639377334;1;2
2017-06-21;16;2017-06-21 16:00:00;38,2;37,67;0,5300000000000011;41085;17896;52154;1364;1500;18779;20279;19260;136;883;1019;0,05024902608609892;0,09066666666666667;0,047020608126098304;0,01387434554973825;1;2
2017-06-21;17;2017-06-21 17:00:00;45,64;44,7;0,9399999999999976;41085;13387;52154;1332;1498;13879;15377;14719;166;492;658;0,04279118163490928;0,11081441922563418;0,03544923985877945;0,020595968448729133;1;2
2017-06-21;18;2017-06-21 18:00:00;50,94;48,81;2,1299999999999955;41085;8149;52154;1250;1463;8294;9757;9399;213;145;358;0,03669160602644255;0,14559125085440874;0,017482517482517484;0,041813898704357984;1;2
2017-06-21;19;2017-06-21 19:00:00;56,95;53,93;3,020000000000003;41085;3776;52154;1148;1478;3681;5159;4924;330;-95;235;0,045551463461911225;0,2232746955345061;-0,02580820429231187;0,05302897278314316;1;2
2017-06-21;20;2017-06-21 20:00:00;51,03;52,8;-1,7699999999999958;41085;1309;52154;1232;1617;1233;2850;2541;385;-76;309;0,10842105263157895;0,23809523809523808;-0,06163828061638281;-0,034685479129923494;1;2
2017-06-21;21;2017-06-21 21:00:00;45,44;43,17;2,269999999999996;41085;109;52154;1189;1936;114;2050;1298;747;5;752;0,3668292682926829;0,38584710743801653;0,043859649122807015;0,04995598591549287;1;2
2017-06-21;22;2017-06-21 22:00:00;44,05;43,1;0,9499999999999956;41085;0;52154;1226;2419;0;2419;1226;1193;0;1193;0,49317899958660605;0,49317899958660605;;0,02156640181611795;1;2
2017-06-21;23;2017-06-21 23:00:00;36,68;36,62;0,060000000000002274;41085;0;52154;1416;2910;0;2910;1416;1494;0;1494;0,51340206185567;0,51340206185567;;0,0016357688113413924;1;2
2017-06-22;0;2017-06-22 00:00:00;35,94;36,53;-0,5900000000000034;41089;0;52197;1700;2562;0;2562;1700;862;0;862;0,336455893832943;0,336455893832943;;-0,01641624930439631;1;3
2017-06-22;1;2017-06-22 01:00:00;34,45;36,76;-2,309999999999995;41089;0;52197;2190;3003;0;3003;2190;813;0;813;0,2707292707292707;0,2707292707292707;;-0,06705370101596501;1;3
2017-06-22;2;2017-06-22 02:00:00;32,04;34,45;-2,410000000000004;41089;0;52197;2436;3493;0;3493;2436;1057;0;1057;0,3026052104208417;0,3026052104208417;;-0,07521847690387029;1;3
2017-06-22;3;2017-06-22 03:00:00;30,96;32,91;-1,949999999999996;41089;0;52197;2734;3947;0;3947;2734;1213;0;1213;0,3073220167215607;0,3073220167215607;;-0,06298449612403087;1;3
2017-06-22;4;2017-06-22 04:00:00;29,2;30,4;-1,1999999999999993;41089;3;52197;3638;4467;2;4469;3641;829;-1;828;0,1852763481763258;0,18558316543541525;-0,5;-0,04109589041095888;1;3
2017-06-22;5;2017-06-22 05:00:00;30,2;32,19;-1,9899999999999984;41089;284;52197;4252;4930;309;5239;4536;678;25;703;0,1341859133422409;0,13752535496957405;0,08090614886731391;-0,06589403973509929;1;3
2017-06-22;6;2017-06-22 06:00:00;36,46;38,45;-1,990000000000002;41089;2002;52197;5233;5338;1951;7289;7235;105;-51;54;0,0074084236520784745;0,01967028849756463;-0,026140440799589954;-0,05458036204059248;1;3
2017-06-22;7;2017-06-22 07:00:00;42,39;47,36;-4,969999999999999;41089;5728;52197;5268;5604;5627;11231;10996;336;-101;235;0,020924227584364706;0,059957173447537475;-0,01794917362715479;-0,11724463316820002;1;3
2017-06-22;8;2017-06-22 08:00:00;44,8;44,83;-0,030000000000001137;41089;10898;52197;4185;5324;10745;16069;15083;1139;-153;986;0,06136038334681685;0,21393688955672427;-0,014239181014425313;-0,0006696428571428825;1;3
2017-06-22;9;2017-06-22 09:00:00;40,88;42,05;-1,1699999999999946;41089;15683;52197;4500;5015;15736;20751;20183;515;53;568;0,027372174834947714;0,10269192422731804;0,0033680732079308592;-0,028620352250489103;1;3
2017-06-22;10;2017-06-22 10:00:00;38,91;41,64;-2,730000000000004;41089;19237;52197;6415;5422;19560;24982;25652;-993;323;-670;-0,026819309903130254;-0,183142751752121;0,016513292433537833;-0,07016191210485748;1;3
2017-06-22;11;2017-06-22 11:00:00;37,15;39,12;-1,9699999999999989;41089;21878;52197;9865;6358;22173;28531;31743;-3507;295;-3212;-0,11257929970908837;-0,5515885498584461;0,013304469399720381;-0,05302826379542393;1;3
2017-06-22;12;2017-06-22 12:00:00;34,96;32,41;2,5500000000000043;41089;23248;52197;10782;7758;23495;31253;34030;-3024;247;-2777;-0,08885546987489201;-0,38979118329466356;0,010512875079804213;0,0729405034324944;1;3
2017-06-22;13;2017-06-22 13:00:00;31,71;31,81;-0,09999999999999787;41089;22742;52197;12479;9439;23349;32788;35221;-3040;607;-2433;-0,0742039770647798;-0,32206801567962706;0,025996830699387553;-0,0031535793125196426;1;3
2017-06-22;14;2017-06-22 14:00:00;30,29;29,88;0,41000000000000014;41089;20493;52197;14249;10735;21933;32668;34742;-3514;1440;-2074;-0,06348720460389372;-0,3273404750815091;0,06565449322938038;0,013535820402773197;1;3
2017-06-22;15;2017-06-22 15:00:00;30,37;30,41;-0,03999999999999915;41089;17064;52197;14907;11385;19558;30943;31971;-3522;2494;-1028;-0,033222376627993405;-0,3093544137022398;0,12751815114019838;-0,0013170892327954938;1;3
2017-06-22;16;2017-06-22 16:00:00;30,17;33,77;-3,6000000000000014;41089;12801;52197;15333;11958;16166;28124;28134;-3375;3365;-10;-0,0003555681979803726;-0,2822378324134471;0,2081529135222071;-0,11932383162081542;1;3
2017-06-22;17;2017-06-22 17:00:00;37,43;38,64;-1,2100000000000009;41089;8416;52197;15112;12240;11769;24009;23528;-2872;3353;481;0,020034153858969554;-0,234640522875817;0,2849010111309372;-0,032327010419449666;1;3
2017-06-22;18;2017-06-22 18:00:00;39,9;40,49;-0,5900000000000034;41089;4658;52197;16220;11994;7066;19060;20878;-4226;2408;-1818;-0,09538300104931795;-0,35234283808570954;0,34078686668553637;-0,014786967418546453;1;3
2017-06-22;19;2017-06-22 19:00:00;41,91;37,98;3,93;41089;2236;52197;16201;11434;3286;14720;18437;-4767;1050;-3717;-0,25251358695652176;-0,4169144656288263;0,31953743152769326;0,09377236936292055;1;3
2017-06-22;20;2017-06-22 20:00:00;38,99;34,36;4,630000000000003;41089;822;52197;16910;10839;1046;11885;17732;-6071;224;-5847;-0,4919646613378208;-0,5601070209428914;0,21414913957934992;0,11874839702487823;1;3
2017-06-22;21;2017-06-22 21:00:00;37,56;33,61;3,950000000000003;41089;80;52197;18415;10426;83;10509;18495;-7989;3;-7986;-0,7599200685127034;-0,7662574333397276;0,03614457831325301;0,10516506922257728;1;3
2017-06-22;22;2017-06-22 22:00:00;36,07;28,83;7,240000000000002;41089;0;52197;18022;10424;0;10424;18022;-7598;0;-7598;-0,7288948580199539;-0,7288948580199539;;0,20072082062655952;1;3
2017-06-22;23;2017-06-22 23:00:00;30,95;22,94;8,009999999999998;41089;0;52197;19198;10591;0;10591;19198;-8607;0;-8607;-0,8126711358700783;-0,8126711358700783;;0,25880452342487875;1;3
2017-06-23;0;2017-06-23 00:00:00;25,33;21,7;3,629999999999999;41095;0;52221;18364;17642;0;17642;18364;-722;0;-722;-0,04092506518535313;-0,04092506518535313;;0,14330833004342675;1;4
2017-06-23;1;2017-06-23 01:00:00;23,55;22,22;1,3300000000000018;41095;0;52221;17423;18037;0;18037;17423;614;0;614;0,03404113766147364;0,03404113766147364;;0,056475583864118974;1;4
2017-06-23;2;2017-06-23 02:00:00;22,43;29,29;-6,8599999999999985;41095;0;52221;18391;18435;0;18435;18391;44;0;44;0,0023867643070246813;0,0023867643070246813;;-0,3058403923316986;1;4
2017-06-23;3;2017-06-23 03:00:00;21,41;26,93;-5,52;41095;0;52221;20199;18616;0;18616;20199;-1583;0;-1583;-0,08503437902879243;-0,08503437902879243;;-0,25782344698738907;1;4
2017-06-23;4;2017-06-23 04:00:00;21,59;25,09;-3,5;41095;2;52221;20706;18599;1;18600;20708;-2107;-1;-2108;-0,11333333333333333;-0,11328566051938277;-1,0;-0,1621120889300602;1;4
2017-06-23;5;2017-06-23 05:00:00;23,34;24,53;-1,1900000000000013;41095;169;52221;19684;18163;242;18405;19853;-1521;73;-1448;-0,07867427329530019;-0,08374167263117327;0,30165289256198347;-0,05098543273350477;1;4
2017-06-23;6;2017-06-23 06:00:00;28,09;43,98;-15,889999999999995;41095;1385;52221;19695;17367;1658;19025;21080;-2328;273;-2055;-0,10801576872536137;-0,13404733114527553;0,1646562123039807;-0,5656817372730507;1;4
2017-06-23;7;2017-06-23 07:00:00;36,26;50,74;-14,480000000000004;41095;3836;52221;18422;16545;4460;21005;22258;-1877;624;-1253;-0,05965246369911926;-0,11344817165306739;0,13991031390134528;-0,39933811362382804;1;4
2017-06-23;8;2017-06-23 08:00:00;38,28;62,73;-24,45;41095;6816;52221;17452;15972;8305;24277;24268;-1480;1489;9;0,00037072125880462987;-0,09266215877786126;0,17928958458759783;-0,6387147335423197;1;4
2017-06-23;9;2017-06-23 09:00:00;34,09;52,22;-18,129999999999995;41095;9870;52221;17762;15676;12336;28012;27632;-2086;2466;380;0,013565614736541482;-0,13306966062771114;0,19990272373540857;-0,5318275154004105;1;4
2017-06-23;10;2017-06-23 10:00:00;30,45;43,3;-12,849999999999998;41095;12868;52221;19592;15612;15993;31605;32460;-3980;3125;-855;-0,027052681537731372;-0,2549321035101204;0,19539798661914587;-0,4220032840722495;1;4
2017-06-23;11;2017-06-23 11:00:00;29,05;37,49;-8,440000000000001;41095;15968;52221;20604;15785;18868;34653;36572;-4819;2900;-1919;-0,055377600784924826;-0,30528983211910043;0,15369938520245918;-0,29053356282271947;1;4
2017-06-23;12;2017-06-23 12:00:00;27,77;34,81;-7,040000000000003;41095;18521;52221;20848;16181;20676;36857;39369;-4667;2155;-2512;-0,06815530292753073;-0,28842469563067796;0,10422712323466822;-0,25351098307526115;1;4
2017-06-23;13;2017-06-23 13:00:00;26,1;27,64;-1,5399999999999991;41095;20046;52221;21138;16698;21303;38001;41184;-4440;1257;-3183;-0,08376095365911423;-0,265900107797341;0,05900577383467117;-0,05900383141762448;1;4
2017-06-23;14;2017-06-23 14:00:00;25,07;21,71;3,3599999999999994;41095;20241;52221;21470;17139;20851;37990;41711;-4331;610;-3721;-0,09794682811266123;-0,25269852383452945;0,0292551915975253;0,1340247307538891;1;4
2017-06-23;15;2017-06-23 15:00:00;24,98;17,85;7,129999999999999;41095;18728;52221;22341;17273;19183;36456;41069;-5068;455;-4613;-0,12653609831029186;-0,2934058935911538;0,02371891779179482;0,28542834267413925;1;4
2017-06-23;16;2017-06-23 16:00:00;25,01;15,74;9,27;41095;15790;52221;21058;16931;16281;33212;36848;-4127;491;-3636;-0,10947850174635673;-0,24375406059890142;0,030157852711749894;0,37065173930427825;1;4
2017-06-23;17;2017-06-23 17:00:00;29,06;21,72;7,34;41095;12286;52221;19850;15806;12291;28097;32136;-4044;5;-4039;-0,14375200199309535;-0,25585220802227004;0,00040680172483931334;0,25258086717136957;1;4
2017-06-23;18;2017-06-23 18:00:00;36,46;33,08;3,3800000000000026;41095;7889;52221;18126;13921;7610;21531;26015;-4205;-279;-4484;-0,20825786075890576;-0,30206163350334025;-0,0366622864651774;0,09270433351618218;1;4
2017-06-23;19;2017-06-23 19:00:00;38,42;33,31;5,1099999999999985;41095;3772;52221;15288;11953;3549;15502;19060;-3335;-223;-3558;-0,22951877177138433;-0,2790094536936334;-0,06283460129613976;0,13300364393545025;1;4
2017-06-23;20;2017-06-23 20:00:00;38,44;33,47;4,969999999999999;41095;1148;52221;13210;10361;1143;11504;14358;-2849;-5;-2854;-0,24808762169680112;-0,27497345816040925;-0,004374453193350831;0,1292924037460978;1;4
2017-06-23;21;2017-06-23 21:00:00;37,98;33,8;4,18;41095;76;52221;12460;9380;93;9473;12536;-3080;17;-3063;-0,3233400190013723;-0,3283582089552239;0,1827956989247312;0,110057925223802;1;4
2017-06-23;22;2017-06-23 22:00:00;39,23;34,91;4,32;41095;0;52221;12273;8987;0;8987;12273;-3286;0;-3286;-0,36563925670412817;-0,36563925670412817;;0,1101198062707112;1;4
2017-06-23;23;2017-06-23 23:00:00;36,43;29,04;7,3900000000000015;41095;0;52221;12329;9076;0;9076;12329;-3253;0;-3253;-0,35841780520052885;-0,35841780520052885;;0,202854790008235;1;4
2017-06-24;0;2017-06-24 00:00:00;29,33;28,0;1,3299999999999983;41095;0;52221;12429;9727;0;9727;12429;-2702;0;-2702;-0,27778348925670815;-0,27778348925670815;;0,04534606205250591;1;5
2017-06-24;1;2017-06-24 01:00:00;28,01;29,91;-1,8999999999999984;41095;0;52221;12369;10585;0;10585;12369;-1784;0;-1784;-0,16854038734057628;-0,16854038734057628;;-0,067832916815423;1;5
2017-06-24;2;2017-06-24 02:00:00;24,01;30,65;-6,639999999999998;41095;0;52221;12480;11430;0;11430;12480;-1050;0;-1050;-0,09186351706036745;-0,09186351706036745;;-0,276551436901291;1;5
2017-06-24;3;2017-06-24 03:00:00;23,02;28,75;-5,73;41095;0;52221;12806;12084;0;12084;12806;-722;0;-722;-0,059748427672955975;-0,059748427672955975;;-0,2489139878366638;1;5
2017-06-24;4;2017-06-24 04:00:00;20,6;28,04;-7,439999999999998;41095;1;52221;13272;12668;1;12669;13273;-604;0;-604;-0,047675428210592785;-0,047679191664035364;0,0;-0,3611650485436892;1;5
2017-06-24;5;2017-06-24 05:00:00;19,99;25,3;-5,310000000000001;41095;178;52221;13420;13048;220;13268;13598;-372;42;-330;-0,02487187217365089;-0,02851011649294911;0,19090909090909092;-0,2656328164082042;1;5
2017-06-24;6;2017-06-24 06:00:00;22,09;27,73;-5,6400000000000015;41095;1532;52221;13639;13259;1517;14776;15171;-380;-15;-395;-0,026732539252842448;-0,028659778263820802;-0,00988793671720501;-0,2553191489361703;1;5
2017-06-24;7;2017-06-24 07:00:00;24,53;28,96;-4,43;41095;4338;52221;14115;13524;4572;18096;18453;-591;234;-357;-0,01972811671087533;-0,04370008873114463;0,051181102362204724;-0,1805951895637994;1;5
2017-06-24;8;2017-06-24 08:00:00;25,66;31,69;-6,030000000000001;41095;8026;52221;15614;14218;8843;23061;23640;-1396;817;-579;-0,02510732405359698;-0,09818539879026586;0,09238946059029741;-0,234996102883866;1;5
2017-06-24;9;2017-06-24 09:00:00;24,8;32,58;-7,779999999999998;41095;11704;52221;17869;15416;12977;28393;29573;-2453;1273;-1180;-0,04155953932307259;-0,15912039439543332;0,09809663250366032;-0,31370967741935474;1;5
2017-06-24;10;2017-06-24 10:00:00;22,0;24,04;-2,039999999999999;41095;14971;52221;19869;16739;16253;32992;34840;-3130;1282;-1848;-0,056013579049466536;-0,18698847004002628;0,07887774564695749;-0,09272727272727269;1;5
2017-06-24;11;2017-06-24 11:00:00;11,82;6,81;5,010000000000002;41095;17030;52221;21134;17782;18526;36308;38164;-3352;1496;-1856;-0,051118210862619806;-0,18850523000787314;0,08075137644391665;0,4238578680203047;1;5
2017-06-24;12;2017-06-24 12:00:00;11,79;5,18;6,6099999999999985;41095;18557;52221;22149;18332;19845;38177;40706;-3817;1288;-2529;-0,06624407365691384;-0,20821514291948506;0,06490299823633157;0,5606446140797285;1;5
2017-06-24;13;2017-06-24 13:00:00;10,32;3,19;7,130000000000001;41095;19520;52221;22720;18554;20195;38749;42240;-4166;675;-3491;-0,0900926475521949;-0,2245337932521289;0,03342411487992077;0,6908914728682171;1;5
2017-06-24;14;2017-06-24 14:00:00;7,38;-24,35;31,73;41095;19550;52221;22463;18503;19460;37963;42013;-3960;-90;-4050;-0,1066828227484656;-0,21401934821380317;-0,0046248715313463515;4,299457994579946;1;5
2017-06-24;15;2017-06-24 15:00:00;9,77;-26,18;35,95;41095;18150;52221;22120;18045;17665;35710;40270;-4075;-485;-4560;-0,12769532343881265;-0,2258243280687171;-0,02745542032267195;3,679631525076766;1;5
2017-06-24;16;2017-06-24 16:00:00;12,64;-19,85;32,49;41095;15287;52221;21966;17403;14899;32302;37253;-4563;-388;-4951;-0,15327224320475513;-0,262196173073608;-0,026042016242700854;2,570411392405063;1;5
2017-06-24;17;2017-06-24 17:00:00;20,31;2,36;17,95;41095;11236;52221;19900;16477;11151;27628;31136;-3423;-85;-3508;-0,1269726364557695;-0,2077441281786733;-0,007622634741278809;0,8838010832102413;1;5
2017-06-24;18;2017-06-24 18:00:00;29,59;18,01;11,579999999999998;41095;7045;52221;17881;15106;6773;21879;24926;-2775;-272;-3047;-0,13926596279537456;-0,18370184032834636;-0,040159456666174514;0,39134842852314966;1;5
2017-06-24;19;2017-06-24 19:00:00;31,07;25,17;5,899999999999999;41095;3332;52221;15282;13561;3014;16575;18614;-1721;-318;-2039;-0,12301659125188537;-0,12690804512941523;-0,10550763105507631;0,18989378822014802;1;5
2017-06-24;20;2017-06-24 20:00:00;29,82;27,4;2,4200000000000017;41095;1004;52221;12212;12130;916;13046;13216;-82;-88;-170;-0,013030814042618428;-0,0067600989282769995;-0,09606986899563319;0,08115358819584177;1;5
2017-06-24;21;2017-06-24 21:00:00;31,38;29,05;2,3299999999999983;41095;60;52221;10480;10948;71;11019;10540;468;11;479;0,04347036936201107;0,04274753379612715;0,15492957746478872;0,07425111536010193;1;5
2017-06-24;22;2017-06-24 22:00:00;31,94;33,39;-1,4499999999999993;41095;0;52221;9692;10227;0;10227;9692;535;0;535;0,052312506111274075;0,052312506111274075;;-0,04539762053850968;1;5
2017-06-24;23;2017-06-24 23:00:00;29,75;30,67;-0,9200000000000016;41095;0;52221;9174;10006;0;10006;9174;832;0;832;0,08315010993403958;0,08315010993403958;;-0,030924369747899215;1;5
2017-06-25;0;2017-06-25 00:00:00;28,06;30,68;-2,620000000000001;41095;0;52221;8921;10106;0;10106;8921;1185;0;1185;0,11725707500494756;0,11725707500494756;;-0,09337134711332862;1;6
2017-06-25;1;2017-06-25 01:00:00;23,59;26,23;-2,640000000000001;41095;0;52221;9040;10438;0;10438;9040;1398;0;1398;0,13393370377466948;0,13393370377466948;;-0,11191182704535825;1;6
2017-06-25;2;2017-06-25 02:00:00;20,79;22,09;-1,3000000000000007;41095;0;52221;9360;10857;0;10857;9360;1497;0;1497;0,13788339320254214;0,13788339320254214;;-0,06253006253006256;1;6
2017-06-25;3;2017-06-25 03:00:00;18,25;20,11;-1,8599999999999997;41095;0;52221;9989;11205;0;11205;9989;1216;0;1216;0,10852298081213743;0,10852298081213743;;-0,10191780821917806;1;6
2017-06-25;4;2017-06-25 04:00:00;14,45;16,91;-2,460000000000001;41095;1;52221;10638;11557;1;11558;10639;919;0;919;0,07951202630212839;0,07951890629055984;0,0;-0,17024221453287203;1;6
2017-06-25;5;2017-06-25 05:00:00;10,25;11,63;-1,3800000000000008;41095;190;52221;11760;11938;211;12149;11950;178;21;199;0,016379948966993168;0,014910370246272408;0,0995260663507109;-0,13463414634146348;1;6
2017-06-25;6;2017-06-25 06:00:00;10,26;10,01;0,25;41095;1408;52221;12398;12279;1391;13670;13806;-119;-17;-136;-0,009948792977322604;-0,00969134294323642;-0,012221423436376708;0,02436647173489279;1;6
2017-06-25;7;2017-06-25 07:00:00;17,69;12,62;5,070000000000002;41095;3662;52221;12307;12692;3739;16431;15969;385;77;462;0,028117582618221653;0,03033406870469587;0,020593741642150307;0,2866026003391748;1;6
2017-06-25;8;2017-06-25 08:00:00;17,77;19,1;-1,3300000000000018;41095;6177;52221;13353;13739;6703;20442;19530;386;526;912;0,04461402993836219;0,028095203435475655;0,0784723258242578;-0,07484524479459774;1;6
2017-06-25;9;2017-06-25 09:00:00;16,11;22,09;-5,98;41095;8634;52221;15962;15509;9602;25111;24596;-453;968;515;0,020508940305045596;-0,029208846476239603;0,10081233076442409;-0,37119801365611427;1;6
2017-06-25;10;2017-06-25 10:00:00;13,29;20,54;-7,25;41095;11194;52221;18264;17450;12048;29498;29458;-814;854;40;0,0013560241372296427;-0,04664756446991404;0,07088313413014609;-0,545522949586155;1;6
2017-06-25;11;2017-06-25 11:00:00;13,61;13,79;-0,17999999999999972;41095;13016;52221;20126;19022;13983;33005;33142;-1104;967;-137;-0,004150886229359188;-0,05803806119230365;0,06915540298934421;-0,01322556943423951;1;6
2017-06-25;12;2017-06-25 12:00:00;11,27;5,52;5,75;41095;13577;52221;21112;20034;15237;35271;34689;-1078;1660;582;0,016500808029259163;-0,05380852550663871;0,10894533044562578;0,5102040816326531;1;6
2017-06-25;13;2017-06-25 13:00:00;7,32;6,48;0,8399999999999999;41095;13227;52221;21296;20726;15466;36192;34523;-570;2239;1669;0,04611516357206012;-0,027501688700183345;0,14476917108496057;0,11475409836065571;1;6
2017-06-25;14;2017-06-25 14:00:00;0,65;9,1;-8,45;41095;12655;52221;20516;20946;14882;35828;33171;430;2227;2657;0,07415987495813331;0,02052897928005347;0,14964386507189895;-12,999999999999998;1;6
2017-06-25;15;2017-06-25 15:00:00;3,3;10,21;-6,910000000000001;41095;11676;52221;19894;20565;13536;34101;31570;671;1860;2531;0,07422069734025395;0,03262825188426939;0,1374113475177305;-2,093939393939394;1;6
2017-06-25;16;2017-06-25 16:00:00;8,17;8,55;-0,3800000000000008;41095;10334;52221;19003;19857;11399;31256;29337;854;1065;1919;0,06139621192730996;0,0430075036511054;0,09342924817966489;-0,04651162790697684;1;6
2017-06-25;17;2017-06-25 17:00:00;17,01;14,44;2,570000000000002;41095;7748;52221;17714;18522;8602;27124;25462;808;854;1662;0,06127414835569975;0,04362379872583954;0,09927923738665427;0,15108759553204007;1;6
2017-06-25;18;2017-06-25 18:00:00;21,69;18,67;3,02;41095;4884;52221;15912;16575;5460;22035;20796;663;576;1239;0,0562287270251872;0,04;0,1054945054945055;0,1392346703550023;1;6
2017-06-25;19;2017-06-25 19:00:00;29,21;32,58;-3,369999999999997;41095;2481;52221;13316;14546;2678;17224;15797;1230;197;1427;0,08284951230840687;0,08455932902516156;0,07356235997012696;-0,11537144813420051;1;6
2017-06-25;20;2017-06-25 20:00:00;33,94;38,15;-4,210000000000001;41095;775;52221;11942;12928;839;13767;12717;986;64;1050;0,07626933972543037;0,07626856435643564;0,07628128724672228;-0,12404242781378907;1;6
2017-06-25;21;2017-06-25 21:00:00;35,21;38,3;-3,0899999999999963;41095;48;52221;11553;11903;64;11967;11601;350;16;366;0,030584106292303837;0,02940435184407292;0,25;-0,08775915932973577;1;6
2017-06-25;22;2017-06-25 22:00:00;38,91;40,02;-1,1100000000000063;41095;0;52221;10607;11448;0;11448;10607;841;0;841;0,07346261355695317;0,07346261355695317;;-0,028527370855821292;1;6
2017-06-25;23;2017-06-25 23:00:00;36,21;38,99;-2,780000000000001;41095;0;52221;10011;11562;0;11562;10011;1551;0;1551;0,13414634146341464;0,13414634146341464;;-0,07677437172051922;1;6
2017-06-26;0;2017-06-26 00:00:00;33,29;32,23;1,0600000000000025;41106;0;52255;9476;11035;0;11035;9476;1559;0;1559;0,1412777526053466;0,1412777526053466;;0,031841393811955616;1;0
2017-06-26;1;2017-06-26 01:00:00;30,8;30,95;-0,14999999999999858;41106;0;52255;9868;11655;0;11655;9868;1787;0;1787;0,15332475332475332;0,15332475332475332;;-0,004870129870129824;1;0
2017-06-26;2;2017-06-26 02:00:00;28,03;31,15;-3,119999999999997;41106;0;52255;10744;12190;0;12190;10744;1446;0;1446;0,11862182116488926;0,11862182116488926;;-0,11130931145201559;1;0
2017-06-26;3;2017-06-26 03:00:00;26,16;28,47;-2,3099999999999987;41106;0;52255;11256;12518;0;12518;11256;1262;0;1262;0,10081482664962454;0,10081482664962454;;-0,08830275229357794;1;0
2017-06-26;4;2017-06-26 04:00:00;23,96;26,11;-2,1499999999999986;41106;1;52255;11126;12886;1;12887;11127;1760;0;1760;0,1365717389617444;0,1365823374204563;0,0;-0,08973288814691145;1;0
2017-06-26;5;2017-06-26 05:00:00;26,21;29,06;-2,8499999999999983;41106;186;52255;10814;13072;225;13297;11000;2258;39;2297;0,17274573212002708;0,17273561811505508;0,17333333333333334;-0,10873712323540627;1;0
2017-06-26;6;2017-06-26 06:00:00;37,12;38,16;-1,0399999999999991;41106;1504;52255;10684;13093;1583;14676;12188;2409;79;2488;0,16952848187517033;0,18399144581073856;0,04990524320909665;-0,028017241379310324;1;0
2017-06-26;7;2017-06-26 07:00:00;39,43;40,09;-0,6600000000000037;41106;4579;52255;9809;13160;4561;17721;14388;3351;-18;3333;0,18808193668528864;0,25463525835866263;-0,0039465029598772195;-0,016738523966523047;1;0
2017-06-26;8;2017-06-26 08:00:00;38,98;41,27;-2,2900000000000063;41106;9133;52255;10296;13258;8774;22032;19429;2962;-359;2603;0,11814633260711692;0,22341227937848845;-0,04091634374287668;-0,05874807593637779;1;0
2017-06-26;9;2017-06-26 09:00:00;34,43;34,77;-0,3400000000000034;41106;13495;52255;11330;13321;13135;26456;24825;1991;-360;1631;0,06164953129724826;0,1494632535094963;-0,027407689379520365;-0,009875108916642563;1;0
2017-06-26;10;2017-06-26 10:00:00;28,85;28,83;0,02000000000000313;41106;17106;52255;11668;13309;16584;29893;28774;1641;-522;1119;0,03743351286254307;0,12330002254113757;-0,03147612156295224;0,00069324090121328;1;0
2017-06-26;11;2017-06-26 11:00:00;28,09;30,3;-2,210000000000001;41106;19360;52255;11459;13246;19034;32280;30819;1787;-326;1461;0,045260223048327136;0,1349086516684282;-0,017127245980876327;-0,07867568529725884;1;0
2017-06-26;12;2017-06-26 12:00:00;27,49;30,91;-3,4200000000000017;41106;20873;52255;11420;13035;20641;33676;32293;1615;-232;1383;0,041067822781803064;0,12389719984656694;-0,011239765515236665;-0,12440887595489276;1;0
2017-06-26;13;2017-06-26 13:00:00;27,35;30,78;-3,43;41106;21433;52255;11324;12657;21351;34008;32757;1333;-82;1251;0,03678546224417784;0,10531721576992968;-0,0038405695283593275;-0,12541133455210238;1;0
2017-06-26;14;2017-06-26 14:00:00;26,2;30,2;-4,0;41106;20976;52255;11104;12166;21063;33229;32080;1062;87;1149;0,03457822985946011;0,08729245438106198;0,004130465745620282;-0,15267175572519084;1;0
2017-06-26;15;2017-06-26 15:00:00;27,2;31,11;-3,91;41106;19552;52255;10518;11581;19560;31141;30070;1063;8;1071;0,0343919591535275;0,0917882738969001;0,00040899795501022495;-0,14375000000000002;1;0
2017-06-26;16;2017-06-26 16:00:00;28,03;31,89;-3,86;41106;16782;52255;9389;10880;16894;27774;26171;1491;112;1603;0,05771584935551235;0,1370404411764706;0,006629572629335859;-0,1377095968605066;1;0
2017-06-26;17;2017-06-26 17:00:00;35,38;36,56;-1,1799999999999995;41106;13026;52255;8372;9959;12971;22930;21398;1587;-55;1532;0,06681203663323157;0,15935334872979215;-0,004240228201372292;-0,03335217637083096;1;0
2017-06-26;18;2017-06-26 18:00:00;39,9;41,75;-1,8500000000000012;41106;8373;52255;7508;8752;8056;16808;15881;1244;-317;927;0,05515230842455973;0,14213893967093236;-0,03934955312810328;-0,04636591478696745;1;0
2017-06-26;19;2017-06-26 19:00:00;42,91;44,06;-1,1500000000000057;41106;3965;52255;6672;7549;3677;11226;10637;877;-288;589;0,05246748619276679;0,11617432772552656;-0,07832472124014142;-0,02680027965509219;1;0
2017-06-26;20;2017-06-26 20:00:00;41,58;43,26;-1,6799999999999995;41106;1171;52255;5897;6564;1181;7745;7068;667;10;677;0,08741123305358296;0,10161486898232786;0,00846740050804403;-0,040404040404040394;1;0
2017-06-26;21;2017-06-26 21:00:00;40,55;39,56;0,9899999999999948;41106;97;52255;5418;5896;102;5998;5515;478;5;483;0,08052684228076025;0,0810719131614654;0,049019607843137254;0,024414303329223053;1;0
2017-06-26;22;2017-06-26 22:00:00;42,4;40,02;2,3799999999999955;41106;0;52255;5414;5502;0;5502;5414;88;0;88;0,01599418393311523;0,01599418393311523;;0,05613207547169801;1;0
2017-06-26;23;2017-06-26 23:00:00;38,46;36,11;2,3500000000000014;41106;0;52255;4852;5167;0;5167;4852;315;0;315;0,0609638087865299;0,0609638087865299;;0,06110244409776395;1;0
2017-06-27;0;2017-06-27 00:00:00;31,07;33,54;-2,4699999999999993;41114;0;52279;4762;4697;0;4697;4762;-65;0;-65;-0,013838620395997446;-0,013838620395997446;;-0,07949790794979077;1;1
2017-06-27;1;2017-06-27 01:00:00;30,07;30,88;-0,8099999999999987;41114;0;52279;4582;4383;0;4383;4582;-199;0;-199;-0,04540269221994068;-0,04540269221994068;;-0,02693714665779843;1;1
2017-06-27;2;2017-06-27 02:00:00;29,09;29,12;-0,030000000000001137;41114;0;52279;4297;4078;0;4078;4297;-219;0;-219;-0,0537027954879843;-0,0537027954879843;;-0,0010312822275696507;1;1
2017-06-27;3;2017-06-27 03:00:00;29,04;27,99;1,0500000000000007;41114;0;52279;3815;3742;0;3742;3815;-73;0;-73;-0,019508284339925172;-0,019508284339925172;;0,036157024793388455;1;1
2017-06-27;4;2017-06-27 04:00:00;28,69;28,9;-0,2099999999999973;41114;2;52279;3272;3400;2;3402;3274;128;0;128;0,0376249265138154;0,03764705882352941;0,0;-0,007319623562216705;1;1
2017-06-27;5;2017-06-27 05:00:00;29,41;31,61;-2,1999999999999997;41114;224;52279;2793;3018;251;3269;3017;225;27;252;0,07708779443254818;0,07455268389662027;0,10756972111553785;-0,07480448826929614;1;1
2017-06-27;6;2017-06-27 06:00:00;37,94;40,13;-2,190000000000005;41114;1405;52279;2278;2569;1581;4150;3683;291;176;467;0,11253012048192772;0,11327364733359284;0,11132194813409235;-0,05772272008434383;1;1
2017-06-27;7;2017-06-27 07:00:00;43,55;50,16;-6,6099999999999985;41114;3748;52279;1741;2110;4402;6512;5489;369;654;1023;0,1570945945945946;0,17488151658767773;0,1485688323489323;-0,1517795637198622;1;1
2017-06-27;8;2017-06-27 08:00:00;46,66;52,23;-5,57;41114;6850;52279;1277;1753;8114;9867;8127;476;1264;1740;0,17634539373669808;0,2715345122646891;0,1557801331032783;-0,11937419631375912;1;1
2017-06-27;9;2017-06-27 09:00:00;46,3;51,95;-5,650000000000006;41114;10326;52279;1109;1568;11806;13374;11435;459;1480;1939;0,14498280245251982;0,2927295918367347;0,12535998644756904;-0,12203023758099366;1;1
2017-06-27;10;2017-06-27 10:00:00;46,69;49,91;-3,219999999999999;41114;13120;52279;1018;1495;14942;16437;14138;477;1822;2299;0,13986737239155564;0,31906354515050167;0,12193816088876991;-0,0689655172413793;1;1
2017-06-27;11;2017-06-27 11:00:00;48,04;45,2;2,8399999999999963;41114;15406;52279;982;1513;17217;18730;16388;531;1811;2342;0,12504004271222638;0,35095836087243887;0,10518673404193529;0,05911740216486254;1;1
2017-06-27;12;2017-06-27 12:00:00;45,95;45,99;-0,03999999999999915;41114;17017;52279;1112;1622;18419;20041;18129;510;1402;1912;0,09540442093707899;0,31442663378545005;0,07611705304305337;-0,0008705114254624406;1;1
2017-06-27;13;2017-06-27 13:00:00;44,45;45,0;-0,5499999999999972;41114;17688;52279;1281;1775;18562;20337;18969;494;874;1368;0,06726655848945272;0,27830985915492956;0,04708544337894623;-0,012373453318335143;1;1
2017-06-27;14;2017-06-27 14:00:00;44,1;42,9;1,2000000000000028;41114;17364;52279;1565;2012;17892;19904;18929;447;528;975;0,048985128617363344;0,22216699801192843;0,029510395707578806;0,02721088435374156;1;1
2017-06-27;15;2017-06-27 15:00:00;40,15;41,98;-1,8299999999999983;41114;15874;52279;1948;2426;16221;18647;17822;478;347;825;0,044243041776157024;0,19703215169002472;0,021392022686640776;-0,04557907845579074;1;1
2017-06-27;16;2017-06-27 16:00:00;42,53;44,16;-1,6299999999999957;41114;13100;52279;2534;3009;13422;16431;15634;475;322;797;0,048505873044854236;0,15785975407111996;0,023990463418268514;-0,03832588760874667;1;1
2017-06-27;17;2017-06-27 17:00:00;42,6;45,0;-2,3999999999999986;41114;9742;52279;3161;3738;9862;13600;12903;577;120;697;0,05125;0,1543606206527555;0,012167917258162644;-0,05633802816901405;1;1
2017-06-27;18;2017-06-27 18:00:00;43,93;44,77;-0,8400000000000034;41114;5803;52279;3824;4643;6044;10687;9627;819;241;1060;0,09918592682698606;0,1763945724746931;0,03987425545996029;-0,019121329387662266;1;1
2017-06-27;19;2017-06-27 19:00:00;43,95;46,28;-2,3299999999999983;41114;2697;52279;4554;5720;2837;8557;7251;1166;140;1306;0,15262358303143625;0,20384615384615384;0,049347902714134646;-0,05301478953356082;1;1
2017-06-27;20;2017-06-27 20:00:00;40,24;45,01;-4,769999999999996;41114;824;52279;5523;6950;895;7845;6347;1427;71;1498;0,19094964945825366;0,20532374100719425;0,07932960893854749;-0,11853876739562613;1;1
2017-06-27;21;2017-06-27 21:00:00;37,98;43,37;-5,3900000000000015;41114;48;52279;7116;8261;75;8336;7164;1145;27;1172;0,14059500959692897;0,1386030746882944;0,36;-0,14191679831490264;1;1
2017-06-27;22;2017-06-27 22:00:00;32,62;37,87;-5,25;41114;0;52279;8876;9549;0;9549;8876;673;0;673;0,07047858414493664;0,07047858414493664;;-0,1609442060085837;1;1
2017-06-27;23;2017-06-27 23:00:00;27,3;32,53;-5,23;41114;0;52279;10419;10463;0;10463;10419;44;0;44;0,0042052948485138105;0,0042052948485138105;;-0,1915750915750916;1;1
2017-06-28;0;2017-06-28 00:00:00;28,77;30,16;-1,3900000000000006;41137;0;52329;11381;11903;0;11903;11381;522;0;522;0,04385449046458876;0,04385449046458876;;-0,048314216197427894;1;2
2017-06-28;1;2017-06-28 01:00:00;27,35;28,78;-1,4299999999999995;41137;0;52329;11848;12282;0;12282;11848;434;0;434;0,03533626445204364;0,03533626445204364;;-0,05228519195612429;1;2
2017-06-28;2;2017-06-28 02:00:00;26,38;28,93;-2,5500000000000007;41137;0;52329;12200;12587;0;12587;12200;387;0;387;0,030746007785810756;0,030746007785810756;;-0,09666413949962095;1;2
2017-06-28;3;2017-06-28 03:00:00;26,02;28,01;-1,990000000000002;41137;0;52329;12372;12701;0;12701;12372;329;0;329;0,025903472167545863;0,025903472167545863;;-0,0764796310530362;1;2
2017-06-28;4;2017-06-28 04:00:00;25,96;27,65;-1,6899999999999975;41137;2;52329;12644;12713;2;12715;12646;69;0;69;0,005426661423515533;0,005427515141980649;0,0;-0,06510015408320484;1;2
2017-06-28;5;2017-06-28 05:00:00;27,96;30,25;-2,289999999999999;41137;222;52329;12913;12523;234;12757;13135;-390;12;-378;-0,02963079093830838;-0,03114269743671644;0,05128205128205128;-0,08190271816881256;1;2
2017-06-28;6;2017-06-28 06:00:00;32,76;37,82;-5,060000000000001;41137;1487;52329;13187;12033;1487;13520;14674;-1154;0;-1154;-0,08535502958579881;-0,09590293359926867;0,0;-0,15445665445665452;1;2
2017-06-28;7;2017-06-28 07:00:00;38,64;40,7;-2,0600000000000023;41137;3659;52329;11809;11420;4149;15569;15468;-389;490;101;0,006487250305093455;-0,034063047285464096;0,11810074716799229;-0,05331262939958598;1;2
2017-06-28;8;2017-06-28 08:00:00;41,51;45,96;-4,450000000000003;41137;6455;52329;11394;10921;7578;18499;17849;-473;1123;650;0,035137034434293744;-0,04331105210145591;0,1481921351280021;-0,1072030835943147;1;2
2017-06-28;9;2017-06-28 09:00:00;41,99;46,4;-4,409999999999997;41137;9237;52329;11824;10715;10914;21629;21061;-1109;1677;568;0,026261038420638958;-0,10349976668222119;0,1536558548653106;-0,10502500595379843;1;2
2017-06-28;10;2017-06-28 10:00:00;41,95;43,03;-1,0799999999999983;41137;12101;52329;12435;10816;13537;24353;24536;-1619;1436;-183;-0,007514474602718351;-0,14968565088757396;0,10607963359680875;-0,02574493444576873;1;2
2017-06-28;11;2017-06-28 11:00:00;42,7;41,89;0,8100000000000023;41137;14348;52329;12890;11010;15274;26284;27238;-1880;926;-954;-0,036295845381220514;-0,17075386012715713;0,0606259002226005;0,018969555035128857;1;2
2017-06-28;12;2017-06-28 12:00:00;41,45;39,43;2,020000000000003;41137;15748;52329;13545;11194;16028;27222;29293;-2351;280;-2071;-0,07607817206671075;-0,2100232267286046;0,01746942850012478;0,048733413751507915;1;2
2017-06-28;13;2017-06-28 13:00:00;38,97;35,29;3,68;41137;16100;52329;13291;11376;15829;27205;29391;-1915;-271;-2186;-0,08035287630950193;-0,1683368495077356;-0,0171204750773896;0,09443161406209906;1;2
2017-06-28;14;2017-06-28 14:00:00;36,57;34,75;1,8200000000000005;41137;16071;52329;12880;11139;15034;26173;28951;-1741;-1037;-2778;-0,10613991517976541;-0,15629769279109434;-0,06897698549953439;0,04976756904566586;1;2
2017-06-28;15;2017-06-28 15:00:00;33,79;32,97;0,8200000000000003;41137;15088;52329;12057;10441;13717;24158;27145;-1616;-1371;-2987;-0,12364434141899164;-0,15477444689206016;-0,0999489684333309;0,024267534773601666;1;2
2017-06-28;16;2017-06-28 16:00:00;34,9;35,48;-0,5799999999999983;41137;12488;52329;11270;9863;11669;21532;23758;-1407;-819;-2226;-0,1033810143042913;-0,1426543647977289;-0,07018596280743851;-0,01661891117478505;1;2
2017-06-28;17;2017-06-28 17:00:00;38,4;39,11;-0,7100000000000009;41137;9214;52329;10356;9473;8844;18317;19570;-883;-370;-1253;-0,06840639842769013;-0,09321228755410113;-0,04183627317955676;-0,018489583333333358;1;2
2017-06-28;18;2017-06-28 18:00:00;38,97;41,47;-2,5;41137;5900;52329;9491;9330;5584;14914;15391;-161;-316;-477;-0,03198337132895266;-0,017256162915326903;-0,05659025787965616;-0,06415191172696946;1;2
2017-06-28;19;2017-06-28 19:00:00;40,0;41,65;-1,6499999999999986;41137;2992;52329;8908;9338;2748;12086;11900;430;-244;186;0,015389707099122952;0,04604840436924395;-0,08879184861717612;-0,04124999999999997;1;2
2017-06-28;20;2017-06-28 20:00:00;38,95;40,85;-1,8999999999999984;41137;976;52329;8168;9347;877;10224;9144;1179;-99;1080;0,1056338028169014;0,1261367283620413;-0,11288483466362599;-0,048780487804878;1;2
2017-06-28;21;2017-06-28 21:00:00;35,61;38,38;-2,770000000000003;41137;69;52329;7726;9261;68;9329;7795;1535;-1;1534;0,16443348697609605;0,16574883921822697;-0,014705882352941176;-0,07778713844425732;1;2
2017-06-28;22;2017-06-28 22:00:00;35,92;38,75;-2,8299999999999983;41137;0;52329;7080;9139;0;9139;7080;2059;0;2059;0,22529817266659372;0,22529817266659372;;-0,07878619153674828;1;2
2017-06-28;23;2017-06-28 23:00:00;31,24;35,23;-3,9899999999999984;41137;0;52329;5969;8737;0;8737;5969;2768;0;2768;0,31681355156232116;0,31681355156232116;;-0,12772087067861712;1;2
2017-06-29;0;2017-06-29 00:00:00;32,42;31,97;0,4500000000000029;41155;0;52399;4941;7769;0;7769;4941;2828;0;2828;0,36401081220234266;0,36401081220234266;;0,013880320789636115;1;3
2017-06-29;1;2017-06-29 01:00:00;30,59;31,0;-0,41000000000000014;41155;0;52399;4851;7112;0;7112;4851;2261;0;2261;0,31791338582677164;0,31791338582677164;;-0,01340307289964041;1;3
2017-06-29;2;2017-06-29 02:00:00;29,94;27,82;2,120000000000001;41155;0;52399;4628;6568;0;6568;4628;1940;0;1940;0,2953714981729598;0,2953714981729598;;0,07080828323313296;1;3
2017-06-29;3;2017-06-29 03:00:00;29,03;27,28;1,75;41155;0;52399;4482;6011;0;6011;4482;1529;0;1529;0,2543669938446182;0,2543669938446182;;0,06028246641405442;1;3
2017-06-29;4;2017-06-29 04:00:00;29,05;27,29;1,7600000000000016;41155;1;52399;4296;5618;1;5619;4297;1322;0;1322;0,23527318028118882;0,23531505873976505;0,0;0,060585197934595575;1;3
2017-06-29;5;2017-06-29 05:00:00;30,12;27,83;2,2900000000000027;41155;142;52399;3968;5376;148;5524;4110;1408;6;1414;0,2559739319333816;0,2619047619047619;0,04054054054054054;0,07602921646746356;1;3
2017-06-29;6;2017-06-29 06:00:00;33,95;29,74;4,210000000000004;41155;981;52399;4003;5188;962;6150;4984;1185;-19;1166;0,18959349593495936;0,22841171935235158;-0,01975051975051975;0,12400589101620041;1;3
2017-06-29;7;2017-06-29 07:00:00;41,9;39,71;2,1899999999999977;41155;2404;52399;4032;5019;2438;7457;6436;987;34;1021;0,13691833176880783;0,19665271966527198;0,01394585726004922;0,05226730310262524;1;3
2017-06-29;8;2017-06-29 08:00:00;46,96;42,28;4,68;41155;4066;52399;3983;4914;4164;9078;8049;931;98;1029;0,11335095836087244;0,18945868945868946;0,023535062439961577;0,09965928449744463;1;3
2017-06-29;9;2017-06-29 09:00:00;47,53;42,04;5,490000000000002;41155;5869;52399;4134;4934;5872;10806;10003;800;3;803;0,07431056820285027;0,16214025131738954;0,0005108991825613079;0,1155059962129182;1;3
2017-06-29;10;2017-06-29 10:00:00;47,53;40,69;6,8400000000000025;41155;7790;52399;4368;5077;7602;12679;12158;709;-188;521;0,04109156873570471;0,1396493992515265;-0,024730334122599316;0,14390911003576692;1;3
2017-06-29;11;2017-06-29 11:00:00;47,81;40,31;7,5;41155;10334;52399;5127;5279;9256;14535;15461;152;-1078;-926;-0,06370829033367734;0,028793332070467893;-0,11646499567847883;0,15687094750052288;1;3
2017-06-29;12;2017-06-29 12:00:00;45,99;38,41;7,5800000000000045;41155;12138;52399;6070;5584;10459;16043;18208;-486;-1679;-2165;-0,13494982235242786;-0,08703438395415473;-0,16053159957930968;0,16481843879104163;1;3
2017-06-29;13;2017-06-29 13:00:00;45,2;37,16;8,040000000000006;41155;12766;52399;7013;5986;10962;16948;19779;-1027;-1804;-2831;-0,16704035874439463;-0,17156698964249917;-0,1645685093960956;0,17787610619469038;1;3
2017-06-29;14;2017-06-29 14:00:00;41,71;34,93;6,780000000000001;41155;12707;52399;7965;6490;11086;17576;20672;-1475;-1621;-3096;-0,17614929449248976;-0,22727272727272727;-0,14622045823561247;0,1625509470151043;1;3
2017-06-29;15;2017-06-29 15:00:00;39,17;33,73;5,440000000000005;41155;11795;52399;9380;7079;10384;17463;21175;-2301;-1411;-3712;-0,21256370612151407;-0,32504591043932757;-0,13588212634822805;0,13888179729384745;1;3
2017-06-29;16;2017-06-29 16:00:00;38,28;32,33;5,950000000000002;41155;9933;52399;10671;7708;8677;16385;20604;-2963;-1256;-4219;-0,25749160817821176;-0,38440581214322783;-0,14475048980062233;0,1554336468129572;1;3
2017-06-29;17;2017-06-29 17:00:00;38,23;32,8;5,43;41155;7425;52399;11964;8196;6534;14730;19389;-3768;-891;-4659;-0,3162932790224033;-0,45973645680819913;-0,13636363636363635;0,1420350510070625;1;3
2017-06-29;18;2017-06-29 18:00:00;38,94;34,23;4,710000000000001;41155;4427;52399;11870;8366;4189;12555;16297;-3504;-238;-3742;-0,29804858622062924;-0,4188381544346163;-0,05681546908570064;0,12095531587057014;1;3
2017-06-29;19;2017-06-29 19:00:00;39,01;35,31;3,699999999999996;41155;2122;52399;11703;8500;2081;10581;13825;-3203;-41;-3244;-0,30658727908515265;-0,3768235294117647;-0,019702066314271984;0,09484747500640853;1;3
2017-06-29;20;2017-06-29 20:00:00;35,52;32,6;2,9200000000000017;41155;650;52399;11226;8835;658;9493;11876;-2391;8;-2383;-0,2510270725797956;-0,27062818336162986;0,0121580547112462;0,08220720720720724;1;3
2017-06-29;21;2017-06-29 21:00:00;34,99;32,42;2,5700000000000003;41155;33;52399;11526;9202;48;9250;11559;-2324;15;-2309;-0,24962162162162163;-0,2525537926537709;0,3125;0,07344955701629037;1;3
2017-06-29;22;2017-06-29 22:00:00;36,48;33,75;2,729999999999997;41155;0;52399;11615;9736;0;9736;11615;-1879;0;-1879;-0,1929950698438784;-0,1929950698438784;;0,0748355263157894;1;3
2017-06-29;23;2017-06-29 23:00:00;33,5;31,07;2,43;41155;0;52399;12225;10384;0;10384;12225;-1841;0;-1841;-0,17729198767334362;-0,17729198767334362;;0,07253731343283583;1;3
2017-06-30;0;2017-06-30 00:00:00;29,29;27,17;2,119999999999997;41190;0;52538;13248;10389;0;10389;13248;-2859;0;-2859;-0,27519491770141497;-0,27519491770141497;;0,07237965175827918;1;4
2017-06-30;1;2017-06-30 01:00:00;29,01;25,21;3,8000000000000007;41190;0;52538;14201;11005;0;11005;14201;-3196;0;-3196;-0,29041344843253064;-0,29041344843253064;;0,13098931402964498;1;4
2017-06-30;2;2017-06-30 02:00:00;28,06;22,7;5,3599999999999985;41190;0;52538;15144;11603;0;11603;15144;-3541;0;-3541;-0,3051796949064897;-0,3051796949064897;;0,19101924447612256;1;4
2017-06-30;3;2017-06-30 03:00:00;27,0;21,19;5,809999999999999;41190;0;52538;15836;12111;0;12111;15836;-3725;0;-3725;-0,3075716290975147;-0,3075716290975147;;0,21518518518518515;1;4
2017-06-30;4;2017-06-30 04:00:00;25,58;19,19;6,389999999999998;41190;0;52538;16190;12644;0;12644;16190;-3546;0;-3546;-0,28044922492882;-0,28044922492882;;0,24980453479280681;1;4
2017-06-30;5;2017-06-30 05:00:00;28,0;21,1;6,899999999999999;41190;98;52538;16340;13117;151;13268;16438;-3223;53;-3170;-0,23892071148628277;-0,2457116718761912;0,3509933774834437;0,24642857142857139;1;4
2017-06-30;6;2017-06-30 06:00:00;31,96;27,58;4,380000000000003;41190;1059;52538;16185;13606;1281;14887;17244;-2579;222;-2357;-0,15832605629072344;-0,18954872850213142;0,17330210772833723;0,13704630788485614;1;4
2017-06-30;7;2017-06-30 07:00:00;37,93;35,79;2,140000000000001;41190;3124;52538;15964;14230;3699;17929;19088;-1734;575;-1159;-0,06464387305482737;-0,1218552354181307;0,15544741822114086;0,056419720537832875;1;4
2017-06-30;8;2017-06-30 08:00:00;38,91;37,37;1,5399999999999991;41190;6584;52538;16900;14919;7034;21953;23484;-1981;450;-1531;-0,06973989887486903;-0,132783698639319;0,06397497867500711;0,03957851452068875;1;4
2017-06-30;9;2017-06-30 09:00:00;35,99;33,92;2,0700000000000003;41190;10382;52538;18348;15618;10446;26064;28730;-2730;64;-2666;-0,10228667894413751;-0,17479830964271995;0,006126747080222095;0,05751597666018339;1;4
2017-06-30;10;2017-06-30 10:00:00;35,51;27,21;8,299999999999997;41190;13291;52538;19510;16231;13491;29722;32801;-3279;200;-3079;-0,10359329789381602;-0,202020824348469;0,014824697946779335;0,23373697549985914;1;4
2017-06-30;11;2017-06-30 11:00:00;32,24;27,51;4,73;41190;15548;52538;21084;16678;15897;32575;36632;-4406;349;-4057;-0,12454336147352264;-0,26418035735699724;0,021953827766245205;0,146712158808933;1;4
2017-06-30;12;2017-06-30 12:00:00;29,33;24,2;5,129999999999999;41190;16797;52538;21806;16919;17446;34365;38603;-4887;649;-4238;-0,12332314855230612;-0,2888468585613807;0,03720050441361917;0,17490623934538013;1;4
2017-06-30;13;2017-06-30 13:00:00;27,29;23,04;4,25;41190;17175;52538;21882;16994;18050;35044;39057;-4888;875;-4013;-0,11451318342654948;-0,28763092856302225;0,04847645429362881;0,155734701355808;1;4
2017-06-30;14;2017-06-30 14:00:00;25,08;22,47;2,6099999999999994;41190;17103;52538;21019;16772;17712;34484;38122;-4247;609;-3638;-0,10549820206472567;-0,25321965180062006;0,03438346883468835;0,104066985645933;1;4
2017-06-30;15;2017-06-30 15:00:00;25,09;22,31;2,780000000000001;41190;15791;52538;19750;16143;16291;32434;35541;-3607;500;-3107;-0,0957945365973978;-0,22344050052654402;0,03069179301454791;0,11080111598246317;1;4
2017-06-30;16;2017-06-30 16:00:00;27,29;23,83;3,4600000000000013;41190;13186;52538;18520;15280;13714;28994;31706;-3240;528;-2712;-0,09353659377802304;-0,21204188481675393;0,03850080210004375;0,12678636863319903;1;4
2017-06-30;17;2017-06-30 17:00:00;30,51;29,15;1,360000000000003;41190;9996;52538;16860;14105;10270;24375;26856;-2755;274;-2481;-0,10178461538461539;-0,19532080822403403;0,026679649464459592;0,044575549000327855;1;4
2017-06-30;18;2017-06-30 18:00:00;36,36;35,3;1,0600000000000025;41190;6314;52538;14826;12691;6412;19103;21140;-2135;98;-2037;-0,10663246610480029;-0,16822945394373967;0,015283842794759825;0,029152915291529222;1;4
2017-06-30;19;2017-06-30 19:00:00;38,92;36,57;2,3500000000000014;41190;3010;52538;12646;11276;3120;14396;15656;-1370;110;-1260;-0,08752431230897471;-0,12149698474636396;0,035256410256410256;0,060380267214799624;1;4
2017-06-30;20;2017-06-30 20:00:00;38,71;36,3;2,410000000000004;41190;876;52538;10976;10277;1022;11299;11852;-699;146;-553;-0,04894238428179485;-0,06801595796438649;0,14285714285714285;0,062257814518212454;1;4
2017-06-30;21;2017-06-30 21:00:00;36,61;35,52;1,0899999999999963;41190;40;52538;9854;10092;71;10163;9894;238;31;269;0,02646856243235265;0,02358303606817281;0,43661971830985913;0,029773285987435026;1;4
2017-06-30;22;2017-06-30 22:00:00;38,95;36,98;1,970000000000006;41190;0;52538;9544;10445;0;10445;9544;901;0;901;0,08626136907611297;0,08626136907611297;;0,05057766367137371;1;4
2017-06-30;23;2017-06-30 23:00:00;34,07;35,26;-1,1899999999999975;41190;0;52538;9620;11024;0;11024;9620;1404;0;1404;0,12735849056603774;0,12735849056603774;;-0,0349280892280598;1;4
2017-07-01;0;2017-07-01 00:00:00;32,17;37,54;-5,369999999999997;41191;0;52538;9971;10077;0;10077;9971;106;0;106;0,010519003671727697;0,010519003671727697;;-0,16692570718060296;2;5
2017-07-01;1;2017-07-01 01:00:00;29,04;34,88;-5,8400000000000025;41191;0;52538;10535;10577;0;10577;10535;42;0;42;0,003970880211780278;0,003970880211780278;;-0,20110192837465574;2;5
2017-07-01;2;2017-07-01 02:00:00;26,96;30,36;-3,3999999999999986;41191;0;52538;10886;11001;0;11001;10886;115;0;115;0,010453595127715662;0,010453595127715662;;-0,12611275964391686;2;5
2017-07-01;3;2017-07-01 03:00:00;26,08;29,63;-3,5500000000000007;41191;0;52538;11317;11226;0;11226;11317;-91;0;-91;-0,008106182077320506;-0,008106182077320506;;-0,13611963190184054;2;5
2017-07-01;4;2017-07-01 04:00:00;26,04;26,4;-0,35999999999999943;41191;0;52538;11498;11505;0;11505;11498;7;0;7;0,0006084311169056931;0,0006084311169056931;;-0,013824884792626706;2;5
2017-07-01;5;2017-07-01 05:00:00;25,59;25,45;0,14000000000000054;41191;124;52538;12108;11795;143;11938;12232;-313;19;-294;-0,02462724074384319;-0,026536668079694785;0,13286713286713286;0,0054708870652598884;2;5
2017-07-01;6;2017-07-01 06:00:00;25,56;25,77;-0,21000000000000085;41191;1088;52538;12442;12039;1099;13138;13530;-403;11;-392;-0,029837113715938498;-0,0334745410748401;0,010009099181073703;-0,008215962441314588;2;5
2017-07-01;7;2017-07-01 07:00:00;26,77;28,38;-1,6099999999999994;41191;3040;52538;12307;12366;3003;15369;15347;59;-37;22;0,0014314529247185894;0,004771146692544073;-0,012321012321012322;-0,060141949943967106;2;5
2017-07-01;8;2017-07-01 08:00:00;28,82;33,09;-4,270000000000003;41191;5501;52538;12838;12873;5421;18294;18339;35;-80;-45;-0,002459822892751722;0,0027188689505165853;-0,014757424829367276;-0,14816099930603757;2;5
2017-07-01;9;2017-07-01 09:00:00;32,4;34,12;-1,7199999999999989;41191;7813;52538;13790;13410;7677;21087;21603;-380;-136;-516;-0,024470052639066722;-0,028337061894108874;-0,017715253354174808;-0,05308641975308639;2;5
2017-07-01;10;2017-07-01 10:00:00;33,35;32,22;1,1300000000000026;41191;9853;52538;14922;13918;9369;23287;24775;-1004;-484;-1488;-0,06389831236312106;-0,07213680126454951;-0,051659728893158285;0,03388305847076469;2;5
2017-07-01;11;2017-07-01 11:00:00;33,15;32,06;1,0899999999999963;41191;11141;52538;15713;14245;10530;24775;26854;-1468;-611;-2079;-0,08391523713420787;-0,10305370305370305;-0,05802469135802469;0,03288084464555042;2;5
2017-07-01;12;2017-07-01 12:00:00;29,1;27,09;2,0100000000000016;41191;12213;52538;16293;14466;11222;25688;28506;-1827;-991;-2818;-0,10970102771722205;-0,12629614267938616;-0,0883086793797897;0,06907216494845365;2;5
2017-07-01;13;2017-07-01 13:00:00;26,07;23,65;2,4200000000000017;41191;12537;52538;16628;14691;11389;26080;29165;-1937;-1148;-3085;-0,1182898773006135;-0,1318494316248043;-0,10079901659496004;0,09282700421940934;2;5
2017-07-01;14;2017-07-01 14:00:00;26,33;22,31;4,02;41191;11899;52538;16209;14837;11075;25912;28108;-1372;-824;-2196;-0,08474837912936091;-0,09247152389297028;-0,0744018058690745;0,15267755412077477;2;5
2017-07-01;15;2017-07-01 15:00:00;26,04;23,89;2,1499999999999986;41191;10865;52538;16321;14842;10093;24935;27186;-1479;-772;-2251;-0,09027471425706837;-0,09964964290526883;-0,07648865550381452;0,08256528417818736;2;5
2017-07-01;16;2017-07-01 16:00:00;26,09;25,24;0,8500000000000014;41191;9270;52538;16648;14842;8411;23253;25918;-1806;-859;-2665;-0,11460886767298843;-0,12168171405470961;-0,10212816549756272;0,03257953238788813;2;5
2017-07-01;17;2017-07-01 17:00:00;29,01;26,15;2,860000000000003;41191;7103;52538;15719;14555;6310;20865;22822;-1164;-793;-1957;-0,09379343398034987;-0,0799725180350395;-0,12567353407290016;0,09858669424336446;2;5
2017-07-01;18;2017-07-01 18:00:00;29,34;30,39;-1,0500000000000007;41191;4564;52538;14411;13936;4009;17945;18975;-475;-555;-1030;-0,05739760378935636;-0,03408438576349024;-0,1384385133449738;-0,03578732106339471;2;5
2017-07-01;19;2017-07-01 19:00:00;29,89;32,77;-2,8800000000000026;41191;2245;52538;13035;13199;1932;15131;15280;164;-313;-149;-0,009847333289273676;0,012425183726039851;-0,16200828157349897;-0,09635329541652735;2;5
2017-07-01;20;2017-07-01 20:00:00;30,12;31,76;-1,6400000000000006;41191;676;52538;12041;12588;610;13198;12717;547;-66;481;0,036444915896347935;0,0434540832538926;-0,10819672131147541;-0,054448871181938925;2;5
2017-07-01;21;2017-07-01 21:00:00;29,63;32,43;-2,8000000000000007;41191;59;52538;12281;12195;51;12246;12340;-86;-8;-94;-0,007675975828842071;-0,007052070520705207;-0,1568627450980392;-0,09449881876476547;2;5
2017-07-01;22;2017-07-01 22:00:00;28,87;33,03;-4,16;41191;0;52538;12551;12093;0;12093;12551;-458;0;-458;-0,037873149756057226;-0,037873149756057226;;-0,14409421544856252;2;5
2017-07-01;23;2017-07-01 23:00:00;26,26;28,48;-2,2199999999999993;41191;0;52538;12486;12093;0;12093;12486;-393;0;-393;-0,03249813941949888;-0,03249813941949888;;-0,08453922315308451;2;5
2017-07-02;0;2017-07-02 00:00:00;24,36;23,86;0,5;41191;0;52544;12043;11792;0;11792;12043;-251;0;-251;-0,02128561736770692;-0,02128561736770692;;0,020525451559934318;2;6
2017-07-02;1;2017-07-02 01:00:00;23,12;22,79;0,33000000000000185;41191;0;52544;11938;11514;0;11514;11938;-424;0;-424;-0,036824735105089455;-0,036824735105089455;;0,014273356401384163;2;6
2017-07-02;2;2017-07-02 02:00:00;22,73;21,03;1,6999999999999993;41191;0;52544;11884;11310;0;11310;11884;-574;0;-574;-0,050751547303271444;-0,050751547303271444;;0,07479102507699073;2;6
2017-07-02;3;2017-07-02 03:00:00;22,63;20,57;2,0599999999999987;41191;0;52544;12408;11138;0;11138;12408;-1270;0;-1270;-0,11402406177051536;-0,11402406177051536;;0,09102960671674763;2;6
2017-07-02;4;2017-07-02 04:00:00;20,27;18,15;2,120000000000001;41191;1;52544;13116;11018;1;11019;13117;-2098;0;-2098;-0,19039840275887104;-0,19041568342711926;0,0;0,10458806117414904;2;6
2017-07-02;5;2017-07-02 05:00:00;20,59;11,2;9,39;41191;136;52544;13310;10802;168;10970;13446;-2508;32;-2476;-0,22570647219690063;-0,23217922606924643;0,19047619047619047;0,4560466245750365;2;6
2017-07-02;6;2017-07-02 06:00:00;21,3;10,38;10,92;41191;992;52544;12804;10543;1034;11577;13796;-2261;42;-2219;-0,19167314502893668;-0,21445508868443516;0,04061895551257253;0,5126760563380282;2;6
2017-07-02;7;2017-07-02 07:00:00;23,07;15,21;7,8599999999999985;41191;2754;52544;12262;10544;2940;13484;15016;-1718;186;-1532;-0,11361613764461584;-0,1629362670713202;0,06326530612244897;0,3407022106631989;2;6
2017-07-02;8;2017-07-02 08:00:00;24,76;16,8;7,960000000000001;41191;5034;52544;11872;10869;5605;16474;16906;-1003;571;-432;-0,02622313949253369;-0,09228079860152728;0,10187332738626227;0,32148626817447495;2;6
2017-07-02;9;2017-07-02 09:00:00;25,56;20,9;4,66;41191;7473;52544;11700;11385;8365;19750;19173;-315;892;577;0,029215189873417723;-0,02766798418972332;0,10663478780633592;0,18231611893583727;2;6
2017-07-02;10;2017-07-02 10:00:00;20,71;23,74;-3,0299999999999976;41191;9736;52544;11627;12077;10613;22690;21363;450;877;1327;0,05848391361833407;0,03726090916618365;0,08263450485253934;-0,14630613230323503;2;6
2017-07-02;11;2017-07-02 11:00:00;23,32;26,29;-2,969999999999999;41191;11517;52544;12734;12740;12389;25129;24251;6;872;878;0,03493971109077162;0,00047095761381475666;0,07038501896843974;-0,12735849056603768;2;6
2017-07-02;12;2017-07-02 12:00:00;21,36;24,47;-3,1099999999999994;41191;12371;52544;13114;13340;13409;26749;25485;226;1038;1264;0,04725410295711989;0,016941529235382308;0,07741069430979193;-0,14559925093632956;2;6
2017-07-02;13;2017-07-02 13:00:00;19,08;25,52;-6,440000000000001;41191;12106;52544;13874;13919;13377;27296;25980;45;1271;1316;0,04821219226260258;0,0032329908757813062;0,09501382970770726;-0,33752620545073386;2;6
2017-07-02;14;2017-07-02 14:00:00;10,47;21,51;-11,04;41191;11109;52544;14778;14148;12817;26965;25887;-630;1708;1078;0,03997774893380308;-0,044529262086514;0,1332605133806663;-1,0544412607449856;2;6
2017-07-02;15;2017-07-02 15:00:00;9,96;17,59;-7,629999999999999;41191;9734;52544;15636;14004;11611;25615;25370;-1632;1877;245;0,009564708178801484;-0,11653813196229648;0,16165704934975456;-0,7660642570281123;2;6
2017-07-02;16;2017-07-02 16:00:00;17,31;19,54;-2,2300000000000004;41191;8467;52544;15989;13656;9664;23320;24456;-2333;1197;-1136;-0,048713550600343054;-0,1708406561218512;0,12386175496688742;-0,12882726747544776;2;6
2017-07-02;17;2017-07-02 17:00:00;19,72;16,6;3,119999999999997;41191;6812;52544;15752;13125;7299;20424;22564;-2627;487;-2140;-0,10477869173521348;-0,20015238095238094;0,06672146869434169;0,1582150101419877;2;6
2017-07-02;18;2017-07-02 18:00:00;28,63;26,39;2,2399999999999984;41191;4646;52544;15320;12407;4712;17119;19966;-2913;66;-2847;-0,1663064431333606;-0,23478681389538164;0,01400679117147708;0,07823960880195593;2;6
2017-07-02;19;2017-07-02 19:00:00;32,9;30,85;2,0499999999999967;41191;2562;52544;14526;11547;2331;13878;17088;-2979;-231;-3210;-0,2313013402507566;-0,2579890880748246;-0,0990990990990991;0,06231003039513668;2;6
2017-07-02;20;2017-07-02 20:00:00;35,37;32,56;2,809999999999995;41191;840;52544;12536;10630;777;11407;13376;-1906;-63;-1969;-0,1726133076181292;-0,1793038570084666;-0,08108108108108109;0,07944585807181213;2;6
2017-07-02;21;2017-07-02 21:00:00;37,0;32,99;4,009999999999998;41191;72;52544;11698;9745;71;9816;11770;-1953;-1;-1954;-0,19906275468622656;-0,2004104669061057;-0,014084507042253521;0,10837837837837833;2;6
2017-07-02;22;2017-07-02 22:00:00;38,92;34,49;4,43;41191;0;52544;11761;9050;0;9050;11761;-2711;0;-2711;-0,29955801104972374;-0,29955801104972374;;0,11382322713257964;2;6
2017-07-02;23;2017-07-02 23:00:00;37,06;31,86;5,200000000000003;41191;0;52544;11699;8512;0;8512;11699;-3187;0;-3187;-0,3744125939849624;-0,3744125939849624;;0,14031300593631954;2;6
2017-07-03;0;2017-07-03 00:00:00;26,04;30,7;-4,66;41193;0;52544;11292;10905;0;10905;11292;-387;0;-387;-0,03548830811554333;-0,03548830811554333;;-0,17895545314900155;2;0
2017-07-03;1;2017-07-03 01:00:00;23,51;26,44;-2,93;41193;0;52544;11192;10774;0;10774;11192;-418;0;-418;-0,03879710413959532;-0,03879710413959532;;-0,1246278179498086;2;0
2017-07-03;2;2017-07-03 02:00:00;22,86;25,55;-2,6900000000000013;41193;0;52544;10734;10586;0;10586;10734;-148;0;-148;-0,01398072926506707;-0,01398072926506707;;-0,11767279090113741;2;0
2017-07-03;3;2017-07-03 03:00:00;22,56;23,94;-1,3800000000000026;41193;0;52544;9894;10277;0;10277;9894;383;0;383;0,03726768512211735;0,03726768512211735;;-0,06117021276595756;2;0
2017-07-03;4;2017-07-03 04:00:00;24,86;22,96;1,8999999999999984;41193;1;52544;9537;9896;1;9897;9538;359;0;359;0,03627361826816207;0,03627728375101051;0,0;0,07642799678197902;2;0
2017-07-03;5;2017-07-03 05:00:00;26,78;26,67;0,10999999999999943;41193;172;52544;8914;9460;222;9682;9086;546;50;596;0,061557529436066925;0,05771670190274841;0,22522522522522523;0,004107542942494377;2;0
2017-07-03;6;2017-07-03 06:00:00;34,93;34,24;0,6899999999999977;41193;1524;52544;8097;8962;1445;10407;9621;865;-79;786;0,07552608820985875;0,09651863423343003;-0,05467128027681661;0,019753793300887425;2;0
2017-07-03;7;2017-07-03 07:00:00;41,25;44,93;-3,68;41193;4830;52544;6880;8562;4462;13024;11710;1682;-368;1314;0,1008906633906634;0,19644942770380752;-0,08247422680412371;-0,08921212121212121;2;0
2017-07-03;8;2017-07-03 08:00:00;41,61;44,97;-3,3599999999999994;41193;9374;52544;7300;8684;8851;17535;16674;1384;-523;861;0,04910179640718563;0,15937356057116536;-0,05908936843294543;-0,0807498197548666;2;0
2017-07-03;9;2017-07-03 09:00:00;38,94;38,15;0,7899999999999991;41193;14073;52544;9296;9445;13424;22869;23369;149;-649;-500;-0,02186365822729459;0,015775542615140286;-0,04834624553039332;0,020287621982537217;2;0
2017-07-03;10;2017-07-03 10:00:00;35,35;33,09;2,259999999999998;41193;18204;52544;10844;10336;17388;27724;29048;-508;-816;-1324;-0,04775645649978358;-0,04914860681114551;-0,04692891649413389;0,06393210749646387;2;0
2017-07-03;11;2017-07-03 11:00:00;32,92;31,23;1,6900000000000013;41193;21030;52544;11779;11213;20322;31535;32809;-566;-708;-1274;-0,04039955604883463;-0,050477124765896726;-0,03483909064068497;0,05133657351154317;2;0
2017-07-03;12;2017-07-03 12:00:00;28,68;27,52;1,16;41193;22598;52544;12648;12038;21876;33914;35246;-610;-722;-1332;-0,03927581529751725;-0,05067286924738328;-0,03300420552203328;0,0404463040446304;2;0
2017-07-03;13;2017-07-03 13:00:00;28,17;26,43;1,740000000000002;41193;23080;52544;13102;12778;21983;34761;36182;-324;-1097;-1421;-0,04087914616955784;-0,025356080763812804;-0,04990219715234499;0,06176783812566567;2;0
2017-07-03;14;2017-07-03 14:00:00;26,91;26,09;0,8200000000000003;41193;22033;52544;13492;13381;20980;34361;35525;-111;-1053;-1164;-0,033875614795844125;-0,008295344144682758;-0,0501906577693041;0,030471943515421786;2;0
2017-07-03;15;2017-07-03 15:00:00;28,02;26,17;1,8499999999999976;41193;19701;52544;14134;13820;18894;32714;33835;-314;-807;-1121;-0,03426667481812068;-0,02272069464544139;-0,04271197205462052;0,06602426837972868;2;0
2017-07-03;16;2017-07-03 16:00:00;28,59;28,14;0,4499999999999993;41193;16051;52544;14766;14092;15643;29735;30817;-674;-408;-1082;-0,03638809483773331;-0,04782855520862901;-0,026081953589464937;0,01573976915005244;2;0
2017-07-03;17;2017-07-03 17:00:00;32,18;30,71;1,4699999999999989;41193;11980;52544;14924;13888;11579;25467;26904;-1036;-401;-1437;-0,05642596301095536;-0,07459677419354839;-0,03463166076517834;0,04568054692355497;2;0
2017-07-03;18;2017-07-03 18:00:00;38,94;35,47;3,469999999999999;41193;7390;52544;14597;13136;7079;20215;21987;-1461;-311;-1772;-0,08765767994063814;-0,111221071863581;-0,043932758864246364;0,08911145351823316;2;0
2017-07-03;19;2017-07-03 19:00:00;42,78;38,14;4,6400000000000015;41193;3489;52544;13280;12265;3269;15534;16769;-1015;-220;-1235;-0,07950302562121797;-0,08275580921320831;-0,0672988681553992;0,10846189808321649;2;0
2017-07-03;20;2017-07-03 20:00:00;40,91;37,24;3,6699999999999946;41193;1018;52544;11480;11524;1048;12572;12498;44;30;74;0,005886096086541521;0,0038181187087816732;0,02862595419847328;0,08970911757516487;2;0
2017-07-03;21;2017-07-03 21:00:00;39,37;37,94;1,4299999999999995;41193;54;52544;11313;11091;89;11180;11367;-222;35;-187;-0,016726296958855098;-0,020016229375169056;0,39325842696629215;0,036322072644145276;2;0
2017-07-03;22;2017-07-03 22:00:00;39,91;36,73;3,18;41193;0;52544;11832;11114;0;11114;11832;-718;0;-718;-0,06460320316717653;-0,06460320316717653;;0,0796792783763468;2;0
2017-07-03;23;2017-07-03 23:00:00;32,04;33,92;-1,8800000000000023;41193;0;52544;12263;11247;0;11247;12263;-1016;0;-1016;-0,09033520049791055;-0,09033520049791055;;-0,058676654182272234;2;0
2017-07-04;0;2017-07-04 00:00:00;28,83;27,79;1,0399999999999991;41197;0;52544;11773;11803;0;11803;11773;30;0;30;0,002541726679657714;0,002541726679657714;;0,0360735345126604;2;1
2017-07-04;1;2017-07-04 01:00:00;28,63;28,45;0,17999999999999972;41197;0;52544;11728;11910;0;11910;11728;182;0;182;0,01528127623845508;0,01528127623845508;;0,006287111421585739;2;1
2017-07-04;2;2017-07-04 02:00:00;28,49;28,78;-0,2900000000000027;41197;0;52544;11458;11961;0;11961;11458;503;0;503;0,042053340021737315;0,042053340021737315;;-0,010179010179010274;2;1
2017-07-04;3;2017-07-04 03:00:00;28,43;29,47;-1,0399999999999991;41197;0;52544;10987;11924;0;11924;10987;937;0;937;0,0785810130828581;0,0785810130828581;;-0,03658107632782269;2;1
2017-07-04;4;2017-07-04 04:00:00;27,99;29,53;-1,5400000000000027;41197;1;52544;10618;11828;1;11829;10619;1210;0;1210;0,10229097979541804;0,10229962800135273;0,0;-0,05501964987495544;2;1
2017-07-04;5;2017-07-04 05:00:00;28,44;30,62;-2,18;41197;180;52544;9955;11398;213;11611;10135;1443;33;1476;0,12712083369218843;0,12660115809791192;0,15492957746478872;-0,07665260196905767;2;1
2017-07-04;6;2017-07-04 06:00:00;35,81;38,09;-2,2800000000000007;41197;1599;52544;9117;10675;1512;12187;10716;1558;-87;1471;0,12070238779026832;0,14594847775175643;-0,057539682539682536;-0,06366936609885508;2;1
2017-07-04;7;2017-07-04 07:00:00;41,63;42,09;-0,4600000000000009;41197;4648;52544;8400;10065;4528;14593;13048;1665;-120;1545;0,10587267868155965;0,16542473919523099;-0,026501766784452298;-0,011049723756906098;2;1
2017-07-04;8;2017-07-04 08:00:00;41,79;40,27;1,5199999999999958;41197;8796;52544;9008;9886;8800;18686;17804;878;4;882;0,04720111313282672;0,0888124620675703;0,00045454545454545455;0,03637233787987547;2;1
2017-07-04;9;2017-07-04 09:00:00;36,0;37,01;-1,009999999999998;41197;13286;52544;9592;9963;13234;23197;22878;371;-52;319;0,013751778247187136;0,03723777978520526;-0,003929273084479371;-0,0280555555555555;2;1
2017-07-04;10;2017-07-04 10:00:00;34,74;35,9;-1,1599999999999966;41197;17455;52544;9844;10153;16792;26945;27299;309;-663;-354;-0,013137873445908332;0,03043435437801635;-0,03948308718437351;-0,033390903857225;2;1
2017-07-04;11;2017-07-04 11:00:00;32,97;34,44;-1,4699999999999989;41197;20150;52544;10270;10328;19175;29503;30420;58;-975;-917;-0,031081584923567093;0,0056158017041053445;-0,05084745762711865;-0,044585987261146466;2;1
2017-07-04;12;2017-07-04 12:00:00;31,93;30,95;0,9800000000000004;41197;21152;52544;10602;10341;20440;30781;31754;-261;-712;-973;-0,0316104090185504;-0,025239338555265448;-0,034833659491193734;0,030692139054181035;2;1
2017-07-04;13;2017-07-04 13:00:00;31,93;31,38;0,5500000000000007;41197;21476;52544;10545;10153;20872;31025;32021;-392;-604;-996;-0,03210314262691378;-0,03860927804589776;-0,028938290532771176;0,017225180081428145;2;1
2017-07-04;14;2017-07-04 14:00:00;30,55;32,08;-1,5299999999999976;41197;21082;52544;9913;9840;20442;30282;30995;-73;-640;-713;-0,0235453404662836;-0,00741869918699187;-0,031308091184815576;-0,050081833060556386;2;1
2017-07-04;15;2017-07-04 15:00:00;32,6;33,39;-0,7899999999999991;41197;19722;52544;8995;9298;18956;28254;28717;303;-766;-463;-0,016387060239258157;0,03258765325876532;-0,04040936906520363;-0,0242331288343558;2;1
2017-07-04;16;2017-07-04 16:00:00;32,93;33,32;-0,39000000000000057;41197;17241;52544;7701;8546;16317;24863;24942;845;-924;-79;-0,0031774122189599002;0,09887666744675871;-0,05662805662805663;-0,011843303978135456;2;1
2017-07-04;17;2017-07-04 17:00:00;36,95;36,99;-0,03999999999999915;41197;13345;52544;6316;7572;12489;20061;19661;1256;-856;400;0,019939185484272967;0,16587427363972532;-0,06854031547762031;-0,0010825439783490973;2;1
2017-07-04;18;2017-07-04 18:00:00;40,0;41,04;-1,0399999999999991;41197;8478;52544;4909;6357;7753;14110;13387;1448;-725;723;0,05124025513819986;0,22778039955954066;-0,09351218883013027;-0,025999999999999978;2;1
2017-07-04;19;2017-07-04 19:00:00;44,04;43,06;0,9799999999999968;41197;3925;52544;3528;5151;3533;8684;7453;1623;-392;1231;0,14175495163519117;0,3150844496214327;-0,1109538635720351;0,022252497729336893;2;1
2017-07-04;20;2017-07-04 20:00:00;43,1;44,06;-0,9600000000000009;41197;1132;52544;2424;4227;1166;5393;3556;1803;34;1837;0,34062673836454666;0,42654364797728883;0,029159519725557463;-0,022273781902552223;2;1
2017-07-04;21;2017-07-04 21:00:00;41,68;43,96;-2,2800000000000007;41197;60;52544;1928;3695;108;3803;1988;1767;48;1815;0,4772547988430187;0,478213802435724;0,4444444444444444;-0,05470249520153553;2;1
2017-07-04;22;2017-07-04 22:00:00;40,54;42,78;-2,240000000000002;41197;0;52544;1794;3436;0;3436;1794;1642;0;1642;0,4778812572759022;0,4778812572759022;;-0,05525407005426744;2;1
2017-07-04;23;2017-07-04 23:00:00;37,29;38,78;-1,490000000000002;41197;0;52544;1594;3224;0;3224;1594;1630;0;1630;0,5055831265508685;0,5055831265508685;;-0,039957093054438245;2;1
2017-07-05;0;2017-07-05 00:00:00;34,99;37,75;-2,759999999999998;41200;0;52550;1357;2329;0;2329;1357;972;0;972;0,41734650064405326;0,41734650064405326;;-0,07887967990854523;2;2
2017-07-05;1;2017-07-05 01:00:00;32,51;35,86;-3,3500000000000014;41200;0;52550;1276;2155;0;2155;1276;879;0;879;0,40788863109048723;0,40788863109048723;;-0,10304521685635194;2;2
2017-07-05;2;2017-07-05 02:00:00;31,02;33,58;-2,5599999999999987;41200;0;52550;1205;2031;0;2031;1205;826;0;826;0,4066962087641556;0,4066962087641556;;-0,0825274016763378;2;2
2017-07-05;3;2017-07-05 03:00:00;29,07;30,96;-1,8900000000000008;41200;0;52550;1113;1927;0;1927;1113;814;0;814;0,42241826673585886;0,42241826673585886;;-0,06501547987616102;2;2
2017-07-05;4;2017-07-05 04:00:00;29,54;31,82;-2,2800000000000007;41200;0;52550;1208;1836;0;1836;1208;628;0;628;0,3420479302832244;0,3420479302832244;;-0,07718348002708195;2;2
2017-07-05;5;2017-07-05 05:00:00;31,89;33,35;-1,4600000000000009;41200;138;52550;1509;1707;192;1899;1647;198;54;252;0,13270142180094788;0,11599297012302284;0,28125;-0,04578237692066481;2;2
2017-07-05;6;2017-07-05 06:00:00;38,02;37,22;0,8000000000000043;41200;1425;52550;1634;1556;1428;2984;3059;-78;3;-75;-0,025134048257372654;-0,05012853470437018;0,0021008403361344537;0,021041557075223677;2;2
2017-07-05;7;2017-07-05 07:00:00;43,92;41,37;2,5500000000000043;41200;4512;52550;1341;1392;4463;5855;5853;51;-49;2;0,0003415883859948762;0,036637931034482756;-0,010979161998655613;0,05806010928961758;2;2
2017-07-05;8;2017-07-05 08:00:00;46,01;40,82;5,189999999999999;41200;9058;52550;1098;1239;8956;10195;10156;141;-102;39;0,0038254046101029917;0,11380145278450363;-0,011389012952210809;0,11280156487720058;2;2
2017-07-05;9;2017-07-05 09:00:00;44,18;40,95;3,229999999999997;41200;13778;52550;1018;1105;13584;14689;14796;87;-194;-107;-0,007284362448090408;0,07873303167420814;-0,01428150765606596;0,0731100045269352;2;2
2017-07-05;10;2017-07-05 10:00:00;43,71;39,68;4,030000000000001;41200;17892;52550;1056;1063;17453;18516;18948;7;-439;-432;-0,023331173039533377;0,00658513640639699;-0,025153268779006473;0,09219858156028371;2;2
2017-07-05;11;2017-07-05 11:00:00;42,06;38,91;3,1500000000000057;41200;21084;52550;1100;1093;20269;21362;22184;-7;-815;-822;-0,03847954311394064;-0,006404391582799634;-0,040209186442350386;0,0748930099857348;2;2
2017-07-05;12;2017-07-05 12:00:00;38,93;37,62;1,3100000000000025;41200;22878;52550;1104;1200;21861;23061;23982;96;-1017;-921;-0,039937556914270846;0,08;-0,04652120214079868;0,03365014127921918;2;2
2017-07-05;13;2017-07-05 13:00:00;38,09;35,71;2,3800000000000026;41200;23586;52550;1169;1345;22101;23446;24755;176;-1485;-1309;-0,05583041883476926;0,1308550185873606;-0,0671915297950319;0,06248359149383046;2;2
2017-07-05;14;2017-07-05 14:00:00;37,44;33,81;3,629999999999996;41200;22858;52550;1298;1522;21187;22709;24156;224;-1671;-1447;-0,06371923026112995;0,1471747700394218;-0,07886911785528862;0,0969551282051281;2;2
2017-07-05;15;2017-07-05 15:00:00;37,38;33,96;3,4200000000000017;41200;20603;52550;1440;1702;19174;20876;22043;262;-1429;-1167;-0,05590151369994252;0,15393654524089306;-0,07452800667570669;0,09149277688603535;2;2
2017-07-05;16;2017-07-05 16:00:00;38,9;37,19;1,7100000000000009;41200;17239;52550;1544;1846;16118;17964;18783;302;-1121;-819;-0,045591182364729456;0,1635969664138678;-0,06954957190718451;0,043958868894601565;2;2
2017-07-05;17;2017-07-05 17:00:00;41,51;41,45;0,059999999999995175;41200;12923;52550;1568;1913;12114;14027;14491;345;-809;-464;-0,03307906180936765;0,18034500784108728;-0,0667822354300809;0,0014454348349794068;2;2
2017-07-05;18;2017-07-05 18:00:00;42,52;42,22;0,30000000000000426;41200;8288;52550;1563;1892;7508;9400;9851;329;-780;-451;-0,04797872340425532;0,17389006342494714;-0,10388918486947256;0,007055503292568303;2;2
2017-07-05;19;2017-07-05 19:00:00;44,55;44,9;-0,3500000000000014;41200;3938;52550;1522;1887;3542;5429;5460;365;-396;-31;-0,005710075520353656;0,19342872284048754;-0,11180124223602485;-0,007856341189674555;2;2
2017-07-05;20;2017-07-05 20:00:00;44,15;44,58;-0,4299999999999997;41200;1165;52550;1575;1945;1178;3123;2740;370;13;383;0,12263848863272495;0,19023136246786632;0,011035653650254669;-0,009739524348810867;2;2
2017-07-05;21;2017-07-05 21:00:00;43,93;42,78;1,1499999999999986;41200;75;52550;1770;2078;102;2180;1845;308;27;335;0,1536697247706422;0,1482194417709336;0,2647058823529412;0,026178010471204157;2;2
2017-07-05;22;2017-07-05 22:00:00;41,66;42,44;-0,7800000000000011;41200;0;52550;2066;2260;0;2260;2066;194;0;194;0,08584070796460178;0,08584070796460178;;-0,01872299567930872;2;2
2017-07-05;23;2017-07-05 23:00:00;36,07;36,8;-0,7299999999999969;41200;0;52550;1896;2288;0;2288;1896;392;0;392;0,17132867132867133;0,17132867132867133;;-0,020238425284169585;2;2
2017-07-06;0;2017-07-06 00:00:00;33,03;33,09;-0,060000000000002274;41204;0;52550;1592;1795;0;1795;1592;203;0;203;0,11309192200557103;0,11309192200557103;;-0,001816530426884719;2;3
2017-07-06;1;2017-07-06 01:00:00;32,21;32,6;-0,39000000000000057;41204;0;52550;1474;1573;0;1573;1474;99;0;99;0,06293706293706294;0,06293706293706294;;-0,0121080409810618;2;3
2017-07-06;2;2017-07-06 02:00:00;30,62;31,8;-1,1799999999999995;41204;0;52550;1298;1389;0;1389;1298;91;0;91;0,06551475881929446;0,06551475881929446;;-0,03853690398432395;2;3
2017-07-06;3;2017-07-06 03:00:00;30,11;31,21;-1,1000000000000014;41204;0;52550;1142;1279;0;1279;1142;137;0;137;0,10711493354182955;0,10711493354182955;;-0,03653271338425777;2;3
2017-07-06;4;2017-07-06 04:00:00;29,19;30,06;-0,8699999999999974;41204;0;52550;1087;1164;1;1165;1087;77;1;78;0,06695278969957082;0,0661512027491409;1,0;-0,029804727646454175;2;3
2017-07-06;5;2017-07-06 05:00:00;32,06;31,32;0,7400000000000021;41204;188;52550;1052;1011;233;1244;1240;-41;45;4;0,003215434083601286;-0,040553907022749754;0,19313304721030042;0,02308172177167817;2;3
2017-07-06;6;2017-07-06 06:00:00;36,94;37,21;-0,2700000000000031;41204;1721;52550;913;798;1655;2453;2634;-115;-66;-181;-0,07378719934773746;-0,14411027568922305;-0,03987915407854985;-0,007309149972929159;2;3
2017-07-06;7;2017-07-06 07:00:00;42,29;42,56;-0,2700000000000031;41204;5434;52550;591;547;5313;5860;6025;-44;-121;-165;-0,028156996587030716;-0,08043875685557587;-0,022774327122153208;-0,006384488058642779;2;3
2017-07-06;8;2017-07-06 08:00:00;48,24;42,77;5,469999999999999;41204;11034;52550;233;381;10762;11143;11267;148;-272;-124;-0,011128062460737683;0,3884514435695538;-0,025274112618472403;0,11339137645107791;2;3
2017-07-06;9;2017-07-06 09:00:00;43,08;40,95;2,1299999999999955;41204;16662;52550;165;342;16350;16692;16827;177;-312;-135;-0,008087706685837527;0,5175438596491229;-0,01908256880733945;0,049442896935933046;2;3
2017-07-06;10;2017-07-06 10:00:00;41,86;41,09;0,769999999999996;41204;21171;52550;207;321;20776;21097;21378;114;-395;-281;-0,013319429302744466;0,35514018691588783;-0,019012321909896032;0,018394648829431343;2;3
2017-07-06;11;2017-07-06 11:00:00;40,03;41,69;-1,6599999999999966;41204;23874;52550;243;332;23802;24134;24117;89;-72;17;0,0007044004309273225;0,2680722891566265;-0,003024955886059995;-0,04146889832625522;2;3
2017-07-06;12;2017-07-06 12:00:00;35,71;38,35;-2,640000000000001;41204;25222;52550;327;380;25425;25805;25549;53;203;256;0,009920558031389266;0,1394736842105263;0,007984267453294003;-0,07392887146457577;2;3
2017-07-06;13;2017-07-06 13:00:00;35,75;39,11;-3,3599999999999994;41204;25289;52550;477;438;25658;26096;25766;-39;369;330;0,012645616186388719;-0,08904109589041095;0,014381479460597084;-0,09398601398601397;2;3
2017-07-06;14;2017-07-06 14:00:00;35,54;39,22;-3,68;41204;24184;52550;608;506;24579;25085;24792;-102;395;293;0,011680287024117999;-0,2015810276679842;0,016070629399080515;-0,10354530106921779;2;3
2017-07-06;15;2017-07-06 15:00:00;39,52;40,88;-1,3599999999999994;41204;21152;52550;1007;596;22223;22819;22159;-411;1071;660;0,02892326569963627;-0,6895973154362416;0,048193313234036805;-0,03441295546558703;2;3
2017-07-06;16;2017-07-06 16:00:00;40,6;44,17;-3,5700000000000003;41204;17094;52550;1026;700;18637;19337;18120;-326;1543;1217;0,0629363396597197;-0,4657142857142857;0,08279229489724742;-0,08793103448275863;2;3
2017-07-06;17;2017-07-06 17:00:00;44,31;47,44;-3,1299999999999955;41204;12460;52550;1033;802;13736;14538;13493;-231;1276;1045;0,0718805888017609;-0,2880299251870324;0,09289458357600466;-0,0706386820130895;2;3
2017-07-06;18;2017-07-06 18:00:00;45,87;53,96;-8,090000000000002;41204;7501;52550;1269;970;8161;9131;8770;-299;660;361;0,03953564779323185;-0,3082474226804124;0,08087244210268349;-0,17636799651188145;2;3
2017-07-06;19;2017-07-06 19:00:00;53,71;54,01;-0,2999999999999972;41204;3352;52550;1695;1294;3514;4808;5047;-401;162;-239;-0,04970881863560732;-0,30989180834621327;0,04610130904951622;-0,005585552038726442;2;3
2017-07-06;20;2017-07-06 20:00:00;49,56;51,87;-2,309999999999995;41204;954;52550;2591;1938;1103;3041;3545;-653;149;-504;-0,1657349556067083;-0,3369453044375645;0,13508612873980055;-0,04661016949152533;2;3
2017-07-06;21;2017-07-06 21:00:00;46,03;46,93;-0,8999999999999986;41204;54;52550;3556;3020;100;3120;3610;-536;46;-490;-0,15705128205128205;-0,17748344370860927;0,46;-0,01955246578318485;2;3
2017-07-06;22;2017-07-06 22:00:00;42,71;45,33;-2,619999999999997;41204;0;52550;5511;4285;0;4285;5511;-1226;0;-1226;-0,28611435239206534;-0,28611435239206534;;-0,061343947553266144;2;3
2017-07-06;23;2017-07-06 23:00:00;35,61;35,65;-0,03999999999999915;41204;0;52550;7250;5158;0;5158;7250;-2092;0;-2092;-0,4055835595191935;-0,4055835595191935;;-0,0011232799775343766;2;3
2017-07-07;0;2017-07-07 00:00:00;34,16;31,11;3,049999999999997;41208;0;52560;8642;5737;0;5737;8642;-2905;0;-2905;-0,5063622102143978;-0,5063622102143978;;0,08928571428571422;2;4
2017-07-07;1;2017-07-07 01:00:00;32,07;28,96;3,1099999999999994;41208;0;52560;9265;5788;0;5788;9265;-3477;0;-3477;-0,6007256392536282;-0,6007256392536282;;0,09697536638603053;2;4
2017-07-07;2;2017-07-07 02:00:00;30,8;26,88;3,9200000000000017;41208;0;52560;8359;5772;0;5772;8359;-2587;0;-2587;-0,44819819819819817;-0,44819819819819817;;0,12727272727272732;2;4
2017-07-07;3;2017-07-07 03:00:00;30,69;29,69;1,0;41208;0;52560;7042;5631;0;5631;7042;-1411;0;-1411;-0,2505771621381637;-0,2505771621381637;;0,032583903551645484;2;4
2017-07-07;4;2017-07-07 04:00:00;29,64;29,81;-0,16999999999999815;41208;0;52560;6416;5520;0;5520;6416;-896;0;-896;-0,16231884057971013;-0,16231884057971013;;-0,005735492577597779;2;4
2017-07-07;5;2017-07-07 05:00:00;30,84;31,69;-0,8500000000000014;41208;124;52560;6372;5241;175;5416;6496;-1131;51;-1080;-0,19940915805022155;-0,21579851173440184;0,2914285714285714;-0,02756160830090796;2;4
2017-07-07;6;2017-07-07 06:00:00;35,87;34,56;1,3099999999999952;41208;1207;52560;5515;4703;1363;6066;6722;-812;156;-656;-0,10814375206066601;-0,17265575164788433;0,1144534115920763;0,03652076944521871;2;4
2017-07-07;7;2017-07-07 07:00:00;41,88;41,9;-0,019999999999996017;41208;3489;52560;4836;4237;4173;8410;8325;-599;684;85;0,010107015457788348;-0,14137361340571158;0,16391085549964055;-0,0004775549188155687;2;4
2017-07-07;8;2017-07-07 08:00:00;45,54;48,61;-3,0700000000000003;41208;6934;52560;3834;3913;8157;12070;10768;79;1223;1302;0,10787075393537697;0,020189113212369027;0,14993257324996936;-0,06741326306543699;2;4
2017-07-07;9;2017-07-07 09:00:00;45,58;49,2;-3,620000000000005;41208;10944;52560;3421;3950;12291;16241;14365;529;1347;1876;0,11551012868665722;0,13392405063291138;0,10959238467171101;-0,0794207985958755;2;4
2017-07-07;10;2017-07-07 10:00:00;44,61;48,42;-3,8100000000000014;41208;14660;52560;3300;4236;15992;20228;17960;936;1332;2268;0,11212181135060312;0,22096317280453256;0,08329164582291146;-0,08540685944855417;2;4
2017-07-07;11;2017-07-07 11:00:00;43,31;53,2;-9,89;41208;17530;52560;3718;4716;18861;23577;21248;998;1331;2329;0,09878271196505069;0,21162001696352842;0,07056889878585441;-0,22835372893096284;2;4
2017-07-07;12;2017-07-07 12:00:00;39,65;44,86;-5,210000000000001;41208;19716;52560;3888;5344;20585;25929;23604;1456;869;2325;0,08966793937290293;0,27245508982035926;0,04221520524653874;-0,13139974779319044;2;4
2017-07-07;13;2017-07-07 13:00:00;34,43;41,47;-7,039999999999999;41208;21162;52560;4481;6098;21108;27206;25643;1617;-54;1563;0,05745056237594648;0,2651689078386356;-0,002558271745309835;-0,2044728434504792;2;4
2017-07-07;14;2017-07-07 14:00:00;32,05;39,21;-7,160000000000004;41208;20996;52560;5546;6846;20583;27429;26542;1300;-413;887;0,032338036384848154;0,18989190768331873;-0,020065102268862652;-0,22340093603744163;2;4
2017-07-07;15;2017-07-07 15:00:00;31,84;36,97;-5,129999999999999;41208;18590;52560;6580;7386;18858;26244;25170;806;268;1074;0,04092363968907179;0,10912537232602221;0,014211475235974122;-0,16111809045226128;2;4
2017-07-07;16;2017-07-07 16:00:00;32,4;37,75;-5,350000000000001;41208;15442;52560;7241;7825;16049;23874;22683;584;607;1191;0,04988690625785373;0,07463258785942492;0,037821671132157765;-0,1651234567901235;2;4
2017-07-07;17;2017-07-07 17:00:00;37,87;39,89;-2,020000000000003;41208;11379;52560;7441;7873;12159;20032;18820;432;780;1212;0,060503194888178916;0,054871078369109615;0,06415001233654083;-0,05334037496699243;2;4
2017-07-07;18;2017-07-07 18:00:00;40,58;42,31;-1,7300000000000042;41208;7114;52560;7104;7292;7534;14826;14218;188;420;608;0,04100903817617699;0,02578167855183763;0,05574727900185824;-0,042631838344011935;2;4
2017-07-07;19;2017-07-07 19:00:00;42,74;44,64;-1,8999999999999984;41208;3356;52560;5813;6471;3500;9971;9169;658;144;802;0,0804332564436867;0,10168443826301962;0,04114285714285714;-0,04445484323818433;2;4
2017-07-07;20;2017-07-07 20:00:00;41,8;44,0;-2,200000000000003;41208;1074;52560;4738;5668;1138;6806;5812;930;64;994;0,1460476050543638;0,16407904022582923;0,056239015817223195;-0,052631578947368494;2;4
2017-07-07;21;2017-07-07 21:00:00;40,46;42,09;-1,6300000000000026;41208;71;52560;4001;5171;94;5265;4072;1170;23;1193;0,22659069325735992;0,22626184490427384;0,24468085106382978;-0,04028670291646076;2;4
2017-07-07;22;2017-07-07 22:00:00;40,99;43,19;-2,199999999999996;41208;0;52560;3636;4953;0;4953;3636;1317;0;1317;0,26589945487583283;0,26589945487583283;;-0,053671627226152624;2;4
2017-07-07;23;2017-07-07 23:00:00;35,91;37,25;-1,3400000000000034;41208;0;52560;3489;4874;0;4874;3489;1385;0;1385;0,28416085350841197;0,28416085350841197;;-0,03731551099972162;2;4
2017-07-08;0;2017-07-08 00:00:00;37,08;38,54;-1,4600000000000009;41208;0;52560;3233;4475;0;4475;3233;1242;0;1242;0,2775418994413408;0,2775418994413408;;-0,039374325782092795;2;5
2017-07-08;1;2017-07-08 01:00:00;34,64;39,39;-4,75;41208;0;52560;3187;4538;0;4538;3187;1351;0;1351;0,2977082415160864;0,2977082415160864;;-0,13712471131639722;2;5
2017-07-08;2;2017-07-08 02:00:00;32,05;36,24;-4,190000000000005;41208;0;52560;3524;4699;0;4699;3524;1175;0;1175;0,2500532028091083;0,2500532028091083;;-0,13073322932917333;2;5
2017-07-08;3;2017-07-08 03:00:00;30,68;33,14;-2,460000000000001;41208;0;52560;3919;4897;0;4897;3919;978;0;978;0,19971411068000816;0,19971411068000816;;-0,08018252933507174;2;5
2017-07-08;4;2017-07-08 04:00:00;29,87;31,6;-1,7300000000000004;41208;0;52560;3988;5044;0;5044;3988;1056;0;1056;0,20935765265662173;0,20935765265662173;;-0,05791764312018749;2;5
2017-07-08;5;2017-07-08 05:00:00;29,09;31,25;-2,16;41208;141;52560;4126;5058;196;5254;4267;932;55;987;0,1878568709554625;0,18426255436931593;0,28061224489795916;-0,07425232038501203;2;5
2017-07-08;6;2017-07-08 06:00:00;30,0;32,05;-2,0499999999999967;41208;1460;52560;4444;4986;1495;6481;5904;542;35;577;0,08902947076068508;0,10870437224227839;0,023411371237458192;-0,06833333333333322;2;5
2017-07-08;7;2017-07-08 07:00:00;32,02;33,16;-1,1399999999999937;41208;4456;52560;4658;4948;4595;9543;9114;290;139;429;0,044954416850047155;0,058609539207760714;0,030250272034820457;-0,03560274828232335;2;5
2017-07-08;8;2017-07-08 08:00:00;34,58;36,44;-1,8599999999999997;41208;8748;52560;4463;5150;8964;14114;13211;687;216;903;0,06397902791554486;0,13339805825242718;0,024096385542168676;-0,053788316946211674;2;5
2017-07-08;9;2017-07-08 09:00:00;36,71;39,02;-2,3100000000000023;41208;12791;52560;4834;5601;13409;19010;17625;767;618;1385;0,0728563913729616;0,1369398321728263;0,04608844805727497;-0,06292563334241358;2;5
2017-07-08;10;2017-07-08 10:00:00;35,89;38,54;-2,6499999999999986;41208;16714;52560;5793;6201;16984;23185;22507;408;270;678;0,029243045072244987;0,06579583938074504;0,015897315120113047;-0,07383672332125936;2;5
2017-07-08;11;2017-07-08 11:00:00;35,37;35,92;-0,5500000000000043;41208;19594;52560;6982;6768;19349;26117;26576;-214;-245;-459;-0,01757475973503848;-0,031619385342789595;-0,012662153082846659;-0,015549901046084374;2;5
2017-07-08;12;2017-07-08 12:00:00;33,22;33,38;-0,1600000000000037;41208;20767;52560;7856;7265;20529;27794;28623;-591;-238;-829;-0,029826581276534505;-0,08134893324156917;-0,011593355740659554;-0,004816375677302941;2;5
2017-07-08;13;2017-07-08 13:00:00;31,41;28,61;2,8000000000000007;41208;21217;52560;8337;7673;20575;28248;29554;-664;-642;-1306;-0,0462333616539224;-0,0865372083930666;-0,03120291616038882;0,0891435848455906;2;5
2017-07-08;14;2017-07-08 14:00:00;30,18;28,34;1,84;41208;20107;52560;8935;7914;19627;27541;29042;-1021;-480;-1501;-0,05450056279728405;-0,129011877685115;-0,02445610638406277;0,06096752816434725;2;5
2017-07-08;15;2017-07-08 15:00:00;30,05;28,97;1,0800000000000018;41208;17688;52560;8737;7940;17771;25711;26425;-797;83;-714;-0,02777021508303839;-0,10037783375314861;0,004670530639806427;0,03594009983361071;2;5
2017-07-08;16;2017-07-08 16:00:00;31,4;30,07;1,3299999999999983;41208;14715;52560;8241;7874;15134;23008;22956;-367;419;52;0,002260083449235049;-0,04660909321818644;0,027686005021805207;0,04235668789808912;2;5
2017-07-08;17;2017-07-08 17:00:00;33,18;34,7;-1,5200000000000031;41208;11483;52560;7755;7421;11649;19070;19238;-334;166;-168;-0,008809648662821185;-0,045007411400080855;0,014250150227487338;-0,04581072935503325;2;5
2017-07-08;18;2017-07-08 18:00:00;36,98;36,59;0,3899999999999935;41208;7212;52560;6998;6495;7403;13898;14210;-503;191;-312;-0,022449273276730464;-0,07744418783679753;0,025800351208969338;0,010546241211465482;2;5
2017-07-08;19;2017-07-08 19:00:00;40,04;37,21;2,8299999999999983;41208;3475;52560;6034;5547;3510;9057;9509;-487;35;-452;-0,04990614993927349;-0,08779520461510726;0,009971509971509971;0,07067932067932063;2;5
2017-07-08;20;2017-07-08 20:00:00;39,63;35,75;3,8800000000000026;41208;1040;52560;4750;4757;1160;5917;5790;7;120;127;0,02146357951664695;0,001471515661130965;0,10344827586206896;0,09790562705021454;2;5
2017-07-08;21;2017-07-08 21:00:00;39,82;35,19;4,630000000000003;41208;63;52560;4129;4137;92;4229;4192;8;29;37;0,008749113265547412;0,0019337684312303602;0,31521739130434784;0,1162732295328981;2;5
2017-07-08;22;2017-07-08 22:00:00;42,09;38,83;3,2600000000000047;41208;0;52560;3838;3681;0;3681;3838;-157;0;-157;-0,04265145340939962;-0,04265145340939962;;0,07745307674031847;2;5
2017-07-08;23;2017-07-08 23:00:00;39,67;37,54;2,1300000000000026;41208;0;52560;3498;3306;0;3306;3498;-192;0;-192;-0,05807622504537205;-0,05807622504537205;;0,053692966977564975;2;5
2017-07-09;0;2017-07-09 00:00:00;32,21;30,68;1,5300000000000011;41208;0;52560;3178;3130;0;3130;3178;-48;0;-48;-0,015335463258785943;-0,015335463258785943;;0,047500776156473176;2;6
2017-07-09;1;2017-07-09 01:00:00;31,08;29,57;1,509999999999998;41208;0;52560;3098;2888;0;2888;3098;-210;0;-210;-0,07271468144044321;-0,07271468144044321;;0,048584298584298524;2;6
2017-07-09;2;2017-07-09 02:00:00;29,84;28,72;1,120000000000001;41208;0;52560;2759;2660;0;2660;2759;-99;0;-99;-0,037218045112781956;-0,037218045112781956;;0,037533512064343195;2;6
2017-07-09;3;2017-07-09 03:00:00;29,2;27,93;1,2699999999999996;41208;0;52560;2582;2366;0;2366;2582;-216;0;-216;-0,09129332206255283;-0,09129332206255283;;0,043493150684931495;2;6
2017-07-09;4;2017-07-09 04:00:00;29,62;28,79;0,8300000000000018;41208;0;52560;2456;2006;0;2006;2456;-450;0;-450;-0,22432701894317048;-0,22432701894317048;;0,0280216070222823;2;6
2017-07-09;5;2017-07-09 05:00:00;29,46;26,33;3,1300000000000026;41208;144;52560;2137;1625;202;1827;2281;-512;58;-454;-0,24849480021893816;-0,3150769230769231;0,2871287128712871;0,106245756958588;2;6
2017-07-09;6;2017-07-09 06:00:00;29,49;26,11;3,379999999999999;41208;1440;52560;2030;1262;1477;2739;3470;-768;37;-731;-0,26688572471705;-0,6085578446909667;0,025050778605280974;0,11461512377076973;2;6
2017-07-09;7;2017-07-09 07:00:00;29,83;27,02;2,8099999999999987;41208;4114;52560;1416;930;4666;5596;5530;-486;552;66;0,011794138670478913;-0,5225806451612903;0,11830261465923704;0,09420046932618166;2;6
2017-07-09;8;2017-07-09 08:00:00;30,03;28,45;1,5800000000000018;41208;7905;52560;1086;695;9215;9910;8991;-391;1310;919;0,09273461150353178;-0,5625899280575539;0,14215952251763428;0,05261405261405267;2;6
2017-07-09;9;2017-07-09 09:00:00;31,26;31,26;0,0;41208;12014;52560;1072;598;13887;14485;13086;-474;1873;1399;0,09658267172937522;-0,7926421404682275;0,13487434291063585;0,0;2;6
2017-07-09;10;2017-07-09 10:00:00;31,26;30,83;0,4300000000000033;41208;15466;52560;968;551;17798;18349;16434;-417;2332;1915;0,10436536051010954;-0,7568058076225045;0,13102595797280595;0,013755598208573363;2;6
2017-07-09;11;2017-07-09 11:00:00;32,4;31,37;1,0299999999999976;41208;18439;52560;875;552;20654;21206;19314;-323;2215;1892;0,08922003206639631;-0,5851449275362319;0,10724314902682289;0,031790123456790054;2;6
2017-07-09;12;2017-07-09 12:00:00;32,07;31,43;0,6400000000000006;41208;20692;52560;875;595;22199;22794;21567;-280;1507;1227;0,05382995525138194;-0,47058823529411764;0,06788594080814452;0,019956345494231385;2;6
2017-07-09;13;2017-07-09 13:00:00;31,0;28,2;2,8000000000000007;41208;22243;52560;870;633;22273;22906;23113;-237;30;-207;-0,009036933554527199;-0,3744075829383886;0,001346922282584295;0,09032258064516131;2;6
2017-07-09;14;2017-07-09 14:00:00;29,88;26,88;3,0;41208;21753;52560;843;681;21064;21745;22596;-162;-689;-851;-0,0391354334329731;-0,23788546255506607;-0,03270983668818838;0,10040160642570281;2;6
2017-07-09;15;2017-07-09 15:00:00;30,69;24,86;5,830000000000003;41208;19594;52560;791;736;18720;19456;20385;-55;-874;-929;-0,04774876644736842;-0,07472826086956522;-0,04668803418803419;0,18996415770609326;2;6
2017-07-09;16;2017-07-09 16:00:00;31,28;28,0;3,280000000000001;41208;15514;52560;867;791;15298;16089;16381;-76;-216;-292;-0,01814904593200323;-0,09608091024020228;-0,014119492744149562;0,1048593350383632;2;6
2017-07-09;17;2017-07-09 17:00:00;33,8;29,19;4,609999999999996;41208;10972;52560;951;868;10994;11862;11923;-83;22;-61;-0,005142471758556736;-0,0956221198156682;0,0020010915044569766;0,13639053254437858;2;6
2017-07-09;18;2017-07-09 18:00:00;36,75;32,75;4,0;41208;6260;52560;1102;1037;6570;7607;7362;-65;310;245;0,032207177599579334;-0,0626808100289296;0,0471841704718417;0,10884353741496598;2;6
2017-07-09;19;2017-07-09 19:00:00;40,53;38,22;2,3100000000000023;41208;3062;52560;1393;1332;3055;4387;4455;-61;-7;-68;-0,015500341919307043;-0,0457957957957958;-0,0022913256955810145;0,0569948186528498;2;6
2017-07-09;20;2017-07-09 20:00:00;40,53;39,12;1,4100000000000037;41208;975;52560;1842;1794;984;2778;2817;-48;9;-39;-0,014038876889848811;-0,026755852842809364;0,009146341463414634;0,03478904515173954;2;6
2017-07-09;21;2017-07-09 21:00:00;40,59;40,6;-0,009999999999998009;41208;64;52560;2867;2469;80;2549;2931;-398;16;-382;-0,14986269125147117;-0,16119886593762656;0,2;-0,00024636610002458755;2;6
2017-07-09;22;2017-07-09 22:00:00;42,28;41,79;0,490000000000002;41208;0;52560;4128;3256;0;3256;4128;-872;0;-872;-0,2678132678132678;-0,2678132678132678;;0,01158940397350998;2;6
2017-07-09;23;2017-07-09 23:00:00;40,08;38,55;1,5300000000000011;41208;0;52560;5006;3731;0;3731;5006;-1275;0;-1275;-0,3417314392924149;-0,3417314392924149;;0,03817365269461081;2;6
2017-07-10;0;2017-07-10 00:00:00;32,76;29,35;3,4099999999999966;41212;0;52570;5160;3706;0;3706;5160;-1454;0;-1454;-0,39233675121424716;-0,39233675121424716;;0,104090354090354;2;0
2017-07-10;1;2017-07-10 01:00:00;29,92;28,21;1,7100000000000009;41212;0;52570;5008;3622;0;3622;5008;-1386;0;-1386;-0,3826615129762562;-0,3826615129762562;;0,05715240641711233;2;0
2017-07-10;2;2017-07-10 02:00:00;29,44;27,77;1,6700000000000017;41212;0;52570;4774;3508;0;3508;4774;-1266;0;-1266;-0,36088939566704675;-0,36088939566704675;;0,05672554347826093;2;0
2017-07-10;3;2017-07-10 03:00:00;29,59;27,18;2,41;41212;0;52570;4414;3406;0;3406;4414;-1008;0;-1008;-0,2959483264826776;-0,2959483264826776;;0,08144643460628591;2;0
2017-07-10;4;2017-07-10 04:00:00;29,31;27,09;2,2199999999999993;41212;0;52570;3807;3386;0;3386;3807;-421;0;-421;-0,12433549911399881;-0,12433549911399881;;0,0757420675537359;2;0
2017-07-10;5;2017-07-10 05:00:00;30,6;28,04;2,5600000000000023;41212;109;52570;3597;3311;145;3456;3706;-286;36;-250;-0,07233796296296297;-0,08637873754152824;0,2482758620689655;0,08366013071895431;2;0
2017-07-10;6;2017-07-10 06:00:00;38,03;37,16;0,8700000000000045;41212;950;52570;3420;3075;1082;4157;4370;-345;132;-213;-0,05123887418811643;-0,11219512195121951;0,12199630314232902;0,022876676308177874;2;0
2017-07-10;7;2017-07-10 07:00:00;44,03;44,2;-0,1700000000000017;41212;2690;52570;2674;2754;3142;5896;5364;80;452;532;0,09023066485753053;0,029048656499636893;0,14385741565881605;-0,0038610038610038997;2;0
2017-07-10;8;2017-07-10 08:00:00;50,07;51,16;-1,0899999999999963;41212;4638;52570;2058;2462;5748;8210;6696;404;1110;1514;0,18440925700365407;0,16409423233143786;0,1931106471816284;-0,021769522668264357;2;0
2017-07-10;9;2017-07-10 09:00:00;50,0;57,11;-7,1099999999999985;41212;6656;52570;1813;2321;8402;10723;8469;508;1746;2254;0,2102023687400914;0,21887117621714777;0,20780766484170435;-0,14219999999999997;2;0
2017-07-10;10;2017-07-10 10:00:00;48,73;56,81;-8,080000000000005;41212;8990;52570;1920;2396;10825;13221;10910;476;1835;2311;0,17479767037289162;0,1986644407345576;0,1695150115473441;-0,16581161502154743;2;0
2017-07-10;11;2017-07-10 11:00:00;48,72;55,74;-7,020000000000002;41212;11725;52570;2232;2646;12832;15478;13957;414;1107;1521;0,09826851014342938;0,1564625850340136;0,08626870324189526;-0,14408866995073896;2;0
2017-07-10;12;2017-07-10 12:00:00;47,69;51,95;-4,260000000000005;41212;14612;52570;2640;3026;14297;17323;17252;386;-315;71;0,004098597240662703;0,12756113681427628;-0,022032594250542072;-0,08932690291465727;2;0
2017-07-10;13;2017-07-10 13:00:00;46,65;48,81;-2,160000000000004;41212;16020;52570;3115;3460;14990;18450;19135;345;-1030;-685;-0,03712737127371274;0,09971098265895954;-0,06871247498332221;-0,04630225080385861;2;0
2017-07-10;14;2017-07-10 14:00:00;44,18;46,04;-1,8599999999999997;41212;16038;52570;3613;3798;14998;18796;19651;185;-1040;-855;-0,04548840178761439;0,04870984728804634;-0,06934257901053474;-0,042100497962879124;2;0
2017-07-10;15;2017-07-10 15:00:00;42,93;43,18;-0,25;41212;14766;52570;4129;4023;13933;17956;18895;-106;-833;-939;-0,052294497660948985;-0,026348496147153865;-0,05978611928515036;-0,0058234334963894714;2;0
2017-07-10;16;2017-07-10 16:00:00;40,65;42,95;-2,3000000000000043;41212;12146;52570;4552;4182;11755;15937;16698;-370;-391;-761;-0,04775051766329924;-0,08847441415590626;-0,03326244151424926;-0,056580565805658165;2;0
2017-07-10;17;2017-07-10 17:00:00;40,95;43,35;-2,3999999999999986;41212;8782;52570;4506;4244;8905;13149;13288;-262;123;-139;-0,010571146094760057;-0,06173421300659755;0,013812464907355418;-0,058608058608058566;2;0
2017-07-10;18;2017-07-10 18:00:00;41,62;45,08;-3,4600000000000013;41212;5362;52570;4196;4155;5580;9735;9558;-41;218;177;0,01818181818181818;-0,009867629362214199;0,03906810035842294;-0,08313310908217207;2;0
2017-07-10;19;2017-07-10 19:00:00;42,97;48,13;-5,160000000000005;41212;2653;52570;3944;4198;2617;6815;6597;254;-36;218;0,03198826118855466;0,060505002382086705;-0,013756209400076424;-0,12008377938096357;2;0
2017-07-10;20;2017-07-10 20:00:00;40,21;44,78;-4,57;41212;831;52570;3613;4482;794;5276;4444;869;-37;832;0,15769522365428354;0,19388665774207942;-0,04659949622166247;-0,11365332006963443;2;0
2017-07-10;21;2017-07-10 21:00:00;38,86;42,42;-3,5600000000000023;41212;39;52570;3546;5047;55;5102;3585;1501;16;1517;0,2973343786750294;0,29740439865266494;0,2909090909090909;-0,09161091096242929;2;0
2017-07-10;22;2017-07-10 22:00:00;39,92;43,49;-3,5700000000000003;41212;0;52570;3596;5814;0;5814;3596;2218;0;2218;0,38149294805641554;0,38149294805641554;;-0,08942885771543087;2;0
2017-07-10;23;2017-07-10 23:00:00;33,45;41,05;-7,599999999999994;41212;0;52570;3879;6493;0;6493;3879;2614;0;2614;0,40258740181734176;0,40258740181734176;;-0,22720478325859472;2;0
2017-07-11;0;2017-07-11 00:00:00;30,93;34,32;-3,390000000000001;41216;0;52584;4732;4506;0;4506;4732;-226;0;-226;-0,05015534842432313;-0,05015534842432313;;-0,10960232783705144;2;1
2017-07-11;1;2017-07-11 01:00:00;30,28;32,14;-1,8599999999999997;41216;0;52584;5112;4703;0;4703;5112;-409;0;-409;-0,08696576653200085;-0,08696576653200085;;-0,06142668428005282;2;1
2017-07-11;2;2017-07-11 02:00:00;29,63;30,62;-0,9900000000000021;41216;0;52584;5612;4903;0;4903;5612;-709;0;-709;-0,14460534366714256;-0,14460534366714256;;-0,03341208234897071;2;1
2017-07-11;3;2017-07-11 03:00:00;28,96;26,4;2,5600000000000023;41216;0;52584;6166;5039;0;5039;6166;-1127;0;-1127;-0,22365548719984124;-0,22365548719984124;;0,0883977900552487;2;1
2017-07-11;4;2017-07-11 04:00:00;28,95;28,69;0,259999999999998;41216;0;52584;6172;5214;0;5214;6172;-958;0;-958;-0,1837360951285002;-0,1837360951285002;;0,008981001727115648;2;1
2017-07-11;5;2017-07-11 05:00:00;30,08;30,54;-0,4600000000000009;41216;94;52584;5962;5404;130;5534;6056;-558;36;-522;-0,0943259848211059;-0,10325684678016284;0,27692307692307694;-0,015292553191489392;2;1
2017-07-11;6;2017-07-11 06:00:00;34,51;36,45;-1,9400000000000048;41216;990;52584;5876;5523;1086;6609;6866;-353;96;-257;-0,03888636707520048;-0,0639145391997103;0,08839779005524862;-0,056215589684149664;2;1
2017-07-11;7;2017-07-11 07:00:00;41,44;39,4;2,039999999999999;41216;3186;52584;5414;5725;3235;8960;8600;311;49;360;0,04017857142857143;0,054323144104803496;0,015146831530139104;0,04922779922779921;2;1
2017-07-11;8;2017-07-11 08:00:00;44,22;41,77;2,449999999999996;41216;6253;52584;5399;6138;6227;12365;11652;739;-26;713;0,05766275778406793;0,12039752362333007;-0,0041753653444676405;0,055404794210764274;2;1
2017-07-11;9;2017-07-11 09:00:00;43,43;40,95;2,479999999999997;41216;9866;52584;6156;6719;9513;16232;16022;563;-353;210;0,012937407589945786;0,08379223098675398;-0,037107116577315254;0,05710338475708029;2;1
2017-07-11;10;2017-07-11 10:00:00;42,03;41,08;0,9500000000000028;41216;13228;52584;7450;7447;12725;20172;20678;-3;-503;-506;-0,025084275232996233;-0,00040284678393984153;-0,03952848722986248;0,02260290268855586;2;1
2017-07-11;11;2017-07-11 11:00:00;41,45;40,47;0,980000000000004;41216;16098;52584;9074;8309;15634;23943;25172;-765;-464;-1229;-0,05133024265965;-0,09206884101576604;-0,029678904950748368;0,023642943305187066;2;1
2017-07-11;12;2017-07-11 12:00:00;39,42;37,24;2,18;41216;18198;52584;9902;9189;17545;26734;28100;-713;-653;-1366;-0,051095982643824346;-0,07759277396887583;-0,037218580792248504;0,05530187721968544;2;1
2017-07-11;13;2017-07-11 13:00:00;36,01;32,22;3,7899999999999987;41216;18735;52584;10750;10078;17934;28012;29485;-672;-801;-1473;-0,052584606597172644;-0,06667989680492162;-0,044663767146202744;0,10524854207164673;2;1
2017-07-11;14;2017-07-11 14:00:00;34,21;29,82;4,3900000000000015;41216;17682;52584;11359;10740;17249;27989;29041;-619;-433;-1052;-0,037586194576440746;-0,057635009310986966;-0,02510290451620384;0,1283250511546332;2;1
2017-07-11;15;2017-07-11 15:00:00;34,42;30,09;4,330000000000002;41216;15644;52584;11698;10934;15488;26422;27342;-764;-156;-920;-0,03481946862463099;-0,06987378818364734;-0,010072314049586776;0,12579895409645558;2;1
2017-07-11;16;2017-07-11 16:00:00;35,39;32,09;3,299999999999997;41216;12572;52584;11685;10854;12694;23548;24257;-831;122;-709;-0,03010871411584848;-0,0765616362631288;0,009610839766818969;0,09324667985306576;2;1
2017-07-11;17;2017-07-11 17:00:00;37,62;35,82;1,7999999999999972;41216;9680;52584;10749;10288;9421;19709;20429;-461;-259;-720;-0,0365315338170379;-0,0448094867807154;-0,02749177369705976;0,04784688995215304;2;1
2017-07-11;18;2017-07-11 18:00:00;39,99;38,99;1,0;41216;6219;52584;8961;9176;5931;15107;15180;215;-288;-73;-0,004832196994770636;0,0234306887532694;-0,048558421851289835;0,02500625156289072;2;1
2017-07-11;19;2017-07-11 19:00:00;41,58;40,53;1,0499999999999972;41216;3170;52584;6953;7868;2899;10767;10123;915;-271;644;0,05981238970929693;0,11629384850025419;-0,09348051052086927;0,025252525252525186;2;1
2017-07-11;20;2017-07-11 20:00:00;40,7;41,67;-0,9699999999999988;41216;938;52584;5350;6819;884;7703;6288;1469;-54;1415;0,18369466441646112;0,2154274820354891;-0,06108597285067873;-0,023832923832923802;2;1
2017-07-11;21;2017-07-11 21:00:00;38,94;41,56;-2,6200000000000045;41216;37;52584;4910;6229;60;6289;4947;1319;23;1342;0,21338845603434567;0,21175148498956495;0,38333333333333336;-0,06728299948638944;2;1
2017-07-11;22;2017-07-11 22:00:00;39,36;41,55;-2,1899999999999977;41216;0;52584;4814;6092;0;6092;4814;1278;0;1278;0,2097833223900197;0,2097833223900197;;-0,05564024390243897;2;1
2017-07-11;23;2017-07-11 23:00:00;34,25;36,89;-2,640000000000001;41216;0;52584;4253;6148;0;6148;4253;1895;0;1895;0,3082303188028627;0,3082303188028627;;-0,07708029197080295;2;1
2017-07-12;0;2017-07-12 00:00:00;32,29;30,63;1,66;41220;0;52608;4032;4642;0;4642;4032;610;0;610;0,13140887548470487;0,13140887548470487;;0,0514091049860638;2;2
2017-07-12;1;2017-07-12 01:00:00;30,14;29,98;0,16000000000000014;41220;0;52608;4122;4694;0;4694;4122;572;0;572;0,12185769066893908;0,12185769066893908;;0,005308560053085605;2;2
2017-07-12;2;2017-07-12 02:00:00;29,1;28,32;0,7800000000000011;41220;0;52608;4046;4649;0;4649;4046;603;0;603;0,12970531297053128;0,12970531297053128;;0,026804123711340243;2;2
2017-07-12;3;2017-07-12 03:00:00;28,52;27,81;0,7100000000000009;41220;0;52608;4142;4560;0;4560;4142;418;0;418;0,09166666666666666;0,09166666666666666;;0,024894810659186566;2;2
2017-07-12;4;2017-07-12 04:00:00;28,43;29,05;-0,620000000000001;41220;0;52608;4884;4541;0;4541;4884;-343;0;-343;-0,07553402334287602;-0,07553402334287602;;-0,021807949349278967;2;2
2017-07-12;5;2017-07-12 05:00:00;29,3;28,09;1,2100000000000009;41220;101;52608;5864;4633;124;4757;5965;-1231;23;-1208;-0,2539415598066008;-0,2657025685301101;0,18548387096774194;0,04129692832764508;2;2
2017-07-12;6;2017-07-12 06:00:00;34,77;31,73;3,0400000000000027;41220;980;52608;6450;4923;965;5888;7430;-1527;-15;-1542;-0,26188858695652173;-0,3101767215112736;-0,015544041450777202;0,08743169398907111;2;2
2017-07-12;7;2017-07-12 07:00:00;39,94;41,38;-1,4400000000000048;41220;2693;52608;6733;5416;2696;8112;9426;-1317;3;-1314;-0,16198224852071005;-0,24316838995568685;0,001112759643916914;-0,036054081121682645;2;2
2017-07-12;8;2017-07-12 08:00:00;44,01;44,13;-0,12000000000000455;41220;4470;52608;7109;6025;4861;10886;11579;-1084;391;-693;-0,06365974646334742;-0,17991701244813277;0,08043612425426867;-0,002726653033401603;2;2
2017-07-12;9;2017-07-12 09:00:00;44,31;44,65;-0,3399999999999963;41220;6368;52608;8551;6980;7019;13999;14919;-1571;651;-920;-0,06571897992713766;-0,22507163323782234;0,09274825473714204;-0,007673211464680575;2;2
2017-07-12;10;2017-07-12 10:00:00;44,16;43,3;0,8599999999999994;41220;7688;52608;9715;8222;8697;16919;17403;-1493;1009;-484;-0,02860689166026361;-0,1815859888105084;0,11601701736230884;0,01947463768115941;2;2
2017-07-12;11;2017-07-12 11:00:00;43,9;43,13;0,769999999999996;41220;8200;52608;10717;9534;9735;19269;18917;-1183;1535;352;0,0182676838445171;-0,12408223201174744;0,15767847971237803;0,01753986332574023;2;2
2017-07-12;12;2017-07-12 12:00:00;41,07;42,71;-1,6400000000000006;41220;8674;52608;12678;11048;10139;21187;21352;-1630;1465;-165;-0,007787794402227781;-0,14753801593048516;0,14449156721570175;-0,039931823715607516;2;2
2017-07-12;13;2017-07-12 13:00:00;39,9;40,76;-0,8599999999999994;41220;9011;52608;14388;12709;9937;22646;23399;-1679;926;-753;-0,03325090523712797;-0,13211110236840035;0,09318707859514944;-0,021553884711779436;2;2
2017-07-12;14;2017-07-12 14:00:00;37,27;39,55;-2,279999999999994;41220;8716;52608;16346;14241;9284;23525;25062;-2105;568;-1537;-0,06533475026567481;-0,1478126536057861;0,06118052563550194;-0,061175207942044375;2;2
2017-07-12;15;2017-07-12 15:00:00;33,93;36,89;-2,9600000000000013;41220;8675;52608;18321;15696;8481;24177;26996;-2625;-194;-2819;-0,11659841998593705;-0,1672400611620795;-0,022874661006956728;-0,0872384320660183;2;2
2017-07-12;16;2017-07-12 16:00:00;32,19;33,21;-1,0200000000000031;41220;8818;52608;20409;17369;7533;24902;29227;-3040;-1285;-4325;-0,17368082884908842;-0,17502446888134032;-0,17058276914907738;-0,03168685927306627;2;2
2017-07-12;17;2017-07-12 17:00:00;33,29;30,74;2,5500000000000007;41220;7519;52608;21493;18686;6234;24920;29012;-2807;-1285;-4092;-0,16420545746388443;-0,15021941560526597;-0,20612768687840874;0,0765995794532893;2;2
2017-07-12;18;2017-07-12 18:00:00;32,95;29,96;2,990000000000002;41220;5345;52608;22470;19865;4397;24262;27815;-2605;-948;-3553;-0,14644299727969665;-0,1311351623458344;-0,2156015465089834;0,09074355083459792;2;2
2017-07-12;19;2017-07-12 19:00:00;32,91;31,22;1,6899999999999975;41220;2610;52608;23288;21100;2272;23372;25898;-2188;-338;-2526;-0,10807804210166011;-0,10369668246445497;-0,1487676056338028;0,05135217259191728;2;2
2017-07-12;20;2017-07-12 20:00:00;30,5;30,46;0,03999999999999915;41220;745;52608;24000;21727;712;22439;24745;-2273;-33;-2306;-0,10276750300815544;-0,10461637593777327;-0,046348314606741575;0,0013114754098360376;2;2
2017-07-12;21;2017-07-12 21:00:00;30,6;30,85;-0,25;41220;45;52608;23825;21739;51;21790;23870;-2086;6;-2080;-0,09545663148233134;-0,09595657573945443;0,11764705882352941;-0,008169934640522876;2;2
2017-07-12;22;2017-07-12 22:00:00;30,09;29,25;0,8399999999999999;41220;0;52608;22930;21604;0;21604;22930;-1326;0;-1326;-0,061377522680985;-0,061377522680985;;0,027916251246261212;2;2
2017-07-12;23;2017-07-12 23:00:00;27,82;27,71;0,10999999999999943;41220;0;52608;22811;21338;0;21338;22811;-1473;0;-1473;-0,06903177429937202;-0,06903177429937202;;0,003953989935298326;2;2
2017-07-13;0;2017-07-13 00:00:00;26,02;26,18;-0,16000000000000014;41224;0;52621;22048;20305;0;20305;22048;-1743;0;-1743;-0,08584092588032505;-0,08584092588032505;;-0,006149116064565724;2;3
2017-07-13;1;2017-07-13 01:00:00;24,37;22,91;1,4600000000000009;41224;0;52621;20455;19374;0;19374;20455;-1081;0;-1081;-0,05579642820274595;-0,05579642820274595;;0,05990972507180963;2;3
2017-07-13;2;2017-07-13 02:00:00;23,04;22,06;0,9800000000000004;41224;0;52621;18320;18377;0;18377;18320;57;0;57;0,0031017032159764923;0,0031017032159764923;;0,042534722222222245;2;3
2017-07-13;3;2017-07-13 03:00:00;24,76;20,92;3,84;41224;0;52621;16644;17227;0;17227;16644;583;0;583;0,03384222441516224;0,03384222441516224;;0,15508885298869143;2;3
2017-07-13;4;2017-07-13 04:00:00;26,45;22,36;4,09;41224;0;52621;14974;16104;0;16104;14974;1130;0;1130;0,07016890213611525;0,07016890213611525;;0,1546313799621928;2;3
2017-07-13;5;2017-07-13 05:00:00;28,09;27,17;0,9199999999999982;41224;117;52621;13550;15081;156;15237;13667;1531;39;1570;0,10303865590339306;0,10151846694516278;0,25;0,03275186899252396;2;3
2017-07-13;6;2017-07-13 06:00:00;31,06;34,16;-3,0999999999999983;41224;1429;52621;12485;14148;1361;15509;13914;1663;-68;1595;0,10284351021987233;0,11754311563471868;-0,04996326230712711;-0,09980682549903408;2;3
2017-07-13;7;2017-07-13 07:00:00;38,12;42,47;-4,350000000000001;41224;4629;52621;10920;13319;4386;17705;15549;2399;-243;2156;0,12177351030782264;0,18011862752458893;-0,05540355677154583;-0,11411332633788042;2;3
2017-07-13;8;2017-07-13 08:00:00;36,73;42,43;-5,700000000000002;41224;9370;52621;10398;12707;8806;21513;19768;2309;-564;1745;0,08111374517733463;0,18171086802549777;-0,06404724051782876;-0,15518649605227341;2;3
2017-07-13;9;2017-07-13 09:00:00;36,07;39,38;-3,3100000000000023;41224;13661;52621;10501;12125;13493;25618;24162;1624;-168;1456;0,056835037864001875;0,1339381443298969;-0,012450900466908768;-0,09176601053507076;2;3
2017-07-13;10;2017-07-13 10:00:00;35,52;37,19;-1,6699999999999946;41224;16834;52621;10148;11301;17742;29043;26982;1153;908;2061;0,07096374341493647;0,10202636934784533;0,05117799571637921;-0,04701576576576561;2;3
2017-07-13;11;2017-07-13 11:00:00;34,96;39,22;-4,259999999999998;41224;19410;52621;9134;10380;21087;31467;28544;1246;1677;2923;0,09289096513808116;0,12003853564547207;0,07952767107696686;-0,12185354691075509;2;3
2017-07-13;12;2017-07-13 12:00:00;30,26;37,06;-6,800000000000002;41224;21436;52621;8388;9515;23214;32729;29824;1127;1778;2905;0,08875920437532464;0,11844456121912769;0,07659171189799259;-0,22471910112359555;2;3
2017-07-13;13;2017-07-13 13:00:00;30,04;36,07;-6,030000000000001;41224;22562;52621;7933;8777;24095;32872;30495;844;1533;2377;0,07231078121197372;0,09616041927765752;0,06362315833160406;-0,20073235685752336;2;3
2017-07-13;14;2017-07-13 14:00:00;29,07;32,78;-3,7100000000000013;41224;22656;52621;7355;8149;23799;31948;30011;794;1143;1937;0,060629773381745335;0,09743526813105903;0,048027228034791376;-0,12762297901616793;2;3
2017-07-13;15;2017-07-13 15:00:00;30,27;32,87;-2,599999999999998;41224;21476;52621;6561;7488;22074;29562;28037;927;598;1525;0,0515864961775252;0,12379807692307693;0,027090694935217905;-0,08589362405021467;2;3
2017-07-13;16;2017-07-13 16:00:00;33,46;33,53;-0,07000000000000027;41224;18521;52621;5776;6793;18747;25540;24297;1017;226;1243;0,048668754894283475;0,14971293979096129;0,012055262175281379;-0,002092050209205029;2;3
2017-07-13;17;2017-07-13 17:00:00;38,08;39,74;-1,6600000000000037;41224;14233;52621;4853;5953;14055;20008;19086;1100;-178;922;0,04608156737305078;0,18478078279858895;-0,012664532194948418;-0,04359243697479002;2;3
2017-07-13;18;2017-07-13 18:00:00;41,35;42,16;-0,8099999999999952;41224;8890;52621;3844;5003;8478;13481;12734;1159;-412;747;0,05541131963504191;0,23166100339796122;-0,04859636706770465;-0,019588875453446074;2;3
2017-07-13;19;2017-07-13 19:00:00;46,82;43,58;3,240000000000002;41224;3984;52621;2606;4073;3644;7717;6590;1467;-340;1127;0,1460412077232085;0,36017677387674935;-0,09330406147091108;0,06920119607005558;2;3
2017-07-13;20;2017-07-13 20:00:00;45,09;42,91;2,180000000000007;41224;1148;52621;1794;3389;1084;4473;2942;1595;-64;1531;0,3422758774871451;0,47064030687518443;-0,05904059040590406;0,048347748946551486;2;3
2017-07-13;21;2017-07-13 21:00:00;42,93;42,89;0,03999999999999915;41224;52;52621;1530;3034;74;3108;1582;1504;22;1526;0,49099099099099097;0,4957152274225445;0,2972972972972973;0,0009317493594222956;2;3
2017-07-13;22;2017-07-13 22:00:00;42,13;43,18;-1,0499999999999972;41224;0;52621;1512;2887;0;2887;1512;1375;0;1375;0,47627294769657086;0,47627294769657086;;-0,024922857821030077;2;3
2017-07-13;23;2017-07-13 23:00:00;38,12;40,31;-2,190000000000005;41224;0;52621;1538;2791;0;2791;1538;1253;0;1253;0,4489430311716231;0,4489430311716231;;-0,05745015739769163;2;3
2017-07-14;0;2017-07-14 00:00:00;34,4;33,94;0,4600000000000009;41229;0;52643;1508;2236;0;2236;1508;728;0;728;0,32558139534883723;0,32558139534883723;;0,013372093023255842;2;4
2017-07-14;1;2017-07-14 01:00:00;32,34;32,01;0,3300000000000054;41229;0;52643;1535;2112;0;2112;1535;577;0;577;0,27320075757575757;0,27320075757575757;;0,010204081632653227;2;4
2017-07-14;2;2017-07-14 02:00:00;30,36;30,63;-0,2699999999999996;41229;0;52643;1495;2134;0;2134;1495;639;0;639;0,2994376757263355;0,2994376757263355;;-0,008893280632411054;2;4
2017-07-14;3;2017-07-14 03:00:00;29,08;30,72;-1,6400000000000006;41229;0;52643;1518;2292;0;2292;1518;774;0;774;0,337696335078534;0,337696335078534;;-0,05639614855570842;2;4
2017-07-14;4;2017-07-14 04:00:00;29,55;30,87;-1,3200000000000005;41229;0;52643;1773;2522;0;2522;1773;749;0;749;0,29698651863600317;0,29698651863600317;;-0,04467005076142134;2;4
2017-07-14;5;2017-07-14 05:00:00;30,41;31,19;-0,7800000000000011;41229;129;52643;2192;2741;150;2891;2321;549;21;570;0,19716361120719475;0,20029186428310836;0,14;-0,025649457415323942;2;4
2017-07-14;6;2017-07-14 06:00:00;39,94;36,62;3,3200000000000003;41229;1192;52643;2478;2905;1196;4101;3670;427;4;431;0,10509631797122652;0,14698795180722893;0,0033444816053511705;0,08312468703054583;2;4
2017-07-14;7;2017-07-14 07:00:00;44,99;41,05;3,940000000000005;41229;3718;52643;2509;2974;3737;6711;6227;465;19;484;0,07212039934436;0,15635507733691997;0,005084292213005084;0,08757501667037129;2;4
2017-07-14;8;2017-07-14 08:00:00;46,0;41,54;4,460000000000001;41229;7482;52643;2182;2999;7438;10437;9664;817;-44;773;0,07406342818817668;0,27242414138046017;-0,005915568701263781;0,09695652173913046;2;4
2017-07-14;9;2017-07-14 09:00:00;43,32;40,05;3,270000000000003;41229;12067;52643;1934;3119;11471;14590;14001;1185;-596;589;0,04037011651816313;0,3799294645719782;-0,05195710923197629;0,07548476454293636;2;4
2017-07-14;10;2017-07-14 10:00:00;41,62;38,54;3,0799999999999983;41229;16169;52643;2046;3436;14884;18320;18215;1390;-1285;105;0,005731441048034935;0,40454016298020956;-0,08633431873152378;0,07400288322921669;2;4
2017-07-14;11;2017-07-14 11:00:00;38,94;37,06;1,8799999999999957;41229;17791;52643;2030;3900;17304;21204;19821;1870;-487;1383;0,06522354272778721;0,4794871794871795;-0,028143781784558484;0,04827940421160749;2;4
2017-07-14;12;2017-07-14 12:00:00;37,1;38,59;-1,490000000000002;41229;17316;52643;2606;4355;18565;22920;19922;1749;1249;2998;0,13080279232111694;0,4016073478760046;0,06727713439267438;-0,040161725067385495;2;4
2017-07-14;13;2017-07-14 13:00:00;35,97;37,24;-1,2700000000000031;41229;16548;52643;3246;4868;18581;23449;19794;1622;2033;3655;0,15587018636189176;0,3331963845521775;0,1094128410742156;-0,03530720044481521;2;4
2017-07-14;14;2017-07-14 14:00:00;31,91;33,66;-1,7499999999999964;41229;15098;52643;3892;5417;17572;22989;18990;1525;2474;3999;0,17395276001565965;0,2815211371607901;0,140792169360346;-0,0548417424005013;2;4
2017-07-14;15;2017-07-14 15:00:00;30,34;34,62;-4,2799999999999985;41229;13292;52643;4188;6033;15719;21752;17480;1845;2427;4272;0,19639573372563443;0,3058180009945301;0,15439913480501305;-0,1410678971654581;2;4
2017-07-14;16;2017-07-14 16:00:00;31,29;36,21;-4,920000000000002;41229;11531;52643;4783;6709;13247;19956;16314;1926;1716;3642;0,18250150330727602;0,28707706066477867;0,1295387634936212;-0,15723873441994254;2;4
2017-07-14;17;2017-07-14 17:00:00;36,92;39,03;-2,1099999999999994;41229;8530;52643;5673;7181;10126;17307;14203;1508;1596;3104;0,17934939619807014;0,2099986074362902;0,15761406280861148;-0,05715059588299023;2;4
2017-07-14;18;2017-07-14 18:00:00;40,93;41,34;-0,4100000000000037;41229;5234;52643;5591;7492;6387;13879;10825;1901;1153;3054;0,22004467180632611;0,25373731980779496;0,18052293721622045;-0,01001710236989992;2;4
2017-07-14;19;2017-07-14 19:00:00;42,96;41,83;1,1300000000000026;41229;2545;52643;4664;7958;3005;10963;7209;3294;460;3754;0,342424518836085;0,4139230962553405;0,15307820299500832;0,026303538175046614;2;4
2017-07-14;20;2017-07-14 20:00:00;39,69;41,07;-1,3800000000000026;41229;798;52643;4322;8398;911;9309;5120;4076;113;4189;0,4499946288537974;0,4853536556322934;0,12403951701427003;-0,03476946334089198;2;4
2017-07-14;21;2017-07-14 21:00:00;39,1;39,94;-0,8399999999999963;41229;38;52643;4304;8546;56;8602;4342;4242;18;4260;0,4952336665891653;0,4963725719634917;0,32142857142857145;-0,02148337595907919;2;4
2017-07-14;22;2017-07-14 22:00:00;39,71;40,26;-0,5499999999999972;41229;0;52643;5172;8838;0;8838;5172;3666;0;3666;0,4147997284453496;0,4147997284453496;;-0,013850415512465302;2;4
2017-07-14;23;2017-07-14 23:00:00;36,65;38,06;-1,4100000000000037;41229;0;52643;5726;9225;0;9225;5726;3499;0;3499;0,37929539295392956;0,37929539295392956;;-0,038472032742155625;2;4
2017-07-15;0;2017-07-15 00:00:00;34,57;32,3;2,270000000000003;41230;0;52646;5835;5541;0;5541;5835;-294;0;-294;-0,05305901461829995;-0,05305901461829995;;0,06566387040786818;2;5
2017-07-15;1;2017-07-15 01:00:00;31,08;29,75;1,3299999999999983;41230;0;52646;5570;5718;0;5718;5570;148;0;148;0,025883175935641833;0,025883175935641833;;0,04279279279279274;2;5
2017-07-15;2;2017-07-15 02:00:00;30,82;27,82;3,0;41230;0;52646;5461;5892;0;5892;5461;431;0;431;0,0731500339443313;0,0731500339443313;;0,0973393900064893;2;5
2017-07-15;3;2017-07-15 03:00:00;30,01;26,11;3,9000000000000017;41230;0;52646;5616;5881;0;5881;5616;265;0;265;0,04506036388369325;0,04506036388369325;;0,12995668110629796;2;5
2017-07-15;4;2017-07-15 04:00:00;29,4;25,44;3,959999999999997;41230;0;52646;5418;5899;0;5899;5418;481;0;481;0,08153924393965079;0,08153924393965079;;0,1346938775510203;2;5
2017-07-15;5;2017-07-15 05:00:00;29,17;24,27;4,900000000000002;41230;94;52646;5116;5807;124;5931;5210;691;30;721;0,12156466025965268;0,11899431720337524;0,24193548387096775;0,16798080219403502;2;5
2017-07-15;6;2017-07-15 06:00:00;30,46;28,0;2,460000000000001;41230;1154;52646;4532;5541;1112;6653;5686;1009;-42;967;0,14534796332481587;0,1820970943872947;-0,03776978417266187;0,0807616546290217;2;5
2017-07-15;7;2017-07-15 07:00:00;30,82;28,52;2,3000000000000007;41230;3858;52646;3666;5153;3635;8788;7524;1487;-223;1264;0,14383249886208466;0,28856976518532895;-0,06134800550206328;0,07462686567164181;2;5
2017-07-15;8;2017-07-15 08:00:00;31,94;29,0;2,9400000000000013;41230;7793;52646;3067;4634;7285;11919;10860;1567;-508;1059;0,08884973571608357;0,3381527837721191;-0,06973232669869595;0,09204758922980592;2;5
2017-07-15;9;2017-07-15 09:00:00;33,81;36,57;-2,759999999999998;41230;11669;52646;2738;4067;11237;15304;14407;1329;-432;897;0,05861212754835337;0,32677649373002216;-0,03844442466850583;-0,08163265306122443;2;5
2017-07-15;10;2017-07-15 10:00:00;33,43;35,39;-1,9600000000000009;41230;14644;52646;2480;3548;14634;18182;17124;1068;-10;1058;0,058189418105818944;0,30101465614430667;-0,0006833401667350006;-0,05862997307807361;2;5
2017-07-15;11;2017-07-15 11:00:00;33,06;35,45;-2,390000000000001;41230;16244;52646;2317;3239;17209;20448;18561;922;965;1887;0,09228286384976526;0,28465575794998454;0,05607530943111163;-0,07229280096793711;2;5
2017-07-15;12;2017-07-15 12:00:00;32,22;36,46;-4,240000000000002;41230;16786;52646;2428;3163;18729;21892;19214;735;1943;2678;0,12232779097387174;0,23237432816945938;0,10374285866837525;-0,13159528243327132;2;5
2017-07-15;13;2017-07-15 13:00:00;30,76;34,5;-3,7399999999999984;41230;16762;52646;2750;3237;18995;22232;19512;487;2233;2720;0,12234616768621806;0,15044794562866853;0,11755725190839694;-0,12158647594278278;2;5
2017-07-15;14;2017-07-15 14:00:00;29,07;31,05;-1,9800000000000004;41230;16672;52646;3216;3447;18251;21698;19888;231;1579;1810;0,08341782652779058;0,0670147954743255;0,08651580735302175;-0,06811145510835914;2;5
2017-07-15;15;2017-07-15 15:00:00;28,64;29,86;-1,2199999999999989;41230;15363;52646;3564;3626;16458;20084;18927;62;1095;1157;0,05760804620593507;0,01709873138444567;0,06653299307327744;-0,042597765363128454;2;5
2017-07-15;16;2017-07-15 16:00:00;29,04;27,56;1,4800000000000004;41230;12900;52646;3678;3761;13728;17489;16578;83;828;911;0,052089885070615814;0,022068598776921033;0,06031468531468531;0,05096418732782371;2;5
2017-07-15;17;2017-07-15 17:00:00;30,98;30,26;0,7199999999999989;41230;9983;52646;3454;3654;10253;13907;13437;200;270;470;0,03379593010714029;0,05473453749315818;0,026333755973861308;0,0232408005164622;2;5
2017-07-15;18;2017-07-15 18:00:00;35,21;35,08;0,13000000000000256;41230;6619;52646;2896;3225;6380;9605;9515;329;-239;90;0,009370119729307652;0,102015503875969;-0,03746081504702194;0,003692132916785077;2;5
2017-07-15;19;2017-07-15 19:00:00;37,54;36,2;1,3399999999999963;41230;3245;52646;2286;2741;2990;5731;5531;455;-255;200;0,034897923573547374;0,1659978110178767;-0,08528428093645485;0,03569525839104945;2;5
2017-07-15;20;2017-07-15 20:00:00;37,0;35,54;1,4600000000000009;41230;907;52646;1985;2371;885;3256;2892;386;-22;364;0,11179361179361179;0,16280050611556304;-0,024858757062146894;0,03945945945945948;2;5
2017-07-15;21;2017-07-15 21:00:00;36,9;36,12;0,7800000000000011;41230;39;52646;1824;2252;54;2306;1863;428;15;443;0,19210754553339116;0,19005328596802842;0,2777777777777778;0,02113821138211385;2;5
2017-07-15;22;2017-07-15 22:00:00;37,98;35,95;2,029999999999994;41230;0;52646;2130;2348;0;2348;2130;218;0;218;0,09284497444633731;0,09284497444633731;;0,05344918378093718;2;5
2017-07-15;23;2017-07-15 23:00:00;36,01;32,99;3,019999999999996;41230;0;52646;2856;2633;0;2633;2856;-223;0;-223;-0,0846942650968477;-0,0846942650968477;;0,08386559289086354;2;5
2017-07-16;0;2017-07-16 00:00:00;34,65;30,08;4,57;41230;0;52655;3655;2825;0;2825;3655;-830;0;-830;-0,2938053097345133;-0,2938053097345133;;0,1318903318903319;2;6
2017-07-16;1;2017-07-16 01:00:00;30,05;27,48;2,5700000000000003;41230;0;52655;4621;3722;0;3722;4621;-899;0;-899;-0,2415368081676518;-0,2415368081676518;;0,08552412645590683;2;6
2017-07-16;2;2017-07-16 02:00:00;28,68;25,85;2,8299999999999983;41230;0;52655;5496;4693;0;4693;5496;-803;0;-803;-0,17110590240784146;-0,17110590240784146;;0,09867503486750343;2;6
2017-07-16;3;2017-07-16 03:00:00;27,78;23,65;4,130000000000003;41230;0;52655;6330;5413;0;5413;6330;-917;0;-917;-0,16940698318862;-0,16940698318862;;0,14866810655147597;2;6
2017-07-16;4;2017-07-16 04:00:00;27,72;22,68;5,039999999999999;41230;0;52655;6825;5947;0;5947;6825;-878;0;-878;-0,147637464267698;-0,147637464267698;;0,1818181818181818;2;6
2017-07-16;5;2017-07-16 05:00:00;27,4;19,82;7,579999999999997;41230;104;52655;6876;6306;141;6447;6980;-570;37;-533;-0,08267411199007291;-0,09039010466222645;0,2624113475177305;0,2766423357664233;2;6
2017-07-16;6;2017-07-16 06:00:00;27,53;20,09;7,440000000000001;41230;1253;52655;7228;6505;1198;7703;8481;-723;-55;-778;-0,10099961054134753;-0,11114527286702537;-0,045909849749582635;0,27025063567017804;2;6
2017-07-16;7;2017-07-16 07:00:00;27,6;19,37;8,23;41230;4120;52655;7270;6681;3542;10223;11390;-589;-578;-1167;-0,11415435782060061;-0,08816045502170333;-0,163184641445511;0,29818840579710143;2;6
2017-07-16;8;2017-07-16 08:00:00;27,4;20,79;6,6099999999999985;41230;8192;52655;7274;6812;6597;13409;15466;-462;-1595;-2057;-0,15340442986054142;-0,06782149148561362;-0,24177656510535092;0,24124087591240873;2;6
2017-07-16;9;2017-07-16 09:00:00;28,49;22,77;5,719999999999999;41230;12143;52655;7384;6940;9595;16535;19527;-444;-2548;-2992;-0,18094950105836105;-0,06397694524495677;-0,2655549765502866;0,20077220077220073;2;6
2017-07-16;10;2017-07-16 10:00:00;28,99;21,91;7,079999999999997;41230;14968;52655;7623;7178;11889;19067;22591;-445;-3079;-3524;-0,18482194367231342;-0,06199498467539705;-0,25897888804777525;0,24422214556743696;2;6
2017-07-16;11;2017-07-16 11:00:00;28,99;21,16;7,829999999999997;41230;16460;52655;7987;7479;13399;20878;24447;-508;-3061;-3569;-0,17094549286330107;-0,0679235191870571;-0,22844988431972535;0,2700931355639875;2;6
2017-07-16;12;2017-07-16 12:00:00;29,76;19,41;10,35;41230;17220;52655;8347;7718;14143;21861;25567;-629;-3077;-3706;-0,16952563926627326;-0,08149779735682819;-0,21756345895496004;0,3477822580645161;2;6
2017-07-16;13;2017-07-16 13:00:00;26,95;17,19;9,759999999999998;41230;17339;52655;8681;7903;14146;22049;26020;-778;-3193;-3971;-0,18009887069708377;-0,09844362900164494;-0,22571751731938358;0,36215213358070497;2;6
2017-07-16;14;2017-07-16 14:00:00;25,99;14,99;10,999999999999998;41230;16473;52655;8368;7943;13518;21461;24841;-425;-2955;-3380;-0,15749499091375052;-0,05350623190230391;-0,21859742565468265;0,42323970757983836;2;6
2017-07-16;15;2017-07-16 15:00:00;25,22;16,15;9,07;41230;14589;52655;8294;7732;12227;19959;22883;-562;-2362;-2924;-0,1465003256676186;-0,0726849456802897;-0,19317903001553938;0,3596352101506741;2;6
2017-07-16;16;2017-07-16 16:00:00;27,55;22,13;5,420000000000003;41230;11992;52655;8463;7469;10249;17718;20455;-994;-1743;-2737;-0,15447567445535612;-0,1330834114339269;-0,17006537223143722;0,19673321234119792;2;6
2017-07-16;17;2017-07-16 17:00:00;28,57;26,85;1,7199999999999989;41230;8916;52655;7634;7069;7727;14796;16550;-565;-1189;-1754;-0,11854555285212219;-0,07992643938322253;-0,15387601915361718;0,06020301015050748;2;6
2017-07-16;18;2017-07-16 18:00:00;31,79;32,31;-0,5200000000000031;41230;5479;52655;6602;6577;4846;11423;12081;-25;-633;-658;-0,05760308150223234;-0,0038011251330393797;-0,1306231943871234;-0,01635734507706836;2;6
2017-07-16;19;2017-07-16 19:00:00;35,41;35,6;-0,19000000000000486;41230;2540;52655;5873;6139;2256;8395;8413;266;-284;-18;-0,002144133412745682;0,043329532497149374;-0,12588652482269502;-0,005365715899463566;2;6
2017-07-16;20;2017-07-16 20:00:00;36,65;36,73;-0,0799999999999983;41230;672;52655;5112;5799;640;6439;5784;687;-32;655;0,10172387016617487;0,11846870150025866;-0,05;-0,002182810368349203;2;6
2017-07-16;21;2017-07-16 21:00:00;37,14;38,05;-0,9099999999999966;41230;20;52655;4592;5556;36;5592;4612;964;16;980;0,17525035765379113;0,17350611951043918;0,4444444444444444;-0,02450188476036609;2;6
2017-07-16;22;2017-07-16 22:00:00;41,02;40,58;0,4400000000000048;41230;0;52655;4586;5414;0;5414;4586;828;0;828;0,15293683043960105;0,15293683043960105;;0,010726474890297532;2;6
2017-07-16;23;2017-07-16 23:00:00;38,79;38,25;0,5399999999999991;41230;0;52655;4794;5295;0;5295;4794;501;0;501;0,09461756373937677;0,09461756373937677;;0,013921113689095106;2;6
2017-07-17;0;2017-07-17 00:00:00;31,47;36,1;-4,630000000000003;41234;0;52658;4608;5589;0;5589;4608;981;0;981;0,17552334943639292;0,17552334943639292;;-0,1471242453129966;2;0
2017-07-17;1;2017-07-17 01:00:00;30,11;35,28;-5,170000000000002;41234;0;52658;4666;5457;0;5457;4666;791;0;791;0,14495143851933295;0,14495143851933295;;-0,17170375290601136;2;0
2017-07-17;2;2017-07-17 02:00:00;29,32;32,86;-3,5399999999999987;41234;0;52658;4625;5420;0;5420;4625;795;0;795;0,1466789667896679;0,1466789667896679;;-0,12073669849931783;2;0
2017-07-17;3;2017-07-17 03:00:00;27,57;32,41;-4,839999999999995;41234;0;52658;4826;5310;0;5310;4826;484;0;484;0,09114877589453861;0,09114877589453861;;-0,17555313746826243;2;0
2017-07-17;4;2017-07-17 04:00:00;27,92;32,36;-4,439999999999999;41234;0;52658;4656;5141;0;5141;4656;485;0;485;0,09433962264150944;0,09433962264150944;;-0,15902578796561598;2;0
2017-07-17;5;2017-07-17 05:00:00;29,21;34,14;-4,93;41234;73;52658;4377;4858;101;4959;4450;481;28;509;0,10264166162532769;0,09901193906957596;0,27722772277227725;-0,16877781581650117;2;0
2017-07-17;6;2017-07-17 06:00:00;36,89;41,53;-4,6400000000000015;41234;1076;52658;3996;4455;1019;5474;5072;459;-57;402;0,07343807088052612;0,10303030303030303;-0,05593719332679097;-0,12577934399566282;2;0
2017-07-17;7;2017-07-17 07:00:00;42,83;45,8;-2,969999999999999;41234;3743;52658;3150;4062;3456;7518;6893;912;-287;625;0,08313381218409151;0,22451994091580502;-0,08304398148148148;-0,0693439178146159;2;0
2017-07-17;8;2017-07-17 08:00:00;42,97;46,84;-3,870000000000005;41234;7887;52658;2748;3897;7082;10979;10635;1149;-805;344;0,03133254394753621;0,29484218629715164;-0,11366845523863316;-0,09006283453572271;2;0
2017-07-17;9;2017-07-17 09:00:00;42,3;42,99;-0,6900000000000048;41234;12407;52658;3178;4010;11103;15113;15585;832;-1304;-472;-0,031231390193872825;0,20748129675810473;-0,11744573538683238;-0,016312056737588766;2;0
2017-07-17;10;2017-07-17 10:00:00;42,4;41,58;0,8200000000000003;41234;16143;52658;3357;4310;14669;18979;19500;953;-1474;-521;-0,027451393645608304;0,2211136890951276;-0,10048401390687844;0,01933962264150944;2;0
2017-07-17;11;2017-07-17 11:00:00;42,74;40,95;1,7899999999999991;41234;18537;52658;3632;4635;17457;22092;22169;1003;-1080;-77;-0,003485424588086185;0,21639697950377562;-0,06186630005155525;0,041881141787552624;2;0
2017-07-17;12;2017-07-17 12:00:00;40,85;38,83;2,020000000000003;41234;19848;52658;4233;4905;19314;24219;24081;672;-534;138;0,005698005698005698;0,13700305810397553;-0,02764833799316558;0,04944920440636483;2;0
2017-07-17;13;2017-07-17 13:00:00;36,95;37,39;-0,4399999999999977;41234;20179;52658;4790;5144;19967;25111;24969;354;-212;142;0,005654892278284417;0,06881804043545879;-0,010617518906195222;-0,011907983761840261;2;0
2017-07-17;14;2017-07-17 14:00:00;35,98;35,0;0,9799999999999968;41234;19452;52658;5177;5352;19405;24757;24629;175;-47;128;0,00517025487740841;0,032698056801195814;-0,0024220561710899253;0,027237354085603026;2;0
2017-07-17;15;2017-07-17 15:00:00;35,3;33,57;1,7299999999999969;41234;17913;52658;5488;5433;17732;23165;23401;-55;-181;-236;-0,010187783293762142;-0,010123320449107307;-0,010207534401082788;0,04900849858356932;2;0
2017-07-17;16;2017-07-17 16:00:00;35,94;34,6;1,3399999999999963;41234;15596;52658;5657;5445;15044;20489;21253;-212;-552;-764;-0,037288301039582215;-0,03893480257116621;-0,036692369050784365;0,037284362826933676;2;0
2017-07-17;17;2017-07-17 17:00:00;39,94;41,55;-1,6099999999999994;41234;12135;52658;5221;5304;11368;16672;17356;83;-767;-684;-0,04102687140115163;0,015648567119155354;-0,0674700914848698;-0,04031046569854781;2;0
2017-07-17;18;2017-07-17 18:00:00;42,05;45,5;-3,450000000000003;41234;7808;52658;4398;4962;7016;11978;12206;564;-792;-228;-0,019034897311738186;0,11366384522370013;-0,11288483466362599;-0,0820451843043996;2;0
2017-07-17;19;2017-07-17 19:00:00;44,95;46,93;-1,9799999999999969;41234;3723;52658;3890;4511;3190;7701;7613;621;-533;88;0,01142708739124789;0,13766348924850366;-0,1670846394984326;-0,04404894327030026;2;0
2017-07-17;20;2017-07-17 20:00:00;43,79;46,83;-3,0399999999999987;41234;993;52658;3202;4089;941;5030;4195;887;-52;835;0,16600397614314116;0,21692345316703351;-0,05526036131774708;-0,06942224252112351;2;0
2017-07-17;21;2017-07-17 21:00:00;40,98;45,88;-4,900000000000006;41234;38;52658;3148;3879;55;3934;3186;731;17;748;0,19013726487036095;0,18845063160608405;0,3090909090909091;-0,11957052220595427;2;0
2017-07-17;22;2017-07-17 22:00:00;40,95;45,27;-4,32;41234;0;52658;3652;3847;0;3847;3652;195;0;195;0,05068884845334026;0,05068884845334026;;-0,1054945054945055;2;0
2017-07-17;23;2017-07-17 23:00:00;35,4;38,93;-3,530000000000001;41234;0;52658;3817;3768;0;3768;3817;-49;0;-49;-0,013004246284501062;-0,013004246284501062;;-0,09971751412429382;2;0
2017-07-18;0;2017-07-18 00:00:00;33,69;35,77;-2,0800000000000054;41240;0;52664;3712;3417;0;3417;3712;-295;0;-295;-0,08633304067895815;-0,08633304067895815;;-0,061739388542594406;2;1
2017-07-18;1;2017-07-18 01:00:00;31,18;32,92;-1,740000000000002;41240;0;52664;3610;3360;0;3360;3610;-250;0;-250;-0,0744047619047619;-0,0744047619047619;;-0,05580500320718416;2;1
2017-07-18;2;2017-07-18 02:00:00;29,85;30,56;-0,7099999999999973;41240;0;52664;3481;3380;0;3380;3481;-101;0;-101;-0,029881656804733727;-0,029881656804733727;;-0,023785594639865903;2;1
2017-07-18;3;2017-07-18 03:00:00;29,56;29,54;0,01999999999999957;41240;0;52664;3297;3312;0;3312;3297;15;0;15;0,004528985507246377;0,004528985507246377;;0,0006765899864681858;2;1
2017-07-18;4;2017-07-18 04:00:00;30,28;30,01;0,2699999999999996;41240;0;52664;2924;3137;0;3137;2924;213;0;213;0,06789926681542875;0,06789926681542875;;0,008916776750330237;2;1
2017-07-18;5;2017-07-18 05:00:00;32,01;30,96;1,0499999999999972;41240;93;52664;2667;2841;141;2982;2760;174;48;222;0,0744466800804829;0,061246040126715945;0,3404255319148936;0,03280224929709457;2;1
2017-07-18;6;2017-07-18 06:00:00;37,72;39,68;-1,9600000000000009;41240;1362;52664;2465;2403;1363;3766;3827;-62;1;-61;-0,0161975570897504;-0,025801081980857263;0,0007336757153338225;-0,05196182396606577;2;1
2017-07-18;7;2017-07-18 07:00:00;40,91;43,77;-2,8600000000000065;41240;4914;52664;1903;1818;4985;6803;6817;-85;71;-14;-0,002057915625459356;-0,046754675467546754;0,01424272818455366;-0,0699095575653876;2;1
2017-07-18;8;2017-07-18 08:00:00;42,88;42,85;0,030000000000001137;41240;10228;52664;1031;1321;10493;11814;11259;290;265;555;0,04697816150330117;0,21953065859197576;0,025254931859334796;0,0006996268656716683;2;1
2017-07-18;9;2017-07-18 09:00:00;42,43;41,35;1,0799999999999983;41240;15769;52664;771;1149;16188;17337;16540;378;419;797;0,04597104458672204;0,3289817232375979;0,02588337039782555;0,025453688427999017;2;1
2017-07-18;10;2017-07-18 10:00:00;41,75;41,34;0,4099999999999966;41240;20214;52664;842;1156;20783;21939;21056;314;569;883;0,040247960253429964;0,27162629757785467;0,027378145599769043;0,009820359281437045;2;1
2017-07-18;11;2017-07-18 11:00:00;38,92;41,1;-2,18;41240;23242;52664;1050;1239;23842;25081;24292;189;600;789;0,03145807583429688;0,15254237288135594;0,025165674020635853;-0,05601233299075026;2;1
2017-07-18;12;2017-07-18 12:00:00;34,17;34,69;-0,519999999999996;41240;24722;52664;1052;1345;25459;26804;25774;293;737;1030;0,03842710043277123;0,2178438661710037;0,02894850544011941;-0,01521802750951115;2;1
2017-07-18;13;2017-07-18 13:00:00;34,12;34,22;-0,10000000000000142;41240;24876;52664;1032;1402;25645;27047;25908;370;769;1139;0,04211187932118165;0,26390870185449355;0,02998635211542211;-0,0029308323563892566;2;1
2017-07-18;14;2017-07-18 14:00:00;33,69;34,33;-0,6400000000000006;41240;23836;52664;1107;1483;24381;25864;24943;376;545;921;0,0356093411691927;0,25354012137559;0,022353471965875067;-0,01899673493618286;2;1
2017-07-18;15;2017-07-18 15:00:00;34,62;35,64;-1,0200000000000031;41240;21750;52664;1212;1577;21860;23437;22962;365;110;475;0,020267099031446006;0,23145212428662015;0,005032021957913998;-0,029462738301559883;2;1
2017-07-18;16;2017-07-18 16:00:00;38,57;38,67;-0,10000000000000142;41240;18402;52664;1346;1708;18243;19951;19748;362;-159;203;0,010174928575008771;0,21194379391100704;-0,008715671764512416;-0,0025926886180970034;2;1
2017-07-18;17;2017-07-18 17:00:00;42,97;41,15;1,8200000000000005;41240;13696;52664;1617;1985;13403;15388;15313;368;-293;75;0,004873927735898102;0,1853904282115869;-0,02186077743788704;0,04235513148708402;2;1
2017-07-18;18;2017-07-18 18:00:00;45,79;43,46;2,3299999999999983;41240;8416;52664;2034;2449;7939;10388;10450;415;-477;-62;-0,005968425105891413;0,1694569211923234;-0,06008313389595667;0,05088447259226902;2;1
2017-07-18;19;2017-07-18 19:00:00;46,89;46,17;0,7199999999999989;41240;3762;52664;2516;3091;3433;6524;6278;575;-329;246;0,03770692826486818;0,18602394047233906;-0,09583454704340227;0,01535508637236082;2;1
2017-07-18;20;2017-07-18 20:00:00;43,97;44,94;-0,9699999999999988;41240;993;52664;3329;3983;1003;4986;4322;654;10;664;0,13317288407541114;0,16419784082349986;0,009970089730807577;-0,022060495792585826;2;1
2017-07-18;21;2017-07-18 21:00:00;42,99;44,85;-1,8599999999999997;41240;38;52664;5682;5294;58;5352;5720;-388;20;-368;-0,0687593423019432;-0,07329051756705704;0,3448275862068966;-0,043265875785066285;2;1
2017-07-18;22;2017-07-18 22:00:00;40,83;41,94;-1,1099999999999994;41240;0;52664;8196;6617;0;6617;8196;-1579;0;-1579;-0,2386277769381895;-0,2386277769381895;;-0,0271858927259368;2;1
2017-07-18;23;2017-07-18 23:00:00;33,95;30,26;3,690000000000001;41240;0;52664;9700;7376;0;7376;9700;-2324;0;-2324;-0,3150759219088937;-0,3150759219088937;;0,10868924889543448;2;1
2017-07-19;0;2017-07-19 00:00:00;30,93;30,26;0,6699999999999982;41244;0;52679;10107;7508;0;7508;10107;-2599;0;-2599;-0,3461640916355887;-0,3461640916355887;;0,021661817006142843;2;2
2017-07-19;1;2017-07-19 01:00:00;29,59;27,99;1,6000000000000014;41244;0;52679;10028;7600;0;7600;10028;-2428;0;-2428;-0,3194736842105263;-0,3194736842105263;;0,05407232173031434;2;2
2017-07-19;2;2017-07-19 02:00:00;28,62;27,94;0,6799999999999997;41244;0;52679;10132;7639;0;7639;10132;-2493;0;-2493;-0,32635161670375706;-0,32635161670375706;;0,023759608665269032;2;2
2017-07-19;3;2017-07-19 03:00:00;27,3;28,07;-0,7699999999999996;41244;0;52679;10023;7672;0;7672;10023;-2351;0;-2351;-0,30643899895724713;-0,30643899895724713;;-0,028205128205128188;2;2
2017-07-19;4;2017-07-19 04:00:00;27,63;28,17;-0,5400000000000027;41244;0;52679;9684;7630;0;7630;9684;-2054;0;-2054;-0,2692005242463958;-0,2692005242463958;;-0,019543973941368177;2;2
2017-07-19;5;2017-07-19 05:00:00;29,03;29,66;-0,629999999999999;41244;83;52679;9534;7512;126;7638;9617;-2022;43;-1979;-0,2590992406389107;-0,26916932907348246;0,3412698412698413;-0,021701687909059558;2;2
2017-07-19;6;2017-07-19 06:00:00;37,96;38,82;-0,8599999999999994;41244;1308;52679;8897;7222;1277;8499;10205;-1675;-31;-1706;-0,20072949758795153;-0,23193021323733037;-0,02427564604541895;-0,02265542676501579;2;2
2017-07-19;7;2017-07-19 07:00:00;42,16;43,15;-0,9900000000000021;41244;4840;52679;7351;6588;4919;11507;12191;-763;79;-684;-0,05944207873468323;-0,1158166363084396;0,016060174832282986;-0,023481973434535158;2;2
2017-07-19;8;2017-07-19 08:00:00;42,91;44,65;-1,740000000000002;41244;10227;52679;5944;5936;10563;16499;16171;-8;336;328;0,01987999272683193;-0,0013477088948787063;0,03180914512922465;-0,04054998834770455;2;2
2017-07-19;9;2017-07-19 09:00:00;40,08;44,28;-4,200000000000003;41244;15876;52679;5760;5736;16325;22061;21636;-24;449;425;0,019264765876433526;-0,0041841004184100415;0,027503828483920367;-0,10479041916167672;2;2
2017-07-19;10;2017-07-19 10:00:00;37,93;42,05;-4,119999999999997;41244;20695;52679;6197;5817;21057;26874;26892;-380;362;-18;-0,0006697923643670462;-0,06532576929688844;0,017191432777698627;-0,10862114421302392;2;2
2017-07-19;11;2017-07-19 11:00:00;34,55;41,25;-6,700000000000002;41244;24065;52679;7409;6086;24269;30355;31474;-1323;204;-1119;-0,03686377861966727;-0,21738416036805783;0,00840578515802052;-0,1939218523878438;2;2
2017-07-19;12;2017-07-19 12:00:00;31,7;33,09;-1,390000000000004;41244;25677;52679;8904;6707;25667;32374;34581;-2197;-10;-2207;-0,06817198986841293;-0,32756821231549127;-0,0003896053298009117;-0,0438485804416405;2;2
2017-07-19;13;2017-07-19 13:00:00;31,71;30,59;1,120000000000001;41244;25576;52679;9026;7342;25419;32761;34602;-1684;-157;-1841;-0,05619486584658588;-0,22936529555979296;-0,00617648215901491;0,03532008830022078;2;2
2017-07-19;14;2017-07-19 14:00:00;32,9;28,23;4,669999999999998;41244;23953;52679;9241;7691;23824;31515;33194;-1550;-129;-1679;-0,05327621767412343;-0,20153426082434014;-0,005414707857622565;0,14194528875379933;2;2
2017-07-19;15;2017-07-19 15:00:00;36,54;30,69;5,849999999999998;41244;20922;52679;9401;7653;21036;28689;30323;-1748;114;-1634;-0,05695562759245704;-0,22840716059061805;0,005419281232173417;0,16009852216748763;2;2
2017-07-19;16;2017-07-19 16:00:00;38,03;32,54;5,490000000000002;41244;16790;52679;9596;7558;17419;24977;26386;-2038;629;-1409;-0,05641189894703127;-0,26964805504101613;0,03610999483322808;0,14435971601367345;2;2
2017-07-19;17;2017-07-19 17:00:00;40,52;39,89;0,6300000000000026;41244;11854;52679;9712;7741;12709;20450;21566;-1971;855;-1116;-0,0545721271393643;-0,2546182663738535;0,0672751593359037;0,015547877591312993;2;2
2017-07-19;18;2017-07-19 18:00:00;42,97;43,68;-0,7100000000000009;41244;6699;52679;10148;8374;7432;15806;16847;-1774;733;-1041;-0,06586106541819563;-0,21184619058992119;0,09862755651237891;-0,01652315569001631;2;2
2017-07-19;19;2017-07-19 19:00:00;44,0;44,35;-0,3500000000000014;41244;2882;52679;10854;9354;3189;12543;13736;-1500;307;-1193;-0,09511281192697121;-0,1603592046183451;0,0962684227030417;-0,007954545454545487;2;2
2017-07-19;20;2017-07-19 20:00:00;42,16;41,82;0,3399999999999963;41244;760;52679;12163;10279;897;11176;12923;-1884;137;-1747;-0,15631710808876162;-0,18328631189804456;0,1527313266443701;0,008064516129032171;2;2
2017-07-19;21;2017-07-19 21:00:00;40,58;39,8;0,7800000000000011;41244;31;52679;13788;11029;47;11076;13819;-2759;16;-2743;-0,2476525821596244;-0,2501586725904434;0,3404255319148936;0,01922129127649091;2;2
2017-07-19;22;2017-07-19 22:00:00;39,09;38,86;0,230000000000004;41244;0;52679;14425;11480;0;11480;14425;-2945;0;-2945;-0,25653310104529614;-0,25653310104529614;;0,005883857764134152;2;2
2017-07-19;23;2017-07-19 23:00:00;32,97;32,98;-0,009999999999998009;41244;0;52679;13675;11155;0;11155;13675;-2520;0;-2520;-0,22590766472433887;-0,22590766472433887;;-0,00030330603579005184;2;2
2017-07-20;0;2017-07-20 00:00:00;30,54;30,29;0,25;41254;0;52703;12077;11118;0;11118;12077;-959;0;-959;-0,08625652095700666;-0,08625652095700666;;0,008185985592665358;2;3
2017-07-20;1;2017-07-20 01:00:00;31,46;31,62;-0,16000000000000014;41254;0;52703;10066;10191;0;10191;10066;125;0;125;0,012265724659012855;0,012265724659012855;;-0,005085823267641454;2;3
2017-07-20;2;2017-07-20 02:00:00;29,6;31,43;-1,8299999999999983;41254;0;52703;8801;9259;0;9259;8801;458;0;458;0,049465385030780865;0,049465385030780865;;-0,06182432432432426;2;3
2017-07-20;3;2017-07-20 03:00:00;28,1;29,6;-1,5;41254;0;52703;8180;8499;0;8499;8180;319;0;319;0,03753382750911872;0,03753382750911872;;-0,05338078291814946;2;3
2017-07-20;4;2017-07-20 04:00:00;28,52;29,35;-0,8300000000000018;41254;0;52703;8095;7884;0;7884;8095;-211;0;-211;-0,02676306443429731;-0,02676306443429731;;-0,02910238429172517;2;3
2017-07-20;5;2017-07-20 05:00:00;30,32;29,52;0,8000000000000007;41254;60;52703;7303;7329;91;7420;7363;26;31;57;0,0076819407008086255;0,0035475508254877884;0,34065934065934067;0,026385224274406354;2;3
2017-07-20;6;2017-07-20 06:00:00;38,27;34,75;3,520000000000003;41254;920;52703;6468;6826;975;7801;7388;358;55;413;0,052941930521727985;0,052446527981248166;0,05641025641025641;0,09197805069244847;2;3
2017-07-20;7;2017-07-20 07:00:00;47,26;41,67;5,589999999999996;41254;3013;52703;5643;6302;3294;9596;8656;659;281;940;0,09795748228428512;0,10456997778483021;0,08530661809350334;0,1182818451121455;2;3
2017-07-20;8;2017-07-20 08:00:00;43,26;43,03;0,2299999999999969;41254;6482;52703;5405;5850;6444;12294;11887;445;-38;407;0,03310557995770295;0,07606837606837606;-0,005896958410924891;0,005316689782709129;2;3
2017-07-20;9;2017-07-20 09:00:00;43,25;43,58;-0,3299999999999983;41254;10187;52703;4709;5642;9629;15271;14896;933;-558;375;0,024556348634667016;0,16536689117334277;-0,05794994288088067;-0,007630057803468169;2;3
2017-07-20;10;2017-07-20 10:00:00;41,73;42,55;-0,8200000000000003;41254;12593;52703;4498;5655;12305;17960;17091;1157;-288;869;0,04838530066815145;0,2045977011494253;-0,023405119869971555;-0,01965013179966452;2;3
2017-07-20;11;2017-07-20 11:00:00;41,93;42,41;-0,4799999999999969;41254;14338;52703;5020;5900;14337;20237;19358;880;-1;879;0,0434352917922617;0,14915254237288136;-6,97495989398061e-05;-0,011447650846649103;2;3
2017-07-20;12;2017-07-20 12:00:00;40,0;40,33;-0,3299999999999983;41254;15342;52703;5374;6211;15602;21813;20716;837;260;1097;0,05029111080548297;0,13476090806633392;0,01666453018843738;-0,008249999999999957;2;3
2017-07-20;13;2017-07-20 13:00:00;38,36;40,36;-2,0;41254;14808;52703;5539;6535;16099;22634;20347;996;1291;2287;0,10104267915525315;0,15241009946442236;0,08019131623082179;-0,05213764337851929;2;3
2017-07-20;14;2017-07-20 14:00:00;36,9;41,76;-4,8599999999999985;41254;13855;52703;6014;6808;15930;22738;19869;794;2075;2869;0,12617644471809306;0,11662749706227966;0,13025737602008788;-0,1317073170731707;2;3
2017-07-20;15;2017-07-20 15:00:00;35,74;39,5;-3,759999999999998;41254;12783;52703;6310;6910;14795;21705;19093;600;2012;2612;0,12034093526837135;0,08683068017366136;0,13599188915174046;-0,10520425293788466;2;3
2017-07-20;16;2017-07-20 16:00:00;34,48;37,2;-2,720000000000006;41254;11084;52703;6644;6739;12623;19362;17728;95;1539;1634;0,08439210825327961;0,014097047039620121;0,12192030420660699;-0,07888631090487257;2;3
2017-07-20;17;2017-07-20 17:00:00;36,97;38,82;-1,8500000000000012;41254;8915;52703;7154;6347;9637;15984;16069;-807;722;-85;-0,005317817817817818;-0,12714668347250668;0,07491958078240116;-0,050040573437922675;2;3
2017-07-20;18;2017-07-20 18:00:00;39,77;38,64;1,1300000000000026;41254;5855;52703;7408;5754;6077;11831;13263;-1654;222;-1432;-0,12103795114529625;-0,28745220716023634;0,036531183149580385;0,02841337691727439;2;3
2017-07-20;19;2017-07-20 19:00:00;41,93;38,23;3,700000000000003;41254;2931;52703;7120;5156;2858;8014;10051;-1964;-73;-2037;-0,2541801846768156;-0,3809154383242824;-0,025542337298810357;0,08824230860958747;2;3
2017-07-20;20;2017-07-20 20:00:00;41,05;38,29;2,759999999999998;41254;767;52703;5930;5007;808;5815;6697;-923;41;-882;-0,15167669819432503;-0,18434192131016577;0,050742574257425746;0,06723507917174174;2;3
2017-07-20;21;2017-07-20 21:00:00;40,11;36,58;3,530000000000001;41254;21;52703;6192;5307;39;5346;6213;-885;18;-867;-0,16217732884399552;-0,16676088185415489;0,46153846153846156;0,08800797806033411;2;3
2017-07-20;22;2017-07-20 22:00:00;39,74;35,98;3,7600000000000047;41254;0;52703;7444;6073;0;6073;7444;-1371;0;-1371;-0,22575333443108841;-0,22575333443108841;;0,0946149974836438;2;3
2017-07-20;23;2017-07-20 23:00:00;34,29;28,26;6,029999999999998;41254;0;52703;9176;6684;0;6684;9176;-2492;0;-2492;-0,37283064033512864;-0,37283064033512864;;0,17585301837270334;2;3
2017-07-21;0;2017-07-21 00:00:00;29,65;28,29;1,3599999999999994;41261;0;52731;9623;9575;0;9575;9623;-48;0;-48;-0,0050130548302872065;-0,0050130548302872065;;0,045868465430016846;2;4
2017-07-21;1;2017-07-21 01:00:00;29,1;27,97;1,1300000000000026;41261;0;52731;9648;10015;0;10015;9648;367;0;367;0,036645032451323015;0,036645032451323015;;0,038831615120275;2;4
2017-07-21;2;2017-07-21 02:00:00;28,42;27,02;1,400000000000002;41261;0;52731;8877;10028;0;10028;8877;1151;0;1151;0,11477861986437973;0,11477861986437973;;0,04926108374384243;2;4
2017-07-21;3;2017-07-21 03:00:00;27,07;26,18;0,8900000000000006;41261;0;52731;8125;9307;0;9307;8125;1182;0;1182;0,1270011819060922;0,1270011819060922;;0,032877724418175124;2;4
2017-07-21;4;2017-07-21 04:00:00;27,32;26,03;1,2899999999999991;41261;0;52731;7585;8106;0;8106;7585;521;0;521;0,06427337774488033;0,06427337774488033;;0,04721815519765736;2;4
2017-07-21;5;2017-07-21 05:00:00;29,99;28,67;1,3199999999999967;41261;66;52731;6438;6760;100;6860;6504;322;34;356;0,051895043731778424;0,04763313609467456;0,34;0,04401467155718562;2;4
2017-07-21;6;2017-07-21 06:00:00;36,8;35,03;1,7699999999999958;41261;1213;52731;5308;5345;1162;6507;6521;37;-51;-14;-0,002151529122483479;0,0069223573433115065;-0,04388984509466437;0,04809782608695641;2;4
2017-07-21;7;2017-07-21 07:00:00;40,06;37,54;2,520000000000003;41261;4497;52731;3948;4160;4203;8363;8445;212;-294;-82;-0,009805093865837618;0,05096153846153846;-0,06995003568879372;0,06290564153769354;2;4
2017-07-21;8;2017-07-21 08:00:00;41,83;37,92;3,9099999999999966;41261;9394;52731;3014;3274;8906;12180;12408;260;-488;-228;-0,0187192118226601;0,0794135613927917;-0,0547945205479452;0,09347358355247422;2;4
2017-07-21;9;2017-07-21 09:00:00;40,87;33,4;7,469999999999999;41261;14592;52731;2400;2758;13917;16675;16992;358;-675;-317;-0,01901049475262369;0,12980420594633793;-0,04850183229144212;0,18277465133349644;2;4
2017-07-21;10;2017-07-21 10:00:00;38,44;35,57;2,869999999999997;41261;19340;52731;1989;2461;18094;20555;21329;472;-1246;-774;-0,03765507175869618;0,19179195449004469;-0,06886260638885819;0,07466181061394374;2;4
2017-07-21;11;2017-07-21 11:00:00;39,04;35,98;3,0600000000000023;41261;22382;52731;1772;2153;21021;23174;24154;381;-1361;-980;-0,04228877189954259;0,17696237807710172;-0,06474477903049332;0,07838114754098367;2;4
2017-07-21;12;2017-07-21 12:00:00;35,98;33,44;2,539999999999999;41261;23805;52731;1520;1914;22689;24603;25325;394;-1116;-722;-0,029346014713652807;0,2058516196447231;-0,04918683062276874;0,0705947748749305;2;4
2017-07-21;13;2017-07-21 13:00:00;32,94;32,2;0,7399999999999949;41261;23836;52731;1366;1672;23064;24736;25202;306;-772;-466;-0,018838939197930143;0,18301435406698566;-0,033472077696843565;0,022465088038858376;2;4
2017-07-21;14;2017-07-21 14:00:00;32,87;32,29;0,5799999999999983;41261;22708;52731;1226;1453;22155;23608;23934;227;-553;-326;-0,013808878346323281;0,15622849277357193;-0,024960505529225907;0,01764526924247029;2;4
2017-07-21;15;2017-07-21 15:00:00;32,9;32,32;0,5799999999999983;41261;20360;52731;1150;1278;19980;21258;21510;128;-380;-252;-0,011854360711261643;0,10015649452269171;-0,01901901901901902;0,01762917933130694;2;4
2017-07-21;16;2017-07-21 16:00:00;35,11;34,25;0,8599999999999994;41261;17037;52731;1201;1148;16594;17742;18238;-53;-443;-496;-0,027956261977229172;-0,046167247386759584;-0,026696396287814873;0,024494446026772983;2;4
2017-07-21;17;2017-07-21 17:00:00;39,01;35,36;3,649999999999999;41261;12828;52731;1396;1153;12135;13288;14224;-243;-693;-936;-0,07043949428055388;-0,21075455333911536;-0,05710754017305315;0,09356575237118686;2;4
2017-07-21;18;2017-07-21 18:00:00;41,42;36,99;4,43;41261;7928;52731;1682;1368;7241;8609;9610;-314;-687;-1001;-0,11627366709257754;-0,22953216374269006;-0,09487639828752935;0,10695316272332206;2;4
2017-07-21;19;2017-07-21 19:00:00;42,63;38,12;4,510000000000005;41261;3452;52731;2195;1840;3169;5009;5647;-355;-283;-638;-0,12737073268117388;-0,19293478260869565;-0,08930261912275166;0,105794041754633;2;4
2017-07-21;20;2017-07-21 20:00:00;42,01;38,08;3,93;41261;804;52731;3130;2757;879;3636;3934;-373;75;-298;-0,08195819581958196;-0,13529198404062387;0,08532423208191127;0,09354915496310404;2;4
2017-07-21;21;2017-07-21 21:00:00;40,57;36,55;4,020000000000003;41261;22;52731;4932;4269;42;4311;4954;-663;20;-643;-0,1491533286940385;-0,15530569219957835;0,47619047619047616;0,09908799605619924;2;4
2017-07-21;22;2017-07-21 22:00:00;41,38;36,5;4,880000000000003;41261;0;52731;7274;5881;0;5881;7274;-1393;0;-1393;-0,23686447883013093;-0,23686447883013093;;0,11793136781053655;2;4
2017-07-21;23;2017-07-21 23:00:00;36,79;31,99;4,800000000000002;41261;0;52731;10176;7073;0;7073;10176;-3103;0;-3103;-0,43871058956595504;-0,43871058956595504;;0,13047023647730366;2;4
2017-07-22;0;2017-07-22 00:00:00;32,2;27,54;4,660000000000005;41261;0;52734;11865;7276;0;7276;11865;-4589;0;-4589;-0,6307036833424958;-0,6307036833424958;;0,14472049689441008;2;5
2017-07-22;1;2017-07-22 01:00:00;31,57;24,6;6,969999999999999;41261;0;52734;12030;7535;0;7535;12030;-4495;0;-4495;-0,5965494359654944;-0,5965494359654944;;0,22077922077922074;2;5
2017-07-22;2;2017-07-22 02:00:00;29,92;24,65;5,270000000000003;41261;0;52734;10780;7654;0;7654;10780;-3126;0;-3126;-0,408413901228116;-0,408413901228116;;0,17613636363636373;2;5
2017-07-22;3;2017-07-22 03:00:00;28,74;25,33;3,41;41261;0;52734;10182;7508;0;7508;10182;-2674;0;-2674;-0,35615343633457647;-0,35615343633457647;;0,11864996520528881;2;5
2017-07-22;4;2017-07-22 04:00:00;28,75;26,17;2,5799999999999983;41261;0;52734;9659;7284;0;7284;9659;-2375;0;-2375;-0,32605711147721034;-0,32605711147721034;;0,08973913043478254;2;5
2017-07-22;5;2017-07-22 05:00:00;28,54;24,96;3,5799999999999983;41261;60;52734;9201;7035;82;7117;9261;-2166;22;-2144;-0,3012505269074048;-0,30788912579957356;0,2682926829268293;0,1254379817799579;2;5
2017-07-22;6;2017-07-22 06:00:00;29,7;27,44;2,259999999999998;41261;921;52734;8080;6625;953;7578;9001;-1455;32;-1423;-0,18778041699656903;-0,21962264150943397;0,033578174186778595;0,07609427609427603;2;5
2017-07-22;7;2017-07-22 07:00:00;30,92;28,41;2,5100000000000016;41261;3073;52734;6350;5941;3451;9392;9423;-409;378;-31;-0,0033006814310051107;-0,06884362901868372;0,10953346855983773;0,08117723156532992;2;5
2017-07-22;8;2017-07-22 08:00:00;34,96;34,68;0,28000000000000114;41261;6135;52734;5132;5318;7122;12440;11267;186;987;1173;0,09429260450160772;0,03497555471981948;0,13858466722830665;0,008009153318077835;2;5
2017-07-22;9;2017-07-22 09:00:00;36,47;36,41;0,060000000000002274;41261;10361;52734;4408;5050;11101;16151;14769;642;740;1382;0,08556745712339793;0,12712871287128713;0,06666066120169355;0,001645187825610153;2;5
2017-07-22;10;2017-07-22 10:00:00;35,69;35,54;0,14999999999999858;41261;14397;52734;4281;4896;14673;19569;18678;615;276;891;0,045531197301854974;0,1256127450980392;0,018810059292578205;0,004202857943401473;2;5
2017-07-22;11;2017-07-22 11:00:00;34,66;35,82;-1,1600000000000037;41261;17566;52734;4226;4905;17541;22446;21792;679;-25;654;0,02913659449345095;0,1384301732925586;-0,0014252323128669973;-0,03346797461050213;2;5
2017-07-22;12;2017-07-22 12:00:00;32,25;34,85;-2,6000000000000014;41261;19150;52734;4502;4992;19247;24239;23652;490;97;587;0,024217170675357894;0,09815705128205128;0,00503974645399283;-0,08062015503875973;2;5
2017-07-22;13;2017-07-22 13:00:00;30,02;30,86;-0,8399999999999999;41261;19547;52734;4882;5102;19518;24620;24429;220;-29;191;0,007757920389926889;0,0431203449627597;-0,001485807972128292;-0,027981345769487003;2;5
2017-07-22;14;2017-07-22 14:00:00;29,48;31,57;-2,09;41261;18844;52734;5666;5132;18803;23935;24510;-534;-41;-575;-0,024023396699394194;-0,10405300077942323;-0,0021805031112056587;-0,0708955223880597;2;5
2017-07-22;15;2017-07-22 15:00:00;29,9;29,92;-0,02000000000000313;41261;16886;52734;6376;5003;17079;22082;23262;-1373;193;-1180;-0,05343718866044742;-0,27443533879672194;0,011300427425493295;-0,0006688963210703388;2;5
2017-07-22;16;2017-07-22 16:00:00;30,55;27,91;2,640000000000001;41261;13818;52734;6419;4931;14424;19355;20237;-1488;606;-882;-0,04556962025316456;-0,30176434800243357;0,04201331114808652;0,08641571194762687;2;5
2017-07-22;17;2017-07-22 17:00:00;33,25;30,86;2,390000000000001;41261;10314;52734;6408;4971;10806;15777;16722;-1437;492;-945;-0,05989731888191671;-0,28907664453832227;0,04553026096612993;0,07187969924812034;2;5
2017-07-22;18;2017-07-22 18:00:00;38,52;35,8;2,720000000000006;41261;6458;52734;6518;5157;6601;11758;12976;-1361;143;-1218;-0,10358904575608097;-0,26391312778747333;0,02166338433570671;0,07061266874351002;2;5
2017-07-22;19;2017-07-22 19:00:00;39,89;36,48;3,410000000000004;41261;2970;52734;6621;5540;2954;8494;9591;-1081;-16;-1097;-0,12914998822698376;-0,19512635379061372;-0,005416384563303994;0,08548508398094772;2;5
2017-07-22;20;2017-07-22 20:00:00;39,0;35,32;3,68;41261;726;52734;6595;5995;802;6797;7321;-600;76;-524;-0,07709283507429748;-0,10008340283569642;0,09476309226932668;0,09435897435897436;2;5
2017-07-22;21;2017-07-22 21:00:00;38,09;35,73;2,3600000000000065;41261;16;52734;6394;6573;35;6608;6410;179;19;198;0,0299636803874092;0,027232618286931385;0,5428571428571428;0,06195851929640342;2;5
2017-07-22;22;2017-07-22 22:00:00;40,0;35,77;4,229999999999997;41261;0;52734;7365;7123;0;7123;7365;-242;0;-242;-0,033974448968131406;-0,033974448968131406;;0,10574999999999993;2;5
2017-07-22;23;2017-07-22 23:00:00;36,67;34,61;2,0600000000000023;41261;0;52734;8401;7400;0;7400;8401;-1001;0;-1001;-0,13527027027027028;-0,13527027027027028;;0,05617671120807205;2;5
2017-07-23;0;2017-07-23 00:00:00;32,99;26,99;6,000000000000004;41261;0;52734;8806;5768;0;5768;8806;-3038;0;-3038;-0,5266990291262136;-0,5266990291262136;;0,18187329493786009;2;6
2017-07-23;1;2017-07-23 01:00:00;28,78;23,49;5,290000000000003;41261;0;52734;8764;6012;0;6012;8764;-2752;0;-2752;-0,4577511643379907;-0,4577511643379907;;0,1838082001389855;2;6
2017-07-23;2;2017-07-23 02:00:00;26,69;20,43;6,2600000000000025;41261;0;52734;8453;6271;0;6271;8453;-2182;0;-2182;-0,3479508850263116;-0,3479508850263116;;0,23454477332334214;2;6
2017-07-23;3;2017-07-23 03:00:00;24,68;16,95;7,73;41261;0;52734;8328;6430;0;6430;8328;-1898;0;-1898;-0,29517884914463455;-0,29517884914463455;;0,3132090761750405;2;6
2017-07-23;4;2017-07-23 04:00:00;23,07;16,78;6,289999999999999;41261;0;52734;8004;6659;0;6659;8004;-1345;0;-1345;-0,2019822796215648;-0,2019822796215648;;0,2726484612050281;2;6
2017-07-23;5;2017-07-23 05:00:00;23,96;17,47;6,490000000000002;41261;42;52734;7790;6675;65;6740;7832;-1115;23;-1092;-0,16201780415430267;-0,16704119850187266;0,35384615384615387;0,27086811352253765;2;6
2017-07-23;6;2017-07-23 06:00:00;23,9;15,23;8,669999999999998;41261;684;52734;7578;6559;857;7416;8262;-1019;173;-846;-0,11407766990291263;-0,1553590486354627;0,20186697782963828;0,36276150627615056;2;6
2017-07-23;7;2017-07-23 07:00:00;25,17;15,12;10,050000000000002;41261;2581;52734;7389;6735;3116;9851;9970;-654;535;-119;-0,012079991878997056;-0,09710467706013363;0,17169448010269575;0,39928486293206206;2;6
2017-07-23;8;2017-07-23 08:00:00;25,78;19,87;5,91;41261;5374;52734;8680;7240;6364;13604;14054;-1440;990;-450;-0,033078506321670094;-0,19889502762430938;0,15556253928346953;0,22924747866563228;2;6
2017-07-23;9;2017-07-23 09:00:00;26,67;18,8;7,870000000000001;41261;8487;52734;10104;7868;9782;17650;18591;-2236;1295;-941;-0,053314447592067986;-0,2841891204880529;0,1323860151298303;0,2950881139857518;2;6
2017-07-23;10;2017-07-23 10:00:00;26,87;16,83;10,040000000000003;41261;11800;52734;12042;8694;12853;21547;23842;-3348;1053;-2295;-0,10651134728732538;-0,38509316770186336;0,08192639850618533;0,37365091179754384;2;6
2017-07-23;11;2017-07-23 11:00:00;27,18;16,37;10,81;41261;14144;52734;13445;9598;15441;25039;27589;-3847;1297;-2550;-0,10184112784056872;-0,40081266930610543;0,08399715044362412;0,3977189109639441;2;6
2017-07-23;12;2017-07-23 12:00:00;27,89;13,91;13,98;41261;15838;52734;14514;10470;17211;27681;30352;-4044;1373;-2671;-0,09649217875076767;-0,3862464183381089;0,07977456277961768;0,5012549300824668;2;6
2017-07-23;13;2017-07-23 13:00:00;26,3;13,47;12,83;41261;16602;52734;15189;11325;17904;29229;31791;-3864;1302;-2562;-0,08765267371446167;-0,34119205298013244;0,07272117962466489;0,4878326996197718;2;6
2017-07-23;14;2017-07-23 14:00:00;22,76;11,34;11,420000000000002;41261;16254;52734;14800;11846;17665;29511;31054;-2954;1411;-1543;-0,052285588424655215;-0,24936687489447915;0,07987545994905179;0,5017574692442882;2;6
2017-07-23;15;2017-07-23 15:00:00;20,34;12,32;8,02;41261;15428;52734;14153;11744;16411;28155;29581;-2409;983;-1426;-0,05064819747824543;-0,20512602179836512;0,05989884833343489;0,3942969518190757;2;6
2017-07-23;16;2017-07-23 16:00:00;23,07;12,76;10,31;41261;13659;52734;12699;11260;13941;25201;26358;-1439;282;-1157;-0,04591087655251776;-0,127797513321492;0,02022810415321713;0,446900736887733;2;6
2017-07-23;17;2017-07-23 17:00:00;27,05;19,11;7,940000000000001;41261;10461;52734;11235;10149;10478;20627;21696;-1086;17;-1069;-0,05182527754884375;-0,10700561631687851;0,0016224470318763123;0,2935304990757856;2;6
2017-07-23;18;2017-07-23 18:00:00;29,62;21,3;8,32;41261;6378;52734;8914;8430;6435;14865;15292;-484;57;-427;-0,02872519340733266;-0,05741399762752076;0,008857808857808859;0,28089128966914245;2;6
2017-07-23;19;2017-07-23 19:00:00;37,05;32,22;4,829999999999998;41261;2928;52734;6180;6670;2895;9565;9108;490;-33;457;0,047778358599059066;0,0734632683658171;-0,011398963730569948;0,1303643724696356;2;6
2017-07-23;20;2017-07-23 20:00:00;38,51;35,61;2,8999999999999986;41261;666;52734;3970;5320;788;6108;4636;1350;122;1472;0,2409954158480681;0,25375939849624063;0,1548223350253807;0,07530511555440142;2;6
2017-07-23;21;2017-07-23 21:00:00;39,42;37,52;1,8999999999999984;41261;13;52734;3086;4651;30;4681;3099;1565;17;1582;0,3379619739371929;0,3364867770371963;0,5666666666666667;0,04819888381532213;2;6
2017-07-23;22;2017-07-23 22:00:00;42,85;45,11;-2,259999999999998;41261;0;52734;3104;4472;0;4472;3104;1368;0;1368;0,30590339892665475;0,30590339892665475;;-0,052742123687281164;2;6
2017-07-23;23;2017-07-23 23:00:00;39,82;38,76;1,0600000000000025;41261;0;52734;2981;4439;0;4439;2981;1458;0;1458;0,3284523541338139;0,3284523541338139;;0,02661978905072834;2;6
2017-07-24;0;2017-07-24 00:00:00;39,65;33,88;5,769999999999996;41264;0;52748;2749;3422;0;3422;2749;673;0;673;0,19666861484511983;0,19666861484511983;;0,14552332912988641;2;0
2017-07-24;1;2017-07-24 01:00:00;35,62;29,82;5,799999999999998;41264;0;52748;2415;3324;0;3324;2415;909;0;909;0,27346570397111913;0,27346570397111913;;0,1628298708590679;2;0
2017-07-24;2;2017-07-24 02:00:00;32,7;28,52;4,180000000000003;41264;0;52748;2120;3228;0;3228;2120;1108;0;1108;0,34324659231722426;0,34324659231722426;;0,1278287461773701;2;0
2017-07-24;3;2017-07-24 03:00:00;31,28;27,81;3,4700000000000024;41264;0;52748;1502;2891;0;2891;1502;1389;0;1389;0,4804565894154272;0,4804565894154272;;0,11093350383631721;2;0
2017-07-24;4;2017-07-24 04:00:00;30,46;27,78;2,68;41264;0;52748;996;2497;0;2497;996;1501;0;1501;0,6011213456147377;0,6011213456147377;;0,08798424162836507;2;0
2017-07-24;5;2017-07-24 05:00:00;33,24;29,01;4,23;41264;47;52748;1097;2186;70;2256;1144;1089;23;1112;0,4929078014184397;0,49817017383348583;0,32857142857142857;0,1272563176895307;2;0
2017-07-24;6;2017-07-24 06:00:00;41,9;37,64;4,259999999999998;41264;765;52748;1203;1987;805;2792;1968;784;40;824;0,29512893982808025;0,3945646703573226;0,049689440993788817;0,10167064439140808;2;0
2017-07-24;7;2017-07-24 07:00:00;44,18;42,94;1,240000000000002;41264;2671;52748;1360;1831;2756;4587;4031;471;85;556;0,12121212121212122;0,2572364827962862;0,030841799709724237;0,028066998641919465;2;0
2017-07-24;8;2017-07-24 08:00:00;44,12;51,61;-7,490000000000002;41264;5109;52748;1406;1756;5408;7164;6515;350;299;649;0,09059184812953658;0,19931662870159453;0,055288461538461536;-0,16976427923844067;2;0
2017-07-24;9;2017-07-24 09:00:00;48,23;53,99;-5,760000000000005;41264;7363;52748;1664;1873;7999;9872;9027;209;636;845;0,08559562398703403;0,11158569140416444;0,07950993874234279;-0,11942774206925162;2;0
2017-07-24;10;2017-07-24 10:00:00;48,45;54,45;-6,0;41264;9271;52748;1909;2162;9871;12033;11180;253;600;853;0,070888390260118;0,11702127659574468;0,06078411508459123;-0,12383900928792568;2;0
2017-07-24;11;2017-07-24 11:00:00;47,77;53,52;-5,75;41264;10358;52748;2256;2418;10958;13376;12614;162;600;762;0,0569677033492823;0,06699751861042183;0,05475451724767293;-0,12036843207033703;2;0
2017-07-24;12;2017-07-24 12:00:00;46,47;49,33;-2,8599999999999994;41264;10652;52748;2874;2570;11405;13975;13526;-304;753;449;0,032128801431127015;-0,11828793774319066;0,06602367382726874;-0,06154508284914998;2;0
2017-07-24;13;2017-07-24 13:00:00;44,91;45,51;-0,6000000000000014;41264;10204;52748;3544;2673;11197;13870;13748;-871;993;122;0,008795962509012257;-0,3258511036288814;0,08868446905421094;-0,013360053440213793;2;0
2017-07-24;14;2017-07-24 14:00:00;42,29;42,92;-0,6300000000000026;41264;9948;52748;3959;2742;10524;13266;13907;-1217;576;-641;-0,04831901100557817;-0,44383661560904447;0,05473204104903079;-0,014897138803499707;2;0
2017-07-24;15;2017-07-24 15:00:00;40,94;39,3;1,6400000000000006;41264;8988;52748;4198;2956;9321;12277;13186;-1242;333;-909;-0,0740408894681111;-0,42016238159675234;0,035725780495654974;0,04005862237420617;2;0
2017-07-24;16;2017-07-24 16:00:00;39,2;37,05;2,1500000000000057;41264;7737;52748;4285;3286;7583;10869;12022;-999;-154;-1153;-0,10608151623884442;-0,30401704199634816;-0,020308584992746934;0,05484693877551035;2;0
2017-07-24;17;2017-07-24 17:00:00;39,7;36,34;3,3599999999999994;41264;6118;52748;4468;3686;5577;9263;10586;-782;-541;-1323;-0,14282629817553708;-0,21215409658166035;-0,09700555854402008;0,08463476070528965;2;0
2017-07-24;18;2017-07-24 18:00:00;38,18;37,43;0,75;41264;4062;52748;4730;4123;3487;7610;8792;-607;-575;-1182;-0,15532194480946124;-0,1472228959495513;-0,16489819328936048;0,01964379256155055;2;0
2017-07-24;19;2017-07-24 19:00:00;38,66;37,0;1,6599999999999966;41264;1908;52748;4982;4490;1636;6126;6890;-492;-272;-764;-0,1247143323539014;-0,10957683741648107;-0,16625916870415647;0,04293843766166572;2;0
2017-07-24;20;2017-07-24 20:00:00;36,43;36,09;0,3399999999999963;41264;481;52748;5202;4813;442;5255;5683;-389;-39;-428;-0,08144624167459562;-0,08082277166008726;-0,08823529411764706;0,009332967334614228;2;0
2017-07-24;21;2017-07-24 21:00:00;34,73;35,87;-1,1400000000000006;41264;12;52748;5776;5068;15;5083;5788;-708;3;-705;-0,13869761951603385;-0,13970007892659828;0,2;-0,03282464727900952;2;0
2017-07-24;22;2017-07-24 22:00:00;34,59;35,28;-0,6899999999999977;41264;0;52748;6124;5246;0;5246;6124;-878;0;-878;-0,16736561189477697;-0,16736561189477697;;-0,01994796183868163;2;0
2017-07-24;23;2017-07-24 23:00:00;30,39;28,8;1,59;41264;0;52748;6377;5337;0;5337;6377;-1040;0;-1040;-0,1948660296046468;-0,1948660296046468;;0,05231984205330701;2;0
2017-07-25;0;2017-07-25 00:00:00;31,01;28,98;2,0300000000000007;41269;0;52773;6687;5697;0;5697;6687;-990;0;-990;-0,17377567140600317;-0,17377567140600317;;0,06546275395033863;2;1
2017-07-25;1;2017-07-25 01:00:00;28,96;25,05;3,91;41269;0;52773;7101;5814;0;5814;7101;-1287;0;-1287;-0,22136222910216719;-0,22136222910216719;;0,13501381215469613;2;1
2017-07-25;2;2017-07-25 02:00:00;27,09;23,64;3,4499999999999997;41269;0;52773;7436;6102;0;6102;7436;-1334;0;-1334;-0,21861684693543101;-0,21861684693543101;;0,1273532668881506;2;1
2017-07-25;3;2017-07-25 03:00:00;27,47;22,61;4,8599999999999985;41269;0;52773;7808;6357;0;6357;7808;-1451;0;-1451;-0,22825232027686015;-0,22825232027686015;;0,17692027666545318;2;1
2017-07-25;4;2017-07-25 04:00:00;26,04;22,26;3,7799999999999976;41269;0;52773;8171;6682;0;6682;8171;-1489;0;-1489;-0,22283747381023647;-0,22283747381023647;;0,14516129032258054;2;1
2017-07-25;5;2017-07-25 05:00:00;26,21;24,6;1,6099999999999994;41269;15;52773;8733;7082;29;7111;8748;-1651;14;-1637;-0,23020672198003095;-0,23312623552668738;0,4827586206896552;0,061426936283861096;2;1
2017-07-25;6;2017-07-25 06:00:00;31,63;28,74;2,890000000000001;41269;374;52773;9335;7452;448;7900;9709;-1883;74;-1809;-0,2289873417721519;-0,2526838432635534;0,16517857142857142;0,0913689535251344;2;1
2017-07-25;7;2017-07-25 07:00:00;37,96;34,03;3,93;41269;1414;52773;9948;7750;1731;9481;11362;-2198;317;-1881;-0,19839679358717435;-0,28361290322580646;0,18313113807047948;0,10353003161222339;2;1
2017-07-25;8;2017-07-25 08:00:00;39,48;35,1;4,379999999999996;41269;2856;52773;10246;8067;3543;11610;13102;-2179;687;-1492;-0,1285099052540913;-0,27011280525598114;0,1939034716342083;0,1109422492401215;2;1
2017-07-25;9;2017-07-25 09:00:00;40,06;35,93;4,130000000000003;41269;4663;52773;10157;8354;5456;13810;14820;-1803;793;-1010;-0,07313540912382331;-0,21582475460857076;0,14534457478005866;0,10309535696455323;2;1
2017-07-25;10;2017-07-25 10:00:00;40,37;36,83;3,5399999999999987;41269;6290;52773;10455;8628;7123;15751;16745;-1827;833;-994;-0,06310710431083741;-0,21175243393602225;0,11694510739856802;0,08768887787961355;2;1
2017-07-25;11;2017-07-25 11:00:00;40,8;37,96;2,8399999999999963;41269;8207;52773;10632;8817;8346;17163;18839;-1815;139;-1676;-0,09765192565402318;-0,2058523307247363;0,016654684878983944;0,06960784313725482;2;1
2017-07-25;12;2017-07-25 12:00:00;39,75;34,69;5,060000000000001;41269;9192;52773;11589;8961;9091;18052;20781;-2628;-101;-2729;-0,15117438510968315;-0,2932708403080013;-0,01110988890111099;0,12729559748427677;2;1
2017-07-25;13;2017-07-25 13:00:00;38,94;31,7;7,2399999999999975;41269;9202;52773;12550;9017;9077;18094;21752;-3533;-125;-3658;-0,20216646402122251;-0,3918154596872574;-0,013771069736697146;0,18592706728299943;2;1
2017-07-25;14;2017-07-25 14:00:00;36,98;30,18;6,799999999999998;41269;8444;52773;12888;9203;8575;17778;21332;-3685;131;-3554;-0,19991000112498594;-0,4004129088340758;0,015276967930029155;0,18388318009734989;2;1
2017-07-25;15;2017-07-25 15:00:00;36,43;29,77;6,66;41269;7212;52773;14009;9388;7661;17049;21221;-4621;449;-4172;-0,2447064343949792;-0,4922241158926289;0,05860853674455032;0,1828163601427395;2;1
2017-07-25;16;2017-07-25 16:00:00;34,97;29,61;5,3599999999999985;41269;6004;52773;14390;9656;6128;15784;20394;-4734;124;-4610;-0,292067916877851;-0,4902651201325601;0,020234986945169713;0,15327423505862164;2;1
2017-07-25;17;2017-07-25 17:00:00;34,99;28,8;6,190000000000001;41269;4333;52773;15074;9763;4409;14172;19407;-5311;76;-5235;-0,36939034716342084;-0,5439926252176585;0,017237468813789975;0,1769076879108317;2;1
2017-07-25;18;2017-07-25 18:00:00;36,95;29,15;7,800000000000003;41269;2562;52773;15243;9617;2690;12307;17805;-5626;128;-5498;-0,4467376289916308;-0,5850057190392014;0,04758364312267658;0,21109607577807857;2;1
2017-07-25;19;2017-07-25 19:00:00;35,4;31,04;4,3599999999999985;41269;1070;52773;15251;9450;1183;10633;16321;-5801;113;-5688;-0,5349383993228628;-0,6138624338624339;0,09551986475063398;0,12316384180790957;2;1
2017-07-25;20;2017-07-25 20:00:00;33,78;28,96;4,82;41269;201;52773;15102;9415;283;9698;15303;-5687;82;-5605;-0,577954217364405;-0,6040361125862984;0,28975265017667845;0,14268798105387803;2;1
2017-07-25;21;2017-07-25 21:00:00;32,96;26,58;6,380000000000003;41269;2;52773;14755;9502;9;9511;14757;-5253;7;-5246;-0,5515718641572915;-0,5528309829509577;0,7777777777777778;0,19356796116504862;2;1
2017-07-25;22;2017-07-25 22:00:00;32,21;26,99;5,2200000000000015;41269;0;52773;14387;9676;0;9676;14387;-4711;0;-4711;-0,4868747416287722;-0,4868747416287722;;0,16206147159267312;2;1
2017-07-25;23;2017-07-25 23:00:00;29,01;25,44;3,5700000000000003;41269;0;52773;14117;9810;0;9810;14117;-4307;0;-4307;-0,43904179408766564;-0,43904179408766564;;0,12306101344364012;2;1
2017-07-26;0;2017-07-26 00:00:00;25,74;28,41;-2,6700000000000017;41275;0;52814;13836;14306;0;14306;13836;470;0;470;0,0328533482454914;0,0328533482454914;;-0,1037296037296038;2;2
2017-07-26;1;2017-07-26 01:00:00;25,24;28,37;-3,1300000000000026;41275;0;52814;13508;14494;0;14494;13508;986;0;986;0,0680281495791362;0,0680281495791362;;-0,12400950871632341;2;2
2017-07-26;2;2017-07-26 02:00:00;22,64;26,72;-4,079999999999998;41275;0;52814;13307;14682;0;14682;13307;1375;0;1375;0,09365209099577715;0,09365209099577715;;-0,18021201413427554;2;2
2017-07-26;3;2017-07-26 03:00:00;21,12;27,42;-6,300000000000002;41275;0;52814;13295;14582;0;14582;13295;1287;0;1287;0,08825949801124675;0,08825949801124675;;-0,2982954545454546;2;2
2017-07-26;4;2017-07-26 04:00:00;21,23;28,28;-7,050000000000002;41275;0;52814;12940;14440;0;14440;12940;1500;0;1500;0,1038781163434903;0,1038781163434903;;-0,33207724917569487;2;2
2017-07-26;5;2017-07-26 05:00:00;26,16;29,85;-3,690000000000001;41275;11;52814;12713;14168;20;14188;12724;1455;9;1464;0,10318579080913448;0,10269621682665162;0,45;-0,14105504587155968;2;2
2017-07-26;6;2017-07-26 06:00:00;29,08;33,52;-4,440000000000005;41275;260;52814;13109;13705;284;13989;13369;596;24;620;0,04432053756522982;0,04348777818314484;0,08450704225352113;-0,15268225584594242;2;2
2017-07-26;7;2017-07-26 07:00:00;34,49;39,55;-5,059999999999995;41275;1178;52814;13048;13173;1118;14291;14226;125;-60;65;0,004548317122664614;0,009489106505731421;-0,05366726296958855;-0,14670919106987518;2;2
2017-07-26;8;2017-07-26 08:00:00;37,78;41,89;-4,1099999999999985;41275;2708;52814;12152;12688;2619;15307;14860;536;-89;447;0,029202325733324624;0,04224464060529634;-0,033982436044291714;-0,10878771836950764;2;2
2017-07-26;9;2017-07-26 09:00:00;37,92;42,02;-4,100000000000001;41275;4631;52814;11452;12375;4593;16968;16083;923;-38;885;0,052157001414427154;0,07458585858585859;-0,008273459612453734;-0,10812236286919834;2;2
2017-07-26;10;2017-07-26 10:00:00;37,96;42,36;-4,399999999999999;41275;6624;52814;11073;12106;6451;18557;17697;1033;-173;860;0,04634369779597995;0,08532958863373534;-0,026817547667028367;-0,11591148577449943;2;2
2017-07-26;11;2017-07-26 11:00:00;38,08;42,05;-3,969999999999999;41275;8051;52814;11074;11770;8087;19857;19125;696;36;732;0,03686357455809035;0,05913338997451147;0,0044515889699517745;-0,10425420168067225;2;2
2017-07-26;12;2017-07-26 12:00:00;37,96;40,42;-2,460000000000001;41275;9063;52814;11179;11464;9044;20508;20242;285;-19;266;0,012970548078798518;0,024860432658757852;-0,0021008403361344537;-0,06480505795574291;2;2
2017-07-26;13;2017-07-26 13:00:00;37,73;38,69;-0,9600000000000009;41275;9541;52814;11366;11087;9340;20427;20907;-279;-201;-480;-0,02349831105889264;-0,025164607197618833;-0,0215203426124197;-0,025443943811290774;2;2
2017-07-26;14;2017-07-26 14:00:00;36,08;38,68;-2,6000000000000014;41275;9554;52814;11111;10748;9295;20043;20665;-363;-259;-622;-0,03103327845132964;-0,03377372534425009;-0,027864443249058634;-0,07206208425720625;2;2
2017-07-26;15;2017-07-26 15:00:00;35,23;37,42;-2,190000000000005;41275;9152;52814;10584;10366;8673;19039;19736;-218;-479;-697;-0,036609065602184986;-0,021030291337063477;-0,05522887120950075;-0,06216292932160105;2;2
2017-07-26;16;2017-07-26 16:00:00;34,38;36,32;-1,9399999999999975;41275;8372;52814;10200;9932;7455;17387;18572;-268;-917;-1185;-0,06815436820613102;-0,02698348771647201;-0,12300469483568074;-0,05642815590459562;2;2
2017-07-26;17;2017-07-26 17:00:00;35,27;35,54;-0,269999999999996;41275;6756;52814;9549;9334;5856;15190;16305;-215;-900;-1115;-0,07340355497037525;-0,02303406899507178;-0,15368852459016394;-0,007655231074567508;2;2
2017-07-26;18;2017-07-26 18:00:00;36,39;35,78;0,6099999999999994;41275;4452;52814;8231;8505;3839;12344;12683;274;-613;-339;-0,027462734931950745;0,03221634332745444;-0,1596769992185465;0,016762846935971406;2;2
2017-07-26;19;2017-07-26 19:00:00;37,94;38,08;-0,14000000000000054;41275;2134;52814;6838;7676;1773;9449;8972;838;-361;477;0,05048153243729495;0,10917144346013549;-0,20360970107163;-0,0036900369003690183;2;2
2017-07-26;20;2017-07-26 20:00:00;36,93;37,41;-0,4799999999999969;41275;530;52814;5974;7103;492;7595;6504;1129;-38;1091;0,14364713627386438;0,1589469238349993;-0,07723577235772358;-0,012997562956945489;2;2
2017-07-26;21;2017-07-26 21:00:00;35,93;38,47;-2,539999999999999;41275;16;52814;6299;6938;20;6958;6315;639;4;643;0,09241161253233687;0,09210147016431249;0,2;-0,0706930141942666;2;2
2017-07-26;22;2017-07-26 22:00:00;35,75;37,38;-1,6300000000000026;41275;0;52814;6715;7026;0;7026;6715;311;0;311;0,04426416168516937;0,04426416168516937;;-0,04559440559440567;2;2
2017-07-26;23;2017-07-26 23:00:00;30,07;33,8;-3,729999999999997;41275;0;52814;7865;7204;0;7204;7865;-661;0;-661;-0,09175458078845086;-0,09175458078845086;;-0,12404389757233113;2;2
2017-07-27;0;2017-07-27 00:00:00;28,75;29,25;-0,5;41286;0;52876;8892;7456;0;7456;8892;-1436;0;-1436;-0,19259656652360516;-0,19259656652360516;;-0,017391304347826087;2;3
2017-07-27;1;2017-07-27 01:00:00;26,7;26,47;0,23000000000000045;41286;0;52876;9727;8320;0;8320;9727;-1407;0;-1407;-0,16911057692307693;-0,16911057692307693;;0,008614232209737845;2;3
2017-07-27;2;2017-07-27 02:00:00;24,85;24,07;0,7800000000000011;41286;0;52876;10047;9058;0;9058;10047;-989;0;-989;-0,10918525060719805;-0,10918525060719805;;0,03138832997987932;2;3
2017-07-27;3;2017-07-27 03:00:00;23,69;23,93;-0,23999999999999844;41286;0;52876;10335;9375;0;9375;10335;-960;0;-960;-0,1024;-0,1024;;-0,010130856901646198;2;3
2017-07-27;4;2017-07-27 04:00:00;24,48;21,62;2,8599999999999994;41286;0;52876;10340;9384;0;9384;10340;-956;0;-956;-0,10187553282182438;-0,10187553282182438;;0,1168300653594771;2;3
2017-07-27;5;2017-07-27 05:00:00;27,02;22,66;4,3599999999999985;41286;28;52876;10228;9055;46;9101;10256;-1173;18;-1155;-0,12690913086474015;-0,12954168967421315;0,391304347826087;0,16136195410806806;2;3
2017-07-27;6;2017-07-27 06:00:00;29,19;28,19;1,0;41286;726;52876;9420;8493;647;9140;10146;-927;-79;-1006;-0,1100656455142232;-0,10914871070293182;-0,12210200927357033;0,0342583076396026;2;3
2017-07-27;7;2017-07-27 07:00:00;35,31;35,36;-0,049999999999997165;41286;2780;52876;7868;7883;2297;10180;10648;15;-483;-468;-0,045972495088408644;0,001902828872256755;-0,21027427078798433;-0,0014160294534125506;2;3
2017-07-27;8;2017-07-27 08:00:00;37,91;36,63;1,2799999999999943;41286;5550;52876;6968;7388;4607;11995;12518;420;-943;-523;-0,043601500625260525;0,0568489442338928;-0,20468851747341002;0,03376417831706659;2;3
2017-07-27;9;2017-07-27 09:00:00;37,89;36,07;1,8200000000000005;41286;7716;52876;7208;7260;7056;14316;14924;52;-660;-608;-0,04246996367700475;0,007162534435261708;-0,0935374149659864;0,04803378200052786;2;3
2017-07-27;10;2017-07-27 10:00:00;38,05;37,01;1,0399999999999991;41286;9370;52876;7491;8048;9046;17094;16861;557;-324;233;0,013630513630513631;0,06920974155069583;-0,035816935662171125;0,027332457293035458;2;3
2017-07-27;11;2017-07-27 11:00:00;38,48;38,33;0,14999999999999858;41286;10406;52876;8046;8689;10552;19241;18452;643;146;789;0,04100618470973442;0,07400161123259294;0,013836239575435937;0,0038981288981288615;2;3
2017-07-27;12;2017-07-27 12:00:00;38,5;39,49;-0,9900000000000021;41286;11016;52876;8251;9044;11348;20392;19267;793;332;1125;0,055168693605335425;0,08768244139761168;0,029256256609094113;-0,02571428571428577;2;3
2017-07-27;13;2017-07-27 13:00:00;38,03;39,63;-1,6000000000000014;41286;11490;52876;8514;9311;11325;20636;20004;797;-165;632;0,030626090327582865;0,08559768016324777;-0,01456953642384106;-0,04207204838285568;2;3
2017-07-27;14;2017-07-27 14:00:00;36,0;37,86;-1,8599999999999997;41286;11355;52876;8519;9442;10931;20373;19874;923;-424;499;0,024493201786678447;0,09775471298453717;-0,03878876589516055;-0,05166666666666666;2;3
2017-07-27;15;2017-07-27 15:00:00;34,52;36,27;-1,75;41286;10646;52876;8172;9239;10001;19240;18818;1067;-645;422;0,021933471933471935;0,11548868925208355;-0,0644935506449355;-0,050695249130938584;2;3
2017-07-27;16;2017-07-27 16:00:00;35,29;35,51;-0,21999999999999886;41286;9386;52876;7449;8907;8363;17270;16835;1458;-1023;435;0,025188187608569775;0,16369147861232738;-0,12232452469209613;-0,006234060640408015;2;3
2017-07-27;17;2017-07-27 17:00:00;35,74;37,3;-1,5599999999999952;41286;7239;52876;6283;8518;6246;14764;13522;2235;-993;1242;0,08412354375507992;0,26238553651091806;-0,15898174831892412;-0,04364857302742012;2;3
2017-07-27;18;2017-07-27 18:00:00;37,32;38,82;-1,5;41286;4638;52876;5438;7797;3954;11751;10076;2359;-684;1675;0,14254106033529063;0,3025522636911633;-0,17298937784522003;-0,04019292604501608;2;3
2017-07-27;19;2017-07-27 19:00:00;38,98;38,63;0,3499999999999943;41286;2000;52876;4669;6653;1848;8501;6669;1984;-152;1832;0,21550405834607694;0,29821133323312793;-0,08225108225108226;0,008978963571061939;2;3
2017-07-27;20;2017-07-27 20:00:00;38,06;37,63;0,4299999999999997;41286;389;52876;4089;5769;467;6236;4478;1680;78;1758;0,28191148171905067;0,2912116484659386;0,1670235546038544;0,011297950604308977;2;3
2017-07-27;21;2017-07-27 21:00:00;36,87;38,52;-1,6500000000000057;41286;7;52876;4516;5564;14;5578;4523;1048;7;1055;0,18913589100035855;0,18835370237239396;0,5;-0,044751830756712935;2;3
2017-07-27;22;2017-07-27 22:00:00;36,55;37,13;-0,5800000000000054;41286;0;52876;4794;5853;0;5853;4794;1059;0;1059;0,18093285494618144;0,18093285494618144;;-0,015868673050615744;2;3
2017-07-27;23;2017-07-27 23:00:00;31,62;35,12;-3,4999999999999964;41286;0;52876;5378;6165;0;6165;5378;787;0;787;0,12765612327656123;0,12765612327656123;;-0,11068943706514853;2;3
2017-07-28;0;2017-07-28 00:00:00;33,86;33,31;0,5499999999999972;41299;0;52957;5895;6316;0;6316;5895;421;0;421;0,06665611146295124;0,06665611146295124;;0,016243354991139904;2;4
2017-07-28;1;2017-07-28 01:00:00;29,04;27,93;1,1099999999999994;41299;0;52957;6132;6595;0;6595;6132;463;0;463;0,07020470053070509;0,07020470053070509;;0,03822314049586775;2;4
2017-07-28;2;2017-07-28 02:00:00;28,1;26,7;1,400000000000002;41299;0;52957;6426;6987;0;6987;6426;561;0;561;0,08029197080291971;0,08029197080291971;;0,04982206405693957;2;4
2017-07-28;3;2017-07-28 03:00:00;26,8;27,03;-0,23000000000000045;41299;0;52957;7124;7265;0;7265;7124;141;0;141;0,019408121128699243;0,019408121128699243;;-0,008582089552238823;2;4
2017-07-28;4;2017-07-28 04:00:00;26,46;25,86;0,6000000000000014;41299;0;52957;7706;7478;0;7478;7706;-228;0;-228;-0,030489435677988768;-0,030489435677988768;;0,0226757369614513;2;4
2017-07-28;5;2017-07-28 05:00:00;27,48;25,77;1,7100000000000009;41299;32;52957;8238;7618;45;7663;8270;-620;13;-607;-0,07921179694636565;-0,08138619060120766;0,28888888888888886;0,06222707423580789;2;4
2017-07-28;6;2017-07-28 06:00:00;32,13;32,63;-0,5;41299;847;52957;8770;7857;778;8635;9617;-913;-69;-982;-0,11372321945570353;-0,11620211276568665;-0,08868894601542417;-0,015561780267662619;2;4
2017-07-28;7;2017-07-28 07:00:00;38,0;35,62;2,3800000000000026;41299;3626;52957;7666;8147;3102;11249;11292;481;-524;-43;-0,003822562005511601;0,05904013747391678;-0,16892327530625403;0,06263157894736848;2;4
2017-07-28;8;2017-07-28 08:00:00;38,8;37,5;1,2999999999999972;41299;7730;52957;7787;8873;6718;15591;15517;1086;-1012;74;0,004746328009749215;0,12239377887974755;-0,15064007144983627;0,03350515463917519;2;4
2017-07-28;9;2017-07-28 09:00:00;37,05;37,83;-0,7800000000000011;41299;12081;52957;9678;10567;10751;21318;21759;889;-1330;-441;-0,020686743596960315;0,08412983817545187;-0,12370942237931355;-0,0210526315789474;2;4
2017-07-28;10;2017-07-28 10:00:00;35,5;35,28;0,21999999999999886;41299;15664;52957;12199;12741;14244;26985;27863;542;-1420;-878;-0,03253659440429869;0,04253983203830155;-0,09969109800617804;0,006197183098591517;2;4
2017-07-28;11;2017-07-28 11:00:00;31,0;31,57;-0,5700000000000003;41299;17680;52957;15526;14724;16746;31470;33206;-802;-934;-1736;-0,055163647918652685;-0,05446889432219505;-0,05577451331661292;-0,01838709677419356;2;4
2017-07-28;12;2017-07-28 12:00:00;27,51;29,62;-2,1099999999999994;41299;17918;52957;18518;16239;18104;34343;36436;-2279;186;-2093;-0,060944006056547186;-0,14034115401194655;0,010273972602739725;-0,07669938204289346;2;4
2017-07-28;13;2017-07-28 13:00:00;25,17;25,76;-0,5899999999999999;41299;17336;52957;19652;17298;18322;35620;36988;-2354;986;-1368;-0,038405390230207746;-0,13608509654295295;0,053815085689335226;-0,02344060389352403;2;4
2017-07-28;14;2017-07-28 14:00:00;23,69;21,77;1,9200000000000017;41299;16858;52957;19869;17927;17578;35505;36727;-1942;720;-1222;-0,03441768764962681;-0,10832822000334691;0,04096029127318239;0,08104685521317018;2;4
2017-07-28;15;2017-07-28 15:00:00;24,34;21,4;2,9400000000000013;41299;15937;52957;19443;18065;15762;33827;35380;-1378;-175;-1553;-0,04591007183610725;-0,07628009964018821;-0,011102651947722371;0,12078882497945774;2;4
2017-07-28;16;2017-07-28 16:00:00;26,31;22,58;3,73;41299;13968;52957;18874;17698;13249;30947;32842;-1176;-719;-1895;-0,06123372217016189;-0,06644818623573286;-0,054268246660125294;0,14177118966172558;2;4
2017-07-28;17;2017-07-28 17:00:00;28,87;23,22;5,650000000000002;41299;10594;52957;17543;16457;9951;26408;28137;-1086;-643;-1729;-0,06547258406543471;-0,06599015616455003;-0,0646166214450809;0,195704883962591;2;4
2017-07-28;18;2017-07-28 18:00:00;34,15;28,33;5,82;41299;6542;52957;14870;14362;5934;20296;21412;-508;-608;-1116;-0,05498620417816318;-0,03537111822865896;-0,10246039770812268;0,1704245973645681;2;4
2017-07-28;19;2017-07-28 19:00:00;36,96;34,25;2,7100000000000013;41299;2754;52957;11969;12168;2487;14655;14723;199;-267;-68;-0,004640054588877516;0,016354372123602894;-0,10735826296743065;0,07332251082251086;2;4
2017-07-28;20;2017-07-28 20:00:00;36,94;34,89;2,0499999999999967;41299;526;52957;9278;10598;583;11181;9804;1320;57;1377;0,12315535283069493;0,12455180222683525;0,09777015437392796;0,055495397942609555;2;4
2017-07-28;21;2017-07-28 21:00:00;36,3;35,09;1,2099999999999935;41299;4;52957;8495;9862;14;9876;8499;1367;10;1377;0,13942891859052248;0,13861285743256946;0,7142857142857143;0,03333333333333316;2;4
2017-07-28;22;2017-07-28 22:00:00;35,95;35,57;0,38000000000000256;41299;0;52957;8289;9730;0;9730;8289;1441;0;1441;0,14809866392600204;0,14809866392600204;;0,010570236439499375;2;4
2017-07-28;23;2017-07-28 23:00:00;32,24;34,23;-1,9899999999999949;41299;0;52957;9070;9931;0;9931;9070;861;0;861;0,0866982177021448;0,0866982177021448;;-0,06172456575682366;2;4
2017-07-29;0;2017-07-29 00:00:00;27,77;27,94;-0,1700000000000017;41303;0;52970;9737;10367;0;10367;9737;630;0;630;0,06076975016880486;0,06076975016880486;;-0,006121714079942445;2;5
2017-07-29;1;2017-07-29 01:00:00;23,35;18,3;5,050000000000002;41303;0;52970;10584;11073;0;11073;10584;489;0;489;0,04416147385532376;0,04416147385532376;;0,21627408993576022;2;5
2017-07-29;2;2017-07-29 02:00:00;18,99;15,71;3,2799999999999976;41303;0;52970;11908;11877;0;11877;11908;-31;0;-31;-0,002610086722236255;-0,002610086722236255;;0,17272248551869393;2;5
2017-07-29;3;2017-07-29 03:00:00;14,17;9,98;4,19;41303;0;52970;12720;12641;0;12641;12720;-79;0;-79;-0,00624950557709042;-0,00624950557709042;;0,2956951305575159;2;5
2017-07-29;4;2017-07-29 04:00:00;10,04;9,04;1,0;41303;0;52970;13263;13422;0;13422;13263;159;0;159;0,011846222619579794;0,011846222619579794;;0,09960159362549802;2;5
2017-07-29;5;2017-07-29 05:00:00;11,89;10,12;1,7700000000000014;41303;23;52970;14114;14283;41;14324;14137;169;18;187;0,013055012566322256;0,011832248127144158;0,43902439024390244;0,14886459209419692;2;5
2017-07-29;6;2017-07-29 06:00:00;14,41;11,05;3,3599999999999994;41303;690;52970;15690;15135;783;15918;16380;-555;93;-462;-0,029023746701846966;-0,036669970267591674;0,11877394636015326;0,23317140874392778;2;5
2017-07-29;7;2017-07-29 07:00:00;17,11;11,28;5,83;41303;3166;52970;16750;15953;3305;19258;19916;-797;139;-658;-0,034167618651988786;-0,04995925531248041;0,04205748865355522;0,3407364114552893;2;5
2017-07-29;8;2017-07-29 08:00:00;19,78;12,78;7,000000000000003;41303;7312;52970;17080;16697;7294;23991;24392;-383;-18;-401;-0,016714601308824142;-0,022938252380667185;-0,0024677817384151355;0,3538928210313449;2;5
2017-07-29;9;2017-07-29 09:00:00;18,05;14,88;3,17;41303;11930;52970;18080;17376;11611;28987;30010;-704;-319;-1023;-0,03529168247835236;-0,040515653775322284;-0,027473947119111188;0,17562326869806094;2;5
2017-07-29;10;2017-07-29 10:00:00;9,93;15,06;-5,130000000000001;41303;15639;52970;19724;18369;15218;33587;35363;-1355;-421;-1776;-0,0528776014529431;-0,07376558331972345;-0,02766460770140623;-0,5166163141993959;2;5
2017-07-29;11;2017-07-29 11:00:00;15,78;5,95;9,829999999999998;41303;17654;52970;20280;19239;17677;36916;37934;-1041;23;-1018;-0,02757611875609492;-0,05410884141587401;0,0013011257566329128;0,6229404309252217;2;5
2017-07-29;12;2017-07-29 12:00:00;10,17;5,36;4,81;41303;18969;52970;19795;19668;18792;38460;38764;-127;-177;-304;-0,007904316172646905;-0,006457189343095383;-0,009418901660280971;0,47295968534906585;2;5
2017-07-29;13;2017-07-29 13:00:00;9,92;2,21;7,71;41303;19650;52970;18932;19531;18649;38180;38582;599;-1001;-402;-0,010529072812991095;0,03066919256566484;-0,05367580031100863;0,7772177419354839;2;5
2017-07-29;14;2017-07-29 14:00:00;9,27;6,15;3,1199999999999988;41303;19563;52970;17116;18604;17536;36140;36679;1488;-2027;-539;-0,014914222468179302;0,07998279939797893;-0,11559078467153285;0,3365695792880258;2;5
2017-07-29;15;2017-07-29 15:00:00;14,05;4,41;9,64;41303;17666;52970;14272;16848;15597;32445;31938;2576;-2069;507;0,015626444752658345;0,15289648622981955;-0,13265371545810092;0,6861209964412811;2;5
2017-07-29;16;2017-07-29 16:00:00;19,26;12,02;7,240000000000002;41303;14752;52970;11396;14481;13031;27512;26148;3085;-1721;1364;0,04957836580401279;0,2130377736344175;-0,1320696799938608;0,3759086188992732;2;5
2017-07-29;17;2017-07-29 17:00:00;25,47;25,06;0,41000000000000014;41303;11184;52970;8885;11948;9650;21598;20069;3063;-1534;1529;0,07079359199925919;0,25636089722129224;-0,1589637305699482;0,01609736945425992;2;5
2017-07-29;18;2017-07-29 18:00:00;30,13;30,56;-0,4299999999999997;41303;6800;52970;6653;9457;5787;15244;13453;2804;-1013;1791;0,11748884807137235;0,2964999471291107;-0,17504752030412996;-0,014271490209093917;2;5
2017-07-29;19;2017-07-29 19:00:00;34,45;31,19;3,2600000000000016;41303;2858;52970;4456;7192;2482;9674;7314;2736;-376;2360;0,2439528633450486;0,3804226918798665;-0,1514907332796132;0,09462989840348335;2;5
2017-07-29;20;2017-07-29 20:00:00;35,43;32,8;2,6300000000000026;41303;532;52970;3031;5607;583;6190;3563;2576;51;2627;0,42439418416801294;0,45942571785268416;0,08747855917667238;0,07423087778718607;2;5
2017-07-29;21;2017-07-29 21:00:00;35,65;33,18;2,4699999999999993;41303;2;52970;3154;4787;12;4799;3156;1633;10;1643;0,34236299229006045;0,3411322331313975;0,8333333333333334;0,06928471248246842;2;5
2017-07-29;22;2017-07-29 22:00:00;34,76;31,74;3,02;41303;0;52970;4312;4481;0;4481;4312;169;0;169;0,03771479580450792;0,03771479580450792;;0,08688147295742232;2;5
2017-07-29;23;2017-07-29 23:00:00;30,6;27,41;3,1900000000000013;41303;0;52970;5782;4685;0;4685;5782;-1097;0;-1097;-0,23415154749199574;-0,23415154749199574;;0,10424836601307193;2;5
2017-07-30;0;2017-07-30 00:00:00;26,92;19,57;7,350000000000001;41304;0;52985;7402;5694;0;5694;7402;-1708;0;-1708;-0,29996487530734106;-0,29996487530734106;;0,27303120356612187;2;6
2017-07-30;1;2017-07-30 01:00:00;21,16;9,58;11,58;41304;0;52985;8828;6994;0;6994;8828;-1834;0;-1834;-0,26222476408350015;-0,26222476408350015;;0,5472589792060492;2;6
2017-07-30;2;2017-07-30 02:00:00;16,22;7,49;8,729999999999999;41304;0;52985;10003;8545;0;8545;10003;-1458;0;-1458;-0,17062609713282623;-0,17062609713282623;;0,5382244143033291;2;6
2017-07-30;3;2017-07-30 03:00:00;12,79;8,65;4,139999999999999;41304;0;52985;10523;10118;0;10118;10523;-405;0;-405;-0,04002767345325163;-0,04002767345325163;;0,32369038311180603;2;6
2017-07-30;4;2017-07-30 04:00:00;10,73;9,43;1,3000000000000007;41304;0;52985;10438;11802;0;11802;10438;1364;0;1364;0,11557363158786646;0,11557363158786646;;0,12115563839701776;2;6
2017-07-30;5;2017-07-30 05:00:00;10,03;11,77;-1,7400000000000002;41304;26;52985;11907;13298;42;13340;11933;1391;16;1407;0,10547226386806596;0,10460219581892014;0,38095238095238093;-0,17347956131605188;2;6
2017-07-30;6;2017-07-30 06:00:00;8,44;6,6;1,84;41304;897;52985;13524;14435;883;15318;14421;911;-14;897;0,05855855855855856;0,0631104953238656;-0,015855039637599093;0,2180094786729858;2;6
2017-07-30;7;2017-07-30 07:00:00;7,67;5,31;2,3600000000000003;41304;3792;52985;14080;15143;3817;18960;17872;1063;25;1088;0,05738396624472574;0,0701974509674437;0,006549646319098768;0,3076923076923077;2;6
2017-07-30;8;2017-07-30 08:00:00;2,05;4,51;-2,46;41304;8204;52985;13372;15419;8529;23948;21576;2047;325;2372;0,09904793719726074;0,13275828523250535;0,038105287841482004;-1,2000000000000002;2;6
2017-07-30;9;2017-07-30 09:00:00;1,94;7,64;-5,699999999999998;41304;13163;52985;14230;16165;13782;29947;27393;1935;619;2554;0,08528400173640098;0,11970306217135787;0,0449136554926716;-2,9381443298969065;2;6
2017-07-30;10;2017-07-30 10:00:00;-5,15;3,58;-8,73;41304;17251;52985;17327;17307;18255;35562;34578;-20;1004;984;0,027669984815252235;-0,0011556017796267406;0,054998630512188444;1,6951456310679611;2;6
2017-07-30;11;2017-07-30 11:00:00;-0,02;-12,55;12,53;41304;20846;52985;19857;18482;21373;39855;40703;-1375;527;-848;-0,02127712959478108;-0,07439671031273672;0,02465727787395312;-626,5;2;6
2017-07-30;12;2017-07-30 12:00:00;-45,42;-57,71;12,29;41304;22454;52985;20680;19394;22836;42230;43134;-1286;382;-904;-0,021406582997868812;-0,06630916778385068;0,01672797337537222;-0,27058564509026856;2;6
2017-07-30;13;2017-07-30 13:00:00;-67,05;-86,12;19,070000000000007;41304;22988;52985;17971;20046;22380;42426;40959;2075;-608;1467;0,034577853203224436;0,10351192257807043;-0,027167113494191243;-0,28441461595824025;2;6
2017-07-30;14;2017-07-30 14:00:00;-64,9;-86,41;21,50999999999999;41304;21289;52985;17374;19953;20506;40459;38663;2579;-783;1796;0,04439061766232482;0,12925374630381398;-0,0381839461620989;-0,331432973805855;2;6
2017-07-30;15;2017-07-30 15:00:00;-14,23;-71,65;57,42;41304;18268;52985;19100;18712;17654;36366;37368;-388;-614;-1002;-0,02755320904141231;-0,020735356990166737;-0,03477965333635437;-4,035137034434293;2;6
2017-07-30;16;2017-07-30 16:00:00;-0,91;-56,41;55,5;41304;14131;52985;21250;16823;14223;31046;35381;-4427;92;-4335;-0,13963151452683115;-0,26315163763894667;0,006468396259579554;-60,989010989010985;2;6
2017-07-30;17;2017-07-30 17:00:00;5,01;-25,62;30,630000000000006;41304;10414;52985;20671;14543;10127;24670;31085;-6128;-287;-6415;-0,2600324280502635;-0,42137110637420067;-0,02834008097165992;6,113772455089822;2;6
2017-07-30;18;2017-07-30 18:00:00;22,54;14,56;7,979999999999999;41304;6280;52985;18255;12016;5941;17957;24535;-6239;-339;-6578;-0,3663195411260233;-0,5192243675099867;-0,05706110082477697;0,3540372670807453;2;6
2017-07-30;19;2017-07-30 19:00:00;31,77;27,3;4,469999999999999;41304;2643;52985;13686;9681;2557;12238;16329;-4005;-86;-4091;-0,33428664814512177;-0,41369693213511;-0,03363316386390301;0,14069877242681772;2;6
2017-07-30;20;2017-07-30 20:00:00;34,52;33,38;1,1400000000000006;41304;568;52985;9974;7901;578;8479;10542;-2073;10;-2063;-0,24330699374926287;-0,2623718516643463;0,01730103806228374;0,03302433371958286;2;6
2017-07-30;21;2017-07-30 21:00:00;35,93;35,74;0,18999999999999773;41304;8;52985;8409;7150;10;7160;8417;-1259;2;-1257;-0,17555865921787708;-0,17608391608391608;0,2;0,005288060116893897;2;6
2017-07-30;22;2017-07-30 22:00:00;37,67;38,68;-1,009999999999998;41304;0;52985;7145;6960;0;6960;7145;-185;0;-185;-0,02658045977011494;-0,02658045977011494;;-0,02681178656756034;2;6
2017-07-30;23;2017-07-30 23:00:00;35,87;35,39;0,4799999999999969;41304;0;52985;6260;6886;0;6886;6260;626;0;626;0,09090909090909091;0,09090909090909091;;0,01338165597992743;2;6
2017-07-31;0;2017-07-31 00:00:00;32,0;35,13;-3,1300000000000026;41329;0;53043;5745;6759;0;6759;5745;1014;0;1014;0,15002219263204616;0,15002219263204616;;-0,09781250000000008;2;0
2017-07-31;1;2017-07-31 01:00:00;26,55;30,76;-4,210000000000001;41329;0;53043;5314;6597;0;6597;5314;1283;0;1283;0,19448234045778384;0,19448234045778384;;-0,1585687382297552;2;0
2017-07-31;2;2017-07-31 02:00:00;26,11;29,78;-3,6700000000000017;41329;0;53043;5366;6689;0;6689;5366;1323;0;1323;0,19778741216923307;0,19778741216923307;;-0,14055917273075458;2;0
2017-07-31;3;2017-07-31 03:00:00;24,65;28,1;-3,450000000000003;41329;0;53043;5624;6825;0;6825;5624;1201;0;1201;0,17597069597069598;0,17597069597069598;;-0,13995943204868166;2;0
2017-07-31;4;2017-07-31 04:00:00;24,64;24,81;-0,16999999999999815;41329;0;53043;6027;7077;0;7077;6027;1050;0;1050;0,14836795252225518;0,14836795252225518;;-0,0068993506493505745;2;0
2017-07-31;5;2017-07-31 05:00:00;26,57;26,47;0,10000000000000142;41329;20;53043;6215;7210;36;7246;6235;995;16;1011;0,13952525531327628;0,13800277392510402;0,4444444444444444;0,0037636432066240656;2;0
2017-07-31;6;2017-07-31 06:00:00;32,15;31,34;0,8099999999999987;41329;784;53043;6392;7173;845;8018;7176;781;61;842;0,1050137191319531;0,10888052418792694;0,07218934911242604;0,025194401244167924;2;0
2017-07-31;7;2017-07-31 07:00:00;36,92;35,31;1,6099999999999994;41329;3715;53043;6097;6885;3825;10710;9812;788;110;898;0,0838468720821662;0,11445170660856935;0,02875816993464052;0,04360780065005415;2;0
2017-07-31;8;2017-07-31 08:00:00;36,92;38,49;-1,5700000000000005;41329;8888;53043;5376;6498;8723;15221;14264;1122;-165;957;0,06287366138887064;0,17266851338873498;-0,018915510718789406;-0,0425243770314193;2;0
2017-07-31;9;2017-07-31 09:00:00;35,45;35,92;-0,4699999999999989;41329;14588;53043;5490;6529;13968;20497;20078;1039;-620;419;0,02044201590476655;0,15913616173992953;-0,04438717067583047;-0,013258110014104341;2;0
2017-07-31;10;2017-07-31 10:00:00;33,29;33,86;-0,5700000000000003;41329;19272;53043;5894;7209;18179;25388;25166;1315;-1093;222;0,008744288640302505;0,18241087529477043;-0,06012431926948677;-0,01712225893661761;2;0
2017-07-31;11;2017-07-31 11:00:00;33,89;33,89;0,0;41329;21664;53043;6772;7800;20985;28785;28436;1028;-679;349;0,012124370331770018;0,1317948717948718;-0,03235644507981892;0,0;2;0
2017-07-31;12;2017-07-31 12:00:00;29,03;28,74;0,2900000000000027;41329;22138;53043;7304;8492;22264;30756;29442;1188;126;1314;0,042723371049551304;0,13989637305699482;0,005659360402443406;0,009989665862900541;2;0
2017-07-31;13;2017-07-31 13:00:00;28,07;29,4;-1,3299999999999983;41329;21680;53043;7640;8994;22260;31254;29320;1354;580;1934;0,06188007934984322;0,15054480764954414;0,02605570530098832;-0,04738154613466328;2;0
2017-07-31;14;2017-07-31 14:00:00;28,02;32,68;-4,66;41329;20250;53043;7564;8879;21105;29984;27814;1315;855;2170;0,07237193169690502;0,1481022637684424;0,04051172707889126;-0,16630977872947894;2;0
2017-07-31;15;2017-07-31 15:00:00;28,71;35,26;-6,549999999999998;41329;17419;53043;6922;7952;18798;26750;24341;1030;1379;2409;0,09005607476635515;0,1295271629778672;0,0733588679646771;-0,2281435040055729;2;0
2017-07-31;16;2017-07-31 16:00:00;30,05;34,69;-4,639999999999997;41329;14014;53043;5982;6556;15581;22137;19996;574;1567;2141;0,09671590549758323;0,08755338621110433;0,10057120852320134;-0,15440931780366046;2;0
2017-07-31;17;2017-07-31 17:00:00;35,51;37,41;-1,8999999999999984;41329;9814;53043;4742;4943;11355;16298;14556;201;1541;1742;0,10688428027978893;0,04066356463686021;0,13571114046675473;-0,05350605463249784;2;0
2017-07-31;18;2017-07-31 18:00:00;37,91;45,66;-7,75;41329;5889;53043;3551;3538;6630;10168;9440;-13;741;728;0,07159716758457907;-0,003674392312040701;0,11176470588235295;-0,20443154840411504;2;0
2017-07-31;19;2017-07-31 19:00:00;38,9;52,22;-13,32;41329;2660;53043;2683;2640;2712;5352;5343;-43;52;9;0,0016816143497757848;-0,01628787878787879;0,019174041297935103;-0,3424164524421594;2;0
2017-07-31;20;2017-07-31 20:00:00;38,9;46,04;-7,1400000000000015;41329;508;53043;2430;2307;594;2901;2938;-123;86;-37;-0,01275422268183385;-0,053315994798439535;0,1447811447811448;-0,18354755784061702;2;0
2017-07-31;21;2017-07-31 21:00:00;38,07;44,63;-6,560000000000002;41329;4;53043;2705;2549;10;2559;2709;-156;6;-150;-0,05861664712778429;-0,0612004707728521;0,6;-0,17231415812976103;2;0
2017-07-31;22;2017-07-31 22:00:00;37,84;44,18;-6,339999999999996;41329;0;53043;3080;3074;0;3074;3080;-6;0;-6;-0,001951854261548471;-0,001951854261548471;;-0,1675475687103593;2;0
2017-07-31;23;2017-07-31 23:00:00;32,91;37,95;-5,040000000000006;41329;0;53043;3556;3557;0;3557;3556;1;0;1;0,000281135788585887;0,000281135788585887;;-0,15314494074749338;2;0
2017-08-01;0;2017-08-01 00:00:00;30,57;30,04;0,5300000000000011;41338;0;53073;3809;3090;0;3090;3809;-719;0;-719;-0,23268608414239483;-0,23268608414239483;;0,017337258750408934;2;1
2017-08-01;1;2017-08-01 01:00:00;28,01;28,2;-0,18999999999999773;41338;0;53073;3975;3226;0;3226;3975;-749;0;-749;-0,23217606943583385;-0,23217606943583385;;-0,006783291681542225;2;1
2017-08-01;2;2017-08-01 02:00:00;27,3;25,92;1,379999999999999;41338;0;53073;4049;3317;0;3317;4049;-732;0;-732;-0,2206813385589388;-0,2206813385589388;;0,05054945054945051;2;1
2017-08-01;3;2017-08-01 03:00:00;26,79;24,54;2,25;41338;0;53073;4174;3280;0;3280;4174;-894;0;-894;-0,2725609756097561;-0,2725609756097561;;0,083986562150056;2;1
2017-08-01;4;2017-08-01 04:00:00;26,81;24,47;2,34;41338;0;53073;4616;3289;0;3289;4616;-1327;0;-1327;-0,403466099118273;-0,403466099118273;;0,08728086534875046;2;1
2017-08-01;5;2017-08-01 05:00:00;27,54;26,27;1,2699999999999996;41338;17;53073;4750;3187;28;3215;4767;-1563;11;-1552;-0,4827371695178849;-0,490429871352369;0,39285714285714285;0,046114742193173554;2;1
2017-08-01;6;2017-08-01 06:00:00;32,66;29,16;3,4999999999999964;41338;674;53073;5829;2999;710;3709;6503;-2830;36;-2794;-0,7533027770288487;-0,9436478826275425;0,05070422535211268;0,10716472749540713;2;1
2017-08-01;7;2017-08-01 07:00:00;37,0;32,3;4,700000000000003;41338;3040;53073;6538;2725;3297;6022;9578;-3813;257;-3556;-0,590501494520093;-1,3992660550458715;0,07794965119805884;0,12702702702702712;2;1
2017-08-01;8;2017-08-01 08:00:00;38,94;32,34;6,599999999999994;41338;6904;53073;5894;2172;7444;9616;12798;-3722;540;-3182;-0,3309068219633943;-1,7136279926335174;0,07254164427727028;0,16949152542372867;2;1
2017-08-01;9;2017-08-01 09:00:00;38,09;34,78;3,3100000000000023;41338;11650;53073;3639;1673;11905;13578;15289;-1966;255;-1711;-0,12601266755044926;-1,1751344889420203;0,02141957160856783;0,08689944867419275;2;1
2017-08-01;10;2017-08-01 10:00:00;37,9;36,53;1,3699999999999974;41338;15994;53073;2841;1429;15742;17171;18835;-1412;-252;-1664;-0,09690757672820453;-0,9881035689293212;-0,016008131114216746;0,03614775725593661;2;1
2017-08-01;11;2017-08-01 11:00:00;37,08;35,22;1,8599999999999997;41338;18945;53073;2689;1332;18533;19865;21634;-1357;-412;-1769;-0,08905109489051095;-1,0187687687687688;-0,02223061565855501;0,05016181229773462;2;1
2017-08-01;12;2017-08-01 12:00:00;36,45;35,91;0,5400000000000063;41338;20349;53073;2878;1405;20149;21554;23227;-1473;-200;-1673;-0,07761900343323745;-1,0483985765124555;-0,009926050920641223;0,014814814814814985;2;1
2017-08-01;13;2017-08-01 13:00:00;35,93;35,03;0,8999999999999986;41338;20410;53073;3484;1575;20515;22090;23894;-1909;105;-1804;-0,08166591217745586;-1,212063492063492;0,00511820619059225;0,02504870581686609;2;1
2017-08-01;14;2017-08-01 14:00:00;35,91;34,46;1,4499999999999955;41338;18673;53073;3364;1709;19639;21348;22037;-1655;966;-689;-0,03227468615326963;-0,9684025746050322;0,04918784052141148;0,040378724589250785;2;1
2017-08-01;15;2017-08-01 15:00:00;36,0;34,38;1,6199999999999974;41338;15952;53073;3581;1817;17364;19181;19533;-1764;1412;-352;-0,01835149366560659;-0,9708310401761144;0,08131766873992168;0,04499999999999993;2;1
2017-08-01;16;2017-08-01 16:00:00;36,61;35,5;1,1099999999999994;41338;12468;53073;4040;2010;13962;15972;16508;-2030;1494;-536;-0,03355872777360381;-1,0099502487562189;0,10700472711645896;0,03031958481289264;2;1
2017-08-01;17;2017-08-01 17:00:00;38,47;36,61;1,8599999999999997;41338;8355;53073;4300;2157;9702;11859;12655;-2143;1347;-796;-0,06712201703347669;-0,9935095039406583;0,13883735312306741;0,04834936314010917;2;1
2017-08-01;18;2017-08-01 18:00:00;40,94;37,95;2,9899999999999953;41338;4451;53073;4587;2337;5319;7656;9038;-2250;868;-1382;-0,18051201671891326;-0,962772785622593;0,16318856927993983;0,07303370786516843;2;1
2017-08-01;19;2017-08-01 19:00:00;41,06;38,42;2,640000000000001;41338;1682;53073;5155;2629;2056;4685;6837;-2526;374;-2152;-0,4593383137673426;-0,9608216051730696;0,1819066147859922;0,06429615197272287;2;1
2017-08-01;20;2017-08-01 20:00:00;38,96;36,32;2,640000000000001;41338;320;53073;5146;3053;408;3461;5466;-2093;88;-2005;-0,5793123374747183;-0,6855551916148052;0,21568627450980393;0,06776180698151953;2;1
2017-08-01;21;2017-08-01 21:00:00;37,04;35,38;1,6599999999999966;41338;5;53073;4443;3734;5;3739;4448;-709;0;-709;-0,1896228938218775;-0,1898768077129084;0,0;0,044816414686824964;2;1
2017-08-01;22;2017-08-01 22:00:00;35,94;37,62;-1,6799999999999995;41338;0;53073;3871;4459;0;4459;3871;588;0;588;0,13186813186813187;0,13186813186813187;;-0,04674457429048413;2;1
2017-08-01;23;2017-08-01 23:00:00;31,69;36,57;-4,879999999999999;41338;0;53073;3760;4976;0;4976;3760;1216;0;1216;0,24437299035369775;0,24437299035369775;;-0,15399179551909115;2;1
2017-08-02;0;2017-08-02 00:00:00;27,62;32,04;-4,419999999999998;41344;0;53073;3364;5130;0;5130;3364;1766;0;1766;0,3442495126705653;0,3442495126705653;;-0,1600289645184648;2;2
2017-08-02;1;2017-08-02 01:00:00;26,59;31,88;-5,289999999999999;41344;0;53073;3088;5176;0;5176;3088;2088;0;2088;0,4034003091190108;0,4034003091190108;;-0,1989469725460699;2;2
2017-08-02;2;2017-08-02 02:00:00;26,2;31,33;-5,129999999999999;41344;0;53073;3548;5427;0;5427;3548;1879;0;1879;0,3462318039432467;0,3462318039432467;;-0,1958015267175572;2;2
2017-08-02;3;2017-08-02 03:00:00;25,09;30,82;-5,73;41344;0;53073;4129;5688;0;5688;4129;1559;0;1559;0,2740857946554149;0,2740857946554149;;-0,22837783977680354;2;2
2017-08-02;4;2017-08-02 04:00:00;25,78;29,95;-4,169999999999998;41344;0;53073;4654;5889;0;5889;4654;1235;0;1235;0,2097130242825607;0,2097130242825607;;-0,16175329712955772;2;2
2017-08-02;5;2017-08-02 05:00:00;27,25;31,98;-4,73;41344;16;53073;4815;5935;25;5960;4831;1120;9;1129;0,1894295302013423;0,18871103622577928;0,36;-0,17357798165137617;2;2
2017-08-02;6;2017-08-02 06:00:00;30,26;36,09;-5,830000000000003;41344;619;53073;5070;5726;696;6422;5689;656;77;733;0,11413889753970725;0,11456514146000699;0,11063218390804598;-0,1926635822868474;2;2
2017-08-02;7;2017-08-02 07:00:00;35,05;40,21;-5,160000000000005;41344;3113;53073;4301;5330;3183;8513;7414;1029;70;1099;0,12909667567250088;0,19305816135084428;0,021991831605403706;-0,14721825962910143;2;2
2017-08-02;8;2017-08-02 08:00:00;36,57;41,2;-4,630000000000003;41344;7078;53073;3088;4783;7157;11940;10166;1695;79;1774;0,14857621440536015;0,3543800961739494;0,011038144473941596;-0,1266065080667214;2;2
2017-08-02;9;2017-08-02 09:00:00;36,47;41,22;-4,75;41344;11370;53073;2406;4442;11590;16032;13776;2036;220;2256;0,1407185628742515;0,4583520936515083;0,01898188093183779;-0,13024403619413216;2;2
2017-08-02;10;2017-08-02 10:00:00;35,96;38,72;-2,759999999999998;41344;15335;53073;2593;4536;15542;20078;17928;1943;207;2150;0,10708237872298038;0,42835097001763667;0,013318749195727706;-0,07675194660734143;2;2
2017-08-02;11;2017-08-02 11:00:00;35,14;38,79;-3,649999999999999;41344;18250;53073;3318;4844;18572;23416;21568;1526;322;1848;0,07892039631021523;0,315028901734104;0,017337928063751885;-0,10387023335230504;2;2
2017-08-02;12;2017-08-02 12:00:00;33,07;36,94;-3,869999999999997;41344;19419;53073;4446;5204;20277;25481;23865;758;858;1616;0,06341980299046349;0,14565718677940045;0,04231395176801302;-0,11702449349863916;2;2
2017-08-02;13;2017-08-02 13:00:00;29,9;33,29;-3,390000000000001;41344;19805;53073;5758;5474;20429;25903;25563;-284;624;340;0,013125892753735088;-0,05188162221410303;0,030544813745166186;-0,11337792642140472;2;2
2017-08-02;14;2017-08-02 14:00:00;30,07;32,92;-2,8500000000000014;41344;19553;53073;6108;5532;19498;25030;25661;-576;-55;-631;-0,025209748302037555;-0,10412147505422993;-0,002820802133552159;-0,09477884935151318;2;2
2017-08-02;15;2017-08-02 15:00:00;31,69;31,49;0,20000000000000284;41344;18005;53073;6504;5156;17480;22636;24509;-1348;-525;-1873;-0,0827443011132709;-0,26144297905352987;-0,030034324942791762;0,006311139160618581;2;2
2017-08-02;16;2017-08-02 16:00:00;34,9;30,01;4,889999999999997;41344;14652;53073;6078;4460;14383;18843;20730;-1618;-269;-1887;-0,10014328928514568;-0,36278026905829597;-0,018702635055273586;0,14011461318051568;2;2
2017-08-02;17;2017-08-02 17:00:00;35,99;33,75;2,240000000000002;41344;10302;53073;4957;3529;10363;13892;15259;-1428;61;-1367;-0,09840195796141664;-0,40464720884103145;0,005886326353372576;0,06223951097527096;2;2
2017-08-02;18;2017-08-02 18:00:00;39,23;36,86;2,369999999999997;41344;5604;53073;3599;2561;5957;8518;9203;-1038;353;-685;-0,08041793848321202;-0,40531042561499414;0,05925801577975491;0,06041294927351509;2;2
2017-08-02;19;2017-08-02 19:00:00;40,94;38,14;2,799999999999997;41344;2149;53073;2339;1851;2385;4236;4488;-488;236;-252;-0,059490084985835696;-0,2636412749864938;0,0989517819706499;0,06839276990718117;2;2
2017-08-02;20;2017-08-02 20:00:00;39,27;39,26;0,010000000000005116;41344;321;53073;2148;1611;473;2084;2469;-537;152;-385;-0,1847408829174664;-0,3333333333333333;0,321353065539112;0,0002546473134709731;2;2
2017-08-02;21;2017-08-02 21:00:00;38,15;39,53;-1,3800000000000026;41344;0;53073;2485;1924;6;1930;2485;-561;6;-555;-0,28756476683937826;-0,2915800415800416;1,0;-0,03617300131061606;2;2
2017-08-02;22;2017-08-02 22:00:00;37,53;37,6;-0,07000000000000027;41344;0;53073;3740;2651;0;2651;3740;-1089;0;-1089;-0,4107883817427386;-0,4107883817427386;;-0,0018651745270450379;2;2
2017-08-02;23;2017-08-02 23:00:00;34,46;34,29;0,1700000000000017;41344;0;53073;5057;3669;0;3669;5057;-1388;0;-1388;-0,3783047151812483;-0,3783047151812483;;0,00493325594892634;2;2
2017-08-03;0;2017-08-03 00:00:00;28,1;32,24;-4,1400000000000015;41349;0;53079;5912;5922;0;5922;5912;10;0;10;0,0016886187098953055;0,0016886187098953055;;-0,14733096085409256;2;3
2017-08-03;1;2017-08-03 01:00:00;26,47;31,37;-4,900000000000002;41349;0;53079;6438;7123;0;7123;6438;685;0;685;0,09616734521971079;0,09616734521971079;;-0,18511522478277304;2;3
2017-08-03;2;2017-08-03 02:00:00;24,76;30,23;-5,469999999999999;41349;0;53079;7304;8108;0;8108;7304;804;0;804;0,09916132215096202;0,09916132215096202;;-0,2209208400646203;2;3
2017-08-03;3;2017-08-03 03:00:00;23,36;27,15;-3,7899999999999987;41349;0;53079;8170;8657;0;8657;8170;487;0;487;0,05625505371375765;0,05625505371375765;;-0,16224315068493145;2;3
2017-08-03;4;2017-08-03 04:00:00;23,39;26,76;-3,370000000000001;41349;0;53079;8900;9220;0;9220;8900;320;0;320;0,03470715835140998;0,03470715835140998;;-0,14407866609662254;2;3
2017-08-03;5;2017-08-03 05:00:00;25,08;27,86;-2,780000000000001;41349;10;53079;9709;10051;15;10066;9719;342;5;347;0,03447248162129942;0,034026465028355386;0,3333333333333333;-0,11084529505582143;2;3
2017-08-03;6;2017-08-03 06:00:00;28,58;34,77;-6,190000000000005;41349;478;53079;11003;10953;510;11463;11481;-50;32;-18;-0,0015702695629416384;-0,0045649593718615905;0,06274509803921569;-0,21658502449265238;2;3
2017-08-03;7;2017-08-03 07:00:00;34,94;37,19;-2,25;41349;2130;53079;11784;11828;2376;14204;13914;44;246;290;0,020416784004505775;0,0037199864727764627;0,10353535353535354;-0,06439610761305095;2;3
2017-08-03;8;2017-08-03 08:00:00;35,98;37,55;-1,5700000000000005;41349;4308;53079;11991;12565;5229;17794;16299;574;921;1495;0,08401708441047544;0,045682451253481894;0,17613310384394723;-0,04363535297387439;2;3
2017-08-03;9;2017-08-03 09:00:00;35,98;40,5;-4,520000000000003;41349;6993;53079;12280;13287;8298;21585;19273;1007;1305;2312;0,10711141996757007;0,07578836456686987;0,15726681127982647;-0,1256253474152308;2;3
2017-08-03;10;2017-08-03 10:00:00;35,89;41,13;-5,240000000000002;41349;9427;53079;13570;14355;10956;25311;22997;785;1529;2314;0,09142270159219312;0,054684778822709855;0,1395582329317269;-0,1460016717748677;2;3
2017-08-03;11;2017-08-03 11:00:00;34,72;39,71;-4,990000000000002;41349;10431;53079;15728;15834;12954;28788;26159;106;2523;2629;0,0913227733777963;0,006694454970317039;0,19476609541454376;-0,14372119815668208;2;3
2017-08-03;12;2017-08-03 12:00:00;30,57;32,93;-2,3599999999999994;41349;12079;53079;18012;17622;14273;31895;30091;-390;2194;1804;0,05656058943408058;-0,022131426625808647;0,15371680795908357;-0,07719986915276413;2;3
2017-08-03;13;2017-08-03 13:00:00;27,13;33,26;-6,129999999999999;41349;13552;53079;21134;19557;14906;34463;34686;-1577;1354;-223;-0,006470707715520993;-0,08063608937976172;0,0908359050046961;-0,22594913380022114;2;3
2017-08-03;14;2017-08-03 14:00:00;22,03;25,56;-3,5299999999999976;41349;14570;53079;24152;21286;15067;36353;38722;-2866;497;-2369;-0,06516656121915661;-0,13464248802029502;0,03298599588504679;-0,16023604176123457;2;3
2017-08-03;15;2017-08-03 15:00:00;20,28;21,5;-1,2199999999999989;41349;14271;53079;26184;22599;14434;37033;40455;-3585;163;-3422;-0,09240407204385279;-0,1586353378468074;0,011292780933906055;-0,060157790927021636;2;3
2017-08-03;16;2017-08-03 16:00:00;18,09;14,71;3,379999999999999;41349;12745;53079;27223;23649;12900;36549;39968;-3574;155;-3419;-0,0935456510438042;-0,1511268975432365;0,012015503875968992;0,1868435599778883;2;3
2017-08-03;17;2017-08-03 17:00:00;23,99;18,61;5,379999999999999;41349;9987;53079;26843;23703;10206;33909;36830;-3140;219;-2921;-0,08614232209737828;-0,1324726827827701;0,021457965902410347;0,224260108378491;2;3
2017-08-03;18;2017-08-03 18:00:00;26,82;30,03;-3,2100000000000013;41349;6205;53079;25318;22447;6315;28762;31523;-2871;110;-2761;-0,09599471524928725;-0,12790127856729183;0,01741884402216944;-0,11968680089485463;2;3
2017-08-03;19;2017-08-03 19:00:00;29,76;33,92;-4,16;41349;2549;53079;21853;20363;2557;22920;24402;-1490;8;-1482;-0,06465968586387434;-0,0731719294799391;0,003128666405944466;-0,13978494623655913;2;3
2017-08-03;20;2017-08-03 20:00:00;30,76;33,76;-2,9999999999999964;41349;430;53079;19335;18303;521;18824;19765;-1032;91;-941;-0,049989375265618356;-0,056384199311588265;0,1746641074856046;-0,09752925877763317;2;3
2017-08-03;21;2017-08-03 21:00:00;31,85;35,02;-3,1700000000000017;41349;2;53079;18034;17102;6;17108;18036;-932;4;-928;-0,054243628711713815;-0,054496550111098115;0,6666666666666666;-0,09952904238618529;2;3
2017-08-03;22;2017-08-03 22:00:00;29,69;35,11;-5,419999999999997;41349;0;53079;17044;16493;0;16493;17044;-551;0;-551;-0,03340811253258958;-0,03340811253258958;;-0,18255304816436502;2;3
2017-08-03;23;2017-08-03 23:00:00;25,52;33,79;-8,27;41349;0;53079;16270;16010;0;16010;16270;-260;0;-260;-0,016239850093691444;-0,016239850093691444;;-0,32405956112852663;2;3
2017-08-04;0;2017-08-04 00:00:00;25,16;34,9;-9,739999999999998;41360;0;53079;15563;15737;0;15737;15563;174;0;174;0,011056745250047658;0,011056745250047658;;-0,38712241653418117;2;4
2017-08-04;1;2017-08-04 01:00:00;22,7;29,61;-6,91;41360;0;53079;14957;15501;0;15501;14957;544;0;544;0,03509451003161086;0,03509451003161086;;-0,30440528634361236;2;4
2017-08-04;2;2017-08-04 02:00:00;21,3;28,0;-6,699999999999998;41360;0;53079;14869;15399;0;15399;14869;530;0;530;0,03441781933891811;0,03441781933891811;;-0,31455399061032857;2;4
2017-08-04;3;2017-08-04 03:00:00;19,03;24,2;-5,169999999999998;41360;0;53079;14686;15364;0;15364;14686;678;0;678;0,04412913303827128;0,04412913303827128;;-0,27167630057803455;2;4
2017-08-04;4;2017-08-04 04:00:00;18,95;23,47;-4,52;41360;0;53079;14901;15399;0;15399;14901;498;0;498;0,03233976232222872;0,03233976232222872;;-0,23852242744063323;2;4
2017-08-04;5;2017-08-04 05:00:00;21,48;23,75;-2,27;41360;15;53079;15169;15419;19;15438;15184;250;4;254;0,01645290840782485;0,01621376224139049;0,21052631578947367;-0,10567970204841713;2;4
2017-08-04;6;2017-08-04 06:00:00;30,5;34,69;-4,189999999999999;41360;564;53079;15237;15593;628;16221;15801;356;64;420;0,025892361753282783;0,02283075739113705;0,10191082802547771;-0,13737704918032784;2;4
2017-08-04;7;2017-08-04 07:00:00;34,99;37,24;-2,25;41360;2646;53079;15171;16070;2852;18922;17817;899;206;1105;0,05839763238558292;0,05594275046670815;0,07223001402524544;-0,06430408688196627;2;4
2017-08-04;8;2017-08-04 08:00:00;35,02;39,03;-4,009999999999998;41360;5768;53079;15672;17236;6223;23459;21440;1564;455;2019;0,08606504966111088;0,09074031097702483;0,07311586051743532;-0,11450599657338657;2;4
2017-08-04;9;2017-08-04 09:00:00;33,59;39,04;-5,449999999999997;41360;9485;53079;18075;19626;10092;29718;27560;1551;607;2158;0,0726159230096238;0,07902782023845918;0,06014665081252477;-0,16225066984221484;2;4
2017-08-04;10;2017-08-04 10:00:00;28,42;36,19;-7,769999999999996;41360;13236;53079;21619;22664;13447;36111;34855;1045;211;1256;0,0347816454819861;0,046108365690081185;0,015691232245110435;-0,27339901477832496;2;4
2017-08-04;11;2017-08-04 11:00:00;21,62;25,83;-4,209999999999997;41360;15869;53079;24339;25137;15825;40962;40208;798;-44;754;0,01840730433084322;0,031746031746031744;-0,0027804107424960504;-0,19472710453283984;2;4
2017-08-04;12;2017-08-04 12:00:00;17,05;20,53;-3,4800000000000004;41360;17233;53079;26528;26713;17317;44030;43761;185;84;269;0,006109470815353168;0,006925467001085614;0,004850724721372062;-0,20410557184750736;2;4
2017-08-04;13;2017-08-04 13:00:00;10,35;9,16;1,1899999999999995;41360;17371;53079;27185;27488;17933;45421;44556;303;562;865;0,019044054512230027;0,011022991850989523;0,03133887246974851;0,11497584541062797;2;4
2017-08-04;14;2017-08-04 14:00:00;9,58;14,09;-4,51;41360;16818;53079;26907;27718;17532;45250;43725;811;714;1525;0,03370165745856354;0,029258965293311207;0,04072553045859001;-0,47077244258872647;2;4
2017-08-04;15;2017-08-04 15:00:00;10,36;18,93;-8,57;41360;15249;53079;26513;27188;16091;43279;41762;675;842;1517;0,03505164167379098;0,02482712961600706;0,05232738798085886;-0,8272200772200773;2;4
2017-08-04;16;2017-08-04 16:00:00;10,32;19,52;-9,2;41360;12965;53079;25972;26241;13625;39866;38937;269;660;929;0,02330306526864998;0,010251133722038033;0,04844036697247706;-0,8914728682170542;2;4
2017-08-04;17;2017-08-04 17:00:00;20,04;24,42;-4,380000000000003;41360;9733;53079;24853;24606;10026;34632;34586;-247;293;46;0,0013282513282513282;-0,010038202064537104;0,029224017554358668;-0,21856287425149715;2;4
2017-08-04;18;2017-08-04 18:00:00;28,46;33,05;-4,589999999999995;41360;5895;53079;22880;22076;5857;27933;28775;-804;-38;-842;-0,03014355779901908;-0,036419641239354955;-0,006487963121051733;-0,16127898805340812;2;4
2017-08-04;19;2017-08-04 19:00:00;35,01;37,96;-2,950000000000003;41360;2400;53079;19779;19244;2302;21546;22179;-535;-98;-633;-0,029379003063213588;-0,02780087299937643;-0,04257167680278019;-0,0842616395315625;2;4
2017-08-04;20;2017-08-04 20:00:00;34,48;37,1;-2,6200000000000045;41360;382;53079;16199;16900;441;17341;16581;701;59;760;0,0438267689291275;0,041479289940828404;0,13378684807256236;-0,07598607888631104;2;4
2017-08-04;21;2017-08-04 21:00:00;34,93;38,23;-3,299999999999997;41360;2;53079;14655;15214;6;15220;14657;559;4;563;0,03699080157687254;0,03674247403707112;0,6666666666666666;-0,09447466361294009;2;4
2017-08-04;22;2017-08-04 22:00:00;34,96;39,13;-4,170000000000002;41360;0;53079;14073;14244;0;14244;14073;171;0;171;0,012005054759898905;0,012005054759898905;;-0,11927917620137304;2;4
2017-08-04;23;2017-08-04 23:00:00;31,06;36,75;-5,690000000000001;41360;0;53079;14026;13713;0;13713;14026;-313;0;-313;-0,022825056515715016;-0,022825056515715016;;-0,18319381841596913;2;4
2017-08-05;0;2017-08-05 00:00:00;24,97;35,18;-10,21;41360;0;53079;13299;14070;0;14070;13299;771;0;771;0,05479744136460554;0,05479744136460554;;-0,40889066880256314;2;5
2017-08-05;1;2017-08-05 01:00:00;24,97;33,18;-8,21;41360;0;53079;12772;13410;0;13410;12772;638;0;638;0,047576435495898586;0,047576435495898586;;-0,32879455346415704;2;5
2017-08-05;2;2017-08-05 02:00:00;25,05;32,59;-7,540000000000003;41360;0;53079;12253;12823;0;12823;12253;570;0;570;0,044451376432972006;0,044451376432972006;;-0,3009980039920161;2;5
2017-08-05;3;2017-08-05 03:00:00;24,02;30,78;-6,7600000000000025;41360;0;53079;11756;12024;0;12024;11756;268;0;268;0,022288755821689953;0,022288755821689953;;-0,2814321398834306;2;5
2017-08-05;4;2017-08-05 04:00:00;23,1;29,77;-6,669999999999997;41360;0;53079;10968;11126;0;11126;10968;158;0;158;0,014200970699262988;0,014200970699262988;;-0,2887445887445886;2;5
2017-08-05;5;2017-08-05 05:00:00;24,74;31,12;-6,380000000000003;41360;14;53079;10373;10113;18;10131;10387;-260;4;-256;-0,025268976409041556;-0,02570948284386433;0,2222222222222222;-0,25788197251414724;2;5
2017-08-05;6;2017-08-05 06:00:00;24,17;30,44;-6,27;41360;638;53079;9672;8982;607;9589;10310;-690;-31;-721;-0,07519032224423819;-0,07682030728122913;-0,051070840197693576;-0,25941249482829953;2;5
2017-08-05;7;2017-08-05 07:00:00;27,68;31,2;-3,52;41360;3358;53079;8362;7852;2913;10765;11720;-510;-445;-955;-0,08871342313051556;-0,06495160468670402;-0,1527634740817027;-0,12716763005780346;2;5
2017-08-05;8;2017-08-05 08:00:00;31,0;33,09;-2,0900000000000034;41360;7733;53079;7086;7072;6587;13659;14819;-14;-1146;-1160;-0,08492569002123142;-0,0019796380090497737;-0,17397904964323668;-0,06741935483870978;2;5
2017-08-05;9;2017-08-05 09:00:00;32,82;32,25;0,5700000000000003;41360;12310;53079;7123;6956;10568;17524;19433;-167;-1742;-1909;-0,10893631590960969;-0,024008050603795284;-0,16483724451173354;0,0173674588665448;2;5
2017-08-05;10;2017-08-05 10:00:00;31,88;29,49;2,390000000000001;41360;15476;53079;8030;7263;13715;20978;23506;-767;-1761;-2528;-0,12050719801697016;-0,10560374500894947;-0,12839956252278528;0,07496863237139276;2;5
2017-08-05;11;2017-08-05 11:00:00;27,21;25,37;1,84;41360;17145;53079;8674;7659;15821;23480;25819;-1015;-1324;-2339;-0,09961669505962521;-0,13252382817600208;-0,08368623980785032;0,06762219772142594;2;5
2017-08-05;12;2017-08-05 12:00:00;25,06;25,28;-0,2200000000000024;41360;17562;53079;9344;8087;16865;24952;26906;-1257;-697;-1954;-0,07831035588329593;-0,15543464820081612;-0,04132819448562111;-0,00877893056664016;2;5
2017-08-05;13;2017-08-05 13:00:00;23,37;24,54;-1,1699999999999982;41360;17211;53079;9846;8299;16853;25152;27057;-1547;-358;-1905;-0,0757395038167939;-0,18640800096397156;-0,021242508752150953;-0,05006418485237476;2;5
2017-08-05;14;2017-08-05 14:00:00;23,43;23,9;-0,4699999999999989;41360;16019;53079;10876;8329;15979;24308;26895;-2547;-40;-2587;-0,106425868026987;-0,30579901548805377;-0,0025032855623005196;-0,020059752454118604;2;5
2017-08-05;15;2017-08-05 15:00:00;24,55;20,16;4,3900000000000015;41360;14012;53079;11843;8123;14255;22378;25855;-3720;243;-3477;-0,1553758155331129;-0,45795888218638436;0,017046650298141;0,17881873727087583;2;5
2017-08-05;16;2017-08-05 16:00:00;25,33;20,67;4,659999999999997;41360;11173;53079;11694;7941;11907;19848;22867;-3753;734;-3019;-0,15210600564288593;-0,47261050245561015;0,061644410850760056;0,18397157520726398;2;5
2017-08-05;17;2017-08-05 17:00:00;27,98;26,28;1,6999999999999993;41360;8298;53079;11328;7596;8834;16430;19626;-3732;536;-3196;-0,19452221545952525;-0,4913112164296998;0,06067466606293865;0,06075768406004286;2;5
2017-08-05;18;2017-08-05 18:00:00;32,09;30,29;1,8000000000000045;41360;5158;53079;10414;7006;5251;12257;15572;-3408;93;-3315;-0,27045769764216365;-0,4864401941193263;0,01771091220719863;0,056092240573387485;2;5
2017-08-05;19;2017-08-05 19:00:00;33,96;29,44;4,52;41360;2165;53079;8934;6498;2114;8612;11099;-2436;-51;-2487;-0,288783093358105;-0,37488457987072943;-0,024124881740775782;0,13309776207302706;2;5
2017-08-05;20;2017-08-05 20:00:00;33,63;31,0;2,6300000000000026;41360;338;53079;8098;6254;392;6646;8436;-1844;54;-1790;-0,26933493830875715;-0,2948512951710905;0,1377551020408163;0,07820398453761529;2;5
2017-08-05;21;2017-08-05 21:00:00;33,8;32,79;1,009999999999998;41360;1;53079;8100;6327;3;6330;8101;-1773;2;-1771;-0,27977883096366507;-0,2802275960170697;0,6666666666666666;0,02988165680473367;2;5
2017-08-05;22;2017-08-05 22:00:00;34,3;31,85;2,449999999999996;41360;0;53079;8644;6567;0;6567;8644;-2077;0;-2077;-0,3162783615044922;-0,3162783615044922;;0,07142857142857133;2;5
2017-08-05;23;2017-08-05 23:00:00;32,74;28,82;3,9200000000000017;41360;0;53079;9018;6974;0;6974;9018;-2044;0;-2044;-0,29308861485517634;-0,29308861485517634;;0,1197312156383629;2;5
2017-08-06;0;2017-08-06 00:00:00;25,73;20,62;5,1099999999999985;41360;0;53079;9872;9335;0;9335;9872;-537;0;-537;-0,05752544188537761;-0,05752544188537761;;0,19860085503303532;2;6
2017-08-06;1;2017-08-06 01:00:00;20,57;14,12;6,450000000000001;41360;0;53079;10573;9670;0;9670;10573;-903;0;-903;-0,09338159255429163;-0,09338159255429163;;0,31356344190568797;2;6
2017-08-06;2;2017-08-06 02:00:00;18,03;8,61;9,420000000000002;41360;0;53079;11359;9916;0;9916;11359;-1443;0;-1443;-0,1455223880597015;-0,1455223880597015;;0,5224625623960067;2;6
2017-08-06;3;2017-08-06 03:00:00;16,59;3,56;13,03;41360;0;53079;11297;9813;0;9813;11297;-1484;0;-1484;-0,1512279629063487;-0,1512279629063487;;0,7854128993369499;2;6
2017-08-06;4;2017-08-06 04:00:00;13,69;2,75;10,94;41360;0;53079;11086;9534;0;9534;11086;-1552;0;-1552;-0,16278581917348436;-0,16278581917348436;;0,7991234477720964;2;6
2017-08-06;5;2017-08-06 05:00:00;10,87;4,84;6,0299999999999985;41360;12;53079;10152;8995;16;9011;10164;-1157;4;-1153;-0,12795472200643657;-0,12862701500833795;0,25;0,5547378104875804;2;6
2017-08-06;6;2017-08-06 06:00:00;10,75;6,58;4,17;41360;588;53079;9507;8182;592;8774;10095;-1325;4;-1321;-0,15055846820150445;-0,16194084575898313;0,006756756756756757;0,38790697674418606;2;6
2017-08-06;7;2017-08-06 07:00:00;12,6;5,18;7,42;41360;3249;53079;8260;7329;3140;10469;11509;-931;-109;-1040;-0,09934091126182061;-0,12702960840496658;-0,03471337579617834;0,5888888888888889;2;6
2017-08-06;8;2017-08-06 08:00:00;16,32;9,45;6,870000000000001;41360;7736;53079;7208;6790;7403;14193;14944;-418;-333;-751;-0,05291340801803706;-0,06156111929307806;-0,044981764149669055;0,42095588235294124;2;6
2017-08-06;9;2017-08-06 09:00:00;18,0;10,6;7,4;41360;13133;53079;7896;6828;12025;18853;21029;-1068;-1108;-2176;-0,11541929666366095;-0,15641476274165203;-0,09214137214137214;0,41111111111111115;2;6
2017-08-06;10;2017-08-06 10:00:00;10,46;6,51;3,950000000000001;41360;16913;53079;8822;7203;15570;22773;25735;-1619;-1343;-2962;-0,13006630659113863;-0,22476745800360962;-0,08625561978163135;0,37762906309751443;2;6
2017-08-06;11;2017-08-06 11:00:00;13,33;4,37;8,96;41360;18732;53079;9539;7633;17840;25473;28271;-1906;-892;-2798;-0,10984179327130687;-0,2497052273025023;-0,05;0,6721680420105027;2;6
2017-08-06;12;2017-08-06 12:00:00;14,13;9,33;4,800000000000002;41360;19124;53079;9405;7917;18877;26794;28529;-1488;-247;-1735;-0,06475330297827872;-0,18794998105342933;-0,013084706256290725;0,3397027600849258;2;6
2017-08-06;13;2017-08-06 13:00:00;10,83;11,81;-0,9800000000000004;41360;18368;53079;9497;8006;18796;26802;27865;-1491;428;-1063;-0,039661219311991645;-0,18623532350736946;0,022770802298361353;-0,09048938134810715;2;6
2017-08-06;14;2017-08-06 14:00:00;10,41;11,15;-0,7400000000000002;41360;17738;53079;9203;7908;17756;25664;26941;-1295;18;-1277;-0,049758416458852865;-0,16375821952453212;0,0010137418337463392;-0,07108549471661865;2;6
2017-08-06;15;2017-08-06 15:00:00;10,32;11,16;-0,8399999999999999;41360;15954;53079;8931;7580;15805;23385;24885;-1351;-149;-1500;-0,06414368184733804;-0,17823218997361479;-0,009427396393546346;-0,08139534883720928;2;6
2017-08-06;16;2017-08-06 16:00:00;13,01;10,17;2,84;41360;13479;53079;7774;7099;13133;20232;21253;-675;-346;-1021;-0,0504646105179913;-0,09508381462177772;-0,026345846341277696;0,21829362029208302;2;6
2017-08-06;17;2017-08-06 17:00:00;19,57;17,17;2,3999999999999986;41360;10061;53079;6628;6324;9647;15971;16689;-304;-414;-718;-0,04495648362657317;-0,0480708412397217;-0,042914895822535506;0,12263668880940207;2;6
2017-08-06;18;2017-08-06 18:00:00;28,66;29,5;-0,8399999999999999;41360;6357;53079;5347;5257;5664;10921;11704;-90;-693;-783;-0,07169673106858346;-0,017120030435609664;-0,12235169491525423;-0,029309141660851357;2;6
2017-08-06;19;2017-08-06 19:00:00;32,94;32,41;0,5300000000000011;41360;2609;53079;3956;4156;2233;6389;6565;200;-376;-176;-0,027547347002660823;0,04812319538017324;-0,1683833407971339;0,01608986035215547;2;6
2017-08-06;20;2017-08-06 20:00:00;34,95;32,73;2,220000000000006;41360;404;53079;2541;3285;408;3693;2945;744;4;748;0,2025453560790685;0,2264840182648402;0,00980392156862745;0,0635193133047212;2;6
2017-08-06;21;2017-08-06 21:00:00;36,05;35,19;0,8599999999999994;41360;1;53079;2006;2872;3;2875;2007;866;2;868;0,30191304347826087;0,30153203342618384;0,6666666666666666;0,02385575589459083;2;6
2017-08-06;22;2017-08-06 22:00:00;36,07;35,86;0,21000000000000085;41360;0;53079;1820;2706;0;2706;1820;886;0;886;0,32742054693274203;0,32742054693274203;;0,005822012752980339;2;6
2017-08-06;23;2017-08-06 23:00:00;34,94;35,21;-0,2700000000000031;41360;0;53079;1825;2634;0;2634;1825;809;0;809;0,3071374335611238;0,3071374335611238;;-0,007727532913566203;2;6
2017-08-07;0;2017-08-07 00:00:00;31,1;26,85;4,25;41362;0;53079;1962;2469;0;2469;1962;507;0;507;0,20534629404617255;0,20534629404617255;;0,13665594855305466;2;0
2017-08-07;1;2017-08-07 01:00:00;28,0;23,7;4,300000000000002;41362;0;53079;2399;2568;0;2568;2399;169;0;169;0,06580996884735202;0,06580996884735202;;0,15357142857142864;2;0
2017-08-07;2;2017-08-07 02:00:00;26,11;22,99;3,120000000000001;41362;0;53079;2932;2843;0;2843;2932;-89;0;-89;-0,03130495954977137;-0,03130495954977137;;0,1194944465721946;2;0
2017-08-07;3;2017-08-07 03:00:00;24,8;20,69;4,1099999999999985;41362;0;53079;3509;3208;0;3208;3509;-301;0;-301;-0,09382793017456359;-0,09382793017456359;;0,16572580645161283;2;0
2017-08-07;4;2017-08-07 04:00:00;25,47;19,61;5,8599999999999985;41362;0;53079;4292;3743;0;3743;4292;-549;0;-549;-0,14667379107667647;-0,14667379107667647;;0,2300745975657636;2;0
2017-08-07;5;2017-08-07 05:00:00;28,28;20,38;7,900000000000002;41362;11;53079;5159;4251;15;4266;5170;-908;4;-904;-0,21190811064228784;-0,21359680075276405;0,26666666666666666;0,2793493635077794;2;0
2017-08-07;6;2017-08-07 06:00:00;35,18;26,64;8,54;41362;668;53079;6239;4646;655;5301;6907;-1593;-13;-1606;-0,30296170533861533;-0,3428755919070168;-0,01984732824427481;0,24275156338828877;2;0
2017-08-07;7;2017-08-07 07:00:00;37,93;28,92;9,009999999999998;41362;4030;53079;6537;4870;3919;8789;10567;-1667;-111;-1778;-0,20229832745477302;-0,342299794661191;-0,028323551926511866;0,23754284207751114;2;0
2017-08-07;8;2017-08-07 08:00:00;37,85;29,24;8,610000000000003;41362;9645;53079;5225;4653;9656;14309;14870;-572;11;-561;-0,039206094066671325;-0,12293144208037825;0,0011391880695940347;0,22747688243064737;2;0
2017-08-07;9;2017-08-07 09:00:00;36,42;30,41;6,0100000000000025;41362;16068;53079;4295;4344;15902;20246;20363;49;-166;-117;-0,005778919292699793;0,011279926335174955;-0,010438938498302101;0,1650192202086766;2;0
2017-08-07;10;2017-08-07 10:00:00;34,08;31,42;2,6599999999999966;41362;21215;53079;5009;4465;20823;25288;26224;-544;-392;-936;-0,03701360329009807;-0,12183650615901456;-0,0188253373673342;0,07805164319248817;2;0
2017-08-07;11;2017-08-07 11:00:00;33,14;30,13;3,0100000000000016;41362;24165;53079;5890;4697;23995;28692;30055;-1193;-170;-1363;-0,047504530879687715;-0,25399190972961466;-0,007084809335278183;0,09082679541339775;2;0
2017-08-07;12;2017-08-07 12:00:00;29,03;28,36;0,6700000000000017;41362;24884;53079;6499;4834;25566;30400;31383;-1665;682;-983;-0,032335526315789474;-0,34443525031030203;0,026676054134397248;0,02307957285566661;2;0
2017-08-07;13;2017-08-07 13:00:00;26,87;28,13;-1,259999999999998;41362;25183;53079;6202;4794;25855;30649;31385;-1408;672;-736;-0,02401383405657607;-0,29370045890696705;0,02599110423515761;-0,04689244510606617;2;0
2017-08-07;14;2017-08-07 14:00:00;27,47;27,13;0,33999999999999986;41362;24532;53079;5354;4435;24779;29214;29886;-919;247;-672;-0,023002669952762376;-0,2072153325817362;0,009968118164574841;0,012377138696760097;2;0
2017-08-07;15;2017-08-07 15:00:00;29,04;26,83;2,210000000000001;41362;22394;53079;4602;3767;22298;26065;26996;-835;-96;-931;-0,035718396316900054;-0,22166179984072207;-0,004305318862678267;0,07610192837465568;2;0
2017-08-07;16;2017-08-07 16:00:00;32,65;30,01;2,639999999999997;41362;18945;53079;3802;3051;18594;21645;22747;-751;-351;-1102;-0,05091245091245091;-0,24614880367092756;-0,01887705711519845;0,08085758039816224;2;0
2017-08-07;17;2017-08-07 17:00:00;36,95;31,09;5,860000000000002;41362;13763;53079;2951;2499;13442;15941;16714;-452;-321;-773;-0,04849131171193777;-0,18087234893957582;-0,02388037494420473;0,1585926928281462;2;0
2017-08-07;18;2017-08-07 18:00:00;42,16;38,03;4,129999999999996;41362;7616;53079;2318;2329;7343;9672;9934;11;-273;-262;-0,027088502894954507;0,0047230571060541005;-0,037178265014299335;0,09796015180265646;2;0
2017-08-07;19;2017-08-07 19:00:00;45,11;41,65;3,4600000000000013;41362;2651;53079;2007;2632;2487;5119;4658;625;-164;461;0,09005665168978316;0,23746200607902734;-0,06594290309609972;0,07670139658612284;2;0
2017-08-07;20;2017-08-07 20:00:00;44,9;40,07;4,829999999999998;41362;347;53079;2707;3543;439;3982;3054;836;92;928;0,23304871923656453;0,23595822749082698;0,20956719817767655;0,10757238307349662;2;0
2017-08-07;21;2017-08-07 21:00:00;39,94;38,87;1,0700000000000005;41362;0;53079;4846;5175;3;5178;4846;329;3;332;0,06411741985322518;0,06357487922705314;1,0;0,02679018527791689;2;0
2017-08-07;22;2017-08-07 22:00:00;35,92;38,61;-2,6899999999999977;41362;0;53079;7271;6948;0;6948;7271;-323;0;-323;-0,04648819804260219;-0,04648819804260219;;-0,07488864142538969;2;0
2017-08-07;23;2017-08-07 23:00:00;29,94;31,65;-1,7099999999999973;41362;0;53079;8652;8301;0;8301;8652;-351;0;-351;-0,0422840621611854;-0,0422840621611854;;-0,05711422845691373;2;0
2017-08-08;0;2017-08-08 00:00:00;28,09;26,72;1,370000000000001;41366;0;53091;8964;7706;0;7706;8964;-1258;0;-1258;-0,16324941603944979;-0,16324941603944979;;0,04877180491278039;2;1
2017-08-08;1;2017-08-08 01:00:00;26,86;24,18;2,68;41366;0;53091;8581;7876;0;7876;8581;-705;0;-705;-0,08951244286439818;-0,08951244286439818;;0,09977661950856292;2;1
2017-08-08;2;2017-08-08 02:00:00;25,34;23,5;1,84;41366;0;53091;8083;7999;0;7999;8083;-84;0;-84;-0,01050131266408301;-0,01050131266408301;;0,07261247040252565;2;1
2017-08-08;3;2017-08-08 03:00:00;24,59;26,3;-1,7100000000000009;41366;0;53091;7870;8109;0;8109;7870;239;0;239;0,029473424589961772;0,029473424589961772;;-0,06954046360309073;2;1
2017-08-08;4;2017-08-08 04:00:00;24,64;26,2;-1,5599999999999987;41366;0;53091;7899;8303;0;8303;7899;404;0;404;0,04865711188726966;0,04865711188726966;;-0,06331168831168826;2;1
2017-08-08;5;2017-08-08 05:00:00;26,96;28,47;-1,509999999999998;41366;8;53091;8204;8447;13;8460;8212;243;5;248;0,029314420803782507;0,028767609802296673;0,38461538461538464;-0,05600890207715126;2;1
2017-08-08;6;2017-08-08 06:00:00;31,0;37,05;-6,049999999999998;41366;657;53091;9314;8425;617;9042;9971;-889;-40;-929;-0,10274275602742756;-0,1055192878338279;-0,06482982171799027;-0,1951612903225806;2;1
2017-08-08;7;2017-08-08 07:00:00;35,0;38,79;-3,7899999999999987;41366;3697;53091;8904;7930;3460;11390;12601;-974;-237;-1211;-0,10632133450395083;-0,12282471626733922;-0,06849710982658959;-0,10828571428571425;2;1
2017-08-08;8;2017-08-08 08:00:00;36,51;39,65;-3,140000000000001;41366;8175;53091;6987;7078;8176;15254;15162;91;1;92;0,006031204929854464;0,012856739191862109;0,0001223091976516634;-0,08600383456587239;2;1
2017-08-08;9;2017-08-08 09:00:00;37,06;39,52;-2,460000000000001;41366;12451;53091;6073;6614;13166;19780;18524;541;715;1256;0,0634984833164813;0,08179618990021167;0,05430654716694516;-0,06637884511602808;2;1
2017-08-08;10;2017-08-08 10:00:00;36,2;39,47;-3,269999999999996;41366;15981;53091;7514;6793;17063;23856;23495;-721;1082;361;0,015132461435278338;-0,10613867216252024;0,06341206118502021;-0,09033149171270706;2;1
2017-08-08;11;2017-08-08 11:00:00;36,38;37,91;-1,529999999999994;41366;17590;53091;9388;7644;19443;27087;26978;-1744;1853;109;0,004024070587366633;-0,228152799581371;0,0953042225993931;-0,04205607476635497;2;1
2017-08-08;12;2017-08-08 12:00:00;34,74;37,82;-3,0799999999999983;41366;17732;53091;10880;8952;20326;29278;28612;-1928;2594;666;0,022747455427283285;-0,21537086684539766;0,12761979730394568;-0,08865860679332177;2;1
2017-08-08;13;2017-08-08 13:00:00;31,51;34,99;-3,4800000000000004;41366;17442;53091;11724;10248;19781;30029;29166;-1476;2339;863;0,02873888574378101;-0,14402810304449648;0,11824478034477529;-0,11044112980006349;2;1
2017-08-08;14;2017-08-08 14:00:00;29,56;34,77;-5,210000000000004;41366;15417;53091;11521;11172;18057;29229;26938;-349;2640;2291;0,07838105990625749;-0,031238811313999283;0,146203688320319;-0,17625169147496633;2;1
2017-08-08;15;2017-08-08 15:00:00;30,95;36,79;-5,84;41366;12675;53091;12403;11874;15397;27271;25078;-529;2722;2193;0,08041509295588721;-0,044551120094323736;0,17678768591284016;-0,18869143780290792;2;1
2017-08-08;16;2017-08-08 16:00:00;31,33;34,54;-3,2100000000000013;41366;9837;53091;13629;12311;11950;24261;23466;-1318;2113;795;0,032768641028811676;-0,1070587279668589;0,17682008368200836;-0,10245770826683695;2;1
2017-08-08;17;2017-08-08 17:00:00;32,36;34,28;-1,9200000000000017;41366;6654;53091;14024;12307;7959;20266;20678;-1717;1305;-412;-0,020329616105792953;-0,13951409766799383;0,16396532227666794;-0,059332509270704624;2;1
2017-08-08;18;2017-08-08 18:00:00;33,9;34,89;-0,9900000000000021;41366;3706;53091;13697;12150;4221;16371;17403;-1547;515;-1032;-0,0630382994319223;-0,12732510288065843;0,12200900260601753;-0,02920353982300891;2;1
2017-08-08;19;2017-08-08 19:00:00;33,91;34,51;-0,6000000000000014;41366;1514;53091;10832;12345;1518;13863;12346;1513;4;1517;0,10942797374305706;0,12255974078574322;0,002635046113306983;-0,017693895606015968;2;1
2017-08-08;20;2017-08-08 20:00:00;33,03;36,05;-3,019999999999996;41366;206;53091;9412;12934;246;13180;9618;3522;40;3562;0,270257966616085;0,2723055512602443;0,16260162601626016;-0,09143203148652727;2;1
2017-08-08;21;2017-08-08 21:00:00;32,07;37,0;-4,93;41366;0;53091;10639;13764;1;13765;10639;3125;1;3126;0,22709771158735925;0,22704155768671896;1,0;-0,153726223885251;2;1
2017-08-08;22;2017-08-08 22:00:00;31,06;33,87;-2,8099999999999987;41366;0;53091;11690;14271;0;14271;11690;2581;0;2581;0,18085628197042955;0,18085628197042955;;-0,09047005795235025;2;1
2017-08-08;23;2017-08-08 23:00:00;27,97;28,91;-0,9400000000000012;41366;0;53091;12045;14160;0;14160;12045;2115;0;2115;0,149364406779661;0,149364406779661;;-0,03360743653914913;2;1
2017-08-09;0;2017-08-09 00:00:00;25,0;27,95;-2,9499999999999997;41369;0;53101;12304;11515;0;11515;12304;-789;0;-789;-0,06851932262266609;-0,06851932262266609;;-0,118;2;2
2017-08-09;1;2017-08-09 01:00:00;23,63;23,65;-0,01999999999999957;41369;0;53101;12432;11410;0;11410;12432;-1022;0;-1022;-0,08957055214723926;-0,08957055214723926;;-0,0008463817181548697;2;2
2017-08-09;2;2017-08-09 02:00:00;21,13;21,84;-0,7100000000000009;41369;0;53101;13224;11595;0;11595;13224;-1629;0;-1629;-0,14049159120310478;-0,14049159120310478;;-0,033601514434453424;2;2
2017-08-09;3;2017-08-09 03:00:00;19,08;21,36;-2,2800000000000007;41369;0;53101;12938;11693;0;11693;12938;-1245;0;-1245;-0,10647395877875653;-0,10647395877875653;;-0,11949685534591199;2;2
2017-08-09;4;2017-08-09 04:00:00;19,09;20,63;-1,5399999999999991;41369;0;53101;12436;11872;0;11872;12436;-564;0;-564;-0,047506738544474396;-0,047506738544474396;;-0,08067050811943421;2;2
2017-08-09;5;2017-08-09 05:00:00;24,57;26,47;-1,8999999999999984;41369;4;53101;11960;11941;6;11947;11964;-19;2;-17;-0,0014229513685444044;-0,001591156519554476;0,3333333333333333;-0,07733007733007727;2;2
2017-08-09;6;2017-08-09 06:00:00;27,8;35,66;-7,859999999999997;41369;378;53101;12003;11777;460;12237;12381;-226;82;-144;-0,01176759009561167;-0,019189946505901334;0,1782608695652174;-0,2827338129496402;2;2
2017-08-09;7;2017-08-09 07:00:00;31,57;38,04;-6,469999999999999;41369;2608;53101;10839;11624;2720;14344;13447;785;112;897;0,06253485778025655;0,06753269098417068;0,041176470588235294;-0,20494140006335124;2;2
2017-08-09;8;2017-08-09 08:00:00;34,85;40,43;-5,579999999999997;41369;6555;53101;10121;11781;6634;18415;16676;1660;79;1739;0,09443388541949498;0,14090484678719972;0,011908350919505577;-0,16011477761836435;2;2
2017-08-09;9;2017-08-09 09:00:00;33,15;39,99;-6,8400000000000025;41369;11485;53101;10586;12314;11184;23498;22071;1728;-301;1427;0,06072857264448038;0,14032808185804774;-0,026913447782546496;-0,20633484162895935;2;2
2017-08-09;10;2017-08-09 10:00:00;31,49;36,48;-4,989999999999998;41369;16154;53101;11100;12750;15436;28186;27254;1650;-718;932;0,033066061165117434;0,12941176470588237;-0,04651464109873024;-0,15846300412829464;2;2
2017-08-09;11;2017-08-09 11:00:00;31,34;34,96;-3,620000000000001;41369;19702;53101;11490;12793;18744;31537;31192;1303;-958;345;0,01093953134413546;0,10185257562729617;-0,051109688433632096;-0,11550733886407151;2;2
2017-08-09;12;2017-08-09 12:00:00;27,74;32,62;-4,879999999999999;41369;21611;53101;11008;12492;20791;33283;32619;1484;-820;664;0,0199501246882793;0,11879602945885366;-0,039440142369294405;-0,1759192501802451;2;2
2017-08-09;13;2017-08-09 13:00:00;26,56;32,73;-6,169999999999997;41369;21581;53101;10309;12099;21013;33112;31890;1790;-568;1222;0,036905049528871706;0,14794611124886353;-0,027030885642221482;-0,2323042168674698;2;2
2017-08-09;14;2017-08-09 14:00:00;27,75;32,5;-4,75;41369;19829;53101;9274;11593;19901;31494;29103;2319;72;2391;0,07591922270908745;0,2000345035797464;0,003617908647806643;-0,17117117117117117;2;2
2017-08-09;15;2017-08-09 15:00:00;29,96;34,42;-4,460000000000001;41369;17418;53101;8444;10869;17570;28439;25862;2425;152;2577;0,0906150005274447;0,22311160180329376;0,00865110984632897;-0,14886515353805077;2;2
2017-08-09;16;2017-08-09 16:00:00;31,25;34,68;-3,43;41369;14148;53101;7780;9965;14227;24192;21928;2185;79;2264;0,09358465608465609;0,2192674360260913;0,005552822098826175;-0,10976000000000001;2;2
2017-08-09;17;2017-08-09 17:00:00;34,92;37,62;-2,699999999999996;41369;10015;53101;6894;8828;10003;18831;16909;1934;-12;1922;0,10206574265838246;0,21907566832804712;-0,0011996401079676098;-0,07731958762886587;2;2
2017-08-09;18;2017-08-09 18:00:00;35,96;43,54;-7,579999999999997;41369;5391;53101;5636;7535;5450;12985;11027;1899;59;1958;0,15078937235271467;0,2520238885202389;0,010825688073394495;-0,21078976640711894;2;2
2017-08-09;19;2017-08-09 19:00:00;40,1;46,68;-6,579999999999997;41369;1897;53101;4389;6385;1908;8293;6286;1996;11;2007;0,2420113348607259;0,3126076742364918;0,005765199161425576;-0,1640897755610972;2;2
2017-08-09;20;2017-08-09 20:00:00;38,33;50,64;-12,310000000000002;41369;258;53101;3673;5767;315;6082;3931;2094;57;2151;0,3536665570536008;0,3631003988208774;0,18095238095238095;-0,32115836159666067;2;2
2017-08-09;21;2017-08-09 21:00:00;39,42;50,25;-10,829999999999998;41369;0;53101;3919;5716;1;5717;3919;1797;1;1798;0,3145006122092006;0,3143806857942617;1,0;-0,27473363774733633;2;2
2017-08-09;22;2017-08-09 22:00:00;37,35;44,73;-7,3799999999999955;41369;0;53101;4622;5808;0;5808;4622;1186;0;1186;0,20420110192837465;0,20420110192837465;;-0,197590361445783;2;2
2017-08-09;23;2017-08-09 23:00:00;34,51;35,05;-0,5399999999999991;41369;0;53101;5348;5693;0;5693;5348;345;0;345;0,06060073774811171;0,06060073774811171;;-0,01564763836569108;2;2
2017-08-10;0;2017-08-10 00:00:00;29,91;29,27;0,6400000000000006;41374;0;53113;5399;4105;0;4105;5399;-1294;0;-1294;-0,31522533495736904;-0,31522533495736904;;0,021397525911066553;2;3
2017-08-10;1;2017-08-10 01:00:00;28,24;29,06;-0,8200000000000003;41374;0;53113;5432;3985;0;3985;5432;-1447;0;-1447;-0,3631116687578419;-0,3631116687578419;;-0,029036827195467435;2;3
2017-08-10;2;2017-08-10 02:00:00;27,79;26,78;1,009999999999998;41374;0;53113;5050;3960;0;3960;5050;-1090;0;-1090;-0,27525252525252525;-0,27525252525252525;;0,0363440086362;2;3
2017-08-10;3;2017-08-10 03:00:00;26,6;25,4;1,2000000000000028;41374;0;53113;4861;3811;0;3811;4861;-1050;0;-1050;-0,27551823668328523;-0,27551823668328523;;0,04511278195488732;2;3
2017-08-10;4;2017-08-10 04:00:00;26,02;24,71;1,3099999999999987;41374;0;53113;4331;3669;0;3669;4331;-662;0;-662;-0,18043063505042245;-0,18043063505042245;;0,050345887778631776;2;3
2017-08-10;5;2017-08-10 05:00:00;28,44;26,17;2,27;41374;2;53113;3959;3480;4;3484;3961;-479;2;-477;-0,13691159586681975;-0,13764367816091955;0,5;0,07981715893108297;2;3
2017-08-10;6;2017-08-10 06:00:00;33,81;30,31;3,500000000000004;41374;253;53113;3609;3284;265;3549;3862;-325;12;-313;-0,08819385742462665;-0,09896467722289891;0,045283018867924525;0,10351966873706016;2;3
2017-08-10;7;2017-08-10 07:00:00;36,81;36,23;0,5800000000000054;41374;1540;53113;2988;3032;1430;4462;4528;44;-110;-66;-0,014791573285522188;0,014511873350923483;-0,07692307692307693;0,015756587883727392;2;3
2017-08-10;8;2017-08-10 08:00:00;40,88;39,42;1,4600000000000009;41374;3428;53113;2653;2737;3319;6056;6081;84;-109;-25;-0,004128137384412154;0,030690537084398978;-0,03284121723410666;0,03571428571428573;2;3
2017-08-10;9;2017-08-10 09:00:00;41,95;41,76;0,19000000000000486;41374;4954;53113;2352;2573;5317;7890;7306;221;363;584;0,07401774397972116;0,08589195491643996;0,06827158171901448;0,004529201430274251;2;3
2017-08-10;10;2017-08-10 10:00:00;41,95;43,2;-1,25;41374;6706;53113;2255;2559;7002;9561;8961;304;296;600;0,06275494195167869;0,11879640484564283;0,042273636103970294;-0,02979737783075089;2;3
2017-08-10;11;2017-08-10 11:00:00;41,93;45,68;-3,75;41374;8126;53113;2125;2703;8242;10945;10251;578;116;694;0,06340794883508451;0,2138364779874214;0,014074253821887891;-0,0894347722394467;2;3
2017-08-10;12;2017-08-10 12:00:00;41,63;47,87;-6,239999999999995;41374;8930;53113;2088;2966;8974;11940;11018;878;44;922;0,07721943048576214;0,29602157788267025;0,004903053264987743;-0,149891904876291;2;3
2017-08-10;13;2017-08-10 13:00:00;40,95;48,35;-7,399999999999999;41374;9054;53113;2416;3286;9048;12334;11470;870;-6;864;0,07005026755310524;0,2647595861229458;-0,000663129973474801;-0,18070818070818065;2;3
2017-08-10;14;2017-08-10 14:00:00;39,2;45,35;-6,149999999999999;41374;8527;53113;2812;3606;8606;12212;11339;794;79;873;0,07148706190632165;0,2201885745978924;0,009179642110155706;-0,15688775510204078;2;3
2017-08-10;15;2017-08-10 15:00:00;37,88;43,96;-6,079999999999997;41374;7234;53113;3436;3887;7625;11512;10670;451;391;842;0,0731410701876303;0,116027784924106;0,051278688524590166;-0,16050686378035894;2;3
2017-08-10;16;2017-08-10 16:00:00;36,24;42,79;-6,549999999999998;41374;5584;53113;4198;4163;6093;10256;9782;-35;509;474;0,04621684867394696;-0,008407398510689407;0,08353848678811751;-0,1807395143487858;2;3
2017-08-10;17;2017-08-10 17:00:00;37,05;42,49;-5,440000000000005;41374;3811;53113;4712;4412;4285;8697;8523;-300;474;174;0,020006898930665748;-0,06799637352674524;0,11061843640606768;-0,14682860998650488;2;3
2017-08-10;18;2017-08-10 18:00:00;38,0;41,55;-3,549999999999997;41374;2165;53113;5042;4633;2428;7061;7207;-409;263;-146;-0,020676957937969125;-0,08827973235484567;0,10831960461285008;-0,09342105263157888;2;3
2017-08-10;19;2017-08-10 19:00:00;39,61;39,94;-0,3299999999999983;41374;748;53113;5110;4815;911;5726;5858;-295;163;-132;-0,023052741879147746;-0,0612668743509865;0,17892425905598244;-0,008331229487503113;2;3
2017-08-10;20;2017-08-10 20:00:00;35,99;36,42;-0,4299999999999997;41374;98;53113;5136;4955;149;5104;5234;-181;51;-130;-0,025470219435736678;-0,036528758829465185;0,3422818791946309;-0,011947763267574317;2;3
2017-08-10;21;2017-08-10 21:00:00;35,56;36,63;-1,0700000000000005;41374;0;53113;5822;5105;1;5106;5822;-717;1;-716;-0,14022718370544457;-0,14045053868756122;1,0;-0,030089988751406088;2;3
2017-08-10;22;2017-08-10 22:00:00;34,78;34,97;-0,18999999999999773;41374;0;53113;6525;5219;0;5219;6525;-1306;0;-1306;-0,2502395094845756;-0,2502395094845756;;-0,005462909718228801;2;3
2017-08-10;23;2017-08-10 23:00:00;30,97;30,43;0,5399999999999991;41374;0;53113;6615;5214;0;5214;6615;-1401;0;-1401;-0,26869965477560415;-0,26869965477560415;;0,017436228608330617;2;3
2017-08-11;0;2017-08-11 00:00:00;28,99;28,88;0,10999999999999943;41382;0;53124;6080;5226;0;5226;6080;-854;0;-854;-0,16341370072713357;-0,16341370072713357;;0,0037944118661607257;2;4
2017-08-11;1;2017-08-11 01:00:00;28,13;28,69;-0,5600000000000023;41382;0;53124;6099;5185;0;5185;6099;-914;0;-914;-0,17627772420443588;-0,17627772420443588;;-0,019907571987202357;2;4
2017-08-11;2;2017-08-11 02:00:00;27,03;26,86;0,1700000000000017;41382;0;53124;5974;5196;0;5196;5974;-778;0;-778;-0,14973056197074672;-0,14973056197074672;;0,006289308176100692;2;4
2017-08-11;3;2017-08-11 03:00:00;26,29;25,07;1,2199999999999989;41382;0;53124;5266;5017;0;5017;5266;-249;0;-249;-0,049631253737293206;-0,049631253737293206;;0,04640547736782042;2;4
2017-08-11;4;2017-08-11 04:00:00;26,12;26,42;-0,3000000000000007;41382;0;53124;4945;4898;0;4898;4945;-47;0;-47;-0,009595753368721927;-0,009595753368721927;;-0,01148545176110263;2;4
2017-08-11;5;2017-08-11 05:00:00;28,11;28,43;-0,3200000000000003;41382;2;53124;4922;4805;2;4807;4924;-117;0;-117;-0,024339504888703973;-0,024349635796045786;0,0;-0,011383849163998587;2;4
2017-08-11;6;2017-08-11 06:00:00;31,79;32,22;-0,4299999999999997;41382;167;53124;4842;4577;161;4738;5009;-265;-6;-271;-0,057197129590544536;-0,05789818658509941;-0,037267080745341616;-0,013526266121421823;2;4
2017-08-11;7;2017-08-11 07:00:00;40,75;36,84;3,9099999999999966;41382;935;53124;4445;4296;848;5144;5380;-149;-87;-236;-0,045878693623639194;-0,03468342644320298;-0,10259433962264151;0,09595092024539868;2;4
2017-08-11;8;2017-08-11 08:00:00;46,98;42,7;4,279999999999993;41382;1966;53124;3745;3998;1911;5909;5711;253;-55;198;0,033508207818581826;0,0632816408204102;-0,02878074306645735;0,09110259684972315;2;4
2017-08-11;9;2017-08-11 09:00:00;49,68;42,76;6,920000000000003;41382;3324;53124;3215;3789;3011;6800;6539;574;-313;261;0,03838235294117647;0,15149115861704934;-0,10395217535702425;0,13929146537842196;2;4
2017-08-11;10;2017-08-11 10:00:00;51,18;44,57;6,6099999999999985;41382;4508;53124;2890;3703;3875;7578;7398;813;-633;180;0,023752969121140142;0,2195517148258169;-0,16335483870967743;0,1291520125048847;2;4
2017-08-11;11;2017-08-11 11:00:00;61,36;50,37;10,990000000000002;41382;4730;53124;2547;3759;4485;8244;7277;1212;-245;967;0,11729742843279961;0,3224261771747805;-0,054626532887402456;0,17910691003911347;2;4
2017-08-11;12;2017-08-11 12:00:00;52,65;44,85;7,799999999999998;41382;5275;53124;2704;3944;4901;8845;7979;1240;-374;866;0,09790842283776145;0,3144016227180527;-0,07631095694756172;0,1481481481481481;2;4
2017-08-11;13;2017-08-11 13:00:00;46,8;41,92;4,879999999999996;41382;5273;53124;3140;4196;4978;9174;8413;1056;-295;761;0,0829518203618923;0,25166825548141086;-0,059260747288067496;0,10427350427350421;2;4
2017-08-11;14;2017-08-11 14:00:00;39,09;37,83;1,2600000000000051;41382;4790;53124;3432;4425;4845;9270;8222;993;55;1048;0,11305285868392664;0,22440677966101694;0,011351909184726523;0,032233307751343185;2;4
2017-08-11;15;2017-08-11 15:00:00;39,01;35,72;3,2899999999999987;41382;3568;53124;3597;4622;4500;9122;7165;1025;932;1957;0,21453628590221444;0,22176546949372566;0,2071111111111111;0,08433734939759033;2;4
2017-08-11;16;2017-08-11 16:00:00;36,88;33,6;3,280000000000001;41382;2933;53124;3727;4878;3778;8656;6660;1151;845;1996;0,23059149722735675;0,23595735957359573;0,22366331392271044;0,0889370932754881;2;4
2017-08-11;17;2017-08-11 17:00:00;37,42;36,09;1,3299999999999983;41382;2362;53124;4026;5124;2806;7930;6388;1098;444;1542;0,1944514501891551;0,21428571428571427;0,15823235923022094;0,03554249064671294;2;4
2017-08-11;18;2017-08-11 18:00:00;38,08;33,45;4,629999999999996;41382;1707;53124;4584;5183;1688;6871;6291;599;-19;580;0,08441274923591909;0,11557013312753232;-0,011255924170616114;0,12158613445378143;2;4
2017-08-11;19;2017-08-11 19:00:00;36,21;33,39;2,8200000000000003;41382;608;53124;5065;5214;634;5848;5673;149;26;175;0,029924760601915186;0,028576908323743766;0,04100946372239748;0,07787903893951947;2;4
2017-08-11;20;2017-08-11 20:00:00;34,32;32,38;1,9399999999999975;41382;50;53124;5186;5326;87;5413;5236;140;37;177;0,03269905782375762;0,026286143447239955;0,42528735632183906;0,05652680652680645;2;4
2017-08-11;21;2017-08-11 21:00:00;34,61;32,83;1,7800000000000011;41382;0;53124;5110;5682;0;5682;5110;572;0;572;0,10066877859908482;0,10066877859908482;;0,05143022247905233;2;4
2017-08-11;22;2017-08-11 22:00:00;33,36;32,1;1,259999999999998;41382;0;53124;5351;6039;0;6039;5351;688;0;688;0,11392614671303196;0,11392614671303196;;0,03776978417266181;2;4
2017-08-11;23;2017-08-11 23:00:00;30,71;28,26;2,4499999999999997;41382;0;53124;5909;6459;0;6459;5909;550;0;550;0,08515250038705682;0,08515250038705682;;0,07977857375447736;2;4
2017-08-12;0;2017-08-12 00:00:00;25,63;27,48;-1,8500000000000012;41383;0;53139;6394;8150;0;8150;6394;1756;0;1756;0,2154601226993865;0,2154601226993865;;-0,07218103784627394;2;5
2017-08-12;1;2017-08-12 01:00:00;23,05;25,39;-2,34;41383;0;53139;7561;8936;0;8936;7561;1375;0;1375;0,15387197851387646;0,15387197851387646;;-0,10151843817787418;2;5
2017-08-12;2;2017-08-12 02:00:00;20,72;22,22;-1,5;41383;0;53139;8624;9720;0;9720;8624;1096;0;1096;0,11275720164609053;0,11275720164609053;;-0,0723938223938224;2;5
2017-08-12;3;2017-08-12 03:00:00;20,06;18,19;1,8699999999999972;41383;0;53139;9098;10217;0;10217;9098;1119;0;1119;0,10952334344719585;0,10952334344719585;;0,09322033898305071;2;5
2017-08-12;4;2017-08-12 04:00:00;18,85;16,18;2,6700000000000017;41383;0;53139;9669;10574;0;10574;9669;905;0;905;0,08558728957821071;0,08558728957821071;;0,1416445623342176;2;5
2017-08-12;5;2017-08-12 05:00:00;17,03;15,64;1,3900000000000006;41383;2;53139;9962;10739;1;10740;9964;777;-1;776;0,07225325884543761;0,0723531055033057;-1,0;0,08162066940692898;2;5
2017-08-12;6;2017-08-12 06:00:00;19,59;17,17;2,4199999999999977;41383;230;53139;10070;10812;193;11005;10300;742;-37;705;0,06406179009541117;0,06862745098039216;-0,19170984455958548;0,12353241449719232;2;5
2017-08-12;7;2017-08-12 07:00:00;20,91;19,26;1,6499999999999986;41383;1379;53139;9732;10815;1106;11921;11111;1083;-273;810;0,06794731985571681;0,10013869625520111;-0,2468354430379747;0,07890961262553794;2;5
2017-08-12;8;2017-08-12 08:00:00;24,37;24,21;0,16000000000000014;41383;3088;53139;9555;10975;2590;13565;12643;1420;-498;922;0,067969037965352;0,12938496583143508;-0,19227799227799228;0,0065654493229380445;2;5
2017-08-12;9;2017-08-12 09:00:00;25,84;27,04;-1,1999999999999993;41383;4870;53139;10026;11497;4208;15705;14896;1471;-662;809;0,05151225724291627;0,1279464208054275;-0,157319391634981;-0,04643962848297211;2;5
2017-08-12;10;2017-08-12 10:00:00;25,36;26,58;-1,2199999999999989;41383;6672;53139;10997;12255;5710;17965;17669;1258;-962;296;0,0164764820484275;0,10265197878416972;-0,16847635726795096;-0,04810725552050469;2;5
2017-08-12;11;2017-08-12 11:00:00;25,5;24,25;1,25;41383;8498;53139;12260;13064;6996;20060;20758;804;-1502;-698;-0,03479561316051844;0,061543172075933864;-0,214694110920526;0,049019607843137254;2;5
2017-08-12;12;2017-08-12 12:00:00;24,49;20,14;4,349999999999998;41383;9904;53139;13852;13903;7829;21732;23756;51;-2075;-2024;-0,09313454813178723;0,00366827303459685;-0,2650402350236301;0,17762351980400157;2;5
2017-08-12;13;2017-08-12 13:00:00;19,01;10,22;8,790000000000001;41383;10163;53139;14668;14589;7974;22563;24831;-79;-2189;-2268;-0,10051854806541684;-0,005415038727808623;-0,2745171808377226;0,46238821672803787;2;5
2017-08-12;14;2017-08-12 14:00:00;15,23;3,85;11,38;41383;9827;53139;15497;14849;7627;22476;25324;-648;-2200;-2848;-0,12671293824523935;-0,04363930230991986;-0,2884489314278222;0,747209455022981;2;5
2017-08-12;15;2017-08-12 15:00:00;16,41;4,56;11,85;41383;9164;53139;16220;14782;6824;21606;25384;-1438;-2340;-3778;-0,174858835508655;-0,09728047625490462;-0,3429073856975381;0,7221206581352834;2;5
2017-08-12;16;2017-08-12 16:00:00;15,99;2,09;13,9;41383;7460;53139;16142;14689;5499;20188;23602;-1453;-1961;-3414;-0,16911036259163859;-0,09891755735584451;-0,35661029278050554;0,8692933083176986;2;5
2017-08-12;17;2017-08-12 17:00:00;18,77;7,92;10,85;41383;5232;53139;16270;14423;3972;18395;21502;-1847;-1260;-3107;-0,16890459363957597;-0,1280593496498648;-0,31722054380664655;0,5780500799147575;2;5
2017-08-12;18;2017-08-12 18:00:00;24,81;18,13;6,68;41383;3129;53139;15079;14014;2315;16329;18208;-1065;-814;-1879;-0,11507134545899933;-0,07599543313829028;-0,3516198704103672;0,26924627166465137;2;5
2017-08-12;19;2017-08-12 19:00:00;25,44;20,63;4,810000000000001;41383;1174;53139;14330;13701;872;14573;15504;-629;-302;-931;-0,06388526727509779;-0,04590905773301219;-0,3463302752293578;0,1890723270440252;2;5
2017-08-12;20;2017-08-12 20:00:00;25,67;20,98;4,690000000000001;41383;114;53139;14235;13623;121;13744;14349;-612;7;-605;-0,04401920838183935;-0,044924025545034135;0,05785123966942149;0,18270354499415664;2;5
2017-08-12;21;2017-08-12 21:00:00;25,54;21,8;3,7399999999999984;41383;0;53139;14696;13764;0;13764;14696;-932;0;-932;-0,06771287416448707;-0,06771287416448707;;0,14643696162881747;2;5
2017-08-12;22;2017-08-12 22:00:00;24,02;18,11;5,91;41383;0;53139;14805;13953;0;13953;14805;-852;0;-852;-0,06106213717480112;-0,06106213717480112;;0,246044962531224;2;5
2017-08-12;23;2017-08-12 23:00:00;17,93;14,31;3,6199999999999988;41383;0;53139;14458;14005;0;14005;14458;-453;0;-453;-0,032345590860406996;-0,032345590860406996;;0,20189626324595644;2;5
2017-08-13;0;2017-08-13 00:00:00;15,74;10,89;4,85;41383;0;53139;13482;12721;0;12721;13482;-761;0;-761;-0,059822341010926816;-0,059822341010926816;;0,30813214739517153;2;6
2017-08-13;1;2017-08-13 01:00:00;15,42;8,99;6,43;41383;0;53139;12181;11878;0;11878;12181;-303;0;-303;-0,025509345007577032;-0,025509345007577032;;0,4169909208819714;2;6
2017-08-13;2;2017-08-13 02:00:00;12,93;8,8;4,129999999999999;41383;0;53139;11012;11043;0;11043;11012;31;0;31;0,002807208186181291;0,002807208186181291;;0,31941221964423816;2;6
2017-08-13;3;2017-08-13 03:00:00;11,64;7,8;3,8400000000000007;41383;0;53139;9708;9931;0;9931;9708;223;0;223;0,022454939079649582;0,022454939079649582;;0,3298969072164949;2;6
2017-08-13;4;2017-08-13 04:00:00;13,34;9,18;4,16;41383;0;53139;8451;8966;0;8966;8451;515;0;515;0,057439214811510146;0,057439214811510146;;0,3118440779610195;2;6
2017-08-13;5;2017-08-13 05:00:00;11,95;8,94;3,01;41383;2;53139;7612;7986;3;7989;7614;374;1;375;0,04693954187007135;0,046831955922865015;0,3333333333333333;0,2518828451882845;2;6
2017-08-13;6;2017-08-13 06:00:00;11,77;10,47;1,299999999999999;41383;275;53139;6423;7005;295;7300;6698;582;20;602;0,08246575342465753;0,08308351177730193;0,06779661016949153;0,11045029736618513;2;6
2017-08-13;7;2017-08-13 07:00:00;16,07;13,39;2,68;41383;1888;53139;5303;6084;1797;7881;7191;781;-91;690;0,08755234107346783;0,12836949375410914;-0,05063995548135782;0,16677037958929683;2;6
2017-08-13;8;2017-08-13 08:00:00;19,0;17,86;1,1400000000000006;41383;4776;53139;4236;5348;4457;9805;9012;1112;-319;793;0,08087710351861295;0,20792819745699326;-0,07157280682073143;0,06000000000000003;2;6
2017-08-13;9;2017-08-13 09:00:00;21,02;21,34;-0,3200000000000003;41383;8640;53139;3837;4947;7640;12587;12477;1110;-1000;110;0,008739175339636132;0,22437841115827775;-0,13089005235602094;-0,015223596574690785;2;6
2017-08-13;10;2017-08-13 10:00:00;19,69;16,79;2,9000000000000017;41383;12446;53139;3788;4709;10705;15414;16234;921;-1741;-820;-0,05319839107305047;0,19558292631131874;-0,16263428304530594;0,1472828847130524;2;6
2017-08-13;11;2017-08-13 11:00:00;21,09;13,84;7,25;41383;15154;53139;3935;4603;13309;17912;19089;668;-1845;-1177;-0,06571013845466726;0,14512274603519443;-0,1386279960928695;0,343764817449028;2;6
2017-08-13;12;2017-08-13 12:00:00;19,33;9,55;9,779999999999998;41383;16415;53139;4217;4587;15214;19801;20632;370;-1201;-831;-0,04196757739508106;0,08066274253324614;-0,07894044958590772;0,5059493016037248;2;6
2017-08-13;13;2017-08-13 13:00:00;16,07;7,5;8,57;41383;16810;53139;4518;4620;16023;20643;21328;102;-787;-685;-0,03318316136220511;0,02207792207792208;-0,0491168944642077;0,5332918481642813;2;6
2017-08-13;14;2017-08-13 14:00:00;13,24;9,0;4,24;41383;16777;53139;4609;4589;15944;20533;21386;-20;-833;-853;-0,041542882189645934;-0,004358247984310307;-0,052245358755644754;0,3202416918429003;2;6
2017-08-13;15;2017-08-13 15:00:00;11,8;8,45;3,3500000000000014;41383;15708;53139;4344;4393;14730;19123;20052;49;-978;-929;-0,04858024368561418;0,01115410880946961;-0,06639511201629328;0,28389830508474584;2;6
2017-08-13;16;2017-08-13 16:00:00;10,8;7,37;3,4300000000000006;41383;13682;53139;3813;4091;12459;16550;17495;278;-1223;-945;-0,05709969788519637;0,06795404546565632;-0,09816197126575167;0,31759259259259265;2;6
2017-08-13;17;2017-08-13 17:00:00;21,89;15,87;6,020000000000001;41383;10248;53139;3247;3539;9254;12793;13495;292;-994;-702;-0,054873759087000706;0,08250918338513705;-0,10741301059001512;0,275011420740064;2;6
2017-08-13;18;2017-08-13 18:00:00;28,39;27,95;0,4400000000000013;41383;6064;53139;2419;2808;5288;8096;8483;389;-776;-387;-0,04780138339920949;0,13853276353276353;-0,14674735249621784;0,015498414934836254;2;6
2017-08-13;19;2017-08-13 19:00:00;33,0;34,13;-1,1300000000000026;41383;2089;53139;1696;2107;1815;3922;3785;411;-274;137;0,03493115757266701;0,1950640721404841;-0,15096418732782368;-0,03424242424242432;2;6
2017-08-13;20;2017-08-13 20:00:00;34,98;37,52;-2,5400000000000063;41383;183;53139;1231;1664;232;1896;1414;433;49;482;0,2542194092827004;0,26021634615384615;0,21120689655172414;-0,07261292166952563;2;6
2017-08-13;21;2017-08-13 21:00:00;36,47;37,74;-1,2700000000000031;41383;0;53139;1210;1560;0;1560;1210;350;0;350;0,22435897435897437;0,22435897435897437;;-0,034823142308747;2;6
2017-08-13;22;2017-08-13 22:00:00;35,8;37,79;-1,990000000000002;41383;0;53139;1312;1573;0;1573;1312;261;0;261;0,1659249841068023;0,1659249841068023;;-0,05558659217877101;2;6
2017-08-13;23;2017-08-13 23:00:00;32,0;34,36;-2,3599999999999994;41383;0;53139;1364;1600;0;1600;1364;236;0;236;0,1475;0,1475;;-0,07374999999999998;2;6
2017-08-14;0;2017-08-14 00:00:00;28,69;30,94;-2,25;41386;0;53143;1450;1464;0;1464;1450;14;0;14;0,009562841530054645;0,009562841530054645;;-0,07842453816660858;2;0
2017-08-14;1;2017-08-14 01:00:00;26,37;25,45;0,9200000000000016;41386;0;53143;1531;1498;0;1498;1531;-33;0;-33;-0,022029372496662217;-0,022029372496662217;;0,03488813045127044;2;0
2017-08-14;2;2017-08-14 02:00:00;25,24;24,07;1,1699999999999982;41386;0;53143;1660;1728;0;1728;1660;68;0;68;0,03935185185185185;0,03935185185185185;;0,04635499207606966;2;0
2017-08-14;3;2017-08-14 03:00:00;25,17;23,7;1,4700000000000024;41386;0;53143;1973;1882;0;1882;1973;-91;0;-91;-0,048352816153028694;-0,048352816153028694;;0,058402860548271845;2;0
2017-08-14;4;2017-08-14 04:00:00;25,28;23,99;1,2900000000000027;41386;0;53143;2316;2128;0;2128;2316;-188;0;-188;-0,08834586466165413;-0,08834586466165413;;0,05102848101265833;2;0
2017-08-14;5;2017-08-14 05:00:00;27,64;24,95;2,6900000000000013;41386;2;53143;2928;2411;2;2413;2930;-517;0;-517;-0,21425611272275177;-0,21443384487764414;0,0;0,09732272069464548;2;0
2017-08-14;6;2017-08-14 06:00:00;32,9;32,27;0,6299999999999955;41386;448;53143;3862;2596;454;3050;4310;-1266;6;-1260;-0,4131147540983607;-0,487673343605547;0,013215859030837005;0,019148936170212627;2;0
2017-08-14;7;2017-08-14 07:00:00;37,9;36,88;1,019999999999996;41386;3419;53143;4380;2654;3192;5846;7799;-1726;-227;-1953;-0,33407458091002395;-0,6503391107761869;-0,07111528822055138;0,026912928759894355;2;0
2017-08-14;8;2017-08-14 08:00:00;38,44;35,03;3,4099999999999966;41386;8784;53143;3488;2406;8212;10618;12272;-1082;-572;-1654;-0,15577321529478244;-0,44970906068162925;-0,06965416463711642;0,08870967741935476;2;0
2017-08-14;9;2017-08-14 09:00:00;36,64;34,03;2,6099999999999994;41386;15068;53143;2903;2081;13844;15925;17971;-822;-1224;-2046;-0,12847723704866562;-0,39500240269101394;-0,08841375325050563;0,07123362445414845;2;0
2017-08-14;10;2017-08-14 10:00:00;35,04;31,72;3,3200000000000003;41386;20216;53143;3034;2038;18505;20543;23250;-996;-1711;-2707;-0,13177237988609258;-0,4887144259077527;-0,0924614968927317;0,0947488584474886;2;0
2017-08-14;11;2017-08-14 11:00:00;34,96;29,88;5,080000000000002;41386;23553;53143;2981;2156;21643;23799;26534;-825;-1910;-2735;-0,11492079499138619;-0,3826530612244898;-0,08825024257265629;0,14530892448512592;2;0
2017-08-14;12;2017-08-14 12:00:00;33,4;29,2;4,199999999999998;41386;24704;53143;2850;2419;23157;25576;27554;-431;-1547;-1978;-0,07733812949640288;-0,1781727986771393;-0,06680485382389774;0,12574850299401194;2;0
2017-08-14;13;2017-08-14 13:00:00;31,93;28,26;3,669999999999998;41386;24450;53143;2917;2565;23039;25604;27367;-352;-1411;-1763;-0,06885642868301828;-0,13723196881091618;-0,06124397760319458;0,11493892890698397;2;0
2017-08-14;14;2017-08-14 14:00:00;31,87;28,39;3,4800000000000004;41386;22778;53143;3164;2616;21492;24108;25942;-548;-1286;-1834;-0,07607433217189315;-0,20948012232415902;-0,059836218127675415;0,10919359899592093;2;0
2017-08-14;15;2017-08-14 15:00:00;33,0;29,31;3,690000000000001;41386;20188;53143;3763;2688;18764;21452;23951;-1075;-1424;-2499;-0,11649263471937349;-0,39992559523809523;-0,07589000213174163;0,11181818181818184;2;0
2017-08-14;16;2017-08-14 16:00:00;34,87;29,35;5,519999999999996;41386;16630;53143;4423;2914;15283;18197;21053;-1509;-1347;-2856;-0,15694894762873002;-0,5178448867536033;-0,08813714584832821;0,15830226555778595;2;0
2017-08-14;17;2017-08-14 17:00:00;37,07;30,91;6,16;41386;11940;53143;5024;3380;10740;14120;16964;-1644;-1200;-2844;-0,20141643059490086;-0,4863905325443787;-0,11173184357541899;0,1661721068249258;2;0
2017-08-14;18;2017-08-14 18:00:00;39,64;33,22;6,420000000000003;41386;6538;53143;5512;4218;5736;9954;12050;-1294;-802;-2096;-0,21056861563190676;-0,30678046467520154;-0,1398186889818689;0,161957618567104;2;0
2017-08-14;19;2017-08-14 19:00:00;41,96;37,46;4,5;41386;2131;53143;5849;5487;1854;7341;7980;-362;-277;-639;-0,08704536166734778;-0,06597412064880627;-0,1494066882416397;0,10724499523355577;2;0
2017-08-14;20;2017-08-14 20:00:00;38,39;36,15;2,240000000000002;41386;178;53143;7542;7212;223;7435;7720;-330;45;-285;-0,03833221250840619;-0,045757071547420966;0,20179372197309417;0,05834852826256843;2;0
2017-08-14;21;2017-08-14 21:00:00;37,76;37,61;0,14999999999999858;41386;0;53143;11071;9235;0;9235;11071;-1836;0;-1836;-0,19880887926367083;-0,19880887926367083;;0,003972457627118607;2;0
2017-08-14;22;2017-08-14 22:00:00;32,96;33,8;-0,8399999999999963;41386;0;53143;13396;10920;0;10920;13396;-2476;0;-2476;-0,22673992673992674;-0,22673992673992674;;-0,02548543689320377;2;0
2017-08-14;23;2017-08-14 23:00:00;26,82;25,98;0,8399999999999999;41386;0;53143;14250;11845;0;11845;14250;-2405;0;-2405;-0,2030392570704939;-0,2030392570704939;;0,03131991051454138;2;0
2017-08-15;0;2017-08-15 00:00:00;23,9;22,92;0,9799999999999968;41391;0;53152;14020;13053;0;13053;14020;-967;0;-967;-0,07408258637861029;-0,07408258637861029;;0,04100418410041828;2;1
2017-08-15;1;2017-08-15 01:00:00;23,05;21,4;1,650000000000002;41391;0;53152;13110;12849;0;12849;13110;-261;0;-261;-0,020312864814382443;-0,020312864814382443;;0,07158351409978315;2;1
2017-08-15;2;2017-08-15 02:00:00;22,07;22,72;-0,6499999999999986;41391;0;53152;12302;12563;0;12563;12302;261;0;261;0,02077529252567062;0,02077529252567062;;-0,029451744449478866;2;1
2017-08-15;3;2017-08-15 03:00:00;19,3;22,02;-2,719999999999999;41391;0;53152;11381;11952;0;11952;11381;571;0;571;0,047774431057563585;0,047774431057563585;;-0,14093264248704657;2;1
2017-08-15;4;2017-08-15 04:00:00;19,25;22,08;-2,8299999999999983;41391;0;53152;10324;11331;0;11331;10324;1007;0;1007;0,0888712381960992;0,0888712381960992;;-0,14701298701298693;2;1
2017-08-15;5;2017-08-15 05:00:00;21,47;25,45;-3,98;41391;2;53152;9588;10838;2;10840;9590;1250;0;1250;0,11531365313653137;0,11533493264439934;0,0;-0,18537494177922684;2;1
2017-08-15;6;2017-08-15 06:00:00;26,23;30,56;-4,329999999999998;41391;415;53152;9535;10426;435;10861;9950;891;20;911;0,08387809593960041;0,08545942835219643;0,04597701149425287;-0,16507815478459772;2;1
2017-08-15;7;2017-08-15 07:00:00;26,96;30,42;-3,4600000000000013;41391;3369;53152;8658;9658;3225;12883;12027;1000;-144;856;0,066444151207017;0,10354110581901015;-0,044651162790697675;-0,1283382789317508;2;1
2017-08-15;8;2017-08-15 08:00:00;27,96;33,02;-5,060000000000001;41391;8685;53152;6445;8305;8400;16705;15130;1860;-285;1575;0,09428314875785693;0,22396146899458158;-0,033928571428571426;-0,18097281831187415;2;1
2017-08-15;9;2017-08-15 09:00:00;26,84;33,48;-6,639999999999998;41391;14312;53152;5008;6788;14093;20881;19320;1780;-219;1561;0,07475695608447872;0,26222746022392457;-0,01553962960334918;-0,247391952309985;2;1
2017-08-15;10;2017-08-15 10:00:00;26,08;32,04;-5,960000000000001;41391;18420;53152;4960;5772;18818;24590;23380;812;398;1210;0,04920699471329809;0,14067914067914067;0,021149962801572962;-0,22852760736196323;2;1
2017-08-15;11;2017-08-15 11:00:00;26,69;30,76;-4,07;41391;20720;53152;5683;5511;22099;27610;26403;-172;1379;1207;0,04371604491126403;-0,031210306659408455;0,062401013620525816;-0,1524915698763582;2;1
2017-08-15;12;2017-08-15 12:00:00;25,38;30,24;-4,8599999999999985;41391;21897;53152;6113;5874;23603;29477;28010;-239;1706;1467;0,04976761542897853;-0,040687776642832824;0,07227894759140788;-0,1914893617021276;2;1
2017-08-15;13;2017-08-15 13:00:00;23,07;27,22;-4,149999999999999;41391;22263;53152;6424;6465;23430;29895;28687;41;1167;1208;0,040408094999163736;0,00634184068058778;0,049807938540332906;-0,17988729952319021;2;1
2017-08-15;14;2017-08-15 14:00:00;21,26;27,97;-6,709999999999997;41391;20596;53152;6160;6951;21922;28873;26756;791;1326;2117;0,07332109583347764;0,11379657603222558;0,06048718182647569;-0,31561618062088415;2;1
2017-08-15;15;2017-08-15 15:00:00;25,18;31,14;-5,960000000000001;41391;17085;53152;5798;7165;19124;26289;22883;1367;2039;3406;0,1295598919700255;0,19078855547801815;0,10661995398452206;-0,2366957903097697;2;1
2017-08-15;16;2017-08-15 16:00:00;26,08;32,87;-6,789999999999999;41391;12235;53152;6336;7275;15041;22316;18571;939;2806;3745;0,1678168130489335;0,1290721649484536;0,18655674489728077;-0,2603527607361963;2;1
2017-08-15;17;2017-08-15 17:00:00;31,34;38,0;-6,66;41391;7459;53152;5970;7182;9922;17104;13429;1212;2463;3675;0,2148620205799813;0,16875522138680032;0,24823624269300545;-0,21250797702616464;2;1
2017-08-15;18;2017-08-15 18:00:00;35,24;42,21;-6,969999999999999;41391;3638;53152;6446;6963;4909;11872;10084;517;1271;1788;0,15060646900269542;0,07424960505529225;0,25891220207781623;-0,19778660612939836;2;1
2017-08-15;19;2017-08-15 19:00:00;35,3;48,19;-12,89;41391;1029;53152;7171;7183;1462;8645;8200;12;433;445;0,05147484094852516;0,0016706111652512877;0,2961696306429549;-0,3651558073654391;2;1
2017-08-15;20;2017-08-15 20:00:00;35,36;45,05;-9,689999999999998;41391;80;53152;8431;7572;159;7731;8511;-859;79;-780;-0,10089251067132324;-0,11344426835710512;0,4968553459119497;-0,27403846153846145;2;1
2017-08-15;21;2017-08-15 21:00:00;34,95;41,95;-7,0;41391;0;53152;8968;7905;0;7905;8968;-1063;0;-1063;-0,134471853257432;-0,134471853257432;;-0,20028612303290413;2;1
2017-08-15;22;2017-08-15 22:00:00;29,04;37,75;-8,71;41391;0;53152;8558;8295;0;8295;8558;-263;0;-263;-0,03170584689572031;-0,03170584689572031;;-0,29993112947658407;2;1
2017-08-15;23;2017-08-15 23:00:00;27,1;35,23;-8,129999999999995;41391;0;53152;7885;8460;0;8460;7885;575;0;575;0,06796690307328605;0,06796690307328605;;-0,2999999999999998;2;1
2017-08-16;0;2017-08-16 00:00:00;28,93;34,84;-5,910000000000004;41396;0;53164;7450;8919;0;8919;7450;1469;0;1469;0,16470456329184885;0,16470456329184885;;-0,20428620808848957;2;2
2017-08-16;1;2017-08-16 01:00:00;27,99;34,14;-6,150000000000002;41396;0;53164;6470;8907;0;8907;6470;2437;0;2437;0,27360502975188056;0,27360502975188056;;-0,219721329046088;2;2
2017-08-16;2;2017-08-16 02:00:00;27,11;33,08;-5,969999999999999;41396;0;53164;5896;9031;0;9031;5896;3135;0;3135;0,3471376370280146;0,3471376370280146;;-0,22021394319439316;2;2
2017-08-16;3;2017-08-16 03:00:00;26,79;30,63;-3,84;41396;0;53164;5626;8671;0;8671;5626;3045;0;3045;0,3511705685618729;0,3511705685618729;;-0,1433370660694289;2;2
2017-08-16;4;2017-08-16 04:00:00;27,64;28,97;-1,3299999999999983;41396;0;53164;4993;8161;0;8161;4993;3168;0;3168;0,38818772209288077;0,38818772209288077;;-0,04811866859623727;2;2
2017-08-16;5;2017-08-16 05:00:00;28,72;29,81;-1,09;41396;0;53164;4192;7400;0;7400;4192;3208;0;3208;0,4335135135135135;0,4335135135135135;;-0,03795264623955432;2;2
2017-08-16;6;2017-08-16 06:00:00;34,98;35,73;-0,75;41396;162;53164;3941;6474;246;6720;4103;2533;84;2617;0,3894345238095238;0,39125733704046955;0,34146341463414637;-0,021440823327615783;2;2
2017-08-16;7;2017-08-16 07:00:00;37,61;39,58;-1,9699999999999989;41396;1447;53164;3666;5473;1871;7344;5113;1807;424;2231;0,3037854030501089;0,33016627078384797;0,22661678246926778;-0,05237968625365591;2;2
2017-08-16;8;2017-08-16 08:00:00;42,0;42,61;-0,6099999999999994;41396;3931;53164;2414;4635;5019;9654;6345;2221;1088;3309;0,3427594779366066;0,4791801510248112;0,2167762502490536;-0,01452380952380951;2;2
2017-08-16;9;2017-08-16 09:00:00;41,91;45,04;-3,1300000000000026;41396;7991;53164;2109;4077;8944;13021;10100;1968;953;2921;0,22432992857691422;0,48270787343635024;0,10655187835420393;-0,07468384633738971;2;2
2017-08-16;10;2017-08-16 10:00:00;40,92;43,52;-2,6000000000000014;41396;12616;53164;1664;3718;12988;16706;14280;2054;372;2426;0,1452172872022028;0,5524475524475524;0,028641823221435173;-0,06353861192570873;2;2
2017-08-16;11;2017-08-16 11:00:00;40,91;41,46;-0,5500000000000043;41396;16915;53164;1323;3407;16512;19919;18238;2084;-403;1681;0,08439178673628195;0,6116818315233343;-0,024406492248062017;-0,013444145685651535;2;2
2017-08-16;12;2017-08-16 12:00:00;38,44;38,09;0,3499999999999943;41396;19314;53164;1109;3093;18940;22033;20423;1984;-374;1610;0,07307220986701765;0,6414484319430973;-0,019746568109820485;0,009105098855358854;2;2
2017-08-16;13;2017-08-16 13:00:00;36,07;35,32;0,75;41396;19999;53164;1064;2753;19955;22708;21063;1689;-44;1645;0,07244143033292232;0,613512531783509;-0,0022049611626158857;0,020792902689215416;2;2
2017-08-16;14;2017-08-16 14:00:00;35,56;35,92;-0,35999999999999943;41396;19361;53164;861;2423;19757;22180;20222;1562;396;1958;0,08827772768259694;0,6446553858852662;0,020043528875841474;-0,010123734533183335;2;2
2017-08-16;15;2017-08-16 15:00:00;34,31;34,28;0,030000000000001137;41396;17676;53164;752;2070;18071;20141;18428;1318;395;1713;0,08505039471724343;0,6367149758454106;0,021858225886779922;0,0008743806470417119;2;2
2017-08-16;16;2017-08-16 16:00:00;36,27;35,87;0,4000000000000057;41396;14370;53164;625;1708;14749;16457;14995;1083;379;1462;0,08883757671507565;0,6340749414519906;0,02569665740050173;0,011028398125172475;2;2
2017-08-16;17;2017-08-16 17:00:00;39,94;40,14;-0,20000000000000284;41396;9819;53164;560;1334;10238;11572;10379;774;419;1193;0,10309367438645005;0,5802098950524738;0,040925962101973044;-0,005007511266900422;2;2
2017-08-16;18;2017-08-16 18:00:00;41,93;40,82;1,1099999999999994;41396;5216;53164;586;1058;5434;6492;5802;472;218;690;0,10628465804066543;0,44612476370510395;0,04011777695988222;0,026472692582876208;2;2
2017-08-16;19;2017-08-16 19:00:00;43,15;42,1;1,0499999999999972;41396;1708;53164;986;947;1741;2688;2694;-39;33;-6;-0,002232142857142857;-0,04118268215417107;0,018954623779437105;0,024333719582850456;2;2
2017-08-16;20;2017-08-16 20:00:00;41,95;40,32;1,6300000000000026;41396;152;53164;1632;1119;185;1304;1784;-513;33;-480;-0,36809815950920244;-0,4584450402144772;0,1783783783783784;0,038855780691299226;2;2
2017-08-16;21;2017-08-16 21:00:00;40,1;39,6;0,5;41396;0;53164;2628;1661;0;1661;2628;-967;0;-967;-0,5821794099939795;-0,5821794099939795;;0,012468827930174562;2;2
2017-08-16;22;2017-08-16 22:00:00;36,02;36,3;-0,27999999999999403;41396;0;53164;3991;2447;0;2447;3991;-1544;0;-1544;-0,6309767061708215;-0,6309767061708215;;-0,0077734591893390895;2;2
2017-08-16;23;2017-08-16 23:00:00;32,0;30,19;1,8099999999999987;41396;0;53164;5386;3344;0;3344;5386;-2042;0;-2042;-0,6106459330143541;-0,6106459330143541;;0,05656249999999996;2;2
2017-08-17;0;2017-08-17 00:00:00;29,82;27,94;1,879999999999999;41419;0;53192;6114;3730;0;3730;6114;-2384;0;-2384;-0,6391420911528151;-0,6391420911528151;;0,06304493628437287;2;3
2017-08-17;1;2017-08-17 01:00:00;28,44;26,55;1,8900000000000008;41419;0;53192;6474;4301;0;4301;6474;-2173;0;-2173;-0,5052313415484772;-0,5052313415484772;;0,06645569620253167;2;3
2017-08-17;2;2017-08-17 02:00:00;26,96;26,12;0,8399999999999999;41419;0;53192;6574;4919;0;4919;6574;-1655;0;-1655;-0,33645049806871313;-0,33645049806871313;;0,031157270029673584;2;3
2017-08-17;3;2017-08-17 03:00:00;26,83;25,93;0,8999999999999986;41419;0;53192;7068;5214;0;5214;7068;-1854;0;-1854;-0,35558112773302647;-0,35558112773302647;;0,03354453969437192;2;3
2017-08-17;4;2017-08-17 04:00:00;26,96;23,94;3,02;41419;0;53192;7097;5458;0;5458;7097;-1639;0;-1639;-0,30029314767314036;-0,30029314767314036;;0,11201780415430267;2;3
2017-08-17;5;2017-08-17 05:00:00;28,57;27,3;1,2699999999999996;41419;0;53192;7061;5814;1;5815;7061;-1247;1;-1246;-0,21427343078245917;-0,21448228414172688;1,0;0,04445222261113054;2;3
2017-08-17;6;2017-08-17 06:00:00;33,94;32,32;1,6199999999999974;41419;362;53192;7611;6212;368;6580;7973;-1399;6;-1393;-0,21170212765957447;-0,22520927237604635;0,016304347826086956;0,04773129051266935;2;3
2017-08-17;7;2017-08-17 07:00:00;36,9;34,59;2,309999999999995;41419;3044;53192;7520;6404;2804;9208;10564;-1116;-240;-1356;-0,1472632493483927;-0,17426608369768895;-0,08559201141226819;0,06260162601626003;2;3
2017-08-17;8;2017-08-17 08:00:00;40,14;34,7;5,439999999999998;41419;7446;53192;6208;6040;7180;13220;13654;-168;-266;-434;-0,03282904689863843;-0,02781456953642384;-0,037047353760445684;0,13552566018933726;2;3
2017-08-17;9;2017-08-17 09:00:00;39,24;33,57;5,670000000000003;41419;12222;53192;5124;5615;11952;17567;17346;491;-270;221;0,012580406443900495;0,08744434550311665;-0,022590361445783132;0,14449541284403675;2;3
2017-08-17;10;2017-08-17 10:00:00;36,47;33,27;3,199999999999996;41419;16029;53192;5870;6106;15742;21848;21899;236;-287;-51;-0,002334309776638594;0,038650507697346875;-0,01823148265785796;0,08774335069920472;2;3
2017-08-17;11;2017-08-17 11:00:00;36,02;33,62;2,4000000000000057;41419;18259;53192;7436;6990;18191;25181;25695;-446;-68;-514;-0,020412215559350303;-0,06380543633762518;-0,0037381122533120775;0,06662965019433663;2;3
2017-08-17;12;2017-08-17 12:00:00;33,39;34,67;-1,2800000000000011;41419;18805;53192;9384;7998;19156;27154;28189;-1386;351;-1035;-0,03811593135449658;-0,17329332333083272;0,018323240760075174;-0,03833483078766101;2;3
2017-08-17;13;2017-08-17 13:00:00;31,64;32,23;-0,5899999999999963;41419;17892;53192;10551;8993;18470;27463;28443;-1558;578;-980;-0,03568437534136839;-0,17324585788946958;0,031293990254466705;-0,01864728192161809;2;3
2017-08-17;14;2017-08-17 14:00:00;30,0;33,46;-3,4600000000000013;41419;15383;53192;11184;9604;16664;26268;26567;-1580;1281;-299;-0,011382670930409624;-0,16451478550603915;0,07687229956793087;-0,11533333333333337;2;3
2017-08-17;15;2017-08-17 15:00:00;30,19;33,71;-3,52;41419;12714;53192;11890;9781;14104;23885;24604;-2109;1390;-719;-0,03010257483776429;-0,21562212452714447;0,09855360181508792;-0,11659489897316992;2;3
2017-08-17;16;2017-08-17 16:00:00;31,68;35,29;-3,61;41419;9831;53192;12020;9795;11075;20870;21851;-2225;1244;-981;-0,047005270723526595;-0,2271567126084737;0,11232505643340858;-0,1139520202020202;2;3
2017-08-17;17;2017-08-17 17:00:00;35,32;38,4;-3,0799999999999983;41419;6542;53192;12178;9522;7528;17050;18720;-2656;986;-1670;-0,09794721407624633;-0,2789329972694812;0,13097768331562168;-0,08720271800679497;2;3
2017-08-17;18;2017-08-17 18:00:00;37,42;39,06;-1,6400000000000006;41419;3520;53192;11073;9022;3953;12975;14593;-2051;433;-1618;-0,12470134874759152;-0,22733318554644202;0,10953706046040981;-0,0438268305718867;2;3
2017-08-17;19;2017-08-17 19:00:00;38,97;40,92;-1,9500000000000028;41419;1056;53192;10078;8653;1220;9873;11134;-1425;164;-1261;-0,1277220702927175;-0,164682768981856;0,13442622950819672;-0,050038491147036256;2;3
2017-08-17;20;2017-08-17 20:00:00;38,35;39,66;-1,3099999999999952;41419;88;53192;9281;8425;114;8539;9369;-856;26;-830;-0,09720107740953274;-0,10160237388724036;0,22807017543859648;-0,03415906127770522;2;3
2017-08-17;21;2017-08-17 21:00:00;37,62;39,03;-1,4100000000000037;41419;0;53192;8842;8175;0;8175;8842;-667;0;-667;-0,08159021406727829;-0,08159021406727829;;-0,03748006379585337;2;3
2017-08-17;22;2017-08-17 22:00:00;36,87;37,13;-0,2600000000000051;41419;0;53192;8847;7924;0;7924;8847;-923;0;-923;-0,11648157496214033;-0,11648157496214033;;-0,007051803634391243;2;3
2017-08-17;23;2017-08-17 23:00:00;31,7;33,26;-1,5599999999999987;41419;0;53192;8689;7672;0;7672;8689;-1017;0;-1017;-0,1325599582898853;-0,1325599582898853;;-0,04921135646687693;2;3
2017-08-18;0;2017-08-18 00:00:00;29,21;28,5;0,7100000000000009;41425;0;53220;8210;7740;0;7740;8210;-470;0;-470;-0,060723514211886306;-0,060723514211886306;;0,024306744265662473;2;4
2017-08-18;1;2017-08-18 01:00:00;28,29;30,26;-1,9700000000000024;41425;0;53220;7964;7202;0;7202;7964;-762;0;-762;-0,1058039433490697;-0,1058039433490697;;-0,06963591375044194;2;4
2017-08-18;2;2017-08-18 02:00:00;27,28;28,58;-1,2999999999999972;41425;0;53220;7336;7007;0;7007;7336;-329;0;-329;-0,04695304695304695;-0,04695304695304695;;-0,04765395894428142;2;4
2017-08-18;3;2017-08-18 03:00:00;26,35;26,39;-0,03999999999999915;41425;0;53220;7126;6769;0;6769;7126;-357;0;-357;-0,052740434332988625;-0,052740434332988625;;-0,001518026565464863;2;4
2017-08-18;4;2017-08-18 04:00:00;27,7;29,3;-1,6000000000000014;41425;0;53220;6914;6598;0;6598;6914;-316;0;-316;-0,047893301000303125;-0,047893301000303125;;-0,05776173285198561;2;4
2017-08-18;5;2017-08-18 05:00:00;28,61;31,72;-3,1099999999999994;41425;0;53220;6952;6638;0;6638;6952;-314;0;-314;-0,04730340463995179;-0,04730340463995179;;-0,10870325061167423;2;4
2017-08-18;6;2017-08-18 06:00:00;33,63;34,39;-0,7599999999999979;41425;292;53220;7714;6851;303;7154;8006;-863;11;-852;-0,11909421302767682;-0,1259670121150197;0,036303630363036306;-0,022598870056497113;2;4
2017-08-18;7;2017-08-18 07:00:00;38,48;38,58;-0,10000000000000142;41425;2448;53220;8247;7198;2253;9451;10695;-1049;-195;-1244;-0,13162628293302295;-0,14573492636843569;-0,08655126498002663;-0,0025987525987526358;2;4
2017-08-18;8;2017-08-18 08:00:00;42,25;39,4;2,8500000000000014;41425;6080;53220;7684;7629;5713;13342;13764;-55;-367;-422;-0,03162944086343877;-0,00720933280901822;-0,06423945387712235;0,06745562130177518;2;4
2017-08-18;9;2017-08-18 09:00:00;38,88;39,55;-0,6699999999999946;41425;9864;53220;7115;8216;9476;17692;16979;1101;-388;713;0,04030070088175446;0,1340068159688413;-0,04094554664415365;-0,017232510288065703;2;4
2017-08-18;10;2017-08-18 10:00:00;36,1;41,6;-5,5;41425;12902;53220;6948;9105;12425;21530;19850;2157;-477;1680;0,07803065490013934;0,2369028006589786;-0,03839034205231388;-0,1523545706371191;2;4
2017-08-18;11;2017-08-18 11:00:00;36,85;44,06;-7,210000000000001;41425;14840;53220;7206;9934;14406;24340;22046;2728;-434;2294;0,0942481511914544;0,27461244211797864;-0,03012633624878523;-0,19565807327001358;2;4
2017-08-18;12;2017-08-18 12:00:00;36,29;43,18;-6,8900000000000015;41425;15940;53220;7339;10537;15356;25893;23279;3198;-584;2614;0,10095392577144402;0,3035019455252918;-0,038030737171138314;-0,18985946541747042;2;4
2017-08-18;13;2017-08-18 13:00:00;33,17;38,76;-5,589999999999996;41425;16364;53220;7551;10923;15135;26058;23915;3372;-1229;2143;0,08223961931076829;0,30870639934084043;-0,08120251073670301;-0,16852577630388893;2;4
2017-08-18;14;2017-08-18 14:00:00;31,1;36,5;-5,399999999999999;41425;15065;53220;7868;10969;14079;25048;22933;3101;-986;2115;0,08443787927179815;0,28270580727504785;-0,07003338305277364;-0,1736334405144694;2;4
2017-08-18;15;2017-08-18 15:00:00;31,56;36,8;-5,239999999999998;41425;12797;53220;7814;10661;12261;22922;20611;2847;-536;2311;0,10082017275979409;0,26704811931338523;-0,04371584699453552;-0,16603295310519642;2;4
2017-08-18;16;2017-08-18 16:00:00;32,4;38,16;-5,759999999999998;41425;9870;53220;7610;10336;9575;19911;17480;2726;-295;2431;0,1220933152528753;0,26373839009287925;-0,03080939947780679;-0,17777777777777773;2;4
2017-08-18;17;2017-08-18 17:00:00;35,71;40,25;-4,539999999999999;41425;6004;53220;7076;9898;6390;16288;13080;2822;386;3208;0,1969548133595285;0,2851081026469994;0,060406885758998434;-0,12713525623074767;2;4
2017-08-18;18;2017-08-18 18:00:00;37,43;44,35;-6,920000000000003;41425;2467;53220;7865;9284;3240;12524;10332;1419;773;2192;0,17502395400830406;0,1528436018957346;0,23858024691358024;-0,18487843975420792;2;4
2017-08-18;19;2017-08-18 19:00:00;38,7;44,42;-5,719999999999999;41425;648;53220;8338;8586;953;9539;8986;248;305;553;0,057972533808575324;0,028884230142091776;0,3200419727177335;-0,1478036175710594;2;4
2017-08-18;20;2017-08-18 20:00:00;36,99;40,3;-3,309999999999995;41425;58;53220;8096;7913;82;7995;8154;-183;24;-159;-0,019887429643527205;-0,023126500695058765;0,2926829268292683;-0,08948364422816964;2;4
2017-08-18;21;2017-08-18 21:00:00;37,02;36,19;0,8300000000000054;41425;0;53220;8143;7453;0;7453;8143;-690;0;-690;-0,09258016905943915;-0,09258016905943915;;0,022420313344138448;2;4
2017-08-18;22;2017-08-18 22:00:00;34,95;33,86;1,0900000000000034;41425;0;53220;8476;7367;0;7367;8476;-1109;0;-1109;-0,15053617483371792;-0,15053617483371792;;0,031187410586552312;2;4
2017-08-18;23;2017-08-18 23:00:00;29,45;29,59;-0,14000000000000054;41425;0;53220;9550;7658;0;7658;9550;-1892;0;-1892;-0,2470618960564116;-0,2470618960564116;;-0,004753820033955876;2;4
2017-08-19;0;2017-08-19 00:00:00;22,22;29,88;-7,66;41426;0;53226;9923;11321;0;11321;9923;1398;0;1398;0,12348732444130377;0,12348732444130377;;-0,34473447344734476;2;5
2017-08-19;1;2017-08-19 01:00:00;22,01;25,2;-3,1899999999999977;41426;0;53226;11901;12254;0;12254;11901;353;0;353;0,028806920189325933;0,028806920189325933;;-0,14493412085415708;2;5
2017-08-19;2;2017-08-19 02:00:00;13,11;13,16;-0,05000000000000071;41426;0;53226;13204;13106;0;13106;13204;-98;0;-98;-0,00747749122539295;-0,00747749122539295;;-0,003813882532418056;2;5
2017-08-19;3;2017-08-19 03:00:00;10,93;9,87;1,0600000000000005;41426;0;53226;13887;13475;0;13475;13887;-412;0;-412;-0,030575139146567717;-0,030575139146567717;;0,09698078682525164;2;5
2017-08-19;4;2017-08-19 04:00:00;10,47;7,51;2,9600000000000013;41426;0;53226;14738;13597;0;13597;14738;-1141;0;-1141;-0,0839155696109436;-0,0839155696109436;;0,2827125119388731;2;5
2017-08-19;5;2017-08-19 05:00:00;10,93;6,28;4,65;41426;0;53226;14677;13608;0;13608;14677;-1069;0;-1069;-0,0785567313345091;-0,0785567313345091;;0,4254345837145472;2;5
2017-08-19;6;2017-08-19 06:00:00;11,0;8,88;2,119999999999999;41426;208;53226;14592;13762;255;14017;14800;-830;47;-783;-0,05586074052935721;-0,060311001307949426;0,1843137254901961;0,19272727272727266;2;5
2017-08-19;7;2017-08-19 07:00:00;15,93;11,26;4,67;41426;1960;53226;14335;14242;2104;16346;16295;-93;144;51;0,0031200293649822587;-0,006529981744137059;0,06844106463878327;0,29315756434400503;2;5
2017-08-19;8;2017-08-19 08:00:00;20,74;18,52;2,2199999999999993;41426;5010;53226;15127;15196;5687;20883;20137;69;677;746;0,0357228367571709;0,00454066859699921;0,11904343238966063;0,10703953712632591;2;5
2017-08-19;9;2017-08-19 09:00:00;18,96;18,56;0,4000000000000021;41426;8456;53226;16125;16693;9808;26501;24581;568;1352;1920;0,07245009622278405;0,0340262385431019;0,13784665579119088;0,02109704641350222;2;5
2017-08-19;10;2017-08-19 10:00:00;14,62;18,0;-3,3800000000000012;41426;12034;53226;18105;18180;13428;31608;30139;75;1394;1469;0,04647557580359403;0,004125412541254125;0,10381292820971105;-0,23119015047879626;2;5
2017-08-19;11;2017-08-19 11:00:00;12,42;16,18;-3,76;41426;14998;53226;18976;19225;16207;35432;33974;249;1209;1458;0,04114924362158501;0,0129518855656697;0,07459739618683285;-0,3027375201288245;2;5
2017-08-19;12;2017-08-19 12:00:00;7,13;14,19;-7,06;41426;17070;53226;19400;19585;17924;37509;36470;185;854;1039;0,027700018662187742;0,009446004595353587;0,047645614818120956;-0,9901823281907433;2;5
2017-08-19;13;2017-08-19 13:00:00;-0,07;9,53;-9,6;41426;18188;53226;19199;19677;18412;38089;37387;478;224;702;0,018430517997322062;0,02429232098388982;0,012165978709537258;137,14285714285714;2;5
2017-08-19;14;2017-08-19 14:00:00;-4,0;6,14;-10,14;41426;17659;53226;18925;19532;17876;37408;36584;607;217;824;0,022027373823781008;0,031077206635265205;0,012139181024837771;2,535;2;5
2017-08-19;15;2017-08-19 15:00:00;-0,22;2,8;-3,02;41426;15986;53226;18216;19174;16234;35408;34202;958;248;1206;0,034060099412562134;0,049963492229060186;0,015276580017247752;13,727272727272727;2;5
2017-08-19;16;2017-08-19 16:00:00;8,16;5,09;3,0700000000000003;41426;13089;53226;17893;18639;13539;32178;30982;746;450;1196;0,03716825160047237;0,04002360641665326;0,03323731442499446;0,3762254901960785;2;5
2017-08-19;17;2017-08-19 17:00:00;11,33;7,15;4,18;41426;9270;53226;16000;17536;9673;27209;25270;1536;403;1939;0,07126318497555956;0,08759124087591241;0,0416623591440091;0,3689320388349514;2;5
2017-08-19;18;2017-08-19 18:00:00;22,03;21,62;0,41000000000000014;41426;4940;53226;14258;15820;5114;20934;19198;1562;174;1736;0,08292729530906659;0,09873577749683944;0,03402424716464607;0,018610985020426695;2;5
2017-08-19;19;2017-08-19 19:00:00;26,63;25,52;1,1099999999999994;41426;1417;53226;11897;13818;1478;15296;13314;1921;61;1982;0,129576359832636;0,13902156607323782;0,041271989174560215;0,041682313180623334;2;5
2017-08-19;20;2017-08-19 20:00:00;26,63;26,75;-0,12000000000000098;41426;83;53226;11062;12436;131;12567;11145;1374;48;1422;0,11315349725471473;0,11048568671598585;0,366412213740458;-0,004506196019526887;2;5
2017-08-19;21;2017-08-19 21:00:00;27,0;22,88;4,120000000000001;41426;0;53226;10836;11978;0;11978;10836;1142;0;1142;0,09534145934212723;0,09534145934212723;;0,15259259259259264;2;5
2017-08-19;22;2017-08-19 22:00:00;25,33;22,21;3,119999999999997;41426;0;53226;12062;12011;0;12011;12062;-51;0;-51;-0,004246107734576638;-0,004246107734576638;;0,12317410185550719;2;5
2017-08-19;23;2017-08-19 23:00:00;20,05;15,09;4,960000000000001;41426;0;53226;12772;12234;0;12234;12772;-538;0;-538;-0,04397580513323525;-0,04397580513323525;;0,24738154613466337;2;5
2017-08-20;0;2017-08-20 00:00:00;10,84;6,87;3,97;41426;0;53226;12948;11644;0;11644;12948;-1304;0;-1304;-0,1119890072140158;-0,1119890072140158;;0,36623616236162365;2;6
2017-08-20;1;2017-08-20 01:00:00;10,1;3,04;7,06;41426;0;53226;12799;11889;0;11889;12799;-910;0;-910;-0,07654134073513331;-0,07654134073513331;;0,699009900990099;2;6
2017-08-20;2;2017-08-20 02:00:00;9,77;1,08;8,69;41426;0;53226;12928;12095;0;12095;12928;-833;0;-833;-0,06887143447705664;-0,06887143447705664;;0,8894575230296827;2;6
2017-08-20;3;2017-08-20 03:00:00;9,01;0,01;9,0;41426;0;53226;13161;12123;0;12123;13161;-1038;0;-1038;-0,0856223707003217;-0,0856223707003217;;0,9988901220865705;2;6
2017-08-20;4;2017-08-20 04:00:00;5,18;-1,1;6,2799999999999985;41426;0;53226;13214;12169;0;12169;13214;-1045;0;-1045;-0,08587394198372915;-0,08587394198372915;;1,2123552123552122;2;6
2017-08-20;5;2017-08-20 05:00:00;8,51;-1,85;10,36;41426;0;53226;13186;11985;0;11985;13186;-1201;0;-1201;-0,10020859407592825;-0,10020859407592825;;1,217391304347826;2;6
2017-08-20;6;2017-08-20 06:00:00;8,17;-0,99;9,16;41426;269;53226;13444;11663;272;11935;13713;-1781;3;-1778;-0,14897360703812318;-0,15270513589985424;0,011029411764705883;1,1211750305997552;2;6
2017-08-20;7;2017-08-20 07:00:00;5,06;-1,94;7,0;41426;2772;53226;12326;11228;2659;13887;15098;-1098;-113;-1211;-0,08720385972492259;-0,09779123619522621;-0,0424971793907484;1,383399209486166;2;6
2017-08-20;8;2017-08-20 08:00:00;9,65;-1,1;10,75;41426;7757;53226;10974;10766;7519;18285;18731;-208;-238;-446;-0,024391577796007657;-0,019320081738807355;-0,031653145365075144;1,1139896373056994;2;6
2017-08-20;9;2017-08-20 09:00:00;5,59;1,72;3,87;41426;13660;53226;10999;10609;13018;23627;24659;-390;-642;-1032;-0,043678842002793414;-0,03676124045621642;-0,04931633123367645;0,6923076923076923;2;6
2017-08-20;10;2017-08-20 10:00:00;2,66;-2,02;4,68;41426;17780;53226;12367;11439;17254;28693;30147;-928;-526;-1454;-0,05067438051092601;-0,08112597255004808;-0,0304856844789614;1,7593984962406013;2;6
2017-08-20;11;2017-08-20 11:00:00;2,1;-2,94;5,04;41426;19367;53226;14274;12622;19630;32252;33641;-1652;263;-1389;-0,04306709661416346;-0,13088258596102045;0,013397860417727968;2,4;2;6
2017-08-20;12;2017-08-20 12:00:00;-0,01;0,41;-0,42;41426;19030;53226;15021;13361;20482;33843;34051;-1660;1452;-208;-0,006146027243447685;-0,12424219744031136;0,07089151450053706;42,0;2;6
2017-08-20;13;2017-08-20 13:00:00;-14,35;-1,95;-12,4;41426;17771;53226;15306;13766;20096;33862;33077;-1540;2325;785;0,023182328273581004;-0,11186982420456197;0,11569466560509555;0,8641114982578397;2;6
2017-08-20;14;2017-08-20 14:00:00;-12,93;-0,56;-12,37;41426;16509;53226;15976;14078;18820;32898;32485;-1898;2311;413;0,012553954647698947;-0,13482028697258133;0,12279489904357067;0,9566898685228151;2;6
2017-08-20;15;2017-08-20 15:00:00;-6,37;-0,01;-6,36;41426;14881;53226;16025;14282;16530;30812;30906;-1743;1649;-94;-0,0030507594443723225;-0,122041730850021;0,09975801572897762;0,9984301412872841;2;6
2017-08-20;16;2017-08-20 16:00:00;-3,57;0,48;-4,05;41426;12370;53226;15704;14230;13378;27608;28074;-1474;1008;-466;-0,016879165459287162;-0,10358397751229796;0,07534758558827927;1,134453781512605;2;6
2017-08-20;17;2017-08-20 17:00:00;7,53;5,02;2,5100000000000007;41426;8714;53226;14886;13727;9314;23041;23600;-1159;600;-559;-0,02426109977865544;-0,08443214103591462;0,06441915396177797;0,3333333333333334;2;6
2017-08-20;18;2017-08-20 18:00:00;14,13;15,0;-0,8699999999999992;41426;4590;53226;13665;12640;4854;17494;18255;-1025;264;-761;-0,04350062878701269;-0,08109177215189874;0,054388133498145856;-0,061571125265392726;2;6
2017-08-20;19;2017-08-20 19:00:00;26,5;27,01;-0,5100000000000016;41426;1324;53226;12382;11273;1365;12638;13706;-1109;41;-1068;-0,08450704225352113;-0,09837665217776989;0,030036630036630037;-0,019245283018867982;2;6
2017-08-20;20;2017-08-20 20:00:00;28,5;30,55;-2,0500000000000007;41426;74;53226;11368;10330;104;10434;11442;-1038;30;-1008;-0,09660724554341575;-0,1004840271055179;0,28846153846153844;-0,07192982456140354;2;6
2017-08-20;21;2017-08-20 21:00:00;30,57;31,51;-0,9400000000000012;41426;0;53226;11692;9952;0;9952;11692;-1740;0;-1740;-0,17483922829581994;-0,17483922829581994;;-0,030749100425253556;2;6
2017-08-20;22;2017-08-20 22:00:00;29,06;28,77;0,28999999999999915;41426;0;53226;11622;9692;0;9692;11622;-1930;0;-1930;-0,19913330581923236;-0,19913330581923236;;0,009979353062629015;2;6
2017-08-20;23;2017-08-20 23:00:00;23,18;18,04;5,1400000000000015;41426;0;53226;11332;9492;0;9492;11332;-1840;0;-1840;-0,19384745048461863;-0,19384745048461863;;0,22174288179465063;2;6
2017-08-21;0;2017-08-21 00:00:00;19,55;15,93;3,620000000000001;41429;0;53232;11191;11021;0;11021;11191;-170;0;-170;-0,01542509754105798;-0,01542509754105798;;0,1851662404092072;2;0
2017-08-21;1;2017-08-21 01:00:00;12,34;11,69;0,6500000000000004;41429;0;53232;11015;11092;0;11092;11015;77;0;77;0,006941940137035701;0,006941940137035701;;0,052674230145867126;2;0
2017-08-21;2;2017-08-21 02:00:00;10,96;8,97;1,99;41429;0;53232;11059;11192;0;11192;11059;133;0;133;0,011883488205861329;0,011883488205861329;;0,18156934306569342;2;0
2017-08-21;3;2017-08-21 03:00:00;9,74;7,25;2,49;41429;0;53232;11211;11068;0;11068;11211;-143;0;-143;-0,01292013010480665;-0,01292013010480665;;0,25564681724846;2;0
2017-08-21;4;2017-08-21 04:00:00;9,96;10,12;-0,15999999999999834;41429;0;53232;11178;10990;0;10990;11178;-188;0;-188;-0,01710646041856233;-0,01710646041856233;;-0,016064257028112282;2;0
2017-08-21;5;2017-08-21 05:00:00;20,34;20,92;-0,5800000000000018;41429;0;53232;10944;10864;0;10864;10944;-80;0;-80;-0,007363770250368188;-0,007363770250368188;;-0,028515240904621528;2;0
2017-08-21;6;2017-08-21 06:00:00;29,93;33,22;-3,2899999999999987;41429;248;53232;10722;10657;242;10899;10970;-65;-6;-71;-0,006514359115515185;-0,006099277470207376;-0,024793388429752067;-0,10992315402606076;2;0
2017-08-21;7;2017-08-21 07:00:00;35,17;45,71;-10,54;41429;2393;53232;10143;10406;2287;12693;12536;263;-106;157;0,012369022295753564;0,02527388045358447;-0,04634892872759073;-0,2996872334375888;2;0
2017-08-21;8;2017-08-21 08:00:00;36,8;43,84;-7,040000000000006;41429;6615;53232;9306;9939;6324;16263;15921;633;-291;342;0,021029330381848368;0,06368849984907939;-0,04601518026565465;-0,19130434782608713;2;0
2017-08-21;9;2017-08-21 09:00:00;35,54;39,85;-4,310000000000001;41429;11669;53232;9455;9560;10901;20461;21124;105;-768;-663;-0,03240310835247544;0,010983263598326359;-0,0704522520869645;-0,12127180641530674;2;0
2017-08-21;10;2017-08-21 10:00:00;33,77;36,55;-2,779999999999994;41429;15789;53232;10366;9958;14709;24667;26155;-408;-1080;-1488;-0,06032350914176835;-0,04097208274753967;-0,07342443401998776;-0,08232158720758051;2;0
2017-08-21;11;2017-08-21 11:00:00;31,16;34,16;-2,9999999999999964;41429;18085;53232;10696;10388;17245;27633;28781;-308;-840;-1148;-0,04154453009083343;-0,029649595687331536;-0,048709770948100896;-0,09627727856225919;2;0
2017-08-21;12;2017-08-21 12:00:00;30,96;32,56;-1,6000000000000014;41429;18746;53232;10562;10551;18364;28915;29308;-11;-382;-393;-0,013591561473283763;-0,001042555208037153;-0,02080156828577652;-0,05167958656330754;2;0
2017-08-21;13;2017-08-21 13:00:00;29,62;31,79;-2,1699999999999977;41429;19279;53232;10448;10597;18521;29118;29727;149;-758;-609;-0,02091489800123635;0,014060583183919978;-0,04092651584687652;-0,07326130992572578;2;0
2017-08-21;14;2017-08-21 14:00:00;27,93;29,66;-1,7300000000000004;41429;18774;53232;10544;10551;17733;28284;29318;7;-1041;-1034;-0,036557771178051195;0,00066344422329637;-0,05870411097952969;-0,061940565699964215;2;0
2017-08-21;15;2017-08-21 15:00:00;29,87;28,77;1,1000000000000014;41429;16912;53232;10325;10328;15898;26226;27237;3;-1014;-1011;-0,03854953099977122;0,0002904725019364833;-0,06378160774940245;0,03682624707063949;2;0
2017-08-21;16;2017-08-21 16:00:00;32,06;32,42;-0,35999999999999943;41429;13795;53232;10079;9826;13103;22929;23874;-253;-692;-945;-0,04121418291246893;-0,025748015469163443;-0,0528123330534992;-0,011228945726762302;2;0
2017-08-21;17;2017-08-21 17:00:00;34,71;35,57;-0,8599999999999994;41429;9654;53232;9762;8988;9203;18191;19416;-774;-451;-1225;-0,06734099279863669;-0,08611481975967958;-0,04900575899163316;-0,02477672140593487;2;0
2017-08-21;18;2017-08-21 18:00:00;39,8;42,17;-2,3700000000000045;41429;4958;53232;8644;7798;4773;12571;13602;-846;-185;-1031;-0,08201415957362183;-0,10848935624519107;-0,03875968992248062;-0,05954773869346745;2;0
2017-08-21;19;2017-08-21 19:00:00;41,86;43,92;-2,0600000000000023;41429;1372;53232;6822;6366;1281;7647;8194;-456;-91;-547;-0,07153131947168824;-0,07163053722902922;-0,07103825136612021;-0,049211657907310136;2;0
2017-08-21;20;2017-08-21 20:00:00;41,01;43,1;-2,0900000000000034;41429;68;53232;5458;5449;93;5542;5526;-9;25;16;0,00288704438830747;-0,0016516792071939806;0,26881720430107525;-0,05096317971226539;2;0
2017-08-21;21;2017-08-21 21:00:00;40,31;42,16;-1,8499999999999943;41429;0;53232;5235;4929;0;4929;5235;-306;0;-306;-0,0620815581253804;-0,0620815581253804;;-0,04589431902753645;2;0
2017-08-21;22;2017-08-21 22:00:00;37,71;39,21;-1,5;41429;0;53232;4946;4669;0;4669;4946;-277;0;-277;-0,05932747911758406;-0,05932747911758406;;-0,03977724741447892;2;0
2017-08-21;23;2017-08-21 23:00:00;32,0;32,61;-0,6099999999999994;41429;0;53232;4796;4506;0;4506;4796;-290;0;-290;-0,06435863293386596;-0,06435863293386596;;-0,019062499999999982;2;0
2017-08-22;0;2017-08-22 00:00:00;32,77;34,83;-2,059999999999995;41434;0;53243;4611;4255;0;4255;4611;-356;0;-356;-0,0836662749706228;-0,0836662749706228;;-0,06286237412267302;2;1
2017-08-22;1;2017-08-22 01:00:00;30,0;30,92;-0,9200000000000016;41434;0;53243;4559;4159;0;4159;4559;-400;0;-400;-0,09617696561673479;-0,09617696561673479;;-0,03066666666666672;2;1
2017-08-22;2;2017-08-22 02:00:00;29,53;30,75;-1,2199999999999989;41434;0;53243;4734;4187;0;4187;4734;-547;0;-547;-0,13064246477191307;-0,13064246477191307;;-0,041313918049441206;2;1
2017-08-22;3;2017-08-22 03:00:00;27,9;28,13;-0,23000000000000045;41434;0;53243;4754;4098;0;4098;4754;-656;0;-656;-0,1600780868716447;-0,1600780868716447;;-0,008243727598566324;2;1
2017-08-22;4;2017-08-22 04:00:00;27,78;25,71;2,0700000000000003;41434;0;53243;4666;4001;0;4001;4666;-665;0;-665;-0,166208447888028;-0,166208447888028;;0,07451403887688986;2;1
2017-08-22;5;2017-08-22 05:00:00;31,78;28,43;3,3500000000000014;41434;0;53243;4392;3872;0;3872;4392;-520;0;-520;-0,13429752066115702;-0,13429752066115702;;0,10541220893643805;2;1
2017-08-22;6;2017-08-22 06:00:00;37,71;33,83;3,8800000000000026;41434;249;53243;3940;3652;252;3904;4189;-288;3;-285;-0,07300204918032786;-0,07886089813800658;0,011904761904761904;0,10289047997878553;2;1
2017-08-22;7;2017-08-22 07:00:00;42,24;42,47;-0,2299999999999969;41434;2580;53243;3607;3367;2534;5901;6187;-240;-46;-286;-0,04846636163362142;-0,07128007128007129;-0,018153117600631413;-0,005445075757575684;2;1
2017-08-22;8;2017-08-22 08:00:00;42,42;41,28;1,1400000000000006;41434;7124;53243;3130;3003;7209;10212;10254;-127;85;-42;-0,004112808460634548;-0,04229104229104229;0,011790817034262727;0,026874115983026886;2;1
2017-08-22;9;2017-08-22 09:00:00;39,99;40,74;-0,75;41434;12545;53243;2780;2860;12448;15308;15325;80;-97;-17;-0,001110530441599164;0,027972027972027972;-0,007792416452442159;-0,018754688672168042;2;1
2017-08-22;10;2017-08-22 10:00:00;37,76;38,48;-0,7199999999999989;41434;17219;53243;3397;3318;16751;20069;20616;-79;-468;-547;-0,027255966914146196;-0,023809523809523808;-0,027938630529520624;-0,01906779661016946;2;1
2017-08-22;11;2017-08-22 11:00:00;36,91;36,65;0,259999999999998;41434;20443;53243;3871;3779;19647;23426;24314;-92;-796;-888;-0,0379065995048237;-0,024345064831966128;-0,04051509136254899;0,00704416147385527;2;1
2017-08-22;12;2017-08-22 12:00:00;35,57;35,46;0,10999999999999943;41434;21532;53243;4417;4060;21003;25063;25949;-357;-529;-886;-0,035350915692455014;-0,08793103448275862;-0,025186878065038328;0,003092493674444741;2;1
2017-08-22;13;2017-08-22 13:00:00;35,36;35,68;-0,3200000000000003;41434;20974;53243;4628;4197;21096;25293;25602;-431;122;-309;-0,012216818882694817;-0,1026923993328568;0,005783086841107319;-0,009049773755656116;2;1
2017-08-22;14;2017-08-22 14:00:00;35,08;36,18;-1,1000000000000014;41434;20316;53243;4604;4176;20034;24210;24920;-428;-282;-710;-0,02932672449401074;-0,1024904214559387;-0,014076070679844266;-0,03135689851767393;2;1
2017-08-22;15;2017-08-22 15:00:00;36,06;36,38;-0,3200000000000003;41434;18240;53243;4634;3932;17774;21706;22874;-702;-466;-1168;-0,05381000644982954;-0,1785350966429298;-0,026218071340159785;-0,008874098724348316;2;1
2017-08-22;16;2017-08-22 16:00:00;37,39;35,33;2,0600000000000023;41434;14974;53243;4356;3557;14455;18012;19330;-799;-519;-1318;-0,07317343992893627;-0,2246274950801237;-0,03590453130404704;0,05509494517250608;2;1
2017-08-22;17;2017-08-22 17:00:00;42,02;38,79;3,230000000000004;41434;10478;53243;3728;3108;9991;13099;14206;-620;-487;-1107;-0,08451026795938621;-0,1994851994851995;-0,04874386948253428;0,07686815801999057;2;1
2017-08-22;18;2017-08-22 18:00:00;44,71;45,3;-0,5899999999999963;41434;5311;53243;2814;2655;5079;7734;8125;-159;-232;-391;-0,050555986552883375;-0,059887005649717516;-0,045678283126599724;-0,01319615298590911;2;1
2017-08-22;19;2017-08-22 19:00:00;48,17;48,02;0,14999999999999858;41434;1336;53243;2074;2308;1351;3659;3410;234;15;249;0,06805138015851325;0,10138648180242635;0,011102886750555145;0,0031139713514635368;2;1
2017-08-22;20;2017-08-22 20:00:00;45,07;47,62;-2,549999999999997;41434;54;53243;2175;2304;97;2401;2229;129;43;172;0,07163681799250313;0,055989583333333336;0,44329896907216493;-0,05657865542489454;2;1
2017-08-22;21;2017-08-22 21:00:00;43,38;45,59;-2,210000000000001;41434;0;53243;2595;2591;0;2591;2595;-4;0;-4;-0,0015438054805094559;-0,0015438054805094559;;-0,050945136007376685;2;1
2017-08-22;22;2017-08-22 22:00:00;38,81;39,24;-0,4299999999999997;41434;0;53243;2913;2906;0;2906;2913;-7;0;-7;-0,0024088093599449415;-0,0024088093599449415;;-0,01107961865498582;2;1
2017-08-22;23;2017-08-22 23:00:00;34,85;34,47;0,38000000000000256;41434;0;53243;3060;3041;0;3041;3060;-19;0;-19;-0,006247944755014798;-0,006247944755014798;;0,010903873744619872;2;1
2017-08-23;0;2017-08-23 00:00:00;30,97;30,5;0,4699999999999989;41438;0;53262;3026;3152;0;3152;3026;126;0;126;0,0399746192893401;0,0399746192893401;;0,015175976751695155;2;2
2017-08-23;1;2017-08-23 01:00:00;30,93;30,75;0,17999999999999972;41438;0;53262;2849;2949;0;2949;2849;100;0;100;0,0339097999321804;0,0339097999321804;;0,005819592628515995;2;2
2017-08-23;2;2017-08-23 02:00:00;29,63;29,06;0,5700000000000003;41438;0;53262;2665;2874;0;2874;2665;209;0;209;0,07272094641614475;0,07272094641614475;;0,019237259534255834;2;2
2017-08-23;3;2017-08-23 03:00:00;28,4;27,23;1,1699999999999982;41438;0;53262;2426;2619;0;2619;2426;193;0;193;0,07369224894998092;0,07369224894998092;;0,04119718309859149;2;2
2017-08-23;4;2017-08-23 04:00:00;28,06;26,63;1,4299999999999995;41438;0;53262;2159;2458;0;2458;2159;299;0;299;0,12164361269324654;0,12164361269324654;;0,050962223806129706;2;2
2017-08-23;5;2017-08-23 05:00:00;29,76;30,73;-0,9699999999999988;41438;0;53262;2140;2414;0;2414;2140;274;0;274;0,11350455675227837;0,11350455675227837;;-0,032594086021505334;2;2
2017-08-23;6;2017-08-23 06:00:00;36,93;35,89;1,0399999999999991;41438;263;53262;2340;2365;263;2628;2603;25;0;25;0,009512937595129375;0,010570824524312896;0,0;0,028161386406715384;2;2
2017-08-23;7;2017-08-23 07:00:00;40,92;39,41;1,5100000000000051;41438;2852;53262;2330;2244;2729;4973;5182;-86;-123;-209;-0,042026945505730946;-0,03832442067736185;-0,045071454745327956;0,03690127077223864;2;2
2017-08-23;8;2017-08-23 08:00:00;43,36;39,92;3,4399999999999977;41438;8046;53262;1810;1780;7874;9654;9856;-30;-172;-202;-0,020923969339134037;-0,016853932584269662;-0,021844043688087376;0,07933579335793353;2;2
2017-08-23;9;2017-08-23 09:00:00;40,72;40,37;0,3500000000000014;41438;14141;53262;880;1219;13816;15035;15021;339;-325;14;0,0009311606252078484;0,2780968006562756;-0,023523451071221772;0,00859528487229866;2;2
2017-08-23;10;2017-08-23 10:00:00;38,24;41,3;-3,059999999999995;41438;19503;53262;836;1052;18826;19878;20339;216;-677;-461;-0,023191467954522586;0,20532319391634982;-0,03596090513120153;-0,08002092050209192;2;2
2017-08-23;11;2017-08-23 11:00:00;37,5;39,3;-1,7999999999999972;41438;23200;53262;1151;1051;22268;23319;24351;-100;-932;-1032;-0,044255757107937735;-0,09514747859181731;-0,041853781210705945;-0,047999999999999925;2;2
2017-08-23;12;2017-08-23 12:00:00;36,25;36,15;0,10000000000000142;41438;24913;53262;1234;1150;24016;25166;26147;-84;-897;-981;-0,038981165063975205;-0,07304347826086957;-0,03735009993337775;0,0027586206896552117;2;2
2017-08-23;13;2017-08-23 13:00:00;34,0;34,22;-0,21999999999999886;41438;25365;53262;1315;1275;24455;25730;26680;-40;-910;-950;-0,036921881072677805;-0,03137254901960784;-0,03721120425270906;-0,006470588235294084;2;2
2017-08-23;14;2017-08-23 14:00:00;32,5;33,5;-1,0;41438;24362;53262;1521;1367;23575;24942;25883;-154;-787;-941;-0,03772752786464598;-0,11265544989027067;-0,03338282078472959;-0,03076923076923077;2;2
2017-08-23;15;2017-08-23 15:00:00;34,1;34,13;-0,030000000000001137;41438;21662;53262;1886;1419;21156;22575;23548;-467;-506;-973;-0,04310077519379845;-0,32910500352360816;-0,02391756475704292;-0,0008797653958944614;2;2
2017-08-23;16;2017-08-23 16:00:00;37,06;37,16;-0,09999999999999433;41438;17237;53262;2217;1519;17237;18756;19454;-698;0;-698;-0,037214757944124544;-0,45951283739302173;0,0;-0,00269832703723676;2;2
2017-08-23;17;2017-08-23 17:00:00;40,24;41,96;-1,7199999999999989;41438;11338;53262;2457;1757;11691;13448;13795;-700;353;-347;-0,025803093396787626;-0,398406374501992;0,03019416645282696;-0,042743538767395596;2;2
2017-08-23;18;2017-08-23 18:00:00;45,94;48,48;-2,539999999999999;41438;5115;53262;2623;2261;5604;7865;7738;-362;489;127;0,0161474888747616;-0,1601061477222468;0,0872591006423983;-0,055289508053983444;2;2
2017-08-23;19;2017-08-23 19:00:00;48,05;49,41;-1,3599999999999994;41438;1162;53262;3132;3084;1344;4428;4294;-48;182;134;0,03026196928635953;-0,01556420233463035;0,13541666666666666;-0,0283038501560874;2;2
2017-08-23;20;2017-08-23 20:00:00;44,9;46,18;-1,2800000000000011;41438;34;53262;4847;4445;93;4538;4881;-402;59;-343;-0,0755839576906126;-0,09043869516310461;0,6344086021505376;-0,028507795100222742;2;2
2017-08-23;21;2017-08-23 21:00:00;41,92;42,64;-0,7199999999999989;41438;0;53262;6883;6248;0;6248;6883;-635;0;-635;-0,1016325224071703;-0,1016325224071703;;-0,017175572519083943;2;2
2017-08-23;22;2017-08-23 22:00:00;35,96;38,53;-2,5700000000000003;41438;0;53262;8342;7842;0;7842;8342;-500;0;-500;-0,06375924509053812;-0,06375924509053812;;-0,07146829810901002;2;2
2017-08-23;23;2017-08-23 23:00:00;31,29;34,41;-3,119999999999997;41438;0;53262;9127;8881;0;8881;9127;-246;0;-246;-0,02769958338024997;-0,02769958338024997;;-0,09971236816874392;2;2
2017-08-24;0;2017-08-24 00:00:00;29,99;33,2;-3,2100000000000044;41442;0;53289;9516;8538;0;8538;9516;-978;0;-978;-0,11454673225579762;-0,11454673225579762;;-0,10703567855952;2;3
2017-08-24;1;2017-08-24 01:00:00;29,48;31,31;-1,8299999999999983;41442;0;53289;9594;8661;0;8661;9594;-933;0;-933;-0,10772428126082438;-0,10772428126082438;;-0,0620759837177747;2;3
2017-08-24;2;2017-08-24 02:00:00;28,1;30,75;-2,6499999999999986;41442;0;53289;9070;8756;0;8756;9070;-314;0;-314;-0,03586112380082229;-0,03586112380082229;;-0,094306049822064;2;3
2017-08-24;3;2017-08-24 03:00:00;27,73;29,56;-1,8299999999999983;41442;0;53289;8674;8371;0;8371;8674;-303;0;-303;-0,036196392306773385;-0,036196392306773385;;-0,06599350883519647;2;3
2017-08-24;4;2017-08-24 04:00:00;28,0;29,35;-1,3500000000000014;41442;0;53289;8241;7955;0;7955;8241;-286;0;-286;-0,03595223130106851;-0,03595223130106851;;-0,048214285714285765;2;3
2017-08-24;5;2017-08-24 05:00:00;30,27;33,73;-3,4599999999999973;41442;0;53289;8341;7676;0;7676;8341;-665;0;-665;-0,08663366336633663;-0,08663366336633663;;-0,11430459200528567;2;3
2017-08-24;6;2017-08-24 06:00:00;36,45;38,43;-1,9799999999999969;41442;186;53289;8734;7629;195;7824;8920;-1105;9;-1096;-0,14008179959100203;-0,14484205007209333;0,046153846153846156;-0,0543209876543209;2;3
2017-08-24;7;2017-08-24 07:00:00;39,42;44,2;-4,780000000000001;41442;2158;53289;8811;7489;2081;9570;10969;-1322;-77;-1399;-0,14618599791013584;-0,17652557083722795;-0,03700144161460836;-0,1212582445459158;2;3
2017-08-24;8;2017-08-24 08:00:00;42,14;46,35;-4,210000000000001;41442;5857;53289;7892;6890;5829;12719;13749;-1002;-28;-1030;-0,0809812092145609;-0,14542815674891146;-0,004803568365071196;-0,09990507831039394;2;3
2017-08-24;9;2017-08-24 09:00:00;42,09;45,13;-3,0399999999999987;41442;9790;53289;6869;6345;10127;16472;16659;-524;337;-187;-0,011352598348712967;-0,08258471237194641;0,033277377308186036;-0,0722261819909717;2;3
2017-08-24;10;2017-08-24 10:00:00;40,7;44,86;-4,159999999999997;41442;13326;53289;6855;6821;13936;20757;20181;-34;610;576;0,027749674808498336;-0,004984606362703416;0,04377152698048221;-0,10221130221130212;2;3
2017-08-24;11;2017-08-24 11:00:00;39,94;45,29;-5,350000000000001;41442;16257;53289;7746;7605;16759;24364;24003;-141;502;361;0,014816943030701035;-0,01854043392504931;0,029954054537860254;-0,13395092638958442;2;3
2017-08-24;12;2017-08-24 12:00:00;32,38;38,67;-6,289999999999999;41442;17998;53289;8485;8386;18387;26773;26483;-99;389;290;0,010831808164942293;-0,011805389935606965;0,021156251699570347;-0,19425571340333536;2;3
2017-08-24;13;2017-08-24 13:00:00;29,63;34,21;-4,580000000000002;41442;18735;53289;8656;9386;18808;28194;27391;730;73;803;0,028481237142654464;0,07777541018538249;0,003881327094853254;-0,15457306783665212;2;3
2017-08-24;14;2017-08-24 14:00:00;29,69;34,44;-4,7499999999999964;41442;18431;53289;8945;10135;18119;28254;27376;1190;-312;878;0,031075245982869683;0,11741489886531821;-0,0172194933495226;-0,15998652745031985;2;3
2017-08-24;15;2017-08-24 15:00:00;29,8;36,96;-7,16;41442;16748;53289;9430;10453;16137;26590;26178;1023;-611;412;0,015494546822113577;0,0978666411556491;-0,037863295532007187;-0,24026845637583893;2;3
2017-08-24;16;2017-08-24 16:00:00;31,76;37,09;-5,330000000000002;41442;13356;53289;9400;10387;13042;23429;22756;987;-314;673;0,028725084297238464;0,09502262443438914;-0,024076061953688086;-0,16782115869017636;2;3
2017-08-24;17;2017-08-24 17:00:00;39,7;43,17;-3,469999999999999;41442;8577;53289;9195;9831;8941;18772;17772;636;364;1000;0,053270828894097594;0,06469331705828502;0,0407113298288782;-0,0874055415617128;2;3
2017-08-24;18;2017-08-24 18:00:00;42,75;45,42;-2,6700000000000017;41442;3978;53289;8498;8761;4473;13234;12476;263;495;758;0,05727671150068007;0,030019404177605295;0,11066398390342053;-0,06245614035087723;2;3
2017-08-24;19;2017-08-24 19:00:00;44,89;47,56;-2,6700000000000017;41442;919;53289;7162;7613;1122;8735;8081;451;203;654;0,0748712077847739;0,05924077236306318;0,18092691622103388;-0,05947872577411454;2;3
2017-08-24;20;2017-08-24 20:00:00;44,55;48,9;-4,350000000000001;41442;25;53289;6594;6882;65;6947;6619;288;40;328;0,04721462501799338;0,041848299912816043;0,6153846153846154;-0,09764309764309768;2;3
2017-08-24;21;2017-08-24 21:00:00;42,91;45,26;-2,3500000000000014;41442;0;53289;6572;6490;0;6490;6572;-82;0;-82;-0,012634822804314329;-0,012634822804314329;;-0,054765788860405534;2;3
2017-08-24;22;2017-08-24 22:00:00;39,22;40,79;-1,5700000000000005;41442;0;53289;6618;6236;0;6236;6618;-382;0;-382;-0,061257216164207824;-0,061257216164207824;;-0,04003059663437023;2;3
2017-08-24;23;2017-08-24 23:00:00;33,96;33,83;0,13000000000000256;41442;0;53289;6304;6032;0;6032;6304;-272;0;-272;-0,04509283819628647;-0,04509283819628647;;0,003828032979976518;2;3
2017-08-25;0;2017-08-25 00:00:00;33,43;36,59;-3,160000000000004;41446;0;53302;5881;5308;0;5308;5881;-573;0;-573;-0,10795026375282592;-0,10795026375282592;;-0,09452587496260856;2;4
2017-08-25;1;2017-08-25 01:00:00;31,31;34,75;-3,4400000000000013;41446;0;53302;5662;5032;0;5032;5662;-630;0;-630;-0,1251987281399046;-0,1251987281399046;;-0,10986905142127121;2;4
2017-08-25;2;2017-08-25 02:00:00;30,13;32,86;-2,7300000000000004;41446;0;53302;5124;4935;0;4935;5124;-189;0;-189;-0,03829787234042553;-0,03829787234042553;;-0,09060736807168936;2;4
2017-08-25;3;2017-08-25 03:00:00;29,51;31,61;-2,099999999999998;41446;0;53302;4868;4703;0;4703;4868;-165;0;-165;-0,03508398894322773;-0,03508398894322773;;-0,07116231785835303;2;4
2017-08-25;4;2017-08-25 04:00:00;29,94;32,17;-2,2300000000000004;41446;0;53302;4778;4530;0;4530;4778;-248;0;-248;-0,05474613686534217;-0,05474613686534217;;-0,07448229792919173;2;4
2017-08-25;5;2017-08-25 05:00:00;32,28;34,62;-2,3399999999999963;41446;0;53302;4806;4330;0;4330;4806;-476;0;-476;-0,10993071593533488;-0,10993071593533488;;-0,07249070631970249;2;4
2017-08-25;6;2017-08-25 06:00:00;38,05;39,81;-1,7600000000000051;41446;194;53302;4951;4061;202;4263;5145;-890;8;-882;-0,20689655172413793;-0,21915784289583845;0,039603960396039604;-0,04625492772667557;2;4
2017-08-25;7;2017-08-25 07:00:00;42,97;43,22;-0,25;41446;2345;53302;4721;3772;2315;6087;7066;-949;-30;-979;-0,16083456546738953;-0,2515906680805938;-0,012958963282937365;-0,0058180125669071445;2;4
2017-08-25;8;2017-08-25 08:00:00;44,9;43,06;1,8399999999999963;41446;6474;53302;3932;3407;6777;10184;10406;-525;303;-222;-0,021798900235663787;-0,15409451130026416;0,044710048694112436;0,04097995545657007;2;4
2017-08-25;9;2017-08-25 09:00:00;44,67;45,35;-0,6799999999999997;41446;11964;53302;3376;3177;12016;15193;15340;-199;52;-147;-0,009675508457842428;-0,0626377085300598;0,004327563249001331;-0,015222744571300642;2;4
2017-08-25;10;2017-08-25 10:00:00;41,77;43,54;-1,7699999999999958;41446;17047;53302;3956;3393;16616;20009;21003;-563;-431;-994;-0,04967764505972312;-0,16592985558502799;-0,025938854116514202;-0,04237491022264773;2;4
2017-08-25;11;2017-08-25 11:00:00;39,87;38,78;1,0899999999999963;41446;20864;53302;4826;3653;19791;23444;25690;-1173;-1073;-2246;-0,09580276403344139;-0,3211059403230222;-0,05421656308423021;0,027338851266616414;2;4
2017-08-25;12;2017-08-25 12:00:00;37,92;33,24;4,68;41446;22536;53302;5111;3815;21338;25153;27647;-1296;-1198;-2494;-0,09915318252295949;-0,33971166448230666;-0,056143968506889116;0,12341772151898733;2;4
2017-08-25;13;2017-08-25 13:00:00;34,98;30,14;4,839999999999995;41446;22852;53302;5086;3806;21380;25186;27938;-1280;-1472;-2752;-0,10926705312475185;-0,33631108775617446;-0,06884939195509822;0,13836477987421372;2;4
2017-08-25;14;2017-08-25 14:00:00;33,09;30,7;2,3900000000000037;41446;21422;53302;4588;3652;20072;23724;26010;-936;-1350;-2286;-0,09635811836115327;-0,25629791894852133;-0,06725787166201674;0,07222725899063172;2;4
2017-08-25;15;2017-08-25 15:00:00;33,99;33,03;0,9600000000000009;41446;18454;53302;3770;3342;17577;20919;22224;-428;-877;-1305;-0,06238347913380181;-0,12806702573309395;-0,04989474881948;0,02824360105913506;2;4
2017-08-25;16;2017-08-25 16:00:00;36,04;35,43;0,6099999999999994;41446;14133;53302;3039;2915;14090;17005;17172;-124;-43;-167;-0,009820640987944723;-0,04253859348198971;-0,0030518097941802697;0,016925638179800206;2;4
2017-08-25;17;2017-08-25 17:00:00;40,41;44,62;-4,210000000000001;41446;8845;53302;2464;2440;9535;11975;11309;-24;690;666;0,055615866388308975;-0,009836065573770493;0,0723649711588883;-0,10418213313536256;2;4
2017-08-25;18;2017-08-25 18:00:00;43,98;47,95;-3,9700000000000064;41446;3946;53302;2012;2015;4645;6660;5958;3;699;702;0,10540540540540541;0,001488833746898263;0,1504843918191604;-0,09026830377444309;2;4
2017-08-25;19;2017-08-25 19:00:00;45,7;49,58;-3,879999999999996;41446;811;53302;1373;1780;1096;2876;2184;407;285;692;0,24061196105702365;0,22865168539325842;0,26003649635036497;-0,08490153172866512;2;4
2017-08-25;20;2017-08-25 20:00:00;45,4;48,45;-3,0500000000000043;41446;18;53302;1528;1877;56;1933;1546;349;38;387;0,20020693222969477;0,18593500266382526;0,6785714285714286;-0,0671806167400882;2;4
2017-08-25;21;2017-08-25 21:00:00;42,91;45,01;-2,1000000000000014;41446;0;53302;1789;2231;0;2231;1789;442;0;442;0,19811743612729718;0,19811743612729718;;-0,04893964110929857;2;4
2017-08-25;22;2017-08-25 22:00:00;39,7;43,02;-3,3200000000000003;41446;0;53302;2058;2621;0;2621;2058;563;0;563;0,2148035101106448;0,2148035101106448;;-0,0836272040302267;2;4
2017-08-25;23;2017-08-25 23:00:00;35,43;38,57;-3,140000000000001;41446;0;53302;2118;2910;0;2910;2118;792;0;792;0,2721649484536082;0,2721649484536082;;-0,08862545865086088;2;4
2017-08-26;0;2017-08-26 00:00:00;34,75;37,82;-3,0700000000000003;41447;0;53305;2075;2499;0;2499;2075;424;0;424;0,16966786714685875;0,16966786714685875;;-0,0883453237410072;2;5
2017-08-26;1;2017-08-26 01:00:00;32,21;37,97;-5,759999999999998;41447;0;53305;2232;2531;0;2531;2232;299;0;299;0,11813512445673646;0,11813512445673646;;-0,17882645141260473;2;5
2017-08-26;2;2017-08-26 02:00:00;31,38;35,93;-4,550000000000002;41447;0;53305;2580;2642;0;2642;2580;62;0;62;0,023467070401211203;0,023467070401211203;;-0,14499681325685154;2;5
2017-08-26;3;2017-08-26 03:00:00;30,89;35,6;-4,710000000000001;41447;0;53305;2707;2661;0;2661;2707;-46;0;-46;-0,01728673431040962;-0,01728673431040962;;-0,15247652962123667;2;5
2017-08-26;4;2017-08-26 04:00:00;30,61;35,44;-4,829999999999998;41447;0;53305;2711;2702;0;2702;2711;-9;0;-9;-0,0033308660251665434;-0,0033308660251665434;;-0,15779157138190128;2;5
2017-08-26;5;2017-08-26 05:00:00;30,29;36,04;-5,75;41447;0;53305;2761;2732;0;2732;2761;-29;0;-29;-0,01061493411420205;-0,01061493411420205;;-0,18983162759986794;2;5
2017-08-26;6;2017-08-26 06:00:00;30,47;35,82;-5,350000000000001;41447;142;53305;3020;2704;165;2869;3162;-316;23;-293;-0,1021261763680725;-0,11686390532544379;0,1393939393939394;-0,17558254020347888;2;5
2017-08-26;7;2017-08-26 07:00:00;31,04;36,77;-5,730000000000004;41447;2016;53305;3216;2556;2074;4630;5232;-660;58;-602;-0,13002159827213822;-0,25821596244131456;0,027965284474445518;-0,18460051546391765;2;5
2017-08-26;8;2017-08-26 08:00:00;34,82;39,99;-5,170000000000002;41447;5791;53305;2850;2078;6250;8328;8641;-772;459;-313;-0,03758405379442843;-0,37151106833493747;0,07344;-0,14847788627225736;2;5
2017-08-26;9;2017-08-26 09:00:00;35,96;40,05;-4,089999999999995;41447;10272;53305;1558;1410;11021;12431;11830;-148;749;601;0,04834687474861234;-0,1049645390070922;0,06796116504854369;-0,11373748609566171;2;5
2017-08-26;10;2017-08-26 10:00:00;35,65;39,53;-3,8800000000000026;41447;14342;53305;1009;1124;15145;16269;15351;115;803;918;0,05642633228840126;0,10231316725978648;0,05302079894354572;-0,10883590462833108;2;5
2017-08-26;11;2017-08-26 11:00:00;34,99;40,33;-5,339999999999995;41447;17322;53305;906;1248;18108;19356;18228;342;786;1128;0,05827650340979541;0,27403846153846156;0,04340622929092114;-0,15261503286653316;2;5
2017-08-26;12;2017-08-26 12:00:00;31,52;35,67;-4,150000000000002;41447;19524;53305;926;1450;19703;21153;20450;524;179;703;0,033234056634992674;0,36137931034482756;0,009084910927269959;-0,13166243654822343;2;5
2017-08-26;13;2017-08-26 13:00:00;30,78;33,13;-2,3500000000000014;41447;20352;53305;1075;1635;19711;21346;21427;560;-641;-81;-0,0037946219432212123;0,3425076452599388;-0,0325199127390797;-0,0763482781026641;2;5
2017-08-26;14;2017-08-26 14:00:00;30,23;31,14;-0,91;41447;19435;53305;1242;1790;18541;20331;20677;548;-894;-346;-0,017018346367615955;0,30614525139664805;-0,04821746399870557;-0,030102547138604035;2;5
2017-08-26;15;2017-08-26 15:00:00;31,92;31,48;0,4400000000000013;41447;16767;53305;1416;1918;16279;18197;18183;502;-488;14;0,0007693575864153432;0,26173096976016685;-0,029977271331162847;0,013784461152882245;2;5
2017-08-26;16;2017-08-26 16:00:00;32,17;32,54;-0,36999999999999744;41447;12924;53305;1454;1984;12983;14967;14378;530;59;589;0,03935324380303334;0,26713709677419356;0,0045444042209042594;-0,011501398818775176;2;5
2017-08-26;17;2017-08-26 17:00:00;36,82;36,69;0,13000000000000256;41447;8404;53305;1478;1879;8667;10546;9882;401;263;664;0,062962260572729;0,21341138903672166;0,030344986731279566;0,003530689842476984;2;5
2017-08-26;18;2017-08-26 18:00:00;39,67;42,75;-3,0799999999999983;41447;3914;53305;1366;1717;4140;5857;5280;351;226;577;0,09851459791702237;0,20442632498543972;0,05458937198067633;-0,07764053440887315;2;5
2017-08-26;19;2017-08-26 19:00:00;42,0;44,1;-2,1000000000000014;41447;797;53305;1577;1705;925;2630;2374;128;128;256;0,09733840304182509;0,0750733137829912;0,13837837837837838;-0,05000000000000003;2;5
2017-08-26;20;2017-08-26 20:00:00;42,38;43,34;-0,9600000000000009;41447;18;53305;1942;1800;45;1845;1960;-142;27;-115;-0,06233062330623306;-0,07888888888888888;0,6;-0,022652194431335555;2;5
2017-08-26;21;2017-08-26 21:00:00;39,97;40,91;-0,9399999999999976;41447;0;53305;1939;1965;0;1965;1939;26;0;26;0,013231552162849873;0,013231552162849873;;-0,023517638228671443;2;5
2017-08-26;22;2017-08-26 22:00:00;38,44;40,53;-2,0900000000000034;41447;0;53305;2212;2188;0;2188;2212;-24;0;-24;-0,010968921389396709;-0,010968921389396709;;-0,054370447450572415;2;5
2017-08-26;23;2017-08-26 23:00:00;34,9;37,48;-2,5799999999999983;41447;0;53305;2706;2481;0;2481;2706;-225;0;-225;-0,09068923821039904;-0,09068923821039904;;-0,07392550143266471;2;5
2017-08-27;0;2017-08-27 00:00:00;34,95;32,92;2,0300000000000007;41447;0;53311;3634;2751;0;2751;3634;-883;0;-883;-0,3209741912031988;-0,3209741912031988;;0,058082975679542216;2;6
2017-08-27;1;2017-08-27 01:00:00;31,88;29,76;2,119999999999997;41447;0;53311;4992;3333;0;3333;4992;-1659;0;-1659;-0,4977497749774977;-0,4977497749774977;;0,06649937264742777;2;6
2017-08-27;2;2017-08-27 02:00:00;30,01;24,04;5,970000000000002;41447;0;53311;6595;4104;0;4104;6595;-2491;0;-2491;-0,6069688109161794;-0,6069688109161794;;0,19893368877040993;2;6
2017-08-27;3;2017-08-27 03:00:00;28,71;20,21;8,5;41447;0;53311;7304;4533;0;4533;7304;-2771;0;-2771;-0,6112949481579528;-0,6112949481579528;;0,29606408916753746;2;6
2017-08-27;4;2017-08-27 04:00:00;29,32;19,92;9,4;41447;0;53311;7824;4683;0;4683;7824;-3141;0;-3141;-0,6707238949391415;-0,6707238949391415;;0,32060027285129605;2;6
2017-08-27;5;2017-08-27 05:00:00;28,82;20,68;8,14;41447;0;53311;7935;4670;0;4670;7935;-3265;0;-3265;-0,6991434689507494;-0,6991434689507494;;0,2824427480916031;2;6
2017-08-27;6;2017-08-27 06:00:00;29,67;21,65;8,020000000000003;41447;150;53311;7579;4471;153;4624;7729;-3108;3;-3105;-0,6714965397923875;-0,6951464996645046;0,0196078431372549;0,2703067071115606;2;6
2017-08-27;7;2017-08-27 07:00:00;28,46;22,67;5,789999999999999;41447;2046;53311;6565;4152;1936;6088;8611;-2413;-110;-2523;-0,41442181340341655;-0,5811657032755299;-0,056818181818181816;0,20344342937456075;2;6
2017-08-27;8;2017-08-27 08:00:00;29,44;26,55;2,890000000000001;41447;5714;53311;5326;3741;5732;9473;11040;-1585;18;-1567;-0,16541750237517153;-0,4236835070836675;0,00314026517794836;0,09816576086956524;2;6
2017-08-27;9;2017-08-27 09:00:00;26,04;22,63;3,41;41447;10513;53311;5330;3408;9992;13400;15843;-1922;-521;-2443;-0,18231343283582088;-0,5639671361502347;-0,052141713370696556;0,13095238095238096;2;6
2017-08-27;10;2017-08-27 10:00:00;22,18;15,93;6,25;41447;14941;53311;6152;3663;13569;17232;21093;-2489;-1372;-3861;-0,2240598885793872;-0,6794976794976795;-0,10111283071707569;0,281785392245266;2;6
2017-08-27;11;2017-08-27 11:00:00;22,06;8,27;13,79;41447;17904;53311;6292;4233;16009;20242;24196;-2059;-1895;-3954;-0,19533642920660013;-0,48641625324828724;-0,11837091635954776;0,6251133272892112;2;6
2017-08-27;12;2017-08-27 12:00:00;20,74;7,61;13,13;41447;18935;53311;6597;4790;17437;22227;25532;-1807;-1498;-3305;-0,14869303099833536;-0,37724425887265134;-0,08590927338418305;0,6330761812921891;2;6
2017-08-27;13;2017-08-27 13:00:00;25,42;9,22;16,200000000000006;41447;18954;53311;7231;5343;17774;23117;26185;-1888;-1180;-3068;-0,13271618289570447;-0,35335953584128765;-0,06638910768538314;0,6372934697088909;2;6
2017-08-27;14;2017-08-27 14:00:00;23,89;12,03;11,86;41447;17510;53311;7486;5726;16951;22677;24996;-1760;-559;-2319;-0,10226220399523747;-0,30736989172196993;-0,03297740546280455;0,49644202595228126;2;6
2017-08-27;15;2017-08-27 15:00:00;27,0;18,9;8,100000000000001;41447;15148;53311;7277;5868;14820;20688;22425;-1409;-328;-1737;-0,08396171693735499;-0,24011588275391957;-0,022132253711201078;0,30000000000000004;2;6
2017-08-27;16;2017-08-27 16:00:00;28,74;25,08;3,66;41447;12597;53311;6688;5698;11875;17573;19285;-990;-722;-1712;-0,09742218175610311;-0,17374517374517376;-0,0608;0,12734864300626306;2;6
2017-08-27;17;2017-08-27 17:00:00;30,63;29,44;1,1899999999999975;41447;8493;53311;5876;5195;8096;13291;14369;-681;-397;-1078;-0,08110751636445715;-0,1310875842155919;-0,049036561264822136;0,038850799869408995;2;6
2017-08-27;18;2017-08-27 18:00:00;35,2;35,06;0,14000000000000054;41447;4062;53311;4534;4318;3949;8267;8596;-216;-113;-329;-0,03979678238780694;-0,05002315886984715;-0,028614839199797418;0,0039772727272727425;2;6
2017-08-27;19;2017-08-27 19:00:00;38,96;42,3;-3,3399999999999963;41447;861;53311;3029;3385;878;4263;3890;356;17;373;0,08749706779263429;0,1051698670605613;0,0193621867881549;-0,08572895277207382;2;6
2017-08-27;20;2017-08-27 20:00:00;42,21;41,89;0,3200000000000003;41447;17;53311;2692;2889;37;2926;2709;197;20;217;0,07416267942583732;0,06818968501211492;0,5405405405405406;0,007581141909500125;2;6
2017-08-27;21;2017-08-27 21:00:00;42,43;41,93;0,5;41447;0;53311;2561;2678;0;2678;2561;117;0;117;0,043689320388349516;0,043689320388349516;;0,011784115012962526;2;6
2017-08-27;22;2017-08-27 22:00:00;38,0;39,9;-1,8999999999999984;41447;0;53311;2432;2564;0;2564;2432;132;0;132;0,0514820592823713;0,0514820592823713;;-0,049999999999999954;2;6
2017-08-27;23;2017-08-27 23:00:00;35,98;35,56;0,4199999999999946;41447;0;53311;2370;2446;0;2446;2370;76;0;76;0,03107113654946852;0,03107113654946852;;0,011673151750972614;2;6
2017-08-28;0;2017-08-28 00:00:00;33,54;33,61;-0,07000000000000027;41452;0;53317;2225;2341;0;2341;2225;116;0;116;0,049551473729175566;0,049551473729175566;;-0,0020870602265951185;2;0
2017-08-28;1;2017-08-28 01:00:00;30,94;31,71;-0,7699999999999996;41452;0;53317;2155;2221;0;2221;2155;66;0;66;0,029716343989194056;0,029716343989194056;;-0,024886877828054283;2;0
2017-08-28;2;2017-08-28 02:00:00;30,64;30,66;-0,01999999999999957;41452;0;53317;2168;2180;0;2180;2168;12;0;12;0,005504587155963303;0,005504587155963303;;-0,0006527415143602992;2;0
2017-08-28;3;2017-08-28 03:00:00;30,4;29,57;0,8299999999999983;41452;0;53317;2045;1939;0;1939;2045;-106;0;-106;-0,05466735430634347;-0,05466735430634347;;0,027302631578947315;2;0
2017-08-28;4;2017-08-28 04:00:00;30,42;29,39;1,0300000000000011;41452;0;53317;1917;1768;0;1768;1917;-149;0;-149;-0,08427601809954752;-0,08427601809954752;;0,03385930309007236;2;0
2017-08-28;5;2017-08-28 05:00:00;31,99;30,55;1,4399999999999975;41452;0;53317;1741;1621;0;1621;1741;-120;0;-120;-0,07402837754472548;-0,07402837754472548;;0,0450140668959049;2;0
2017-08-28;6;2017-08-28 06:00:00;41,99;37,66;4,3300000000000045;41452;148;53317;1619;1505;156;1661;1767;-114;8;-106;-0,0638169777242625;-0,07574750830564785;0,05128205128205128;0,10311979042629207;2;0
2017-08-28;7;2017-08-28 07:00:00;43,98;42,89;1,0899999999999963;41452;2279;53317;1552;1416;2147;3563;3831;-136;-132;-268;-0,07521751333146225;-0,096045197740113;-0,06148113646949231;0,024783992723965358;2;0
2017-08-28;8;2017-08-28 08:00:00;45,56;43,17;2,390000000000001;41452;6911;53317;1324;1090;6707;7797;8235;-234;-204;-438;-0,05617545209696037;-0,21467889908256882;-0,030415983301028775;0,05245829675153645;2;0
2017-08-28;9;2017-08-28 09:00:00;44,97;41,12;3,8500000000000014;41452;12737;53317;762;602;12154;12756;13499;-160;-583;-743;-0,058247099404201946;-0,26578073089701;-0,047967747243705776;0,08561263064265069;2;0
2017-08-28;10;2017-08-28 10:00:00;43,5;38,21;5,289999999999999;41452;17716;53317;606;402;16852;17254;18322;-204;-864;-1068;-0,061898690158803754;-0,5074626865671642;-0,05126987894611915;0,12160919540229884;2;0
2017-08-28;11;2017-08-28 11:00:00;40,06;33,92;6,1400000000000015;41452;21011;53317;598;397;20150;20547;21609;-201;-861;-1062;-0,05168637757336837;-0,5062972292191436;-0,04272952853598015;0,15327009485771345;2;0
2017-08-28;12;2017-08-28 12:00:00;35,63;33,75;1,8800000000000023;41452;22546;53317;559;440;21740;22180;23105;-119;-806;-925;-0,04170423805229937;-0,27045454545454545;-0,03707451701931923;0,05276452427729448;2;0
2017-08-28;13;2017-08-28 13:00:00;32,4;36,36;-3,9600000000000013;41452;22866;53317;509;467;21789;22256;23375;-42;-1077;-1119;-0,05027857656362329;-0,08993576017130621;-0,04942861076690073;-0,12222222222222227;2;0
2017-08-28;14;2017-08-28 14:00:00;31,5;34,61;-3,1099999999999994;41452;21850;53317;546;487;20600;21087;22396;-59;-1250;-1309;-0,06207616066770996;-0,12114989733059549;-0,06067961165048544;-0,09873015873015871;2;0
2017-08-28;15;2017-08-28 15:00:00;36,95;36,26;0,6900000000000048;41452;19333;53317;571;487;18185;18672;19904;-84;-1148;-1232;-0,06598114824335904;-0,17248459958932238;-0,06312895243332417;0,018673883626522458;2;0
2017-08-28;16;2017-08-28 16:00:00;39,51;38,37;1,1400000000000006;41452;15510;53317;583;513;14696;15209;16093;-70;-814;-884;-0,05812347951870603;-0,1364522417153996;-0,05538922155688623;0,02885345482156418;2;0
2017-08-28;17;2017-08-28 17:00:00;44,53;45,9;-1,3699999999999974;41452;10252;53317;500;575;9891;10466;10752;75;-361;-286;-0,02732658131091152;0,13043478260869565;-0,0364978263067435;-0,030765775881428193;2;0
2017-08-28;18;2017-08-28 18:00:00;46,6;49,53;-2,93;41452;4616;53317;364;720;4626;5346;4980;356;10;366;0,06846240179573512;0,49444444444444446;0,00216169476869866;-0,0628755364806867;2;0
2017-08-28;19;2017-08-28 19:00:00;50,0;52,88;-2,8800000000000026;41452;842;53317;542;1078;940;2018;1384;536;98;634;0,3141724479682854;0,4972170686456401;0,10425531914893617;-0,057600000000000054;2;0
2017-08-28;20;2017-08-28 20:00:00;47,59;52,45;-4,8599999999999985;41452;14;53317;1366;1757;39;1796;1380;391;25;416;0,23162583518930957;0,22253841775754127;0,6410256410256411;-0,10212229459970579;2;0
2017-08-28;21;2017-08-28 21:00:00;44,26;48,07;-3,8100000000000014;41452;0;53317;2723;2796;0;2796;2723;73;0;73;0,026108726752503576;0,026108726752503576;;-0,08608224130140085;2;0
2017-08-28;22;2017-08-28 22:00:00;38,99;42,24;-3,25;41452;0;53317;4330;3838;0;3838;4330;-492;0;-492;-0,12819176654507555;-0,12819176654507555;;-0,08335470633495767;2;0
2017-08-28;23;2017-08-28 23:00:00;32,0;32,88;-0,8800000000000026;41452;0;53317;5520;4597;0;4597;5520;-923;0;-923;-0,20078311942571242;-0,20078311942571242;;-0,02750000000000008;2;0
2017-08-29;0;2017-08-29 00:00:00;30,86;34,06;-3,200000000000003;41458;0;53336;6291;5398;0;5398;6291;-893;0;-893;-0,16543164134864766;-0,16543164134864766;;-0,10369410239792622;2;1
2017-08-29;1;2017-08-29 01:00:00;30,2;33,08;-2,879999999999999;41458;0;53336;6488;5854;0;5854;6488;-634;0;-634;-0,10830201571574992;-0,10830201571574992;;-0,09536423841059599;2;1
2017-08-29;2;2017-08-29 02:00:00;29,96;31,9;-1,9399999999999975;41458;0;53336;6748;6138;0;6138;6748;-610;0;-610;-0,09938090583251874;-0,09938090583251874;;-0,06475300400534037;2;1
2017-08-29;3;2017-08-29 03:00:00;29,31;30,11;-0,8000000000000007;41458;0;53336;6756;6110;0;6110;6756;-646;0;-646;-0,10572831423895254;-0,10572831423895254;;-0,02729443875810306;2;1
2017-08-29;4;2017-08-29 04:00:00;29,38;30,86;-1,4800000000000004;41458;0;53336;6291;6028;0;6028;6291;-263;0;-263;-0,043629727936297276;-0,043629727936297276;;-0,05037440435670526;2;1
2017-08-29;5;2017-08-29 05:00:00;30,77;32,91;-2,1399999999999966;41458;0;53336;5929;5954;0;5954;5929;25;0;25;0,004198857910648304;0,004198857910648304;;-0,06954826129346756;2;1
2017-08-29;6;2017-08-29 06:00:00;35,0;37,45;-2,450000000000003;41458;124;53336;5896;5816;146;5962;6020;-80;22;-58;-0,009728279100972828;-0,013755158184319119;0,1506849315068493;-0,07000000000000008;2;1
2017-08-29;7;2017-08-29 07:00:00;42,07;44,21;-2,140000000000001;41458;2441;53336;5602;5468;2279;7747;8043;-134;-162;-296;-0,03820833871175939;-0,024506217995610827;-0,07108380868802106;-0,05086760161635372;2;1
2017-08-29;8;2017-08-29 08:00:00;45,54;45,7;-0,1600000000000037;41458;7685;53336;4386;4475;7647;12122;12071;89;-38;51;0,004207226530275532;0,019888268156424582;-0,00496926899437688;-0,003513394817742725;2;1
2017-08-29;9;2017-08-29 09:00:00;42,99;43,05;-0,059999999999995175;41458;13949;53336;2172;3076;13986;17062;16121;904;37;941;0,0551517993201266;0,293888166449935;0,0026455026455026454;-0,0013956734124213812;2;1
2017-08-29;10;2017-08-29 10:00:00;38,97;40,19;-1,2199999999999989;41458;19354;53336;1640;2427;19375;21802;20994;787;21;808;0,03706082010824695;0,32426864441697567;0,0010838709677419354;-0,03130613292276107;2;1
2017-08-29;11;2017-08-29 11:00:00;35,58;36,77;-1,1900000000000048;41458;23062;53336;2158;2482;23088;25570;25220;324;26;350;0,01368791552600704;0,1305398871877518;0,0011261261261261261;-0,033445756042720765;2;1
2017-08-29;12;2017-08-29 12:00:00;31,32;33,38;-2,0600000000000023;41458;24866;53336;2850;2774;25019;27793;27716;-76;153;77;0,002770481775986759;-0,0273972602739726;0,006115352332227507;-0,06577266922094516;2;1
2017-08-29;13;2017-08-29 13:00:00;32,1;35,0;-2,8999999999999986;41458;25087;53336;3523;3083;25327;28410;28610;-440;240;-200;-0,007039774727208729;-0,14271813168991243;0,009476053223832274;-0,09034267912772581;2;1
2017-08-29;14;2017-08-29 14:00:00;32,49;35,43;-2,9399999999999977;41458;23750;53336;3864;3149;24136;27285;27614;-715;386;-329;-0,012057907275059556;-0,22705620832010162;0,015992707988067616;-0,09048938134810704;2;1
2017-08-29;15;2017-08-29 15:00:00;33,0;36,01;-3,009999999999998;41458;20920;53336;3784;3030;21305;24335;24704;-754;385;-369;-0,01516334497637148;-0,24884488448844885;0,018070875381365877;-0,09121212121212115;2;1
2017-08-29;16;2017-08-29 16:00:00;37,68;39,1;-1,4200000000000017;41458;16464;53336;3155;2812;16983;19795;19619;-343;519;176;0,008891134124778984;-0,12197724039829302;0,030559971736442326;-0,03768577494692149;2;1
2017-08-29;17;2017-08-29 17:00:00;45,47;45,65;-0,17999999999999972;41458;10620;53336;2612;2546;11163;13709;13232;-66;543;477;0,03479466044204537;-0,025923016496465043;0,048642837946788496;-0,003958654057620403;2;1
2017-08-29;18;2017-08-29 18:00:00;49,01;48,93;0,0799999999999983;41458;4548;53336;2064;2391;4993;7384;6612;327;445;772;0,10455037919826653;0,13676286072772897;0,08912477468455839;0,001632319934707168;2;1
2017-08-29;19;2017-08-29 19:00:00;52,47;52,65;-0,17999999999999972;41458;712;53336;1740;2561;946;3507;2452;821;234;1055;0,30082691759338465;0,3205778992581023;0,24735729386892177;-0,0034305317324185196;2;1
2017-08-29;20;2017-08-29 20:00:00;49,98;51,25;-1,2700000000000031;41458;3;53336;2294;3112;33;3145;2297;818;30;848;0,26963434022257554;0,262853470437018;0,9090909090909091;-0,025410164065626316;2;1
2017-08-29;21;2017-08-29 21:00:00;45,87;46,16;-0,28999999999999915;41458;0;53336;3331;3959;0;3959;3331;628;0;628;0,15862591563526143;0,15862591563526143;;-0,006322214955308462;2;1
2017-08-29;22;2017-08-29 22:00:00;40,04;41,48;-1,4399999999999975;41458;0;53336;4315;4947;0;4947;4315;632;0;632;0,12775419446128966;0,12775419446128966;;-0,035964035964035905;2;1
2017-08-29;23;2017-08-29 23:00:00;32,82;33,16;-0,3399999999999963;41458;0;53336;5157;5828;0;5828;5157;671;0;671;0,11513383665065202;0,11513383665065202;;-0,010359536867763447;2;1
2017-08-30;0;2017-08-30 00:00:00;32,98;34,97;-1,990000000000002;41466;0;53396;5672;5247;0;5247;5672;-425;0;-425;-0,08099866590432628;-0,08099866590432628;;-0,06033959975742881;2;2
2017-08-30;1;2017-08-30 01:00:00;30,26;31,38;-1,1199999999999974;41466;0;53396;6222;5545;0;5545;6222;-677;0;-677;-0,12209197475202886;-0,12209197475202886;;-0,037012557832121526;2;2
2017-08-30;2;2017-08-30 02:00:00;29,83;29,23;0,5999999999999979;41466;0;53396;6504;5767;0;5767;6504;-737;0;-737;-0,12779608115137853;-0,12779608115137853;;0,02011397921555474;2;2
2017-08-30;3;2017-08-30 03:00:00;29,56;28,64;0,9199999999999982;41466;0;53396;6580;5649;0;5649;6580;-931;0;-931;-0,16480793060718713;-0,16480793060718713;;0,031123139377537152;2;2
2017-08-30;4;2017-08-30 04:00:00;29,6;28,12;1,4800000000000004;41466;0;53396;6192;5557;0;5557;6192;-635;0;-635;-0,11427028972467158;-0,11427028972467158;;0,05000000000000001;2;2
2017-08-30;5;2017-08-30 05:00:00;30,82;29,8;1,0199999999999996;41466;0;53396;5730;5611;0;5611;5730;-119;0;-119;-0,021208340759222954;-0,021208340759222954;;0,03309539260220635;2;2
2017-08-30;6;2017-08-30 06:00:00;36,51;37,74;-1,2300000000000042;41466;134;53396;5834;5713;144;5857;5968;-121;10;-111;-0,018951681748335326;-0,021179765447225624;0,06944444444444445;-0,033689400164338655;2;2
2017-08-30;7;2017-08-30 07:00:00;42,0;44,63;-2,6300000000000026;41466;2354;53396;6182;5729;2209;7938;8536;-453;-145;-598;-0,07533383723859914;-0,07907139116774306;-0,06564056133997284;-0,06261904761904769;2;2
2017-08-30;8;2017-08-30 08:00:00;44,43;45,56;-1,1300000000000026;41466;6992;53396;5714;5234;7053;12287;12706;-480;61;-419;-0,034101082444860424;-0,09170806266717615;0,008648801928257479;-0,02543326581138876;2;2
2017-08-30;9;2017-08-30 09:00:00;43,97;45,3;-1,3299999999999983;41466;12239;53396;4168;4321;12752;17073;16407;153;513;666;0,03900896151818661;0,03540847026151354;0,040228983688833125;-0,030247896292926957;2;2
2017-08-30;10;2017-08-30 10:00:00;43,39;45,64;-2,25;41466;16237;53396;3467;3995;17552;21547;19704;528;1315;1843;0,08553394904162992;0,13216520650813518;0,07492023701002734;-0,05185526619036644;2;2
2017-08-30;11;2017-08-30 11:00:00;39,91;54,76;-14,85;41466;18703;53396;4260;4320;20739;25059;22963;60;2036;2096;0,0836426034558442;0,013888888888888888;0,09817252519407879;-0,37208719619143077;2;2
2017-08-30;12;2017-08-30 12:00:00;33,0;44,77;-11,770000000000005;41466;20162;53396;5538;4927;22207;27134;25700;-611;2045;1434;0,05284882435320999;-0,12401055408970976;0,09208808033502949;-0,3566666666666668;2;2
2017-08-30;13;2017-08-30 13:00:00;32,75;37,58;-4,829999999999998;41466;19999;53396;6872;5724;22007;27731;26871;-1148;2008;860;0,031012224586203167;-0,20055904961565338;0,09124369518789475;-0,1474809160305343;2;2
2017-08-30;14;2017-08-30 14:00:00;32,83;36,39;-3,5600000000000023;41466;18296;53396;7788;6539;20413;26952;26084;-1249;2117;868;0,03220540219649748;-0,19100779935769996;0,10370842110419831;-0,10843740481267142;2;2
2017-08-30;15;2017-08-30 15:00:00;32,14;39,52;-7,380000000000003;41466;15521;53396;7898;7234;17459;24693;23419;-664;1938;1274;0,05159356902765966;-0,09178877522808958;0,11100292112950341;-0,22962041070317368;2;2
2017-08-30;16;2017-08-30 16:00:00;37,4;45,6;-8,200000000000003;41466;11546;53396;7864;7990;13477;21467;19410;126;1931;2057;0,09582149345507057;0,01576971214017522;0,14328114565556133;-0,2192513368983958;2;2
2017-08-30;17;2017-08-30 17:00:00;40,56;46,62;-6,059999999999995;41466;6751;53396;8236;8774;8475;17249;14987;538;1724;2262;0,13113803698765145;0,0613175290631411;0,20342182890855456;-0,14940828402366851;2;2
2017-08-30;18;2017-08-30 18:00:00;42,39;46,52;-4,130000000000003;41466;2772;53396;8953;9620;3580;13200;11725;667;808;1475;0,11174242424242424;0,06933471933471934;0,22569832402234638;-0,09742863882991278;2;2
2017-08-30;19;2017-08-30 19:00:00;42,4;45,27;-2,8700000000000045;41466;415;53396;9816;10590;643;11233;10231;774;228;1002;0,08920145998397579;0,07308781869688386;0,3545878693623639;-0,06768867924528313;2;2
2017-08-30;20;2017-08-30 20:00:00;41,39;44,7;-3,3100000000000023;41466;3;53396;11477;11296;16;11312;11480;-181;13;-168;-0,01485148514851485;-0,016023371104815862;0,8125;-0,07997100748973188;2;2
2017-08-30;21;2017-08-30 21:00:00;37,04;41,38;-4,340000000000003;41466;0;53396;12199;11859;0;11859;12199;-340;0;-340;-0,028670208280630743;-0,028670208280630743;;-0,1171706263498921;2;2
2017-08-30;22;2017-08-30 22:00:00;32,48;32,32;0,1599999999999966;41466;0;53396;12341;12061;0;12061;12341;-280;0;-280;-0,023215322112594312;-0,023215322112594312;;0,0049261083743841316;2;2
2017-08-30;23;2017-08-30 23:00:00;30,89;31,24;-0,3499999999999979;41466;0;53396;12128;11824;0;11824;12128;-304;0;-304;-0,02571041948579161;-0,02571041948579161;;-0,011330527678860405;2;2
2017-08-31;0;2017-08-31 00:00:00;31,0;27,36;3,640000000000001;41480;0;53444;12310;8406;0;8406;12310;-3904;0;-3904;-0,46443016892695693;-0,46443016892695693;;0,11741935483870972;2;3
2017-08-31;1;2017-08-31 01:00:00;29,97;23,33;6,6400000000000015;41480;0;53444;12384;7757;0;7757;12384;-4627;0;-4627;-0,5964934897511924;-0,5964934897511924;;0,22155488822155495;2;3
2017-08-31;2;2017-08-31 02:00:00;29,75;22,76;6,9899999999999975;41480;0;53444;12420;7563;0;7563;12420;-4857;0;-4857;-0,6422054740182467;-0,6422054740182467;;0,23495798319327724;2;3
2017-08-31;3;2017-08-31 03:00:00;28,83;21,92;6,9099999999999975;41480;0;53444;12775;7499;0;7499;12775;-5276;0;-5276;-0,703560474729964;-0,703560474729964;;0,2396808879639264;2;3
2017-08-31;4;2017-08-31 04:00:00;28,89;19,95;8,940000000000003;41480;0;53444;12302;7553;0;7553;12302;-4749;0;-4749;-0,6287567853832914;-0,6287567853832914;;0,3094496365524404;2;3
2017-08-31;5;2017-08-31 05:00:00;30,06;21,25;8,809999999999997;41480;0;53444;10884;7658;0;7658;10884;-3226;0;-3226;-0,42125881431183076;-0,42125881431183076;;0,29308050565535587;2;3
2017-08-31;6;2017-08-31 06:00:00;34,15;27,84;6,309999999999999;41480;78;53444;9992;7757;89;7846;10070;-2235;11;-2224;-0,2834565383634973;-0,28812685316488335;0,12359550561797752;0,18477306002928254;2;3
2017-08-31;7;2017-08-31 07:00:00;39,92;36,01;3,910000000000004;41480;1274;53444;9640;7921;1172;9093;10914;-1719;-102;-1821;-0,20026393929396238;-0,2170180532761015;-0,08703071672354949;0,09794589178356723;2;3
2017-08-31;8;2017-08-31 08:00:00;43,28;40,36;2,9200000000000017;41480;3802;53444;9112;8209;3503;11712;12914;-903;-299;-1202;-0,10262978142076502;-0,1100012181751736;-0,0853554096488724;0,06746765249537896;2;3
2017-08-31;9;2017-08-31 09:00:00;44,92;42,52;2,3999999999999986;41480;6587;53444;9222;8774;6105;14879;15809;-448;-482;-930;-0,0625042005511123;-0,051059949851834964;-0,07895167895167896;0,05342831700801422;2;3
2017-08-31;10;2017-08-31 10:00:00;44,08;40,11;3,969999999999999;41480;8517;53444;10530;9809;8144;17953;19047;-721;-373;-1094;-0,06093689077034479;-0,07350392496686717;-0,045800589390962675;0,09006352087114336;2;3
2017-08-31;11;2017-08-31 11:00:00;44,8;40,02;4,779999999999994;41480;9024;53444;10893;10624;9574;20198;19917;-269;550;281;0,013912268541439746;-0,025320030120481927;0,0574472529768122;0,10669642857142844;2;3
2017-08-31;12;2017-08-31 12:00:00;42,98;40,38;2,5999999999999943;41480;9348;53444;10632;11219;10284;21503;19980;587;936;1523;0,07082732641956936;0,052321953828326946;0,09101516919486581;0,060493252675662974;2;3
2017-08-31;13;2017-08-31 13:00:00;41,97;40,11;1,8599999999999997;41480;8827;53444;10612;12007;10182;22189;19439;1395;1355;2750;0,12393528324845644;0,11618222703423003;0,13307798075034374;0,04431736954967833;2;3
2017-08-31;14;2017-08-31 14:00:00;40,06;38,74;1,3200000000000005;41480;7156;53444;10815;12164;9444;21608;17971;1349;2288;3637;0,16831728989263237;0,11090101940151266;0,24227022448115204;0,03295057413879182;2;3
2017-08-31;15;2017-08-31 15:00:00;41,97;40,22;1,75;41480;5958;53444;10790;11531;8089;19620;16748;741;2131;2872;0,14638124362895005;0,06426155580608793;0,26344418345901843;0,04169644984512747;2;3
2017-08-31;16;2017-08-31 16:00:00;41,94;39,89;2,0499999999999967;41480;4774;53444;10451;10845;6142;16987;15225;394;1368;1762;0,1037263789957026;0,03633010603964961;0,22272875284923477;0,048879351454458674;2;3
2017-08-31;17;2017-08-31 17:00:00;42,05;38,36;3,6899999999999977;41480;3260;53444;9483;9884;3880;13764;12743;401;620;1021;0,07417901772740483;0,0405706191825172;0,15979381443298968;0,08775267538644466;2;3
2017-08-31;18;2017-08-31 18:00:00;43,6;39,87;3,730000000000004;41480;1754;53444;7918;8610;1766;10376;9672;692;12;704;0,06784888203546646;0,08037166085946573;0,006795016987542469;0,08555045871559643;2;3
2017-08-31;19;2017-08-31 19:00:00;43,8;40,51;3,2899999999999987;41480;430;53444;6251;7359;370;7729;6681;1108;-60;1048;0,13559322033898305;0,15056393531729856;-0,16216216216216217;0,07511415525114153;2;3
2017-08-31;20;2017-08-31 20:00:00;44,09;41,1;2,990000000000002;41480;5;53444;5126;6421;9;6430;5131;1295;4;1299;0,2020217729393468;0,20168198099984427;0,4444444444444444;0,06781583125425271;2;3
2017-08-31;21;2017-08-31 21:00:00;41,92;39,45;2,4699999999999993;41480;0;53444;4252;5922;0;5922;4252;1670;0;1670;0,28199932455251603;0,28199932455251603;;0,05892175572519082;2;3
2017-08-31;22;2017-08-31 22:00:00;35,59;35,86;-0,269999999999996;41480;0;53444;3976;5511;0;5511;3976;1535;0;1535;0,2785338414080929;0,2785338414080929;;-0,007586400674346614;2;3
2017-08-31;23;2017-08-31 23:00:00;33,41;30,49;2,919999999999998;41480;0;53444;3743;5132;0;5132;3743;1389;0;1389;0,2706547155105222;0,2706547155105222;;0,08739898234061654;2;3
2017-09-01;0;2017-09-01 00:00:00;33,09;29,26;3,830000000000002;41486;0;53458;3489;3559;0;3559;3489;70;0;70;0,019668446192750773;0,019668446192750773;;0,1157449380477486;2;4
2017-09-01;1;2017-09-01 01:00:00;31,07;28,56;2,5100000000000016;41486;0;53458;3189;3263;0;3263;3189;74;0;74;0,022678516702421086;0,022678516702421086;;0,08078532346314778;2;4
2017-09-01;2;2017-09-01 02:00:00;29,89;27,84;2,0500000000000007;41486;0;53458;3106;3040;0;3040;3106;-66;0;-66;-0,021710526315789475;-0,021710526315789475;;0,06858481097356978;2;4
2017-09-01;3;2017-09-01 03:00:00;29,64;27,32;2,3200000000000003;41486;0;53458;2847;2679;0;2679;2847;-168;0;-168;-0,06270996640537514;-0,06270996640537514;;0,07827260458839407;2;4
2017-09-01;4;2017-09-01 04:00:00;29,65;26,21;3,4399999999999977;41486;0;53458;2565;2329;0;2329;2565;-236;0;-236;-0,10133104336625161;-0,10133104336625161;;0,11602023608768965;2;4
2017-09-01;5;2017-09-01 05:00:00;31,71;28,43;3,280000000000001;41486;0;53458;2204;2027;0;2027;2204;-177;0;-177;-0,08732116428219043;-0,08732116428219043;;0,10343740145064652;2;4
2017-09-01;6;2017-09-01 06:00:00;36,04;31,28;4,759999999999998;41486;42;53458;1950;1730;54;1784;1992;-220;12;-208;-0,11659192825112108;-0,12716763005780346;0,2222222222222222;0,13207547169811315;2;4
2017-09-01;7;2017-09-01 07:00:00;43,46;38,2;5,259999999999998;41486;929;53458;1616;1414;855;2269;2545;-202;-74;-276;-0,12163948876156898;-0,14285714285714285;-0,08654970760233918;0,12103083294983888;2;4
2017-09-01;8;2017-09-01 08:00:00;45,83;40,29;5,539999999999999;41486;3090;53458;1259;1068;3056;4124;4349;-191;-34;-225;-0,054558680892337535;-0,17883895131086142;-0,01112565445026178;0,12088151865590223;2;4
2017-09-01;9;2017-09-01 09:00:00;45,12;40,74;4,379999999999996;41486;5769;53458;794;792;5710;6502;6563;-2;-59;-61;-0,00938172869886189;-0,0025252525252525255;-0,01033274956217163;0,09707446808510631;2;4
2017-09-01;10;2017-09-01 10:00:00;44,9;38,68;6,219999999999999;41486;8650;53458;638;696;8199;8895;9288;58;-451;-393;-0,04418212478920742;0,08333333333333333;-0,05500670813513843;0,13853006681514474;2;4
2017-09-01;11;2017-09-01 11:00:00;45,02;38,88;6,1400000000000015;41486;9962;53458;634;693;10068;10761;10596;59;106;165;0,01533314747700028;0,08513708513708514;0,010528406833531982;0,1363838294091515;2;4
2017-09-01;12;2017-09-01 12:00:00;44,87;38,88;5,989999999999995;41486;10298;53458;665;743;11120;11863;10963;78;822;900;0,07586613841355475;0,10497981157469717;0,07392086330935252;0,13349676844216615;2;4
2017-09-01;13;2017-09-01 13:00:00;43,09;38,55;4,540000000000006;41486;10258;53458;744;796;11212;12008;11002;52;954;1006;0,08377748167888074;0,06532663316582915;0,08508740635033893;0,10536087259224892;2;4
2017-09-01;14;2017-09-01 14:00:00;39,91;37,63;2,279999999999994;41486;9967;53458;856;844;10609;11453;10823;-12;642;630;0,05500742163625251;-0,014218009478672985;0,06051465736638703;0,05712853921322962;2;4
2017-09-01;15;2017-09-01 15:00:00;38,93;35,44;3,490000000000002;41486;8847;53458;1066;907;9337;10244;9913;-159;490;331;0,03231159703240922;-0,175303197353914;0,052479383099496624;0,08964808630875937;2;4
2017-09-01;16;2017-09-01 16:00:00;38,56;33,8;4,760000000000005;41486;7583;53458;1227;1017;7445;8462;8810;-210;-138;-348;-0,04112502954384306;-0,20648967551622419;-0,018535930154466085;0,12344398340248976;2;4
2017-09-01;17;2017-09-01 17:00:00;40,36;33,78;6,579999999999997;41486;5262;53458;1290;1113;5010;6123;6552;-177;-252;-429;-0,07006369426751592;-0,15902964959568733;-0,05029940119760479;0,16303270564915753;2;4
2017-09-01;18;2017-09-01 18:00:00;42,2;35,13;7,07;41486;2350;53458;1360;1176;2367;3543;3710;-184;17;-167;-0,047135196161445105;-0,1564625850340136;0,007182087029995775;0,1675355450236967;2;4
2017-09-01;19;2017-09-01 19:00:00;43,74;37,27;6,469999999999999;41486;398;53458;1326;1288;469;1757;1724;-38;71;33;0,018782014797951052;-0,029503105590062112;0,1513859275053305;0,14791952446273432;2;4
2017-09-01;20;2017-09-01 20:00:00;43,95;36,94;7,010000000000005;41486;2;53458;1515;1424;10;1434;1517;-91;8;-83;-0,05788005578800558;-0,06390449438202248;0,8;0,15949943117178622;2;4
2017-09-01;21;2017-09-01 21:00:00;39,4;34,93;4,469999999999999;41486;0;53458;1529;1554;0;1554;1529;25;0;25;0,016087516087516088;0,016087516087516088;;0,11345177664974616;2;4
2017-09-01;22;2017-09-01 22:00:00;36,21;34,31;1,8999999999999984;41486;0;53458;1394;1606;0;1606;1394;212;0;212;0,1320049813200498;0,1320049813200498;;0,05247169290251307;2;4
2017-09-01;23;2017-09-01 23:00:00;34,51;32,98;1,5300000000000011;41486;0;53458;1237;1612;0;1612;1237;375;0;375;0,2326302729528536;0,2326302729528536;;0,044334975369458164;2;4
2017-09-02;0;2017-09-02 00:00:00;32,22;34,62;-2,3999999999999986;41486;0;53466;1191;1526;0;1526;1191;335;0;335;0,21952817824377457;0,21952817824377457;;-0,07448789571694596;2;5
2017-09-02;1;2017-09-02 01:00:00;31,73;33,75;-2,02;41486;0;53466;1220;1528;0;1528;1220;308;0;308;0,20157068062827224;0,20157068062827224;;-0,06366214938543965;2;5
2017-09-02;2;2017-09-02 02:00:00;30,06;30,98;-0,9200000000000016;41486;0;53466;1257;1689;0;1689;1257;432;0;432;0,2557726465364121;0,2557726465364121;;-0,03060545575515641;2;5
2017-09-02;3;2017-09-02 03:00:00;29,64;30,55;-0,91;41486;0;53466;1271;1745;0;1745;1271;474;0;474;0,27163323782234955;0,27163323782234955;;-0,030701754385964914;2;5
2017-09-02;4;2017-09-02 04:00:00;29,48;30,2;-0,7199999999999989;41486;0;53466;1252;1801;0;1801;1252;549;0;549;0,3048306496390894;0,3048306496390894;;-0,02442333785617364;2;5
2017-09-02;5;2017-09-02 05:00:00;29,99;31,53;-1,5400000000000027;41486;0;53466;1219;1841;0;1841;1219;622;0;622;0,3378598587724063;0,3378598587724063;;-0,05135045015005011;2;5
2017-09-02;6;2017-09-02 06:00:00;31,1;32,88;-1,7800000000000011;41486;56;53466;1255;1803;65;1868;1311;548;9;557;0,2981798715203426;0,30393788130892957;0,13846153846153847;-0,05723472668810293;2;5
2017-09-02;7;2017-09-02 07:00:00;32,39;32,64;-0,25;41486;1307;53466;1300;1669;1288;2957;2607;369;-19;350;0,11836320595197836;0,22109047333732773;-0,014751552795031056;-0,007718431614695894;2;5
2017-09-02;8;2017-09-02 08:00:00;35,1;32,19;2,910000000000004;41486;4280;53466;1121;1430;4475;5905;5401;309;195;504;0,08535139712108383;0,21608391608391608;0,04357541899441341;0,08290598290598301;2;5
2017-09-02;9;2017-09-02 09:00:00;38,0;36,02;1,9799999999999969;41486;8176;53466;642;1203;8353;9556;8818;561;177;738;0,07722896609460025;0,46633416458852867;0,021189991619777325;0,052105263157894655;2;5
2017-09-02;10;2017-09-02 10:00:00;38,15;37,04;1,1099999999999994;41486;11566;53466;646;1225;11740;12965;12212;579;174;753;0,05807944465869649;0,4726530612244898;0,014821124361158433;0,029095674967234586;2;5
2017-09-02;11;2017-09-02 11:00:00;38,03;35,11;2,9200000000000017;41486;13440;53466;1020;1385;14081;15466;14460;365;641;1006;0,06504590715117031;0,26353790613718414;0,045522335061430295;0,07678148829871159;2;5
2017-09-02;12;2017-09-02 12:00:00;35,37;34,22;1,1499999999999986;41486;13562;53466;1536;1578;15297;16875;15098;42;1735;1777;0,1053037037037037;0,026615969581749048;0,11342093220892986;0,03251342945999431;2;5
2017-09-02;13;2017-09-02 13:00:00;33,0;32,48;0,5200000000000031;41486;12914;53466;1882;1791;15373;17164;14796;-91;2459;2368;0,137963178746213;-0,05080960357342267;0,15995576660378585;0,015757575757575852;2;5
2017-09-02;14;2017-09-02 14:00:00;31,78;32,21;-0,4299999999999997;41486;12370;53466;2271;2053;14385;16438;14641;-218;2015;1797;0,10931986859715294;-0,10618606916707257;0,14007646854362182;-0,013530522341095018;2;5
2017-09-02;15;2017-09-02 15:00:00;30,97;31,43;-0,4600000000000009;41486;10702;53466;2449;2355;12370;14725;13151;-94;1668;1574;0,106893039049236;-0,03991507430997877;0,13484236054971704;-0,014853083629318725;2;5
2017-09-02;16;2017-09-02 16:00:00;31,5;32,86;-1,3599999999999994;41486;8655;53466;2378;2647;9745;12392;11033;269;1090;1359;0,10966752743705617;0,10162448054401209;0,11185223191380195;-0,04317460317460316;2;5
2017-09-02;17;2017-09-02 17:00:00;32,99;32,07;0,9200000000000016;41486;5895;53466;2533;2727;6463;9190;8428;194;568;762;0,08291621327529924;0,07114044737807114;0,0878848831811852;0,027887238557138573;2;5
2017-09-02;18;2017-09-02 18:00:00;37,25;33,58;3,6700000000000017;41486;2794;53466;2246;2583;2965;5548;5040;337;171;508;0,09156452775775054;0,13046844754161827;0,057672849915682965;0,09852348993288595;2;5
2017-09-02;19;2017-09-02 19:00:00;40,32;37,25;3,0700000000000003;41486;468;53466;1822;2427;544;2971;2290;605;76;681;0,2292157522719623;0,24927894519983518;0,13970588235294118;0,07614087301587302;2;5
2017-09-02;20;2017-09-02 20:00:00;40,52;38,61;1,910000000000004;41486;4;53466;1742;2288;10;2298;1746;546;6;552;0,2402088772845953;0,23863636363636365;0,6;0,047137216189536126;2;5
2017-09-02;21;2017-09-02 21:00:00;38,02;36,19;1,8300000000000052;41486;0;53466;1789;2233;0;2233;1789;444;0;444;0,19883564711150917;0,19883564711150917;;0,048132561809574044;2;5
2017-09-02;22;2017-09-02 22:00:00;35,65;34,32;1,3299999999999983;41486;0;53466;1677;2154;0;2154;1677;477;0;477;0,2214484679665738;0,2214484679665738;;0,03730715287517527;2;5
2017-09-02;23;2017-09-02 23:00:00;31,02;31,18;-0,16000000000000014;41486;0;53466;1448;2050;0;2050;1448;602;0;602;0,29365853658536584;0,29365853658536584;;-0,00515796260477112;2;5
2017-09-03;0;2017-09-03 00:00:00;32,85;28,03;4,82;41486;0;53466;1303;1822;0;1822;1303;519;0;519;0,2848518111964874;0,2848518111964874;;0,1467275494672755;2;6
2017-09-03;1;2017-09-03 01:00:00;27,84;29,03;-1,1900000000000013;41486;0;53466;1314;1620;0;1620;1314;306;0;306;0,18888888888888888;0,18888888888888888;;-0,04274425287356327;2;6
2017-09-03;2;2017-09-03 02:00:00;29,8;27,41;2,390000000000001;41486;0;53466;1468;1583;0;1583;1468;115;0;115;0,07264687302590019;0,07264687302590019;;0,08020134228187922;2;6
2017-09-03;3;2017-09-03 03:00:00;28,12;25,99;2,1300000000000026;41486;0;53466;1503;1495;0;1495;1503;-8;0;-8;-0,005351170568561873;-0,005351170568561873;;0,07574679943101005;2;6
2017-09-03;4;2017-09-03 04:00:00;27,6;24,58;3,020000000000003;41486;0;53466;1413;1419;0;1419;1413;6;0;6;0,004228329809725159;0,004228329809725159;;0,10942028985507257;2;6
2017-09-03;5;2017-09-03 05:00:00;27,64;24,29;3,3500000000000014;41486;0;53466;1273;1342;0;1342;1273;69;0;69;0,05141579731743666;0,05141579731743666;;0,12120115774240237;2;6
2017-09-03;6;2017-09-03 06:00:00;28,08;26,12;1,9599999999999973;41486;61;53466;1288;1263;83;1346;1349;-25;22;-3;-0,002228826151560178;-0,01979414093428345;0,26506024096385544;0,06980056980056971;2;6
2017-09-03;7;2017-09-03 07:00:00;27,63;23,15;4,48;41486;1499;53466;1224;1179;1687;2866;2723;-45;188;143;0,04989532449406839;-0,03816793893129771;0,1114404267931239;0,16214259862468333;2;6
2017-09-03;8;2017-09-03 08:00:00;29,45;27,77;1,6799999999999995;41486;4956;53466;866;994;5914;6908;5822;128;958;1086;0,15720903300521136;0,12877263581488935;0,16198850185999325;0,05704584040747027;2;6
2017-09-03;9;2017-09-03 09:00:00;30,25;30,16;0,08999999999999986;41486;9722;53466;420;793;11068;11861;10142;373;1346;1719;0,1449287581148301;0,4703656998738966;0,12161185399349476;0,0029752066115702434;2;6
2017-09-03;10;2017-09-03 10:00:00;29,32;30,28;-0,9600000000000009;41486;14326;53466;344;756;15405;16161;14670;412;1079;1491;0,09225914237980323;0,544973544973545;0,070042194092827;-0,03274215552523877;2;6
2017-09-03;11;2017-09-03 11:00:00;30,09;27,96;2,129999999999999;41486;17315;53466;435;848;18237;19085;17750;413;922;1335;0,06995022268797485;0,48702830188679247;0,050556560837857104;0,07078763708873377;2;6
2017-09-03;12;2017-09-03 12:00:00;30,7;28,98;1,7199999999999989;41486;18107;53466;564;973;19642;20615;18671;409;1535;1944;0,09430026679602231;0,42034943473792397;0,0781488646777314;0,05602605863192179;2;6
2017-09-03;13;2017-09-03 13:00:00;26,26;24,54;1,7200000000000024;41486;18145;53466;749;1080;19693;20773;18894;331;1548;1879;0,09045395465267414;0,30648148148148147;0,07860661148631494;0,06549885757806559;2;6
2017-09-03;14;2017-09-03 14:00:00;25,95;23,99;1,9600000000000009;41486;17195;53466;973;1170;18350;19520;18168;197;1155;1352;0,06926229508196721;0,1683760683760684;0,06294277929155313;0,07552986512524089;2;6
2017-09-03;15;2017-09-03 15:00:00;25,0;21,29;3,7100000000000013;41486;15200;53466;1171;1210;15803;17013;16371;39;603;642;0,03773584905660377;0,032231404958677684;0,03815731190280326;0,14840000000000006;2;6
2017-09-03;16;2017-09-03 16:00:00;26,46;23,82;2,640000000000001;41486;11979;53466;1214;1292;12472;13764;13193;78;493;571;0,04148503342051729;0,06037151702786378;0,03952854393842207;0,09977324263038552;2;6
2017-09-03;17;2017-09-03 17:00:00;29,73;28,0;1,7300000000000004;41486;7785;53466;1026;1322;8173;9495;8811;296;388;684;0,07203791469194312;0,22390317700453857;0,04747338798482809;0,058190380087453766;2;6
2017-09-03;18;2017-09-03 18:00:00;34,15;35,19;-1,0399999999999991;41486;3426;53466;798;1216;3606;4822;4224;418;180;598;0,12401493156366653;0,34375;0,04991680532445923;-0,030453879941434822;2;6
2017-09-03;19;2017-09-03 19:00:00;38,88;38,55;0,3300000000000054;41486;477;53466;576;1125;606;1731;1053;549;129;678;0,39168110918544197;0,488;0,21287128712871287;0,008487654320987793;2;6
2017-09-03;20;2017-09-03 20:00:00;42,27;40,27;2,0;41486;1;53466;743;1147;9;1156;744;404;8;412;0,356401384083045;0,35222319093286836;0,8888888888888888;0,04731488052992666;2;6
2017-09-03;21;2017-09-03 21:00:00;39,91;38,23;1,6799999999999995;41486;0;53466;1106;1292;0;1292;1106;186;0;186;0,14396284829721362;0,14396284829721362;;0,04209471310448508;2;6
2017-09-03;22;2017-09-03 22:00:00;38,42;37,14;1,2800000000000011;41486;0;53466;1392;1428;0;1428;1392;36;0;36;0,025210084033613446;0,025210084033613446;;0,03331598125976057;2;6
2017-09-03;23;2017-09-03 23:00:00;33,43;30,39;3,0399999999999987;41486;0;53466;1684;1515;0;1515;1684;-169;0;-169;-0,11155115511551156;-0,11155115511551156;;0,09093628477415491;2;6
2017-09-04;0;2017-09-04 00:00:00;31,03;27,84;3,1900000000000013;41490;0;53482;1918;1783;0;1783;1918;-135;0;-135;-0,07571508693213685;-0,07571508693213685;;0,10280373831775705;2;0
2017-09-04;1;2017-09-04 01:00:00;29,72;27,28;2,4399999999999977;41490;0;53482;2031;1868;0;1868;2031;-163;0;-163;-0,0872591006423983;-0,0872591006423983;;0,08209959623149388;2;0
2017-09-04;2;2017-09-04 02:00:00;29,41;26,69;2,719999999999999;41490;0;53482;2228;2027;0;2027;2228;-201;0;-201;-0,09916132215096202;-0,09916132215096202;;0,09248554913294794;2;0
2017-09-04;3;2017-09-04 03:00:00;27,77;24,35;3,419999999999998;41490;0;53482;2396;2079;0;2079;2396;-317;0;-317;-0,1524771524771525;-0,1524771524771525;;0,12315448325531142;2;0
2017-09-04;4;2017-09-04 04:00:00;28,09;25,95;2,140000000000001;41490;0;53482;2596;2166;0;2166;2596;-430;0;-430;-0,19852262234533702;-0,19852262234533702;;0,07618369526521898;2;0
2017-09-04;5;2017-09-04 05:00:00;30,4;27,59;2,8099999999999987;41490;0;53482;2673;2293;0;2293;2673;-380;0;-380;-0,16572176188399476;-0,16572176188399476;;0,09243421052631576;2;0
2017-09-04;6;2017-09-04 06:00:00;39,67;35,82;3,8500000000000014;41490;69;53482;2836;2367;84;2451;2905;-469;15;-454;-0,18523051815585476;-0,19814110688635403;0,17857142857142858;0,09705066801109154;2;0
2017-09-04;7;2017-09-04 07:00:00;43,92;40,54;3,3800000000000026;41490;1930;53482;3092;2339;1845;4184;5022;-753;-85;-838;-0,2002868068833652;-0,3219324497648568;-0,04607046070460705;0,07695810564663029;2;0
2017-09-04;8;2017-09-04 08:00:00;42,95;43,29;-0,3399999999999963;41490;6778;53482;2630;2188;7002;9190;9408;-442;224;-218;-0,02372143634385201;-0,2020109689213894;0,0319908597543559;-0,007916181606519123;2;0
2017-09-04;9;2017-09-04 09:00:00;42,04;40,83;1,2100000000000009;41490;12743;53482;1840;2070;13293;15363;14583;230;550;780;0,05077133372388205;0,1111111111111111;0,04137515985857218;0,02878211227402476;2;0
2017-09-04;10;2017-09-04 10:00:00;38,85;39,65;-0,7999999999999972;41490;18062;53482;2087;2237;18368;20605;20149;150;306;456;0,022130550837175442;0,06705409029950828;0,016659407665505225;-0,02059202059202052;2;0
2017-09-04;11;2017-09-04 11:00:00;35,17;38,53;-3,3599999999999994;41490;21832;53482;2851;2599;21500;24099;24683;-252;-332;-584;-0,0242333706792813;-0,09696036937283571;-0,015441860465116279;-0,09553596815467726;2;0
2017-09-04;12;2017-09-04 12:00:00;32,36;34,65;-2,289999999999999;41490;23142;53482;3534;2979;22814;25793;26676;-555;-328;-883;-0,034234094521769474;-0,1863041289023162;-0,01437713684579644;-0,07076637824474658;2;0
2017-09-04;13;2017-09-04 13:00:00;32,95;33,71;-0,7599999999999979;41490;22297;53482;4125;3360;22278;25638;26422;-765;-19;-784;-0,030579608393790467;-0,22767857142857142;-0,0008528593230990215;-0,023065250379362606;2;0
2017-09-04;14;2017-09-04 14:00:00;33,23;33,37;-0,14000000000000054;41490;20313;53482;4542;3639;20274;23913;24855;-903;-39;-942;-0,03939279889599799;-0,24814509480626545;-0,0019236460491269607;-0,0042130604875113015;2;0
2017-09-04;15;2017-09-04 15:00:00;35,26;35,72;-0,4600000000000009;41490;16968;53482;4822;3777;17247;21024;21790;-1045;279;-766;-0,03643455098934551;-0,27667460947842204;0,016176726387197773;-0,013045944412932529;2;0
2017-09-04;16;2017-09-04 16:00:00;36,6;37,56;-0,9600000000000009;41490;12853;53482;4934;3764;13522;17286;17787;-1170;669;-501;-0,02898299201666088;-0,3108395324123273;0,04947492974412069;-0,026229508196721332;2;0
2017-09-04;17;2017-09-04 17:00:00;39,23;41,69;-2,460000000000001;41490;7793;53482;4605;3585;8606;12191;12398;-1020;813;-207;-0,01697973915183332;-0,28451882845188287;0,0944689751336277;-0,06270711190415501;2;0
2017-09-04;18;2017-09-04 18:00:00;42,91;44,9;-1,990000000000002;41490;2983;53482;3975;3314;3599;6913;6958;-661;616;-45;-0,006509474902357876;-0,19945684972842487;0,171158655181995;-0,04637613609881151;2;0
2017-09-04;19;2017-09-04 19:00:00;45,48;44,76;0,7199999999999989;41490;360;53482;3248;3117;559;3676;3608;-131;199;68;0,018498367791077257;-0,04202759063201797;0,3559928443649374;0,015831134564643776;2;0
2017-09-04;20;2017-09-04 20:00:00;45,71;46,13;-0,4200000000000017;41490;0;53482;3372;3176;7;3183;3372;-196;7;-189;-0,05937794533459001;-0,061712846347607056;1,0;-0,00918836140888212;2;0
2017-09-04;21;2017-09-04 21:00:00;42,3;44,92;-2,6200000000000045;41490;0;53482;3458;3472;0;3472;3458;14;0;14;0,004032258064516129;0,004032258064516129;;-0,06193853427895992;2;0
2017-09-04;22;2017-09-04 22:00:00;38,93;39,8;-0,8699999999999974;41490;0;53482;3532;3770;0;3770;3532;238;0;238;0,06312997347480107;0,06312997347480107;;-0,022347803750321023;2;0
2017-09-04;23;2017-09-04 23:00:00;33,22;34,65;-1,4299999999999995;41490;0;53482;3774;4011;0;4011;3774;237;0;237;0,059087509349289455;0,059087509349289455;;-0,043046357615894024;2;0
2017-09-05;0;2017-09-05 00:00:00;31,92;29,97;1,9500000000000028;41494;0;53506;3950;3456;0;3456;3950;-494;0;-494;-0,14293981481481483;-0,14293981481481483;;0,06109022556390986;2;1
2017-09-05;1;2017-09-05 01:00:00;29,93;29,59;0,33999999999999986;41494;0;53506;3942;3549;0;3549;3942;-393;0;-393;-0,11073541842772612;-0,11073541842772612;;0,011359839625793514;2;1
2017-09-05;2;2017-09-05 02:00:00;29,7;29,91;-0,21000000000000085;41494;0;53506;3930;3780;0;3780;3930;-150;0;-150;-0,03968253968253968;-0,03968253968253968;;-0,0070707070707071;2;1
2017-09-05;3;2017-09-05 03:00:00;29,62;30,43;-0,8099999999999987;41494;0;53506;4304;3753;0;3753;4304;-551;0;-551;-0,14681588062883028;-0,14681588062883028;;-0,027346387575962142;2;1
2017-09-05;4;2017-09-05 04:00:00;29,68;28,8;0,879999999999999;41494;0;53506;4842;3711;0;3711;4842;-1131;0;-1131;-0,3047696038803557;-0,3047696038803557;;0,0296495956873315;2;1
2017-09-05;5;2017-09-05 05:00:00;31,02;29,99;1,0300000000000011;41494;0;53506;4930;3764;0;3764;4930;-1166;0;-1166;-0,3097768331562168;-0,3097768331562168;;0,03320438426821409;2;1
2017-09-05;6;2017-09-05 06:00:00;36,37;33,94;2,43;41494;56;53506;4992;3890;70;3960;5048;-1102;14;-1088;-0,27474747474747474;-0,2832904884318766;0,2;0,06681330767115756;2;1
2017-09-05;7;2017-09-05 07:00:00;42,39;41,38;1,009999999999998;41494;1551;53506;5087;3985;1578;5563;6638;-1102;27;-1075;-0,1932410569836419;-0,2765370138017566;0,017110266159695818;0,023826374144845435;2;1
2017-09-05;8;2017-09-05 08:00:00;44,05;42,97;1,0799999999999983;41494;5143;53506;4476;3898;5533;9431;9619;-578;390;-188;-0,019934259357438235;-0,1482811698306824;0,07048617386589554;0,024517593643586796;2;1
2017-09-05;9;2017-09-05 09:00:00;42,93;41,62;1,3100000000000025;41494;9974;53506;3448;3519;10235;13754;13422;71;261;332;0,024138432456012795;0,020176186416595625;0,025500732779677578;0,030514791521080886;2;1
2017-09-05;10;2017-09-05 10:00:00;41,26;39,13;2,1299999999999955;41494;14637;53506;2911;3247;14311;17558;17548;336;-326;10;0,0005695409499943046;0,10348013550970127;-0,022779679966459368;0,05162384876393591;2;1
2017-09-05;11;2017-09-05 11:00:00;41,76;38,52;3,2399999999999953;41494;18120;53506;3348;3372;17145;20517;21468;24;-975;-951;-0,04635180581956427;0,0071174377224199285;-0,0568678915135608;0,07758620689655162;2;1
2017-09-05;12;2017-09-05 12:00:00;38,49;34,85;3,640000000000001;41494;19696;53506;3883;3742;18575;22317;23579;-141;-1121;-1262;-0,056548819285746295;-0,03768038482095136;-0,06034993270524899;0,09457001818654198;2;1
2017-09-05;13;2017-09-05 13:00:00;37,25;33,4;3,8500000000000014;41494;18800;53506;4203;4050;18464;22514;23003;-153;-336;-489;-0,021719818779426133;-0,03777777777777778;-0,018197573656845753;0,10335570469798662;2;1
2017-09-05;14;2017-09-05 14:00:00;36,67;32,53;4,1400000000000015;41494;16546;53506;4232;4178;16962;21140;20778;-54;416;362;0,017123935666982025;-0,01292484442316898;0,024525409739417522;0,11289882737932919;2;1
2017-09-05;15;2017-09-05 15:00:00;38,43;34,86;3,5700000000000003;41494;13266;53506;4220;4141;14219;18360;17486;-79;953;874;0,047603485838779956;-0,019077517507848345;0,06702299739784795;0,09289617486338798;2;1
2017-09-05;16;2017-09-05 16:00:00;39,05;37,01;2,039999999999999;41494;9712;53506;4022;3973;10619;14592;13734;-49;907;858;0,05879934210526316;-0,012333249433677322;0,08541293907147565;0,05224071702944941;2;1
2017-09-05;17;2017-09-05 17:00:00;40,56;37,83;2,730000000000004;41494;5654;53506;3937;3671;6418;10089;9591;-266;764;498;0,04936068986024383;-0,07245982021247617;0,11904019943907759;0,0673076923076924;2;1
2017-09-05;18;2017-09-05 18:00:00;43,04;40,1;2,9399999999999977;41494;2156;53506;3936;3517;2547;6064;6092;-419;391;-28;-0,004617414248021108;-0,11913562695479102;0,15351393796623478;0,06830855018587355;2;1
2017-09-05;19;2017-09-05 19:00:00;44,22;40,76;3,4600000000000013;41494;230;53506;4046;3625;381;4006;4276;-421;151;-270;-0,06739890164752871;-0,11613793103448276;0,3963254593175853;0,07824513794663052;2;1
2017-09-05;20;2017-09-05 20:00:00;44,97;40,67;4,299999999999997;41494;0;53506;4858;4031;2;4033;4858;-827;2;-825;-0,2045623605256633;-0,205160009923096;1,0;0,09561930175672664;2;1
2017-09-05;21;2017-09-05 21:00:00;40,4;36,71;3,6899999999999977;41494;0;53506;5506;4532;0;4532;5506;-974;0;-974;-0,2149161518093557;-0,2149161518093557;;0,09133663366336628;2;1
2017-09-05;22;2017-09-05 22:00:00;37,25;33,0;4,25;41494;0;53506;5760;4960;0;4960;5760;-800;0;-800;-0,16129032258064516;-0,16129032258064516;;0,11409395973154363;2;1
2017-09-05;23;2017-09-05 23:00:00;32,97;30,28;2,6899999999999977;41494;0;53506;5819;5309;0;5309;5819;-510;0;-510;-0,09606328875494444;-0,09606328875494444;;0,08158932362754012;2;1
2017-09-06;0;2017-09-06 00:00:00;29,47;27,92;1,5499999999999972;41497;0;53523;5633;5404;0;5404;5633;-229;0;-229;-0,0423760177646188;-0,0423760177646188;;0,05259586019681022;2;2
2017-09-06;1;2017-09-06 01:00:00;29,06;30,35;-1,2900000000000027;41497;0;53523;5281;5543;0;5543;5281;262;0;262;0,04726682302002526;0,04726682302002526;;-0,044390915347556875;2;2
2017-09-06;2;2017-09-06 02:00:00;27,83;29,19;-1,360000000000003;41497;0;53523;5365;5840;0;5840;5365;475;0;475;0,08133561643835617;0,08133561643835617;;-0,04886812791951143;2;2
2017-09-06;3;2017-09-06 03:00:00;26,19;28,09;-1,8999999999999984;41497;0;53523;5510;6107;0;6107;5510;597;0;597;0,09775667267070574;0,09775667267070574;;-0,07254677357770134;2;2
2017-09-06;4;2017-09-06 04:00:00;26,42;27,29;-0,8699999999999974;41497;0;53523;5839;6444;0;6444;5839;605;0;605;0,09388578522656735;0,09388578522656735;;-0,03292959878879627;2;2
2017-09-06;5;2017-09-06 05:00:00;29,19;30,54;-1,349999999999998;41497;0;53523;6484;6809;0;6809;6484;325;0;325;0,04773094433837568;0,04773094433837568;;-0,046248715313463445;2;2
2017-09-06;6;2017-09-06 06:00:00;36,32;38,97;-2,6499999999999986;41497;24;53523;7022;7211;31;7242;7046;189;7;196;0,027064346865506766;0,026209957010123422;0,22580645161290322;-0,07296255506607925;2;2
2017-09-06;7;2017-09-06 07:00:00;42,02;44,05;-2,029999999999994;41497;678;53523;8000;7790;704;8494;8678;-210;26;-184;-0,021662349894042855;-0,026957637997432605;0,036931818181818184;-0,048310328415040314;2;2
2017-09-06;8;2017-09-06 08:00:00;43,73;45,74;-2,0100000000000047;41497;2564;53523;9651;8511;2667;11178;12215;-1140;103;-1037;-0,09277151547682949;-0,1339443073669369;0,0386201724784402;-0,04596386919734747;2;2
2017-09-06;9;2017-09-06 09:00:00;43,0;41,88;1,1199999999999974;41497;5122;53523;11274;9543;5233;14776;16396;-1731;111;-1620;-0,10963724959393611;-0,18138950015718328;0,021211542136441813;0,02604651162790692;2;2
2017-09-06;10;2017-09-06 10:00:00;41,0;38,26;2,740000000000002;41497;7903;53523;14275;10847;7806;18653;22178;-3428;-97;-3525;-0,18897764434675388;-0,3160320826034848;-0,01242633871380989;0,06682926829268297;2;2
2017-09-06;11;2017-09-06 11:00:00;40,07;34,21;5,8599999999999985;41497;9960;53523;18035;12201;9940;22141;27995;-5834;-20;-5854;-0,2643963687276997;-0,47815752807146955;-0,002012072434607646;0,14624407287247312;2;2
2017-09-06;12;2017-09-06 12:00:00;35,92;26,85;9,07;41497;11692;53523;20491;13707;11498;25205;32183;-6784;-194;-6978;-0,27684983138266217;-0,4949295980156125;-0,016872499565141762;0,2525055679287305;2;2
2017-09-06;13;2017-09-06 13:00:00;29,88;23,25;6,629999999999999;41497;13175;53523;21870;15592;12235;27827;35045;-6278;-940;-7218;-0,2593883638193122;-0,4026423807080554;-0,0768287699223539;0,2218875502008032;2;2
2017-09-06;14;2017-09-06 14:00:00;27,9;19,88;8,02;41497;12941;53523;24064;17381;12144;29525;37005;-6683;-797;-7480;-0,2533446232006774;-0,3845003164374892;-0,06562911725955205;0,28745519713261647;2;2
2017-09-06;15;2017-09-06 15:00:00;23,81;18,0;5,809999999999999;41497;11581;53523;25405;18918;10986;29904;36986;-6487;-595;-7082;-0,23682450508293204;-0,34290094090284384;-0,054159839796104135;0,244015119697606;2;2
2017-09-06;16;2017-09-06 16:00:00;22,06;13,75;8,309999999999999;41497;8639;53523;26496;20530;8695;29225;35135;-5966;56;-5910;-0,202224123182207;-0,29059912323429127;0,006440483036227717;0,3766999093381686;2;2
2017-09-06;17;2017-09-06 17:00:00;26,81;19,09;7,719999999999999;41497;5398;53523;25628;21331;5651;26982;31026;-4297;253;-4044;-0,14987769624193906;-0,20144390792742956;0,044770837019996464;0,2879522566206639;2;2
2017-09-06;18;2017-09-06 18:00:00;29,65;26,29;3,3599999999999994;41497;2117;53523;24713;21077;2398;23475;26830;-3636;281;-3355;-0,14291799787007456;-0,172510319305404;0,11718098415346122;0,11332209106239459;2;2
2017-09-06;19;2017-09-06 19:00:00;35,92;34,69;1,2300000000000042;41497;208;53523;23523;20216;361;20577;23731;-3307;153;-3154;-0,15327793167128348;-0,16358330035615354;0,42382271468144045;0,03424276169265045;2;2
2017-09-06;20;2017-09-06 20:00:00;35,96;35,8;0,1600000000000037;41497;0;53523;22996;19198;2;19200;22996;-3798;2;-3796;-0,19770833333333335;-0,1978331076153766;1,0;0,004449388209121348;2;2
2017-09-06;21;2017-09-06 21:00:00;30,96;30,58;0,38000000000000256;41497;0;53523;21919;18510;0;18510;21919;-3409;0;-3409;-0,18417071853052405;-0,18417071853052405;;0,012273901808785612;2;2
2017-09-06;22;2017-09-06 22:00:00;29,67;29,3;0,37000000000000105;41497;0;53523;20598;18049;0;18049;20598;-2549;0;-2549;-0,14122666075682863;-0,14122666075682863;;0,012470508931580755;2;2
2017-09-06;23;2017-09-06 23:00:00;22,07;20,72;1,3500000000000014;41497;0;53523;20312;17784;0;17784;20312;-2528;0;-2528;-0,14215024741340532;-0,14215024741340532;;0,061169007702764;2;2
2017-09-07;0;2017-09-07 00:00:00;21,54;16,03;5,509999999999998;41501;0;53534;20638;18809;0;18809;20638;-1829;0;-1829;-0,09724068265192196;-0,09724068265192196;;0,25580315691736294;2;3
2017-09-07;1;2017-09-07 01:00:00;14,96;10,79;4,170000000000002;41501;0;53534;19801;18509;0;18509;19801;-1292;0;-1292;-0,06980387919390567;-0,06980387919390567;;0,2787433155080215;2;3
2017-09-07;2;2017-09-07 02:00:00;13,12;13,1;0,01999999999999957;41501;0;53534;18880;18291;0;18291;18880;-589;0;-589;-0,03220162921655459;-0,03220162921655459;;0,0015243902439024063;2;3
2017-09-07;3;2017-09-07 03:00:00;11,76;13,5;-1,7400000000000002;41501;0;53534;17835;17874;0;17874;17835;39;0;39;0,002181940248405505;0,002181940248405505;;-0,1479591836734694;2;3
2017-09-07;4;2017-09-07 04:00:00;13,82;17,09;-3,27;41501;0;53534;17136;17372;0;17372;17136;236;0;236;0,013585079438176375;0,013585079438176375;;-0,2366136034732272;2;3
2017-09-07;5;2017-09-07 05:00:00;22,01;23,89;-1,879999999999999;41501;0;53534;16559;16851;0;16851;16559;292;0;292;0,01732834846596641;0,01732834846596641;;-0,08541572012721485;2;3
2017-09-07;6;2017-09-07 06:00:00;34,63;38,88;-4,25;41501;27;53534;16302;16337;34;16371;16329;35;7;42;0,0025655121861828845;0,0021423762012609416;0,20588235294117646;-0,12272596015015881;2;3
2017-09-07;7;2017-09-07 07:00:00;40,68;43,38;-2,700000000000003;41501;900;53534;16054;15853;941;16794;16954;-201;41;-160;-0,009527212099559366;-0,012678988204125403;0,04357066950053135;-0,06637168141592928;2;3
2017-09-07;8;2017-09-07 08:00:00;39,94;43,79;-3,8500000000000014;41501;3584;53534;14638;15568;3707;19275;18222;930;123;1053;0,05463035019455253;0,05973792394655704;0,0331804693822498;-0,09639459188783178;2;3
2017-09-07;9;2017-09-07 09:00:00;39,95;43,87;-3,9199999999999946;41501;7020;53534;14644;15528;7229;22757;21664;884;209;1093;0,04802917783539131;0,05692941782586296;0,02891132936782404;-0,09812265331664566;2;3
2017-09-07;10;2017-09-07 10:00:00;37,48;41,61;-4,130000000000003;41501;10404;53534;14806;15636;10362;25998;25210;830;-42;788;0,030310023847988306;0,053082629828600666;-0,004053271569195136;-0,11019210245464256;2;3
2017-09-07;11;2017-09-07 11:00:00;38,98;40,64;-1,6600000000000037;41501;12462;53534;15306;15556;12336;27892;27768;250;-126;124;0,004445719202638749;0,016070969400874262;-0,010214007782101167;-0,04258594150846598;2;3
2017-09-07;12;2017-09-07 12:00:00;37,41;38,81;-1,4000000000000057;41501;13048;53534;15290;15273;13192;28465;28338;-17;144;127;0,004461619532759529;-0,0011130753617494926;0,010915706488781079;-0,037423148890671096;2;3
2017-09-07;13;2017-09-07 13:00:00;36,8;38,28;-1,4800000000000042;41501;12566;53534;14764;14560;13012;27572;27330;-204;446;242;0,008777020165385173;-0,014010989010989012;0,03427605287426991;-0,04021739130434794;2;3
2017-09-07;14;2017-09-07 14:00:00;36,11;36,68;-0,5700000000000003;41501;12094;53534;13984;13807;12086;25893;26078;-177;-8;-185;-0,007144788166685977;-0,012819584268849134;-0,0006619228859837829;-0,01578510108003324;2;3
2017-09-07;15;2017-09-07 15:00:00;36,73;36,97;-0,24000000000000196;41501;10815;53534;13430;12970;10426;23396;24245;-460;-389;-849;-0,03628825440246196;-0,03546646106399383;-0,03731056972952235;-0,006534168254832616;2;3
2017-09-07;16;2017-09-07 16:00:00;37,71;34,66;3,0500000000000043;41501;8878;53534;12871;12011;8100;20111;21749;-860;-778;-1638;-0,08144796380090498;-0,0716010323869786;-0,09604938271604939;0,08088040307610725;2;3
2017-09-07;17;2017-09-07 17:00:00;40,37;39,19;1,1799999999999995;41501;5973;53534;11418;10701;5188;15889;17391;-717;-785;-1502;-0,09453080747687079;-0,06700308382394168;-0,1513107170393215;0,02922962595987118;2;3
2017-09-07;18;2017-09-07 18:00:00;42,67;45,73;-3,059999999999995;41501;2461;53534;9342;9136;2137;11273;11803;-206;-324;-530;-0,04701499157278453;-0,02254816112084063;-0,15161441272812354;-0,07171314741035845;2;3
2017-09-07;19;2017-09-07 19:00:00;45,22;49,54;-4,32;41501;265;53534;8518;7918;302;8220;8783;-600;37;-563;-0,06849148418491484;-0,07577671129072998;0,12251655629139073;-0,09553295002211412;2;3
2017-09-07;20;2017-09-07 20:00:00;45,99;50,02;-4,030000000000001;41501;0;53534;9141;7454;1;7455;9141;-1687;1;-1686;-0,22615694164989938;-0,22632143815401126;1,0;-0,08762774516199176;2;3
2017-09-07;21;2017-09-07 21:00:00;41,02;40,01;1,0100000000000051;41501;0;53534;9852;7649;0;7649;9852;-2203;0;-2203;-0,2880115047718656;-0,2880115047718656;;0,024622135543637375;2;3
2017-09-07;22;2017-09-07 22:00:00;38,78;36,3;2,480000000000004;41501;0;53534;10278;8287;0;8287;10278;-1991;0;-1991;-0,2402558223723905;-0,2402558223723905;;0,06395048994326982;2;3
2017-09-07;23;2017-09-07 23:00:00;33,99;33,02;0,9699999999999988;41501;0;53534;11223;9278;0;9278;11223;-1945;0;-1945;-0,2096356973485665;-0,2096356973485665;;0,028537805236834326;2;3
2017-09-08;0;2017-09-08 00:00:00;29,92;29,17;0,75;41505;0;53566;12403;10605;0;10605;12403;-1798;0;-1798;-0,16954266855256955;-0,16954266855256955;;0,025066844919786096;2;4
2017-09-08;1;2017-09-08 01:00:00;27,01;27,91;-0,8999999999999986;41505;0;53566;13654;11891;0;11891;13654;-1763;0;-1763;-0,14826339248170886;-0,14826339248170886;;-0,03332099222510176;2;4
2017-09-08;2;2017-09-08 02:00:00;23,95;23,47;0,4800000000000004;41505;0;53566;14542;13306;0;13306;14542;-1236;0;-1236;-0,09289042537201263;-0,09289042537201263;;0,020041753653444693;2;4
2017-09-08;3;2017-09-08 03:00:00;19,0;18,65;0,3500000000000014;41505;0;53566;15096;14480;0;14480;15096;-616;0;-616;-0,042541436464088395;-0,042541436464088395;;0,018421052631579022;2;4
2017-09-08;4;2017-09-08 04:00:00;14,09;14,96;-0,870000000000001;41505;0;53566;16018;15557;0;15557;16018;-461;0;-461;-0,029632962653467893;-0,029632962653467893;;-0,061745919091554365;2;4
2017-09-08;5;2017-09-08 05:00:00;22,24;23,45;-1,2100000000000009;41505;0;53566;17650;16617;0;16617;17650;-1033;0;-1033;-0,062165252452307876;-0,062165252452307876;;-0,05440647482014393;2;4
2017-09-08;6;2017-09-08 06:00:00;32,96;30,0;2,9600000000000013;41505;24;53566;19748;17872;30;17902;19772;-1876;6;-1870;-0,10445760250251368;-0,10496866606982991;0,2;0,08980582524271849;2;4
2017-09-08;7;2017-09-08 07:00:00;35,93;34,03;1,8999999999999984;41505;975;53566;21232;19324;958;20282;22207;-1908;-17;-1925;-0,09491174440390494;-0,09873732146553509;-0,017745302713987474;0,052880601168939556;2;4
2017-09-08;8;2017-09-08 08:00:00;35,14;33,04;2,1000000000000014;41505;3370;53566;22538;20860;3573;24433;25908;-1678;203;-1475;-0,06036917284001146;-0,08044103547459253;0,05681500139938427;0,05976095617529884;2;4
2017-09-08;9;2017-09-08 09:00:00;31,02;33,85;-2,830000000000002;41505;6494;53566;23515;22345;6641;28986;30009;-1170;147;-1023;-0,035292900020699645;-0,052360707093309464;0,022135220599307334;-0,09123146357188916;2;4
2017-09-08;10;2017-09-08 10:00:00;29,91;28,46;1,4499999999999993;41505;9375;53566;25417;23942;9213;33155;34792;-1475;-162;-1637;-0,04937415171165737;-0,06160721744215187;-0,017583848909150115;0,04847876964226009;2;4
2017-09-08;11;2017-09-08 11:00:00;22,88;19,32;3,5599999999999987;41505;10808;53566;27758;25409;10812;36221;38566;-2349;4;-2345;-0,06474144833107866;-0,0924475579519068;0,0003699593044765076;0,15559440559440554;2;4
2017-09-08;12;2017-09-08 12:00:00;19,04;15,42;3,6199999999999988;41505;10558;53566;29417;26418;11464;37882;39975;-2999;906;-2093;-0,055250514756348665;-0,11352108410931941;0,07903000697836707;0,190126050420168;2;4
2017-09-08;13;2017-09-08 13:00:00;17,99;16,43;1,5599999999999987;41505;10226;53566;29948;26991;11157;38148;40174;-2957;931;-2026;-0,05310894411240432;-0,10955503686413989;0,08344537061934211;0,08671484157865475;2;4
2017-09-08;14;2017-09-08 14:00:00;15,03;16,89;-1,8600000000000008;41505;9749;53566;29698;26620;10130;36750;39447;-3078;381;-2697;-0,07338775510204082;-0,11562734785875282;0,03761105626850938;-0,12375249500998009;2;4
2017-09-08;15;2017-09-08 15:00:00;22,05;19,47;2,5800000000000023;41505;8559;53566;27166;25125;8491;33616;35725;-2041;-68;-2109;-0,06273798191337458;-0,08123383084577114;-0,008008479566599929;0,11700680272108853;2;4
2017-09-08;16;2017-09-08 16:00:00;24,3;22,14;2,16;41505;6594;53566;24432;22876;6496;29372;31026;-1556;-98;-1654;-0,056312134005175;-0,06801888442035321;-0,015086206896551725;0,08888888888888889;2;4
2017-09-08;17;2017-09-08 17:00:00;30,36;28,41;1,9499999999999995;41505;4061;53566;21750;20528;4107;24635;25811;-1222;46;-1176;-0,047736959610310534;-0,059528448947778645;0,011200389578767957;0,0642292490118577;2;4
2017-09-08;18;2017-09-08 18:00:00;33,98;35,08;-1,1000000000000014;41505;1483;53566;19844;18598;1641;20239;21327;-1246;158;-1088;-0,05375759671920549;-0,0669964512313152;0,09628275441803778;-0,032371983519717526;2;4
2017-09-08;19;2017-09-08 19:00:00;35,97;36,42;-0,4500000000000029;41505;117;53566;19288;16947;214;17161;19405;-2341;97;-2244;-0,13076161062875125;-0,1381365433410043;0,4532710280373832;-0,012510425354462132;2;4
2017-09-08;20;2017-09-08 20:00:00;37,31;36,4;0,9100000000000036;41505;0;53566;18863;15785;1;15786;18863;-3078;1;-3077;-0,19491954896743952;-0,19499524865378523;1,0;0,02439024390243912;2;4
2017-09-08;21;2017-09-08 21:00:00;34,0;30,32;3,68;41505;0;53566;18707;15313;0;15313;18707;-3394;0;-3394;-0,22164174231045516;-0,22164174231045516;;0,10823529411764707;2;4
2017-09-08;22;2017-09-08 22:00:00;30,86;24,51;6,349999999999998;41505;0;53566;18641;15160;0;15160;18641;-3481;0;-3481;-0,2296174142480211;-0,2296174142480211;;0,20576798444588457;2;4
2017-09-08;23;2017-09-08 23:00:00;28,87;21,27;7,600000000000001;41505;0;53566;18589;15219;0;15219;18589;-3370;0;-3370;-0,22143373414810436;-0,22143373414810436;;0,26324904745410466;2;4
2017-09-09;0;2017-09-09 00:00:00;27,95;29,33;-1,379999999999999;41506;0;53568;18716;16202;0;16202;18716;-2514;0;-2514;-0,1551660288853228;-0,1551660288853228;;-0,049373881932021434;2;5
2017-09-09;1;2017-09-09 01:00:00;21,85;25,7;-3,8499999999999983;41506;0;53568;18097;15689;0;15689;18097;-2408;0;-2408;-0,1534833322710179;-0,1534833322710179;;-0,17620137299771158;2;5
2017-09-09;2;2017-09-09 02:00:00;21,09;24,12;-3,030000000000001;41506;0;53568;16842;15170;0;15170;16842;-1672;0;-1672;-0,11021753460777851;-0,11021753460777851;;-0,14366998577524898;2;5
2017-09-09;3;2017-09-09 03:00:00;21,03;23,02;-1,9899999999999984;41506;0;53568;15053;14421;0;14421;15053;-632;0;-632;-0,0438249774634214;-0,0438249774634214;;-0,09462672372800753;2;5
2017-09-09;4;2017-09-09 04:00:00;21,08;23,81;-2,7300000000000004;41506;0;53568;13919;13775;0;13775;13919;-144;0;-144;-0,01045372050816697;-0,01045372050816697;;-0,12950664136622395;2;5
2017-09-09;5;2017-09-09 05:00:00;25,23;27,92;-2,6900000000000013;41506;0;53568;12755;13230;0;13230;12755;475;0;475;0,035903250188964474;0,035903250188964474;;-0,106619104240983;2;5
2017-09-09;6;2017-09-09 06:00:00;27,45;29,23;-1,7800000000000011;41506;20;53568;12488;12658;25;12683;12508;170;5;175;0,013797997319246235;0,013430241744351399;0,2;-0,0648451730418944;2;5
2017-09-09;7;2017-09-09 07:00:00;29,93;31,71;-1,7800000000000011;41506;775;53568;12402;12156;802;12958;13177;-246;27;-219;-0,016900756289550855;-0,020236920039486673;0,03366583541147132;-0,05947210157033081;2;5
2017-09-09;8;2017-09-09 08:00:00;34,1;34,27;-0,1700000000000017;41506;2570;53568;12472;11674;2898;14572;15042;-798;328;-470;-0,032253637112270105;-0,06835703272228885;0,1131815044858523;-0,004985337243401809;2;5
2017-09-09;9;2017-09-09 09:00:00;37,08;36,25;0,8299999999999983;41506;4451;53568;12608;11207;5322;16529;17059;-1401;871;-530;-0,03206485570814931;-0,1250111537431962;0,16366027809094325;0,022384034519956804;2;5
2017-09-09;10;2017-09-09 10:00:00;37,17;35,9;1,2700000000000031;41506;5680;53568;12854;10944;7262;18206;18534;-1910;1582;-328;-0,0180160386685708;-0,17452485380116958;0,21784632332690718;0,0341673392520851;2;5
2017-09-09;11;2017-09-09 11:00:00;38,68;35,55;3,1300000000000026;41506;6915;53568;14058;10779;8416;19195;20973;-3279;1501;-1778;-0,0926282886168273;-0,3042026161981631;0,17835076045627377;0,08092037228541889;2;5
2017-09-09;12;2017-09-09 12:00:00;36,26;32,16;4,100000000000001;41506;8059;53568;15166;10613;8996;19609;23225;-4553;937;-3616;-0,1844051200979142;-0,429002167153491;0,10415740329035127;0,11307225592939883;2;5
2017-09-09;13;2017-09-09 13:00:00;33,1;22,67;10,43;41506;8442;53568;16065;10606;8991;19597;24507;-5459;549;-4910;-0,25054855335000253;-0,5147086554780314;0,06106106106106106;0,31510574018126886;2;5
2017-09-09;14;2017-09-09 14:00:00;29,88;17,81;12,07;41506;8416;53568;15456;10403;8512;18915;23872;-5053;96;-4957;-0,2620671424795136;-0,48572527155628187;0,011278195488721804;0,40394912985274434;2;5
2017-09-09;15;2017-09-09 15:00:00;30,85;20,5;10,35;41506;7700;53568;13878;9749;7474;17223;21578;-4129;-226;-4355;-0,25285954827846485;-0,4235306185249769;-0,03023815895103024;0,33549432739059964;2;5
2017-09-09;16;2017-09-09 16:00:00;32,87;30,76;2,109999999999996;41506;5604;53568;11926;8902;5789;14691;17530;-3024;185;-2839;-0,1932475665373358;-0,33969894405751516;0,03195716013128347;0,0641922725889868;2;5
2017-09-09;17;2017-09-09 17:00:00;34,54;36,37;-1,8299999999999983;41506;3242;53568;9897;7976;3617;11593;13139;-1921;375;-1546;-0,13335633571983094;-0,24084754262788366;0,10367708045341444;-0,052982049797336374;2;5
2017-09-09;18;2017-09-09 18:00:00;36,21;38,35;-2,140000000000001;41506;1223;53568;7986;6970;1410;8380;9209;-1016;187;-829;-0,09892601431980907;-0,14576757532281207;0,1326241134751773;-0,0590996962165148;2;5
2017-09-09;19;2017-09-09 19:00:00;39,08;40,39;-1,3100000000000025;41506;162;53568;6870;6183;178;6361;7032;-687;16;-671;-0,10548655871718284;-0,1111111111111111;0,0898876404494382;-0,03352098259979536;2;5
2017-09-09;20;2017-09-09 20:00:00;41,53;43,84;-2,3100000000000023;41506;0;53568;6998;5835;1;5836;6998;-1163;1;-1162;-0,19910897875257025;-0,19931448157669238;1,0;-0,055622441608475855;2;5
2017-09-09;21;2017-09-09 21:00:00;38,99;38,65;0,3400000000000034;41506;0;53568;7519;5621;0;5621;7519;-1898;0;-1898;-0,33766233766233766;-0,33766233766233766;;0,008720184662734122;2;5
2017-09-09;22;2017-09-09 22:00:00;38,94;36,18;2,759999999999998;41506;0;53568;7914;5434;0;5434;7914;-2480;0;-2480;-0,4563857195436143;-0,4563857195436143;;0,07087827426810472;2;5
2017-09-09;23;2017-09-09 23:00:00;36,81;32,43;4,380000000000003;41506;0;53568;7384;5147;0;5147;7384;-2237;0;-2237;-0,43462210996697104;-0,43462210996697104;;0,1189894050529748;2;5
2017-09-10;0;2017-09-10 00:00:00;31,06;25,21;5,849999999999998;41506;0;53568;6992;4866;0;4866;6992;-2126;0;-2126;-0,4369091656391286;-0,4369091656391286;;0,18834513844172562;2;6
2017-09-10;1;2017-09-10 01:00:00;29,56;22,87;6,689999999999998;41506;0;53568;6552;4558;0;4558;6552;-1994;0;-1994;-0,4374725756910926;-0,4374725756910926;;0,22631935047361293;2;6
2017-09-10;2;2017-09-10 02:00:00;28,23;22,71;5,52;41506;0;53568;6702;4460;0;4460;6702;-2242;0;-2242;-0,5026905829596413;-0,5026905829596413;;0,1955366631243358;2;6
2017-09-10;3;2017-09-10 03:00:00;25,9;20,68;5,219999999999999;41506;0;53568;6402;4349;0;4349;6402;-2053;0;-2053;-0,4720625431133594;-0,4720625431133594;;0,2015444015444015;2;6
2017-09-10;4;2017-09-10 04:00:00;23,73;19,84;3,890000000000001;41506;0;53568;5936;4324;0;4324;5936;-1612;0;-1612;-0,37280296022201664;-0,37280296022201664;;0,16392751790981883;2;6
2017-09-10;5;2017-09-10 05:00:00;23,17;20,2;2,9700000000000024;41506;0;53568;6346;4366;0;4366;6346;-1980;0;-1980;-0,45350435180943655;-0,45350435180943655;;0,12818299525248175;2;6
2017-09-10;6;2017-09-10 06:00:00;25,92;21,64;4,280000000000001;41506;14;53568;7082;4478;16;4494;7096;-2604;2;-2602;-0,5789942145082332;-0,5815096025011166;0,125;0,1651234567901235;2;6
2017-09-10;7;2017-09-10 07:00:00;26,08;20,66;5,419999999999997;41506;714;53568;7340;4678;696;5374;8054;-2662;-18;-2680;-0,498697432080387;-0,5690466011115861;-0,02586206896551724;0,20782208588957046;2;6
2017-09-10;8;2017-09-10 08:00:00;29,89;20,86;9,03;41506;3119;53568;6327;4819;3139;7958;9446;-1508;20;-1488;-0,18698165368182962;-0,3129279933596182;0,0063714558776680474;0,3021077283372365;2;6
2017-09-10;9;2017-09-10 09:00:00;30,28;25,76;4,52;41506;6672;53568;5658;4978;6506;11484;12330;-680;-166;-846;-0,07366771159874608;-0,13660104459622338;-0,02551490931447894;0,14927344782034344;2;6
2017-09-10;10;2017-09-10 10:00:00;29,8;25,11;4,690000000000001;41506;10632;53568;6424;5537;9927;15464;17056;-887;-705;-1592;-0,10294878427315055;-0,1601950514719162;-0,07101843457237836;0,1573825503355705;2;6
2017-09-10;11;2017-09-10 11:00:00;29,42;20,64;8,780000000000001;41506;13808;53568;8357;6740;12680;19420;22165;-1617;-1128;-2745;-0,1413491246138002;-0,23991097922848664;-0,08895899053627761;0,29843643779741674;2;6
2017-09-10;12;2017-09-10 12:00:00;24,8;15,08;9,72;41506;15456;53568;10658;8368;14399;22767;26114;-2290;-1057;-3347;-0,14701102472877411;-0,2736615678776291;-0,07340787554691298;0,39193548387096777;2;6
2017-09-10;13;2017-09-10 13:00:00;17,24;9,96;7,279999999999998;41506;16010;53568;12228;9985;14785;24770;28238;-2243;-1225;-3468;-0,14000807428340734;-0,22463695543314974;-0,08285424416638484;0,4222737819025521;2;6
2017-09-10;14;2017-09-10 14:00:00;8,93;5,72;3,21;41506;14610;53568;13609;11306;14116;25422;28219;-2303;-494;-2797;-0,1100228148847455;-0,2036971519547143;-0,03499574950410881;0,3594624860022396;2;6
2017-09-10;15;2017-09-10 15:00:00;9,85;4,04;5,81;41506;12935;53568;14906;12139;12392;24531;27841;-2767;-543;-3310;-0,13493131140189965;-0,22794299365680865;-0,04381859264041317;0,5898477157360406;2;6
2017-09-10;16;2017-09-10 16:00:00;10,51;-0,39;10,9;41506;10192;53568;16103;12783;9696;22479;26295;-3320;-496;-3816;-0,16975844121179767;-0,2597199405460377;-0,05115511551155116;1,0371075166508088;2;6
2017-09-10;17;2017-09-10 17:00:00;13,21;5,13;8,080000000000002;41506;6483;53568;16205;12985;6126;19111;22688;-3220;-357;-3577;-0,18716969284705143;-0,24797843665768193;-0,05827619980411362;0,611657834973505;2;6
2017-09-10;18;2017-09-10 18:00:00;23,28;11,4;11,88;41506;2477;53568;14953;12794;2409;15203;17430;-2159;-68;-2227;-0,14648424653029007;-0,16875097702047834;-0,028227480282274803;0,5103092783505154;2;6
2017-09-10;19;2017-09-10 19:00:00;30,63;24,47;6,16;41506;208;53568;14300;12891;273;13164;14508;-1409;65;-1344;-0,10209662716499544;-0,10930106275696222;0,23809523809523808;0,2011100228534117;2;6
2017-09-10;20;2017-09-10 20:00:00;29,7;27,63;2,0700000000000003;41506;0;53568;16263;13877;0;13877;16263;-2386;0;-2386;-0,17193917993802696;-0,17193917993802696;;0,0696969696969697;2;6
2017-09-10;21;2017-09-10 21:00:00;22,56;13,65;8,909999999999998;41506;0;53568;18845;15873;0;15873;18845;-2972;0;-2972;-0,18723618723618723;-0,18723618723618723;;0,39494680851063824;2;6
2017-09-10;22;2017-09-10 22:00:00;18,05;4,99;13,06;41506;0;53568;20976;17975;0;17975;20976;-3001;0;-3001;-0,1669541029207232;-0,1669541029207232;;0,7235457063711911;2;6
2017-09-10;23;2017-09-10 23:00:00;9,4;-0,79;10,19;41506;0;53568;23162;19736;0;19736;23162;-3426;0;-3426;-0,17359140656668018;-0,17359140656668018;;1,0840425531914892;2;6
2017-09-11;0;2017-09-11 00:00:00;0,43;-0,71;1,14;41511;0;53576;24025;21285;0;21285;24025;-2740;0;-2740;-0,12872915198496593;-0,12872915198496593;;2,6511627906976742;2;0
2017-09-11;1;2017-09-11 01:00:00;0,0;-2,87;2,87;41511;0;53576;24967;22356;0;22356;24967;-2611;0;-2611;-0,11679191268563249;-0,11679191268563249;;inf;2;0
2017-09-11;2;2017-09-11 02:00:00;-0,07;-4,05;3,98;41511;0;53576;25576;23344;0;23344;25576;-2232;0;-2232;-0,0956134338588074;-0,0956134338588074;;-56,857142857142854;2;0
2017-09-11;3;2017-09-11 03:00:00;-2,32;-7,34;5,02;41511;0;53576;26112;23660;0;23660;26112;-2452;0;-2452;-0,10363482671174978;-0,10363482671174978;;-2,163793103448276;2;0
2017-09-11;4;2017-09-11 04:00:00;-2,77;-7,61;4,84;41511;0;53576;26299;23988;0;23988;26299;-2311;0;-2311;-0,09633983658495915;-0,09633983658495915;;-1,7472924187725631;2;0
2017-09-11;5;2017-09-11 05:00:00;4,23;-4,21;8,440000000000001;41511;0;53576;25932;23994;0;23994;25932;-1938;0;-1938;-0,08077019254813704;-0,08077019254813704;;1,9952718676122931;2;0
2017-09-11;6;2017-09-11 06:00:00;23,29;17,63;5,66;41511;19;53576;25832;23737;22;23759;25851;-2095;3;-2092;-0,08805084389073614;-0,08825883641572228;0,13636363636363635;0,24302275654787464;2;0
2017-09-11;7;2017-09-11 07:00:00;32,9;33,72;-0,8200000000000003;41511;1042;53576;25124;23206;944;24150;26166;-1918;-98;-2016;-0,08347826086956522;-0,08265103852451952;-0,1038135593220339;-0,02492401215805472;2;0
2017-09-11;8;2017-09-11 08:00:00;36,33;36,5;-0,1700000000000017;41511;4063;53576;23780;22341;3675;26016;27843;-1439;-388;-1827;-0,0702260147601476;-0,06441072467660355;-0,105578231292517;-0,004679328378750391;2;0
2017-09-11;9;2017-09-11 09:00:00;36,02;35,19;0,8300000000000054;41511;7660;53576;22579;21535;6954;28489;30239;-1044;-706;-1750;-0,06142721752255256;-0,048479219874622705;-0,10152430255967788;0,023042754025541515;2;0
2017-09-11;10;2017-09-11 10:00:00;31,49;28,23;3,259999999999998;41511;10336;53576;22411;21371;9738;31109;32747;-1040;-598;-1638;-0,05265357292101964;-0,04866407748818492;-0,061408913534606695;0,10352492854874558;2;0
2017-09-11;11;2017-09-11 11:00:00;33,0;27,34;5,66;41511;12052;53576;22403;21613;11650;33263;34455;-790;-402;-1192;-0,03583561314373328;-0,03655207513996206;-0,03450643776824034;0,1715151515151515;2;0
2017-09-11;12;2017-09-11 12:00:00;30,07;29,01;1,0599999999999987;41511;12887;53576;23089;21960;12550;34510;35976;-1129;-337;-1466;-0,042480440452042884;-0,05141165755919854;-0,026852589641434263;0,03525108081143993;2;0
2017-09-11;13;2017-09-11 13:00:00;23,78;26,5;-2,719999999999999;41511;13257;53576;23478;22342;12435;34777;36735;-1136;-822;-1958;-0,05630157862955402;-0,05084594038134455;-0,06610373944511459;-0,1143818334735071;2;0
2017-09-11;14;2017-09-11 14:00:00;23,06;20,72;2,34;41511;12862;53576;24070;22713;11662;34375;36932;-1357;-1200;-2557;-0,07438545454545455;-0,05974552018667723;-0,10289830217801406;0,10147441457068516;2;0
2017-09-11;15;2017-09-11 15:00:00;21,98;15,92;6,0600000000000005;41511;11370;53576;24033;22768;10012;32780;35403;-1265;-1358;-2623;-0,0800183038438072;-0,05556043569922699;-0,13563723531761887;0,275705186533212;2;0
2017-09-11;16;2017-09-11 16:00:00;27,52;17,69;9,829999999999998;41511;8912;53576;23612;22344;7654;29998;32524;-1268;-1258;-2526;-0,0842056137075805;-0,05674901539563194;-0,16435850535667626;0,3571947674418604;2;0
2017-09-11;17;2017-09-11 17:00:00;30,63;23,92;6,709999999999997;41511;5564;53576;23064;21782;4837;26619;28628;-1282;-727;-2009;-0,07547240692738269;-0,058855936094022586;-0,15029977258631383;0,2190662748938948;2;0
2017-09-11;18;2017-09-11 18:00:00;33,94;28,59;5,349999999999998;41511;2252;53576;21535;21154;1861;23015;23787;-381;-391;-772;-0,03354334129915273;-0,018010778103431976;-0,21010209564750135;0,1576311137301119;2;0
2017-09-11;19;2017-09-11 19:00:00;37,75;34,81;2,9399999999999977;41511;186;53576;21748;21064;201;21265;21934;-684;15;-669;-0,0314601457794498;-0,032472464868970756;0,07462686567164178;0,0778807947019867;2;0
2017-09-11;20;2017-09-11 20:00:00;34,69;35,16;-0,4699999999999989;41511;0;53576;22510;21619;0;21619;22510;-891;0;-891;-0,04121374716684398;-0,04121374716684398;;-0,013548573075814325;2;0
2017-09-11;21;2017-09-11 21:00:00;30,04;29,83;0,21000000000000085;41511;0;53576;24411;22531;0;22531;24411;-1880;0;-1880;-0,08344059296080955;-0,08344059296080955;;0,0069906790945406415;2;0
2017-09-11;22;2017-09-11 22:00:00;19,93;22,6;-2,6700000000000017;41511;0;53576;25201;23432;0;23432;25201;-1769;0;-1769;-0,07549504950495049;-0,07549504950495049;;-0,1339688911189163;2;0
2017-09-11;23;2017-09-11 23:00:00;9,36;10,68;-1,3200000000000005;41511;0;53576;25213;23977;0;23977;25213;-1236;0;-1236;-0,051549401509780206;-0,051549401509780206;;-0,14102564102564108;2;0
2017-09-12;0;2017-09-12 00:00:00;10,75;9,91;0,8399999999999999;41514;0;53587;24594;26601;0;26601;24594;2007;0;2007;0,07544829141761587;0,07544829141761587;;0,07813953488372091;2;1
2017-09-12;1;2017-09-12 01:00:00;9,03;12,65;-3,620000000000001;41514;0;53587;23654;25908;0;25908;23654;2254;0;2254;0,08700015439246565;0,08700015439246565;;-0,40088593576965686;2;1
2017-09-12;2;2017-09-12 02:00:00;6,49;12,11;-5,619999999999999;41514;0;53587;22092;24904;0;24904;22092;2812;0;2812;0,11291358817860585;0,11291358817860585;;-0,8659476117103234;2;1
2017-09-12;3;2017-09-12 03:00:00;5,33;10,67;-5,34;41514;0;53587;20438;23406;0;23406;20438;2968;0;2968;0,1268050927112706;0,1268050927112706;;-1,00187617260788;2;1
2017-09-12;4;2017-09-12 04:00:00;8,71;12,05;-3,34;41514;0;53587;19074;22064;0;22064;19074;2990;0;2990;0,1355148658448151;0,1355148658448151;;-0,383467278989667;2;1
2017-09-12;5;2017-09-12 05:00:00;14,9;14,43;0,4700000000000006;41514;0;53587;18073;21087;0;21087;18073;3014;0;3014;0,1429316640584246;0,1429316640584246;;0,03154362416107386;2;1
2017-09-12;6;2017-09-12 06:00:00;34,91;38,74;-3,830000000000005;41514;12;53587;17809;20292;17;20309;17821;2483;5;2488;0,1225072627898961;0,12236349300216834;0,29411764705882354;-0,10971068461758823;2;1
2017-09-12;7;2017-09-12 07:00:00;40,0;40,49;-0,490000000000002;41514;882;53587;18462;19808;862;20670;19344;1346;-20;1326;0,06415094339622641;0,06795234248788368;-0,02320185614849188;-0,012250000000000049;2;1
2017-09-12;8;2017-09-12 08:00:00;42,46;41,74;0,7199999999999989;41514;3272;53587;17779;19756;3560;23316;21051;1977;288;2265;0,09714359238291302;0,10007086454747925;0,08089887640449438;0,016957136128120557;2;1
2017-09-12;9;2017-09-12 09:00:00;39,98;39,53;0,4499999999999957;41514;6256;53587;17965;20021;6820;26841;24221;2056;564;2620;0,09761186244923811;0,10269217321812098;0,08269794721407625;0,011255627813906847;2;1
2017-09-12;10;2017-09-12 10:00:00;37,05;37,44;-0,39000000000000057;41514;9672;53587;19464;20751;9825;30576;29136;1287;153;1440;0,04709576138147567;0,06202110741651005;0,015572519083969465;-0,0105263157894737;2;1
2017-09-12;11;2017-09-12 11:00:00;36,65;37,12;-0,4699999999999989;41514;11927;53587;21486;21335;12059;33394;33413;-151;132;-19;-0,0005689644846379589;-0,007077572064682447;0,01094618127539597;-0,012824010914051812;2;1
2017-09-12;12;2017-09-12 12:00:00;33,45;32,52;0,9299999999999996;41514;12986;53587;21375;21274;13275;34549;34361;-101;289;188;0,005441546788619063;-0,004747579204662969;0,02177024482109228;0,027802690582959626;2;1
2017-09-12;13;2017-09-12 13:00:00;30,49;28,54;1,9499999999999995;41514;13406;53587;20966;20896;13843;34739;34372;-70;437;367;0,010564495235902012;-0,0033499234303215925;0,03156830166871343;0,06395539521154475;2;1
2017-09-12;14;2017-09-12 14:00:00;28,58;28,12;0,4599999999999973;41514;12969;53587;20485;20661;13684;34345;33454;176;715;891;0,025942640850196534;0,008518464740332026;0,0522508038585209;0,016095171448565336;2;1
2017-09-12;15;2017-09-12 15:00:00;29,62;23,87;5,75;41514;12277;53587;19184;20541;12222;32763;31461;1357;-55;1302;0,039739950553978574;0,06606299595930092;-0,004500081819669448;0,19412559081701553;2;1
2017-09-12;16;2017-09-12 16:00:00;30,69;23,86;6,830000000000003;41514;10248;53587;18971;20298;9507;29805;29219;1327;-741;586;0,01966113068277135;0,06537589910335993;-0,07794256863363837;0,22254806125773877;2;1
2017-09-12;17;2017-09-12 17:00:00;35,25;27,09;8,16;41514;6529;53587;18779;19425;5926;25351;25308;646;-603;43;0,001696185554810461;0,03325611325611326;-0,10175497806277421;0,23148936170212767;2;1
2017-09-12;18;2017-09-12 18:00:00;41,49;35,41;6,0800000000000045;41514;2412;53587;17296;17866;2214;20080;19708;570;-198;372;0,01852589641434263;0,031904175528937644;-0,08943089430894309;0,1465413352615089;2;1
2017-09-12;19;2017-09-12 19:00:00;45,89;39,23;6,660000000000004;41514;183;53587;16761;16597;222;16819;16944;-164;39;-125;-0,0074320708722278375;-0,00988130385009339;0,17567567567567569;0,14512965787753332;2;1
2017-09-12;20;2017-09-12 20:00:00;45,52;39,63;5,8900000000000015;41514;0;53587;17094;16041;0;16041;17094;-1053;0;-1053;-0,06564428651580326;-0,06564428651580326;;0,1293936731107206;2;1
2017-09-12;21;2017-09-12 21:00:00;36,94;32,85;4,089999999999995;41514;0;53587;17797;16378;0;16378;17797;-1419;0;-1419;-0,08664061545976309;-0,08664061545976309;;0,11072008662696252;2;1
2017-09-12;22;2017-09-12 22:00:00;34,11;32,93;1,1799999999999995;41514;0;53587;18097;16866;0;16866;18097;-1231;0;-1231;-0,07298707458792837;-0,07298707458792837;;0,03459396071533273;2;1
2017-09-12;23;2017-09-12 23:00:00;28,1;24,37;3,73;41514;0;53587;19350;17504;0;17504;19350;-1846;0;-1846;-0,1054616087751371;-0,1054616087751371;;0,13274021352313167;2;1
2017-09-13;0;2017-09-13 00:00:00;19,02;4,87;14,15;41517;0;53605;20356;18080;0;18080;20356;-2276;0;-2276;-0,1258849557522124;-0,1258849557522124;;0,7439537329127235;2;2
2017-09-13;1;2017-09-13 01:00:00;12,08;-1,6;13,68;41517;0;53605;21655;19047;0;19047;21655;-2608;0;-2608;-0,13692445004462644;-0,13692445004462644;;1,1324503311258278;2;2
2017-09-13;2;2017-09-13 02:00:00;10,71;-10,23;20,94;41517;0;53605;22678;20697;0;20697;22678;-1981;0;-1981;-0,09571435473740156;-0,09571435473740156;;1,9551820728291316;2;2
2017-09-13;3;2017-09-13 03:00:00;5,48;-1,79;7,27;41517;0;53605;23824;22404;0;22404;23824;-1420;0;-1420;-0,06338153901089091;-0,06338153901089091;;1,3266423357664232;2;2
2017-09-13;4;2017-09-13 04:00:00;8,33;-4,91;13,24;41517;0;53605;25756;24446;0;24446;25756;-1310;0;-1310;-0,053587498977337805;-0,053587498977337805;;1,5894357743097238;2;2
2017-09-13;5;2017-09-13 05:00:00;14,01;1,61;12,4;41517;0;53605;27973;27184;0;27184;27973;-789;0;-789;-0,029024426133019424;-0,029024426133019424;;0,8850820842255532;2;2
2017-09-13;6;2017-09-13 06:00:00;23,01;14,29;8,720000000000002;41517;6;53605;31118;29998;12;30010;31124;-1120;6;-1114;-0,03712095968010663;-0,03733582238815921;0,5;0,3789656671012604;2;2
2017-09-13;7;2017-09-13 07:00:00;28,72;9,1;19,62;41517;683;53605;33643;32408;560;32968;34326;-1235;-123;-1358;-0,04119145838388741;-0,03810787459886448;-0,21964285714285714;0,6831476323119777;2;2
2017-09-13;8;2017-09-13 08:00:00;23,07;9,24;13,83;41517;2438;53605;34628;34071;2157;36228;37066;-557;-281;-838;-0,023131279673180963;-0,016348214023656483;-0,13027352804821513;0,599479843953186;2;2
2017-09-13;9;2017-09-13 09:00:00;15,92;9,93;5,99;41517;3856;53605;35332;35298;3929;39227;39188;-34;73;39;0,000994213169500599;-0,0009632273783217179;0,018579791295495036;0,3762562814070352;2;2
2017-09-13;10;2017-09-13 10:00:00;13,41;12,06;1,3499999999999996;41517;5808;53605;36526;36549;5769;42318;42334;23;-39;-16;-0,0003780897017817477;0,0006292921830966647;-0,006760270410816433;0,10067114093959728;2;2
2017-09-13;11;2017-09-13 11:00:00;12,73;11,3;1,4299999999999995;41517;8064;53605;37809;37353;7542;44895;45873;-456;-522;-978;-0,021784163047109922;-0,012207854790779857;-0,06921241050119331;0,11233307148468182;2;2
2017-09-13;12;2017-09-13 12:00:00;10,74;6,13;4,61;41517;10052;53605;37384;37834;8965;46799;47436;450;-1087;-637;-0,013611401953033184;0,01189406354073056;-0,12124930284439486;0,4292364990689013;2;2
2017-09-13;13;2017-09-13 13:00:00;12,06;2,08;9,98;41517;11986;53605;36932;37902;9532;47434;48918;970;-2454;-1484;-0,031285575747354216;0,025592317028125165;-0,25744859420898025;0,8275290215588723;2;2
2017-09-13;14;2017-09-13 14:00:00;10,1;-5,82;15,92;41517;11818;53605;36106;37848;9301;47149;47924;1742;-2517;-775;-0,01643725211563342;0,046026210103572184;-0,2706160627889474;1,5762376237623763;2;2
2017-09-13;15;2017-09-13 15:00:00;9,18;-6,3;15,48;41517;9504;53605;35714;37534;8277;45811;45218;1820;-1227;593;0,012944489314793391;0,0484893696381947;-0,14824211670895251;1,6862745098039216;2;2
2017-09-13;16;2017-09-13 16:00:00;9,16;0,67;8,49;41517;6850;53605;35466;37124;6355;43479;42316;1658;-495;1163;0,02674854527473033;0,04466113565348562;-0,07789142407553108;0,9268558951965066;2;2
2017-09-13;17;2017-09-13 17:00:00;9,12;11,66;-2,540000000000001;41517;4198;53605;35019;36218;3785;40003;39217;1199;-413;786;0,01964852636052296;0,03310508586890496;-0,10911492734478204;-0,2785087719298247;2;2
2017-09-13;18;2017-09-13 18:00:00;16,24;22,1;-5,860000000000002;41517;1461;53605;34264;35061;1346;36407;35725;797;-115;682;0,01873266130139808;0,02273181027352329;-0,08543833580980684;-0,36083743842364546;2;2
2017-09-13;19;2017-09-13 19:00:00;16,03;27,91;-11,88;41517;97;53605;33071;33998;132;34130;33168;927;35;962;0,028186346322883093;0,02726630978292841;0,26515151515151514;-0,7411104179663132;2;2
2017-09-13;20;2017-09-13 20:00:00;16,07;30,01;-13,94;41517;0;53605;30926;33219;0;33219;30926;2293;0;2293;0,06902676179294982;0,06902676179294982;;-0,8674548848786559;2;2
2017-09-13;21;2017-09-13 21:00:00;12,06;26,92;-14,86;41517;0;53605;29674;32355;0;32355;29674;2681;0;2681;0,08286199969092876;0,08286199969092876;;-1,232172470978441;2;2
2017-09-13;22;2017-09-13 22:00:00;10,67;27,62;-16,950000000000006;41517;0;53605;27666;31969;0;31969;27666;4303;0;4303;0,13459914291970346;0,13459914291970346;;-1,5885660731021563;2;2
2017-09-13;23;2017-09-13 23:00:00;8,6;26,41;-17,810000000000006;41517;0;53605;27127;31385;0;31385;27127;4258;0;4258;0,13566990600605386;0,13566990600605386;;-2,0709302325581405;2;2
2017-09-14;0;2017-09-14 00:00:00;-11,04;19,4;-30,44;41521;0;53617;26686;32458;0;32458;26686;5772;0;5772;0,1778298108324604;0,1778298108324604;;2,7572463768115947;2;3
2017-09-14;1;2017-09-14 01:00:00;-4,92;18,93;-23,85;41521;0;53617;26429;31741;0;31741;26429;5312;0;5312;0,16735452569232223;0,16735452569232223;;4,847560975609756;2;3
2017-09-14;2;2017-09-14 02:00:00;-7,91;16,01;-23,92;41521;0;53617;25953;31138;0;31138;25953;5185;0;5185;0,1665167961975721;0,1665167961975721;;3,0240202275600505;2;3
2017-09-14;3;2017-09-14 03:00:00;-7,1;12,35;-19,45;41521;0;53617;25175;30136;0;30136;25175;4961;0;4961;0,1646203875763207;0,1646203875763207;;2,73943661971831;2;3
2017-09-14;4;2017-09-14 04:00:00;-1,7;11,57;-13,27;41521;0;53617;24508;29044;0;29044;24508;4536;0;4536;0,15617683514667402;0,15617683514667402;;7,805882352941176;2;3
2017-09-14;5;2017-09-14 05:00:00;9,42;16,37;-6,950000000000001;41521;0;53617;23798;27769;0;27769;23798;3971;0;3971;0,14300118837552667;0,14300118837552667;;-0,7377919320594482;2;3
2017-09-14;6;2017-09-14 06:00:00;31,08;39,59;-8,510000000000005;41521;4;53617;24038;26465;11;26476;24042;2427;7;2434;0,09193231605982777;0,09170602682788588;0,6363636363636364;-0,273809523809524;2;3
2017-09-14;7;2017-09-14 07:00:00;35,47;43,14;-7,670000000000003;41521;591;53617;23257;25471;668;26139;23848;2214;77;2291;0,08764681127816673;0,08692238231714498;0,11526946107784432;-0,21623907527488026;2;3
2017-09-14;8;2017-09-14 08:00:00;36,98;44,36;-7,380000000000003;41521;2730;53617;23650;24932;2854;27786;26380;1282;124;1406;0,050601022097459154;0,051419862024707205;0,043447792571829014;-0,19956733369388868;2;3
2017-09-14;9;2017-09-14 09:00:00;35,03;40,82;-5,789999999999999;41521;4989;53617;24042;25131;5456;30587;29031;1089;467;1556;0,05087128518651715;0,04333293541840755;0,08559384164222873;-0,16528689694547527;2;3
2017-09-14;10;2017-09-14 10:00:00;34,46;40,22;-5,759999999999998;41521;6290;53617;25342;26121;7489;33610;31632;779;1199;1978;0,05885153228205891;0,029822747980552046;0,16010148217385498;-0,167150319210679;2;3
2017-09-14;11;2017-09-14 11:00:00;34,37;41,47;-7,100000000000001;41521;7180;53617;26914;27079;8819;35898;34094;165;1639;1804;0,05025349601649117;0,006093282617526496;0,18584873568431795;-0,20657550189118423;2;3
2017-09-14;12;2017-09-14 12:00:00;30,55;39,17;-8,620000000000001;41521;8258;53617;28459;27470;9453;36923;36717;-989;1195;206;0,005579178289954771;-0,03600291226792865;0,12641489474240983;-0,2821603927986907;2;3
2017-09-14;13;2017-09-14 13:00:00;29,73;34,63;-4,900000000000002;41521;8185;53617;29483;27544;9247;36791;37668;-1939;1062;-877;-0,02383735152618847;-0,0703964565785652;0,11484805882989077;-0,16481668348469566;2;3
2017-09-14;14;2017-09-14 14:00:00;25,86;29,02;-3,16;41521;8010;53617;29776;27421;8551;35972;37786;-2355;541;-1814;-0,05042811075280774;-0,0858830823091791;0,06326745409893579;-0,12219644238205724;2;3
2017-09-14;15;2017-09-14 15:00:00;27,27;29,25;-1,9800000000000004;41521;7476;53617;30410;27224;7364;34588;37886;-3186;-112;-3298;-0,09535098878223662;-0,11702909197766677;-0,015209125475285171;-0,07260726072607263;2;3
2017-09-14;16;2017-09-14 16:00:00;27,94;24,02;3,9200000000000017;41521;5913;53617;30580;26997;5570;32567;36493;-3583;-343;-3926;-0,12055147849049651;-0,13271845019817016;-0,06157989228007181;0,14030064423765218;2;3
2017-09-14;17;2017-09-14 17:00:00;32,14;27,33;4,810000000000001;41521;3522;53617;29199;26412;3397;29809;32721;-2787;-125;-2912;-0,09768861753161796;-0,10552021808268969;-0,036797173977038564;0,1496577473553205;2;3
2017-09-14;18;2017-09-14 18:00:00;34,91;30,08;4,829999999999998;41521;1266;53617;27497;25590;1200;26790;28763;-1907;-66;-1973;-0,07364688316536021;-0,07452129738178977;-0,055;0,13835577198510451;2;3
2017-09-14;19;2017-09-14 19:00:00;35,88;35,33;0,5500000000000043;41521;66;53617;26648;25118;111;25229;26714;-1530;45;-1485;-0,058860834753656506;-0,06091249303288478;0,40540540540540543;0,015328874024526316;2;3
2017-09-14;20;2017-09-14 20:00:00;36,09;34,91;1,1800000000000068;41521;0;53617;26752;24918;0;24918;26752;-1834;0;-1834;-0,07360141263343768;-0,07360141263343768;;0,03269603768356904;2;3
2017-09-14;21;2017-09-14 21:00:00;34,45;27,12;7,330000000000003;41521;0;53617;27426;24767;0;24767;27426;-2659;0;-2659;-0,10736060079945088;-0,10736060079945088;;0,21277213352685057;2;3
2017-09-14;22;2017-09-14 22:00:00;26,66;22,32;4,34;41521;0;53617;26720;24702;0;24702;26720;-2018;0;-2018;-0,08169378997652012;-0,08169378997652012;;0,1627906976744186;2;3
2017-09-14;23;2017-09-14 23:00:00;19,03;15,47;3,5600000000000005;41521;0;53617;25751;24271;0;24271;25751;-1480;0;-1480;-0,06097812203864694;-0,06097812203864694;;0,18707304256437207;2;3
2017-09-15;0;2017-09-15 00:00:00;20,53;12,17;8,360000000000001;41536;0;53662;24381;24410;0;24410;24381;29;0;29;0,0011880376894715281;0,0011880376894715281;;0,40720896249391136;2;4
2017-09-15;1;2017-09-15 01:00:00;12,28;18,55;-6,270000000000001;41536;0;53662;23599;23268;0;23268;23599;-331;0;-331;-0,014225545813993467;-0,014225545813993467;;-0,5105863192182412;2;4
2017-09-15;2;2017-09-15 02:00:00;14,0;16,24;-2,2399999999999984;41536;0;53662;22577;22337;0;22337;22577;-240;0;-240;-0,010744504633567624;-0,010744504633567624;;-0,1599999999999999;2;4
2017-09-15;3;2017-09-15 03:00:00;16,69;15,9;0,7900000000000009;41536;0;53662;21228;21109;0;21109;21228;-119;0;-119;-0,005637405845847742;-0,005637405845847742;;0,04733373277411629;2;4
2017-09-15;4;2017-09-15 04:00:00;22,07;16,6;5,469999999999999;41536;0;53662;20198;19818;0;19818;20198;-380;0;-380;-0,019174487839337975;-0,019174487839337975;;0,24784775713638418;2;4
2017-09-15;5;2017-09-15 05:00:00;29,6;29,58;0,02000000000000313;41536;0;53662;18589;18448;0;18448;18589;-141;0;-141;-0,007643104943625325;-0,007643104943625325;;0,0006756756756757814;2;4
2017-09-15;6;2017-09-15 06:00:00;40,24;39,25;0,9900000000000021;41536;6;53662;17628;17083;12;17095;17634;-545;6;-539;-0,031529687042995025;-0,03190306152315167;0,5;0,024602385685884742;2;4
2017-09-15;7;2017-09-15 07:00:00;44,3;45,83;-1,5300000000000011;41536;955;53662;16006;15907;991;16898;16961;-99;36;-63;-0,003728251864125932;-0,006223675111586094;0,03632694248234107;-0,03453724604966143;2;4
2017-09-15;8;2017-09-15 08:00:00;44,8;46,99;-2,190000000000005;41536;4718;53662;14574;15040;4566;19606;19292;466;-152;314;0,016015505457513006;0,03098404255319149;-0,033289531318440646;-0,04888392857142868;2;4
2017-09-15;9;2017-09-15 09:00:00;40,96;44,83;-3,869999999999997;41536;9622;53662;13413;14537;9032;23569;23035;1124;-590;534;0,02265687979973694;0,07731994221641329;-0,06532329495128432;-0,09448242187499993;2;4
2017-09-15;10;2017-09-15 10:00:00;39,98;42,81;-2,8300000000000054;41536;13597;53662;13770;14430;12875;27305;27367;660;-722;-62;-0,0022706464017579198;0,04573804573804574;-0,05607766990291262;-0,07078539269634831;2;4
2017-09-15;11;2017-09-15 11:00:00;38,96;40,49;-1,5300000000000011;41536;16038;53662;14667;14243;15200;29443;30705;-424;-838;-1262;-0,04286248004619095;-0,02976900933792038;-0,05513157894736842;-0,039271047227926105;2;4
2017-09-15;12;2017-09-15 12:00:00;36,69;36,38;0,3099999999999952;41536;16291;53662;15030;13952;16262;30214;31321;-1078;-29;-1107;-0,036638644337062286;-0,07726490825688073;-0,0017832984872709384;0,008449168710820257;2;4
2017-09-15;13;2017-09-15 13:00:00;33,05;33,52;-0,470000000000006;41536;15204;53662;14200;13513;16210;29723;29404;-687;1006;319;0,010732429431753187;-0,05083993191741286;0,06206045650832819;-0,014220877458396553;2;4
2017-09-15;14;2017-09-15 14:00:00;36,4;34,49;1,9099999999999968;41536;13895;53662;13037;12818;15027;27845;26932;-219;1132;913;0,03278865146345843;-0,01708534872835076;0,07533107073933586;0,05247252747252739;2;4
2017-09-15;15;2017-09-15 15:00:00;36,13;35,19;0,9400000000000048;41536;12456;53662;12761;11842;12771;24613;25217;-919;315;-604;-0,024539877300613498;-0,07760513426786016;0,02466525722339676;0,026017160254636167;2;4
2017-09-15;16;2017-09-15 16:00:00;38,65;34,67;3,979999999999997;41536;9925;53662;11667;10731;9539;20270;21592;-936;-386;-1322;-0,06521953626048348;-0,08722393066815767;-0,040465457595135756;0,10297542043984469;2;4
2017-09-15;17;2017-09-15 17:00:00;42,51;37,08;5,43;41536;5963;53662;9623;9348;5657;15005;15586;-275;-306;-581;-0,038720426524491834;-0,029418057338468123;-0,05409227505745095;0,1277346506704305;2;4
2017-09-15;18;2017-09-15 18:00:00;45,47;42,88;2,5899999999999963;41536;2137;53662;7962;7947;1901;9848;10099;-15;-236;-251;-0,02548740861088546;-0,001887504718761797;-0,12414518674381904;0,05696063338464914;2;4
2017-09-15;19;2017-09-15 19:00:00;48,0;43,62;4,380000000000003;41536;133;53662;7651;7133;154;7287;7784;-518;21;-497;-0,06820365033621517;-0,07262021589793916;0,13636363636363635;0,09125000000000005;2;4
2017-09-15;20;2017-09-15 20:00:00;47,95;43,44;4,510000000000005;41536;0;53662;8214;6951;0;6951;8214;-1263;0;-1263;-0,18170047475183426;-0,18170047475183426;;0,0940563086548489;2;4
2017-09-15;21;2017-09-15 21:00:00;42,05;40,24;1,8099999999999952;41536;0;53662;9250;7033;0;7033;9250;-2217;0;-2217;-0,31522820986776623;-0,31522820986776623;;0,04304399524375732;2;4
2017-09-15;22;2017-09-15 22:00:00;37,91;36,44;1,4699999999999989;41536;0;53662;9054;7322;0;7322;9054;-1732;0;-1732;-0,23654739142310843;-0,23654739142310843;;0,0387760485360063;2;4
2017-09-15;23;2017-09-15 23:00:00;31,4;29,9;1,5;41536;0;53662;8892;7570;0;7570;8892;-1322;0;-1322;-0,17463672391017174;-0,17463672391017174;;0,04777070063694268;2;4
2017-09-16;0;2017-09-16 00:00:00;33,95;31,33;2,6200000000000045;41537;0;53671;8472;7804;0;7804;8472;-668;0;-668;-0,08559712967708867;-0,08559712967708867;;0,07717231222385874;2;5
2017-09-16;1;2017-09-16 01:00:00;32,0;32,08;-0,0799999999999983;41537;0;53671;7882;7451;0;7451;7882;-431;0;-431;-0,05784458461951416;-0,05784458461951416;;-0,0024999999999999467;2;5
2017-09-16;2;2017-09-16 02:00:00;31,57;31,29;0,28000000000000114;41537;0;53671;7273;7155;0;7155;7273;-118;0;-118;-0,016491963661774984;-0,016491963661774984;;0,008869179600886954;2;5
2017-09-16;3;2017-09-16 03:00:00;31,01;30,46;0,5500000000000007;41537;0;53671;6360;6732;0;6732;6360;372;0;372;0,05525846702317291;0,05525846702317291;;0,017736214124476;2;5
2017-09-16;4;2017-09-16 04:00:00;30,82;28,75;2,0700000000000003;41537;0;53671;5806;6319;0;6319;5806;513;0;513;0,08118373160310176;0,08118373160310176;;0,06716417910447763;2;5
2017-09-16;5;2017-09-16 05:00:00;31,44;30,74;0,7000000000000028;41537;0;53671;5497;5929;0;5929;5497;432;0;432;0,0728622027323326;0,0728622027323326;;0,022264631043257085;2;5
2017-09-16;6;2017-09-16 06:00:00;31,94;34,22;-2,2799999999999976;41537;6;53671;5037;5616;10;5626;5043;579;4;583;0,10362602204052612;0,10309829059829059;0,4;-0,07138384470882897;2;5
2017-09-16;7;2017-09-16 07:00:00;34,7;36,84;-2,140000000000001;41537;735;53671;4336;5239;871;6110;5071;903;136;1039;0,17004909983633387;0,17236113762168354;0,15614236509758897;-0,06167146974063403;2;5
2017-09-16;8;2017-09-16 08:00:00;40,38;40,77;-0,39000000000000057;41537;3573;53671;3384;4673;4073;8746;6957;1289;500;1789;0,20455065172650355;0,27583993152150654;0,12275963663147557;-0,009658246656760787;2;5
2017-09-16;9;2017-09-16 09:00:00;40,92;43,18;-2,259999999999998;41537;7284;53671;2200;4113;8098;12211;9484;1913;814;2727;0,22332323315043812;0,4651106248480428;0,10051864657940232;-0,05522971652003905;2;5
2017-09-16;10;2017-09-16 10:00:00;40,63;44,1;-3,469999999999999;41537;10803;53671;2021;3888;11558;15446;12824;1867;755;2622;0,1697526867797488;0,4801954732510288;0,06532272019380515;-0,08540487324636964;2;5
2017-09-16;11;2017-09-16 11:00:00;35,45;40,12;-4,6699999999999955;41537;12550;53671;2324;3917;13765;17682;14874;1593;1215;2808;0,15880556498133697;0,40668879244319633;0,08826734471485652;-0,13173483779971779;2;5
2017-09-16;12;2017-09-16 12:00:00;37,93;38,59;-0,6600000000000037;41537;13273;53671;2616;3953;14635;18588;15889;1337;1362;2699;0,1452012050785453;0,3382241335694409;0,09306457123334472;-0,017400474558397144;2;5
2017-09-16;13;2017-09-16 13:00:00;35,29;34,06;1,2299999999999969;41537;13439;53671;2564;3912;14298;18210;16003;1348;859;2207;0,12119714442613948;0,3445807770961145;0,06007833263393482;0,03485406630773581;2;5
2017-09-16;14;2017-09-16 14:00:00;32,99;32,54;0,4500000000000029;41537;12341;53671;2175;3623;13020;16643;14516;1448;679;2127;0,12780147809890044;0,39966878277670437;0,0521505376344086;0,013640497120339583;2;5
2017-09-16;15;2017-09-16 15:00:00;33,9;33,03;0,8699999999999974;41537;10524;53671;1885;3075;10928;14003;12409;1190;404;1594;0,11383275012497322;0,38699186991869916;0,0369692532942899;0,02566371681415922;2;5
2017-09-16;16;2017-09-16 16:00:00;35,5;35,62;-0,11999999999999746;41537;8166;53671;1750;2532;8172;10704;9916;782;6;788;0,07361733931240658;0,3088467614533965;0,0007342143906020558;-0,0033802816901407733;2;5
2017-09-16;17;2017-09-16 17:00:00;40,03;40,44;-0,4099999999999966;41537;5062;53671;1613;2017;4845;6862;6675;404;-217;187;0,027251530166132323;0,20029747149231533;-0,04478844169246646;-0,010242318261303937;2;5
2017-09-16;18;2017-09-16 18:00:00;44,64;43,98;0,6600000000000037;41537;1616;53671;1529;1634;1602;3236;3145;105;-14;91;0,02812113720642769;0,06425948592411261;-0,008739076154806492;0,014784946236559222;2;5
2017-09-16;19;2017-09-16 19:00:00;48,01;47,07;0,9399999999999976;41537;76;53671;1592;1394;125;1519;1668;-198;49;-149;-0,09809084924292298;-0,14203730272596843;0,392;0,0195792543220162;2;5
2017-09-16;20;2017-09-16 20:00:00;46,7;49,85;-3,1499999999999986;41537;0;53671;1631;1366;0;1366;1631;-265;0;-265;-0,19399707174231332;-0,19399707174231332;;-0,06745182012847963;2;5
2017-09-16;21;2017-09-16 21:00:00;43,54;46,49;-2,950000000000003;41537;0;53671;1585;1528;0;1528;1585;-57;0;-57;-0,037303664921465966;-0,037303664921465966;;-0,06775378961874146;2;5
2017-09-16;22;2017-09-16 22:00:00;40,33;43,3;-2,969999999999999;41537;0;53671;1438;1711;0;1711;1438;273;0;273;0,15955581531268265;0,15955581531268265;;-0,07364244978923876;2;5
2017-09-16;23;2017-09-16 23:00:00;35,01;41,24;-6,230000000000004;41537;0;53671;1392;1840;0;1840;1392;448;0;448;0,24347826086956523;0,24347826086956523;;-0,1779491573836048;2;5
2017-09-17;0;2017-09-17 00:00:00;32,27;37,52;-5,25;41537;0;53675;1431;1511;0;1511;1431;80;0;80;0,05294506949040371;0,05294506949040371;;-0,16268980477223427;2;6
2017-09-17;1;2017-09-17 01:00:00;30,4;34,88;-4,480000000000004;41537;0;53675;1470;1412;0;1412;1470;-58;0;-58;-0,04107648725212465;-0,04107648725212465;;-0,1473684210526317;2;6
2017-09-17;2;2017-09-17 02:00:00;30,06;33,04;-2,9800000000000004;41537;0;53675;1296;1488;0;1488;1296;192;0;192;0,12903225806451613;0,12903225806451613;;-0,09913506320691952;2;6
2017-09-17;3;2017-09-17 03:00:00;29,43;33,66;-4,229999999999997;41537;0;53675;983;1403;0;1403;983;420;0;420;0,2993585174625802;0,2993585174625802;;-0,1437308868501528;2;6
2017-09-17;4;2017-09-17 04:00:00;29,18;31,84;-2,66;41537;0;53675;816;1217;0;1217;816;401;0;401;0,3294987674609696;0,3294987674609696;;-0,09115832762165868;2;6
2017-09-17;5;2017-09-17 05:00:00;29,38;32,93;-3,5500000000000007;41537;0;53675;704;1118;0;1118;704;414;0;414;0,370304114490161;0,370304114490161;;-0,12083049693669165;2;6
2017-09-17;6;2017-09-17 06:00:00;29,98;32,79;-2,8099999999999987;41537;5;53675;720;1107;7;1114;725;387;2;389;0,3491921005385996;0,34959349593495936;0,2857142857142857;-0,09372915276851229;2;6
2017-09-17;7;2017-09-17 07:00:00;30,09;32,4;-2,3099999999999987;41537;770;53675;772;1102;806;1908;1542;330;36;366;0,1918238993710692;0,29945553539019965;0,04466501240694789;-0,0767696909272183;2;6
2017-09-17;8;2017-09-17 08:00:00;32,04;36,54;-4,5;41537;3684;53675;776;957;3991;4948;4460;181;307;488;0,09862570735650768;0,1891327063740857;0,07692307692307693;-0,1404494382022472;2;6
2017-09-17;9;2017-09-17 09:00:00;32,59;37,31;-4,719999999999999;41537;7588;53675;707;738;8241;8979;8295;31;653;684;0,07617774807885065;0,04200542005420054;0,07923795655867007;-0,14482970236268788;2;6
2017-09-17;10;2017-09-17 10:00:00;32,16;33,62;-1,4600000000000009;41537;12277;53675;422;643;12172;12815;12699;221;-105;116;0,009051892313694888;0,343701399688958;-0,008626355570161025;-0,045398009950248785;2;6
2017-09-17;11;2017-09-17 11:00:00;32,65;32,67;-0,02000000000000313;41537;16708;53675;328;692;15005;15697;17036;364;-1703;-1339;-0,0853029241256291;0,5260115606936416;-0,11349550149950016;-0,0006125574272589014;2;6
2017-09-17;12;2017-09-17 12:00:00;32,05;26,5;5,549999999999998;41537;18605;53675;460;809;16268;17077;19065;349;-2337;-1988;-0,1164138900275224;0,43139678615574784;-0,14365625768379642;0,17316692667706704;2;6
2017-09-17;13;2017-09-17 13:00:00;30,31;24,26;6,049999999999998;41537;17688;53675;637;832;15981;16813;18325;195;-1707;-1512;-0,08993041099149468;0,234375;-0,10681434203116201;0,19960409105905635;2;6
2017-09-17;14;2017-09-17 14:00:00;30,01;24,5;5,5100000000000025;41537;15149;53675;720;779;14659;15438;15869;59;-490;-431;-0,027918124109340588;0,07573812580231065;-0,03342656388566751;0,18360546484505172;2;6
2017-09-17;15;2017-09-17 15:00:00;29,72;28,8;0,9199999999999982;41537;12062;53675;791;727;12438;13165;12853;-64;376;312;0,02369920243068743;-0,08803301237964237;0,030229940504904327;0,03095558546433372;2;6
2017-09-17;16;2017-09-17 16:00:00;30,05;30,49;-0,4399999999999977;41537;8536;53675;810;788;9200;9988;9346;-22;664;642;0,06427713255907089;-0,027918781725888325;0,07217391304347825;-0,014642262895174632;2;6
2017-09-17;17;2017-09-17 17:00:00;32,15;35,55;-3,3999999999999986;41537;5152;53675;871;873;5261;6134;6023;2;109;111;0,018095859145745026;0,002290950744558992;0,02071849458277894;-0,10575427682737165;2;6
2017-09-17;18;2017-09-17 18:00:00;41,0;45,61;-4,6099999999999985;41537;1633;53675;988;957;1614;2571;2621;-31;-19;-50;-0,019447685725398678;-0,03239289446185998;-0,011771995043370507;-0,11243902439024386;2;6
2017-09-17;19;2017-09-17 19:00:00;45,09;49,3;-4,209999999999994;41537;70;53675;1150;1071;109;1180;1220;-79;39;-40;-0,03389830508474576;-0,07376283846872082;0,3577981651376147;-0,09336881791971598;2;6
2017-09-17;20;2017-09-17 20:00:00;46,95;49,78;-2,8299999999999983;41537;0;53675;1280;1226;0;1226;1280;-54;0;-54;-0,04404567699836868;-0,04404567699836868;;-0,06027689030883915;2;6
2017-09-17;21;2017-09-17 21:00:00;42,38;45,84;-3,4600000000000013;41537;0;53675;1353;1407;0;1407;1353;54;0;54;0,03837953091684435;0,03837953091684435;;-0,08164228409627185;2;6
2017-09-17;22;2017-09-17 22:00:00;38,27;42,91;-4,6399999999999935;41537;0;53675;1824;1544;0;1544;1824;-280;0;-280;-0,18134715025906736;-0,18134715025906736;;-0,12124379409459088;2;6
2017-09-17;23;2017-09-17 23:00:00;33,09;37,75;-4,659999999999997;41537;0;53675;2353;1645;0;1645;2353;-708;0;-708;-0,43039513677811553;-0,43039513677811553;;-0,14082804472650337;2;6
2017-09-18;0;2017-09-18 00:00:00;32,77;32,57;0,20000000000000284;41541;0;53677;2252;1496;0;1496;2252;-756;0;-756;-0,5053475935828877;-0,5053475935828877;;0,0061031431187062194;2;0
2017-09-18;1;2017-09-18 01:00:00;32,08;30,86;1,2199999999999989;41541;0;53677;2417;1709;0;1709;2417;-708;0;-708;-0,4142773551784669;-0,4142773551784669;;0,03802992518703239;2;0
2017-09-18;2;2017-09-18 02:00:00;32,1;30,74;1,360000000000003;41541;0;53677;2389;2016;0;2016;2389;-373;0;-373;-0,18501984126984128;-0,18501984126984128;;0,04236760124610601;2;0
2017-09-18;3;2017-09-18 03:00:00;31,42;30,73;0,6900000000000013;41541;0;53677;2451;2112;0;2112;2451;-339;0;-339;-0,16051136363636365;-0,16051136363636365;;0,02196053469127948;2;0
2017-09-18;4;2017-09-18 04:00:00;32,0;30,6;1,3999999999999986;41541;0;53677;2416;2196;0;2196;2416;-220;0;-220;-0,10018214936247723;-0,10018214936247723;;0,043749999999999956;2;0
2017-09-18;5;2017-09-18 05:00:00;32,6;33,32;-0,7199999999999989;41541;0;53677;2355;2302;0;2302;2355;-53;0;-53;-0,023023457862728063;-0,023023457862728063;;-0,02208588957055211;2;0
2017-09-18;6;2017-09-18 06:00:00;43,89;45,38;-1,490000000000002;41541;4;53677;2432;2413;5;2418;2436;-19;1;-18;-0,007444168734491315;-0,007874015748031496;0,2;-0,03394850763271821;2;0
2017-09-18;7;2017-09-18 07:00:00;51,06;53,16;-2,0999999999999943;41541;664;53677;2553;2504;626;3130;3217;-49;-38;-87;-0,02779552715654952;-0,019568690095846646;-0,06070287539936102;-0,041128084606345365;2;0
2017-09-18;8;2017-09-18 08:00:00;53,23;51,73;1,5;41541;3420;53677;2295;2379;3468;5847;5715;84;48;132;0,022575679835813236;0,03530895334174023;0,01384083044982699;0,028179597971068948;2;0
2017-09-18;9;2017-09-18 09:00:00;51,71;49,4;2,3100000000000023;41541;7148;53677;1671;2037;7246;9283;8819;366;98;464;0,04998384143057202;0,1796759941089838;0,013524703284570798;0,04467221040417718;2;0
2017-09-18;10;2017-09-18 10:00:00;51,59;48,88;2,7100000000000013;41541;10552;53677;1498;1829;10800;12629;12050;331;248;579;0,045846860400665136;0,18097320940404593;0,022962962962962963;0,05252955999224658;2;0
2017-09-18;11;2017-09-18 11:00:00;45,04;40,3;4,740000000000002;41541;13057;53677;1714;1858;13568;15426;14771;144;511;655;0,04246078050045378;0,077502691065662;0,037662146226415096;0,10523978685612793;2;0
2017-09-18;12;2017-09-18 12:00:00;41,09;39,37;1,720000000000006;41541;14513;53677;1830;2039;15241;17280;16343;209;728;937;0,054224537037037036;0,10250122609122118;0,047765894626336854;0,041859333171087997;2;0
2017-09-18;13;2017-09-18 13:00:00;37,91;40,57;-2,660000000000004;41541;14907;53677;2194;2268;15564;17832;17101;74;657;731;0,040993719156572454;0,03262786596119929;0,042212798766383966;-0,07016618306515443;2;0
2017-09-18;14;2017-09-18 14:00:00;36,09;38,66;-2,569999999999993;41541;14032;53677;2510;2352;14741;17093;16542;-158;709;551;0,03223541800737144;-0,06717687074829932;0,04809714402008005;-0,07121086173455231;2;0
2017-09-18;15;2017-09-18 15:00:00;41,88;40,61;1,2700000000000031;41541;12539;53677;2552;2284;12554;14838;15091;-268;15;-253;-0,01705081547378353;-0,11733800350262696;0,0011948382985502628;0,030324737344794725;2;0
2017-09-18;16;2017-09-18 16:00:00;43,92;40,99;2,93;41541;9108;53677;2317;2204;9298;11502;11425;-113;190;77;0,006694487915145192;-0,05127041742286751;0,020434502043450205;0,06671220400728597;2;0
2017-09-18;17;2017-09-18 17:00:00;45,61;46,72;-1,1099999999999994;41541;5352;53677;2016;2074;5309;7383;7368;58;-43;15;0,0020316944331572532;0,027965284474445518;-0,008099453757769826;-0,024336768252576177;2;0
2017-09-18;18;2017-09-18 18:00:00;49,41;50,14;-0,730000000000004;41541;1639;53677;1782;1953;1576;3529;3421;171;-63;108;0,030603570416548598;0,08755760368663594;-0,0399746192893401;-0,014774337178708845;2;0
2017-09-18;19;2017-09-18 19:00:00;52,89;51,51;1,3800000000000026;41541;56;53677;2031;1942;94;2036;2087;-89;38;-51;-0,02504911591355599;-0,04582904222451081;0,40425531914893614;0,02609188882586505;2;0
2017-09-18;20;2017-09-18 20:00:00;53,14;51,46;1,6799999999999995;41541;0;53677;2464;2104;0;2104;2464;-360;0;-360;-0,17110266159695817;-0,17110266159695817;;0,031614602935641695;2;0
2017-09-18;21;2017-09-18 21:00:00;44,58;45,58;-1,0;41541;0;53677;2666;2415;0;2415;2666;-251;0;-251;-0,10393374741200828;-0,10393374741200828;;-0,02243158366980709;2;0
2017-09-18;22;2017-09-18 22:00:00;40,55;40,54;0,009999999999998009;41541;0;53677;2712;2651;0;2651;2712;-61;0;-61;-0,023010184835910975;-0,023010184835910975;;0,0002466091245375588;2;0
2017-09-18;23;2017-09-18 23:00:00;33,2;35,61;-2,4099999999999966;41541;0;53677;2860;2816;0;2816;2860;-44;0;-44;-0,015625;-0,015625;;-0,07259036144578303;2;0
2017-09-19;0;2017-09-19 00:00:00;33,1;32,02;1,0799999999999983;41546;0;53726;2901;2308;0;2308;2901;-593;0;-593;-0,2569324090121317;-0,2569324090121317;;0,03262839879154073;2;1
2017-09-19;1;2017-09-19 01:00:00;32,13;31,8;0,33000000000000185;41546;0;53726;2767;2322;0;2322;2767;-445;0;-445;-0,1916451335055986;-0,1916451335055986;;0,010270774976657387;2;1
2017-09-19;2;2017-09-19 02:00:00;31,28;29,35;1,93;41546;0;53726;2667;2370;0;2370;2667;-297;0;-297;-0,12531645569620253;-0,12531645569620253;;0,0617007672634271;2;1
2017-09-19;3;2017-09-19 03:00:00;30,8;29,13;1,6700000000000017;41546;0;53726;2442;2205;0;2205;2442;-237;0;-237;-0,10748299319727891;-0,10748299319727891;;0,054220779220779274;2;1
2017-09-19;4;2017-09-19 04:00:00;31,07;29,35;1,7199999999999989;41546;0;53726;2255;2046;0;2046;2255;-209;0;-209;-0,10215053763440861;-0,10215053763440861;;0,05535886707434821;2;1
2017-09-19;5;2017-09-19 05:00:00;33,22;31,61;1,6099999999999994;41546;0;53726;2232;1928;0;1928;2232;-304;0;-304;-0,15767634854771784;-0,15767634854771784;;0,048464780252859704;2;1
2017-09-19;6;2017-09-19 06:00:00;40,0;40,17;-0,1700000000000017;41546;2;53726;2180;1837;4;1841;2182;-343;2;-341;-0,18522542096686584;-0,18671747414262385;0,5;-0,004250000000000043;2;1
2017-09-19;7;2017-09-19 07:00:00;50,02;50,65;-0,6299999999999955;41546;560;53726;2182;1696;575;2271;2742;-486;15;-471;-0,2073976221928666;-0,2865566037735849;0,02608695652173913;-0,01259496201519383;2;1
2017-09-19;8;2017-09-19 08:00:00;53,76;53,61;0,14999999999999858;41546;3040;53726;1988;1447;3208;4655;5028;-541;168;-373;-0,08012889366272825;-0,3738769868693849;0,05236907730673317;0,002790178571428545;2;1
2017-09-19;9;2017-09-19 09:00:00;51,1;52,19;-1,0899999999999963;41546;6337;53726;1229;1085;6811;7896;7566;-144;474;330;0,04179331306990881;-0,1327188940092166;0,06959330494787844;-0,021330724070450027;2;1
2017-09-19;10;2017-09-19 10:00:00;49,99;49,48;0,5100000000000051;41546;9603;53726;1049;851;10136;10987;10652;-198;533;335;0,030490579776099026;-0,23266745005875442;0,05258484609313339;0,010202040408081718;2;1
2017-09-19;11;2017-09-19 11:00:00;49,37;49,73;-0,35999999999999943;41546;12018;53726;1236;920;12520;13440;13254;-316;502;186;0,013839285714285714;-0,34347826086956523;0,04009584664536741;-0,007291877658497052;2;1
2017-09-19;12;2017-09-19 12:00:00;44,9;43,95;0,9499999999999956;41546;13297;53726;1546;1094;13805;14899;14843;-452;508;56;0,0037586415195650716;-0,41316270566727603;0,03679826149945672;0,02115812917594645;2;1
2017-09-19;13;2017-09-19 13:00:00;43,9;41,13;2,769999999999996;41546;12828;53726;2052;1326;13794;15120;14880;-726;966;240;0,015873015873015872;-0,5475113122171946;0,07003044802087864;0,06309794988610469;2;1
2017-09-19;14;2017-09-19 14:00:00;39,8;37,91;1,8900000000000008;41546;12032;53726;2554;1624;12679;14303;14586;-930;647;-283;-0,01978605886876879;-0,5726600985221675;0,051029260982727344;0,047487437185929675;2;1
2017-09-19;15;2017-09-19 15:00:00;38,36;36,91;1,4500000000000028;41546;10441;53726;3016;1960;10677;12637;13457;-1056;236;-820;-0,06488881854870618;-0,5387755102040817;0,02210358714994849;0,03779979144942656;2;1
2017-09-19;16;2017-09-19 16:00:00;38,94;35,99;2,949999999999996;41546;7763;53726;3259;2321;7898;10219;11022;-938;135;-803;-0,07857911733046287;-0,4041361482119776;0,01709293492023297;0,07575757575757566;2;1
2017-09-19;17;2017-09-19 17:00:00;42,98;38,63;4,349999999999993;41546;4609;53726;3213;2617;4505;7122;7822;-596;-104;-700;-0,09828699803426004;-0,2277416889568208;-0,023085460599334074;0,10120986505351312;2;1
2017-09-19;18;2017-09-19 18:00:00;46,26;42,66;3,6000000000000014;41546;1417;53726;3662;2801;1298;4099;5079;-861;-119;-980;-0,23908270309831667;-0,30739021777936454;-0,09167950693374423;0,07782101167315178;2;1
2017-09-19;19;2017-09-19 19:00:00;50,01;44,78;5,229999999999997;41546;42;53726;4681;3027;66;3093;4723;-1654;24;-1630;-0,5269964435822826;-0,546415592996366;0,36363636363636365;0,1045790841831633;2;1
2017-09-19;20;2017-09-19 20:00:00;47,96;45,21;2,75;41546;0;53726;5756;3289;0;3289;5756;-2467;0;-2467;-0,7500760109455762;-0,7500760109455762;;0,0573394495412844;2;1
2017-09-19;21;2017-09-19 21:00:00;40,0;37,28;2,719999999999999;41546;0;53726;6549;3540;0;3540;6549;-3009;0;-3009;-0,85;-0,85;;0,06799999999999998;2;1
2017-09-19;22;2017-09-19 22:00:00;37,34;35,17;2,1700000000000017;41546;0;53726;6974;3800;0;3800;6974;-3174;0;-3174;-0,8352631578947368;-0,8352631578947368;;0,05811462238885917;2;1
2017-09-19;23;2017-09-19 23:00:00;35,74;31,78;3,9600000000000013;41546;0;53726;7110;4165;0;4165;7110;-2945;0;-2945;-0,7070828331332533;-0,7070828331332533;;0,11080022383883607;2;1
2017-09-20;0;2017-09-20 00:00:00;29,97;31,26;-1,2900000000000027;41551;0;53781;7836;6824;0;6824;7836;-1012;0;-1012;-0,14830011723329425;-0,14830011723329425;;-0,043043043043043135;2;2
2017-09-20;1;2017-09-20 01:00:00;29,49;31,55;-2,0600000000000023;41551;0;53781;8610;7186;0;7186;8610;-1424;0;-1424;-0,19816309490676315;-0,19816309490676315;;-0,06985418786029171;2;2
2017-09-20;2;2017-09-20 02:00:00;28,47;30,4;-1,93;41551;0;53781;8836;7629;0;7629;8836;-1207;0;-1207;-0,1582120854633635;-0,1582120854633635;;-0,06779065683175273;2;2
2017-09-20;3;2017-09-20 03:00:00;25,99;28,71;-2,7200000000000024;41551;0;53781;9056;7828;0;7828;9056;-1228;0;-1228;-0,15687276443536025;-0,15687276443536025;;-0,10465563678337832;2;2
2017-09-20;4;2017-09-20 04:00:00;26,56;27,61;-1,0500000000000007;41551;0;53781;8730;7895;0;7895;8730;-835;0;-835;-0,1057631412286257;-0,1057631412286257;;-0,03953313253012051;2;2
2017-09-20;5;2017-09-20 05:00:00;31,05;29,73;1,3200000000000005;41551;0;53781;8329;7724;0;7724;8329;-605;0;-605;-0,07832729155877784;-0,07832729155877784;;0,04251207729468601;2;2
2017-09-20;6;2017-09-20 06:00:00;39,49;42,19;-2,699999999999996;41551;2;53781;7870;7340;2;7342;7872;-530;0;-530;-0,07218741487333152;-0,07220708446866485;0,0;-0,06837173968093178;2;2
2017-09-20;7;2017-09-20 07:00:00;46,99;46,66;0,3300000000000054;41551;390;53781;7522;6887;572;7459;7912;-635;182;-453;-0,060732001608794745;-0,09220270074052563;0,3181818181818182;0,007022770802298476;2;2
2017-09-20;8;2017-09-20 08:00:00;47,93;53,81;-5,880000000000003;41551;2210;53781;6472;6201;3079;9280;8682;-271;869;598;0,06443965517241379;-0,04370262860828899;0,2822344917180903;-0,12267890673899443;2;2
2017-09-20;9;2017-09-20 09:00:00;44,99;52,34;-7,350000000000001;41551;5018;53781;4895;5366;6367;11733;9913;471;1349;1820;0,15511804312622518;0,08777487886693999;0,21187372388880163;-0,1633696376972661;2;2
2017-09-20;10;2017-09-20 10:00:00;46,84;49,58;-2,7399999999999953;41551;8041;53781;4423;4869;9468;14337;12464;446;1427;1873;0,1306409988142568;0,0915999178476073;0,15071820870299957;-0,05849701110162244;2;2
2017-09-20;11;2017-09-20 11:00:00;43,88;45,87;-1,9899999999999949;41551;10758;53781;5015;4827;11943;16770;15773;-188;1185;997;0,05945140131186643;-0,038947586492645535;0,09922130118060789;-0,04535095715587955;2;2
2017-09-20;12;2017-09-20 12:00:00;37,0;40,11;-3,1099999999999994;41551;12528;53781;5733;5057;13286;18343;18261;-676;758;82;0,004470370168456632;-0,13367609254498714;0,0570525365045913;-0,08405405405405404;2;2
2017-09-20;13;2017-09-20 13:00:00;35,47;36,64;-1,1700000000000017;41551;13114;53781;6502;5296;13240;18536;19616;-1206;126;-1080;-0,05826499784203712;-0,2277190332326284;0,009516616314199396;-0,032985621652100415;2;2
2017-09-20;14;2017-09-20 14:00:00;37,51;35,68;1,8299999999999983;41551;11822;53781;6106;5380;12196;17576;17928;-726;374;-352;-0,02002730996813837;-0,1349442379182156;0,030665792062971466;0,0487869901359637;2;2
2017-09-20;15;2017-09-20 15:00:00;34,07;37,6;-3,530000000000001;41551;9570;53781;5630;5103;10318;15421;15200;-527;748;221;0,01433110693210557;-0,10327258475406624;0,07249466950959488;-0,10361021426474908;2;2
2017-09-20;16;2017-09-20 16:00:00;40,0;38,5;1,5;41551;6764;53781;5265;4654;7615;12269;12029;-611;851;240;0,019561496454478768;-0,13128491620111732;0,11175311884438607;0,0375;2;2
2017-09-20;17;2017-09-20 17:00:00;43,94;43,77;0,1699999999999946;41551;3794;53781;4647;4052;4337;8389;8441;-595;543;-52;-0,006198593396113959;-0,1468410661401777;0,12520175236338482;0,003868912152935699;2;2
2017-09-20;18;2017-09-20 18:00:00;48,93;47,69;1,240000000000002;41551;1162;53781;3726;3403;1198;4601;4888;-323;36;-287;-0,06237774396870246;-0,09491625036732294;0,03005008347245409;0,02534232577151036;2;2
2017-09-20;19;2017-09-20 19:00:00;52,02;49,97;2,0500000000000043;41551;34;53781;3120;2966;61;3027;3154;-154;27;-127;-0,04195573174760489;-0,051921780175320294;0,4426229508196721;0,03940792003075748;2;2
2017-09-20;20;2017-09-20 20:00:00;51,03;46,95;4,079999999999998;41551;0;53781;3478;2798;0;2798;3478;-680;0;-680;-0,24303073624017155;-0,24303073624017155;;0,0799529688418577;2;2
2017-09-20;21;2017-09-20 21:00:00;43,91;38,02;5,8899999999999935;41551;0;53781;3800;2833;0;2833;3800;-967;0;-967;-0,3413342746205436;-0,3413342746205436;;0,13413800956501923;2;2
2017-09-20;22;2017-09-20 22:00:00;39,44;37,52;1,9199999999999944;41551;0;53781;4062;2966;0;2966;4062;-1096;0;-1096;-0,36952124072825354;-0,36952124072825354;;0,04868154158214996;2;2
2017-09-20;23;2017-09-20 23:00:00;34,61;31,66;2,9499999999999997;41551;0;53781;4482;3111;0;3111;4482;-1371;0;-1371;-0,4406943105110897;-0,4406943105110897;;0,08523548107483386;2;2
2017-09-21;0;2017-09-21 00:00:00;32,61;32,2;0,4099999999999966;41555;0;53800;4991;3409;0;3409;4991;-1582;0;-1582;-0,46406570841889117;-0,46406570841889117;;0,012572830420116424;2;3
2017-09-21;1;2017-09-21 01:00:00;30,8;29,05;1,75;41555;0;53800;4876;3571;0;3571;4876;-1305;0;-1305;-0,3654438532623915;-0,3654438532623915;;0,056818181818181816;2;3
2017-09-21;2;2017-09-21 02:00:00;29,66;27,25;2,41;41555;0;53800;4486;3703;0;3703;4486;-783;0;-783;-0,21145017553335133;-0,21145017553335133;;0,08125421443020904;2;3
2017-09-21;3;2017-09-21 03:00:00;29,49;26,56;2,93;41555;0;53800;4058;3564;0;3564;4058;-494;0;-494;-0,13860830527497195;-0,13860830527497195;;0,09935571380128859;2;3
2017-09-21;4;2017-09-21 04:00:00;29,98;28,68;1,3000000000000007;41555;0;53800;3665;3321;0;3321;3665;-344;0;-344;-0,10358325805480277;-0,10358325805480277;;0,04336224149432957;2;3
2017-09-21;5;2017-09-21 05:00:00;32,11;34,07;-1,9600000000000009;41555;0;53800;3338;3072;0;3072;3338;-266;0;-266;-0,08658854166666667;-0,08658854166666667;;-0,06104017440049832;2;3
2017-09-21;6;2017-09-21 06:00:00;40,0;42,83;-2,8299999999999983;41555;2;53800;3006;2902;2;2904;3008;-104;0;-104;-0,03581267217630854;-0,03583735354927636;0,0;-0,07074999999999995;2;3
2017-09-21;7;2017-09-21 07:00:00;47,97;46,75;1,2199999999999989;41555;699;53800;2796;2753;648;3401;3495;-43;-51;-94;-0,027638929726551013;-0,015619324373410825;-0,0787037037037037;0,02543256201792785;2;3
2017-09-21;8;2017-09-21 08:00:00;50,97;47,26;3,7100000000000013;41555;3663;53800;2402;2410;3977;6387;6065;8;314;322;0,05041490527634257;0,0033195020746887966;0,07895398541614282;0,072787914459486;2;3
2017-09-21;9;2017-09-21 09:00:00;47,03;44,9;2,1300000000000026;41555;7834;53800;1528;1896;8700;10596;9362;368;866;1234;0,11645904114760287;0,1940928270042194;0,09954022988505747;0,04529024027216676;2;3
2017-09-21;10;2017-09-21 10:00:00;43,47;44,47;-1,0;41555;12394;53800;1014;1474;13135;14609;13408;460;741;1201;0,0822095968238757;0,3120759837177748;0,05641416063951275;-0,02300437083045779;2;3
2017-09-21;11;2017-09-21 11:00:00;39,48;38,96;0,519999999999996;41555;16214;53800;1016;1238;16413;17651;17230;222;199;421;0,023851339867429606;0,17932148626817448;0,012124535429232926;0,013171225937183284;2;3
2017-09-21;12;2017-09-21 12:00:00;35,9;36,61;-0,7100000000000009;41555;18452;53800;1125;1151;18184;19335;19577;26;-268;-242;-0,012516162399793121;0,022589052997393572;-0,014738231412230532;-0,019777158774373284;2;3
2017-09-21;13;2017-09-21 13:00:00;35,27;35,3;-0,02999999999999403;41555;18274;53800;1288;1081;17954;19035;19562;-207;-320;-527;-0,027685841870239033;-0,19148936170212766;-0,01782332627826668;-0,0008505812305073442;2;3
2017-09-21;14;2017-09-21 14:00:00;34,55;34,67;-0,12000000000000455;41555;16212;53800;1158;969;16159;17128;17370;-189;-53;-242;-0,014128911723493695;-0,19504643962848298;-0,003279905934773191;-0,0034732272069465863;2;3
2017-09-21;15;2017-09-21 15:00:00;34,4;34,55;-0,14999999999999858;41555;13441;53800;961;849;13416;14265;14402;-112;-25;-137;-0,009603925692253767;-0,13191990577149587;-0,0018634466308884913;-0,004360465116279029;2;3
2017-09-21;16;2017-09-21 16:00:00;37,52;36,61;0,9100000000000036;41555;9750;53800;848;812;9882;10694;10598;-36;132;96;0,008976996446605573;-0,04433497536945813;0,013357619914996965;0,024253731343283676;2;3
2017-09-21;17;2017-09-21 17:00:00;43,48;40,69;2,7899999999999987;41555;5361;53800;791;875;5533;6408;6152;84;172;256;0,039950062421972535;0,096;0,031086210012651366;0,06416743330266787;2;3
2017-09-21;18;2017-09-21 18:00:00;48,73;45,41;3,3200000000000003;41555;1450;53800;851;1087;1498;2585;2301;236;48;284;0,10986460348162476;0,21711131554737811;0,03204272363150868;0,06813051508311103;2;3
2017-09-21;19;2017-09-21 19:00:00;52,77;46,97;5,800000000000003;41555;29;53800;1119;1453;67;1520;1148;334;38;372;0,24473684210526317;0,22986923606331727;0,5671641791044776;0,10991093424294113;2;3
2017-09-21;20;2017-09-21 20:00:00;50,75;46,78;3,969999999999999;41555;0;53800;1604;1887;0;1887;1604;283;0;283;0,1499735029146794;0,1499735029146794;;0,07822660098522165;2;3
2017-09-21;21;2017-09-21 21:00:00;42,2;42,03;0,1700000000000017;41555;0;53800;1748;2299;0;2299;1748;551;0;551;0,2396694214876033;0,2396694214876033;;0,004028436018957386;2;3
2017-09-21;22;2017-09-21 22:00:00;38,33;37,95;0,37999999999999545;41555;0;53800;1866;2627;0;2627;1866;761;0;761;0,28968405024743055;0,28968405024743055;;0,009913905557004839;2;3
2017-09-21;23;2017-09-21 23:00:00;34,73;34,55;0,17999999999999972;41555;0;53800;1717;2787;0;2787;1717;1070;0;1070;0,3839253677789738;0,3839253677789738;;0,005182839044054124;2;3
2017-09-22;0;2017-09-22 00:00:00;32,24;31,88;0,360000000000003;41561;0;53834;1502;2612;0;2612;1502;1110;0;1110;0,42496171516079634;0,42496171516079634;;0,011166253101737064;2;4
2017-09-22;1;2017-09-22 01:00:00;31,67;31,85;-0,17999999999999972;41561;0;53834;1323;2564;0;2564;1323;1241;0;1241;0,484009360374415;0,484009360374415;;-0,005683612251341954;2;4
2017-09-22;2;2017-09-22 02:00:00;30,4;29,81;0,5899999999999999;41561;0;53834;1222;2607;0;2607;1222;1385;0;1385;0,5312619869581895;0,5312619869581895;;0,019407894736842103;2;4
2017-09-22;3;2017-09-22 03:00:00;30,02;29,49;0,5300000000000011;41561;0;53834;1122;2444;0;2444;1122;1322;0;1322;0,5409165302782324;0,5409165302782324;;0,017654896735509698;2;4
2017-09-22;4;2017-09-22 04:00:00;30,3;31,64;-1,34;41561;0;53834;1052;2282;0;2282;1052;1230;0;1230;0,5390008764241893;0,5390008764241893;;-0,04422442244224423;2;4
2017-09-22;5;2017-09-22 05:00:00;31,9;34,33;-2,43;41561;0;53834;1095;2132;0;2132;1095;1037;0;1037;0,48639774859287055;0,48639774859287055;;-0,0761755485893417;2;4
2017-09-22;6;2017-09-22 06:00:00;40,06;38,69;1,3700000000000043;41561;1;53834;1052;1997;1;1998;1053;945;0;945;0,47297297297297297;0,4732098147220831;0,0;0,03419870194707949;2;4
2017-09-22;7;2017-09-22 07:00:00;48,18;48,24;-0,060000000000002274;41561;595;53834;929;1861;593;2454;1524;932;-2;930;0,37897310513447435;0,5008060182697475;-0,003372681281618887;-0,0012453300124533474;2;4
2017-09-22;8;2017-09-22 08:00:00;49,8;50,17;-0,37000000000000455;41561;3423;53834;800;1616;3937;5553;4223;816;514;1330;0,23951017468035296;0,504950495049505;0,13055626111252222;-0,0074297188755021;2;4
2017-09-22;9;2017-09-22 09:00:00;49,71;49,19;0,5200000000000031;41561;7224;53834;583;1238;8560;9798;7807;655;1336;1991;0,20320473566033884;0,5290791599353797;0,1560747663551402;0,010460671897002678;2;4
2017-09-22;10;2017-09-22 10:00:00;47,17;47,64;-0,4699999999999989;41561;10773;53834;414;939;12728;13667;11187;525;1955;2480;0,1814589888051511;0,5591054313099042;0,15359836580766814;-0,0099639601441594;2;4
2017-09-22;11;2017-09-22 11:00:00;45,34;46,15;-0,8099999999999952;41561;13683;53834;421;785;15790;16575;14104;364;2107;2471;0,14907993966817495;0,4636942675159236;0,13343888537048765;-0,017865019850021948;2;4
2017-09-22;12;2017-09-22 12:00:00;40,34;41,41;-1,0699999999999932;41561;15940;53834;432;731;17426;18157;16372;299;1486;1785;0,09830919204714435;0,40902872777017785;0,08527487662114082;-0,02652454139811584;2;4
2017-09-22;13;2017-09-22 13:00:00;38,07;38,06;0,009999999999998009;41561;17078;53834;470;693;17512;18205;17548;223;434;657;0,036088986542158745;0,3217893217893218;0,024783005938784835;0,00026267402153921747;2;4
2017-09-22;14;2017-09-22 14:00:00;36,58;36,47;0,10999999999999943;41561;16225;53834;451;648;16223;16871;16676;197;-2;195;0,011558295299626578;0,30401234567901236;-0,00012328176046353943;0,003007107709130657;2;4
2017-09-22;15;2017-09-22 15:00:00;36,57;36,03;0,5399999999999991;41561;13286;53834;384;626;13630;14256;13670;242;344;586;0,04110549943883277;0,3865814696485623;0,025238444607483493;0,014766201804757975;2;4
2017-09-22;16;2017-09-22 16:00:00;37,31;37,06;0,25;41561;9486;53834;316;647;9882;10529;9802;331;396;727;0,06904739291480673;0,5115919629057187;0,04007285974499089;0,006700616456714018;2;4
2017-09-22;17;2017-09-22 17:00:00;43,27;44,14;-0,8699999999999974;41561;4956;53834;319;720;5398;6118;5275;401;442;843;0,13779012749264466;0,5569444444444445;0,08188217858466099;-0,020106309221169343;2;4
2017-09-22;18;2017-09-22 18:00:00;45,92;47,67;-1,75;41561;1203;53834;440;875;1372;2247;1643;435;169;604;0,2688028482421006;0,49714285714285716;0,12317784256559766;-0,038109756097560975;2;4
2017-09-22;19;2017-09-22 19:00:00;48,92;50,98;-2,059999999999995;41561;18;53834;590;1124;47;1171;608;534;29;563;0,4807856532877882;0,4750889679715303;0,6170212765957447;-0,042109566639411185;2;4
2017-09-22;20;2017-09-22 20:00:00;47,21;49,65;-2,4399999999999977;41561;0;53834;732;1371;0;1371;732;639;0;639;0,4660831509846827;0,4660831509846827;;-0,05168396526159707;2;4
2017-09-22;21;2017-09-22 21:00:00;43,3;46,13;-2,8300000000000054;41561;0;53834;782;1508;0;1508;782;726;0;726;0,48143236074270557;0,48143236074270557;;-0,06535796766743662;2;4
2017-09-22;22;2017-09-22 22:00:00;39,51;42,87;-3,3599999999999994;41561;0;53834;772;1558;0;1558;772;786;0;786;0,5044929396662388;0,5044929396662388;;-0,085041761579347;2;4
2017-09-22;23;2017-09-22 23:00:00;37,95;35,86;2,0900000000000034;41561;0;53834;704;1556;0;1556;704;852;0;852;0,5475578406169666;0,5475578406169666;;0,05507246376811603;2;4
2017-09-23;0;2017-09-23 00:00:00;34,67;34,35;0,3200000000000003;41561;0;53846;688;936;0;936;688;248;0;248;0,26495726495726496;0,26495726495726496;;0,009229881742140187;2;5
2017-09-23;1;2017-09-23 01:00:00;31,99;34,47;-2,4800000000000004;41561;0;53846;708;953;0;953;708;245;0;245;0,2570828961175236;0,2570828961175236;;-0,07752422632072524;2;5
2017-09-23;2;2017-09-23 02:00:00;31,94;33,65;-1,7099999999999973;41561;0;53846;606;1111;0;1111;606;505;0;505;0,45454545454545453;0,45454545454545453;;-0,053537883531621706;2;5
2017-09-23;3;2017-09-23 03:00:00;31,91;34,12;-2,2099999999999973;41561;0;53846;584;1076;0;1076;584;492;0;492;0,45724907063197023;0,45724907063197023;;-0,06925728611720455;2;5
2017-09-23;4;2017-09-23 04:00:00;31,43;33,5;-2,0700000000000003;41561;0;53846;626;1049;0;1049;626;423;0;423;0,40324118207816967;0,40324118207816967;;-0,06586064269805919;2;5
2017-09-23;5;2017-09-23 05:00:00;31,81;33,67;-1,8600000000000032;41561;0;53846;719;1027;0;1027;719;308;0;308;0,29990262901655307;0,29990262901655307;;-0,058472178560201295;2;5
2017-09-23;6;2017-09-23 06:00:00;33,4;36,06;-2,660000000000004;41561;1;53846;793;991;2;993;794;198;1;199;0,20040281973816718;0,19979818365287588;0,5;-0,07964071856287439;2;5
2017-09-23;7;2017-09-23 07:00:00;39,03;39,79;-0,7599999999999979;41561;599;53846;720;970;644;1614;1319;250;45;295;0,18277571251548946;0,25773195876288657;0,06987577639751552;-0,019472200871124723;2;5
2017-09-23;8;2017-09-23 08:00:00;41,54;41,96;-0,4200000000000017;41561;3363;53846;729;840;4137;4977;4092;111;774;885;0,17781796262808922;0,13214285714285715;0,18709209572153734;-0,010110736639383769;2;5
2017-09-23;9;2017-09-23 09:00:00;42,93;44,41;-1,4799999999999969;41561;7457;53846;629;613;8840;9453;8086;-16;1383;1367;0,14461017666349307;-0,026101141924959218;0,15644796380090498;-0,034474726298625594;2;5
2017-09-23;10;2017-09-23 10:00:00;41,91;44,69;-2,780000000000001;41561;11984;53846;458;455;13205;13660;12442;-3;1221;1218;0,08916544655929722;-0,006593406593406593;0,09246497538811056;-0,06633261751371991;2;5
2017-09-23;11;2017-09-23 11:00:00;39,9;42,22;-2,3200000000000003;41561;15692;53846;419;447;16494;16941;16111;28;802;830;0,048993565905200404;0,06263982102908278;0,048623741966775796;-0,05814536340852131;2;5
2017-09-23;12;2017-09-23 12:00:00;31,91;33,56;-1,650000000000002;41561;17858;53846;446;559;18073;18632;18304;113;215;328;0,017604121940747102;0,20214669051878353;0,011896198749515852;-0,05170792854904425;2;5
2017-09-23;13;2017-09-23 13:00:00;32,17;32,44;-0,269999999999996;41561;17681;53846;616;683;17634;18317;18297;67;-47;20;0,001091881858382923;0,09809663250366032;-0,002665305659521379;-0,008392912651538577;2;5
2017-09-23;14;2017-09-23 14:00:00;32,12;33,09;-0,970000000000006;41561;15528;53846;784;794;15825;16619;16312;10;297;307;0,018472832300379084;0,012594458438287154;0,01876777251184834;-0,030199252801992715;2;5
2017-09-23;15;2017-09-23 15:00:00;32,0;34,51;-2,509999999999998;41561;12400;53846;866;913;13110;14023;13266;47;710;757;0,0539827426370962;0,05147864184008762;0,05415713196033562;-0,07843749999999994;2;5
2017-09-23;16;2017-09-23 16:00:00;32,77;36,5;-3,729999999999997;41561;8704;53846;980;1077;9558;10635;9684;97;854;951;0,08942172073342736;0,09006499535747446;0,0893492362418916;-0,11382361916386928;2;5
2017-09-23;17;2017-09-23 17:00:00;37,22;41,68;-4,460000000000001;41561;4686;53846;1104;1295;5283;6578;5790;191;597;788;0,11979325022803283;0,14749034749034748;0,11300397501419648;-0,11982804943578723;2;5
2017-09-23;18;2017-09-23 18:00:00;42,44;47,93;-5,490000000000002;41561;1213;53846;1330;1630;1315;2945;2543;300;102;402;0,1365025466893039;0,18404907975460122;0,07756653992395438;-0,129359095193214;2;5
2017-09-23;19;2017-09-23 19:00:00;45,2;51,06;-5,8599999999999985;41561;20;53846;1980;2099;39;2138;2000;119;19;138;0,06454630495790459;0,05669366364935684;0,48717948717948717;-0,129646017699115;2;5
2017-09-23;20;2017-09-23 20:00:00;44,93;48,29;-3,3599999999999994;41561;0;53846;2478;2516;0;2516;2478;38;0;38;0,015103338632750398;0,015103338632750398;;-0,07478299577119964;2;5
2017-09-23;21;2017-09-23 21:00:00;39,08;42,64;-3,5600000000000023;41561;0;53846;2663;2696;0;2696;2663;33;0;33;0,012240356083086053;0,012240356083086053;;-0,09109518935516894;2;5
2017-09-23;22;2017-09-23 22:00:00;35,79;38,22;-2,43;41561;0;53846;2649;2727;0;2727;2649;78;0;78;0,028602860286028604;0,028602860286028604;;-0,06789606035205366;2;5
2017-09-23;23;2017-09-23 23:00:00;31,72;34,07;-2,3500000000000014;41561;0;53846;2422;2574;0;2574;2422;152;0;152;0,059052059052059055;0,059052059052059055;;-0,07408575031525856;2;5
2017-09-24;0;2017-09-24 00:00:00;31,76;34,82;-3,0599999999999987;41561;0;53846;2314;2460;0;2460;2314;146;0;146;0,05934959349593496;0,05934959349593496;;-0,09634760705289667;2;6
2017-09-24;1;2017-09-24 01:00:00;30,51;32,46;-1,9499999999999995;41561;0;53846;1963;2261;0;2261;1963;298;0;298;0,1318000884564352;0,1318000884564352;;-0,06391347099311699;2;6
2017-09-24;2;2017-09-24 02:00:00;31,03;31,98;-0,9499999999999992;41561;0;53846;1579;2195;0;2195;1579;616;0;616;0,2806378132118451;0,2806378132118451;;-0,03061553335481789;2;6
2017-09-24;3;2017-09-24 03:00:00;30,77;31,83;-1,0599999999999987;41561;0;53846;1500;2061;0;2061;1500;561;0;561;0,27219796215429404;0,27219796215429404;;-0,03444913877153067;2;6
2017-09-24;4;2017-09-24 04:00:00;30,55;32,55;-1,9999999999999964;41561;0;53846;1436;1971;0;1971;1436;535;0;535;0,27143581938102485;0,27143581938102485;;-0,06546644844517173;2;6
2017-09-24;5;2017-09-24 05:00:00;31,06;32,52;-1,4600000000000044;41561;0;53846;1442;1929;0;1929;1442;487;0;487;0,2524624157594609;0,2524624157594609;;-0,04700579523502912;2;6
2017-09-24;6;2017-09-24 06:00:00;31,82;33,26;-1,4399999999999975;41561;0;53846;1465;1914;0;1914;1465;449;0;449;0,23458725182863113;0,23458725182863113;;-0,04525455688246378;2;6
2017-09-24;7;2017-09-24 07:00:00;32,09;36,52;-4,43;41561;312;53846;1548;1904;340;2244;1860;356;28;384;0,1711229946524064;0,1869747899159664;0,08235294117647059;-0,13804923652228107;2;6
2017-09-24;8;2017-09-24 08:00:00;34,9;38,58;-3,68;41561;2207;53846;1638;1796;2351;4147;3845;158;144;302;0,07282372799614178;0,08797327394209355;0,06125053168864313;-0,10544412607449857;2;6
2017-09-24;9;2017-09-24 09:00:00;35,57;39,42;-3,8500000000000014;41561;5460;53846;1426;1610;5323;6933;6886;184;-137;47;0,0067791720755805565;0,11428571428571428;-0,02573736614690964;-0,10823727860556653;2;6
2017-09-24;10;2017-09-24 10:00:00;35,25;37,16;-1,9099999999999968;41561;9304;53846;1052;1463;8237;9700;10356;411;-1067;-656;-0,06762886597938145;0,2809295967190704;-0,12953745295617336;-0,05418439716312048;2;6
2017-09-24;11;2017-09-24 11:00:00;35,61;36,22;-0,6099999999999994;41561;12593;53846;996;1419;10446;11865;13589;423;-2147;-1724;-0,14530130636325328;0,29809725158562367;-0,20553321845682557;-0,017130019657399593;2;6
2017-09-24;12;2017-09-24 12:00:00;35,21;34,38;0,8299999999999983;41561;14120;53846;1260;1478;11595;13073;15380;218;-2525;-2307;-0,17647058823529413;0,14749661705006767;-0,21776627856834843;0,023572848622550362;2;6
2017-09-24;13;2017-09-24 13:00:00;32,71;31,49;1,2200000000000024;41561;13471;53846;1258;1559;11448;13007;14729;301;-2023;-1722;-0,13239025140309063;0,1930724823604875;-0,1767120894479385;0,03729746254967907;2;6
2017-09-24;14;2017-09-24 14:00:00;31,52;32,05;-0,5299999999999976;41561;11747;53846;1344;1650;10392;12042;13091;306;-1355;-1049;-0,08711177545258263;0,18545454545454546;-0,13038876058506543;-0,016814720812182663;2;6
2017-09-24;15;2017-09-24 15:00:00;31,37;33,58;-2,2099999999999973;41561;9490;53846;1499;1754;8612;10366;10989;255;-878;-623;-0,060100327995369476;0,14538198403648803;-0,10195076637250348;-0,07044947401976402;2;6
2017-09-24;16;2017-09-24 16:00:00;31,62;34,55;-2,9299999999999957;41561;6238;53846;1653;1918;6150;8068;7891;265;-88;177;0,021938522558254833;0,13816475495307612;-0,014308943089430894;-0,09266287160025287;2;6
2017-09-24;17;2017-09-24 17:00:00;35,34;39,31;-3,969999999999999;41561;3102;53846;1677;2138;3280;5418;4779;461;178;639;0,11794019933554817;0,215622076707203;0,05426829268292683;-0,11233729485002826;2;6
2017-09-24;18;2017-09-24 18:00:00;42,39;45,7;-3,3100000000000023;41561;805;53846;2102;2460;775;3235;2907;358;-30;328;0,10139103554868624;0,14552845528455285;-0,03870967741935484;-0,07808445388063227;2;6
2017-09-24;19;2017-09-24 19:00:00;46,94;47,16;-0,21999999999999886;41561;12;53846;2739;2957;22;2979;2751;218;10;228;0,07653575025176233;0,0737233682786608;0,45454545454545453;-0,004686834256497633;2;6
2017-09-24;20;2017-09-24 20:00:00;44,99;47,82;-2,8299999999999983;41561;0;53846;3748;3518;0;3518;3748;-230;0;-230;-0,06537805571347356;-0,06537805571347356;;-0,06290286730384526;2;6
2017-09-24;21;2017-09-24 21:00:00;42,2;46,16;-3,9599999999999937;41561;0;53846;4450;3946;0;3946;4450;-504;0;-504;-0,12772427774961986;-0,12772427774961986;;-0,09383886255924155;2;6
2017-09-24;22;2017-09-24 22:00:00;41,08;42,39;-1,3100000000000025;41561;0;53846;4690;4241;0;4241;4690;-449;0;-449;-0,10587125677906155;-0,10587125677906155;;-0,03188899707887056;2;6
2017-09-24;23;2017-09-24 23:00:00;32,45;39,2;-6,75;41561;0;53846;4642;4413;0;4413;4642;-229;0;-229;-0,05189213686834353;-0,05189213686834353;;-0,20801232665639444;2;6
2017-09-25;0;2017-09-25 00:00:00;32,97;36,35;-3,3800000000000026;41565;0;53901;4257;4072;0;4072;4257;-185;0;-185;-0,04543222003929273;-0,04543222003929273;;-0,10251744009705802;2;0
2017-09-25;1;2017-09-25 01:00:00;31,69;33,86;-2,1699999999999977;41565;0;53901;4073;3986;0;3986;4073;-87;0;-87;-0,021826392373306573;-0,021826392373306573;;-0,06847585989271056;2;0
2017-09-25;2;2017-09-25 02:00:00;31,1;33,12;-2,019999999999996;41565;0;53901;3551;4007;0;4007;3551;456;0;456;0,11380084851509857;0,11380084851509857;;-0,06495176848874586;2;0
2017-09-25;3;2017-09-25 03:00:00;31,02;33,09;-2,0700000000000043;41565;0;53901;3164;3946;0;3946;3164;782;0;782;0,1981753674607197;0,1981753674607197;;-0,06673114119922645;2;0
2017-09-25;4;2017-09-25 04:00:00;30,5;33,86;-3,3599999999999994;41565;0;53901;2824;3925;0;3925;2824;1101;0;1101;0,2805095541401274;0,2805095541401274;;-0,11016393442622949;2;0
2017-09-25;5;2017-09-25 05:00:00;32,49;35,14;-2,6499999999999986;41565;0;53901;2860;3960;0;3960;2860;1100;0;1100;0,2777777777777778;0,2777777777777778;;-0,0815635580178516;2;0
2017-09-25;6;2017-09-25 06:00:00;44,42;46,87;-2,449999999999996;41565;0;53901;2805;4083;0;4083;2805;1278;0;1278;0,3130051432770022;0,3130051432770022;;-0,05515533543448888;2;0
2017-09-25;7;2017-09-25 07:00:00;52,44;53,23;-0,7899999999999991;41565;318;53901;3123;4308;382;4690;3441;1185;64;1249;0,26631130063965885;0,27506963788300837;0,16753926701570682;-0,01506483600305109;2;0
2017-09-25;8;2017-09-25 08:00:00;53,77;53,9;-0,12999999999999545;41565;2329;53901;3337;4453;2664;7117;5666;1116;335;1451;0,2038780384993677;0,2506175611947002;0,12575075075075076;-0,002417705039985037;2;0
2017-09-25;9;2017-09-25 09:00:00;52,4;54,15;-1,75;41565;5426;53901;3545;4505;6092;10597;8971;960;666;1626;0,15343965273190527;0,21309655937846836;0,10932370321733421;-0,033396946564885496;2;0
2017-09-25;10;2017-09-25 10:00:00;51,1;52,87;-1,7699999999999958;41565;9030;53901;3864;4692;9462;14154;12894;828;432;1260;0,08902077151335312;0,17647058823529413;0,045656309448319596;-0,03463796477495099;2;0
2017-09-25;11;2017-09-25 11:00:00;48,95;50,16;-1,2099999999999935;41565;11878;53901;4029;4934;12122;17056;15907;905;244;1149;0,06736632270168856;0,18342115930279693;0,020128691635043723;-0,02471910112359537;2;0
2017-09-25;12;2017-09-25 12:00:00;44,93;44,69;0,24000000000000196;41565;13682;53901;4468;5196;13643;18839;18150;728;-39;689;0,0365730665109613;0,1401077752117013;-0,0028586088103789487;0,005341642555085732;2;0
2017-09-25;13;2017-09-25 13:00:00;42,4;43,65;-1,25;41565;13709;53901;4488;5422;13667;19089;18197;934;-42;892;0,04672848237204673;0,17226115824419033;-0,0030730957781517523;-0,0294811320754717;2;0
2017-09-25;14;2017-09-25 14:00:00;40,51;42,67;-2,160000000000004;41565;12202;53901;4226;5534;12588;18122;16428;1308;386;1694;0,09347754111025273;0,23635706541380558;0,030664124563075944;-0,05332016785978781;2;0
2017-09-25;15;2017-09-25 15:00:00;42,01;46,5;-4,490000000000002;41565;10274;53901;4382;5542;10598;16140;14656;1160;324;1484;0,0919454770755886;0,2093107181522916;0,03057180600113229;-0,10687931444894078;2;0
2017-09-25;16;2017-09-25 16:00:00;43,93;47,27;-3,3400000000000034;41565;7493;53901;4528;5748;7757;13505;12021;1220;264;1484;0,10988522769344687;0,21224773834377175;0,03403377594430837;-0,07603004780332355;2;0
2017-09-25;17;2017-09-25 17:00:00;46,13;47,96;-1,8299999999999983;41565;4088;53901;4336;6126;4202;10328;8424;1790;114;1904;0,18435321456235476;0,29219719229513547;0,027129938124702522;-0,03967049642315192;2;0
2017-09-25;18;2017-09-25 18:00:00;49,81;50,45;-0,6400000000000006;41565;1016;53901;4425;6689;956;7645;5441;2264;-60;2204;0,2882930019620667;0,33846613843623863;-0,06276150627615062;-0,012848825537040766;2;0
2017-09-25;19;2017-09-25 19:00:00;52,0;53,16;-1,1599999999999966;41565;8;53901;5016;7409;23;7432;5024;2393;15;2408;0,3240043057050592;0,3229855581050074;0,6521739130434783;-0,022307692307692244;2;0
2017-09-25;20;2017-09-25 20:00:00;50,44;53,27;-2,8300000000000054;41565;0;53901;6000;8029;0;8029;6000;2029;0;2029;0,252708930128285;0,252708930128285;;-0,05610626486915158;2;0
2017-09-25;21;2017-09-25 21:00:00;41,96;46,0;-4,039999999999999;41565;0;53901;6383;8189;0;8189;6383;1806;0;1806;0,22053974844303334;0,22053974844303334;;-0,09628217349857005;2;0
2017-09-25;22;2017-09-25 22:00:00;34,9;40,61;-5,710000000000001;41565;0;53901;6398;8049;0;8049;6398;1651;0;1651;0,20511864827928936;0,20511864827928936;;-0,16361031518624644;2;0
2017-09-25;23;2017-09-25 23:00:00;34,85;36,16;-1,3099999999999952;41565;0;53901;6026;7762;0;7762;6026;1736;0;1736;0,22365369750064418;0,22365369750064418;;-0,037589670014347064;2;0
2017-09-26;0;2017-09-26 00:00:00;35,37;36,81;-1,4400000000000048;41570;0;53954;5622;6199;0;6199;5622;577;0;577;0,09307952895628327;0,09307952895628327;;-0,040712468193384366;2;1
2017-09-26;1;2017-09-26 01:00:00;32,42;35,11;-2,6899999999999977;41570;0;53954;5191;5747;0;5747;5191;556;0;556;0,09674612841482512;0,09674612841482512;;-0,08297347316471307;2;1
2017-09-26;2;2017-09-26 02:00:00;31,36;33,47;-2,1099999999999994;41570;0;53954;4778;5455;0;5455;4778;677;0;677;0,12410632447296059;0,12410632447296059;;-0,0672831632653061;2;1
2017-09-26;3;2017-09-26 03:00:00;31,33;32,2;-0,8700000000000045;41570;0;53954;4495;5271;0;5271;4495;776;0;776;0,14722064124454562;0,14722064124454562;;-0,02776891158633912;2;1
2017-09-26;4;2017-09-26 04:00:00;31,88;33,15;-1,2699999999999996;41570;0;53954;4307;5151;0;5151;4307;844;0;844;0,16385167928557562;0,16385167928557562;;-0,039836888331242146;2;1
2017-09-26;5;2017-09-26 05:00:00;33,61;37,03;-3,4200000000000017;41570;0;53954;3956;5126;0;5126;3956;1170;0;1170;0,22824814670308233;0,22824814670308233;;-0,10175542993156804;2;1
2017-09-26;6;2017-09-26 06:00:00;42,52;44,47;-1,949999999999996;41570;0;53954;3836;5263;0;5263;3836;1427;0;1427;0,2711381341440243;0,2711381341440243;;-0,04586077140169322;2;1
2017-09-26;7;2017-09-26 07:00:00;51,78;56,24;-4,460000000000001;41570;321;53954;4112;5388;418;5806;4433;1276;97;1373;0,23647950396141923;0,236822568671121;0,23205741626794257;-0,0861336423329471;2;1
2017-09-26;8;2017-09-26 08:00:00;55,2;64,08;-8,879999999999994;41570;2430;53954;4310;5392;3006;8398;6740;1082;576;1658;0,19742795903786617;0,20066765578635015;0,19161676646706588;-0,16086956521739118;2;1
2017-09-26;9;2017-09-26 09:00:00;50,81;57,63;-6,82;41570;5958;53954;4306;5332;7025;12357;10264;1026;1067;2093;0,1693776806668285;0,19242310577644411;0,15188612099644128;-0,13422554615233223;2;1
2017-09-26;10;2017-09-26 10:00:00;46,03;49,15;-3,119999999999997;41570;9884;53954;4467;5433;11070;16503;14351;966;1186;2152;0,13040053323638126;0,1778023191606847;0,10713640469738031;-0,06778188138170751;2;1
2017-09-26;11;2017-09-26 11:00:00;41,1;48,85;-7,75;41570;13212;53954;4782;5654;14229;19883;17994;872;1017;1889;0,09500578383543731;0,1542270958613371;0,07147375079063883;-0,18856447688564476;2;1
2017-09-26;12;2017-09-26 12:00:00;36,09;44,25;-8,159999999999998;41570;15376;53954;5248;5819;15928;21747;20624;571;552;1123;0,05163930657102129;0,09812682591510569;0,03465595178302361;-0,22610141313383203;2;1
2017-09-26;13;2017-09-26 13:00:00;35,13;39,06;-3,93;41570;15572;53954;5303;5961;16008;21969;20875;658;436;1094;0,04979744184987937;0,11038416373091763;0,02723638180909545;-0,11187019641332194;2;1
2017-09-26;14;2017-09-26 14:00:00;34,83;38,66;-3,8299999999999983;41570;14168;53954;5292;6031;14776;20807;19460;739;608;1347;0,06473782861536982;0,12253357652130659;0,04114780725500812;-0,10996267585414868;2;1
2017-09-26;15;2017-09-26 15:00:00;35,9;42,41;-6,509999999999998;41570;11907;53954;5518;5983;12375;18358;17425;465;468;933;0,050822529687329775;0,07772020725388601;0,03781818181818182;-0,1813370473537604;2;1
2017-09-26;16;2017-09-26 16:00:00;39,53;46,57;-7,039999999999999;41570;8368;53954;5824;5952;8866;14818;14192;128;498;626;0,04224591712781752;0,021505376344086023;0,056169636814798106;-0,17809258790791802;2;1
2017-09-26;17;2017-09-26 17:00:00;46,05;49,55;-3,5;41570;4176;53954;6188;6157;4645;10802;10364;-31;469;438;0,04054804665802629;-0,005034919603703102;0,10096878363832078;-0,07600434310532031;2;1
2017-09-26;18;2017-09-26 18:00:00;49,93;54,36;-4,43;41570;857;53954;6871;6784;1000;7784;7728;-87;143;56;0,007194244604316547;-0,01282429245283019;0,143;-0,08872421389945924;2;1
2017-09-26;19;2017-09-26 19:00:00;54,66;57,85;-3,190000000000005;41570;9;53954;7626;7683;19;7702;7635;57;10;67;0,008699039210594652;0,00741897696212417;0,5263157894736842;-0,05836077570435428;2;1
2017-09-26;20;2017-09-26 20:00:00;49,42;52,84;-3,4200000000000017;41570;0;53954;8508;8444;0;8444;8508;-64;0;-64;-0,007579346281383231;-0,007579346281383231;;-0,0692027519222987;2;1
2017-09-26;21;2017-09-26 21:00:00;36,34;39,34;-3,0;41570;0;53954;8945;8727;0;8727;8945;-218;0;-218;-0,02497994729001948;-0,02497994729001948;;-0,08255365987892128;2;1
2017-09-26;22;2017-09-26 22:00:00;33,93;35,47;-1,5399999999999991;41570;0;53954;8605;8645;0;8645;8605;40;0;40;0,004626951995373048;0,004626951995373048;;-0,04538756262894191;2;1
2017-09-26;23;2017-09-26 23:00:00;35,43;35,75;-0,3200000000000003;41570;0;53954;8332;8237;0;8237;8332;-95;0;-95;-0,011533325239771762;-0,011533325239771762;;-0,009031893875246975;2;1
2017-09-27;0;2017-09-27 00:00:00;33,41;32,96;0,4499999999999957;41574;0;54010;7270;7683;0;7683;7270;413;0;413;0,05375504360275934;0,05375504360275934;;0,01346902125112229;2;2
2017-09-27;1;2017-09-27 01:00:00;32,12;36,02;-3,9000000000000057;41574;0;54010;6222;7284;0;7284;6222;1062;0;1062;0,1457990115321252;0,1457990115321252;;-0,12141967621419694;2;2
2017-09-27;2;2017-09-27 02:00:00;32,03;34,69;-2,6599999999999966;41574;0;54010;5644;7010;0;7010;5644;1366;0;1366;0,1948644793152639;0,1948644793152639;;-0,08304714330315319;2;2
2017-09-27;3;2017-09-27 03:00:00;31,56;35,27;-3,710000000000005;41574;0;54010;5365;6704;0;6704;5365;1339;0;1339;0,19973150357995226;0,19973150357995226;;-0,11755386565272513;2;2
2017-09-27;4;2017-09-27 04:00:00;32,14;35,41;-3,269999999999996;41574;0;54010;5156;6450;0;6450;5156;1294;0;1294;0,20062015503875968;0,20062015503875968;;-0,10174237710018656;2;2
2017-09-27;5;2017-09-27 05:00:00;33,7;40,64;-6,939999999999998;41574;0;54010;5138;6410;0;6410;5138;1272;0;1272;0,1984399375975039;0,1984399375975039;;-0,20593471810089012;2;2
2017-09-27;6;2017-09-27 06:00:00;45,07;50,48;-5,4099999999999975;41574;0;54010;5155;6520;0;6520;5155;1365;0;1365;0,2093558282208589;0,2093558282208589;;-0,12003550033281557;2;2
2017-09-27;7;2017-09-27 07:00:00;54,4;58,33;-3,93;41574;293;54010;5264;6620;444;7064;5557;1356;151;1507;0,2133352208380521;0,20483383685800605;0,3400900900900901;-0,07224264705882354;2;2
2017-09-27;8;2017-09-27 08:00:00;57,0;59,68;-2,68;41574;2276;54010;5740;6531;3259;9790;8016;791;983;1774;0,1812053115423902;0,12111468381564845;0,30162626572568274;-0,047017543859649125;2;2
2017-09-27;9;2017-09-27 09:00:00;51,59;56,65;-5,059999999999995;41574;5574;54010;5750;6229;7831;14060;11324;479;2257;2736;0,1945945945945946;0,0768983785519345;0,2882135104073554;-0,09808102345415769;2;2
2017-09-27;10;2017-09-27 10:00:00;46,1;50,74;-4,6400000000000015;41574;9575;54010;5535;5959;12437;18396;15110;424;2862;3286;0,1786257882148293;0,07115287799966437;0,2301198038112085;-0,10065075921908896;2;2
2017-09-27;11;2017-09-27 11:00:00;41,16;46,57;-5,410000000000004;41574;13356;54010;5321;5902;16035;21937;18677;581;2679;3260;0,14860737566668186;0,09844120637072179;0,16707202993451825;-0,13143828960155501;2;2
2017-09-27;12;2017-09-27 12:00:00;34,43;41,04;-6,6099999999999985;41574;16124;54010;5008;6003;18097;24100;21132;995;1973;2968;0,12315352697095436;0,16575045810428118;0,10902359507100624;-0,1919837351147255;2;2
2017-09-27;13;2017-09-27 13:00:00;34,9;39,85;-4,950000000000003;41574;16994;54010;5114;6069;18412;24481;22108;955;1418;2373;0,09693231485641926;0,1573570604712473;0,07701499022376711;-0,14183381088825223;2;2
2017-09-27;14;2017-09-27 14:00:00;34,42;38,13;-3,7100000000000013;41574;15805;54010;4948;6047;17110;23157;20753;1099;1305;2404;0,10381310186984496;0,1817430130643294;0,07627118644067797;-0,1077861708309123;2;2
2017-09-27;15;2017-09-27 15:00:00;35,96;38,64;-2,68;41574;13210;54010;5085;5960;14313;20273;18295;875;1103;1978;0,09756819414985449;0,14681208053691275;0,07706281003283728;-0,07452725250278087;2;2
2017-09-27;16;2017-09-27 16:00:00;38,94;40,63;-1,6900000000000048;41574;9272;54010;5285;5970;10170;16140;14557;685;898;1583;0,09807930607187113;0,11474036850921274;0,08829891838741397;-0,04340010272213675;2;2
2017-09-27;17;2017-09-27 17:00:00;45,08;42,08;3,0;41574;4631;54010;5378;6324;5252;11576;10009;946;621;1567;0,13536627505183138;0,1495888678051866;0,11824067022086825;0,06654835847382432;2;2
2017-09-27;18;2017-09-27 18:00:00;49,99;51,87;-1,8799999999999957;41574;920;54010;5829;7201;1076;8277;6749;1372;156;1528;0,18460794974024405;0,19052909318150257;0,1449814126394052;-0,03760752150430077;2;2
2017-09-27;19;2017-09-27 19:00:00;54,86;54,55;0,3100000000000023;41574;4;54010;7086;8318;17;8335;7090;1232;13;1245;0,14937012597480503;0,14811252704977157;0,7647058823529411;0,005650747356908536;2;2
2017-09-27;20;2017-09-27 20:00:00;47,99;49,86;-1,8699999999999972;41574;1;54010;8144;9278;0;9278;8145;1134;-1;1133;0,1221168355248976;0,12222461737443414;-inf;-0,03896645134402995;2;2
2017-09-27;21;2017-09-27 21:00:00;42,95;43,37;-0,4199999999999946;41574;1;54010;8168;9699;0;9699;8169;1531;-1;1530;0,15774822146613052;0,15785132487885348;-inf;-0,009778812572758895;2;2
2017-09-27;22;2017-09-27 22:00:00;38,43;41,6;-3,1700000000000017;41574;1;54010;7760;9785;0;9785;7761;2025;-1;2024;0,2068472151251916;0,20694941236586611;-inf;-0,08248763986468909;2;2
2017-09-27;23;2017-09-27 23:00:00;32,94;38,43;-5,490000000000002;41574;0;54010;7694;9646;0;9646;7694;1952;0;1952;0,20236367406178726;0,20236367406178726;;-0,16666666666666674;2;2
2017-09-28;0;2017-09-28 00:00:00;32,08;35,53;-3,450000000000003;41581;0;54131;7618;8032;0;8032;7618;414;0;414;0,05154382470119522;0,05154382470119522;;-0,1075436408977557;2;3
2017-09-28;1;2017-09-28 01:00:00;31,77;33,71;-1,9400000000000013;41581;0;54131;7362;7741;0;7741;7362;379;0;379;0,04896008267665676;0,04896008267665676;;-0,06106389675794779;2;3
2017-09-28;2;2017-09-28 02:00:00;31,58;30,1;1,4799999999999969;41581;0;54131;6944;7526;0;7526;6944;582;0;582;0,07733191602444858;0,07733191602444858;;0,04686510449651669;2;3
2017-09-28;3;2017-09-28 03:00:00;31,01;28,24;2,770000000000003;41581;0;54131;6477;7292;0;7292;6477;815;0;815;0,11176631925397697;0,11176631925397697;;0,08932602386327002;2;3
2017-09-28;4;2017-09-28 04:00:00;31,05;29,87;1,1799999999999995;41581;0;54131;5885;7102;0;7102;5885;1217;0;1217;0,17136018023092087;0,17136018023092087;;0,038003220611916244;2;3
2017-09-28;5;2017-09-28 05:00:00;33,4;33,93;-0,5300000000000011;41581;0;54131;5866;7042;0;7042;5866;1176;0;1176;0,16699801192842942;0,16699801192842942;;-0,015868263473053926;2;3
2017-09-28;6;2017-09-28 06:00:00;40,2;45,0;-4,799999999999997;41581;0;54131;6070;7108;0;7108;6070;1038;0;1038;0,14603263927968485;0,14603263927968485;;-0,11940298507462678;2;3
2017-09-28;7;2017-09-28 07:00:00;49,21;48,18;1,0300000000000011;41581;322;54131;6319;7116;350;7466;6641;797;28;825;0,11050093758371284;0,11200112422709388;0,08;0,02093070514123148;2;3
2017-09-28;8;2017-09-28 08:00:00;49,43;48,91;0,5200000000000031;41581;2433;54131;6334;6839;2624;9463;8767;505;191;696;0,07354961428722392;0,0738412048545109;0,07278963414634146;0,010519927169735042;2;3
2017-09-28;9;2017-09-28 09:00:00;47,08;45,49;1,5899999999999963;41581;5723;54131;5730;6282;6162;12444;11453;552;439;991;0,07963677274188363;0,08787010506208214;0,07124310288867251;0,03377230246389117;2;3
2017-09-28;10;2017-09-28 10:00:00;45,27;41,28;3,990000000000002;41581;8630;54131;4920;5756;9476;15232;13550;836;846;1682;0,11042542016806722;0,14523974982626825;0,08927817644575771;0,08813783962889335;2;3
2017-09-28;11;2017-09-28 11:00:00;44,35;39,73;4,6200000000000045;41581;11078;54131;4350;5402;12022;17424;15428;1052;944;1996;0,11455463728191001;0,19474268789337282;0,07852270836799201;0,10417136414881634;2;3
2017-09-28;12;2017-09-28 12:00:00;39,2;42,77;-3,5700000000000003;41581;12303;54131;4088;5196;13394;18590;16391;1108;1091;2199;0,11828940290478752;0,2132409545804465;0,08145438255935493;-0,09107142857142857;2;3
2017-09-28;13;2017-09-28 13:00:00;39,2;43,53;-4,329999999999998;41581;12649;54131;4282;5010;13255;18265;16931;728;606;1334;0,0730358609362168;0,14530938123752496;0,04571859675594116;-0,11045918367346934;2;3
2017-09-28;14;2017-09-28 14:00:00;38,45;42,15;-3,699999999999996;41581;11629;54131;4483;4765;11910;16675;16112;282;281;563;0,03376311844077961;0,05918153200419727;0,023593618807724603;-0,09622886866059807;2;3
2017-09-28;15;2017-09-28 15:00:00;41,67;41,98;-0,3099999999999952;41581;9331;54131;4617;4457;9640;14097;13948;-160;309;149;0,01056962474285309;-0,03589858649315683;0,03205394190871369;-0,007439404847612076;2;3
2017-09-28;16;2017-09-28 16:00:00;44,12;44,11;0,009999999999998009;41581;6591;54131;4577;4295;6684;10979;11168;-282;93;-189;-0,01721468257582658;-0,06565774155995344;0,013913824057450628;0,000226654578422439;2;3
2017-09-28;17;2017-09-28 17:00:00;46,93;50,44;-3,509999999999998;41581;3293;54131;4605;4431;3355;7786;7898;-174;62;-112;-0,014384793218597482;-0,03926878808395396;0,018479880774962744;-0,07479224376731297;2;3
2017-09-28;18;2017-09-28 18:00:00;47,51;52,67;-5,160000000000005;41581;612;54131;4870;5004;638;5642;5482;134;26;160;0,02835873803615739;0,026778577138289367;0,04075235109717868;-0,10860871395495696;2;3
2017-09-28;19;2017-09-28 19:00:00;49,78;56,38;-6,600000000000001;41581;1;54131;5564;5796;10;5806;5565;232;9;241;0,04150878401653462;0,04002760524499655;0,9;-0,13258336681398156;2;3
2017-09-28;20;2017-09-28 20:00:00;47,49;55,67;-8,18;41581;0;54131;6006;6297;0;6297;6006;291;0;291;0,04621248213434969;0,04621248213434969;;-0,1722467887976416;2;3
2017-09-28;21;2017-09-28 21:00:00;38,5;44,96;-6,460000000000001;41581;0;54131;6287;6458;0;6458;6287;171;0;171;0,02647878600185816;0,02647878600185816;;-0,16779220779220783;2;3
2017-09-28;22;2017-09-28 22:00:00;34,96;40,97;-6,009999999999998;41581;0;54131;6385;6412;0;6412;6385;27;0;27;0,00421085464753587;0,00421085464753587;;-0,17191075514874135;2;3
2017-09-28;23;2017-09-28 23:00:00;32,96;38,65;-5,689999999999998;41581;0;54131;6245;6227;0;6227;6245;-18;0;-18;-0,0028906375461699055;-0,0028906375461699055;;-0,172633495145631;2;3
2017-09-29;0;2017-09-29 00:00:00;33,85;36,72;-2,869999999999997;41591;0;54302;5994;6041;0;6041;5994;47;0;47;0,007780168846217513;0,007780168846217513;;-0,08478581979320522;2;4
2017-09-29;1;2017-09-29 01:00:00;32,88;33,91;-1,029999999999994;41591;0;54302;5609;5737;0;5737;5609;128;0;128;0,022311312532682585;0,022311312532682585;;-0,03132603406326016;2;4
2017-09-29;2;2017-09-29 02:00:00;31,5;34,05;-2,549999999999997;41591;0;54302;4993;5543;0;5543;4993;550;0;550;0,09922424679776294;0,09922424679776294;;-0,08095238095238086;2;4
2017-09-29;3;2017-09-29 03:00:00;31,1;34,12;-3,019999999999996;41591;0;54302;4763;5390;0;5390;4763;627;0;627;0,11632653061224489;0,11632653061224489;;-0,09710610932475872;2;4
2017-09-29;4;2017-09-29 04:00:00;30,97;35,15;-4,18;41591;0;54302;4731;5274;0;5274;4731;543;0;543;0,10295790671217292;0,10295790671217292;;-0,13496932515337423;2;4
2017-09-29;5;2017-09-29 05:00:00;31,91;37,48;-5,569999999999998;41591;0;54302;4891;5262;0;5262;4891;371;0;371;0,07050551121246675;0,07050551121246675;;-0,17455343152616726;2;4
2017-09-29;6;2017-09-29 06:00:00;40,67;44,68;-4,009999999999998;41591;0;54302;4812;5378;0;5378;4812;566;0;566;0,10524358497582745;0,10524358497582745;;-0,09859847553479217;2;4
2017-09-29;7;2017-09-29 07:00:00;49,91;53,76;-3,8500000000000014;41591;352;54302;4842;5506;337;5843;5194;664;-15;649;0,11107307889782646;0,12059571376679985;-0,04451038575667656;-0,07713884992987381;2;4
2017-09-29;8;2017-09-29 08:00:00;51,2;54,93;-3,729999999999997;41591;2678;54302;4755;5363;2691;8054;7433;608;13;621;0,07710454432580084;0,11336938280812978;0,004830917874396135;-0,07285156249999994;2;4
2017-09-29;9;2017-09-29 09:00:00;49,99;52,88;-2,890000000000001;41591;6255;54302;4070;4884;6451;11335;10325;814;196;1010;0,08910454344949272;0,16666666666666666;0,03038288637420555;-0,05781156231246251;2;4
2017-09-29;10;2017-09-29 10:00:00;47,99;51,59;-3,6000000000000014;41591;10083;54302;3232;4468;10271;14739;13315;1236;188;1424;0,09661442431643938;0,2766338406445837;0,018303962613182748;-0,07501562825588667;2;4
2017-09-29;11;2017-09-29 11:00:00;47,08;51,13;-4,050000000000004;41591;13022;54302;3315;4381;13346;17727;16337;1066;324;1390;0,07841146274045242;0,2433234421364985;0,02427693690993556;-0,08602378929481742;2;4
2017-09-29;12;2017-09-29 12:00:00;38,65;41,15;-2,5;41591;14948;54302;3785;4572;15072;19644;18733;787;124;911;0,04637548360822643;0,1721347331583552;0,008227176220806794;-0,0646830530401035;2;4
2017-09-29;13;2017-09-29 13:00:00;39,13;38,11;1,0200000000000031;41591;15216;54302;4387;4921;15164;20085;19603;534;-52;482;0,02399800846402788;0,10851452956716115;-0,0034291743603270903;0,026066956299514516;2;4
2017-09-29;14;2017-09-29 14:00:00;36,86;36,42;0,4399999999999977;41591;13933;54302;4933;5197;13893;19090;18866;264;-40;224;0,011733892090099528;0,05079853761785646;-0,0028791477722594112;0,011937059142702055;2;4
2017-09-29;15;2017-09-29 15:00:00;38,45;35,7;2,75;41591;11441;54302;5381;5421;11371;16792;16822;40;-70;-30;-0,0017865650309671272;0,007378712414683638;-0,006156010904933603;0,07152145643693107;2;4
2017-09-29;16;2017-09-29 16:00:00;41,23;40,96;0,269999999999996;41591;7744;54302;6014;5770;7789;13559;13758;-244;45;-199;-0,014676598569216019;-0,04228769497400347;0,0057773783540891;0,006548629638612565;2;4
2017-09-29;17;2017-09-29 17:00:00;45,17;45,54;-0,36999999999999744;41591;3643;54302;6925;6504;3813;10317;10568;-421;170;-251;-0,024328777745468644;-0,06472939729397294;0,044584316810910046;-0,008191277396502047;2;4
2017-09-29;18;2017-09-29 18:00:00;47,93;47,49;0,4399999999999977;41591;640;54302;8470;7894;661;8555;9110;-576;21;-555;-0,06487434248977206;-0,07296681023562199;0,03177004538577912;0,009180054245775041;2;4
2017-09-29;19;2017-09-29 19:00:00;47,99;47,77;0,21999999999999886;41591;3;54302;11391;9559;7;9566;11394;-1832;4;-1828;-0,19109345598996447;-0,19165184642745056;0,5714285714285714;0,004584288393415271;2;4
2017-09-29;20;2017-09-29 20:00:00;39,1;40,19;-1,0899999999999963;41591;0;54302;14213;10858;0;10858;14213;-3355;0;-3355;-0,3089887640449438;-0,3089887640449438;;-0,02787723785166231;2;4
2017-09-29;21;2017-09-29 21:00:00;32,21;30,7;1,5100000000000016;41591;0;54302;15517;11640;0;11640;15517;-3877;0;-3877;-0,33307560137457043;-0,33307560137457043;;0,0468798509779572;2;4
2017-09-29;22;2017-09-29 22:00:00;36,94;31,98;4,959999999999997;41591;0;54302;15638;11987;0;11987;15638;-3651;0;-3651;-0,3045799616250939;-0,3045799616250939;;0,13427179209528958;2;4
2017-09-29;23;2017-09-29 23:00:00;30,6;24,69;5,91;41591;0;54302;13994;11845;0;11845;13994;-2149;0;-2149;-0,18142676234698185;-0,18142676234698185;;0,1931372549019608;2;4
2017-09-30;0;2017-09-30 00:00:00;23,88;25,18;-1,3000000000000007;41592;0;54344;11898;11264;0;11264;11898;-634;0;-634;-0,05628551136363636;-0,05628551136363636;;-0,05443886097152432;2;5
2017-09-30;1;2017-09-30 01:00:00;26,09;25,63;0,4600000000000009;41592;0;54344;10439;10295;0;10295;10439;-144;0;-144;-0,013987372510927635;-0,013987372510927635;;0,017631276351092406;2;5
2017-09-30;2;2017-09-30 02:00:00;26,65;26,09;0,5599999999999987;41592;0;54344;9079;9307;0;9307;9079;228;0;228;0,02449768991081981;0,02449768991081981;;0,02101313320825511;2;5
2017-09-30;3;2017-09-30 03:00:00;28,73;25,81;2,9200000000000017;41592;0;54344;7870;8324;0;8324;7870;454;0;454;0,0545410860163383;0,0545410860163383;;0,10163592064044559;2;5
2017-09-30;4;2017-09-30 04:00:00;29,03;26,72;2,3100000000000023;41592;0;54344;7246;7458;0;7458;7246;212;0;212;0,028425851434700992;0,028425851434700992;;0,07957285566655192;2;5
2017-09-30;5;2017-09-30 05:00:00;30,02;24,97;5,050000000000002;41592;0;54344;6514;6780;0;6780;6514;266;0;266;0,039233038348082595;0,039233038348082595;;0,16822118587608267;2;5
2017-09-30;6;2017-09-30 06:00:00;31,96;28,2;3,7600000000000016;41592;0;54344;6069;6303;0;6303;6069;234;0;234;0,03712517848643503;0,03712517848643503;;0,11764705882352945;2;5
2017-09-30;7;2017-09-30 07:00:00;38,6;32,07;6,530000000000001;41592;400;54344;5541;5783;355;6138;5941;242;-45;197;0,0320951449983708;0,04184679232232405;-0,1267605633802817;0,16917098445595857;2;5
2017-09-30;8;2017-09-30 08:00:00;39,0;38,94;0,060000000000002274;41592;3078;54344;5370;5131;2643;7774;8448;-239;-435;-674;-0,08669925392333419;-0,046579614110309885;-0,16458569807037457;0,0015384615384615968;2;5
2017-09-30;9;2017-09-30 09:00:00;42,49;37,82;4,670000000000002;41592;6697;54344;4620;4277;6096;10373;11317;-343;-601;-944;-0,09100549503518751;-0,08019639934533551;-0,09858923884514435;0,10990821369734058;2;5
2017-09-30;10;2017-09-30 10:00:00;42,57;37,62;4,950000000000003;41592;10299;54344;3654;3578;9439;13017;13953;-76;-860;-936;-0,07190596911730814;-0,021240916713247623;-0,09111134654094713;0,11627906976744193;2;5
2017-09-30;11;2017-09-30 11:00:00;43,2;35,1;8,100000000000001;41592;13131;54344;3507;3316;11951;15267;16638;-191;-1180;-1371;-0,08980153271762625;-0,057599517490952955;-0,09873650740523805;0,18750000000000003;2;5
2017-09-30;12;2017-09-30 12:00:00;38,75;28,98;9,77;41592;14324;54344;3764;3374;13231;16605;18088;-390;-1093;-1483;-0,08931044866004216;-0,11558980438648489;-0,08260902426120474;0,2521290322580645;2;5
2017-09-30;13;2017-09-30 13:00:00;32,82;26,81;6,0100000000000025;41592;13656;54344;4825;3616;12967;16583;18481;-1209;-689;-1898;-0,11445456190074173;-0,3343473451327434;-0,053134880851391994;0,1831200487507618;2;5
2017-09-30;14;2017-09-30 14:00:00;31,84;25,85;5,9899999999999975;41592;11998;54344;6269;4004;11518;15522;18267;-2265;-480;-2745;-0,17684576729802862;-0,5656843156843157;-0,041673901719048445;0,18812814070351752;2;5
2017-09-30;15;2017-09-30 15:00:00;33,0;26,04;6,960000000000001;41592;9186;54344;7712;4558;9095;13653;16898;-3154;-91;-3245;-0,23767670109133524;-0,6919701623519088;-0,010005497526113249;0,21090909090909093;2;5
2017-09-30;16;2017-09-30 16:00:00;37,52;30,24;7,280000000000005;41592;5646;54344;9048;5286;6007;11293;14694;-3762;361;-3401;-0,3011600106260515;-0,7116912599318955;0,06009655402030964;0,19402985074626877;2;5
2017-09-30;17;2017-09-30 17:00:00;41,77;33,38;8,39;41592;2331;54344;11624;6012;2771;8783;13955;-5612;440;-5172;-0,5888648525560742;-0,9334664005322688;0,15878744135691086;0,2008618625807996;2;5
2017-09-30;18;2017-09-30 18:00:00;45,06;34,54;10,520000000000003;41592;317;54344;13435;6844;438;7282;13752;-6591;121;-6470;-0,8884921724800879;-0,9630333138515488;0,2762557077625571;0,23346648912561035;2;5
2017-09-30;19;2017-09-30 19:00:00;48,25;35,03;13,22;41592;3;54344;14717;7913;4;7917;14720;-6804;1;-6803;-0,8592901351522041;-0,8598508783015292;0,25;0,2739896373056995;2;5
2017-09-30;20;2017-09-30 20:00:00;45,01;27,8;17,209999999999994;41592;0;54344;14643;8710;0;8710;14643;-5933;0;-5933;-0,6811710677382319;-0,6811710677382319;;0,38235947567207274;2;5
2017-09-30;21;2017-09-30 21:00:00;37,49;26,0;11,490000000000002;41592;0;54344;13456;9095;0;9095;13456;-4361;0;-4361;-0,4794942275975811;-0,4794942275975811;;0,306481728460923;2;5
2017-09-30;22;2017-09-30 22:00:00;32,18;28,47;3,7100000000000013;41592;0;54344;11528;9175;0;9175;11528;-2353;0;-2353;-0,25645776566757494;-0,25645776566757494;;0,115288999378496;2;5
2017-09-30;23;2017-09-30 23:00:00;29,06;30,11;-1,0500000000000007;41592;0;54344;10362;8978;0;8978;10362;-1384;0;-1384;-0,15415460013366006;-0,15415460013366006;;-0,036132140399174145;2;5
2017-10-01;0;2017-10-01 00:00:00;12,95;26,05;-13,1;41592;0;54344;9114;10598;0;10598;9114;1484;0;1484;0,14002642007926025;0,14002642007926025;;-1,0115830115830116;3;6
2017-10-01;1;2017-10-01 01:00:00;14,84;23,64;-8,8;41592;0;54344;8341;9783;0;9783;8341;1442;0;1442;0,14739854850250433;0,14739854850250433;;-0,5929919137466307;3;6
2017-10-01;2;2017-10-01 02:00:00;19,05;22,57;-3,52;41592;0;54344;7883;9042;0;9042;7883;1159;0;1159;0,12817960628179606;0,12817960628179606;;-0,1847769028871391;3;6
2017-10-01;3;2017-10-01 03:00:00;22,15;21,61;0,5399999999999991;41592;0;54344;7270;8191;0;8191;7270;921;0;921;0,1124404834574533;0,1124404834574533;;0,024379232505643302;3;6
2017-10-01;4;2017-10-01 04:00:00;22,9;20,31;2,59;41592;0;54344;6748;7402;0;7402;6748;654;0;654;0,0883544987841124;0,0883544987841124;;0,1131004366812227;3;6
2017-10-01;5;2017-10-01 05:00:00;23,1;21,1;2,0;41592;0;54344;6348;6812;0;6812;6348;464;0;464;0,06811509101585438;0,06811509101585438;;0,08658008658008658;3;6
2017-10-01;6;2017-10-01 06:00:00;25,66;21,28;4,379999999999999;41592;0;54344;6037;6385;0;6385;6037;348;0;348;0,05450274079874706;0,05450274079874706;;0,17069368667186277;3;6
2017-10-01;7;2017-10-01 07:00:00;27,4;23,59;3,809999999999999;41592;140;54344;5466;6077;166;6243;5606;611;26;637;0,10203427839179881;0,10054303110087214;0,1566265060240964;0,13905109489051093;3;6
2017-10-01;8;2017-10-01 08:00:00;32,71;28,34;4,370000000000001;41592;1679;54344;4898;5559;1679;7238;6577;661;0;661;0,0913235700469743;0,1189062781075733;0,0;0,1335982879853256;3;6
2017-10-01;9;2017-10-01 09:00:00;38,11;33,7;4,409999999999997;41592;4714;54344;4082;4890;4374;9264;8796;808;-340;468;0,050518134715025906;0,1652351738241309;-0,07773205304069501;0,11571765940697971;3;6
2017-10-01;10;2017-10-01 10:00:00;38,39;34,19;4,200000000000003;41592;8178;54344;3545;4424;7279;11703;11723;879;-899;-20;-0,001708963513628984;0,1986889692585895;-0,12350597609561753;0,10940349049231578;3;6
2017-10-01;11;2017-10-01 11:00:00;38,58;33,12;5,460000000000001;41592;11220;54344;3715;4353;9893;14246;14935;638;-1327;-689;-0,04836445317983996;0,1465655869515277;-0,13413524714444558;0,14152410575427685;3;6
2017-10-01;12;2017-10-01 12:00:00;38,29;31,87;6,419999999999997;41592;13229;54344;4532;4736;11570;16306;17761;204;-1659;-1455;-0,08923095792959647;0,04307432432432432;-0,14338807260155575;0,1676677983807782;3;6
2017-10-01;13;2017-10-01 13:00:00;29,68;22,3;7,379999999999999;41592;13793;54344;5597;5247;11975;17222;19390;-350;-1818;-2168;-0,1258854952967135;-0,06670478368591576;-0,15181628392484342;0,24865229110512127;3;6
2017-10-01;14;2017-10-01 14:00:00;26,09;20,97;5,120000000000001;41592;12816;54344;6685;5807;11285;17092;19501;-878;-1531;-2409;-0,14094313128949215;-0,1511968314103668;-0,13566681435533895;0,1962437715599847;3;6
2017-10-01;15;2017-10-01 15:00:00;26,64;17,94;8,7;41592;10487;54344;7738;6282;9554;15836;18225;-1456;-933;-2389;-0,1508588027279616;-0,2317733205985355;-0,09765543227967344;0,3265765765765765;3;6
2017-10-01;16;2017-10-01 16:00:00;27,84;19,5;8,34;41592;6974;54344;8087;6755;6763;13518;15061;-1332;-211;-1543;-0,11414410415741974;-0,19718726868985936;-0,031199171965104244;0,2995689655172414;3;6
2017-10-01;17;2017-10-01 17:00:00;37,0;31,57;5,43;41592;3434;54344;7997;7383;3384;10767;11431;-614;-50;-664;-0,06166991734002043;-0,08316402546390356;-0,014775413711583925;0,14675675675675676;3;6
2017-10-01;18;2017-10-01 18:00:00;46,13;43,92;2,210000000000001;41592;530;54344;9025;8482;630;9112;9555;-543;100;-443;-0,048617208077260755;-0,0640179203018156;0,15873015873015872;0,04790808584435293;3;6
2017-10-01;19;2017-10-01 19:00:00;49,9;52,0;-2,1000000000000014;41592;0;54344;11626;10074;7;10081;11626;-1552;7;-1545;-0,15325860529709354;-0,15405995632320826;1,0;-0,042084168336673375;3;6
2017-10-01;20;2017-10-01 20:00:00;45,98;45,45;0,5299999999999939;41592;0;54344;13921;11821;0;11821;13921;-2100;0;-2100;-0,17764994501311226;-0,17764994501311226;;0,01152675076120039;3;6
2017-10-01;21;2017-10-01 21:00:00;31,95;34,87;-2,919999999999998;41592;0;54344;15205;13596;0;13596;15205;-1609;0;-1609;-0,1183436304795528;-0,1183436304795528;;-0,09139280125195613;3;6
2017-10-01;22;2017-10-01 22:00:00;26,08;30,04;-3,9600000000000013;41592;0;54344;16348;15298;0;15298;16348;-1050;0;-1050;-0,06863642306183815;-0,06863642306183815;;-0,15184049079754608;3;6
2017-10-01;23;2017-10-01 23:00:00;13,94;17,58;-3,639999999999999;41592;0;54344;17729;16844;0;16844;17729;-885;0;-885;-0,05254096414153408;-0,05254096414153408;;-0,261119081779053;3;6
2017-10-02;0;2017-10-02 00:00:00;18,64;16,06;2,5800000000000023;41595;0;54344;18422;16826;0;16826;18422;-1596;0;-1596;-0,09485320337572804;-0,09485320337572804;;0,1384120171673821;3;0
2017-10-02;1;2017-10-02 01:00:00;12,9;14,68;-1,7799999999999994;41595;0;54344;19336;18134;0;18134;19336;-1202;0;-1202;-0,06628432778206683;-0,06628432778206683;;-0,13798449612403096;3;0
2017-10-02;2;2017-10-02 02:00:00;5,72;14,35;-8,629999999999999;41595;0;54344;20534;19371;0;19371;20534;-1163;0;-1163;-0,060038201435135;-0,060038201435135;;-1,5087412587412585;3;0
2017-10-02;3;2017-10-02 03:00:00;0,34;5,94;-5,6000000000000005;41595;0;54344;21622;20479;0;20479;21622;-1143;0;-1143;-0,05581327213242834;-0,05581327213242834;;-16,47058823529412;3;0
2017-10-02;4;2017-10-02 04:00:00;2,9;3,17;-0,27;41595;0;54344;22016;21674;0;21674;22016;-342;0;-342;-0,01577927470702224;-0,01577927470702224;;-0,09310344827586207;3;0
2017-10-02;5;2017-10-02 05:00:00;9,37;11,8;-2,430000000000001;41595;0;54344;23570;22925;0;22925;23570;-645;0;-645;-0,028135223555070882;-0,028135223555070882;;-0,25933831376734273;3;0
2017-10-02;6;2017-10-02 06:00:00;13,98;18,69;-4,710000000000001;41595;0;54344;25674;24159;0;24159;25674;-1515;0;-1515;-0,06270954923630945;-0,06270954923630945;;-0,33690987124463523;3;0
2017-10-02;7;2017-10-02 07:00:00;21,32;23,24;-1,9199999999999984;41595;207;54344;26727;25178;239;25417;26934;-1549;32;-1517;-0,05968446315458158;-0,06152196361903249;0,13389121338912133;-0,09005628517823631;3;0
2017-10-02;8;2017-10-02 08:00:00;21,38;24,59;-3,2100000000000013;41595;1987;54344;26992;25538;1781;27319;28979;-1454;-206;-1660;-0,060763571140964166;-0,05693476388127496;-0,11566535654126894;-0,15014031805425637;3;0
2017-10-02;9;2017-10-02 09:00:00;21,38;25,91;-4,530000000000001;41595;4269;54344;26646;25312;3834;29146;30915;-1334;-435;-1769;-0,06069443491388184;-0,05270227560050569;-0,1134585289514867;-0,21188026192703469;3;0
2017-10-02;10;2017-10-02 10:00:00;20,29;26,75;-6,460000000000001;41595;6584;54344;26817;25166;5455;30621;33401;-1651;-1129;-2780;-0,09078736814604356;-0,0656043868711754;-0,20696608615948672;-0,3183834401182849;3;0
2017-10-02;11;2017-10-02 11:00:00;25,29;24,69;0,5999999999999979;41595;8077;54344;26859;25230;6515;31745;34936;-1629;-1562;-3191;-0,100519766892424;-0,06456599286563615;-0,2397544128933231;0,023724792408066346;3;0
2017-10-02;12;2017-10-02 12:00:00;22,1;22,82;-0,7199999999999989;41595;8766;54344;26471;25591;7067;32658;35237;-880;-1699;-2579;-0,07896993079796681;-0,03438708921105076;-0,2404131880571671;-0,03257918552036194;3;0
2017-10-02;13;2017-10-02 13:00:00;14,82;18,41;-3,59;41595;8383;54344;26819;25950;6741;32691;35202;-869;-1642;-2511;-0,07681013122877857;-0,03348747591522158;-0,24358403797656134;-0,24224021592442643;3;0
2017-10-02;14;2017-10-02 14:00:00;14,6;21,48;-6,880000000000001;41595;6982;54344;26346;26210;5734;31944;33328;-136;-1248;-1384;-0,04332582018532432;-0,005188859214040442;-0,21764911056853853;-0,47123287671232883;3;0
2017-10-02;15;2017-10-02 15:00:00;19,3;25,74;-6,439999999999998;41595;5055;54344;25275;26080;4359;30439;30330;805;-696;109;0,0035809323565163115;0,030866564417177913;-0,1596696490020647;-0,3336787564766838;3;0
2017-10-02;16;2017-10-02 16:00:00;19,9;31,26;-11,360000000000005;41595;3328;54344;24399;25643;2793;28436;27727;1244;-535;709;0,02493318328878886;0,048512264555629216;-0,19155030433225922;-0,5708542713567842;3;0
2017-10-02;17;2017-10-02 17:00:00;31,29;42,93;-11,64;41595;1500;54344;23356;24956;1255;26211;24856;1600;-245;1355;0,05169585288619282;0,06411283859592884;-0,1952191235059761;-0,3720038350910834;3;0
2017-10-02;18;2017-10-02 18:00:00;31,23;46,11;-14,88;41595;206;54344;23404;24137;214;24351;23610;733;8;741;0,030429961808549958;0,030368314206405105;0,037383177570093455;-0,47646493756003844;3;0
2017-10-02;19;2017-10-02 19:00:00;36,04;48,9;-12,86;41595;0;54344;23389;23562;1;23563;23389;173;1;174;0,007384458685226839;0,007342330871742637;1,0;-0,3568257491675916;3;0
2017-10-02;20;2017-10-02 20:00:00;29,28;38,88;-9,6;41595;0;54344;22908;23170;0;23170;22908;262;0;262;0,011307725507121278;0,011307725507121278;;-0,32786885245901637;3;0
2017-10-02;21;2017-10-02 21:00:00;22,68;33,74;-11,060000000000002;41595;0;54344;22074;23034;0;23034;22074;960;0;960;0,04167752018754884;0,04167752018754884;;-0,48765432098765443;3;0
2017-10-02;22;2017-10-02 22:00:00;15,18;29,53;-14,35;41595;0;54344;21055;22810;0;22810;21055;1755;0;1755;0,07693993862341078;0,07693993862341078;;-0,9453227931488801;3;0
2017-10-02;23;2017-10-02 23:00:00;9,39;17,4;-8,009999999999998;41595;0;54344;21000;22430;0;22430;21000;1430;0;1430;0,0637539010254124;0,0637539010254124;;-0,8530351437699678;3;0
2017-10-03;0;2017-10-03 00:00:00;13,26;20,88;-7,619999999999999;41595;0;54344;20814;20607;0;20607;20814;-207;0;-207;-0,010045130295530644;-0,010045130295530644;;-0,5746606334841629;3;1
2017-10-03;1;2017-10-03 01:00:00;13,95;17,81;-3,86;41595;0;54344;19992;19751;0;19751;19992;-241;0;-241;-0,012201913827147992;-0,012201913827147992;;-0,27670250896057347;3;1
2017-10-03;2;2017-10-03 02:00:00;12,31;16,51;-4,200000000000001;41595;0;54344;18333;18916;0;18916;18333;583;0;583;0,03082046944385705;0,03082046944385705;;-0,34118602761982136;3;1
2017-10-03;3;2017-10-03 03:00:00;15,09;18,73;-3,640000000000001;41595;0;54344;17048;18032;0;18032;17048;984;0;984;0,05456965394853593;0,05456965394853593;;-0,24121935056328703;3;1
2017-10-03;4;2017-10-03 04:00:00;19,51;21,97;-2,4599999999999973;41595;0;54344;15782;17389;0;17389;15782;1607;0;1607;0,09241474495370637;0,09241474495370637;;-0,1260891850333161;3;1
2017-10-03;5;2017-10-03 05:00:00;21,58;30,38;-8,8;41595;0;54344;15466;16916;0;16916;15466;1450;0;1450;0,08571766375029558;0,08571766375029558;;-0,40778498609823915;3;1
2017-10-03;6;2017-10-03 06:00:00;28,28;46,51;-18,23;41595;0;54344;15900;16609;0;16609;15900;709;0;709;0,042687699440062614;0,042687699440062614;;-0,6446251768033946;3;1
2017-10-03;7;2017-10-03 07:00:00;31,41;45,22;-13,81;41595;61;54344;15994;16608;114;16722;16055;614;53;667;0,03988757325678747;0,03697013487475915;0,4649122807017544;-0,43966889525628783;3;1
2017-10-03;8;2017-10-03 08:00:00;35,95;43,07;-7,119999999999997;41595;1104;54344;15581;16988;1288;18276;16685;1407;184;1591;0,08705405996935872;0,08282316929597362;0,14285714285714285;-0,1980528511821974;3;1
2017-10-03;9;2017-10-03 09:00:00;34,9;43,13;-8,230000000000004;41595;3284;54344;16480;17535;3457;20992;19764;1055;173;1228;0,0584984756097561;0,06016538351867693;0,050043390222736475;-0,23581661891117492;3;1
2017-10-03;10;2017-10-03 10:00:00;32,03;41,12;-9,089999999999996;41595;6135;54344;17330;18418;6047;24465;23465;1088;-88;1000;0,04087471898630697;0,05907264632424802;-0,014552670745824376;-0,28379644083671546;3;1
2017-10-03;11;2017-10-03 11:00:00;32,69;40,76;-8,07;41595;8886;54344;19275;19363;8745;28108;28161;88;-141;-53;-0,0018855841753237512;0,004544750296958116;-0,016123499142367066;-0,24686448455185075;3;1
2017-10-03;12;2017-10-03 12:00:00;24,87;28,91;-4,039999999999999;41595;11391;54344;21006;20272;10729;31001;32397;-734;-662;-1396;-0,045030805457888456;-0,03620757695343331;-0,06170192935035884;-0,1624447125050261;3;1
2017-10-03;13;2017-10-03 13:00:00;17,91;15,99;1,92;41595;12700;54344;22446;21018;11386;32404;35146;-1428;-1314;-2742;-0,08461918281693619;-0,06794176420211248;-0,11540488318988232;0,10720268006700168;3;1
2017-10-03;14;2017-10-03 14:00:00;11,09;5,49;5,6;41595;12558;54344;23290;21672;11084;32756;35848;-1618;-1474;-3092;-0,0943949200146538;-0,07465854558877814;-0,13298448213641284;0,5049594229035167;3;1
2017-10-03;15;2017-10-03 15:00:00;12,47;9,38;3,09;41595;11048;54344;23187;21865;9649;31514;34235;-1322;-1399;-2721;-0,08634257790188488;-0,060461925451635035;-0,14498911804332054;0,24779470729751402;3;1
2017-10-03;16;2017-10-03 16:00:00;16,63;13,05;3,5799999999999983;41595;7938;54344;22219;21480;6890;28370;30157;-739;-1048;-1787;-0,06298907296439901;-0,03440409683426443;-0,1521044992743106;0,21527360192423323;3;1
2017-10-03;17;2017-10-03 17:00:00;27,62;22,0;5,620000000000001;41595;3880;54344;21180;20488;3364;23852;25060;-692;-516;-1208;-0,050645648163676005;-0,03377586880124951;-0,15338882282996433;0,20347574221578568;3;1
2017-10-03;18;2017-10-03 18:00:00;33,06;30,21;2,8500000000000014;41595;568;54344;19983;19290;523;19813;20551;-693;-45;-738;-0,03724827133700096;-0,0359253499222395;-0,08604206500956023;0,08620689655172417;3;1
2017-10-03;19;2017-10-03 19:00:00;39,54;37,57;1,9699999999999989;41595;0;54344;20138;18494;4;18498;20138;-1644;4;-1640;-0,08865823332252136;-0,08889369525251432;1,0;0,04982296408700048;3;1
2017-10-03;20;2017-10-03 20:00:00;30,63;32,68;-2,0500000000000007;41595;0;54344;20331;18259;0;18259;20331;-2072;0;-2072;-0,11347828468152692;-0,11347828468152692;;-0,06692784851452827;3;1
2017-10-03;21;2017-10-03 21:00:00;30,66;32,96;-2,3000000000000007;41595;0;54344;20128;18481;0;18481;20128;-1647;0;-1647;-0,08911855419079054;-0,08911855419079054;;-0,07501630789302025;3;1
2017-10-03;22;2017-10-03 22:00:00;30,09;37,0;-6,91;41595;0;54344;19929;18634;0;18634;19929;-1295;0;-1295;-0,06949661908339594;-0,06949661908339594;;-0,22964440013293452;3;1
2017-10-03;23;2017-10-03 23:00:00;22,08;28,22;-6,1400000000000015;41595;0;54344;19850;18574;0;18574;19850;-1276;0;-1276;-0,06869818025196511;-0,06869818025196511;;-0,2780797101449276;3;1
2017-10-04;0;2017-10-04 00:00:00;18,09;29,06;-10,97;41599;0;54344;19096;18804;0;18804;19096;-292;0;-292;-0,015528610933843863;-0,015528610933843863;;-0,6064123825317855;3;2
2017-10-04;1;2017-10-04 01:00:00;18,65;26,8;-8,150000000000002;41599;0;54344;19163;18738;0;18738;19163;-425;0;-425;-0,022681182623545737;-0,022681182623545737;;-0,43699731903485267;3;2
2017-10-04;2;2017-10-04 02:00:00;20,88;27,1;-6,220000000000002;41599;0;54344;19162;18859;0;18859;19162;-303;0;-303;-0,01606659950156424;-0,01606659950156424;;-0,29789272030651354;3;2
2017-10-04;3;2017-10-04 03:00:00;18,06;24,24;-6,18;41599;0;54344;19020;18885;0;18885;19020;-135;0;-135;-0,007148530579825258;-0,007148530579825258;;-0,34219269102990035;3;2
2017-10-04;4;2017-10-04 04:00:00;22,63;27,66;-5,030000000000001;41599;0;54344;19456;18948;0;18948;19456;-508;0;-508;-0,026810217437196537;-0,026810217437196537;;-0,22227132125497134;3;2
2017-10-04;5;2017-10-04 05:00:00;30,0;35,97;-5,969999999999999;41599;0;54344;19792;19099;0;19099;19792;-693;0;-693;-0,03628462223153045;-0,03628462223153045;;-0,19899999999999995;3;2
2017-10-04;6;2017-10-04 06:00:00;45,22;42,98;2,240000000000002;41599;0;54344;20898;19537;0;19537;20898;-1361;0;-1361;-0,06966269130368019;-0,06966269130368019;;0,04953560371517032;3;2
2017-10-04;7;2017-10-04 07:00:00;54,61;52,21;2,3999999999999986;41599;172;54344;21838;20194;199;20393;22010;-1644;27;-1617;-0,07929191389202177;-0,08141031989699911;0,135678391959799;0,0439479948727339;3;2
2017-10-04;8;2017-10-04 08:00:00;55,93;46,43;9,5;41599;2295;54344;22400;20854;2006;22860;24695;-1546;-289;-1835;-0,08027121609798775;-0,07413445861705188;-0,1440677966101695;0,16985517611299839;3;2
2017-10-04;9;2017-10-04 09:00:00;44,2;37,92;6,280000000000001;41599;5490;54344;22718;21724;5131;26855;28208;-994;-359;-1353;-0,050381679389312976;-0,04575584606886393;-0,06996686805690898;0,14208144796380093;3;2
2017-10-04;10;2017-10-04 10:00:00;35,34;30,84;4,500000000000004;41599;7960;54344;23920;23263;8167;31430;31880;-657;207;-450;-0,014317531021317213;-0,02824227313760048;0,025345904248806173;0,1273344651952463;3;2
2017-10-04;11;2017-10-04 11:00:00;31,17;29,71;1,4600000000000009;41599;10481;54344;25790;25358;10576;35934;36271;-432;95;-337;-0,009378304669672178;-0,017036043852038805;0,008982602118003025;0,04683991017003532;3;2
2017-10-04;12;2017-10-04 12:00:00;22,8;23,66;-0,8599999999999994;41599;11624;54344;28236;27343;11919;39262;39860;-893;295;-598;-0,015231012174621772;-0,032659181508978535;0,024750398523366055;-0,03771929824561401;3;2
2017-10-04;13;2017-10-04 13:00:00;19,96;14,49;5,4700000000000015;41599;10924;54344;29702;28857;11953;40810;40626;-845;1029;184;0,00450869884832149;-0,029282323179817722;0,08608717476784071;0,27404809619238485;3;2
2017-10-04;14;2017-10-04 14:00:00;22,77;12,87;9,9;41599;9464;54344;30602;29749;10871;40620;40066;-853;1407;554;0,013638601674052191;-0,02867323271370466;0,12942691564713457;0,4347826086956522;3;2
2017-10-04;15;2017-10-04 15:00:00;25,0;17,89;7,1099999999999985;41599;7831;54344;30432;29799;8781;38580;38263;-633;950;317;0,008216692586832556;-0,021242323567904963;0,10818813346999202;0,28439999999999993;3;2
2017-10-04;16;2017-10-04 16:00:00;25,06;16,63;8,43;41599;5429;54344;30708;29316;5840;35156;36137;-1392;411;-981;-0,0279041984298555;-0,04748260335652886;0,07037671232876712;0,3363926576217079;3;2
2017-10-04;17;2017-10-04 17:00:00;33,06;18,39;14,670000000000002;41599;2314;54344;30240;28577;2571;31148;32554;-1663;257;-1406;-0,045139334788750485;-0,05819365223781363;0,09996110462854921;0,44373865698729587;3;2
2017-10-04;18;2017-10-04 18:00:00;33,8;21,8;11,999999999999995;41599;282;54344;30160;27998;365;28363;30442;-2162;83;-2079;-0,07329972146810985;-0,07721980141438674;0,2273972602739726;0,35502958579881644;3;2
2017-10-04;19;2017-10-04 19:00:00;35,93;23,79;12,14;41599;0;54344;30486;27946;2;27948;30486;-2540;2;-2538;-0,09081150708458566;-0,0908895727474415;1,0;0,337879209574172;3;2
2017-10-04;20;2017-10-04 20:00:00;30,26;22,38;7,880000000000003;41599;0;54344;31917;28203;0;28203;31917;-3714;0;-3714;-0,13168811828528879;-0,13168811828528879;;0,2604097818902843;3;2
2017-10-04;21;2017-10-04 21:00:00;22,1;13,1;9,000000000000002;41599;0;54344;32700;28643;0;28643;32700;-4057;0;-4057;-0,14164019132074154;-0,14164019132074154;;0,40723981900452494;3;2
2017-10-04;22;2017-10-04 22:00:00;20,62;12,02;8,600000000000001;41599;0;54344;32130;29213;0;29213;32130;-2917;0;-2917;-0,09985280525793311;-0,09985280525793311;;0,417070805043647;3;2
2017-10-04;23;2017-10-04 23:00:00;0,49;-1,65;2,14;41599;0;54344;31486;29609;0;29609;31486;-1877;0;-1877;-0,06339288729778109;-0,06339288729778109;;4,36734693877551;3;2
2017-10-05;0;2017-10-05 00:00:00;4,09;-1,26;5,35;41611;0;54344;30056;28122;0;28122;30056;-1934;0;-1934;-0,06877178010098856;-0,06877178010098856;;1,3080684596577017;3;3
2017-10-05;1;2017-10-05 01:00:00;2,09;-3,73;5,82;41611;0;54344;28904;27824;0;27824;28904;-1080;0;-1080;-0,038815411155836685;-0,038815411155836685;;2,7846889952153115;3;3
2017-10-05;2;2017-10-05 02:00:00;1,8;2,22;-0,42000000000000015;41611;0;54344;28945;27703;0;27703;28945;-1242;0;-1242;-0,04483268960040429;-0,04483268960040429;;-0,23333333333333342;3;3
2017-10-05;3;2017-10-05 03:00:00;8,91;8,75;0,16000000000000014;41611;0;54344;27851;27444;0;27444;27851;-407;0;-407;-0,014830199679347034;-0,014830199679347034;;0,01795735129068464;3;3
2017-10-05;4;2017-10-05 04:00:00;12,46;10,7;1,7600000000000016;41611;0;54344;26979;27273;0;27273;26979;294;0;294;0,010779892201077989;0,010779892201077989;;0,14125200642054586;3;3
2017-10-05;5;2017-10-05 05:00:00;16,98;12,76;4,2200000000000015;41611;0;54344;26693;27403;0;27403;26693;710;0;710;0,02590957194467759;0,02590957194467759;;0,24852767962308606;3;3
2017-10-05;6;2017-10-05 06:00:00;31,31;29,35;1,9599999999999973;41611;0;54344;26768;28097;0;28097;26768;1329;0;1329;0,0473004235327615;0,0473004235327615;;0,06259980836793348;3;3
2017-10-05;7;2017-10-05 07:00:00;35,84;41,4;-5,559999999999995;41611;90;54344;27176;29360;136;29496;27266;2184;46;2230;0,07560347165717385;0,07438692098092643;0,3382352941176471;-0,1551339285714284;3;3
2017-10-05;8;2017-10-05 08:00:00;41,92;47,03;-5,1099999999999985;41611;1519;54344;28835;30647;1601;32248;30354;1812;82;1894;0,05873232448523939;0,059124873560217964;0,05121798875702686;-0,12189885496183202;3;3
2017-10-05;9;2017-10-05 09:00:00;31,04;35,83;-4,789999999999999;41611;4382;54344;30859;31800;4199;35999;35241;941;-183;758;0,02105614044834579;0,029591194968553457;-0,043581805191712314;-0,15431701030927833;3;3
2017-10-05;10;2017-10-05 10:00:00;24,98;25,73;-0,75;41611;7210;54344;33749;33225;6739;39964;40959;-524;-471;-995;-0,02489740766690021;-0,015771256583897667;-0,06989167532274818;-0,0300240192153723;3;3
2017-10-05;11;2017-10-05 11:00:00;20,44;7,9;12,54;41611;9593;54344;36166;34299;8616;42915;45759;-1867;-977;-2844;-0,06627053477804963;-0,05443307385054958;-0,11339368616527391;0,6135029354207435;3;3
2017-10-05;12;2017-10-05 12:00:00;9,71;-8,51;18,22;41611;11075;54344;37283;35209;9554;44763;48358;-2074;-1521;-3595;-0,08031186470969327;-0,05890539350734187;-0,15920033493824576;1,8764160659114313;3;3
2017-10-05;13;2017-10-05 13:00:00;12,18;-20,18;32,36;41611;10804;54344;37724;36409;9425;45834;48528;-1315;-1379;-2694;-0,05877732687524545;-0,03611744348924716;-0,1463129973474801;2,6568144499178983;3;3
2017-10-05;14;2017-10-05 14:00:00;10,81;-15,91;26,72;41611;9650;54344;36855;37057;8445;45502;46505;202;-1205;-1003;-0,02204298712144521;0,0054510618776479475;-0,14268798105387803;2,4717853839037924;3;3
2017-10-05;15;2017-10-05 15:00:00;10,84;-3,83;14,67;41611;8434;54344;34646;37169;6749;43918;43080;2523;-1685;838;0,01908101461815201;0,06787914660066184;-0,24966661727663358;1,353321033210332;3;3
2017-10-05;16;2017-10-05 16:00:00;10,89;6,39;4,500000000000001;41611;5264;54344;33264;36473;4369;40842;38528;3209;-895;2314;0,05665736251897557;0,08798289145395224;-0,20485236896314946;0,41322314049586784;3;3
2017-10-05;17;2017-10-05 17:00:00;14,68;15,18;-0,5;41611;2010;54344;32429;35102;1858;36960;34439;2673;-152;2521;0,06820887445887445;0,07614950715058971;-0,08180839612486544;-0,0340599455040872;3;3
2017-10-05;18;2017-10-05 18:00:00;25,0;29,8;-4,800000000000002;41611;254;54344;31782;33452;265;33717;32036;1670;11;1681;0,049856155648485924;0,04992227669496592;0,04150943396226415;-0,19200000000000006;3;3
2017-10-05;19;2017-10-05 19:00:00;29,96;30,24;-0,2799999999999976;41611;0;54344;30672;31879;0;31879;30672;1207;0;1207;0,0378619153674833;0,0378619153674833;;-0,009345794392523284;3;3
2017-10-05;20;2017-10-05 20:00:00;26,08;27,98;-1,900000000000002;41611;0;54344;30086;30628;0;30628;30086;542;0;542;0,017696225675852162;0,017696225675852162;;-0,0728527607361964;3;3
2017-10-05;21;2017-10-05 21:00:00;27,96;20,73;7,23;41611;0;54344;30020;29576;0;29576;30020;-444;0;-444;-0,015012172031376792;-0,015012172031376792;;0,25858369098712447;3;3
2017-10-05;22;2017-10-05 22:00:00;10,84;11,52;-0,6799999999999997;41611;0;54344;29500;28882;0;28882;29500;-618;0;-618;-0,021397410151651548;-0,021397410151651548;;-0,06273062730627303;3;3
2017-10-05;23;2017-10-05 23:00:00;11,81;13,04;-1,2299999999999986;41611;0;54344;28815;28374;0;28374;28815;-441;0;-441;-0,01554239796997251;-0,01554239796997251;;-0,10414902624894146;3;3
2017-10-06;0;2017-10-06 00:00:00;0,95;11,74;-10,79;41616;0;54350;27970;27878;0;27878;27970;-92;0;-92;-0,0033000932635052728;-0,0033000932635052728;;-11,357894736842105;3;4
2017-10-06;1;2017-10-06 01:00:00;9,88;13,95;-4,069999999999999;41616;0;54350;27179;27468;0;27468;27179;289;0;289;0,010521333915829328;0,010521333915829328;;-0,4119433198380566;3;4
2017-10-06;2;2017-10-06 02:00:00;3,23;12,41;-9,18;41616;0;54350;26788;27342;0;27342;26788;554;0;554;0,020261868188135468;0,020261868188135468;;-2,8421052631578947;3;4
2017-10-06;3;2017-10-06 03:00:00;0,43;10,41;-9,98;41616;0;54350;26475;27153;0;27153;26475;678;0;678;0,024969616616948402;0,024969616616948402;;-23,209302325581397;3;4
2017-10-06;4;2017-10-06 04:00:00;4,46;12,56;-8,100000000000001;41616;0;54350;25977;27037;0;27037;25977;1060;0;1060;0,039205533158264604;0,039205533158264604;;-1,816143497757848;3;4
2017-10-06;5;2017-10-06 05:00:00;10,78;19,74;-8,959999999999997;41616;0;54350;26062;26924;0;26924;26062;862;0;862;0,0320160451641658;0,0320160451641658;;-0,831168831168831;3;4
2017-10-06;6;2017-10-06 06:00:00;31,08;38,09;-7,010000000000005;41616;0;54350;26616;26779;0;26779;26616;163;0;163;0,006086859106015908;0,006086859106015908;;-0,22554697554697573;3;4
2017-10-06;7;2017-10-06 07:00:00;37,87;39,43;-1,5600000000000025;41616;115;54350;26432;26504;135;26639;26547;72;20;92;0,0034535830924584256;0,0027165710836100213;0,14814814814814814;-0,04119355690520207;3;4
2017-10-06;8;2017-10-06 08:00:00;34,94;35,59;-0,6500000000000057;41616;1790;54350;25706;26227;1571;27798;27496;521;-219;302;0,010864090941794373;0,019865024592976704;-0,1394016549968173;-0,01860331997710377;3;4
2017-10-06;9;2017-10-06 09:00:00;33,98;35,62;-1,6400000000000006;41616;4682;54350;25377;26134;4255;30389;30059;757;-427;330;0,010859192470959888;0,02896609780362746;-0,10035252643948296;-0,048263684520306084;3;4
2017-10-06;10;2017-10-06 10:00:00;32,95;35,93;-2,979999999999997;41616;7191;54350;25107;26227;6751;32978;32298;1120;-440;680;0,02061980714415671;0,042704083577992144;-0,0651755295511776;-0,09044006069802721;3;4
2017-10-06;11;2017-10-06 11:00:00;32,95;34,98;-2,029999999999994;41616;8764;54350;25812;26121;8627;34748;34576;309;-137;172;0,004949925175549672;0,011829562421040543;-0,01588037556508636;-0,06160849772382379;3;4
2017-10-06;12;2017-10-06 12:00:00;32,13;34,89;-2,759999999999998;41616;9606;54350;26285;25744;9568;35312;35891;-541;-38;-579;-0,016396692342546444;-0,021014605344934743;-0,003971571906354515;-0,0859010270774976;3;4
2017-10-06;13;2017-10-06 13:00:00;30,35;32,96;-2,6099999999999994;41616;9988;54350;26937;25299;9687;34986;36925;-1638;-301;-1939;-0,05542216886754702;-0,0647456421202419;-0,03107257148756065;-0,085996705107084;3;4
2017-10-06;14;2017-10-06 14:00:00;29,45;31,38;-1,93;41616;9574;54350;26617;24966;9039;34005;36191;-1651;-535;-2186;-0,06428466401999706;-0,06612993671393094;-0,05918796327027326;-0,06553480475382004;3;4
2017-10-06;15;2017-10-06 15:00:00;29,28;30,74;-1,4599999999999973;41616;8197;54350;25709;24623;7594;32217;33906;-1086;-603;-1689;-0,05242573796442872;-0,04410510498314584;-0,07940479325783513;-0,04986338797814198;3;4
2017-10-06;16;2017-10-06 16:00:00;32,41;31,49;0,9199999999999982;41616;5698;54350;24792;24019;5255;29274;30490;-773;-443;-1216;-0,041538566646170665;-0,03218285523960198;-0,08430066603235015;0,028386300524529413;3;4
2017-10-06;17;2017-10-06 17:00:00;36,9;33,88;3,019999999999996;41616;2460;54350;23724;22895;2361;25256;26184;-829;-99;-928;-0,036743744060817235;-0,036208779209434376;-0,04193138500635324;0,08184281842818418;3;4
2017-10-06;18;2017-10-06 18:00:00;46,92;39,03;7,8900000000000015;41616;301;54350;22280;21684;324;22008;22581;-596;23;-573;-0,02603598691384951;-0,02748570374469655;0,07098765432098765;0,1681585677749361;3;4
2017-10-06;19;2017-10-06 19:00:00;48,52;45,55;2,9700000000000064;41616;0;54350;21984;20891;1;20892;21984;-1093;1;-1092;-0,05226881102814474;-0,05231918050835288;1,0;0,06121187139324003;3;4
2017-10-06;20;2017-10-06 20:00:00;42,04;36,51;5,530000000000001;41616;0;54350;21764;20313;0;20313;21764;-1451;0;-1451;-0,07143208782553045;-0,07143208782553045;;0,13154138915318747;3;4
2017-10-06;21;2017-10-06 21:00:00;35,1;32,0;3,1000000000000014;41616;0;54350;21500;19722;0;19722;21500;-1778;0;-1778;-0,09015312848595478;-0,09015312848595478;;0,08831908831908836;3;4
2017-10-06;22;2017-10-06 22:00:00;30,6;29,28;1,3200000000000005;41616;0;54350;20276;19248;0;19248;20276;-1028;0;-1028;-0,05340814630091438;-0,05340814630091438;;0,0431372549019608;3;4
2017-10-06;23;2017-10-06 23:00:00;26,87;29,52;-2,6499999999999986;41616;0;54350;19739;18958;0;18958;19739;-781;0;-781;-0,04119632872665893;-0,04119632872665893;;-0,09862299962783769;3;4
2017-10-07;0;2017-10-07 00:00:00;13,85;16,22;-2,369999999999999;41616;0;54350;19756;18444;0;18444;19756;-1312;0;-1312;-0,07113424419865538;-0,07113424419865538;;-0,17111913357400718;3;5
2017-10-07;1;2017-10-07 01:00:00;11,85;10,51;1,34;41616;0;54350;19148;18278;0;18278;19148;-870;0;-870;-0,04759820549294234;-0,04759820549294234;;0,11308016877637132;3;5
2017-10-07;2;2017-10-07 02:00:00;10,72;10,73;-0,009999999999999787;41616;0;54350;18142;18376;0;18376;18142;234;0;234;0,012734000870700915;0,012734000870700915;;-0,0009328358208955024;3;5
2017-10-07;3;2017-10-07 03:00:00;11,04;12,41;-1,370000000000001;41616;0;54350;18527;18401;0;18401;18527;-126;0;-126;-0,006847453942720504;-0,006847453942720504;;-0,12409420289855082;3;5
2017-10-07;4;2017-10-07 04:00:00;9,0;14,89;-5,8900000000000015;41616;0;54350;19313;18455;0;18455;19313;-858;0;-858;-0,046491465727445135;-0,046491465727445135;;-0,6544444444444446;3;5
2017-10-07;5;2017-10-07 05:00:00;8,94;11,85;-2,91;41616;0;54350;18932;18458;0;18458;18932;-474;0;-474;-0,025679921985047136;-0,025679921985047136;;-0,325503355704698;3;5
2017-10-07;6;2017-10-07 06:00:00;10,94;13,17;-2,2300000000000004;41616;0;54350;19764;18410;0;18410;19764;-1354;0;-1354;-0,07354698533405758;-0,07354698533405758;;-0,2038391224862889;3;5
2017-10-07;7;2017-10-07 07:00:00;12,21;9,49;2,7200000000000006;41616;71;54350;20431;18489;84;18573;20502;-1942;13;-1929;-0,10386044257793571;-0,10503542646979284;0,15476190476190477;0,2227682227682228;3;5
2017-10-07;8;2017-10-07 08:00:00;24,92;14,02;10,900000000000002;41616;1422;54350;21532;18981;1117;20098;22954;-2551;-305;-2856;-0,14210369190964275;-0,13439755545018703;-0,2730528200537153;0,43739967897271276;3;5
2017-10-07;9;2017-10-07 09:00:00;17,39;2,43;14,96;41616;3946;54350;22510;19958;3269;23227;26456;-2552;-677;-3229;-0,13901924484436218;-0,1278685239001904;-0,207096971550933;0,860264519838988;3;5
2017-10-07;10;2017-10-07 10:00:00;10,77;-0,06;10,83;41616;6366;54350;24387;21535;5514;27049;30753;-2852;-852;-3704;-0,13693667048689415;-0,1324355700023218;-0,15451577801958652;1,0055710306406687;3;5
2017-10-07;11;2017-10-07 11:00:00;11,21;-0,16;11,37;41616;8417;54350;27091;23511;7198;30709;35508;-3580;-1219;-4799;-0,1562734051906607;-0,1522691506103526;-0,1693525979438733;1,0142729705619982;3;5
2017-10-07;12;2017-10-07 12:00:00;3,57;-6,85;10,42;41616;8704;54350;29310;25577;7916;33493;38014;-3733;-788;-4521;-0,13498342937330188;-0,14595144074754662;-0,09954522486104093;2,9187675070028014;3;5
2017-10-07;13;2017-10-07 13:00:00;0,0;-8,06;8,06;41616;7864;54350;30920;27403;7457;34860;38784;-3517;-407;-3924;-0,11256454388984509;-0,1283436120132832;-0,05457958964731125;inf;3;5
2017-10-07;14;2017-10-07 14:00:00;-0,95;-5,9;4,95;41616;6727;54350;31825;28804;6273;35077;38552;-3021;-454;-3475;-0,09906776520226929;-0,10488126649076517;-0,07237366491311972;-5,210526315789474;3;5
2017-10-07;15;2017-10-07 15:00:00;-1,35;-3,39;2,04;41616;5063;54350;32521;29528;4634;34162;37584;-2993;-429;-3422;-0,100169779286927;-0,10136141966946627;-0,09257660768234786;-1,511111111111111;3;5
2017-10-07;16;2017-10-07 16:00:00;-0,94;0,54;-1,48;41616;2778;54350;33658;30168;2788;32956;36436;-3490;10;-3480;-0,10559533924019905;-0,11568549456377619;0,003586800573888092;1,574468085106383;3;5
2017-10-07;17;2017-10-07 17:00:00;0,89;7,24;-6,3500000000000005;41616;914;54350;33936;30577;1073;31650;34850;-3359;159;-3200;-0,10110584518167456;-0,10985381168852405;0,14818266542404473;-7,134831460674158;3;5
2017-10-07;18;2017-10-07 18:00:00;8,3;10,41;-2,1099999999999994;41616;56;54350;33952;30810;124;30934;34008;-3142;68;-3074;-0,09937285834357018;-0,10197987666342097;0,5483870967741935;-0,2542168674698794;3;5
2017-10-07;19;2017-10-07 19:00:00;10,12;10,82;-0,7000000000000011;41616;0;54350;34044;31207;0;31207;34044;-2837;0;-2837;-0,09090909090909091;-0,09090909090909091;;-0,06916996047430841;3;5
2017-10-07;20;2017-10-07 20:00:00;2,53;5,96;-3,43;41616;0;54350;33526;31365;0;31365;33526;-2161;0;-2161;-0,06889845369041926;-0,06889845369041926;;-1,3557312252964429;3;5
2017-10-07;21;2017-10-07 21:00:00;3,08;3,91;-0,8300000000000001;41616;0;54350;32071;31013;0;31013;32071;-1058;0;-1058;-0,03411472608261052;-0,03411472608261052;;-0,2694805194805195;3;5
2017-10-07;22;2017-10-07 22:00:00;2,59;5,82;-3,2300000000000004;41616;0;54350;30179;30149;0;30149;30179;-30;0;-30;-0,0009950578791999734;-0,0009950578791999734;;-1,2471042471042473;3;5
2017-10-07;23;2017-10-07 23:00:00;0,47;5,4;-4,9300000000000015;41616;0;54350;28891;28866;0;28866;28891;-25;0;-25;-0,0008660708099494215;-0,0008660708099494215;;-10,489361702127663;3;5
2017-10-08;0;2017-10-08 00:00:00;-0,96;5,75;-6,71;41616;0;54350;26740;26522;0;26522;26740;-218;0;-218;-0,008219591282708695;-0,008219591282708695;;6,989583333333334;3;6
2017-10-08;1;2017-10-08 01:00:00;-2,37;4,23;-6,6000000000000005;41616;0;54350;24434;25071;0;25071;24434;637;0;637;0,025407841729488255;0,025407841729488255;;2,7848101265822787;3;6
2017-10-08;2;2017-10-08 02:00:00;-0,03;4,22;-4,25;41616;0;54350;22786;23757;0;23757;22786;971;0;971;0,04087216399377026;0,04087216399377026;;141,66666666666669;3;6
2017-10-08;3;2017-10-08 03:00:00;-0,96;1,77;-2,73;41616;0;54350;21941;22426;0;22426;21941;485;0;485;0,021626683314010523;0,021626683314010523;;2,84375;3;6
2017-10-08;4;2017-10-08 04:00:00;-0,08;1,62;-1,7000000000000002;41616;0;54350;20619;21211;0;21211;20619;592;0;592;0,02791004667389562;0,02791004667389562;;21,250000000000004;3;6
2017-10-08;5;2017-10-08 05:00:00;8,76;4,33;4,43;41616;0;54350;19144;19733;0;19733;19144;589;0;589;0,02984847717022247;0,02984847717022247;;0,5057077625570776;3;6
2017-10-08;6;2017-10-08 06:00:00;2,52;7,34;-4,82;41616;0;54350;18137;17841;0;17841;18137;-296;0;-296;-0,016590998262429237;-0,016590998262429237;;-1,9126984126984128;3;6
2017-10-08;7;2017-10-08 07:00:00;12,19;8,64;3,549999999999999;41616;35;54350;16754;15926;50;15976;16789;-828;15;-813;-0,05088883324987481;-0,051990455858344845;0,3;0,291222313371616;3;6
2017-10-08;8;2017-10-08 08:00:00;27,97;21,46;6,509999999999998;41616;913;54350;14985;14174;829;15003;15898;-811;-84;-895;-0,05965473571952276;-0,057217440383801325;-0,10132689987937274;0,23274937432963883;3;6
2017-10-08;9;2017-10-08 09:00:00;29,67;25,81;3,860000000000003;41616;3093;54350;12688;12659;2504;15163;15781;-29;-589;-618;-0,040757106113565915;-0,002290860257524291;-0,23522364217252395;0,13009774182676112;3;6
2017-10-08;10;2017-10-08 10:00:00;32,48;28,24;4,239999999999998;41616;5674;54350;11533;11589;4574;16163;17207;56;-1100;-1044;-0,0645919693126276;0,004832168435585469;-0,2404897245299519;0,13054187192118222;3;6
2017-10-08;11;2017-10-08 11:00:00;38,28;32,77;5,509999999999998;41616;7754;54350;11326;11229;6592;17821;19080;-97;-1162;-1259;-0,07064698950676168;-0,008638347136877727;-0,17627427184466019;0,1439393939393939;3;6
2017-10-08;12;2017-10-08 12:00:00;30,21;28,87;1,34;41616;9153;54350;12088;11354;8096;19450;21241;-734;-1057;-1791;-0,09208226221079692;-0,06464682050378721;-0,13055830039525693;0,044356173452499176;3;6
2017-10-08;13;2017-10-08 13:00:00;28,03;26,65;1,3800000000000026;41616;9558;54350;12490;11621;8730;20351;22048;-869;-828;-1697;-0,0833865657707238;-0,07477841838051803;-0,09484536082474226;0,04923296468069934;3;6
2017-10-08;14;2017-10-08 14:00:00;26,26;24,45;1,8100000000000025;41616;9146;54350;12850;11848;8540;20388;21996;-1002;-606;-1608;-0,0788699234844026;-0,08457123565158677;-0,07096018735362998;0,06892612338156902;3;6
2017-10-08;15;2017-10-08 15:00:00;21,85;22,8;-0,9499999999999992;41616;7826;54350;12928;11660;7308;18968;20754;-1268;-518;-1786;-0,09415858287642345;-0,10874785591766724;-0,07088122605363985;-0,043478260869565175;3;6
2017-10-08;16;2017-10-08 16:00:00;27,44;27,78;-0,33999999999999986;41616;5413;54350;12453;11028;4868;15896;17866;-1425;-545;-1970;-0,1239305485656769;-0,1292165397170838;-0,1119556285949055;-0,012390670553935855;3;6
2017-10-08;17;2017-10-08 17:00:00;32,46;31,89;0,5700000000000003;41616;2251;54350;10499;10011;2008;12019;12750;-488;-243;-731;-0,06082036775106082;-0,04874637898311857;-0,12101593625498008;0,017560073937153427;3;6
2017-10-08;18;2017-10-08 18:00:00;40,05;43,48;-3,43;41616;188;54350;8848;9094;224;9318;9036;246;36;282;0,030264005151320026;0,027050802727072797;0,16071428571428573;-0,08564294631710363;3;6
2017-10-08;19;2017-10-08 19:00:00;47,97;49,21;-1,240000000000002;41616;0;54350;8339;8555;0;8555;8339;216;0;216;0,025248392752776155;0,025248392752776155;;-0,025849489264123452;3;6
2017-10-08;20;2017-10-08 20:00:00;43,92;46,12;-2,199999999999996;41616;0;54350;8006;8160;0;8160;8006;154;0;154;0,018872549019607842;0,018872549019607842;;-0,05009107468123853;3;6
2017-10-08;21;2017-10-08 21:00:00;40,94;40,36;0,5799999999999983;41616;0;54350;7658;7786;0;7786;7658;128;0;128;0,016439763678397123;0,016439763678397123;;0,014167073766487502;3;6
2017-10-08;22;2017-10-08 22:00:00;40,95;38,49;2,460000000000001;41616;0;54350;7122;7410;0;7410;7122;288;0;288;0,038866396761133605;0,038866396761133605;;0,06007326007326009;3;6
2017-10-08;23;2017-10-08 23:00:00;35,25;32,55;2,700000000000003;41616;0;54350;6631;7055;0;7055;6631;424;0;424;0,06009922041105599;0,06009922041105599;;0,07659574468085115;3;6
2017-10-09;0;2017-10-09 00:00:00;32,06;29,64;2,4200000000000017;41619;0;54353;6466;5270;0;5270;6466;-1196;0;-1196;-0,2269449715370019;-0,2269449715370019;;0,07548346849656898;3;0
2017-10-09;1;2017-10-09 01:00:00;30,64;28,31;2,3300000000000023;41619;0;54353;6564;5142;0;5142;6564;-1422;0;-1422;-0,2765460910151692;-0,2765460910151692;;0,07604438642297658;3;0
2017-10-09;2;2017-10-09 02:00:00;30,02;25,91;4,1099999999999985;41619;0;54353;6431;5196;0;5196;6431;-1235;0;-1235;-0,23768283294842185;-0,23768283294842185;;0,13690872751498995;3;0
2017-10-09;3;2017-10-09 03:00:00;30,09;26,28;3,809999999999999;41619;0;54353;6658;5318;0;5318;6658;-1340;0;-1340;-0,25197442647611884;-0,25197442647611884;;0,1266201395812562;3;0
2017-10-09;4;2017-10-09 04:00:00;30,01;28,77;1,240000000000002;41619;0;54353;6820;5455;0;5455;6820;-1365;0;-1365;-0,25022914757103576;-0,25022914757103576;;0,041319560146617855;3;0
2017-10-09;5;2017-10-09 05:00:00;32,0;31,22;0,7800000000000011;41619;0;54353;6824;5564;0;5564;6824;-1260;0;-1260;-0,22645578720345075;-0,22645578720345075;;0,024375000000000036;3;0
2017-10-09;6;2017-10-09 06:00:00;42,98;41,79;1,1899999999999975;41619;0;54353;6892;5580;0;5580;6892;-1312;0;-1312;-0,23512544802867383;-0,23512544802867383;;0,027687296416938054;3;0
2017-10-09;7;2017-10-09 07:00:00;51,48;52,64;-1,1600000000000037;41619;91;54353;7034;5469;102;5571;7125;-1565;11;-1554;-0,2789445341949381;-0,2861583470469921;0,10784313725490197;-0,022533022533022605;3;0
2017-10-09;8;2017-10-09 08:00:00;54,75;55,44;-0,6899999999999977;41619;1686;54353;6726;5121;1593;6714;8412;-1605;-93;-1698;-0,2529043789097408;-0,31341534856473346;-0,0583804143126177;-0,012602739726027356;3;0
2017-10-09;9;2017-10-09 09:00:00;51,14;47,05;4,090000000000003;41619;4762;54353;5604;4547;4352;8899;10366;-1057;-410;-1467;-0,1648499831441735;-0,23246096327248736;-0,09420955882352941;0,07997653500195548;3;0
2017-10-09;10;2017-10-09 10:00:00;51,14;44,37;6,770000000000002;41619;7895;54353;4742;4174;6945;11119;12637;-568;-950;-1518;-0,1365230686212789;-0,1360804983229516;-0,13678905687544995;0,13238169730152527;3;0
2017-10-09;11;2017-10-09 11:00:00;47,12;42,06;5,059999999999995;41619;10376;54353;5463;4446;8839;13285;15839;-1017;-1537;-2554;-0,19224689499435454;-0,22874493927125505;-0,17388844891956104;0,10738539898132418;3;0
2017-10-09;12;2017-10-09 12:00:00;41,21;35,34;5,869999999999997;41619;11399;54353;6813;5123;9737;14860;18212;-1690;-1662;-3352;-0,22557200538358008;-0,3298848331056022;-0,17068912396015198;0,1424411550594515;3;0
2017-10-09;13;2017-10-09 13:00:00;39,94;34,82;5,119999999999997;41619;10730;54353;7970;5822;9425;15247;18700;-2148;-1305;-3453;-0,2264707811372729;-0,368945379594641;-0,13846153846153847;0,1281922884326489;3;0
2017-10-09;14;2017-10-09 14:00:00;40,06;35,2;4,8599999999999985;41619;9262;54353;8062;6169;8269;14438;17324;-1893;-993;-2886;-0,1998891813270536;-0,30685686497001136;-0,12008707219736364;0,12131802296555162;3;0
2017-10-09;15;2017-10-09 15:00:00;41,41;37,74;3,6699999999999946;41619;6884;54353;7416;6058;6407;12465;14300;-1358;-477;-1835;-0,1472121941436021;-0,2241663915483658;-0,07444982050881847;0,08862593576430801;3;0
2017-10-09;16;2017-10-09 16:00:00;43,79;40,16;3,6300000000000026;41619;4035;54353;6547;5623;4006;9629;10582;-924;-29;-953;-0,0989718558521134;-0,1643250933665303;-0,007239141288067898;0,0828956382735785;3;0
2017-10-09;17;2017-10-09 17:00:00;50,52;47,47;3,0500000000000043;41619;1489;54353;5755;5233;1516;6749;7244;-522;27;-495;-0,07334419914061342;-0,09975157653353717;0,017810026385224276;0,06037212984956461;3;0
2017-10-09;18;2017-10-09 18:00:00;59,83;57,11;2,719999999999999;41619;102;54353;5592;5090;158;5248;5694;-502;56;-446;-0,08498475609756098;-0,09862475442043223;0,35443037974683544;0,045462142737756964;3;0
2017-10-09;19;2017-10-09 19:00:00;62,01;60,12;1,8900000000000008;41619;0;54353;6035;5191;0;5191;6035;-844;0;-844;-0,16258909651319592;-0,16258909651319592;;0,03047895500725691;3;0
2017-10-09;20;2017-10-09 20:00:00;46,36;47,5;-1,1400000000000006;41619;0;54353;6902;5390;0;5390;6902;-1512;0;-1512;-0,2805194805194805;-0,2805194805194805;;-0,024590163934426243;3;0
2017-10-09;21;2017-10-09 21:00:00;38,58;39,11;-0,5300000000000011;41619;0;54353;7568;5680;0;5680;7568;-1888;0;-1888;-0,3323943661971831;-0,3323943661971831;;-0,013737687921202725;3;0
2017-10-09;22;2017-10-09 22:00:00;37,22;36,97;0,25;41619;0;54353;8205;6018;0;6018;8205;-2187;0;-2187;-0,3634097706879362;-0,3634097706879362;;0,0067168189145620635;3;0
2017-10-09;23;2017-10-09 23:00:00;32,93;31,77;1,16;41619;0;54353;8244;6345;0;6345;8244;-1899;0;-1899;-0,29929078014184396;-0,29929078014184396;;0,035226237473428484;3;0
2017-10-10;0;2017-10-10 00:00:00;30,22;32,19;-1,9699999999999989;41624;0;54353;8251;7600;0;7600;8251;-651;0;-651;-0,0856578947368421;-0,0856578947368421;;-0,06518861681005952;3;1
2017-10-10;1;2017-10-10 01:00:00;29,96;31,63;-1,6699999999999982;41624;0;54353;8224;7871;0;7871;8224;-353;0;-353;-0,044848176851734214;-0,044848176851734214;;-0,05574098798397858;3;1
2017-10-10;2;2017-10-10 02:00:00;30,19;32,69;-2,4999999999999964;41624;0;54353;8089;8221;0;8221;8089;132;0;132;0,016056440822284395;0,016056440822284395;;-0,08280887711162624;3;1
2017-10-10;3;2017-10-10 03:00:00;30,0;32,31;-2,3100000000000023;41624;0;54353;7664;8443;0;8443;7664;779;0;779;0,09226578230486794;0,09226578230486794;;-0,07700000000000008;3;1
2017-10-10;4;2017-10-10 04:00:00;30,74;32,05;-1,3099999999999987;41624;0;54353;7840;8702;0;8702;7840;862;0;862;0,09905768788784187;0,09905768788784187;;-0,04261548471047491;3;1
2017-10-10;5;2017-10-10 05:00:00;31,79;33,08;-1,2899999999999991;41624;0;54353;7779;8792;0;8792;7779;1013;0;1013;0,11521838034576888;0,11521838034576888;;-0,040578798364265464;3;1
2017-10-10;6;2017-10-10 06:00:00;37,78;42,82;-5,039999999999999;41624;0;54353;7993;8830;0;8830;7993;837;0;837;0,09479048697621745;0,09479048697621745;;-0,13340391741662253;3;1
2017-10-10;7;2017-10-10 07:00:00;48,85;56,98;-8,129999999999995;41624;23;54353;7966;9058;42;9100;7989;1092;19;1111;0,12208791208791209;0,1205564142194745;0,4523809523809524;-0,16642784032753316;3;1
2017-10-10;8;2017-10-10 08:00:00;56,94;66,27;-9,329999999999998;41624;680;54353;8183;9701;700;10401;8863;1518;20;1538;0,14787039707720412;0,15647871353468715;0,02857142857142857;-0,1638566912539515;3;1
2017-10-10;9;2017-10-10 09:00:00;55,61;70,79;-15,180000000000007;41624;2330;54353;8755;10862;2213;13075;11085;2107;-117;1990;0,15219885277246653;0,1939790093905358;-0,05286940804338003;-0,2729724869627766;3;1
2017-10-10;10;2017-10-10 10:00:00;43,07;59,76;-16,689999999999998;41624;4182;54353;9832;12284;3780;16064;14014;2452;-402;2050;0,12761454183266932;0,19960924780201889;-0,10634920634920635;-0,38750870675644294;3;1
2017-10-10;11;2017-10-10 11:00:00;42,36;49,32;-6,960000000000001;41624;5502;54353;11198;13973;4973;18946;16700;2775;-529;2246;0,11854745064921356;0,1985972947827954;-0,10637442187814197;-0,1643059490084986;3;1
2017-10-10;12;2017-10-10 12:00:00;40,0;44,43;-4,43;41624;6406;54353;13254;15729;5553;21282;19660;2475;-853;1622;0,07621464148106381;0,1573526606904444;-0,15361066090401584;-0,11074999999999999;3;1
2017-10-10;13;2017-10-10 13:00:00;38,3;41,56;-3,2600000000000047;41624;6462;54353;14684;17171;5328;22499;21146;2487;-1134;1353;0,0601360060447131;0,14483722555471434;-0,21283783783783783;-0,08511749347258499;3;1
2017-10-10;14;2017-10-10 14:00:00;37,24;40,04;-2,799999999999997;41624;4958;54353;14997;18062;4566;22628;19955;3065;-392;2673;0,1181279830298745;0,169693278706677;-0,08585194918966273;-0,07518796992481196;3;1
2017-10-10;15;2017-10-10 15:00:00;35,89;50,78;-14,89;41624;3352;54353;15378;18133;3390;21523;18730;2755;38;2793;0,12976815499697997;0,15193293994374896;0,011209439528023599;-0,4148787963220953;3;1
2017-10-10;16;2017-10-10 16:00:00;35,37;43,99;-8,620000000000005;41624;1912;54353;16206;18051;1988;20039;18118;1845;76;1921;0,09586306701931234;0,10221040385574207;0,03822937625754527;-0,24370935821317516;3;1
2017-10-10;17;2017-10-10 17:00:00;36,82;42,56;-5,740000000000002;41624;763;54353;16470;17958;728;18686;17233;1488;-35;1453;0,07775874986621;0,0828600066822586;-0,04807692307692308;-0,15589353612167306;3;1
2017-10-10;18;2017-10-10 18:00:00;39,9;48,6;-8,700000000000003;41624;64;54353;17475;17893;82;17975;17539;418;18;436;0,024255910987482615;0,023361090929413738;0,21951219512195122;-0,21804511278195496;3;1
2017-10-10;19;2017-10-10 19:00:00;42,92;45,63;-2,7100000000000013;41624;0;54353;18323;18160;0;18160;18323;-163;0;-163;-0,008975770925110132;-0,008975770925110132;;-0,06314072693383041;3;1
2017-10-10;20;2017-10-10 20:00:00;35,46;37,81;-2,3500000000000014;41624;0;54353;19501;18492;0;18492;19501;-1009;0;-1009;-0,0545641358425265;-0,0545641358425265;;-0,06627185561195717;3;1
2017-10-10;21;2017-10-10 21:00:00;33,03;33,75;-0,7199999999999989;41624;0;54353;20502;18693;0;18693;20502;-1809;0;-1809;-0,0967741935483871;-0,0967741935483871;;-0,02179836512261577;3;1
2017-10-10;22;2017-10-10 22:00:00;30,51;28,6;1,91;41624;0;54353;20312;18526;0;18526;20312;-1786;0;-1786;-0,09640505235884703;-0,09640505235884703;;0,06260242543428383;3;1
2017-10-10;23;2017-10-10 23:00:00;22,76;23,21;-0,4499999999999993;41624;0;54353;20370;18118;0;18118;20370;-2252;0;-2252;-0,12429627994259852;-0,12429627994259852;;-0,0197715289982425;3;1
2017-10-11;0;2017-10-11 00:00:00;22,04;16,32;5,719999999999999;41627;0;54358;19706;17596;0;17596;19706;-2110;0;-2110;-0,11991361673107524;-0,11991361673107524;;0,2595281306715063;3;2
2017-10-11;1;2017-10-11 01:00:00;21,31;14,9;6,4099999999999975;41627;0;54358;19009;16665;0;16665;19009;-2344;0;-2344;-0,14065406540654066;-0,14065406540654066;;0,3007977475363678;3;2
2017-10-11;2;2017-10-11 02:00:00;22,79;17,26;5,529999999999998;41627;0;54358;19055;16195;0;16195;19055;-2860;0;-2860;-0,17659771534424204;-0,17659771534424204;;0,24265028521281254;3;2
2017-10-11;3;2017-10-11 03:00:00;23,09;16,1;6,9899999999999975;41627;0;54358;19071;16047;0;16047;19071;-3024;0;-3024;-0,18844643858665172;-0,18844643858665172;;0,3027284538761367;3;2
2017-10-11;4;2017-10-11 04:00:00;27,05;19,06;7,990000000000002;41627;0;54358;19620;16108;0;16108;19620;-3512;0;-3512;-0,21802830891482494;-0,21802830891482494;;0,29537892791127546;3;2
2017-10-11;5;2017-10-11 05:00:00;29,83;19,82;10,009999999999998;41627;0;54358;20218;16451;0;16451;20218;-3767;0;-3767;-0,22898304054464774;-0,22898304054464774;;0,33556821991283936;3;2
2017-10-11;6;2017-10-11 06:00:00;38,93;27,5;11,43;41627;0;54358;21137;17128;0;17128;21137;-4009;0;-4009;-0,23406118636151332;-0,23406118636151332;;0,29360390444387363;3;2
2017-10-11;7;2017-10-11 07:00:00;47,0;31,88;15,12;41627;45;54358;20949;18056;50;18106;20994;-2893;5;-2888;-0,15950513641886668;-0,16022374833850245;0,1;0,32170212765957445;3;2
2017-10-11;8;2017-10-11 08:00:00;49,93;41,29;8,64;41627;1165;54358;21346;18892;1019;19911;22511;-2454;-146;-2600;-0,1305810858319522;-0,12989625238196062;-0,14327772325809618;0,17304225916282798;3;2
2017-10-11;9;2017-10-11 09:00:00;43,81;36,2;7,6099999999999985;41627;3785;54358;21596;19606;3301;22907;25381;-1990;-484;-2474;-0,10800192081023267;-0,10149954095684995;-0,1466222356861557;0,17370463364528643;3;2
2017-10-11;10;2017-10-11 10:00:00;41,0;33,97;7,030000000000001;41627;6643;54358;22370;20603;5786;26389;29013;-1767;-857;-2624;-0,09943537079843874;-0,08576420909576275;-0,14811614241272036;0,17146341463414638;3;2
2017-10-11;11;2017-10-11 11:00:00;38,91;32,35;6,559999999999995;41627;9237;54358;23232;21649;7869;29518;32469;-1583;-1368;-2951;-0,09997289789281116;-0,07312116033073121;-0,173846740373618;0,1685941917244923;3;2
2017-10-11;12;2017-10-11 12:00:00;31,89;26,63;5,260000000000002;41627;10172;54358;23928;22374;9089;31463;34100;-1554;-1083;-2637;-0,08381273241585355;-0,0694556181281845;-0,11915502255473649;0,16494198808403893;3;2
2017-10-11;13;2017-10-11 13:00:00;31,81;27,15;4,66;41627;9519;54358;24333;22657;9193;31850;33852;-1676;-326;-2002;-0,06285714285714286;-0,07397272366156155;-0,03546176438594583;0,14649481295190192;3;2
2017-10-11;14;2017-10-11 14:00:00;30,54;29,44;1,099999999999998;41627;8452;54358;23314;22491;8432;30923;31766;-823;-20;-843;-0,027261261843934934;-0,03659241474367525;-0,0023719165085388993;0,03601833660772751;3;2
2017-10-11;15;2017-10-11 15:00:00;31,7;33,11;-1,41;41627;7114;54358;21905;21743;6861;28604;29019;-162;-253;-415;-0,014508460355195077;-0,007450673780067148;-0,036875091094592624;-0,0444794952681388;3;2
2017-10-11;16;2017-10-11 16:00:00;36,35;38,42;-2,0700000000000003;41627;4811;54358;21461;20725;4483;25208;26272;-736;-328;-1064;-0,04220882259600127;-0,03551266586248492;-0,07316529109971001;-0,05694635488308116;3;2
2017-10-11;17;2017-10-11 17:00:00;41,18;41,69;-0,509999999999998;41627;1954;54358;20930;19987;1741;21728;22884;-943;-213;-1156;-0,05320324005891016;-0,047180667433831994;-0,12234348075818495;-0,012384652744050461;3;2
2017-10-11;18;2017-10-11 18:00:00;42,98;43,65;-0,6700000000000017;41627;140;54358;21030;19724;163;19887;21170;-1306;23;-1283;-0,06451450696434857;-0,06621374974650172;0,1411042944785276;-0,015588645881805531;3;2
2017-10-11;19;2017-10-11 19:00:00;46,49;46,75;-0,259999999999998;41627;0;54358;21176;19955;0;19955;21176;-1221;0;-1221;-0,06118767226259083;-0,06118767226259083;;-0,005592600559260013;3;2
2017-10-11;20;2017-10-11 20:00:00;39,9;38,51;1,3900000000000006;41627;0;54358;21685;20492;0;20492;21685;-1193;0;-1193;-0,058217841108725354;-0,058217841108725354;;0,03483709273182959;3;2
2017-10-11;21;2017-10-11 21:00:00;31,93;29,46;2,4699999999999993;41627;0;54358;22246;21327;0;21327;22246;-919;0;-919;-0,0430909176161673;-0,0430909176161673;;0,07735671782023174;3;2
2017-10-11;22;2017-10-11 22:00:00;29,58;27,44;2,1399999999999966;41627;0;54358;21736;22178;0;22178;21736;442;0;442;0,01992966002344666;0,01992966002344666;;0,07234617985125073;3;2
2017-10-11;23;2017-10-11 23:00:00;22,09;25,47;-3,379999999999999;41627;0;54358;22337;22932;0;22932;22337;595;0;595;0,025946275946275948;0,025946275946275948;;-0,15301041195110907;3;2
2017-10-12;0;2017-10-12 00:00:00;13,32;23,42;-10,1;41640;0;54361;22958;23469;0;23469;22958;511;0;511;0,021773403212748732;0,021773403212748732;;-0,7582582582582582;3;3
2017-10-12;1;2017-10-12 01:00:00;12,66;21,26;-8,600000000000001;41640;0;54361;23983;24043;0;24043;23983;60;0;60;0,002495528844154224;0,002495528844154224;;-0,679304897314376;3;3
2017-10-12;2;2017-10-12 02:00:00;12,67;17,87;-5,200000000000001;41640;0;54361;25458;25140;0;25140;25458;-318;0;-318;-0,012649164677804296;-0,012649164677804296;;-0,41041831097079723;3;3
2017-10-12;3;2017-10-12 03:00:00;9,7;13,11;-3,41;41640;0;54361;27051;26180;0;26180;27051;-871;0;-871;-0,033269671504965626;-0,033269671504965626;;-0,35154639175257735;3;3
2017-10-12;4;2017-10-12 04:00:00;10,28;9,09;1,1899999999999995;41640;0;54361;27515;27144;0;27144;27515;-371;0;-371;-0,013667845564397289;-0,013667845564397289;;0,11575875486381319;3;3
2017-10-12;5;2017-10-12 05:00:00;11,17;11,74;-0,5700000000000003;41640;0;54361;27952;27756;0;27756;27952;-196;0;-196;-0,007061536244415622;-0,007061536244415622;;-0,05102954341987469;3;3
2017-10-12;6;2017-10-12 06:00:00;28,04;24,54;3,5;41640;0;54361;29482;28009;0;28009;29482;-1473;0;-1473;-0,05259023885179764;-0,05259023885179764;;0,12482168330955778;3;3
2017-10-12;7;2017-10-12 07:00:00;38,09;32,24;5,850000000000001;41640;50;54361;30250;28380;66;28446;30300;-1870;16;-1854;-0,06517612318076355;-0,06589147286821706;0,24242424242424243;0,1535836177474403;3;3
2017-10-12;8;2017-10-12 08:00:00;36,99;30,65;6,3400000000000025;41640;1603;54361;29466;28839;1548;30387;31069;-627;-55;-682;-0,022443808207457137;-0,021741391865182567;-0,0355297157622739;0,17139767504731016;3;3
2017-10-12;9;2017-10-12 09:00:00;30,54;24,99;5,550000000000002;41640;5073;54361;29148;29252;4842;34094;34221;104;-231;-127;-0,0037249956003988973;0,003555312457267879;-0,04770755885997522;0,18172888015717098;3;3
2017-10-12;10;2017-10-12 10:00:00;21,49;14,73;6,759999999999998;41640;8460;54361;30056;29808;8166;37974;38516;-248;-294;-542;-0,014272923579291094;-0,008319914117015567;-0,03600293901542983;0,31456491391344804;3;3
2017-10-12;11;2017-10-12 11:00:00;17,52;13,63;3,889999999999999;41640;10907;54361;30901;30645;10776;41421;41808;-256;-131;-387;-0,009343086840008692;-0,008353728177516723;-0,012156644394951744;0,22203196347031956;3;3
2017-10-12;12;2017-10-12 12:00:00;12,78;11,19;1,59;41640;11653;54361;31530;31261;12168;43429;43183;-269;515;246;0,005664417785350802;-0,008604971050190332;0,042324128862590404;0,12441314553990612;3;3
2017-10-12;13;2017-10-12 13:00:00;13,54;14,17;-0,6300000000000008;41640;11778;54361;31691;31465;11910;43375;43469;-226;132;-94;-0,0021671469740634007;-0,007182583823295725;0,011083123425692695;-0,04652880354505176;3;3
2017-10-12;14;2017-10-12 14:00:00;15,12;16,99;-1,8699999999999992;41640;11110;54361;30622;31177;10508;41685;41732;555;-602;-47;-0,0011275038982847547;0,01780158450139526;-0,05728968405024743;-0,12367724867724864;3;3
2017-10-12;15;2017-10-12 15:00:00;21,62;23,61;-1,9899999999999984;41640;9186;54361;29622;30083;8282;38365;38808;461;-904;-443;-0,01154698292714714;0,015324269520991923;-0,1091523786524994;-0,09204440333024969;3;3
2017-10-12;16;2017-10-12 16:00:00;26,04;27,28;-1,240000000000002;41640;6054;54361;27503;28329;5271;33600;33557;826;-783;43;0,0012797619047619049;0,02915740054361255;-0,1485486624928856;-0,0476190476190477;3;3
2017-10-12;17;2017-10-12 17:00:00;34,93;36,85;-1,9200000000000017;41640;2452;54361;23987;26161;1923;28084;26439;2174;-529;1645;0,05857427716849452;0,08310079889912465;-0,2750910036401456;-0,05496707701116524;3;3
2017-10-12;18;2017-10-12 18:00:00;42,05;45,05;-3,0;41640;161;54361;21498;23623;155;23778;21659;2125;-6;2119;0,08911598957019093;0,0899547051602252;-0,03870967741935484;-0,07134363852556481;3;3
2017-10-12;19;2017-10-12 19:00:00;46,32;50,59;-4,270000000000003;41640;0;54361;20380;21552;0;21552;20380;1172;0;1172;0,05438010393466964;0,05438010393466964;;-0,09218480138169265;3;3
2017-10-12;20;2017-10-12 20:00:00;40,98;44,55;-3,5700000000000003;41640;0;54361;20763;19880;0;19880;20763;-883;0;-883;-0,044416498993963785;-0,044416498993963785;;-0,08711566617862374;3;3
2017-10-12;21;2017-10-12 21:00:00;42,94;41,33;1,6099999999999994;41640;0;54361;20387;18476;0;18476;20387;-1911;0;-1911;-0,10343147867503788;-0,10343147867503788;;0,0374941779226828;3;3
2017-10-12;22;2017-10-12 22:00:00;38,96;34,36;4,600000000000001;41640;0;54361;19083;17062;0;17062;19083;-2021;0;-2021;-0,11845035751963427;-0,11845035751963427;;0,1180698151950719;3;3
2017-10-12;23;2017-10-12 23:00:00;31,37;25,83;5,540000000000003;41640;0;54361;18333;15796;0;15796;18333;-2537;0;-2537;-0,1606102810838187;-0,1606102810838187;;0,17660184890022324;3;3
2017-10-13;0;2017-10-13 00:00:00;30,53;27,66;2,870000000000001;41652;0;54368;17520;15477;0;15477;17520;-2043;0;-2043;-0,1320023260321768;-0,1320023260321768;;0,09400589584015726;3;4
2017-10-13;1;2017-10-13 01:00:00;29,38;27,27;2,1099999999999994;41652;0;54368;16736;14704;0;14704;16736;-2032;0;-2032;-0,1381936887921654;-0,1381936887921654;;0,07181756296800543;3;4
2017-10-13;2;2017-10-13 02:00:00;28,34;28,24;0,10000000000000142;41652;0;54368;16051;14033;0;14033;16051;-2018;0;-2018;-0,14380389082876077;-0,14380389082876077;;0,0035285815102329364;3;4
2017-10-13;3;2017-10-13 03:00:00;28,46;27,95;0,5100000000000016;41652;0;54368;14766;13230;0;13230;14766;-1536;0;-1536;-0,11609977324263039;-0,11609977324263039;;0,017919887561489864;3;4
2017-10-13;4;2017-10-13 04:00:00;29,03;28,37;0,6600000000000001;41652;0;54368;13995;12602;0;12602;13995;-1393;0;-1393;-0,11053800983970798;-0,11053800983970798;;0,022735101619014816;3;4
2017-10-13;5;2017-10-13 05:00:00;31,47;31,79;-0,3200000000000003;41652;0;54368;13621;12110;0;12110;13621;-1511;0;-1511;-0,12477291494632535;-0,12477291494632535;;-0,010168414362885297;3;4
2017-10-13;6;2017-10-13 06:00:00;43,08;44,34;-1,2600000000000051;41652;0;54368;12914;11602;0;11602;12914;-1312;0;-1312;-0,11308395104292364;-0,11308395104292364;;-0,02924791086350987;3;4
2017-10-13;7;2017-10-13 07:00:00;59,93;59,1;0,8299999999999983;41652;57;54368;12195;11039;56;11095;12252;-1156;-1;-1157;-0,1042812077512393;-0,10471963040130447;-0,017857142857142856;0,013849491072918376;3;4
2017-10-13;8;2017-10-13 08:00:00;64,82;63,25;1,5699999999999932;41652;1802;54368;11748;10355;1630;11985;13550;-1393;-172;-1565;-0,13057989153108052;-0,13452438435538389;-0,10552147239263804;0,024220919469299496;3;4
2017-10-13;9;2017-10-13 09:00:00;50,81;50,07;0,7400000000000021;41652;5410;54368;10584;9552;5213;14765;15994;-1032;-197;-1229;-0,08323738570944803;-0,10804020100502512;-0,03779014003452906;0,014564062192481835;3;4
2017-10-13;10;2017-10-13 10:00:00;46,46;45,37;1,0900000000000034;41652;9598;54368;9477;8996;8854;17850;19075;-481;-744;-1225;-0,06862745098039216;-0,05346820809248555;-0,08402981703185002;0,02346104175634962;3;4
2017-10-13;11;2017-10-13 11:00:00;44,4;44,29;0,10999999999999943;41652;13201;54368;9500;9226;11699;20925;22701;-274;-1502;-1776;-0,08487455197132616;-0,02969867765011923;-0,12838704162748954;0,0024774774774774647;3;4
2017-10-13;12;2017-10-13 12:00:00;38,03;37,77;0,259999999999998;41652;15035;54368;10689;10116;13272;23388;25724;-573;-1763;-2336;-0,09988028048571918;-0,0566429418742586;-0,13283604581072936;0,006836707862213989;3;4
2017-10-13;13;2017-10-13 13:00:00;33,49;33,19;0,30000000000000426;41652;14552;54368;11923;11048;13369;24417;26475;-875;-1183;-2058;-0,08428553876397592;-0,07919985517740767;-0,08848829381404742;0,008957897879964295;3;4
2017-10-13;14;2017-10-13 14:00:00;31,29;34,37;-3,0799999999999983;41652;12938;54368;12436;11555;12145;23700;25374;-881;-793;-1674;-0,07063291139240506;-0,0762440501947209;-0,0652943598188555;-0,09843400447427288;3;4
2017-10-13;15;2017-10-13 15:00:00;34,72;37,89;-3,1700000000000017;41652;10128;54368;12115;11362;9670;21032;22243;-753;-458;-1211;-0,05757892734880182;-0,0662735433902482;-0,04736297828335057;-0,0913018433179724;3;4
2017-10-13;16;2017-10-13 16:00:00;36,99;40,72;-3,729999999999997;41652;6338;54368;10873;10851;6113;16964;17211;-22;-225;-247;-0,01456024522518274;-0,0020274629066445488;-0,036806805169311306;-0,10083806434171388;3;4
2017-10-13;17;2017-10-13 17:00:00;46,45;50,14;-3,6899999999999977;41652;2346;54368;10028;10483;2221;12704;12374;455;-125;330;0,025976070528967256;0,04340360583802347;-0,05628095452498874;-0,0794402583423035;3;4
2017-10-13;18;2017-10-13 18:00:00;55,9;65,46;-9,559999999999997;41652;120;54368;10552;10654;174;10828;10672;102;54;156;0,014407092722571112;0,009573868969401165;0,3103448275862069;-0,17101967799642212;3;4
2017-10-13;19;2017-10-13 19:00:00;49,9;65,3;-15,4;41652;0;54368;11370;11240;0;11240;11370;-130;0;-130;-0,011565836298932384;-0,011565836298932384;;-0,3086172344689379;3;4
2017-10-13;20;2017-10-13 20:00:00;39,27;45,16;-5,8899999999999935;41652;0;54368;12521;11949;0;11949;12521;-572;0;-572;-0,04787011465394594;-0,04787011465394594;;-0,14998726763432627;3;4
2017-10-13;21;2017-10-13 21:00:00;35,21;41,06;-5,850000000000001;41652;0;54368;13378;12741;0;12741;13378;-637;0;-637;-0,04999607566125108;-0,04999607566125108;;-0,16614598125532523;3;4
2017-10-13;22;2017-10-13 22:00:00;31,66;38,5;-6,84;41652;0;54368;13787;13508;0;13508;13787;-279;0;-279;-0,020654427006218536;-0,020654427006218536;;-0,2160454832596336;3;4
2017-10-13;23;2017-10-13 23:00:00;29,63;38,35;-8,720000000000002;41652;0;54368;14311;14090;0;14090;14311;-221;0;-221;-0,015684882895670688;-0,015684882895670688;;-0,2942963212959839;3;4
2017-10-14;0;2017-10-14 00:00:00;28,0;32,17;-4,170000000000002;41653;0;54371;14498;13998;0;13998;14498;-500;0;-500;-0,03571938848406915;-0,03571938848406915;;-0,1489285714285715;3;5
2017-10-14;1;2017-10-14 01:00:00;26,99;31,67;-4,680000000000003;41653;0;54371;14384;14164;0;14164;14384;-220;0;-220;-0,015532335498446766;-0,015532335498446766;;-0,17339755464987044;3;5
2017-10-14;2;2017-10-14 02:00:00;27,41;31,69;-4,280000000000001;41653;0;54371;14592;14377;0;14377;14592;-215;0;-215;-0,014954441121235307;-0,014954441121235307;;-0,15614739146296977;3;5
2017-10-14;3;2017-10-14 03:00:00;26,4;31,11;-4,710000000000001;41653;0;54371;14617;14391;0;14391;14617;-226;0;-226;-0,01570425960669863;-0,01570425960669863;;-0,17840909090909096;3;5
2017-10-14;4;2017-10-14 04:00:00;26,17;31,28;-5,1099999999999985;41653;0;54371;14314;14389;0;14389;14314;75;0;75;0,00521231496281882;0,00521231496281882;;-0,19526175009552915;3;5
2017-10-14;5;2017-10-14 05:00:00;26,1;31,35;-5,25;41653;0;54371;14392;14377;0;14377;14392;-15;0;-15;-0,001043333101481533;-0,001043333101481533;;-0,2011494252873563;3;5
2017-10-14;6;2017-10-14 06:00:00;28,0;33,74;-5,740000000000002;41653;0;54371;14804;14369;0;14369;14804;-435;0;-435;-0,030273505463149837;-0,030273505463149837;;-0,20500000000000007;3;5
2017-10-14;7;2017-10-14 07:00:00;33,99;43,65;-9,659999999999997;41653;43;54371;14876;14315;59;14374;14919;-561;16;-545;-0,037915681090858494;-0,03918966119455117;0,2711864406779661;-0,28420123565754624;3;5
2017-10-14;8;2017-10-14 08:00:00;39,42;46,25;-6,829999999999997;41653;1843;54371;14741;14139;1946;16085;16584;-602;103;-499;-0,031022691949020825;-0,04257726854798784;0,052929085303186026;-0,17326230339928964;3;5
2017-10-14;9;2017-10-14 09:00:00;35,95;41,16;-5,209999999999994;41653;6083;54371;14249;13831;6244;20075;20332;-418;161;-257;-0,012801992528019925;-0,03022196515074832;0,0257847533632287;-0,14492350486787187;3;5
2017-10-14;10;2017-10-14 10:00:00;28,04;31,01;-2,9700000000000024;41653;11075;54371;13563;13631;10659;24290;24638;68;-416;-348;-0,01432688349114862;0,004988628860685203;-0,03902805141195234;-0,10592011412268197;3;5
2017-10-14;11;2017-10-14 11:00:00;22,86;26,59;-3,73;41653;15324;54371;13669;13652;14096;27748;28993;-17;-1228;-1245;-0,044868098601701024;-0,0012452387928508642;-0,08711691259931896;-0,163167104111986;3;5
2017-10-14;12;2017-10-14 12:00:00;26,07;23,29;2,780000000000001;41653;17609;54371;13902;13694;15933;29627;31511;-208;-1676;-1884;-0,06359064366962568;-0,015189133927267416;-0,10519048515659324;0,10663598005370162;3;5
2017-10-14;13;2017-10-14 13:00:00;12,67;9,92;2,75;41653;17874;54371;13708;13569;16120;29689;31582;-139;-1754;-1893;-0,06376098891845465;-0,010243938388974869;-0,10880893300248139;0,2170481452249408;3;5
2017-10-14;14;2017-10-14 14:00:00;13,31;12,05;1,2599999999999998;41653;16373;54371;13160;13077;14736;27813;29533;-83;-1637;-1720;-0,06184158487038435;-0,006347021488108893;-0,11108849077090119;0,09466566491359878;3;5
2017-10-14;15;2017-10-14 15:00:00;26,42;24,33;2,0900000000000034;41653;13136;54371;12397;12068;11887;23955;25533;-329;-1249;-1578;-0,06587351283656856;-0,027262180974477957;-0,10507276857070749;0,07910673732021209;3;5
2017-10-14;16;2017-10-14 16:00:00;31,44;33,25;-1,8099999999999987;41653;8280;54371;10877;10928;7613;18541;19157;51;-667;-616;-0,033223666468906746;0,0046669106881405565;-0,08761329305135952;-0,05756997455470734;3;5
2017-10-14;17;2017-10-14 17:00:00;40,02;44,58;-4,559999999999995;41653;2869;54371;9936;10002;2802;12804;12805;66;-67;-1;-7,810059356451109e-05;0,0065986802639472104;-0,023911491791577446;-0,11394302848575699;3;5
2017-10-14;18;2017-10-14 18:00:00;49,71;57,78;-8,07;41653;124;54371;9838;9528;202;9730;9962;-310;78;-232;-0,023843782117163412;-0,032535684298908484;0,38613861386138615;-0,1623415811707906;3;5
2017-10-14;19;2017-10-14 19:00:00;52,51;63,39;-10,880000000000004;41653;0;54371;10379;9421;0;9421;10379;-958;0;-958;-0,10168771892580405;-0,10168771892580405;;-0,2071986288326034;3;5
2017-10-14;20;2017-10-14 20:00:00;43,97;47,3;-3,3299999999999983;41653;0;54371;10645;9428;0;9428;10645;-1217;0;-1217;-0,1290835808230802;-0,1290835808230802;;-0,07573345462815552;3;5
2017-10-14;21;2017-10-14 21:00:00;40,03;43,95;-3,9200000000000017;41653;0;54371;10370;9220;0;9220;10370;-1150;0;-1150;-0,12472885032537961;-0,12472885032537961;;-0,09792655508368728;3;5
2017-10-14;22;2017-10-14 22:00:00;39,07;42,48;-3,4099999999999966;41653;0;54371;9486;8803;0;8803;9486;-683;0;-683;-0,07758718618652732;-0,07758718618652732;;-0,0872792423854619;3;5
2017-10-14;23;2017-10-14 23:00:00;31,43;34,37;-2,9399999999999977;41653;0;54371;8902;8264;0;8264;8902;-638;0;-638;-0,07720232333010649;-0,07720232333010649;;-0,09354120267260572;3;5
2017-10-15;0;2017-10-15 00:00:00;34,26;33,67;0,5899999999999963;41654;0;54371;8197;7135;0;7135;8197;-1062;0;-1062;-0,148843728100911;-0,148843728100911;;0,01722124927028594;3;6
2017-10-15;1;2017-10-15 01:00:00;31,56;29,78;1,7799999999999976;41654;0;54371;7868;6677;0;6677;7868;-1191;0;-1191;-0,1783735210423843;-0,1783735210423843;;0,0564005069708491;3;6
2017-10-15;2;2017-10-15 02:00:00;30,41;28,89;1,5199999999999996;41654;0;54371;7374;6378;0;6378;7374;-996;0;-996;-0,1561618062088429;-0,1561618062088429;;0,04998355804011837;3;6
2017-10-15;3;2017-10-15 03:00:00;29,27;29,05;0,21999999999999886;41654;0;54371;6834;6012;0;6012;6834;-822;0;-822;-0,13672654690618763;-0,13672654690618763;;0,00751622822002046;3;6
2017-10-15;4;2017-10-15 04:00:00;29,04;26,58;2,460000000000001;41654;0;54371;6491;5750;0;5750;6491;-741;0;-741;-0,1288695652173913;-0,1288695652173913;;0,08471074380165293;3;6
2017-10-15;5;2017-10-15 05:00:00;28,91;27,74;1,1700000000000017;41654;0;54371;5804;5657;0;5657;5804;-147;0;-147;-0,02598550468446173;-0,02598550468446173;;0,04047042545831898;3;6
2017-10-15;6;2017-10-15 06:00:00;31,18;28,85;2,3299999999999983;41654;0;54371;5475;5768;0;5768;5475;293;0;293;0,05079750346740638;0,05079750346740638;;0,07472738935214876;3;6
2017-10-15;7;2017-10-15 07:00:00;35,9;33,43;2,4699999999999993;41654;47;54371;5593;5924;59;5983;5640;331;12;343;0,057329099114156776;0,05587440918298447;0,2033898305084746;0,06880222841225625;3;6
2017-10-15;8;2017-10-15 08:00:00;34,22;36,07;-1,8500000000000012;41654;2148;54371;5854;5977;2253;8230;8002;123;105;228;0,027703523693803158;0,0205788857286264;0,04660452729693742;-0,05406195207481009;3;6
2017-10-15;9;2017-10-15 09:00:00;33,24;32,09;1,1499999999999986;41654;7123;54371;6160;5800;7380;13180;13283;-360;257;-103;-0,007814871016691958;-0,06206896551724138;0,034823848238482384;0,03459687123947047;3;6
2017-10-15;10;2017-10-15 10:00:00;31,58;32,52;-0,9400000000000048;41654;12812;54371;5819;5471;12634;18105;18631;-348;-178;-526;-0,029052747859707264;-0,0636081155181868;-0,014088966281462719;-0,02976567447751757;3;6
2017-10-15;11;2017-10-15 11:00:00;30,97;29,63;1,34;41654;16969;54371;5270;5312;16704;22016;22239;42;-265;-223;-0,010128997093023256;0,007906626506024096;-0,015864463601532566;0,04326767839845012;3;6
2017-10-15;12;2017-10-15 12:00:00;22,77;23,53;-0,7600000000000016;41654;19424;54371;4936;5613;18956;24569;24360;677;-468;209;0,008506654727502137;0,120612862996615;-0,024688752901456005;-0,03337725076855519;3;6
2017-10-15;13;2017-10-15 13:00:00;17,07;20,29;-3,219999999999999;41654;19902;54371;5374;6040;19308;25348;25276;666;-594;72;0,0028404607858608173;0,11026490066225166;-0,030764449968924797;-0,18863503222026942;3;6
2017-10-15;14;2017-10-15 14:00:00;22,44;25,49;-3,049999999999997;41654;18407;54371;5742;6447;17780;24227;24149;705;-627;78;0,0032195484376934826;0,1093531875290833;-0,03526434195725534;-0,13591800356506226;3;6
2017-10-15;15;2017-10-15 15:00:00;26,63;26,99;-0,35999999999999943;41654;14700;54371;6168;6642;14421;21063;20868;474;-279;195;0,009257940464321322;0,07136404697380307;-0,019346785937174954;-0,013518588058580527;3;6
2017-10-15;16;2017-10-15 16:00:00;28,03;29,79;-1,759999999999998;41654;9096;54371;6369;6943;9260;16203;15465;574;164;738;0,04554712090353638;0,08267319602477315;0,017710583153347732;-0,06278986799857289;3;6
2017-10-15;17;2017-10-15 17:00:00;39,38;39,4;-0,019999999999996017;41654;2982;54371;7111;7704;3352;11056;10093;593;370;963;0,08710202604920406;0,0769730010384216;0,110381861575179;-0,0005078720162518033;3;6
2017-10-15;18;2017-10-15 18:00:00;45,05;47,85;-2,8000000000000043;41654;105;54371;10387;9811;213;10024;10492;-576;108;-468;-0,04668794892258579;-0,0587096116603812;0,5070422535211268;-0,062153163152053374;3;6
2017-10-15;19;2017-10-15 19:00:00;45,04;45,17;-0,13000000000000256;41654;0;54371;14193;12427;0;12427;14193;-1766;0;-1766;-0,14210992194415387;-0,14210992194415387;;-0,002886323268206096;3;6
2017-10-15;20;2017-10-15 20:00:00;31,75;35,77;-4,020000000000003;41654;0;54371;16088;14381;0;14381;16088;-1707;0;-1707;-0,11869828245601836;-0,11869828245601836;;-0,12661417322834656;3;6
2017-10-15;21;2017-10-15 21:00:00;31,73;31,8;-0,07000000000000027;41654;0;54371;17554;15392;0;15392;17554;-2162;0;-2162;-0,14046257796257797;-0,14046257796257797;;-0,002206114087614254;3;6
2017-10-15;22;2017-10-15 22:00:00;29,09;29,86;-0,7699999999999996;41654;0;54371;18127;15745;0;15745;18127;-2382;0;-2382;-0,1512861225785964;-0,1512861225785964;;-0,026469577174286683;3;6
2017-10-15;23;2017-10-15 23:00:00;18,4;18,24;0,16000000000000014;41654;0;54371;18100;15562;0;15562;18100;-2538;0;-2538;-0,16308957717517028;-0,16308957717517028;;0,008695652173913052;3;6
2017-10-16;0;2017-10-16 00:00:00;22,99;18,89;4,099999999999998;41658;0;54374;17264;16051;0;16051;17264;-1213;0;-1213;-0,0755716154756713;-0,0755716154756713;;0,1783384080034797;3;0
2017-10-16;1;2017-10-16 01:00:00;21,26;19,9;1,360000000000003;41658;0;54374;16193;15461;0;15461;16193;-732;0;-732;-0,047344932410581464;-0,047344932410581464;;0,06396989651928518;3;0
2017-10-16;2;2017-10-16 02:00:00;21,86;25,45;-3,59;41658;0;54374;15353;14877;0;14877;15353;-476;0;-476;-0,03199569805740405;-0,03199569805740405;;-0,16422689844464775;3;0
2017-10-16;3;2017-10-16 03:00:00;21,79;21,68;0,10999999999999943;41658;0;54374;14306;14030;0;14030;14306;-276;0;-276;-0,019672131147540985;-0,019672131147540985;;0,005048187241854036;3;0
2017-10-16;4;2017-10-16 04:00:00;22,93;18,74;4,190000000000001;41658;0;54374;13276;13213;0;13213;13276;-63;0;-63;-0,004768031484144403;-0,004768031484144403;;0,18273004797208903;3;0
2017-10-16;5;2017-10-16 05:00:00;28,9;29,04;-0,14000000000000054;41658;0;54374;12565;12552;0;12552;12565;-13;0;-13;-0,001035691523263225;-0,001035691523263225;;-0,004844290657439465;3;0
2017-10-16;6;2017-10-16 06:00:00;42,0;45,07;-3,0700000000000003;41658;0;54374;11902;12103;0;12103;11902;201;0;201;0,01660745269767826;0,01660745269767826;;-0,0730952380952381;3;0
2017-10-16;7;2017-10-16 07:00:00;55,34;58,11;-2,769999999999996;41658;48;54374;11066;11659;54;11713;11114;593;6;599;0,05113975924186801;0,050861995025302344;0,1111111111111111;-0,05005421033610401;3;0
2017-10-16;8;2017-10-16 08:00:00;51,65;54,98;-3,3299999999999983;41658;2284;54374;10422;10852;2385;13237;12706;430;101;531;0,040114829644179194;0,03962403243641725;0,042348008385744235;-0,06447241045498545;3;0
2017-10-16;9;2017-10-16 09:00:00;43,12;41,79;1,3299999999999983;41658;7328;54374;8918;9559;7798;17357;16246;641;470;1111;0,06400875727372242;0,06705722355894968;0,06027186458066171;0,030844155844155806;3;0
2017-10-16;10;2017-10-16 10:00:00;37,3;36,6;0,6999999999999957;41658;12794;54374;6200;8001;13094;21095;18994;1801;300;2101;0,09959706091490875;0,22509686289213848;0,02291125706430426;0,01876675603217147;3;0
2017-10-16;11;2017-10-16 11:00:00;33,16;34,73;-1,5700000000000005;41658;17028;54374;4187;6843;16949;23792;21215;2656;-79;2577;0,10831371889710827;0,38813385941838374;-0,004661041949377545;-0,04734620024125454;3;0
2017-10-16;12;2017-10-16 12:00:00;32,26;36,09;-3,830000000000005;41658;19122;54374;3402;6381;18900;25281;22524;2979;-222;2757;0,10905423044974487;0,46685472496473907;-0,011746031746031746;-0,11872287662740251;3;0
2017-10-16;13;2017-10-16 13:00:00;31,68;35,32;-3,640000000000001;41658;19054;54374;3242;6003;19109;25112;22296;2761;55;2816;0,11213762344695763;0,4599366983175079;0,0028782249201946726;-0,11489898989898993;3;0
2017-10-16;14;2017-10-16 14:00:00;40,56;44,6;-4,039999999999999;41658;17132;54374;3310;5378;17493;22871;20442;2068;361;2429;0,10620436360456473;0,38452956489401263;0,020636826159035043;-0,09960552268244573;3;0
2017-10-16;15;2017-10-16 15:00:00;42,5;45,26;-2,759999999999998;41658;13313;54374;3652;4616;14087;18703;16965;964;774;1738;0,09292626851307277;0,20883882149046792;0,054944274863349185;-0,06494117647058818;3;0
2017-10-16;16;2017-10-16 16:00:00;44,62;47,39;-2,770000000000003;41658;7927;54374;4232;4211;8965;13176;12159;-21;1038;1017;0,07718579234972678;-0,004986938969365947;0,11578360290016732;-0,062079784849843195;3;0
2017-10-16;17;2017-10-16 17:00:00;50,9;54,97;-4,07;41658;2450;54374;5653;4551;3099;7650;8103;-1102;649;-453;-0,05921568627450981;-0,24214458360799823;0,20942239432074863;-0,07996070726915522;3;0
2017-10-16;18;2017-10-16 18:00:00;63,47;57,41;6,060000000000002;41658;74;54374;9065;6096;168;6264;9139;-2969;94;-2875;-0,4589719029374202;-0,48704068241469817;0,5595238095238095;0,09547817866708685;3;0
2017-10-16;19;2017-10-16 19:00:00;66,73;55,34;11,39;41658;0;54374;12940;8327;0;8327;12940;-4613;0;-4613;-0,5539810255794404;-0,5539810255794404;;0,1706878465457815;3;0
2017-10-16;20;2017-10-16 20:00:00;45,95;38,07;7,880000000000003;41658;0;54374;15242;10578;0;10578;15242;-4664;0;-4664;-0,44091510682548685;-0,44091510682548685;;0,17149075081610451;3;0
2017-10-16;21;2017-10-16 21:00:00;39,05;33,82;5,229999999999997;41658;0;54374;15972;12141;0;12141;15972;-3831;0;-3831;-0,31554237706943417;-0,31554237706943417;;0,13393085787451978;3;0
2017-10-16;22;2017-10-16 22:00:00;34,07;32,91;1,1600000000000037;41658;0;54374;16390;13252;0;13252;16390;-3138;0;-3138;-0,23679444612134018;-0,23679444612134018;;0,03404754916348705;3;0
2017-10-16;23;2017-10-16 23:00:00;31,11;29,73;1,379999999999999;41658;0;54374;16596;13895;0;13895;16596;-2701;0;-2701;-0,1943864699532206;-0,1943864699532206;;0,04435872709739631;3;0
2017-10-17;0;2017-10-17 00:00:00;28,95;26,89;2,0599999999999987;41662;0;54381;16906;15509;0;15509;16906;-1397;0;-1397;-0,0900767296408537;-0,0900767296408537;;0,07115716753022448;3;1
2017-10-17;1;2017-10-17 01:00:00;27,02;28,47;-1,4499999999999993;41662;0;54381;16644;15253;0;15253;16644;-1391;0;-1391;-0,09119517471972727;-0,09119517471972727;;-0,05366395262768317;3;1
2017-10-17;2;2017-10-17 02:00:00;26,99;28,28;-1,2900000000000027;41662;0;54381;15490;15031;0;15031;15490;-459;0;-459;-0,030536890426452;-0,030536890426452;;-0,04779547980733615;3;1
2017-10-17;3;2017-10-17 03:00:00;27,04;30,81;-3,77;41662;0;54381;14663;14541;0;14541;14663;-122;0;-122;-0,008390069458771748;-0,008390069458771748;;-0,13942307692307693;3;1
2017-10-17;4;2017-10-17 04:00:00;28,06;29,89;-1,8300000000000016;41662;0;54381;14644;14063;0;14063;14644;-581;0;-581;-0,041314086610253854;-0,041314086610253854;;-0,0652173913043479;3;1
2017-10-17;5;2017-10-17 05:00:00;30,57;33,07;-2,5;41662;0;54381;14836;13748;0;13748;14836;-1088;0;-1088;-0,07913878382310154;-0,07913878382310154;;-0,08177952240758914;3;1
2017-10-17;6;2017-10-17 06:00:00;34,99;37,78;-2,7899999999999987;41662;0;54381;14707;13602;0;13602;14707;-1105;0;-1105;-0,08123805322746655;-0,08123805322746655;;-0,07973706773363815;3;1
2017-10-17;7;2017-10-17 07:00:00;46,16;50,86;-4,700000000000003;41662;36;54381;14240;13378;40;13418;14276;-862;4;-858;-0,06394395588016098;-0,06443414561219914;0,1;-0,10181975736568465;3;1
2017-10-17;8;2017-10-17 08:00:00;44,97;46,34;-1,3700000000000043;41662;1995;54381;13594;12951;2161;15112;15589;-643;166;-477;-0,0315643197458973;-0,04964867577793221;0,07681628875520592;-0,03046475428063163;3;1
2017-10-17;9;2017-10-17 09:00:00;36,95;36,88;0,07000000000000027;41662;6646;54381;12383;12241;7433;19674;19029;-142;787;645;0,03278438548337908;-0,011600359447757537;0,10587918740750707;0,0018944519621109678;3;1
2017-10-17;10;2017-10-17 10:00:00;33,46;35,24;-1,7800000000000011;41662;11545;54381;10978;11120;12674;23794;22523;142;1129;1271;0,05341682777170715;0,01276978417266187;0,08908000631213508;-0,05319784817692771;3;1
2017-10-17;11;2017-10-17 11:00:00;31,34;34,25;-2,91;41662;15288;54381;10163;10373;16596;26969;25451;210;1308;1518;0,05628684786236049;0,020244866480285357;0,07881417208966016;-0,09285258455647735;3;1
2017-10-17;12;2017-10-17 12:00:00;29,24;33,29;-4,050000000000002;41662;17253;54381;9876;10602;18675;29277;27129;726;1422;2148;0,07336817296854185;0,06847764572722127;0,07614457831325301;-0,13850889192886462;3;1
2017-10-17;13;2017-10-17 13:00:00;30,22;34,16;-3,9399999999999977;41662;17343;54381;9802;11020;18925;29945;27145;1218;1582;2800;0,09350475872432794;0,11052631578947368;0,08359313077939234;-0,13037723362011905;3;1
2017-10-17;14;2017-10-17 14:00:00;29,72;35,49;-5,770000000000002;41662;15576;54381;9522;11010;17327;28337;25098;1488;1751;3239;0,1143028549246568;0,13514986376021798;0,10105615513360651;-0,19414535666218044;3;1
2017-10-17;15;2017-10-17 15:00:00;32,8;38,32;-5,520000000000002;41662;11901;54381;8990;10534;13876;24410;20891;1544;1975;3519;0,14416222859483818;0,14657300170875262;0,14233208417411358;-0,16829268292682936;3;1
2017-10-17;16;2017-10-17 16:00:00;35,47;44,24;-8,770000000000003;41662;6858;54381;8537;9923;8678;18601;15395;1386;1820;3206;0,17235632492876726;0,13967550136047566;0,2097257432588154;-0,2472511981956584;3;1
2017-10-17;17;2017-10-17 17:00:00;47,92;63,07;-15,15;41662;2060;54381;8586;9397;2892;12289;10646;811;832;1643;0,13369680201806494;0,08630413961902735;0,28769017980636236;-0,3161519198664441;3;1
2017-10-17;18;2017-10-17 18:00:00;63,36;64,84;-1,4800000000000042;41662;55;54381;9068;9465;144;9609;9123;397;89;486;0,050577583515454265;0,04194400422609614;0,6180555555555556;-0,023358585858585926;3;1
2017-10-17;19;2017-10-17 19:00:00;67,92;74,52;-6,599999999999994;41662;0;54381;9333;9987;0;9987;9333;654;0;654;0,06548513066987083;0,06548513066987083;;-0,097173144876325;3;1
2017-10-17;20;2017-10-17 20:00:00;47,38;54,64;-7,259999999999998;41662;0;54381;9354;10115;0;10115;9354;761;0;761;0,07523479980227385;0,07523479980227385;;-0,1532292106373997;3;1
2017-10-17;21;2017-10-17 21:00:00;43,61;46,51;-2,8999999999999986;41662;0;54381;8824;9834;0;9834;8824;1010;0;1010;0,10270490136261948;0,10270490136261948;;-0,06649850951616598;3;1
2017-10-17;22;2017-10-17 22:00:00;39,99;43,47;-3,479999999999997;41662;0;54381;8665;9136;0;9136;8665;471;0;471;0,05155429071803853;0,05155429071803853;;-0,08702175543885964;3;1
2017-10-17;23;2017-10-17 23:00:00;36,79;35,39;1,3999999999999986;41662;0;54381;8564;8282;0;8282;8564;-282;0;-282;-0,03404974643805844;-0,03404974643805844;;0,03805381897254685;3;1
2017-10-18;0;2017-10-18 00:00:00;33,22;37,58;-4,3599999999999985;41676;0;54386;8092;7771;0;7771;8092;-321;0;-321;-0,04130742504182216;-0,04130742504182216;;-0,13124623720650208;3;2
2017-10-18;1;2017-10-18 01:00:00;34,02;36,02;-2,0;41676;0;54386;7104;7117;0;7117;7104;13;0;13;0,0018266123366587044;0,0018266123366587044;;-0,05878894767783656;3;2
2017-10-18;2;2017-10-18 02:00:00;34,02;34,9;-0,8799999999999955;41676;0;54386;6242;6577;0;6577;6242;335;0;335;0,050935076782727684;0,050935076782727684;;-0,025867136978247954;3;2
2017-10-18;3;2017-10-18 03:00:00;31,89;34,02;-2,1300000000000026;41676;0;54386;5804;5867;0;5867;5804;63;0;63;0,010738026248508607;0,010738026248508607;;-0,0667920978363124;3;2
2017-10-18;4;2017-10-18 04:00:00;31,81;35,31;-3,500000000000004;41676;0;54386;5095;5242;0;5242;5095;147;0;147;0,028042731781762687;0,028042731781762687;;-0,11002829298962603;3;2
2017-10-18;5;2017-10-18 05:00:00;36,03;37,79;-1,759999999999998;41676;0;54386;4590;4712;0;4712;4590;122;0;122;0,025891341256366725;0,025891341256366725;;-0,04884818207049675;3;2
2017-10-18;6;2017-10-18 06:00:00;49,87;53,29;-3,4200000000000017;41676;0;54386;4225;4299;0;4299;4225;74;0;74;0,017213305419865085;0,017213305419865085;;-0,0685783035893323;3;2
2017-10-18;7;2017-10-18 07:00:00;66,0;68,12;-2,1200000000000045;41676;18;54386;3746;3886;24;3910;3764;140;6;146;0,037340153452685425;0,03602676273803397;0,25;-0,03212121212121219;3;2
2017-10-18;8;2017-10-18 08:00:00;69,94;67,77;2,1700000000000017;41676;1364;54386;3193;3334;1554;4888;4557;141;190;331;0,06771685761047463;0,04229154169166167;0,12226512226512226;0,031026594223620273;3;2
2017-10-18;9;2017-10-18 09:00:00;67,91;65,57;2,3400000000000034;41676;5023;54386;2523;2601;5694;8295;7546;78;671;749;0,09029535864978903;0,029988465974625143;0,11784334387074114;0,034457370048593776;3;2
2017-10-18;10;2017-10-18 10:00:00;64,42;60,7;3,719999999999999;41676;9458;54386;1612;1823;10259;12082;11070;211;801;1012;0,08376096672736302;0,11574328030718596;0,07807778535919681;0,057746041601986944;3;2
2017-10-18;11;2017-10-18 11:00:00;63,08;56,21;6,869999999999997;41676;13631;54386;970;1298;14060;15358;14601;328;429;757;0,04929027217085558;0,2526964560862866;0,030512091038406828;0,10890932149651232;3;2
2017-10-18;12;2017-10-18 12:00:00;47,93;47,85;0,0799999999999983;41676;16051;54386;641;1139;16231;17370;16692;498;180;678;0,03903281519861831;0,437225636523266;0,011089889717207813;0,0016691007719590715;3;2
2017-10-18;13;2017-10-18 13:00:00;45,97;51,61;-5,6400000000000015;41676;16644;54386;526;1030;16519;17549;17170;504;-125;379;0,02159667217505271;0,4893203883495146;-0,007567044009927961;-0,12268871002827934;3;2
2017-10-18;14;2017-10-18 14:00:00;46,07;50,07;-4,0;41676;15312;54386;502;870;15128;15998;15814;368;-184;184;0,011501437679709963;0,42298850574712643;-0,012162876784769964;-0,08682439765574126;3;2
2017-10-18;15;2017-10-18 15:00:00;55,84;53,74;2,1000000000000014;41676;11890;54386;578;728;12041;12769;12468;150;151;301;0,023572715169551256;0,20604395604395603;0,012540486670542314;0,037607449856733546;3;2
2017-10-18;16;2017-10-18 16:00:00;62,65;63,65;-1,0;41676;6987;54386;632;772;7456;8228;7619;140;469;609;0,07401555663587749;0,18134715025906736;0,06290236051502146;-0,01596169193934557;3;2
2017-10-18;17;2017-10-18 17:00:00;65,66;68,1;-2,4399999999999977;41676;2077;54386;714;1044;2441;3485;2791;330;364;694;0,19913916786226685;0,3160919540229885;0,14911921343711593;-0,037161133109960366;3;2
2017-10-18;18;2017-10-18 18:00:00;73,41;90,58;-17,17;41676;45;54386;1280;1732;122;1854;1325;452;77;529;0,2853290183387271;0,26096997690531176;0,6311475409836066;-0,23389184034872637;3;2
2017-10-18;19;2017-10-18 19:00:00;83,02;104,9;-21,88000000000001;41676;0;54386;2019;2501;0;2501;2019;482;0;482;0,19272291083566573;0,19272291083566573;;-0,2635509515779332;3;2
2017-10-18;20;2017-10-18 20:00:00;66,84;68,43;-1,5900000000000034;41676;0;54386;2554;3025;0;3025;2554;471;0;471;0,155702479338843;0,155702479338843;;-0,023788150807899512;3;2
2017-10-18;21;2017-10-18 21:00:00;54,27;52,61;1,6600000000000037;41676;0;54386;2861;3345;0;3345;2861;484;0;484;0,14469357249626308;0,14469357249626308;;0,030587801732080405;3;2
2017-10-18;22;2017-10-18 22:00:00;40,45;44,51;-4,059999999999995;41676;0;54386;3024;3611;0;3611;3024;587;0;587;0,16255884796455275;0,16255884796455275;;-0,10037082818294178;3;2
2017-10-18;23;2017-10-18 23:00:00;36,94;41,23;-4,289999999999999;41676;0;54386;3343;3767;0;3767;3343;424;0;424;0,11255641093708521;0,11255641093708521;;-0,11613427179209528;3;2
2017-10-19;0;2017-10-19 00:00:00;34,28;36,18;-1,8999999999999984;41680;0;54394;3692;3515;0;3515;3692;-177;0;-177;-0,050355618776671406;-0,050355618776671406;;-0,05542590431738618;3;3
2017-10-19;1;2017-10-19 01:00:00;34,26;32,1;2,1599999999999966;41680;0;54394;3890;3625;0;3625;3890;-265;0;-265;-0,07310344827586207;-0,07310344827586207;;0,06304728546409798;3;3
2017-10-19;2;2017-10-19 02:00:00;33,59;30,51;3,080000000000002;41680;0;54394;4250;3851;0;3851;4250;-399;0;-399;-0,10360945209036614;-0,10360945209036614;;0,09169395653468299;3;3
2017-10-19;3;2017-10-19 03:00:00;33,74;30,36;3,3800000000000026;41680;0;54394;4204;3760;0;3760;4204;-444;0;-444;-0,11808510638297873;-0,11808510638297873;;0,10017783046828697;3;3
2017-10-19;4;2017-10-19 04:00:00;34,0;30,77;3,2300000000000004;41680;0;54394;3987;3742;0;3742;3987;-245;0;-245;-0,06547300908605024;-0,06547300908605024;;0,09500000000000001;3;3
2017-10-19;5;2017-10-19 05:00:00;34,89;34,34;0,5499999999999972;41680;0;54394;3917;3814;0;3814;3917;-103;0;-103;-0,02700576822233875;-0,02700576822233875;;0,01576382917741465;3;3
2017-10-19;6;2017-10-19 06:00:00;53,71;52,23;1,4800000000000042;41680;0;54394;3899;3881;0;3881;3899;-18;0;-18;-0,004637979902087091;-0,004637979902087091;;0,027555390057717448;3;3
2017-10-19;7;2017-10-19 07:00:00;67,66;64,69;2,969999999999999;41680;14;54394;3781;3857;20;3877;3795;76;6;82;0,02115037400051586;0,019704433497536946;0,3;0,04389595033993495;3;3
2017-10-19;8;2017-10-19 08:00:00;68,54;66,96;1,5800000000000125;41680;1374;54394;3904;3708;1446;5154;5278;-196;72;-124;-0,02405898331393093;-0,05285868392664509;0,04979253112033195;0,02305223227312536;3;3
2017-10-19;9;2017-10-19 09:00:00;67,82;60,05;7,769999999999996;41680;5442;54394;3918;3366;5330;8696;9360;-552;-112;-664;-0,07635694572217111;-0,16399286987522282;-0,02101313320825516;0,11456797404895307;3;3
2017-10-19;10;2017-10-19 10:00:00;62,07;48,86;13,21;41680;9789;54394;3496;2992;9629;12621;13285;-504;-160;-664;-0,05261072815149354;-0,16844919786096257;-0,016616471076955033;0,212824230707266;3;3
2017-10-19;11;2017-10-19 11:00:00;49,97;43,75;6,219999999999999;41680;13291;54394;3260;2740;13237;15977;16551;-520;-54;-574;-0,03592664455154284;-0,1897810218978102;-0,004079474201102969;0,12447468481088651;3;3
2017-10-19;12;2017-10-19 12:00:00;46,57;40,02;6,549999999999998;41680;15165;54394;3266;2629;15298;17927;18431;-637;133;-504;-0,028114017961733698;-0,24229745150247242;0,008693946921166165;0,14064848614988185;3;3
2017-10-19;13;2017-10-19 13:00:00;41,55;37,01;4,539999999999999;41680;15596;54394;2966;2609;15737;18346;18562;-357;141;-216;-0,011773683636760056;-0,13683403602912994;0,008959776323314482;0,10926594464500601;3;3
2017-10-19;14;2017-10-19 14:00:00;40,53;38,4;2,1300000000000026;41680;14394;54394;2756;2588;14567;17155;17150;-168;173;5;0,0002914602156805596;-0,06491499227202473;0,011876158440310291;0,05255366395262775;3;3
2017-10-19;15;2017-10-19 15:00:00;43,63;41,31;2,3200000000000003;41680;11438;54394;3050;2634;11586;14220;14488;-416;148;-268;-0,018846694796061884;-0,15793470007593013;0,012774037631624375;0,05317442126976851;3;3
2017-10-19;16;2017-10-19 16:00:00;49,91;42,51;7,399999999999999;41680;6742;54394;3604;3079;7113;10192;10346;-525;371;-154;-0,01510989010989011;-0,17050990581357583;0,052158020525797835;0,14826688038469243;3;3
2017-10-19;17;2017-10-19 17:00:00;58,01;50,46;7,549999999999998;41680;1895;54394;5496;4333;2228;6561;7391;-1163;333;-830;-0,12650510592897424;-0,2684052619432264;0,14946140035906644;0,1301499741423892;3;3
2017-10-19;18;2017-10-19 18:00:00;61,27;70,3;-9,029999999999994;41680;38;54394;8832;6805;92;6897;8870;-2027;54;-1973;-0,28606640568363056;-0,2978692138133725;0,5869565217391305;-0,1473804472009139;3;3
2017-10-19;19;2017-10-19 19:00:00;54,3;55,37;-1,0700000000000005;41680;0;54394;11912;9700;0;9700;11912;-2212;0;-2212;-0,22804123711340207;-0,22804123711340207;;-0,01970534069981585;3;3
2017-10-19;20;2017-10-19 20:00:00;41,55;35,97;5,579999999999997;41680;0;54394;13476;11722;0;11722;13476;-1754;0;-1754;-0,1496331684012967;-0,1496331684012967;;0,13429602888086636;3;3
2017-10-19;21;2017-10-19 21:00:00;34,6;34,11;0,490000000000002;41680;0;54394;13804;12686;0;12686;13804;-1118;0;-1118;-0,08812864575122181;-0,08812864575122181;;0,014161849710982716;3;3
2017-10-19;22;2017-10-19 22:00:00;34,87;35,08;-0,21000000000000085;41680;0;54394;13567;13163;0;13163;13567;-404;0;-404;-0,030692091468510218;-0,030692091468510218;;-0,00602236879839406;3;3
2017-10-19;23;2017-10-19 23:00:00;31,04;30,04;1,0;41680;0;54394;13424;13279;0;13279;13424;-145;0;-145;-0,010919496950071541;-0,010919496950071541;;0,03221649484536083;3;3
2017-10-20;0;2017-10-20 00:00:00;29,62;33,35;-3,73;41687;0;54414;13119;13316;0;13316;13119;197;0;197;0,01479423250225293;0,01479423250225293;;-0,12592842673869006;3;4
2017-10-20;1;2017-10-20 01:00:00;29,02;33,69;-4,669999999999998;41687;0;54414;12786;13172;0;13172;12786;386;0;386;0,029304585484360764;0,029304585484360764;;-0,16092350103376976;3;4
2017-10-20;2;2017-10-20 02:00:00;29,06;33,25;-4,190000000000001;41687;0;54414;12641;13077;0;13077;12641;436;0;436;0,03334098034717443;0,03334098034717443;;-0,14418444597384728;3;4
2017-10-20;3;2017-10-20 03:00:00;29,88;30,12;-0,24000000000000196;41687;0;54414;12635;12831;0;12831;12635;196;0;196;0,015275504637206765;0,015275504637206765;;-0,00803212851405629;3;4
2017-10-20;4;2017-10-20 04:00:00;30,0;31,43;-1,4299999999999995;41687;0;54414;12232;12661;0;12661;12232;429;0;429;0,03388357949609035;0,03388357949609035;;-0,04766666666666665;3;4
2017-10-20;5;2017-10-20 05:00:00;31,01;34,02;-3,0100000000000016;41687;0;54414;12214;12795;0;12795;12214;581;0;581;0,045408362641656895;0,045408362641656895;;-0,09706546275395038;3;4
2017-10-20;6;2017-10-20 06:00:00;39,91;43,34;-3,4300000000000064;41687;0;54414;13360;13224;0;13224;13360;-136;0;-136;-0,0102843315184513;-0,0102843315184513;;-0,0859433725883239;3;4
2017-10-20;7;2017-10-20 07:00:00;47,05;45,77;1,2799999999999943;41687;10;54414;14076;13713;15;13728;14086;-363;5;-358;-0,02607808857808858;-0,02647123167796981;0,3333333333333333;0,02720510095642921;3;4
2017-10-20;8;2017-10-20 08:00:00;51,28;48,12;3,160000000000004;41687;1082;54414;15441;14158;1262;15420;16523;-1283;180;-1103;-0,07153047989623865;-0,09062014408814804;0,14263074484944532;0,061622464898596026;3;4
2017-10-20;9;2017-10-20 09:00:00;47,0;41,99;5,009999999999998;41687;3903;54414;16044;14345;4450;18795;19947;-1699;547;-1152;-0,06129289704708699;-0,11843848030672709;0,12292134831460674;0,10659574468085102;3;4
2017-10-20;10;2017-10-20 10:00:00;43,14;36,44;6,700000000000002;41687;6872;54414;15754;14230;7575;21805;22626;-1524;703;-821;-0,03765191469846366;-0,10709768095572733;0,0928052805280528;0,15530829856281878;3;4
2017-10-20;11;2017-10-20 11:00:00;41,28;36,49;4,789999999999999;41687;9148;54414;16049;14218;9793;24011;25197;-1831;645;-1186;-0,04939402773728708;-0,12878041918694613;0,06586337179618094;0,11603682170542633;3;4
2017-10-20;12;2017-10-20 12:00:00;37,59;33,4;4,190000000000005;41687;10688;54414;16048;14363;10855;25218;26736;-1685;167;-1518;-0,06019509873899596;-0,1173153240966372;0,015384615384615385;0,11146581537643002;3;4
2017-10-20;13;2017-10-20 13:00:00;33,06;30,13;2,9300000000000037;41687;10672;54414;16073;14719;10612;25331;26745;-1354;-60;-1414;-0,05582093087521219;-0,09198994496908758;-0,005653976630229929;0,08862673926194808;3;4
2017-10-20;14;2017-10-20 14:00:00;32,89;31,35;1,5399999999999991;41687;9186;54414;16099;14906;9325;24231;25285;-1193;139;-1054;-0,04349799843176097;-0,08003488528109486;0,014906166219839142;0,046822742474916364;3;4
2017-10-20;15;2017-10-20 15:00:00;32,61;32,3;0,3100000000000023;41687;6756;54414;15716;14746;7170;21916;22472;-970;414;-556;-0,02536959299142179;-0,06578055065780551;0,05774058577405858;0,009506286415210128;3;4
2017-10-20;16;2017-10-20 16:00:00;33,04;30,21;2,8299999999999983;41687;3643;54414;15603;14619;4207;18826;19246;-984;564;-420;-0,022309571868692233;-0,06730966550379643;0,13406227715711908;0,08565375302663433;3;4
2017-10-20;17;2017-10-20 17:00:00;44,61;36,91;7,700000000000002;41687;942;54414;15239;14540;1218;15758;16181;-699;276;-423;-0,0268435080593984;-0,048074277854195324;0,22660098522167488;0,17260703878054254;3;4
2017-10-20;18;2017-10-20 18:00:00;47,86;40,75;7,1099999999999985;41687;17;54414;16295;14586;49;14635;16312;-1709;32;-1677;-0,11458831568158524;-0,11716714657891128;0,6530612244897959;0,14855829502716253;3;4
2017-10-20;19;2017-10-20 19:00:00;46,94;40,69;6,25;41687;0;54414;16946;14765;0;14765;16946;-2181;0;-2181;-0,14771418896037927;-0,14771418896037927;;0,13314870046868343;3;4
2017-10-20;20;2017-10-20 20:00:00;38,98;33,8;5,18;41687;0;54414;16751;14876;0;14876;16751;-1875;0;-1875;-0,1260419467598817;-0,1260419467598817;;0,13288866085171883;3;4
2017-10-20;21;2017-10-20 21:00:00;41,84;33,11;8,730000000000004;41687;0;54414;15974;14585;0;14585;15974;-1389;0;-1389;-0,09523483030510799;-0,09523483030510799;;0,20865200764818365;3;4
2017-10-20;22;2017-10-20 22:00:00;35,86;33,19;2,6700000000000017;41687;0;54414;14532;14035;0;14035;14532;-497;0;-497;-0,03541147132169576;-0,03541147132169576;;0,07445621862799781;3;4
2017-10-20;23;2017-10-20 23:00:00;32,74;29,94;2,8000000000000007;41687;0;54414;13030;13342;0;13342;13030;312;0;312;0,02338479988007795;0,02338479988007795;;0,08552229688454492;3;4
2017-10-21;0;2017-10-21 00:00:00;35,0;31,65;3,3500000000000014;41688;0;54417;11867;11760;0;11760;11867;-107;0;-107;-0,009098639455782313;-0,009098639455782313;;0,09571428571428575;3;5
2017-10-21;1;2017-10-21 01:00:00;32,52;32,08;0,4400000000000048;41688;0;54417;10964;10920;0;10920;10964;-44;0;-44;-0,00402930402930403;-0,00402930402930403;;0,01353013530135316;3;5
2017-10-21;2;2017-10-21 02:00:00;32,05;30,32;1,7299999999999969;41688;0;54417;10175;10349;0;10349;10175;174;0;174;0,016813218668470385;0,016813218668470385;;0,053978159126364965;3;5
2017-10-21;3;2017-10-21 03:00:00;30,84;30,08;0,7600000000000016;41688;0;54417;9642;9806;0;9806;9642;164;0;164;0,016724454415663878;0,016724454415663878;;0,024643320363164772;3;5
2017-10-21;4;2017-10-21 04:00:00;29,35;29,84;-0,4899999999999984;41688;0;54417;9507;9329;0;9329;9507;-178;0;-178;-0,019080287276235394;-0,019080287276235394;;-0,01669505962521289;3;5
2017-10-21;5;2017-10-21 05:00:00;30,3;30,66;-0,35999999999999943;41688;0;54417;9213;9004;0;9004;9213;-209;0;-209;-0,02321190581963572;-0,02321190581963572;;-0,011881188118811862;3;5
2017-10-21;6;2017-10-21 06:00:00;31,16;31,72;-0,5599999999999987;41688;0;54417;9831;9046;0;9046;9831;-785;0;-785;-0,08677868671235905;-0,08677868671235905;;-0,01797175866495503;3;5
2017-10-21;7;2017-10-21 07:00:00;35,88;33,04;2,8400000000000034;41688;5;54417;9969;9243;6;9249;9974;-726;1;-725;-0,07838685263271705;-0,07854592664719247;0,16666666666666666;0,07915273132664447;3;5
2017-10-21;8;2017-10-21 08:00:00;41,91;38,54;3,369999999999997;41688;618;54417;10040;9254;609;9863;10658;-786;-9;-795;-0,08060427861705363;-0,08493624378647072;-0,014778325123152709;0,08041040324504885;3;5
2017-10-21;9;2017-10-21 09:00:00;46,07;43,2;2,869999999999997;41688;2583;54417;10425;9071;2637;11708;13008;-1354;54;-1300;-0,11103518961393918;-0,1492668944989527;0,020477815699658702;0,06229650531799429;3;5
2017-10-21;10;2017-10-21 10:00:00;47,71;44,18;3,530000000000001;41688;5108;54417;10612;8914;4946;13860;15720;-1698;-162;-1860;-0,1341991341991342;-0,19048687457931343;-0,032753740396279825;0,07398868161810944;3;5
2017-10-21;11;2017-10-21 11:00:00;45,98;44,43;1,5499999999999972;41688;7286;54417;10869;9112;6894;16006;18155;-1757;-392;-2149;-0,1342621516931151;-0,19282265144863917;-0,056861038584276186;0,033710308829926;3;5
2017-10-21;12;2017-10-21 12:00:00;35,0;35,88;-0,8800000000000026;41688;8342;54417;11313;9906;7913;17819;19655;-1407;-429;-1836;-0,10303608507772602;-0,1420351302241066;-0,054214583596613165;-0,025142857142857217;3;5
2017-10-21;13;2017-10-21 13:00:00;31,02;33,46;-2,4400000000000013;41688;7470;54417;11186;10678;7479;18157;18656;-508;9;-499;-0,02748251363110646;-0,047574452144596366;0,0012033694344163659;-0,07865892972275955;3;5
2017-10-21;14;2017-10-21 14:00:00;32,09;40,41;-8,319999999999991;41688;5885;54417;11212;11123;6185;17308;17097;-89;300;211;0,012190894384099838;-0,008001438460846893;0,04850444624090541;-0,25927080087254567;3;5
2017-10-21;15;2017-10-21 15:00:00;32,0;39,17;-7,170000000000003;41688;4291;54417;10894;11128;4445;15573;15185;234;154;388;0,02491491684325435;0,02102803738317757;0,03464566929133858;-0,22406250000000008;3;5
2017-10-21;16;2017-10-21 16:00:00;32,09;41,88;-9,79;41688;2359;54417;10530;11222;2480;13702;12889;692;121;813;0,05933440373668078;0,06166458741757262;0,04879032258064516;-0,30507946400747893;3;5
2017-10-21;17;2017-10-21 17:00:00;36,56;46,72;-10,159999999999997;41688;661;54417;10225;11500;685;12185;10886;1275;24;1299;0,1066064833812064;0,1108695652173913;0,035036496350364967;-0,2778993435448577;3;5
2017-10-21;18;2017-10-21 18:00:00;40,2;51,0;-10,799999999999995;41688;18;54417;11282;12092;28;12120;11300;810;10;820;0,06765676567656766;0,06698643731392656;0,35714285714285715;-0,26865671641791034;3;5
2017-10-21;19;2017-10-21 19:00:00;40,71;49,86;-9,15;41688;0;54417;12298;12940;0;12940;12298;642;0;642;0,04961360123647604;0,04961360123647604;;-0,2247605011053795;3;5
2017-10-21;20;2017-10-21 20:00:00;31,75;40,61;-8,86;41688;0;54417;13794;13700;0;13700;13794;-94;0;-94;-0,006861313868613139;-0,006861313868613139;;-0,2790551181102362;3;5
2017-10-21;21;2017-10-21 21:00:00;28,59;34,09;-5,500000000000004;41688;0;54417;15042;14487;0;14487;15042;-555;0;-555;-0,03831020915303376;-0,03831020915303376;;-0,1923749562784192;3;5
2017-10-21;22;2017-10-21 22:00:00;27,5;30,43;-2,93;41688;0;54417;15608;15346;0;15346;15608;-262;0;-262;-0,017072852860680308;-0,017072852860680308;;-0,10654545454545455;3;5
2017-10-21;23;2017-10-21 23:00:00;15,48;22,51;-7,030000000000001;41688;0;54417;16870;16243;0;16243;16870;-627;0;-627;-0,03860124361263313;-0,03860124361263313;;-0,45413436692506465;3;5
2017-10-22;0;2017-10-22 00:00:00;19,1;21,48;-2,379999999999999;41688;0;54417;17044;16424;0;16424;17044;-620;0;-620;-0,0377496346809547;-0,0377496346809547;;-0,12460732984293188;3;6
2017-10-22;1;2017-10-22 01:00:00;19,03;17,81;1,2200000000000024;41688;0;54417;17840;17297;0;17297;17840;-543;0;-543;-0,031392727062496385;-0,031392727062496385;;0,06410930110352088;3;6
2017-10-22;2;2017-10-22 02:00:00;16,9;18,0;-1,1000000000000014;41688;0;54417;18715;18344;0;18344;18715;-371;0;-371;-0,020224596598342783;-0,020224596598342783;;-0,0650887573964498;3;6
2017-10-22;3;2017-10-22 03:00:00;12,98;12,31;0,6699999999999999;41688;0;54417;19602;19184;0;19184;19602;-418;0;-418;-0,021788990825688075;-0,021788990825688075;;0,05161787365177195;3;6
2017-10-22;4;2017-10-22 04:00:00;9,24;8,67;0,5700000000000003;41688;0;54417;21120;19991;0;19991;21120;-1129;0;-1129;-0,05647541393627132;-0,05647541393627132;;0,061688311688311716;3;6
2017-10-22;5;2017-10-22 05:00:00;5,23;3,48;1,7500000000000004;41688;0;54417;21945;20542;0;20542;21945;-1403;0;-1403;-0,06829909453801966;-0,06829909453801966;;0,3346080305927343;3;6
2017-10-22;6;2017-10-22 06:00:00;9,86;-1,75;11,61;41688;0;54417;22860;20890;0;20890;22860;-1970;0;-1970;-0,09430349449497367;-0,09430349449497367;;1,1774847870182557;3;6
2017-10-22;7;2017-10-22 07:00:00;9,85;-2,78;12,63;41688;3;54417;22980;21234;5;21239;22983;-1746;2;-1744;-0,08211309383680965;-0,0822266176886126;0,4;1,2822335025380711;3;6
2017-10-22;8;2017-10-22 08:00:00;13,04;2,7;10,34;41688;702;54417;22439;21382;719;22101;23141;-1057;17;-1040;-0,04705669426722773;-0,04943410345150126;0,02364394993045897;0,7929447852760737;3;6
2017-10-22;9;2017-10-22 09:00:00;12,9;10,4;2,5;41688;3148;54417;22028;21284;3085;24369;25176;-744;-63;-807;-0,03311584390003693;-0,034955835369291484;-0,020421393841166938;0,19379844961240308;3;6
2017-10-22;10;2017-10-22 10:00:00;13,09;15,34;-2,25;41688;5581;54417;22152;21334;5607;26941;27733;-818;26;-792;-0,02939757247318214;-0,0383425517952564;0,004637060816836098;-0,17188693659281895;3;6
2017-10-22;11;2017-10-22 11:00:00;14,3;13,36;0,9400000000000012;41688;7292;54417;21883;21384;7488;28872;29175;-499;196;-303;-0,010494596841230257;-0,023335203890759448;0,026175213675213676;0,06573426573426581;3;6
2017-10-22;12;2017-10-22 12:00:00;13,58;13,98;-0,4000000000000004;41688;7841;54417;20247;20926;8293;29219;28088;679;452;1131;0,038707690201581164;0,03244767275160088;0,05450379838417943;-0,029455081001472785;3;6
2017-10-22;13;2017-10-22 13:00:00;13,44;22,37;-8,930000000000003;41688;7500;54417;18438;20060;7968;28028;25938;1622;468;2090;0,07456828885400314;0,08085742771684945;0,058734939759036146;-0,6644345238095241;3;6
2017-10-22;14;2017-10-22 14:00:00;13,5;28,43;-14,93;41688;6222;54417;16863;18847;6811;25658;23085;1984;589;2573;0,1002806142333775;0,10526874303602696;0,086477756570254;-1,105925925925926;3;6
2017-10-22;15;2017-10-22 15:00:00;23,39;32,52;-9,130000000000004;41688;4442;54417;15544;17349;4959;22308;19986;1805;517;2322;0,10408821947283486;0,1040405787077065;0,10425489009881024;-0,3903377511757163;3;6
2017-10-22;16;2017-10-22 16:00:00;28,65;35,66;-7,009999999999998;41688;2595;54417;14810;15867;2683;18550;17405;1057;88;1145;0,06172506738544475;0,06661624755782442;0,032799105478941486;-0,2446771378708551;3;6
2017-10-22;17;2017-10-22 17:00:00;34,45;36,6;-2,1499999999999986;41688;744;54417;14203;14620;672;15292;14947;417;-72;345;0,022560816113000263;0,028522571819425444;-0,10714285714285714;-0,06240928882438312;3;6
2017-10-22;18;2017-10-22 18:00:00;49,9;51,99;-2,0900000000000034;41688;10;54417;14032;14058;22;14080;14042;26;12;38;0,0026988636363636364;0,0018494807227201592;0,5454545454545454;-0,04188376753507021;3;6
2017-10-22;19;2017-10-22 19:00:00;49,97;58,07;-8,100000000000001;41688;0;54417;14300;13937;0;13937;14300;-363;0;-363;-0,026045777426992895;-0,026045777426992895;;-0,16209725835501304;3;6
2017-10-22;20;2017-10-22 20:00:00;44,92;50,78;-5,8599999999999985;41688;0;54417;14386;13886;0;13886;14386;-500;0;-500;-0,03600748955782803;-0,03600748955782803;;-0,1304541406945681;3;6
2017-10-22;21;2017-10-22 21:00:00;35,88;39,53;-3,649999999999999;41688;0;54417;14114;13787;0;13787;14114;-327;0;-327;-0,0237179952128817;-0,0237179952128817;;-0,10172798216276474;3;6
2017-10-22;22;2017-10-22 22:00:00;32,24;33,44;-1,1999999999999955;41688;0;54417;13315;13735;0;13735;13315;420;0;420;0,030578813250819074;0,030578813250819074;;-0,037220843672456434;3;6
2017-10-22;23;2017-10-22 23:00:00;29,05;31,35;-2,3000000000000007;41688;0;54417;12977;13579;0;13579;12977;602;0;602;0,04433316149937403;0,04433316149937403;;-0,0791738382099828;3;6
2017-10-23;0;2017-10-23 00:00:00;28,61;31,19;-2,5800000000000023;41693;0;54417;12804;13221;0;13221;12804;417;0;417;0,0315407306557749;0,0315407306557749;;-0,09017825934987775;3;0
2017-10-23;1;2017-10-23 01:00:00;27,86;26,34;1,5199999999999996;41693;0;54417;13010;13155;0;13155;13010;145;0;145;0,011022424933485367;0,011022424933485367;;0,054558506819813335;3;0
2017-10-23;2;2017-10-23 02:00:00;26,43;25,8;0,629999999999999;41693;0;54417;13660;13182;0;13182;13660;-478;0;-478;-0,036261568805947504;-0,036261568805947504;;0,023836549375709382;3;0
2017-10-23;3;2017-10-23 03:00:00;23,07;22,01;1,0599999999999987;41693;0;54417;13836;13105;0;13105;13836;-731;0;-731;-0,05578023655093476;-0,05578023655093476;;0,04594711746857385;3;0
2017-10-23;4;2017-10-23 04:00:00;22,22;17,32;4,899999999999999;41693;0;54417;13797;13016;0;13016;13797;-781;0;-781;-0,060003073140749846;-0,060003073140749846;;0,22052205220522048;3;0
2017-10-23;5;2017-10-23 05:00:00;30,33;26,92;3,4099999999999966;41693;0;54417;13834;12948;0;12948;13834;-886;0;-886;-0,06842755637936361;-0,06842755637936361;;0,11242993735575327;3;0
2017-10-23;6;2017-10-23 06:00:00;42,36;39,53;2,8299999999999983;41693;0;54417;14215;13041;0;13041;14215;-1174;0;-1174;-0,09002377118319148;-0,09002377118319148;;0,06680830972615671;3;0
2017-10-23;7;2017-10-23 07:00:00;50,21;48,1;2,1099999999999994;41693;2;54417;14290;13179;4;13183;14292;-1111;2;-1109;-0,08412349237654555;-0,08430078154639957;0,5;0,04202350129456282;3;0
2017-10-23;8;2017-10-23 08:00:00;50,0;42,02;7,979999999999998;41693;376;54417;14293;13130;361;13491;14669;-1163;-15;-1178;-0,08731747090653028;-0,08857578065498857;-0,04155124653739612;0,15959999999999996;3;0
2017-10-23;9;2017-10-23 09:00:00;45,39;37,96;7,43;41693;1804;54417;14170;12884;1625;14509;15974;-1286;-179;-1465;-0,10097181060031704;-0,09981372244644521;-0,11015384615384616;0,1636924432694426;3;0
2017-10-23;10;2017-10-23 10:00:00;46,02;38,57;7,450000000000002;41693;3588;54417;13954;12834;3043;15877;17542;-1120;-545;-1665;-0,10486867796183158;-0,08726819386005921;-0,17909957279000985;0,16188613646240768;3;0
2017-10-23;11;2017-10-23 11:00:00;46,1;40,1;6,0;41693;4747;54417;14273;12670;4075;16745;19020;-1603;-672;-2275;-0,13586145117945655;-0,12651933701657458;-0,1649079754601227;0,1301518438177874;3;0
2017-10-23;12;2017-10-23 12:00:00;43,16;38,27;4,8899999999999935;41693;5368;54417;13657;12288;4594;16882;19025;-1369;-774;-2143;-0,12693993602653714;-0,11140950520833333;-0,16848062690465826;0,11329935125115834;3;0
2017-10-23;13;2017-10-23 13:00:00;46,34;40,87;5,470000000000006;41693;5091;54417;12721;11904;4620;16524;17812;-817;-471;-1288;-0,07794722827402566;-0,06863239247311828;-0,10194805194805195;0,11804056970220124;3;0
2017-10-23;14;2017-10-23 14:00:00;46,74;42,72;4,020000000000003;41693;4137;54417;11987;11200;4213;15413;16124;-787;76;-711;-0,04612989035230001;-0,07026785714285715;0,018039401851412295;0,08600770218228504;3;0
2017-10-23;15;2017-10-23 15:00:00;46,01;45,29;0,7199999999999989;41693;3043;54417;10794;9957;3320;13277;13837;-837;277;-560;-0,042178202907283274;-0,08406146429647485;0,08343373493975903;0,01564877200608561;3;0
2017-10-23;16;2017-10-23 16:00:00;46,08;46,55;-0,4699999999999989;41693;1751;54417;9580;8671;1878;10549;11331;-909;127;-782;-0,07413024931273106;-0,1048321992849729;0,06762513312034078;-0,010199652777777755;3;0
2017-10-23;17;2017-10-23 17:00:00;49,66;48,14;1,5199999999999958;41693;431;54417;8254;7543;474;8017;8685;-711;43;-668;-0,08332293875514532;-0,09425957841707544;0,09071729957805907;0,030608135320177123;3;0
2017-10-23;18;2017-10-23 18:00:00;54,2;55,79;-1,5899999999999963;41693;5;54417;7271;6846;14;6860;7276;-425;9;-416;-0,060641399416909623;-0,06208004674262343;0,6428571428571429;-0,029335793357933508;3;0
2017-10-23;19;2017-10-23 19:00:00;53,91;59,03;-5,1200000000000045;41693;0;54417;7098;6466;0;6466;7098;-632;0;-632;-0,09774203526136716;-0,09774203526136716;;-0,09497310332034882;3;0
2017-10-23;20;2017-10-23 20:00:00;50,12;51,87;-1,75;41693;0;54417;7060;6141;0;6141;7060;-919;0;-919;-0,14964989415404656;-0,14964989415404656;;-0,03491620111731844;3;0
2017-10-23;21;2017-10-23 21:00:00;45,48;44,94;0,5399999999999991;41693;0;54417;6784;5807;0;5807;6784;-977;0;-977;-0,16824522128465644;-0,16824522128465644;;0,011873350923482831;3;0
2017-10-23;22;2017-10-23 22:00:00;37,7;36,05;1,6500000000000057;41693;0;54417;6432;5432;0;5432;6432;-1000;0;-1000;-0,18409425625920472;-0,18409425625920472;;0,04376657824933702;3;0
2017-10-23;23;2017-10-23 23:00:00;36,0;35,6;0,3999999999999986;41693;0;54417;6154;5109;0;5109;6154;-1045;0;-1045;-0,20454100606772363;-0,20454100606772363;;0,011111111111111072;3;0
2017-10-24;0;2017-10-24 00:00:00;31,68;33,8;-2,119999999999997;41697;0;54422;5608;5083;0;5083;5608;-525;0;-525;-0,10328546134172732;-0,10328546134172732;;-0,06691919191919182;3;1
2017-10-24;1;2017-10-24 01:00:00;32,41;31,58;0,8299999999999983;41697;0;54422;5270;5010;0;5010;5270;-260;0;-260;-0,05189620758483034;-0,05189620758483034;;0,02560937982104284;3;1
2017-10-24;2;2017-10-24 02:00:00;32,09;32,91;-0,8199999999999932;41697;0;54422;5159;5230;0;5230;5159;71;0;71;0,013575525812619503;0,013575525812619503;;-0,02555313181676513;3;1
2017-10-24;3;2017-10-24 03:00:00;31,67;32,39;-0,7199999999999989;41697;0;54422;5319;5510;0;5510;5319;191;0;191;0,03466424682395644;0,03466424682395644;;-0,022734449005367818;3;1
2017-10-24;4;2017-10-24 04:00:00;32,07;33,98;-1,9099999999999968;41697;0;54422;5699;5791;0;5791;5699;92;0;92;0,015886720773614228;0,015886720773614228;;-0,05955721858434664;3;1
2017-10-24;5;2017-10-24 05:00:00;34,3;35,21;-0,9100000000000036;41697;0;54422;5904;6038;0;6038;5904;134;0;134;0,022192779065915866;0,022192779065915866;;-0,026530612244898066;3;1
2017-10-24;6;2017-10-24 06:00:00;43,56;49,13;-5,57;41697;0;54422;6400;6233;0;6233;6400;-167;0;-167;-0,026792876624418416;-0,026792876624418416;;-0,12786960514233242;3;1
2017-10-24;7;2017-10-24 07:00:00;46,59;52,12;-5,529999999999994;41697;1;54422;6938;6466;3;6469;6939;-472;2;-470;-0,07265419693924872;-0,07299721620785649;0,6666666666666666;-0,1186949989268082;3;1
2017-10-24;8;2017-10-24 08:00:00;53,91;61,28;-7,370000000000003;41697;415;54422;8199;6661;277;6938;8614;-1538;-138;-1676;-0,24156817526664745;-0,23089626182254916;-0,4981949458483754;-0,1367093303654239;3;1
2017-10-24;9;2017-10-24 09:00:00;48,42;54,42;-6,0;41697;2146;54422;8843;6850;1204;8054;10989;-1993;-942;-2935;-0,36441519741743233;-0,29094890510948906;-0,782392026578073;-0,12391573729863692;3;1
2017-10-24;10;2017-10-24 10:00:00;49,08;49,95;-0,8700000000000045;41697;4311;54422;9394;7188;2360;9548;13705;-2206;-1951;-4157;-0,4353791369920402;-0,3069003895381191;-0,8266949152542373;-0,017726161369193246;3;1
2017-10-24;11;2017-10-24 11:00:00;45,39;43,97;1,4200000000000017;41697;6090;54422;9504;7783;3340;11123;15594;-1721;-2750;-4471;-0,40195990290389283;-0,22112296029808556;-0,8233532934131736;0,031284423881912354;3;1
2017-10-24;12;2017-10-24 12:00:00;38,58;37,66;0,9200000000000016;41697;6896;54422;10460;8627;3917;12544;17356;-1833;-2979;-4812;-0,383609693877551;-0,21247247015184884;-0,7605310186367118;0,023846552617936796;3;1
2017-10-24;13;2017-10-24 13:00:00;38,23;36,25;1,9799999999999969;41697;6995;54422;11204;9583;3835;13418;18199;-1621;-3160;-4781;-0,3563124161574005;-0,16915370969425023;-0,8239895697522817;0,05179178655506139;3;1
2017-10-24;14;2017-10-24 14:00:00;36,99;34,33;2,660000000000004;41697;6576;54422;11351;10219;3307;13526;17927;-1132;-3269;-4401;-0,32537335501996156;-0,11077404834132498;-0,9885092228605987;0,07191132738578004;3;1
2017-10-24;15;2017-10-24 15:00:00;36,99;35,33;1,6600000000000037;41697;4994;54422;11868;10395;2385;12780;16862;-1473;-2609;-4082;-0,31940532081377154;-0,1417027417027417;-1,0939203354297693;0,04487699378210337;3;1
2017-10-24;16;2017-10-24 16:00:00;36,1;36,49;-0,39000000000000057;41697;2498;54422;13108;10720;1227;11947;15606;-2388;-1271;-3659;-0,3062693563237633;-0,22276119402985076;-1,0358598207008964;-0,010803324099723007;3;1
2017-10-24;17;2017-10-24 17:00:00;39,68;39,91;-0,2299999999999969;41697;556;54422;14404;11458;307;11765;14960;-2946;-249;-3195;-0,27156821079473015;-0,2571129341944493;-0,8110749185667753;-0,0057963709677418575;3;1
2017-10-24;18;2017-10-24 18:00:00;44,9;42,82;2,0799999999999983;41697;1;54422;16199;12722;10;12732;16200;-3477;9;-3468;-0,27238454288407166;-0,27330608394906464;0,9;0,04632516703786188;3;1
2017-10-24;19;2017-10-24 19:00:00;39,56;36,79;2,770000000000003;41697;0;54422;18127;14340;0;14340;18127;-3787;0;-3787;-0,26408647140864716;-0,26408647140864716;;0,07002022244691615;3;1
2017-10-24;20;2017-10-24 20:00:00;33,0;33,4;-0,3999999999999986;41697;0;54422;18875;15805;0;15805;18875;-3070;0;-3070;-0,19424232837709585;-0,19424232837709585;;-0,012121212121212078;3;1
2017-10-24;21;2017-10-24 21:00:00;32,6;30,5;2,1000000000000014;41697;0;54422;19298;16967;0;16967;19298;-2331;0;-2331;-0,13738433429598632;-0,13738433429598632;;0,06441717791411047;3;1
2017-10-24;22;2017-10-24 22:00:00;30,18;30,49;-0,3099999999999987;41697;0;54422;18701;17955;0;17955;18701;-746;0;-746;-0,04154831523252576;-0,04154831523252576;;-0,010271703114645418;3;1
2017-10-24;23;2017-10-24 23:00:00;27,02;31,07;-4,050000000000002;41697;0;54422;18384;18588;0;18588;18384;204;0;204;0,010974822466107165;0,010974822466107165;;-0,1498889711324945;3;1
2017-10-25;0;2017-10-25 00:00:00;15,78;25,35;-9,570000000000002;41701;0;54426;18604;18628;0;18628;18604;24;0;24;0,0012883830792355595;0,0012883830792355595;;-0,6064638783269963;3;2
2017-10-25;1;2017-10-25 01:00:00;15,05;18,0;-2,9499999999999997;41701;0;54426;18458;18379;0;18379;18458;-79;0;-79;-0,004298384025246205;-0,004298384025246205;;-0,19601328903654483;3;2
2017-10-25;2;2017-10-25 02:00:00;12,79;15,58;-2,7900000000000014;41701;0;54426;17980;18200;0;18200;17980;220;0;220;0,012087912087912088;0,012087912087912088;;-0,21813917122752163;3;2
2017-10-25;3;2017-10-25 03:00:00;13,99;16,35;-2,3600000000000008;41701;0;54426;17683;17859;0;17859;17683;176;0;176;0,009854975082591411;0,009854975082591411;;-0,1686919228020015;3;2
2017-10-25;4;2017-10-25 04:00:00;17,03;22,15;-5,119999999999997;41701;0;54426;17640;17599;0;17599;17640;-41;0;-41;-0,002329677822603557;-0,002329677822603557;;-0,3006459189665295;3;2
2017-10-25;5;2017-10-25 05:00:00;26,35;26,66;-0,3099999999999987;41701;0;54426;18341;17826;0;17826;18341;-515;0;-515;-0,02889038483114552;-0,02889038483114552;;-0,011764705882352892;3;2
2017-10-25;6;2017-10-25 06:00:00;34,67;35,71;-1,0399999999999991;41701;0;54426;18689;18704;0;18704;18689;15;0;15;0,00080196749358426;0,00080196749358426;;-0,029997115661955554;3;2
2017-10-25;7;2017-10-25 07:00:00;44,84;39,89;4,950000000000003;41701;0;54426;19118;19708;1;19709;19118;590;1;591;0,02998630067481861;0,029937081388268724;1,0;0,110392506690455;3;2
2017-10-25;8;2017-10-25 08:00:00;45,0;47,35;-2,3500000000000014;41701;418;54426;20229;20895;326;21221;20647;666;-92;574;0,02704867819612648;0,031873653984206746;-0,2822085889570552;-0,05222222222222225;3;2
2017-10-25;9;2017-10-25 09:00:00;43,94;44,04;-0,10000000000000142;41701;2284;54426;21254;22099;1710;23809;23538;845;-574;271;0,01138225040950901;0,03823702429974207;-0,33567251461988307;-0,0022758306781975744;3;2
2017-10-25;10;2017-10-25 10:00:00;37,11;36,5;0,6099999999999994;41701;4899;54426;22784;23464;3736;27200;27683;680;-1163;-483;-0,01775735294117647;0,028980565973406067;-0,31129550321199145;0,016437617892751263;3;2
2017-10-25;11;2017-10-25 11:00:00;31,57;32,17;-0,6000000000000014;41701;7210;54426;24477;24763;5822;30585;31687;286;-1388;-1102;-0,036030734019944416;0,011549489157210354;-0,23840604603229132;-0,01900538485904344;3;2
2017-10-25;12;2017-10-25 12:00:00;29,79;28,95;0,8399999999999999;41701;8470;54426;25550;25506;7316;32822;34020;-44;-1154;-1198;-0,03649990859789166;-0,0017250842938916332;-0,1577364680153089;0,02819738167170191;3;2
2017-10-25;13;2017-10-25 13:00:00;29,66;29,88;-0,21999999999999886;41701;8728;54426;25550;26000;7682;33682;34278;450;-1046;-596;-0,017694911228549375;0,01730769230769231;-0,13616245769330904;-0,007417397167902861;3;2
2017-10-25;14;2017-10-25 14:00:00;30,0;30,11;-0,10999999999999943;41701;8676;54426;24590;25509;7149;32658;33266;919;-1527;-608;-0,018617184150897175;0,03602650045082128;-0,21359630717582878;-0,0036666666666666475;3;2
2017-10-25;15;2017-10-25 15:00:00;31,05;32,72;-1,6699999999999982;41701;6906;54426;22736;23709;5641;29350;29642;973;-1265;-292;-0,009948892674616695;0,041039267788603485;-0,2242510193228151;-0,05378421900161025;3;2
2017-10-25;16;2017-10-25 16:00:00;34,03;33,55;0,4800000000000039;41701;3906;54426;20072;21395;3192;24587;23978;1323;-714;609;0,02476918696872331;0,06183687777518112;-0,2236842105263158;0,0141052012929769;3;2
2017-10-25;17;2017-10-25 17:00:00;44,74;41,47;3,270000000000003;41701;861;54426;17900;18868;789;19657;18761;968;-72;896;0,04558172661138526;0,05130379478482086;-0,09125475285171103;0,07308895842646408;3;2
2017-10-25;18;2017-10-25 18:00:00;50,56;47,77;2,7899999999999987;41701;3;54426;17060;16982;22;17004;17063;-78;19;-59;-0,0034697718183956715;-0,004593098574961724;0,8636363636363636;0,05518196202531643;3;2
2017-10-25;19;2017-10-25 19:00:00;56,85;53,02;3,8299999999999983;41701;0;54426;16702;15599;0;15599;16702;-1103;0;-1103;-0,07070966087569716;-0,07070966087569716;;0,06737027264731747;3;2
2017-10-25;20;2017-10-25 20:00:00;46,19;42,97;3,219999999999999;41701;0;54426;16241;14507;0;14507;16241;-1734;0;-1734;-0,1195285034810781;-0,1195285034810781;;0,069712058887205;3;2
2017-10-25;21;2017-10-25 21:00:00;45,92;40,52;5,399999999999999;41701;0;54426;15533;13635;0;13635;15533;-1898;0;-1898;-0,1392005867253392;-0,1392005867253392;;0,11759581881533097;3;2
2017-10-25;22;2017-10-25 22:00:00;40,58;38,43;2,1499999999999986;41701;0;54426;14528;12666;0;12666;14528;-1862;0;-1862;-0,14700773724932892;-0,14700773724932892;;0,05298176441596843;3;2
2017-10-25;23;2017-10-25 23:00:00;33,09;32,2;0,8900000000000006;41701;0;54426;13879;11780;0;11780;13879;-2099;0;-2099;-0,17818336162988116;-0,17818336162988116;;0,026896343306134798;3;2
2017-10-26;0;2017-10-26 00:00:00;31,67;30,94;0,7300000000000004;41713;0;54442;13338;11707;0;11707;13338;-1631;0;-1631;-0,13931835653882294;-0,13931835653882294;;0,02305020524155353;3;3
2017-10-26;1;2017-10-26 01:00:00;32,18;31,75;0,4299999999999997;41713;0;54442;13085;11127;0;11127;13085;-1958;0;-1958;-0,17596836523771006;-0,17596836523771006;;0,01336233685518955;3;3
2017-10-26;2;2017-10-26 02:00:00;32,21;31,66;0,5500000000000007;41713;0;54442;13000;10743;0;10743;13000;-2257;0;-2257;-0,21009029135250862;-0,21009029135250862;;0,017075442409189713;3;3
2017-10-26;3;2017-10-26 03:00:00;32,25;30,65;1,6000000000000014;41713;0;54442;12442;10383;0;10383;12442;-2059;0;-2059;-0,19830492150630838;-0,19830492150630838;;0,049612403100775235;3;3
2017-10-26;4;2017-10-26 04:00:00;32,25;31,46;0,7899999999999991;41713;0;54442;11984;10134;0;10134;11984;-1850;0;-1850;-0,1825537793566213;-0,1825537793566213;;0,024496124031007725;3;3
2017-10-26;5;2017-10-26 05:00:00;35,36;36,14;-0,7800000000000011;41713;0;54442;11199;10012;0;10012;11199;-1187;0;-1187;-0,11855773072313223;-0,11855773072313223;;-0,022058823529411797;3;3
2017-10-26;6;2017-10-26 06:00:00;45,25;48,18;-2,93;41713;0;54442;10994;10056;0;10056;10994;-938;0;-938;-0,09327764518695306;-0,09327764518695306;;-0,06475138121546961;3;3
2017-10-26;7;2017-10-26 07:00:00;55,93;54,69;1,240000000000002;41713;1;54442;11116;10124;3;10127;11117;-992;2;-990;-0,09775846746321715;-0,09798498617147372;0,6666666666666666;0,02217057035580193;3;3
2017-10-26;8;2017-10-26 08:00:00;56,93;49,06;7,869999999999997;41713;464;54442;11165;10169;539;10708;11629;-996;75;-921;-0,08601045946955548;-0,09794473399547644;0,1391465677179963;0,13823994379062002;3;3
2017-10-26;9;2017-10-26 09:00:00;51,9;44,04;7,8599999999999985;41713;2554;54442;11312;10214;2839;13053;13866;-1098;285;-813;-0,06228453229142726;-0,1074995104758175;0,1003874603733709;0,1514450867052023;3;3
2017-10-26;10;2017-10-26 10:00:00;46,01;43,37;2,640000000000001;41713;5107;54442;11211;10520;5836;16356;16318;-691;729;38;0,0023233064318904377;-0,06568441064638783;0,12491432488005483;0,057378830688980684;3;3
2017-10-26;11;2017-10-26 11:00:00;43,25;44,89;-1,6400000000000006;41713;7620;54442;12028;11281;8416;19697;19648;-747;796;49;0,0024876884804792606;-0,06621753390656857;0,09458174904942966;-0,037919075144508686;3;3
2017-10-26;12;2017-10-26 12:00:00;38,3;42,22;-3,9200000000000017;41713;9305;54442;12902;12468;10068;22536;22207;-434;763;329;0,01459886403975861;-0,03480911132499198;0,07578466428287645;-0,10234986945169718;3;3
2017-10-26;13;2017-10-26 13:00:00;32,38;38,82;-6,439999999999998;41713;9681;54442;13846;13594;10312;23906;23527;-252;631;379;0,015853760562201957;-0,018537590113285273;0,061190845616757174;-0,19888820259419387;3;3
2017-10-26;14;2017-10-26 14:00:00;33,07;38,35;-5,280000000000001;41713;8990;54442;14755;14118;9221;23339;23745;-637;231;-406;-0,017395775311710014;-0,04511970534069982;0,025051512851100747;-0,15966132446325979;3;3
2017-10-26;15;2017-10-26 15:00:00;36,97;35,63;1,3399999999999963;41713;6792;54442;14610;13797;6916;20713;21402;-813;124;-689;-0,03326413363588085;-0,05892585344640139;0,017929438982070563;0,03624560454422495;3;3
2017-10-26;16;2017-10-26 16:00:00;45,42;39,33;6,0900000000000025;41713;3581;54442;14153;13062;3766;16828;17734;-1091;185;-906;-0,05383884002852389;-0,08352472821926198;0,04912373871481678;0,1340819022457068;3;3
2017-10-26;17;2017-10-26 17:00:00;48,91;44,67;4,239999999999995;41713;738;54442;13865;12577;910;13487;14603;-1288;172;-1116;-0,08274634833543412;-0,10240915957700565;0,189010989010989;0,08668983847883859;3;3
2017-10-26;18;2017-10-26 18:00:00;50,03;46,36;3,6700000000000017;41713;3;54442;14250;12613;20;12633;14253;-1637;17;-1620;-0,12823557349798148;-0,1297867279790692;0,85;0,07335598640815513;3;3
2017-10-26;19;2017-10-26 19:00:00;50,93;45,97;4,960000000000001;41713;1;54442;14530;13155;0;13155;14531;-1375;-1;-1376;-0,10459901178259216;-0,10452299505891297;-inf;0,0973885725505596;3;3
2017-10-26;20;2017-10-26 20:00:00;40,99;38,88;2,1099999999999994;41713;1;54442;14957;13849;0;13849;14958;-1108;-1;-1109;-0,08007798396996173;-0,08000577659036753;-inf;0,05147596974871918;3;3
2017-10-26;21;2017-10-26 21:00:00;34,97;37,26;-2,289999999999999;41713;1;54442;15936;14405;0;14405;15937;-1531;-1;-1532;-0,10635196112460951;-0,10628254078444985;-inf;-0,06548470117243349;3;3
2017-10-26;22;2017-10-26 22:00:00;32,34;35,29;-2,949999999999996;41713;0;54442;16064;14916;0;14916;16064;-1148;0;-1148;-0,07696433360150175;-0,07696433360150175;;-0,09121830550401966;3;3
2017-10-26;23;2017-10-26 23:00:00;30,92;31,99;-1,0699999999999967;41713;0;54442;16388;15444;0;15444;16388;-944;0;-944;-0,06112406112406112;-0,06112406112406112;;-0,03460543337645526;3;3
2017-10-27;0;2017-10-27 00:00:00;22,48;33,06;-10,580000000000002;41721;0;54455;17206;18157;0;18157;17206;951;0;951;0,05237649391419287;0,05237649391419287;;-0,47064056939501786;3;4
2017-10-27;1;2017-10-27 01:00:00;21,71;30,77;-9,06;41721;0;54455;17797;18963;0;18963;17797;1166;0;1166;0,06148816115593524;0,06148816115593524;;-0,41731920773836945;3;4
2017-10-27;2;2017-10-27 02:00:00;12,9;26,36;-13,46;41721;0;54455;18762;19774;0;19774;18762;1012;0;1012;0,051178314959037116;0,051178314959037116;;-1,0434108527131782;3;4
2017-10-27;3;2017-10-27 03:00:00;12,81;23,94;-11,13;41721;0;54455;19623;20525;0;20525;19623;902;0;902;0,04394640682095006;0,04394640682095006;;-0,8688524590163935;3;4
2017-10-27;4;2017-10-27 04:00:00;19,04;23,31;-4,27;41721;0;54455;20473;21291;0;21291;20473;818;0;818;0,03841998966699545;0,03841998966699545;;-0,22426470588235292;3;4
2017-10-27;5;2017-10-27 05:00:00;24,01;23,86;0,15000000000000213;41721;0;54455;21535;22019;0;22019;21535;484;0;484;0,02198101639493165;0,02198101639493165;;0,006247396917950942;3;4
2017-10-27;6;2017-10-27 06:00:00;32,0;38,87;-6,869999999999997;41721;0;54455;22884;22861;0;22861;22884;-23;0;-23;-0,0010060802239622063;-0,0010060802239622063;;-0,21468749999999992;3;4
2017-10-27;7;2017-10-27 07:00:00;36,79;39,71;-2,9200000000000017;41721;0;54455;23464;23671;1;23672;23464;207;1;208;0,008786752281176074;0,00874487769844958;1,0;-0,07936939385702642;3;4
2017-10-27;8;2017-10-27 08:00:00;38,91;41,1;-2,190000000000005;41721;308;54455;23500;24178;351;24529;23808;678;43;721;0,029393778792449754;0,02804202167259492;0,1225071225071225;-0,05628373168851208;3;4
2017-10-27;9;2017-10-27 09:00:00;38,69;42,81;-4,1200000000000045;41721;2120;54455;23260;24456;2072;26528;25380;1196;-48;1148;0,04327503015681544;0,0489041543997383;-0,023166023166023165;-0,10648746446110119;3;4
2017-10-27;10;2017-10-27 10:00:00;38,36;40,89;-2,5300000000000007;41721;4834;54455;24293;24888;4447;29335;29127;595;-387;208;0,007090506221237429;0,02390710382513661;-0,08702496064762762;-0,06595411887382692;3;4
2017-10-27;11;2017-10-27 11:00:00;33,52;33,81;-0,28999999999999915;41721;6943;54455;25686;25559;6801;32360;32629;-127;-142;-269;-0,008312731767614339;-0,004968895496693924;-0,02087928245846199;-0,008651551312649138;3;4
2017-10-27;12;2017-10-27 12:00:00;28,51;29,3;-0,7899999999999991;41721;8451;54455;27558;26281;8590;34871;36009;-1277;139;-1138;-0,032634567405580565;-0,048590236292378526;0,016181606519208382;-0,02770957558751312;3;4
2017-10-27;13;2017-10-27 13:00:00;25,97;25,46;0,509999999999998;41721;9568;54455;27536;26667;9351;36018;37104;-869;-217;-1086;-0,03015159087123105;-0,032587092661341736;-0,02320607421666132;0,01963804389680393;3;4
2017-10-27;14;2017-10-27 14:00:00;27,09;17,68;9,41;41721;8822;54455;26549;26435;9057;35492;35371;-114;235;121;0,0034092189789248282;-0,00431246453565349;0,02594678149497626;0,3473606496862311;3;4
2017-10-27;15;2017-10-27 15:00:00;26,99;21,36;5,629999999999999;41721;6746;54455;25324;25273;7302;32575;32070;-51;556;505;0,015502686108979279;-0,0020179638349226447;0,07614352232265133;0,20859577621341235;3;4
2017-10-27;16;2017-10-27 16:00:00;30,01;28,23;1,7800000000000011;41721;3776;54455;23396;23668;4105;27773;27172;272;329;601;0,021639722032189536;0,011492310292377895;0,08014616321559075;0,05931356214595138;3;4
2017-10-27;17;2017-10-27 17:00:00;37,8;36,1;1,6999999999999955;41721;796;54455;21060;21893;969;22862;21856;833;173;1006;0,04400314933076721;0,03804869136253597;0,1785345717234262;0,04497354497354486;3;4
2017-10-27;18;2017-10-27 18:00:00;44,93;44,63;0,2999999999999972;41721;4;54455;19544;20149;19;20168;19548;605;15;620;0,030741769139230463;0,0300263040349397;0,7894736842105263;0,006677053193857049;3;4
2017-10-27;19;2017-10-27 19:00:00;46,93;45,21;1,7199999999999989;41721;1;54455;17705;18873;0;18873;17706;1168;-1;1167;0,0618343665553966;0,0618873523022307;-inf;0,036650330279139116;3;4
2017-10-27;20;2017-10-27 20:00:00;44,18;41,99;2,1899999999999977;41721;1;54455;17738;18107;0;18107;17739;369;-1;368;0,020323631744629148;0,02037885900480477;-inf;0,04956994114984151;3;4
2017-10-27;21;2017-10-27 21:00:00;35,99;29,8;6,190000000000001;41721;1;54455;18252;17839;0;17839;18253;-413;-1;-414;-0,023207578900162566;-0,023151521946297438;-inf;0,1719922200611281;3;4
2017-10-27;22;2017-10-27 22:00:00;32,04;23,67;8,369999999999997;41721;0;54455;18407;18040;0;18040;18407;-367;0;-367;-0,020343680709534368;-0,020343680709534368;;0,2612359550561797;3;4
2017-10-27;23;2017-10-27 23:00:00;19,17;14,93;4,240000000000002;41721;0;54455;19522;18569;0;18569;19522;-953;0;-953;-0,05132209596639561;-0,05132209596639561;;0,2211789254042776;3;4
2017-10-28;0;2017-10-28 00:00:00;16,04;11,49;4,549999999999999;41723;0;54458;20406;21557;0;21557;20406;1151;0;1151;0,053393329312984183;0,053393329312984183;;0,2836658354114713;3;5
2017-10-28;1;2017-10-28 01:00:00;9,41;14,93;-5,52;41723;0;54458;21714;22759;0;22759;21714;1045;0;1045;0,045915901401643304;0,045915901401643304;;-0,5866099893730073;3;5
2017-10-28;2;2017-10-28 02:00:00;0,03;6,48;-6,45;41723;0;54458;23265;24078;0;24078;23265;813;0;813;0,033765262895589336;0,033765262895589336;;-215,0;3;5
2017-10-28;3;2017-10-28 03:00:00;-9,69;4,33;-14,02;41723;0;54458;24701;25275;0;25275;24701;574;0;574;0,02271018793273986;0,02271018793273986;;1,4468524251805985;3;5
2017-10-28;4;2017-10-28 04:00:00;-13,02;5,06;-18,08;41723;0;54458;25774;26463;0;26463;25774;689;0;689;0,026036352643313304;0,026036352643313304;;1,3886328725038402;3;5
2017-10-28;5;2017-10-28 05:00:00;-15,01;4,5;-19,51;41723;0;54458;26810;27593;0;27593;26810;783;0;783;0,02837676222230276;0,02837676222230276;;1,2998001332445037;3;5
2017-10-28;6;2017-10-28 06:00:00;-9,6;6,13;-15,73;41723;0;54458;29086;28719;0;28719;29086;-367;0;-367;-0,012778996483164455;-0,012778996483164455;;1,6385416666666668;3;5
2017-10-28;7;2017-10-28 07:00:00;0,12;9,62;-9,5;41723;0;54458;30814;29949;1;29950;30814;-865;1;-864;-0,028848080133555925;-0,02888243347023273;1,0;-79,16666666666667;3;5
2017-10-28;8;2017-10-28 08:00:00;0,12;7,39;-7,27;41723;316;54458;31695;31286;315;31601;32011;-409;-1;-410;-0,012974272966045378;-0,01307293997315093;-0,0031746031746031746;-60,58333333333333;3;5
2017-10-28;9;2017-10-28 09:00:00;5,41;6,87;-1,46;41723;1614;54458;32976;32792;1778;34570;34590;-184;164;-20;-0,0005785363031530228;-0,00561112466455233;0,0922384701912261;-0,2698706099815157;3;5
2017-10-28;10;2017-10-28 10:00:00;0,27;3,64;-3,37;41723;3143;54458;34766;34450;3578;38028;37909;-316;435;119;0,003129273167140002;-0,009172714078374456;0,12157629960871996;-12,481481481481481;3;5
2017-10-28;11;2017-10-28 11:00:00;0,11;5,27;-5,159999999999998;41723;4268;54458;36562;35871;4896;40767;40830;-691;628;-63;-0,0015453675767164619;-0,01926347188536701;0,12826797385620914;-46,90909090909089;3;5
2017-10-28;12;2017-10-28 12:00:00;-0,1;-5,65;5,550000000000002;41723;4782;54458;38020;36802;5503;42305;42802;-1218;721;-497;-0,011748020328566363;-0,03309602738981577;0,13101944393966927;-55,500000000000014;3;5
2017-10-28;13;2017-10-28 13:00:00;-13,38;-12,11;-1,2700000000000014;41723;4608;54458;38382;37458;5265;42723;42990;-924;657;-267;-0,006249561126325399;-0,02466762774307224;0,12478632478632479;0,09491778774289994;3;5
2017-10-28;14;2017-10-28 14:00:00;-31,42;-33,24;1,8200000000000005;41723;3894;54458;38343;37746;4353;42099;42237;-597;459;-138;-0,0032779876006555973;-0,015816245429979336;0,10544452101998622;-0,057924888605983466;3;5
2017-10-28;15;2017-10-28 15:00:00;-17,03;-24,97;7,939999999999998;41723;2679;54458;38527;37722;2990;40712;41206;-805;311;-494;-0,012134014541167224;-0,021340331901807962;0,1040133779264214;-0,4662360540223134;3;5
2017-10-28;16;2017-10-28 16:00:00;-4,02;-12,79;8,77;41723;1291;54458;38356;37497;1480;38977;39647;-859;189;-670;-0,017189624650434873;-0,022908499346614396;0,1277027027027027;-2,181592039800995;3;5
2017-10-28;17;2017-10-28 17:00:00;0,08;-9,51;9,59;41723;204;54458;38495;37318;332;37650;38699;-1177;128;-1049;-0,027861885790172642;-0,03153973953588081;0,3855421686746988;119,875;3;5
2017-10-28;18;2017-10-28 18:00:00;7,56;-5,95;13,51;41723;0;54458;38854;37380;7;37387;38854;-1474;7;-1467;-0,03923823789017573;-0,03943285179240236;1,0;1,7870370370370372;3;5
2017-10-28;19;2017-10-28 19:00:00;8,89;-11,54;20,43;41723;0;54458;39231;37610;0;37610;39231;-1621;0;-1621;-0,04310023929805903;-0,04310023929805903;;2,2980877390326206;3;5
2017-10-28;20;2017-10-28 20:00:00;0,23;-30,66;30,89;41723;0;54458;39149;37922;0;37922;39149;-1227;0;-1227;-0,03235588840251041;-0,03235588840251041;;134,30434782608694;3;5
2017-10-28;21;2017-10-28 21:00:00;-38,19;-46,03;7,8400000000000025;41723;0;54458;38978;38265;0;38265;38978;-713;0;-713;-0,018633215732392527;-0,018633215732392527;;-0,20528934275988486;3;5
2017-10-28;22;2017-10-28 22:00:00;-49,98;-57,7;7,720000000000006;41723;0;54458;37810;38851;0;38851;37810;1041;0;1041;0,026794677099688555;0,026794677099688555;;-0,1544617847138857;3;5
2017-10-28;23;2017-10-28 23:00:00;-70,09;-76,33;6,239999999999995;41723;0;54458;36509;39417;0;39417;36509;2908;0;2908;0,07377527462769871;0,07377527462769871;;-0,08902839206734191;3;5
2017-10-29;0;2017-10-29 00:00:00;-79,94;-80,87;0,9300000000000068;41723;0;54461;32698;40368;0;40368;32698;7670;0;7670;0,19000198176773683;0,19000198176773683;;-0,011633725293970564;3;6
2017-10-29;1;2017-10-29 01:00:00;-83,0;-86,78;3,780000000000001;41723;0;54461;30017;40366;0;40366;30017;10349;0;10349;0,2563791309517911;0,2563791309517911;;-0,04554216867469881;3;6
2017-10-29;2;2017-10-29 02:00:00;-83,06;-90,45;7,3900000000000015;41723;0;54461;27318;40257;0;40257;27318;12939;0;12939;0,321409941128251;0,321409941128251;;-0,08897182759451001;3;6
2017-10-29;3;2017-10-29 03:00:00;-83,03;-85,36;2,3299999999999983;41723;0;54461;26860;40347;0;40347;26860;13487;0;13487;0,33427516296131066;0,33427516296131066;;-0,02806214621221243;3;6
2017-10-29;4;2017-10-29 04:00:00;-83,04;-78,63;-4,410000000000012;41723;0;54461;28501;40136;0;40136;28501;11635;0;11635;0,289889376121188;0,289889376121188;;0,05310693641618511;3;6
2017-10-29;5;2017-10-29 05:00:00;-83,02;-77,72;-5,299999999999997;41723;0;54461;30998;40103;0;40103;30998;9105;0;9105;0,22704037104456026;0,22704037104456026;;0,0638400385449289;3;6
2017-10-29;6;2017-10-29 06:00:00;-83,01;-73,31;-9,700000000000003;41723;0;54461;31718;39986;0;39986;31718;8268;0;8268;0,20677237032961537;0,20677237032961537;;0,11685339115769187;3;6
2017-10-29;7;2017-10-29 07:00:00;-80,0;-53,05;-26,950000000000006;41723;274;54461;33321;39689;284;39973;33595;6368;10;6378;0,15955770144847772;0,1604474791503943;0,035211267605633804;0,3368750000000001;3;6
2017-10-29;8;2017-10-29 08:00:00;-79,96;-41,49;-38,46999999999999;41723;1834;54461;33737;39280;1800;41080;35571;5543;-34;5509;0,1341041869522882;0,14111507128309572;-0,01888888888888889;0,48111555777888937;3;6
2017-10-29;9;2017-10-29 09:00:00;-76,02;-28,91;-47,11;41723;4047;54461;35713;38829;3876;42705;39760;3116;-171;2945;0,06896147992038403;0,08024929820494991;-0,04411764705882353;0,6197053406998159;3;6
2017-10-29;10;2017-10-29 10:00:00;-67,08;-18,6;-48,48;41723;6399;54461;36335;38435;6039;44474;42734;2100;-360;1740;0,03912398255160318;0,05463770001300897;-0,05961251862891207;0,7227191413237924;3;6
2017-10-29;11;2017-10-29 11:00:00;-81,95;-16,26;-65,69;41723;8672;54461;35803;37916;7757;45673;44475;2113;-915;1198;0,026229938913581326;0,05572845236839329;-0,1179579734433415;0,8015863331299572;3;6
2017-10-29;12;2017-10-29 12:00:00;-67,07;-42,78;-24,289999999999992;41723;9543;54461;35161;37280;8675;45955;44704;2119;-868;1251;0,02722228266782722;0,05684012875536481;-0,10005763688760808;0,36215893842254354;3;6
2017-10-29;13;2017-10-29 13:00:00;-80,07;-43,81;-36,25999999999999;41723;9367;54461;32975;36296;8562;44858;42342;3321;-805;2516;0,05608810022738419;0,09149768569539343;-0,09402008876430741;0,45285375296615454;3;6
2017-10-29;14;2017-10-29 14:00:00;-79,95;-40,02;-39,93;41723;7330;54461;32988;34900;6925;41825;40318;1912;-405;1507;0,036031081888822473;0,05478510028653295;-0,05848375451263538;0,499437148217636;3;6
2017-10-29;15;2017-10-29 15:00:00;-76,06;-10,42;-65,64;41723;4014;54461;31166;33245;3798;37043;35180;2079;-216;1863;0,05029290284264233;0,06253571965709129;-0,05687203791469194;0,8630028924533263;3;6
2017-10-29;16;2017-10-29 16:00:00;-0,92;14,66;-15,58;41723;740;54461;28716;31218;779;31997;29456;2502;39;2541;0,07941369503390942;0,08014606957524505;0,05006418485237484;16,934782608695652;3;6
2017-10-29;17;2017-10-29 17:00:00;8,51;27,16;-18,65;41723;2;54461;28515;29377;12;29389;28517;862;10;872;0,029670965327163224;0,029342683051366714;0,8333333333333334;-2,191539365452409;3;6
2017-10-29;18;2017-10-29 18:00:00;27,62;30,43;-2,8099999999999987;41723;0;54461;28332;28032;0;28032;28332;-300;0;-300;-0,010702054794520547;-0,010702054794520547;;-0,10173787110789279;3;6
2017-10-29;19;2017-10-29 19:00:00;29,77;20,98;8,79;41723;0;54461;27922;27049;0;27049;27922;-873;0;-873;-0,032274760619616254;-0,032274760619616254;;0,29526368827678867;3;6
2017-10-29;20;2017-10-29 20:00:00;22,06;8,96;13,099999999999998;41723;0;54461;27292;26218;0;26218;27292;-1074;0;-1074;-0,04096422305286444;-0,04096422305286444;;0,5938349954669083;3;6
2017-10-29;21;2017-10-29 21:00:00;17,0;-0,95;17,95;41723;0;54461;26109;25419;0;25419;26109;-690;0;-690;-0,027145048979110114;-0,027145048979110114;;1,0558823529411765;3;6
2017-10-29;22;2017-10-29 22:00:00;12,44;6,49;5,949999999999998;41723;0;54461;24613;24666;0;24666;24613;53;0;53;0,002148706721803292;0,002148706721803292;;0,4782958199356912;3;6
2017-10-29;23;2017-10-29 23:00:00;-70,05;0,44;-70,49;41723;0;54461;24093;24037;0;24037;24093;-56;0;-56;-0,002329741648292216;-0,002329741648292216;;1,006281227694504;3;6
2017-10-30;0;2017-10-30 00:00:00;0,75;11,11;-10,36;41743;0;54461;24026;24845;0;24845;24026;819;0;819;0,03296437915073455;0,03296437915073455;;-13,813333333333333;3;0
2017-10-30;1;2017-10-30 01:00:00;0,01;6,9;-6,8900000000000015;41743;0;54461;23789;24484;0;24484;23789;695;0;695;0,028385884659369386;0,028385884659369386;;-689,0000000000001;3;0
2017-10-30;2;2017-10-30 02:00:00;0,08;3,25;-3,17;41743;0;54461;23147;24090;0;24090;23147;943;0;943;0,03914487339144873;0,03914487339144873;;-39,625;3;0
2017-10-30;3;2017-10-30 03:00:00;4,05;3,99;0,05999999999999961;41743;0;54461;22467;23515;0;23515;22467;1048;0;1048;0,044567297469700194;0,044567297469700194;;0,014814814814814718;3;0
2017-10-30;4;2017-10-30 04:00:00;2,95;8,58;-5,63;41743;0;54461;21738;22808;0;22808;21738;1070;0;1070;0,04691336373202385;0,04691336373202385;;-1,9084745762711863;3;0
2017-10-30;5;2017-10-30 05:00:00;18,09;21,09;-3,0;41743;0;54461;21719;22052;0;22052;21719;333;0;333;0,015100671140939598;0,015100671140939598;;-0,16583747927031509;3;0
2017-10-30;6;2017-10-30 06:00:00;28,42;30,86;-2,4399999999999977;41743;0;54461;21350;21350;1;21351;21350;0;1;1;4,68362137604796e-05;0,0;1,0;-0,08585503166783946;3;0
2017-10-30;7;2017-10-30 07:00:00;36,43;34,73;1,7000000000000028;41743;700;54461;19810;20290;812;21102;20510;480;112;592;0,028054212870817934;0,02365697387875801;0,13793103448275862;0,046664836673071725;3;0
2017-10-30;8;2017-10-30 08:00:00;33,48;29,73;3,749999999999997;41743;3912;54461;17974;18979;4494;23473;21886;1005;582;1587;0,06760959400161888;0,05295326413404289;0,1295060080106809;0,11200716845878128;3;0
2017-10-30;9;2017-10-30 09:00:00;30,38;33,4;-3,02;41743;7947;54461;16048;17985;8694;26679;23995;1937;747;2684;0,1006034708947112;0,10770086182930219;0,08592132505175984;-0,09940750493745885;3;0
2017-10-30;10;2017-10-30 10:00:00;29,74;32,55;-2,8099999999999987;41743;11360;54461;15380;17756;11668;29424;26740;2376;308;2684;0,09121805328983143;0,13381392205451678;0,026396983201919782;-0,09448554135843977;3;0
2017-10-30;11;2017-10-30 11:00:00;29,46;28,96;0,5;41743;12753;54461;16097;18139;12882;31021;28850;2042;129;2171;0,06998484897327617;0,11257511439439881;0,010013972985561248;0,01697216564833673;3;0
2017-10-30;12;2017-10-30 12:00:00;29,7;24,1;5,599999999999998;41743;12130;54461;17890;18502;12384;30886;30020;612;254;866;0,02803859353752509;0,03307750513458005;0,02051033591731266;0,18855218855218847;3;0
2017-10-30;13;2017-10-30 13:00:00;29,98;22,05;7,93;41743;9929;54461;18729;18334;10629;28963;28658;-395;700;305;0,010530677070745434;-0,021544671102868986;0,06585755950700913;0,26450967311541024;3;0
2017-10-30;14;2017-10-30 14:00:00;36,36;25,1;11,259999999999998;41743;7046;54461;18171;17391;7765;25156;25217;-780;719;-61;-0,00242486881857211;-0,044850784888735555;0,09259497746297489;0,3096809680968096;3;0
2017-10-30;15;2017-10-30 15:00:00;43,99;32,96;11,03;41743;3523;54461;16996;16047;4072;20119;20519;-949;549;-400;-0,019881703862020976;-0,05913877983423693;0,13482318271119842;0,25073880427369855;3;0
2017-10-30;16;2017-10-30 16:00:00;46,34;37,81;8,530000000000001;41743;580;54461;15448;14766;752;15518;16028;-682;172;-510;-0,0328650599304034;-0,04618718678044156;0,22872340425531915;0,18407423392317654;3;0
2017-10-30;17;2017-10-30 17:00:00;61,0;52,48;8,520000000000003;41743;1;54461;13764;14043;8;14051;13765;279;7;286;0,02035442317272792;0,019867549668874173;0,875;0,13967213114754104;3;0
2017-10-30;18;2017-10-30 18:00:00;70,09;56,57;13,520000000000005;41743;0;54461;13337;13555;0;13555;13337;218;0;218;0,016082626337144964;0,016082626337144964;;0,19289484947924104;3;0
2017-10-30;19;2017-10-30 19:00:00;51,98;43,71;8,269999999999996;41743;0;54461;13126;13044;0;13044;13126;-82;0;-82;-0,006286415210058264;-0,006286415210058264;;0,15909965371296647;3;0
2017-10-30;20;2017-10-30 20:00:00;48,13;39,96;8,170000000000002;41743;0;54461;12871;12461;0;12461;12871;-410;0;-410;-0,03290265628761736;-0,03290265628761736;;0,1697485975483067;3;0
2017-10-30;21;2017-10-30 21:00:00;47,18;36,11;11,07;41743;0;54461;12427;11761;0;11761;12427;-666;0;-666;-0,0566278377688972;-0,0566278377688972;;0,23463331920305214;3;0
2017-10-30;22;2017-10-30 22:00:00;46,05;33,9;12,15;41743;0;54461;11864;11153;0;11153;11864;-711;0;-711;-0,06374966376759617;-0,06374966376759617;;0,26384364820846906;3;0
2017-10-30;23;2017-10-30 23:00:00;41,97;25,45;16,52;41743;0;54461;11946;10652;0;10652;11946;-1294;0;-1294;-0,12147953435974465;-0,12147953435974465;;0,39361448653800335;3;0
2017-10-31;0;2017-10-31 00:00:00;30,08;24,68;5,399999999999999;41744;0;54465;10964;9555;0;9555;10964;-1409;0;-1409;-0,14746206174777604;-0,14746206174777604;;0,17952127659574466;3;1
2017-10-31;1;2017-10-31 01:00:00;30,89;24,69;6,199999999999998;41744;0;54465;10605;9371;0;9371;10605;-1234;0;-1234;-0,13168285134990929;-0,13168285134990929;;0,20071220459695688;3;1
2017-10-31;2;2017-10-31 02:00:00;30,01;23,21;6,800000000000002;41744;0;54465;9916;9116;0;9116;9916;-800;0;-800;-0,0877577885037297;-0,0877577885037297;;0,22659113628790406;3;1
2017-10-31;3;2017-10-31 03:00:00;29,09;25,28;3,809999999999999;41744;0;54465;9577;8776;0;8776;9577;-801;0;-801;-0,09127164995442115;-0,09127164995442115;;0,13097284290134065;3;1
2017-10-31;4;2017-10-31 04:00:00;30,29;29,28;1,009999999999998;41744;0;54465;9449;8444;0;8444;9449;-1005;0;-1005;-0,11901942207484605;-0,11901942207484605;;0,033344338065368045;3;1
2017-10-31;5;2017-10-31 05:00:00;32,24;35,27;-3,030000000000001;41744;0;54465;9070;8279;0;8279;9070;-791;0;-791;-0,09554293996859524;-0,09554293996859524;;-0,09398263027295288;3;1
2017-10-31;6;2017-10-31 06:00:00;38,94;40,28;-1,3400000000000034;41744;0;54465;8954;8295;0;8295;8954;-659;0;-659;-0,07944544906570224;-0,07944544906570224;;-0,034411915767848064;3;1
2017-10-31;7;2017-10-31 07:00:00;37,9;40,24;-2,3400000000000034;41744;541;54465;8549;8331;512;8843;9090;-218;-29;-247;-0,027931697387764333;-0,026167326851518426;-0,056640625;-0,06174142480211091;3;1
2017-10-31;8;2017-10-31 08:00:00;41,09;37,53;3,5600000000000023;41744;3426;54465;8501;8366;2872;11238;11927;-135;-554;-689;-0,061309841608827194;-0,016136743963662444;-0,19289693593314763;0,08663908493550747;3;1
2017-10-31;9;2017-10-31 09:00:00;39,92;33,85;6,07;41744;6701;54465;8233;8676;5567;14243;14934;443;-1134;-691;-0,04851506002948817;0,05106039649608114;-0,20370037722292078;0,15205410821643287;3;1
2017-10-31;10;2017-10-31 10:00:00;37,98;30,15;7,829999999999997;41744;9126;54465;8513;9340;7540;16880;17639;827;-1586;-759;-0,04496445497630332;0,08854389721627409;-0,2103448275862069;0,20616113744075823;3;1
2017-10-31;11;2017-10-31 11:00:00;39,97;31,84;8,129999999999999;41744;10191;54465;9365;10253;8352;18605;19556;888;-1839;-951;-0,05111529158828272;0,08660879742514387;-0,22018678160919541;0,20340255191393544;3;1
2017-10-31;12;2017-10-31 12:00:00;36,95;30,45;6,500000000000004;41744;9642;54465;10078;11237;7915;19152;19720;1159;-1727;-568;-0,029657477025898077;0,10314140784907004;-0,21819330385344282;0,17591339648173218;3;1
2017-10-31;13;2017-10-31 13:00:00;34,14;28,75;5,3900000000000015;41744;7994;54465;10427;11856;6612;18468;18421;1429;-1382;47;0,0025449426034221357;0,12052968960863698;-0,20901391409558379;0,15787932044522557;3;1
2017-10-31;14;2017-10-31 14:00:00;35,65;31,59;4,059999999999999;41744;5673;54465;10178;11935;4690;16625;15851;1757;-983;774;0,04655639097744361;0,1472140762463343;-0,2095948827292111;0,11388499298737725;3;1
2017-10-31;15;2017-10-31 15:00:00;38,99;40,27;-1,2800000000000011;41744;2939;54465;10256;11869;2412;14281;13195;1613;-527;1086;0,07604509488131084;0,13590024433397926;-0,21849087893864014;-0,03282893049499874;3;1
2017-10-31;16;2017-10-31 16:00:00;42,45;46,07;-3,619999999999997;41744;534;54465;10312;11885;503;12388;10846;1573;-31;1542;0,1244752986761382;0,13235170382835507;-0,061630218687872766;-0,08527679623085976;3;1
2017-10-31;17;2017-10-31 17:00:00;46,92;51,87;-4,949999999999996;41744;0;54465;10622;12131;6;12137;10622;1509;6;1515;0,12482491554749939;0,12439205341686588;1,0;-0,10549872122762138;3;1
2017-10-31;18;2017-10-31 18:00:00;47,36;53,62;-6,259999999999998;41744;0;54465;11352;12607;0;12607;11352;1255;0;1255;0,09954787023082415;0,09954787023082415;;-0,132179054054054;3;1
2017-10-31;19;2017-10-31 19:00:00;44,31;51,55;-7,239999999999995;41744;0;54465;12124;13119;0;13119;12124;995;0;995;0,07584419544172574;0,07584419544172574;;-0,16339426765967038;3;1
2017-10-31;20;2017-10-31 20:00:00;39,0;42,85;-3,8500000000000014;41744;0;54465;12564;13640;0;13640;12564;1076;0;1076;0,07888563049853373;0,07888563049853373;;-0,09871794871794876;3;1
2017-10-31;21;2017-10-31 21:00:00;37,1;40,0;-2,8999999999999986;41744;0;54465;13445;14073;0;14073;13445;628;0;628;0,044624458182334965;0,044624458182334965;;-0,07816711590296492;3;1
2017-10-31;22;2017-10-31 22:00:00;34,98;40,1;-5,1200000000000045;41744;0;54465;14422;14458;0;14458;14422;36;0;36;0,002489970950338913;0,002489970950338913;;-0,14636935391652386;3;1
2017-10-31;23;2017-10-31 23:00:00;30,82;32,7;-1,8800000000000023;41744;0;54465;15024;14734;0;14734;15024;-290;0;-290;-0,019682367313696214;-0,019682367313696214;;-0,060999351070733364;3;1
2017-11-01;0;2017-11-01 00:00:00;26,91;30,96;-4,050000000000002;41746;0;54465;15424;15570;0;15570;15424;146;0;146;0,009377007064868336;0,009377007064868336;;-0,15050167224080274;3;2
2017-11-01;1;2017-11-01 01:00:00;23,06;30,78;-7,720000000000002;41746;0;54465;15605;15900;0;15900;15605;295;0;295;0,018553459119496855;0,018553459119496855;;-0,3347788378143973;3;2
2017-11-01;2;2017-11-01 02:00:00;22,27;29,31;-7,039999999999999;41746;0;54465;16219;16259;0;16259;16219;40;0;40;0,002460175902577034;0,002460175902577034;;-0,31612034126627747;3;2
2017-11-01;3;2017-11-01 03:00:00;22,97;28,2;-5,23;41746;0;54465;16578;16459;0;16459;16578;-119;0;-119;-0,0072300868825566555;-0,0072300868825566555;;-0,22768828907270355;3;2
2017-11-01;4;2017-11-01 04:00:00;26,66;29,24;-2,5799999999999983;41746;0;54465;16914;16547;0;16547;16914;-367;0;-367;-0,022179246993412702;-0,022179246993412702;;-0,09677419354838704;3;2
2017-11-01;5;2017-11-01 05:00:00;27,03;29,95;-2,919999999999998;41746;0;54465;16884;16617;0;16617;16884;-267;0;-267;-0,01606788228922188;-0,01606788228922188;;-0,10802811690714015;3;2
2017-11-01;6;2017-11-01 06:00:00;29,07;32,53;-3,4600000000000013;41746;0;54465;16948;16674;0;16674;16948;-274;0;-274;-0,01643276958138419;-0,01643276958138419;;-0,11902304781561752;3;2
2017-11-01;7;2017-11-01 07:00:00;31,0;33,36;-2,3599999999999994;41746;145;54465;17077;16619;204;16823;17222;-458;59;-399;-0,023717529572608927;-0,027558818220109513;0,28921568627450983;-0,0761290322580645;3;2
2017-11-01;8;2017-11-01 08:00:00;36,06;40,8;-4,739999999999995;41746;1146;54465;17099;16586;1423;18009;18245;-513;277;-236;-0,013104558831695264;-0,030929699746774387;0,19465917076598735;-0,13144758735440917;3;2
2017-11-01;9;2017-11-01 09:00:00;35,16;43,19;-8,030000000000001;41746;2762;54465;17250;16715;3376;20091;20012;-535;614;79;0,003932108904484595;-0,032007179180376905;0,18187203791469195;-0,22838452787258254;3;2
2017-11-01;10;2017-11-01 10:00:00;32,37;42,1;-9,730000000000004;41746;4495;54465;16856;16894;5452;22346;21351;38;957;995;0,04452698469524747;0,0022493192849532377;0,17553191489361702;-0,3005869632375658;3;2
2017-11-01;11;2017-11-01 11:00:00;33,08;42,97;-9,89;41746;5885;54465;16714;17090;6868;23958;22599;376;983;1359;0,05672426746806912;0,02200117027501463;0,14312754804892253;-0,2989721886336155;3;2
2017-11-01;12;2017-11-01 12:00:00;29,79;39,56;-9,770000000000003;41746;6864;54465;16972;17180;7451;24631;23836;208;587;795;0,032276399658966344;0,01210710128055879;0,0787813716279694;-0,3279624034911045;3;2
2017-11-01;13;2017-11-01 13:00:00;29,06;36,17;-7,110000000000002;41746;6894;54465;16751;17083;7200;24283;23645;332;306;638;0,02627352468805337;0,019434525551718082;0,0425;-0,2446662078458363;3;2
2017-11-01;14;2017-11-01 14:00:00;29,18;34,95;-5,770000000000002;41746;5477;54465;16312;16819;5813;22632;21789;507;336;843;0,03724814422057264;0,03014447945775611;0,05780147944262859;-0,19773817683344763;3;2
2017-11-01;15;2017-11-01 15:00:00;30,01;38,44;-8,429999999999996;41746;2874;54465;16416;16505;3204;19709;19290;89;330;419;0,021259323151859556;0,005392305362011512;0,10299625468164794;-0,2809063645451515;3;2
2017-11-01;16;2017-11-01 16:00:00;36,93;43,64;-6,710000000000001;41746;504;54465;17250;16470;677;17147;17754;-780;173;-607;-0,03539977838688983;-0,04735883424408015;0,2555391432791728;-0,181695098835635;3;2
2017-11-01;17;2017-11-01 17:00:00;42,49;46,0;-3,509999999999998;41746;0;54465;17837;16884;9;16893;17837;-953;9;-944;-0,05588113419759664;-0,0564439706230751;1,0;-0,0826076723935043;3;2
2017-11-01;18;2017-11-01 18:00:00;43,93;45,19;-1,259999999999998;41746;0;54465;18445;17544;0;17544;18445;-901;0;-901;-0,05135658914728682;-0,05135658914728682;;-0,028681994081493238;3;2
2017-11-01;19;2017-11-01 19:00:00;41,97;41,69;0,28000000000000114;41746;0;54465;18974;18166;0;18166;18974;-808;0;-808;-0,04447869646592535;-0,04447869646592535;;0,006671431975220423;3;2
2017-11-01;20;2017-11-01 20:00:00;36,52;31,96;4,560000000000001;41746;0;54465;19292;18802;0;18802;19292;-490;0;-490;-0,026061057334326135;-0,026061057334326135;;0,12486308871851043;3;2
2017-11-01;21;2017-11-01 21:00:00;30,07;32,33;-2,259999999999998;41746;0;54465;19741;19389;0;19389;19741;-352;0;-352;-0,01815462375573779;-0,01815462375573779;;-0,07515796474891911;3;2
2017-11-01;22;2017-11-01 22:00:00;27,02;33,39;-6,370000000000001;41746;0;54465;19576;19922;0;19922;19576;346;0;346;0,01736773416323662;0,01736773416323662;;-0,2357512953367876;3;2
2017-11-01;23;2017-11-01 23:00:00;18,97;26,22;-7,25;41746;0;54465;19314;20405;0;20405;19314;1091;0;1091;0,05346728742955158;0,05346728742955158;;-0,38218239325250397;3;2
2017-11-02;0;2017-11-02 00:00:00;20,18;25,24;-5,059999999999999;41749;0;54474;19422;20820;0;20820;19422;1398;0;1398;0,06714697406340057;0,06714697406340057;;-0,2507433102081268;3;3
2017-11-02;1;2017-11-02 01:00:00;12,62;27,0;-14,38;41749;0;54474;19610;21250;0;21250;19610;1640;0;1640;0,07717647058823529;0,07717647058823529;;-1,13946117274168;3;3
2017-11-02;2;2017-11-02 02:00:00;12,61;25,04;-12,43;41749;0;54474;19924;21530;0;21530;19924;1606;0;1606;0,07459359033906178;0,07459359033906178;;-0,985725614591594;3;3
2017-11-02;3;2017-11-02 03:00:00;10,96;18,6;-7,6400000000000015;41749;0;54474;20426;21616;0;21616;20426;1190;0;1190;0,05505181347150259;0,05505181347150259;;-0,697080291970803;3;3
2017-11-02;4;2017-11-02 04:00:00;14,04;19,96;-5,920000000000003;41749;0;54474;20299;21475;0;21475;20299;1176;0;1176;0,054761350407450525;0,054761350407450525;;-0,42165242165242184;3;3
2017-11-02;5;2017-11-02 05:00:00;25,97;31,13;-5,16;41749;0;54474;19353;21173;0;21173;19353;1820;0;1820;0,08595853209275965;0,08595853209275965;;-0,19869079707354642;3;3
2017-11-02;6;2017-11-02 06:00:00;35,05;42,31;-7,260000000000005;41749;0;54474;19145;20790;0;20790;19145;1645;0;1645;0,07912457912457913;0,07912457912457913;;-0,20713266761768917;3;3
2017-11-02;7;2017-11-02 07:00:00;45,9;48,52;-2,6200000000000045;41749;258;54474;17801;20228;417;20645;18059;2427;159;2586;0,12526035359651247;0,1199822028870872;0,381294964028777;-0,05708061002178659;3;3
2017-11-02;8;2017-11-02 08:00:00;43,83;46,84;-3,0100000000000047;41749;2416;54474;16827;19442;3028;22470;19243;2615;612;3227;0,14361370716510904;0,13450262318691492;0,202113606340819;-0,06867442391056365;3;3
2017-11-02;9;2017-11-02 09:00:00;35,59;44,99;-9,4;41749;5807;54474;15298;18754;6617;25371;21105;3456;810;4266;0,16814473217452997;0,1842806867868188;0,12241196917031888;-0,2641191345883675;3;3
2017-11-02;10;2017-11-02 10:00:00;32,33;42,71;-10,380000000000004;41749;8823;54474;14515;18675;9605;28280;23338;4160;782;4942;0,17475247524752474;0,22275769745649263;0,08141592920353982;-0,3210640272193011;3;3
2017-11-02;11;2017-11-02 11:00:00;32,36;40,78;-8,420000000000002;41749;10444;54474;14874;19137;11235;30372;25318;4263;791;5054;0,1664032661662057;0,22276218843078852;0,07040498442367601;-0,2601977750309024;3;3
2017-11-02;12;2017-11-02 12:00:00;31,32;39,83;-8,509999999999998;41749;9938;54474;14966;19536;10969;30505;24904;4570;1031;5601;0,18360924438616621;0,23392710892710894;0,09399215972285532;-0,27171136653895267;3;3
2017-11-02;13;2017-11-02 13:00:00;32,49;43,24;-10,75;41749;7491;54474;15008;19445;9263;28708;22499;4437;1772;6209;0,21628117597882124;0,22818205194137312;0,19129871531901113;-0,3308710372422284;3;3
2017-11-02;14;2017-11-02 14:00:00;33,94;45,52;-11,580000000000005;41749;4438;54474;14343;18556;6542;25098;18781;4213;2104;6317;0,25169336202087816;0,2270424660487174;0,32161418526444513;-0,3411903358868593;3;3
2017-11-02;15;2017-11-02 15:00:00;39,1;51,88;-12,78;41749;1704;54474;13084;17215;3215;20430;14788;4131;1511;5642;0,2761625061184533;0,23996514667441185;0,46998444790046656;-0,32685421994884906;3;3
2017-11-02;16;2017-11-02 16:00:00;45,95;57,5;-11,549999999999995;41749;185;54474;11972;15833;564;16397;12157;3861;379;4240;0,25858388729645665;0,24385776542664056;0,6719858156028369;-0,25136017410228495;3;3
2017-11-02;17;2017-11-02 17:00:00;51,91;63,32;-11,410000000000005;41749;0;54474;11330;14766;7;14773;11330;3436;7;3443;0,233060312732688;0,2326967357442774;1,0;-0,21980350606819507;3;3
2017-11-02;18;2017-11-02 18:00:00;51,92;62,46;-10,54;41749;0;54474;10882;14058;0;14058;10882;3176;0;3176;0,22592118366766253;0,22592118366766253;;-0,2030046224961479;3;3
2017-11-02;19;2017-11-02 19:00:00;50,07;86,17;-36,1;41749;0;54474;10125;13357;0;13357;10125;3232;0;3232;0,241970502358314;0,241970502358314;;-0,7209906131416017;3;3
2017-11-02;20;2017-11-02 20:00:00;46,01;52,36;-6,350000000000001;41749;0;54474;9234;12311;0;12311;9234;3077;0;3077;0,249939078872553;0,249939078872553;;-0,13801347533144973;3;3
2017-11-02;21;2017-11-02 21:00:00;42,06;45,46;-3,3999999999999986;41749;0;54474;8354;11116;0;11116;8354;2762;0;2762;0,24847067290392227;0,24847067290392227;;-0,08083689966714214;3;3
2017-11-02;22;2017-11-02 22:00:00;36,12;37,32;-1,2000000000000028;41749;0;54474;7435;9925;0;9925;7435;2490;0;2490;0,2508816120906801;0,2508816120906801;;-0,033222591362126325;3;3
2017-11-02;23;2017-11-02 23:00:00;35,45;35,61;-0,1599999999999966;41749;0;54474;6472;8920;0;8920;6472;2448;0;2448;0,27443946188340806;0,27443946188340806;;-0,004513399153737562;3;3
2017-11-03;0;2017-11-03 00:00:00;36,07;36,49;-0,4200000000000017;41751;0;54488;5468;6103;0;6103;5468;635;0;635;0,1040471899066033;0,1040471899066033;;-0,011644025505960678;3;4
2017-11-03;1;2017-11-03 01:00:00;36,09;37,16;-1,0699999999999932;41751;0;54488;4624;5457;0;5457;4624;833;0;833;0,1526479750778816;0,1526479750778816;;-0,02964810196730377;3;4
2017-11-03;2;2017-11-03 02:00:00;36,13;37,9;-1,7699999999999958;41751;0;54488;3866;4827;0;4827;3866;961;0;961;0,19908846074166148;0,19908846074166148;;-0,048989759202878375;3;4
2017-11-03;3;2017-11-03 03:00:00;36,09;37,98;-1,8899999999999932;41751;0;54488;3164;4227;0;4227;3164;1063;0;1063;0,2514785900165602;0,2514785900165602;;-0,05236907730673297;3;4
2017-11-03;4;2017-11-03 04:00:00;38,24;43,25;-5,009999999999998;41751;0;54488;2693;3746;0;3746;2693;1053;0;1053;0,2810998398291511;0,2810998398291511;;-0,13101464435146437;3;4
2017-11-03;5;2017-11-03 05:00:00;40,66;41,69;-1,0300000000000011;41751;0;54488;2411;3343;0;3343;2411;932;0;932;0,278791504636554;0,278791504636554;;-0,02533202164289231;3;4
2017-11-03;6;2017-11-03 06:00:00;52,97;53,17;-0,20000000000000284;41751;0;54488;2351;3012;0;3012;2351;661;0;661;0,2194555112881806;0,2194555112881806;;-0,003775722106852989;3;4
2017-11-03;7;2017-11-03 07:00:00;61,74;54,72;7,020000000000002;41751;171;54488;2166;2663;233;2896;2337;497;62;559;0,19302486187845305;0,1866316184754037;0,26609442060085836;0,11370262390670557;3;4
2017-11-03;8;2017-11-03 08:00:00;65,8;57,76;8,04;41751;1610;54488;1954;2304;1834;4138;3564;350;224;574;0,138714354760754;0,1519097222222222;0,12213740458015267;0,12218844984802431;3;4
2017-11-03;9;2017-11-03 09:00:00;62,18;58,85;3,3299999999999983;41751;4208;54488;1882;2048;4456;6504;6090;166;248;414;0,06365313653136531;0,0810546875;0,05565529622980251;0,053554197491154684;3;4
2017-11-03;10;2017-11-03 10:00:00;58,69;53,1;5,589999999999996;41751;7293;54488;1930;2031;6860;8891;9223;101;-433;-332;-0,037341131481273195;0,04972919743968488;-0,0631195335276968;0,09524620889418975;3;4
2017-11-03;11;2017-11-03 11:00:00;58,67;51,81;6,8599999999999985;41751;9189;54488;2069;2311;8319;10630;11258;242;-870;-628;-0,05907808090310442;0,10471657291215924;-0,10457987738910927;0,11692517470598258;3;4
2017-11-03;12;2017-11-03 12:00:00;54,55;47,91;6,6400000000000015;41751;9568;54488;2707;2685;8580;11265;12275;-22;-988;-1010;-0,08965823346648913;-0,00819366852886406;-0,11515151515151516;0,12172318973418884;3;4
2017-11-03;13;2017-11-03 13:00:00;51,5;46,76;4,740000000000002;41751;8702;54488;3010;2865;7784;10649;11712;-145;-918;-1063;-0,09982157949103203;-0,0506108202443281;-0,11793422404933196;0,09203883495145634;3;4
2017-11-03;14;2017-11-03 14:00:00;51,17;48,33;2,8400000000000034;41751;6313;54488;3349;2853;5937;8790;9662;-496;-376;-872;-0,09920364050056883;-0,17385208552400983;-0,06333164898096681;0,05550127027555215;3;4
2017-11-03;15;2017-11-03 15:00:00;56,64;53,34;3,299999999999997;41751;3220;54488;3712;3013;3009;6022;6932;-699;-211;-910;-0,15111258718033876;-0,23199468967806172;-0,0701229644400133;0,05826271186440673;3;4
2017-11-03;16;2017-11-03 16:00:00;60,88;57,32;3,5600000000000023;41751;487;54488;4462;3402;502;3904;4949;-1060;15;-1045;-0,2676741803278688;-0,3115814226925338;0,029880478087649404;0,05847568988173459;3;4
2017-11-03;17;2017-11-03 17:00:00;66,0;61,94;4,060000000000001;41751;0;54488;5413;4176;3;4179;5413;-1237;3;-1234;-0,2952859535774109;-0,2962164750957854;1,0;0,06151515151515154;3;4
2017-11-03;18;2017-11-03 18:00:00;68,68;58,21;10,470000000000006;41751;0;54488;6486;5207;0;5207;6486;-1279;0;-1279;-0,24563088150566545;-0,24563088150566545;;0,1524461269656378;3;4
2017-11-03;19;2017-11-03 19:00:00;58,63;52,67;5,960000000000001;41751;0;54488;7930;6143;0;6143;7930;-1787;0;-1787;-0,2909002116229855;-0,2909002116229855;;0,10165444311785776;3;4
2017-11-03;20;2017-11-03 20:00:00;49,01;45,67;3,3399999999999963;41751;0;54488;9042;6894;0;6894;9042;-2148;0;-2148;-0,31157528285465624;-0,31157528285465624;;0,06814935727402564;3;4
2017-11-03;21;2017-11-03 21:00:00;39,01;39,76;-0,75;41751;0;54488;9551;7521;0;7521;9551;-2030;0;-2030;-0,26991091610158224;-0,26991091610158224;;-0,019225839528326072;3;4
2017-11-03;22;2017-11-03 22:00:00;36,11;39,59;-3,480000000000004;41751;0;54488;10242;7901;0;7901;10242;-2341;0;-2341;-0,296291608657132;-0,296291608657132;;-0,09637219606757143;3;4
2017-11-03;23;2017-11-03 23:00:00;34,97;38,44;-3,469999999999999;41751;0;54488;10410;8024;0;8024;10410;-2386;0;-2386;-0,297357926221336;-0,297357926221336;;-0,09922790963683153;3;4
2017-11-04;0;2017-11-04 00:00:00;36,16;36,05;0,10999999999999943;41752;0;54491;10503;9199;0;9199;10503;-1304;0;-1304;-0,14175453853679748;-0,14175453853679748;;0,0030420353982300733;3;5
2017-11-04;1;2017-11-04 01:00:00;35,06;35,03;0,030000000000001137;41752;0;54491;10446;8920;0;8920;10446;-1526;0;-1526;-0,1710762331838565;-0,1710762331838565;;0,000855675984027414;3;5
2017-11-04;2;2017-11-04 02:00:00;34,42;33,08;1,3400000000000034;41752;0;54491;10003;8499;0;8499;10003;-1504;0;-1504;-0,17696199552888575;-0,17696199552888575;;0,0389308541545614;3;5
2017-11-04;3;2017-11-04 03:00:00;33,61;31,55;2,0599999999999987;41752;0;54491;9326;8076;0;8076;9326;-1250;0;-1250;-0,15477959385834572;-0,15477959385834572;;0,0612912823564415;3;5
2017-11-04;4;2017-11-04 04:00:00;33,4;33,17;0,2299999999999969;41752;0;54491;8840;7855;0;7855;8840;-985;0;-985;-0,12539783577339275;-0,12539783577339275;;0,0068862275449100875;3;5
2017-11-04;5;2017-11-04 05:00:00;33,22;32,39;0,8299999999999983;41752;0;54491;8548;7941;0;7941;8548;-607;0;-607;-0,0764387356756076;-0,0764387356756076;;0,02498494882600838;3;5
2017-11-04;6;2017-11-04 06:00:00;33,73;32,3;1,4299999999999995;41752;0;54491;8679;8141;0;8141;8679;-538;0;-538;-0,0660852475125906;-0,0660852475125906;;0,04239549362585235;3;5
2017-11-04;7;2017-11-04 07:00:00;37,63;32,81;4,82;41752;301;54491;9175;8155;300;8455;9476;-1020;-1;-1021;-0,12075694855115317;-0,12507664009809932;-0,0033333333333333335;0,12808929045973957;3;5
2017-11-04;8;2017-11-04 08:00:00;42,99;33,1;9,89;41752;2670;54491;9273;7979;2463;10442;11943;-1294;-207;-1501;-0,14374640873395902;-0,16217571124201027;-0,08404384896467722;0,23005350081414283;3;5
2017-11-04;9;2017-11-04 09:00:00;40,39;35,13;5,259999999999998;41752;5741;54491;8606;7694;5811;13505;14347;-912;70;-842;-0,06234727878563495;-0,11853392253704186;0,012046119428669764;0,13023025501361718;3;5
2017-11-04;10;2017-11-04 10:00:00;39,84;35,9;3,940000000000005;41752;8620;54491;7429;7552;8787;16339;16049;123;167;290;0,017748944243833772;0,016287076271186442;0,019005348810743145;0,09889558232931739;3;5
2017-11-04;11;2017-11-04 11:00:00;37,02;36,51;0,5100000000000051;41752;10246;54491;6830;7783;10547;18330;17076;953;301;1254;0,06841243862520459;0,12244635744571503;0,028538921020195316;0,01377633711507307;3;5
2017-11-04;12;2017-11-04 12:00:00;36,1;34,18;1,9200000000000017;41752;10452;54491;6855;8403;10764;19167;17307;1548;312;1860;0,09704179057755517;0,18421992145662264;0,028985507246376812;0,05318559556786708;3;5
2017-11-04;13;2017-11-04 13:00:00;34,33;33,0;1,3299999999999983;41752;9334;54491;7692;9468;9516;18984;17026;1776;182;1958;0,10313948588284871;0,18757921419518378;0,01912568306010929;0,038741625400524275;3;5
2017-11-04;14;2017-11-04 14:00:00;34,34;32,43;1,910000000000004;41752;6615;54491;8901;11094;6892;17986;15516;2193;277;2470;0,13732903369287222;0,19767441860465115;0,0401915264074289;0,05562026790914396;3;5
2017-11-04;15;2017-11-04 15:00:00;35,04;35,12;-0,0799999999999983;41752;3014;54491;11338;13310;3403;16713;14352;1972;389;2361;0,14126727697002334;0,14815927873779114;0,11431090214516602;-0,0022831050228310015;3;5
2017-11-04;16;2017-11-04 16:00:00;37,03;36,3;0,730000000000004;41752;365;54491;14598;15920;553;16473;14963;1322;188;1510;0,09166514903174892;0,08304020100502513;0,3399638336347197;0,019713745611666323;3;5
2017-11-04;17;2017-11-04 17:00:00;43,94;42,76;1,1799999999999995;41752;0;54491;18253;18566;4;18570;18253;313;4;317;0,017070543887991382;0,016858774103199397;1,0;0,026854802002730986;3;5
2017-11-04;18;2017-11-04 18:00:00;35,51;35,47;0,03999999999999915;41752;0;54491;20702;20938;0;20938;20702;236;0;236;0,01127137262393734;0,01127137262393734;;0,0011264432554209843;3;5
2017-11-04;19;2017-11-04 19:00:00;32,25;32,96;-0,7100000000000009;41752;0;54491;22251;22431;0;22431;22251;180;0;180;0,008024608800320984;0,008024608800320984;;-0,02201550387596902;3;5
2017-11-04;20;2017-11-04 20:00:00;28,83;28,39;0,4399999999999977;41752;0;54491;21874;22773;0;22773;21874;899;0;899;0,03947657313485268;0,03947657313485268;;0,015261879986125486;3;5
2017-11-04;21;2017-11-04 21:00:00;26,77;24,69;2,0799999999999983;41752;0;54491;20889;22638;0;22638;20889;1749;0;1749;0,07725947521865889;0,07725947521865889;;0,07769891669779598;3;5
2017-11-04;22;2017-11-04 22:00:00;26,53;25,54;0,9900000000000021;41752;0;54491;20618;21828;0;21828;20618;1210;0;1210;0,05543338830859446;0,05543338830859446;;0,037316245759517606;3;5
2017-11-04;23;2017-11-04 23:00:00;20,65;21,91;-1,2600000000000016;41752;0;54491;20073;20235;0;20235;20073;162;0;162;0,008005930318754633;0,008005930318754633;;-0,06101694915254245;3;5
2017-11-05;0;2017-11-05 00:00:00;13,2;17,9;-4,699999999999998;41752;0;54496;18182;19994;0;19994;18182;1812;0;1812;0,09062718815644694;0,09062718815644694;;-0,35606060606060597;3;6
2017-11-05;1;2017-11-05 01:00:00;13,2;19,37;-6,170000000000003;41752;0;54496;16487;18710;0;18710;16487;2223;0;2223;0,1188134687332977;0,1188134687332977;;-0,46742424242424263;3;6
2017-11-05;2;2017-11-05 02:00:00;14,64;20,84;-6,199999999999998;41752;0;54496;13660;16755;0;16755;13660;3095;0;3095;0,18472097881229485;0,18472097881229485;;-0,4234972677595627;3;6
2017-11-05;3;2017-11-05 03:00:00;11,68;22,78;-11,1;41752;0;54496;11968;14618;0;14618;11968;2650;0;2650;0,18128334929538925;0,18128334929538925;;-0,9503424657534246;3;6
2017-11-05;4;2017-11-05 04:00:00;13,93;19,48;-5,550000000000002;41752;0;54496;11548;12809;0;12809;11548;1261;0;1261;0,09844640487157467;0,09844640487157467;;-0,3984206748025845;3;6
2017-11-05;5;2017-11-05 05:00:00;20,01;19,2;0,8100000000000023;41752;0;54496;11102;11578;0;11578;11102;476;0;476;0,041112454655380895;0,041112454655380895;;0,04047976011994014;3;6
2017-11-05;6;2017-11-05 06:00:00;21,87;14,16;7,710000000000001;41752;0;54496;10972;10619;0;10619;10972;-353;0;-353;-0,03324230153498446;-0,03324230153498446;;0,3525377229080933;3;6
2017-11-05;7;2017-11-05 07:00:00;24,6;15,27;9,330000000000002;41752;264;54496;10254;9727;244;9971;10518;-527;-20;-547;-0,05485909136495838;-0,054179089133340186;-0,08196721311475409;0,3792682926829269;3;6
2017-11-05;8;2017-11-05 08:00:00;31,47;23,83;7,6400000000000015;41752;1864;54496;9962;8814;1492;10306;11826;-1148;-372;-1520;-0,14748690083446536;-0,1302473337871568;-0,24932975871313673;0,2427708929138863;3;6
2017-11-05;9;2017-11-05 09:00:00;33,92;25,19;8,73;41752;3550;54496;9104;8133;3097;11230;12654;-971;-453;-1424;-0,12680320569902048;-0,1193901389401205;-0,1462705844365515;0,25737028301886794;3;6
2017-11-05;10;2017-11-05 10:00:00;36,54;30,04;6,5;41752;4413;54496;8666;7783;4315;12098;13079;-883;-98;-981;-0,0810877831046454;-0,11345239624823333;-0,022711471610660488;0,1778872468527641;3;6
2017-11-05;11;2017-11-05 11:00:00;38,9;33,73;5,170000000000002;41752;4782;54496;8363;7922;4792;12714;13145;-441;10;-431;-0,03389963819411672;-0,05566776066649836;0,002086811352253756;0,13290488431876613;3;6
2017-11-05;12;2017-11-05 12:00:00;36,11;35,48;0,6300000000000026;41752;4059;54496;9061;8480;4492;12972;13120;-581;433;-148;-0,011409189022510022;-0,06851415094339623;0,09639358860195904;0,017446690667405222;3;6
2017-11-05;13;2017-11-05 13:00:00;36,2;33,99;2,210000000000001;41752;3244;54496;9074;8906;3602;12508;12318;-168;358;190;0,015190278221937959;-0,01886368740175163;0,09938922820655191;0,061049723756906094;3;6
2017-11-05;14;2017-11-05 14:00:00;33,78;33,55;0,230000000000004;41752;2030;54496;9382;8945;2315;11260;11412;-437;285;-152;-0,01349911190053286;-0,048854108440469536;0,12311015118790497;0,006808762581409236;3;6
2017-11-05;15;2017-11-05 15:00:00;33,96;34,0;-0,03999999999999915;41752;906;54496;9788;9028;1023;10051;10694;-760;117;-643;-0,06397373395682021;-0,08418254319893664;0,11436950146627566;-0,001177856301531188;3;6
2017-11-05;16;2017-11-05 16:00:00;35,0;35,39;-0,39000000000000057;41752;149;54496;10108;9000;170;9170;10257;-1108;21;-1087;-0,11853871319520175;-0,12311111111111112;0,12352941176470589;-0,01114285714285716;3;6
2017-11-05;17;2017-11-05 17:00:00;41,82;41,52;0,2999999999999972;41752;0;54496;10702;9117;1;9118;10702;-1585;1;-1584;-0,17372230752357973;-0,1738510474936931;1,0;0,007173601147776117;3;6
2017-11-05;18;2017-11-05 18:00:00;41,74;34,62;7,1200000000000045;41752;0;54496;11267;9409;0;9409;11267;-1858;0;-1858;-0,1974705069614199;-0,1974705069614199;;0,17057977958792536;3;6
2017-11-05;19;2017-11-05 19:00:00;42,82;32,66;10,160000000000004;41752;0;54496;11909;9814;0;9814;11909;-2095;0;-2095;-0,2134705522722641;-0,2134705522722641;;0,23727230266230742;3;6
2017-11-05;20;2017-11-05 20:00:00;40,91;32,41;8,5;41752;0;54496;11765;9880;0;9880;11765;-1885;0;-1885;-0,19078947368421054;-0,19078947368421054;;0,2077731605964312;3;6
2017-11-05;21;2017-11-05 21:00:00;39,59;31,91;7,680000000000002;41752;0;54496;11725;9751;0;9751;11725;-1974;0;-1974;-0,2024407753050969;-0,2024407753050969;;0,1939883809042688;3;6
2017-11-05;22;2017-11-05 22:00:00;38,87;33,99;4,879999999999996;41752;0;54496;11128;9600;0;9600;11128;-1528;0;-1528;-0,15916666666666668;-0,15916666666666668;;0,12554669410856692;3;6
2017-11-05;23;2017-11-05 23:00:00;35,0;30,67;4,329999999999998;41752;0;54496;10978;9336;0;9336;10978;-1642;0;-1642;-0,1758783204798629;-0,1758783204798629;;0,12371428571428567;3;6
2017-11-06;0;2017-11-06 00:00:00;31,74;27,6;4,139999999999997;41754;0;54508;10398;8647;0;8647;10398;-1751;0;-1751;-0,20249797617670867;-0,20249797617670867;;0,13043478260869557;3;0
2017-11-06;1;2017-11-06 01:00:00;33,73;26,26;7,469999999999995;41754;0;54508;9944;8529;0;8529;9944;-1415;0;-1415;-0,16590456090983702;-0,16590456090983702;;0,22146457159798388;3;0
2017-11-06;2;2017-11-06 02:00:00;33,02;23,76;9,260000000000002;41754;0;54508;9644;8347;0;8347;9644;-1297;0;-1297;-0,15538516832394872;-0,15538516832394872;;0,28043609933373714;3;0
2017-11-06;3;2017-11-06 03:00:00;27,61;23,63;3,98;41754;0;54508;8733;8194;0;8194;8733;-539;0;-539;-0,06577983890651697;-0,06577983890651697;;0,1441506700470844;3;0
2017-11-06;4;2017-11-06 04:00:00;28,1;26,71;1,3900000000000006;41754;0;54508;7783;7917;0;7917;7783;134;0;134;0,016925603132499686;0,016925603132499686;;0,049466192170818525;3;0
2017-11-06;5;2017-11-06 05:00:00;32,99;37,01;-4,019999999999996;41754;0;54508;7103;7490;0;7490;7103;387;0;387;0,051668891855807746;0,051668891855807746;;-0,12185510760836604;3;0
2017-11-06;6;2017-11-06 06:00:00;44,83;48,24;-3,410000000000004;41754;0;54508;6679;7020;0;7020;6679;341;0;341;0,048575498575498574;0,048575498575498574;;-0,07606513495427179;3;0
2017-11-06;7;2017-11-06 07:00:00;54,96;62,59;-7,630000000000003;41754;138;54508;5718;6280;140;6420;5856;562;2;564;0,08785046728971962;0,0894904458598726;0,014285714285714285;-0,13882823871906846;3;0
2017-11-06;8;2017-11-06 08:00:00;60,38;68,33;-7,949999999999997;41754;1638;54508;4926;5301;1694;6995;6564;375;56;431;0,06161543959971408;0,07074136955291455;0,03305785123966942;-0,13166611460748587;3;0
2017-11-06;9;2017-11-06 09:00:00;55,38;61,85;-6,469999999999999;41754;4093;54508;3558;4362;4219;8581;7651;804;126;930;0,1083789768092297;0,1843191196698762;0,029864896894998817;-0,11682918020946187;3;0
2017-11-06;10;2017-11-06 10:00:00;54,95;60,96;-6,009999999999998;41754;6458;54508;2456;3650;6377;10027;8914;1194;-81;1113;0,11100029919218111;0,3271232876712329;-0,012701897443939156;-0,10937215650591442;3;0
2017-11-06;11;2017-11-06 11:00:00;54,97;61,42;-6,450000000000002;41754;7666;54508;1832;3189;7660;10849;9498;1357;-6;1351;0,12452760623098903;0,4255252430228912;-0,000783289817232376;-0,1173367291249773;3;0
2017-11-06;12;2017-11-06 12:00:00;54,93;58,73;-3,799999999999997;41754;7569;54508;1709;2915;7834;10749;9278;1206;265;1471;0,13684993952925853;0,4137221269296741;0,03382690834822568;-0,06917895503367917;3;0
2017-11-06;13;2017-11-06 13:00:00;55,91;58,72;-2,8100000000000023;41754;6324;54508;1722;2684;6972;9656;8046;962;648;1610;0,16673570836785417;0,35842026825633383;0,09294320137693632;-0,05025934537649799;3;0
2017-11-06;14;2017-11-06 14:00:00;55,93;60,49;-4,560000000000001;41754;4291;54508;1654;2363;5112;7475;5945;709;821;1530;0,20468227424749164;0,3000423190859077;0,16060250391236305;-0,08153048453423925;3;0
2017-11-06;15;2017-11-06 15:00:00;57,85;63,1;-5,25;41754;1909;54508;1539;2115;2486;4601;3448;576;577;1153;0,2505976961530102;0,2723404255319149;0,23209975864843121;-0,09075194468452895;3;0
2017-11-06;16;2017-11-06 16:00:00;62,56;69,23;-6,670000000000003;41754;212;54508;1582;1958;370;2328;1794;376;158;534;0,22938144329896906;0,1920326864147089;0,42702702702702705;-0,10661764705882357;3;0
2017-11-06;17;2017-11-06 17:00:00;78,28;96,4;-18,120000000000005;41754;0;54508;1758;1964;2;1966;1758;206;2;208;0,10579857578840285;0,10488798370672098;1,0;-0,2314767501277466;3;0
2017-11-06;18;2017-11-06 18:00:00;89,93;102,73;-12,799999999999995;41754;0;54508;1870;2058;0;2058;1870;188;0;188;0,0913508260447036;0,0913508260447036;;-0,14233292560880678;3;0
2017-11-06;19;2017-11-06 19:00:00;74,51;76,5;-1,9899999999999949;41754;0;54508;2069;2183;0;2183;2069;114;0;114;0,05222171323866239;0,05222171323866239;;-0,026707824453093474;3;0
2017-11-06;20;2017-11-06 20:00:00;55,02;52,19;2,8300000000000054;41754;0;54508;2274;2348;0;2348;2274;74;0;74;0,03151618398637138;0,03151618398637138;;0,051435841512177484;3;0
2017-11-06;21;2017-11-06 21:00:00;50,61;47,81;2,799999999999997;41754;0;54508;2477;2542;0;2542;2477;65;0;65;0,025570416994492525;0,025570416994492525;;0,055325034578146554;3;0
2017-11-06;22;2017-11-06 22:00:00;39,11;39,8;-0,6899999999999977;41754;0;54508;3006;2761;0;2761;3006;-245;0;-245;-0,08873596522998914;-0,08873596522998914;;-0,01764254666325742;3;0
2017-11-06;23;2017-11-06 23:00:00;37,1;38,09;-0,9900000000000021;41754;0;54508;3920;2972;0;2972;3920;-948;0;-948;-0,3189771197846568;-0,3189771197846568;;-0,026684636118598438;3;0
2017-11-07;0;2017-11-07 00:00:00;36,63;30,21;6,420000000000003;41757;0;54522;4464;3402;0;3402;4464;-1062;0;-1062;-0,31216931216931215;-0,31216931216931215;;0,17526617526617533;3;1
2017-11-07;1;2017-11-07 01:00:00;35,05;30,29;4,759999999999998;41757;0;54522;4722;3833;0;3833;4722;-889;0;-889;-0,23193321158361596;-0,23193321158361596;;0,1358059914407988;3;1
2017-11-07;2;2017-11-07 02:00:00;36,87;32,17;4,699999999999996;41757;0;54522;5024;4096;0;4096;5024;-928;0;-928;-0,2265625;-0,2265625;;0,12747491185245446;3;1
2017-11-07;3;2017-11-07 03:00:00;36,02;30,74;5,280000000000005;41757;0;54522;5464;4377;0;4377;5464;-1087;0;-1087;-0,24834361434772675;-0,24834361434772675;;0,14658523042754038;3;1
2017-11-07;4;2017-11-07 04:00:00;37,04;32,12;4,920000000000002;41757;0;54522;5863;4709;0;4709;5863;-1154;0;-1154;-0,24506264599702696;-0,24506264599702696;;0,13282937365010805;3;1
2017-11-07;5;2017-11-07 05:00:00;34,43;30,03;4,399999999999999;41757;0;54522;5829;5025;0;5025;5829;-804;0;-804;-0,16;-0,16;;0,1277955271565495;3;1
2017-11-07;6;2017-11-07 06:00:00;49,77;43,36;6,410000000000004;41757;0;54522;5736;5365;0;5365;5736;-371;0;-371;-0,06915191053122087;-0,06915191053122087;;0,1287924452481415;3;1
2017-11-07;7;2017-11-07 07:00:00;59,26;53,24;6,019999999999996;41757;88;54522;6258;5530;122;5652;6346;-728;34;-694;-0,12278839348903044;-0,13164556962025317;0,2786885245901639;0,10158623017212279;3;1
2017-11-07;8;2017-11-07 08:00:00;64,37;56,49;7,880000000000003;41757;1092;54522;6385;5364;1360;6724;7477;-1021;268;-753;-0,11198691255205236;-0,19034302759134974;0,19705882352941176;0,12241727512816533;3;1
2017-11-07;9;2017-11-07 09:00:00;55,07;50,9;4,170000000000002;41757;2838;54522;6398;5131;3550;8681;9236;-1267;712;-555;-0,06393272664439581;-0,24693042291950887;0,20056338028169013;0,0757218086072272;3;1
2017-11-07;10;2017-11-07 10:00:00;54,94;53,09;1,8499999999999943;41757;4472;54522;5762;5016;5484;10500;10234;-746;1012;266;0,025333333333333333;-0,14872408293460926;0,18453683442742524;0,033673097925009;3;1
2017-11-07;11;2017-11-07 11:00:00;54,92;55,25;-0,3299999999999983;41757;5391;54522;5386;5128;6551;11679;10777;-258;1160;902;0,07723263978080315;-0,05031201248049922;0,1770722027171424;-0,006008739985433326;3;1
2017-11-07;12;2017-11-07 12:00:00;53,93;54,19;-0,259999999999998;41757;5346;54522;4982;5301;6470;11771;10328;319;1124;1443;0,1225894146631552;0,06017732503301264;0,17372488408037096;-0,004821064342666382;3;1
2017-11-07;13;2017-11-07 13:00:00;54,94;56,82;-1,8800000000000023;41757;4380;54522;4818;5399;5512;10911;9198;581;1132;1713;0,1569975254330492;0,10761252083719207;0,2053701015965167;-0,034219148161630915;3;1
2017-11-07;14;2017-11-07 14:00:00;56,93;60,38;-3,450000000000003;41757;2635;54522;5353;5470;3830;9300;7988;117;1195;1312;0,1410752688172043;0,021389396709323584;0,31201044386422977;-0,06060073774811177;3;1
2017-11-07;15;2017-11-07 15:00:00;66,75;68,1;-1,3499999999999943;41757;986;54522;5821;5716;1681;7397;6807;-105;695;590;0,07976206570231174;-0,018369489153254023;0,4134443783462225;-0,02022471910112351;3;1
2017-11-07;16;2017-11-07 16:00:00;65,58;73,93;-8,350000000000009;41757;74;54522;6374;6280;219;6499;6448;-94;145;51;0,00784736113248192;-0,014968152866242038;0,6621004566210046;-0,12732540408661192;3;1
2017-11-07;17;2017-11-07 17:00:00;81,56;86,43;-4,8700000000000045;41757;0;54522;7525;7120;1;7121;7525;-405;1;-404;-0,05673360483078219;-0,05688202247191011;1,0;-0,059710642471799955;3;1
2017-11-07;18;2017-11-07 18:00:00;82,3;85,64;-3,3400000000000034;41757;0;54522;8246;7875;0;7875;8246;-371;0;-371;-0,04711111111111111;-0,04711111111111111;;-0,04058323207776432;3;1
2017-11-07;19;2017-11-07 19:00:00;64,2;59,03;5,170000000000002;41757;0;54522;8148;8200;0;8200;8148;52;0;52;0,006341463414634147;0,006341463414634147;;0,08052959501557634;3;1
2017-11-07;20;2017-11-07 20:00:00;53,94;48,87;5,07;41757;0;54522;7687;7939;0;7939;7687;252;0;252;0,031742033001637485;0,031742033001637485;;0,09399332591768633;3;1
2017-11-07;21;2017-11-07 21:00:00;46,94;45,61;1,3299999999999983;41757;0;54522;7433;7394;0;7394;7433;-39;0;-39;-0,005274546929943197;-0,005274546929943197;;0,028334043459735798;3;1
2017-11-07;22;2017-11-07 22:00:00;41,7;37,83;3,870000000000005;41757;0;54522;7090;6670;0;6670;7090;-420;0;-420;-0,06296851574212893;-0,06296851574212893;;0,09280575539568357;3;1
2017-11-07;23;2017-11-07 23:00:00;37,86;33,93;3,93;41757;0;54522;6555;5917;0;5917;6555;-638;0;-638;-0,10782491127260437;-0,10782491127260437;;0,10380348652931855;3;1
2017-11-08;0;2017-11-08 00:00:00;33,7;32,76;0,9400000000000048;41761;0;54544;5926;4671;0;4671;5926;-1255;0;-1255;-0,26867908370798543;-0,26867908370798543;;0,027893175074184116;3;2
2017-11-08;1;2017-11-08 01:00:00;33,62;31,85;1,7699999999999958;41761;0;54544;5218;4268;0;4268;5218;-950;0;-950;-0,2225866916588566;-0,2225866916588566;;0,05264723378941094;3;2
2017-11-08;2;2017-11-08 02:00:00;33,64;33,48;0,1600000000000037;41761;0;54544;4750;3924;0;3924;4750;-826;0;-826;-0,21049949031600407;-0,21049949031600407;;0,004756242568371097;3;2
2017-11-08;3;2017-11-08 03:00:00;33,62;33,42;0,19999999999999574;41761;0;54544;4558;3637;0;3637;4558;-921;0;-921;-0,2532306846301897;-0,2532306846301897;;0,005948839976204514;3;2
2017-11-08;4;2017-11-08 04:00:00;35,53;33,6;1,93;41761;0;54544;4278;3412;0;3412;4278;-866;0;-866;-0,25381008206330596;-0,25381008206330596;;0,05432029271038558;3;2
2017-11-08;5;2017-11-08 05:00:00;36,15;36,1;0,049999999999997165;41761;0;54544;4168;3300;0;3300;4168;-868;0;-868;-0,263030303030303;-0,263030303030303;;0,0013831258644535869;3;2
2017-11-08;6;2017-11-08 06:00:00;54,07;51,38;2,6899999999999977;41761;0;54544;4047;3295;0;3295;4047;-752;0;-752;-0,22822458270106222;-0,22822458270106222;;0,04975032365452187;3;2
2017-11-08;7;2017-11-08 07:00:00;75,76;82,59;-6,829999999999997;41761;106;54544;4226;3193;113;3306;4332;-1033;7;-1026;-0,3103448275862069;-0,32352020043845914;0,061946902654867256;-0,09015311510031675;3;2
2017-11-08;8;2017-11-08 08:00:00;79,28;79,03;0,25;41761;1025;54544;4014;2911;931;3842;5039;-1103;-94;-1197;-0,3115564809994794;-0,37890759189282036;-0,10096670247046187;0,003153380423814329;3;2
2017-11-08;9;2017-11-08 09:00:00;77,07;75,58;1,4899999999999949;41761;2350;54544;3395;2527;2217;4744;5745;-868;-133;-1001;-0,2110033726812816;-0,34349030470914127;-0,05999097880018042;0,01933307382898657;3;2
2017-11-08;10;2017-11-08 10:00:00;84,22;75,27;8,950000000000003;41761;3363;54544;2754;2208;3328;5536;6117;-546;-35;-581;-0,10494942196531792;-0,24728260869565216;-0,010516826923076924;0,10626929470434579;3;2
2017-11-08;11;2017-11-08 11:00:00;84,98;77,89;7,0900000000000025;41761;3668;54544;2262;2034;3818;5852;5930;-228;150;-78;-0,013328776486671223;-0,11209439528023599;0,0392875851231011;0,08343139562249943;3;2
2017-11-08;12;2017-11-08 12:00:00;83,8;76,37;7,429999999999992;41761;3254;54544;1924;1891;3607;5498;5178;-33;353;320;0,05820298290287377;-0,017451084082496033;0,09786526199057388;0,08866348448687342;3;2
2017-11-08;13;2017-11-08 13:00:00;88,19;81,3;6,8900000000000015;41761;2462;54544;1705;1734;2867;4601;4167;29;405;434;0,09432732014779396;0,016724336793540944;0,14126264387861875;0,078126771742828;3;2
2017-11-08;14;2017-11-08 14:00:00;89,9;85,07;4,8300000000000125;41761;1523;54544;1625;1544;1814;3358;3148;-81;291;210;0,06253722453841572;-0,052461139896373056;0,16041896361631752;0,053726362625139176;3;2
2017-11-08;15;2017-11-08 15:00:00;81,89;87,22;-5,329999999999998;41761;543;54544;1736;1517;729;2246;2279;-219;186;-33;-0,014692787177203919;-0,14436387607119314;0,2551440329218107;-0,06508731224813773;3;2
2017-11-08;16;2017-11-08 16:00:00;88,2;95,4;-7,200000000000002;41761;38;54544;1738;1594;96;1690;1776;-144;58;-86;-0,05088757396449704;-0,0903387703889586;0,6041666666666666;-0,08163265306122451;3;2
2017-11-08;17;2017-11-08 17:00:00;111,4;122,89;-11,489999999999995;41761;0;54544;1864;1715;0;1715;1864;-149;0;-149;-0,08688046647230321;-0,08688046647230321;;-0,10314183123877912;3;2
2017-11-08;18;2017-11-08 18:00:00;120,0;125,49;-5,489999999999995;41761;0;54544;1933;1762;0;1762;1933;-171;0;-171;-0,09704880817253121;-0,09704880817253121;;-0,04574999999999996;3;2
2017-11-08;19;2017-11-08 19:00:00;89,93;89,89;0,04000000000000625;41761;0;54544;1567;1678;0;1678;1567;111;0;111;0,06615017878426699;0,06615017878426699;;0,0004447903925275909;3;2
2017-11-08;20;2017-11-08 20:00:00;60,1;69,02;-8,919999999999995;41761;0;54544;1274;1465;0;1465;1274;191;0;191;0,13037542662116042;0,13037542662116042;;-0,14841930116472538;3;2
2017-11-08;21;2017-11-08 21:00:00;52,32;54,15;-1,8299999999999983;41761;0;54544;1099;1240;0;1240;1099;141;0;141;0,11370967741935484;0,11370967741935484;;-0,03497706422018345;3;2
2017-11-08;22;2017-11-08 22:00:00;48,05;46,58;1,4699999999999989;41761;0;54544;1017;1045;0;1045;1017;28;0;28;0,026794258373205742;0,026794258373205742;;0,030593132154006223;3;2
2017-11-08;23;2017-11-08 23:00:00;38,57;40,68;-2,1099999999999994;41761;0;54544;822;889;0;889;822;67;0;67;0,07536557930258718;0,07536557930258718;;-0,054705729841845976;3;2
2017-11-09;0;2017-11-09 00:00:00;38,61;35,02;3,5899999999999963;41764;0;54609;693;606;0;606;693;-87;0;-87;-0,14356435643564355;-0,14356435643564355;;0,09298109298109289;3;3
2017-11-09;1;2017-11-09 01:00:00;39,3;37,42;1,8799999999999957;41764;0;54609;672;605;0;605;672;-67;0;-67;-0,11074380165289256;-0,11074380165289256;;0,047837150127226356;3;3
2017-11-09;2;2017-11-09 02:00:00;38,48;37,13;1,3499999999999943;41764;0;54609;760;607;0;607;760;-153;0;-153;-0,25205930807248766;-0,25205930807248766;;0,03508316008315994;3;3
2017-11-09;3;2017-11-09 03:00:00;40,53;37,36;3,1700000000000017;41764;0;54609;1022;689;0;689;1022;-333;0;-333;-0,4833091436865022;-0,4833091436865022;;0,07821366888724406;3;3
2017-11-09;4;2017-11-09 04:00:00;39,9;35,67;4,229999999999997;41764;0;54609;1541;876;0;876;1541;-665;0;-665;-0,7591324200913242;-0,7591324200913242;;0,10601503759398488;3;3
2017-11-09;5;2017-11-09 05:00:00;43,95;41,53;2,4200000000000017;41764;0;54609;2242;1210;0;1210;2242;-1032;0;-1032;-0,8528925619834711;-0,8528925619834711;;0,05506257110352677;3;3
2017-11-09;6;2017-11-09 06:00:00;58,65;43,51;15,14;41764;0;54609;3193;1727;0;1727;3193;-1466;0;-1466;-0,8488708743485813;-0,8488708743485813;;0,25814151747655584;3;3
2017-11-09;7;2017-11-09 07:00:00;72,1;52,52;19,579999999999988;41764;49;54609;4405;2462;94;2556;4454;-1943;45;-1898;-0,7425665101721439;-0,789195775792039;0,4787234042553192;0,2715672676837724;3;3
2017-11-09;8;2017-11-09 08:00:00;84,73;56,55;28,18000000000001;41764;564;54609;5598;3375;865;4240;6162;-2223;301;-1922;-0,4533018867924528;-0,6586666666666666;0,34797687861271676;0,33258586097014053;3;3
2017-11-09;9;2017-11-09 09:00:00;61,99;51,43;10,560000000000002;41764;1513;54609;6510;4376;2241;6617;8023;-2134;728;-1406;-0,21248299833761522;-0,4876599634369287;0,3248549754573851;0,1703500564607195;3;3
2017-11-09;10;2017-11-09 10:00:00;61,37;54,72;6,649999999999999;41764;2322;54609;7381;5466;3553;9019;9703;-1915;1231;-684;-0,07583989355804413;-0,3503476033662642;0,34646777371235576;0,10835913312693497;3;3
2017-11-09;11;2017-11-09 11:00:00;60,69;55,0;5,689999999999998;41764;2801;54609;7939;6697;4318;11015;10740;-1242;1517;275;0,024965955515206535;-0,18545617440645065;0,35132005558128765;0,09375514911847088;3;3
2017-11-09;12;2017-11-09 12:00:00;55,12;58,17;-3,0500000000000043;41764;2914;54609;8987;7927;4337;12264;11901;-1060;1423;363;0,029598825831702542;-0,13372019679576133;0,32810698639612634;-0,055333817126270037;3;3
2017-11-09;13;2017-11-09 13:00:00;53,99;56,05;-2,059999999999995;41764;2586;54609;9533;8942;3715;12657;12119;-591;1129;538;0,04250612309394011;-0,06609259673451129;0,30390309555854644;-0,03815521392850519;3;3
2017-11-09;14;2017-11-09 14:00:00;54,91;57,61;-2,700000000000003;41764;1774;54609;10245;9514;2542;12056;12019;-731;768;37;0,0030690112806901126;-0,07683413916333824;0,3021243115656963;-0,04917137133491173;3;3
2017-11-09;15;2017-11-09 15:00:00;55,0;57,13;-2,1300000000000026;41764;708;54609;11101;9861;1081;10942;11809;-1240;373;-867;-0,07923597148601719;-0,12574789575093803;0,3450508788159112;-0,03872727272727278;3;3
2017-11-09;16;2017-11-09 16:00:00;55,92;56,31;-0,39000000000000057;41764;58;54609;12115;10262;142;10404;12173;-1853;84;-1769;-0,17003075740099963;-0,1805690898460339;0,5915492957746479;-0,0069742489270386366;3;3
2017-11-09;17;2017-11-09 17:00:00;56,94;50,56;6,379999999999996;41764;0;54609;12969;10673;0;10673;12969;-2296;0;-2296;-0,21512227115150379;-0,21512227115150379;;0,1120477695820161;3;3
2017-11-09;18;2017-11-09 18:00:00;55,93;46,91;9,020000000000003;41764;0;54609;13133;11350;0;11350;13133;-1783;0;-1783;-0,15709251101321586;-0,15709251101321586;;0,16127301984623643;3;3
2017-11-09;19;2017-11-09 19:00:00;55,0;44,37;10,630000000000004;41764;0;54609;14032;11994;0;11994;14032;-2038;0;-2038;-0,16991829247957313;-0,16991829247957313;;0,19327272727272735;3;3
2017-11-09;20;2017-11-09 20:00:00;40,3;37,91;2,390000000000001;41764;0;54609;15072;12480;0;12480;15072;-2592;0;-2592;-0,2076923076923077;-0,2076923076923077;;0,05930521091811417;3;3
2017-11-09;21;2017-11-09 21:00:00;42,81;35,6;7,210000000000001;41764;0;54609;15522;12989;0;12989;15522;-2533;0;-2533;-0,19501116329201632;-0,19501116329201632;;0,16841859378649848;3;3
2017-11-09;22;2017-11-09 22:00:00;36,78;30,76;6,02;41764;0;54609;15254;13545;0;13545;15254;-1709;0;-1709;-0,12617201919527501;-0,12617201919527501;;0,16367591082109842;3;3
2017-11-09;23;2017-11-09 23:00:00;33,61;32,76;0,8500000000000014;41764;0;54609;15348;14092;0;14092;15348;-1256;0;-1256;-0,08912858359352824;-0,08912858359352824;;0,025290092234454074;3;3
2017-11-10;0;2017-11-10 00:00:00;26,41;27,92;-1,5100000000000016;41779;0;54631;15914;14782;0;14782;15914;-1132;0;-1132;-0,0765796238668651;-0,0765796238668651;;-0,05717531238167367;3;4
2017-11-10;1;2017-11-10 01:00:00;25,35;30,1;-4,75;41779;0;54631;16702;15534;0;15534;16702;-1168;0;-1168;-0,07518990601261748;-0,07518990601261748;;-0,18737672583826429;3;4
2017-11-10;2;2017-11-10 02:00:00;26,6;30,81;-4,209999999999997;41779;0;54631;17525;16359;0;16359;17525;-1166;0;-1166;-0,07127575035148848;-0,07127575035148848;;-0,1582706766917292;3;4
2017-11-10;3;2017-11-10 03:00:00;27,31;30,92;-3,610000000000003;41779;0;54631;17808;17070;0;17070;17808;-738;0;-738;-0,043233743409490336;-0,043233743409490336;;-0,13218601244965225;3;4
2017-11-10;4;2017-11-10 04:00:00;27,1;29,29;-2,1899999999999977;41779;0;54631;18006;17890;0;17890;18006;-116;0;-116;-0,0064840693124650645;-0,0064840693124650645;;-0,0808118081180811;3;4
2017-11-10;5;2017-11-10 05:00:00;28,92;32,43;-3,509999999999998;41779;0;54631;18986;18844;0;18844;18986;-142;0;-142;-0,007535555083846317;-0,007535555083846317;;-0,12136929460580906;3;4
2017-11-10;6;2017-11-10 06:00:00;40,15;44,48;-4,329999999999998;41779;0;54631;20092;20090;0;20090;20092;-2;0;-2;-9,955201592832254e-05;-9,955201592832254e-05;;-0,10784557907845575;3;4
2017-11-10;7;2017-11-10 07:00:00;51,2;53,78;-2,5799999999999983;41779;48;54631;20596;21701;72;21773;20644;1105;24;1129;0,05185321269462178;0,050919312474079534;0,3333333333333333;-0,05039062499999997;3;4
2017-11-10;8;2017-11-10 08:00:00;47,41;49,25;-1,8400000000000036;41779;511;54631;21724;23633;628;24261;22235;1909;117;2026;0,08350851160298421;0,08077687978673888;0,18630573248407642;-0,038810377557477405;3;4
2017-11-10;9;2017-11-10 09:00:00;38,61;47,46;-8,850000000000003;41779;1396;54631;23329;25573;1494;27067;24725;2244;98;2342;0,08652602800458123;0,08774879755992648;0,06559571619812583;-0,2292152292152293;3;4
2017-11-10;10;2017-11-10 10:00:00;38,89;49,73;-10,839999999999995;41779;2156;54631;25327;27291;2240;29531;27483;1964;84;2048;0,06935085164742136;0,07196511670514089;0,0375;-0,27873489328876305;3;4
2017-11-10;11;2017-11-10 11:00:00;38,79;50,1;-11,310000000000002;41779;2421;54631;27279;28918;2536;31454;29700;1639;115;1754;0,055763972785655244;0,05667750190192959;0,045347003154574135;-0,291569992266048;3;4
2017-11-10;12;2017-11-10 12:00:00;35,25;45,55;-10,299999999999997;41779;2181;54631;29488;30442;2419;32861;31669;954;238;1192;0,036274002617084085;0,031338282635832077;0,09838776353865233;-0,2921985815602836;3;4
2017-11-10;13;2017-11-10 13:00:00;31,16;40,04;-8,879999999999997;41779;1871;54631;30591;31361;2050;33411;32462;770;179;949;0,02840381910149352;0,024552788495264818;0,0873170731707317;-0,28498074454428746;3;4
2017-11-10;14;2017-11-10 14:00:00;30,16;38,66;-8,499999999999996;41779;1392;54631;30959;31653;1440;33093;32351;694;48;742;0,022421660169824435;0,021925251950841943;0,03333333333333333;-0,2818302387267903;3;4
2017-11-10;15;2017-11-10 15:00:00;30,12;33,02;-2,9000000000000017;41779;734;54631;31991;31845;637;32482;32725;-146;-97;-243;-0,007481066436795763;-0,00458470717538075;-0,152276295133438;-0,09628154050464813;3;4
2017-11-10;16;2017-11-10 16:00:00;31,02;31,93;-0,91;41779;76;54631;33204;31783;81;31864;33280;-1421;5;-1416;-0,04443886517700226;-0,04470943586193877;0,06172839506172839;-0,02933591231463572;3;4
2017-11-10;17;2017-11-10 17:00:00;36,19;32,56;3,629999999999996;41779;0;54631;32992;31502;0;31502;32992;-1490;0;-1490;-0,04729858421687512;-0,04729858421687512;;0,10030395136778104;3;4
2017-11-10;18;2017-11-10 18:00:00;36,02;32,59;3,43;41779;0;54631;32234;30992;0;30992;32234;-1242;0;-1242;-0,04007485802787816;-0,04007485802787816;;0,09522487506940588;3;4
2017-11-10;19;2017-11-10 19:00:00;31,08;31,09;-0,010000000000001565;41779;0;54631;30838;30494;0;30494;30838;-344;0;-344;-0,011280907719551387;-0,011280907719551387;;-0,0003217503217503721;3;4
2017-11-10;20;2017-11-10 20:00:00;29,39;30,7;-1,3099999999999987;41779;0;54631;30264;29790;0;29790;30264;-474;0;-474;-0,01591137965760322;-0,01591137965760322;;-0,044572984008166;3;4
2017-11-10;21;2017-11-10 21:00:00;22,26;21,31;0,9500000000000028;41779;0;54631;30262;29058;0;29058;30262;-1204;0;-1204;-0,04143437263404226;-0,04143437263404226;;0,04267744833782582;3;4
2017-11-10;22;2017-11-10 22:00:00;15,51;19,25;-3,74;41779;0;54631;29510;28431;0;28431;29510;-1079;0;-1079;-0,037951531778692274;-0,037951531778692274;;-0,24113475177304966;3;4
2017-11-10;23;2017-11-10 23:00:00;11,46;13,92;-2,459999999999999;41779;0;54631;29491;27720;0;27720;29491;-1771;0;-1771;-0,06388888888888888;-0,06388888888888888;;-0,21465968586387424;3;4
2017-11-11;0;2017-11-11 00:00:00;9,2;11,68;-2,4800000000000004;41780;0;54631;28616;30186;0;30186;28616;1570;0;1570;0,052010865964354336;0,052010865964354336;;-0,2695652173913044;3;5
2017-11-11;1;2017-11-11 01:00:00;2,03;10,3;-8,270000000000001;41780;0;54631;28115;29508;0;29508;28115;1393;0;1393;0,04720753693913515;0,04720753693913515;;-4,073891625615764;3;5
2017-11-11;2;2017-11-11 02:00:00;0,08;10,61;-10,53;41780;0;54631;27360;28714;0;28714;27360;1354;0;1354;0,04715469805669708;0,04715469805669708;;-131,625;3;5
2017-11-11;3;2017-11-11 03:00:00;6,47;13,55;-7,080000000000001;41780;0;54631;27100;27853;0;27853;27100;753;0;753;0,02703478978925071;0,02703478978925071;;-1,0942812982998456;3;5
2017-11-11;4;2017-11-11 04:00:00;11,27;17,54;-6,27;41780;0;54631;27132;27168;0;27168;27132;36;0;36;0,001325088339222615;0,001325088339222615;;-0,5563442768411713;3;5
2017-11-11;5;2017-11-11 05:00:00;12,59;17,0;-4,41;41780;0;54631;26052;26754;0;26754;26052;702;0;702;0,026239067055393587;0,026239067055393587;;-0,35027799841143764;3;5
2017-11-11;6;2017-11-11 06:00:00;9,63;16,96;-7,33;41780;0;54631;25832;26615;0;26615;25832;783;0;783;0,02941950028179598;0,02941950028179598;;-0,7611630321910695;3;5
2017-11-11;7;2017-11-11 07:00:00;13,55;25,96;-12,41;41780;77;54631;25338;26506;138;26644;25415;1168;61;1229;0,04612670770154632;0,04406549460499509;0,4420289855072464;-0,9158671586715866;3;5
2017-11-11;8;2017-11-11 08:00:00;20,1;31,27;-11,169999999999998;41780;1030;54631;24824;26307;1321;27628;25854;1483;291;1774;0,06421022151440567;0,05637282852472726;0,2202876608629826;-0,5557213930348257;3;5
2017-11-11;9;2017-11-11 09:00:00;24,66;35,19;-10,529999999999998;41780;2449;54631;25113;26289;2969;29258;27562;1176;520;1696;0,057967051746530864;0,0447335387424398;0,1751431458403503;-0,4270072992700729;3;5
2017-11-11;10;2017-11-11 10:00:00;21,47;34,71;-13,240000000000002;41780;3165;54631;24838;26353;4017;30370;28003;1515;852;2367;0,077938755350675;0,057488710962698746;0,21209858103061988;-0,616674429436423;3;5
2017-11-11;11;2017-11-11 11:00:00;18,9;35,07;-16,17;41780;3287;54631;24973;26327;4197;30524;28260;1354;910;2264;0,07417114401782204;0,051430090781327154;0,21682153919466285;-0,8555555555555557;3;5
2017-11-11;12;2017-11-11 12:00:00;21,03;33,19;-12,159999999999995;41780;3019;54631;23968;25874;3601;29475;26987;1906;582;2488;0,08441051738761662;0,07366468269305095;0,16162177173007497;-0,5782215882073226;3;5
2017-11-11;13;2017-11-11 13:00:00;22,86;34,01;-11,15;41780;2552;54631;22518;24912;2697;27609;25070;2394;145;2539;0,09196276576478685;0,09609826589595376;0,053763440860215055;-0,4877515310586177;3;5
2017-11-11;14;2017-11-11 14:00:00;28,2;37,07;-8,870000000000003;41780;1803;54631;20602;23580;1635;25215;22405;2978;-168;2810;0,11144160222090026;0,12629346904156064;-0,10275229357798166;-0,3145390070921987;3;5
2017-11-11;15;2017-11-11 15:00:00;30,48;38,49;-8,010000000000002;41780;732;54631;19141;22069;622;22691;19873;2928;-110;2818;0,12419020757128377;0,13267479269563642;-0,17684887459807075;-0,2627952755905512;3;5
2017-11-11;16;2017-11-11 16:00:00;35,81;42,81;-7,0;41780;50;54631;17974;20776;67;20843;18024;2802;17;2819;0,1352492443506213;0,13486715440893338;0,2537313432835821;-0,1954761239877129;3;5
2017-11-11;17;2017-11-11 17:00:00;44,49;51,02;-6,530000000000001;41780;0;54631;18036;19853;0;19853;18036;1817;0;1817;0,09152269178461693;0,09152269178461693;;-0,146774556080018;3;5
2017-11-11;18;2017-11-11 18:00:00;46,76;50,58;-3,82;41780;0;54631;17223;19126;0;19126;17223;1903;0;1903;0,0994980654606295;0,0994980654606295;;-0,08169375534644996;3;5
2017-11-11;19;2017-11-11 19:00:00;41,03;42,81;-1,7800000000000011;41780;0;54631;17476;18398;0;18398;17476;922;0;922;0,05011414284161322;0,05011414284161322;;-0,04338289056787719;3;5
2017-11-11;20;2017-11-11 20:00:00;35,92;27,59;8,330000000000002;41780;0;54631;17468;17712;0;17712;17468;244;0;244;0,013775971093044263;0,013775971093044263;;0,23190423162583523;3;5
2017-11-11;21;2017-11-11 21:00:00;35,82;23,28;12,54;41780;0;54631;17592;17247;0;17247;17592;-345;0;-345;-0,02000347886588972;-0,02000347886588972;;0,3500837520938023;3;5
2017-11-11;22;2017-11-11 22:00:00;37,06;20,61;16,450000000000006;41780;0;54631;17632;16948;0;16948;17632;-684;0;-684;-0,04035874439461883;-0,04035874439461883;;0,44387479762547233;3;5
2017-11-11;23;2017-11-11 23:00:00;28,29;14,07;14,22;41780;0;54631;17285;16811;0;16811;17285;-474;0;-474;-0,02819582416275058;-0,02819582416275058;;0,5026511134676565;3;5
2017-11-12;0;2017-11-12 00:00:00;14,07;13,36;0,7100000000000009;41780;0;54641;17327;16888;0;16888;17327;-439;0;-439;-0,02599478919943155;-0,02599478919943155;;0,05046197583511022;3;6
2017-11-12;1;2017-11-12 01:00:00;15,99;13,36;2,630000000000001;41780;0;54641;16983;16985;0;16985;16983;2;0;2;0,0001177509567265234;0,0001177509567265234;;0,16447779862414014;3;6
2017-11-12;2;2017-11-12 02:00:00;13,8;21,04;-7,2399999999999975;41780;0;54641;16854;16861;0;16861;16854;7;0;7;0,00041515924322400806;0,00041515924322400806;;-0,5246376811594201;3;6
2017-11-12;3;2017-11-12 03:00:00;13,53;22,83;-9,3;41780;0;54641;16397;16599;0;16599;16397;202;0;202;0,012169407795650341;0,012169407795650341;;-0,6873614190687363;3;6
2017-11-12;4;2017-11-12 04:00:00;15,25;20,19;-4,940000000000001;41780;0;54641;15431;16170;0;16170;15431;739;0;739;0,04570191713048856;0,04570191713048856;;-0,3239344262295083;3;6
2017-11-12;5;2017-11-12 05:00:00;21,86;25,76;-3,9000000000000017;41780;0;54641;14301;15542;0;15542;14301;1241;0;1241;0,079848153390812;0,079848153390812;;-0,17840805123513273;3;6
2017-11-12;6;2017-11-12 06:00:00;22,52;26,35;-3,830000000000002;41780;0;54641;13058;14664;0;14664;13058;1606;0;1606;0,10951991271140207;0,10951991271140207;;-0,17007104795737132;3;6
2017-11-12;7;2017-11-12 07:00:00;27,06;24,75;2,3099999999999987;41780;43;54641;11385;13276;51;13327;11428;1891;8;1899;0,14249268402491183;0,14243748116902682;0,1568627450980392;0,08536585365853654;3;6
2017-11-12;8;2017-11-12 08:00:00;30,94;29,13;1,8100000000000025;41780;780;54641;9832;11609;630;12239;10612;1777;-150;1627;0,1329356973608955;0,153070893272461;-0,23809523809523808;0,058500323206205636;3;6
2017-11-12;9;2017-11-12 09:00:00;33,03;32,09;0,9399999999999976;41780;1926;54641;8030;10028;1623;11651;9956;1998;-303;1695;0,14548107458587245;0,19924212205823694;-0,1866913123844732;0,028458976687859447;3;6
2017-11-12;10;2017-11-12 10:00:00;42,79;37,64;5,149999999999999;41780;2565;54641;6252;8753;2454;11207;8817;2501;-111;2390;0,21325956991166237;0,28573060664914884;-0,04523227383863081;0,12035522318298665;3;6
2017-11-12;11;2017-11-12 11:00:00;47,65;43,05;4,600000000000001;41780;2908;54641;4864;8092;2854;10946;7772;3228;-54;3174;0,28996893842499544;0,39891250617894214;-0,0189208128941836;0,0965372507869885;3;6
2017-11-12;12;2017-11-12 12:00:00;48,13;42,79;5,340000000000003;41780;2848;54641;4122;7695;2727;10422;6970;3573;-121;3452;0,3312224141239685;0,464327485380117;-0,04437110377704437;0,11094951173904016;3;6
2017-11-12;13;2017-11-12 13:00:00;44,28;42,9;1,3800000000000026;41780;2318;54641;4657;7319;2230;9549;6975;2662;-88;2574;0,2695570216776626;0,363710889465774;-0,039461883408071746;0,03116531165311659;3;6
2017-11-12;14;2017-11-12 14:00:00;38,43;36,85;1,5799999999999983;41780;1640;54641;5108;7312;1427;8739;6748;2204;-213;1991;0,227829271083648;0,3014223194748359;-0,14926419060967064;0,04111371324486074;3;6
2017-11-12;15;2017-11-12 15:00:00;37,8;36,69;1,1099999999999994;41780;656;54641;5218;7818;568;8386;5874;2600;-88;2512;0,2995468638206535;0,33256587362496803;-0,15492957746478872;0,02936507936507935;3;6
2017-11-12;16;2017-11-12 16:00:00;40,82;38,05;2,770000000000003;41780;48;54641;6260;8646;70;8716;6308;2386;22;2408;0,2762735199632859;0,27596576451538285;0,3142857142857143;0,0678588926996571;3;6
2017-11-12;17;2017-11-12 17:00:00;53,91;49,9;4,009999999999998;41780;0;54641;7325;9540;0;9540;7325;2215;0;2215;0,2321802935010482;0,2321802935010482;;0,07438323131144498;3;6
2017-11-12;18;2017-11-12 18:00:00;53,94;49,76;4,18;41780;0;54641;8054;10375;0;10375;8054;2321;0;2321;0,22371084337349398;0,22371084337349398;;0,0774935113088617;3;6
2017-11-12;19;2017-11-12 19:00:00;46,54;42,95;3,5899999999999963;41780;0;54641;8584;10994;0;10994;8584;2410;0;2410;0,219210478442787;0,219210478442787;;0,07713794585302958;3;6
2017-11-12;20;2017-11-12 20:00:00;39,59;40,86;-1,2699999999999958;41780;0;54641;9112;11414;0;11414;9112;2302;0;2302;0,20168214473453652;0,20168214473453652;;-0,03207880777974225;3;6
2017-11-12;21;2017-11-12 21:00:00;33,11;36,72;-3,61;41780;0;54641;10094;11859;0;11859;10094;1765;0;1765;0,1488321106332743;0,1488321106332743;;-0,10903050437934159;3;6
2017-11-12;22;2017-11-12 22:00:00;33,17;37,87;-4,699999999999996;41780;0;54641;10552;12290;0;12290;10552;1738;0;1738;0,14141578519121237;0,14141578519121237;;-0,14169430208019282;3;6
2017-11-12;23;2017-11-12 23:00:00;29,73;27,58;2,150000000000002;41780;0;54641;11252;12600;0;12600;11252;1348;0;1348;0,10698412698412699;0,10698412698412699;;0,07231752438614202;3;6
2017-11-13;0;2017-11-13 00:00:00;31,06;26,83;4,23;41782;0;54658;11697;10274;0;10274;11697;-1423;0;-1423;-0,1385049639867627;-0,1385049639867627;;0,13618802318094014;3;0
2017-11-13;1;2017-11-13 01:00:00;30,41;23,62;6,789999999999999;41782;0;54658;11858;10680;0;10680;11858;-1178;0;-1178;-0,1102996254681648;-0,1102996254681648;;0,2232818151923709;3;0
2017-11-13;2;2017-11-13 02:00:00;29,64;19,53;10,11;41782;0;54658;11795;10870;0;10870;11795;-925;0;-925;-0,08509659613615456;-0,08509659613615456;;0,34109311740890685;3;0
2017-11-13;3;2017-11-13 03:00:00;29,66;22,2;7,460000000000001;41782;0;54658;12096;10912;0;10912;12096;-1184;0;-1184;-0,10850439882697947;-0,10850439882697947;;0,25151719487525287;3;0
2017-11-13;4;2017-11-13 04:00:00;29,79;22,6;7,189999999999998;41782;0;54658;11970;10705;0;10705;11970;-1265;0;-1265;-0,11816907986921998;-0,11816907986921998;;0,24135615978516273;3;0
2017-11-13;5;2017-11-13 05:00:00;31,68;26,83;4,850000000000001;41782;0;54658;11713;10309;0;10309;11713;-1404;0;-1404;-0,13619167717528374;-0,13619167717528374;;0,1530934343434344;3;0
2017-11-13;6;2017-11-13 06:00:00;42,76;37,77;4,989999999999995;41782;0;54658;11153;9965;0;9965;11153;-1188;0;-1188;-0,11921726041144004;-0,11921726041144004;;0,11669784845650129;3;0
2017-11-13;7;2017-11-13 07:00:00;54,9;49,72;5,18;41782;29;54658;10564;9389;72;9461;10593;-1175;43;-1132;-0,11964908572032555;-0,12514644797102992;0,5972222222222222;0,09435336976320582;3;0
2017-11-13;8;2017-11-13 08:00:00;54,33;48,86;5,469999999999999;41782;834;54658;9897;8731;1092;9823;10731;-1166;258;-908;-0,0924361193118192;-0,13354713091283932;0,23626373626373626;0,1006810233756672;3;0
2017-11-13;9;2017-11-13 09:00:00;48,15;42,83;5,32;41782;2865;54658;8759;8161;3220;11381;11624;-598;355;-243;-0,02135137509884896;-0,07327533390515868;0,11024844720496894;0,11048805815160956;3;0
2017-11-13;10;2017-11-13 10:00:00;45,83;43,44;2,390000000000001;41782;5116;54658;7782;7773;5191;12964;12898;-9;75;66;0,005091021289725393;-0,0011578541103820917;0,014448083220959352;0,05214924721797951;3;0
2017-11-13;11;2017-11-13 11:00:00;46,61;44,97;1,6400000000000006;41782;6933;54658;7154;7622;6515;14137;14087;468;-418;50;0,0035368182782768622;0,061401207032274994;-0,06415963161933999;0,03518558249302726;3;0
2017-11-13;12;2017-11-13 12:00:00;41,48;44,17;-2,690000000000005;41782;7497;54658;7593;7588;6905;14493;15090;-5;-592;-597;-0,041192299730904575;-0,0006589351607801792;-0,08573497465604635;-0,06485053037608499;3;0
2017-11-13;13;2017-11-13 13:00:00;48,08;45,78;2,299999999999997;41782;6852;54658;7866;7531;6274;13805;14718;-335;-578;-913;-0,06613545816733067;-0,04448280440844509;-0,0921262352566146;0,04783693843594004;3;0
2017-11-13;14;2017-11-13 14:00:00;50,81;47,9;2,910000000000004;41782;4765;54658;7804;7298;4541;11839;12569;-506;-224;-730;-0,06166061322746853;-0,06933406412715813;-0,049328341774939444;0,05727219051367849;3;0
2017-11-13;15;2017-11-13 15:00:00;54,93;50,88;4,049999999999997;41782;1945;54658;7738;7104;1977;9081;9683;-634;32;-602;-0,06629225856183239;-0,0892454954954955;0,01618614061709661;0,0737302020753686;3;0
2017-11-13;16;2017-11-13 16:00:00;55,92;50,01;5,910000000000004;41782;161;54658;8422;7067;188;7255;8583;-1355;27;-1328;-0,1830461750516885;-0,1917362388566577;0,14361702127659576;0,10568669527897002;3;0
2017-11-13;17;2017-11-13 17:00:00;70,08;51,63;18,45;41782;0;54658;8798;7140;0;7140;8798;-1658;0;-1658;-0,23221288515406163;-0,23221288515406163;;0,2632705479452055;3;0
2017-11-13;18;2017-11-13 18:00:00;62,3;43,94;18,36;41782;0;54658;8580;7146;0;7146;8580;-1434;0;-1434;-0,20067170445004198;-0,20067170445004198;;0,29470304975922956;3;0
2017-11-13;19;2017-11-13 19:00:00;57,73;43,36;14,369999999999996;41782;0;54658;7657;6922;0;6922;7657;-735;0;-735;-0,10618318405085235;-0,10618318405085235;;0,2489173739823315;3;0
2017-11-13;20;2017-11-13 20:00:00;54,94;47,07;7,869999999999997;41782;0;54658;6910;6218;0;6218;6910;-692;0;-692;-0,11128980379543262;-0,11128980379543262;;0,14324717874044407;3;0
2017-11-13;21;2017-11-13 21:00:00;49,0;45,36;3,640000000000001;41782;0;54658;5549;5426;0;5426;5549;-123;0;-123;-0,022668632510136382;-0,022668632510136382;;0,0742857142857143;3;0
2017-11-13;22;2017-11-13 22:00:00;41,0;41,59;-0,5900000000000034;41782;0;54658;4625;4793;0;4793;4625;168;0;168;0,03505111621114125;0,03505111621114125;;-0,014390243902439108;3;0
2017-11-13;23;2017-11-13 23:00:00;36,55;36,84;-0,29000000000000625;41782;0;54658;4207;4452;0;4452;4207;245;0;245;0,055031446540880505;0,055031446540880505;;-0,00793433652530797;3;0
2017-11-14;0;2017-11-14 00:00:00;37,83;31,93;5,899999999999999;41786;0;54669;4582;4700;0;4700;4582;118;0;118;0,025106382978723404;0,025106382978723404;;0,15596087761036212;3;1
2017-11-14;1;2017-11-14 01:00:00;36,01;34,54;1,4699999999999989;41786;0;54669;5428;5036;0;5036;5428;-392;0;-392;-0,0778395552025417;-0,0778395552025417;;0,04082199389058592;3;1
2017-11-14;2;2017-11-14 02:00:00;34,03;32,66;1,3700000000000043;41786;0;54669;6818;5675;0;5675;6818;-1143;0;-1143;-0,20140969162995595;-0,20140969162995595;;0,04025859535703803;3;1
2017-11-14;3;2017-11-14 03:00:00;33,54;31,73;1,8099999999999987;41786;0;54669;8850;6720;0;6720;8850;-2130;0;-2130;-0,3169642857142857;-0,3169642857142857;;0,05396541443053067;3;1
2017-11-14;4;2017-11-14 04:00:00;33,9;31,6;2,299999999999997;41786;0;54669;10350;8012;0;8012;10350;-2338;0;-2338;-0,29181228157763356;-0,29181228157763356;;0,06784660766961643;3;1
2017-11-14;5;2017-11-14 05:00:00;34,04;34,23;-0,18999999999999773;41786;0;54669;10949;9445;0;9445;10949;-1504;0;-1504;-0,15923769190047643;-0,15923769190047643;;-0,005581668625146819;3;1
2017-11-14;6;2017-11-14 06:00:00;38,12;41,45;-3,3300000000000054;41786;0;54669;12168;10871;0;10871;12168;-1297;0;-1297;-0,11930825131082697;-0,11930825131082697;;-0,08735571878279133;3;1
2017-11-14;7;2017-11-14 07:00:00;43,52;47,33;-3,809999999999995;41786;61;54669;13246;12141;108;12249;13307;-1105;47;-1058;-0,08637439791003347;-0,09101391977596573;0,4351851851851852;-0,08754595588235282;3;1
2017-11-14;8;2017-11-14 08:00:00;49,58;50,02;-0,4400000000000048;41786;1377;54669;14003;13161;1440;14601;15380;-842;63;-779;-0,053352510102047807;-0,0639769014512575;0,04375;-0,00887454618797912;3;1
2017-11-14;9;2017-11-14 09:00:00;37,2;40,63;-3,43;41786;4059;54669;14547;14062;3763;17825;18606;-485;-296;-781;-0,043814866760168304;-0,034490115204096145;-0,07866064310390646;-0,09220430107526882;3;1
2017-11-14;10;2017-11-14 10:00:00;36,56;37,23;-0,6699999999999946;41786;6498;54669;14368;14764;5732;20496;20866;396;-766;-370;-0,01805230288836846;0,026821999458141427;-0,133635729239358;-0,018326039387308386;3;1
2017-11-14;11;2017-11-14 11:00:00;36,19;38,14;-1,9500000000000028;41786;7632;54669;15122;15211;6817;22028;22754;89;-815;-726;-0,03295805338659887;0,00585102886069292;-0,11955405603637964;-0,0538822879248412;3;1
2017-11-14;12;2017-11-14 12:00:00;36,88;37,39;-0,509999999999998;41786;7269;54669;15698;15732;6786;22518;22967;34;-483;-449;-0,01993960387245759;0,0021612001017035343;-0,07117595048629531;-0,013828633405639858;3;1
2017-11-14;13;2017-11-14 13:00:00;36,6;37,96;-1,3599999999999994;41786;6000;54669;15820;15857;5773;21630;21820;37;-227;-190;-0,00878409616273694;0,002333354354543735;-0,039320976961718344;-0,037158469945355176;3;1
2017-11-14;14;2017-11-14 14:00:00;36,86;39,31;-2,450000000000003;41786;4042;54669;15799;15192;3940;19132;19841;-607;-102;-709;-0,03705833159105164;-0,03995523959978936;-0,025888324873096447;-0,06646771568095504;3;1
2017-11-14;15;2017-11-14 15:00:00;40,07;41,33;-1,259999999999998;41786;1685;54669;15489;14572;1669;16241;17174;-917;-16;-933;-0,05744720152699957;-0,06292890474883338;-0,009586578789694428;-0,031444971300224556;3;1
2017-11-14;16;2017-11-14 16:00:00;49,06;44,73;4,3300000000000045;41786;149;54669;15337;14128;153;14281;15486;-1209;4;-1205;-0,08437784468874729;-0,08557474518686296;0,026143790849673203;0,08825927435792916;3;1
2017-11-14;17;2017-11-14 17:00:00;51,71;45,78;5,93;41786;0;54669;15128;13673;0;13673;15128;-1455;0;-1455;-0,10641410078256418;-0,10641410078256418;;0,11467801198994391;3;1
2017-11-14;18;2017-11-14 18:00:00;52,94;44,35;8,589999999999996;41786;0;54669;14640;13020;0;13020;14640;-1620;0;-1620;-0,12442396313364056;-0,12442396313364056;;0,1622591613146958;3;1
2017-11-14;19;2017-11-14 19:00:00;51,25;44,28;6,969999999999999;41786;0;54669;13333;12305;0;12305;13333;-1028;0;-1028;-0,08354327509142626;-0,08354327509142626;;0,13599999999999998;3;1
2017-11-14;20;2017-11-14 20:00:00;44,92;40,49;4,43;41786;0;54669;11817;11462;0;11462;11817;-355;0;-355;-0,030971907171523295;-0,030971907171523295;;0,09861976847729295;3;1
2017-11-14;21;2017-11-14 21:00:00;39,44;40,25;-0,8100000000000023;41786;0;54669;10260;10383;0;10383;10260;123;0;123;0,011846287200231146;0,011846287200231146;;-0,020537525354969634;3;1
2017-11-14;22;2017-11-14 22:00:00;37,6;42,47;-4,869999999999997;41786;0;54669;9223;9404;0;9404;9223;181;0;181;0,019247128881327093;0,019247128881327093;;-0,1295212765957446;3;1
2017-11-14;23;2017-11-14 23:00:00;36,36;33,89;2,4699999999999993;41786;0;54669;8198;8590;0;8590;8198;392;0;392;0,04563445867287544;0,04563445867287544;;0,06793179317931791;3;1
2017-11-15;0;2017-11-15 00:00:00;33,5;34,49;-0,9900000000000021;41788;0;54715;7892;8184;0;8184;7892;292;0;292;0,03567937438905181;0,03567937438905181;;-0,029552238805970212;3;2
2017-11-15;1;2017-11-15 01:00:00;34,06;39,48;-5,4199999999999955;41788;0;54715;7833;7537;0;7537;7833;-296;0;-296;-0,039272920260050415;-0,039272920260050415;;-0,15913094539048722;3;2
2017-11-15;2;2017-11-15 02:00:00;33,42;37,27;-3,8500000000000014;41788;0;54715;7049;7004;0;7004;7049;-45;0;-45;-0,006424900057110223;-0,006424900057110223;;-0,11520047875523642;3;2
2017-11-15;3;2017-11-15 03:00:00;35,62;34,89;0,7299999999999969;41788;0;54715;6596;6601;0;6601;6596;5;0;5;0,0007574609907589759;0,0007574609907589759;;0,02049410443571019;3;2
2017-11-15;4;2017-11-15 04:00:00;33,74;35,87;-2,1299999999999955;41788;0;54715;6852;6277;0;6277;6852;-575;0;-575;-0,09160426955552016;-0,09160426955552016;;-0,0631298162418493;3;2
2017-11-15;5;2017-11-15 05:00:00;37,0;40,91;-3,9099999999999966;41788;0;54715;6652;6015;0;6015;6652;-637;0;-637;-0,1059019118869493;-0,1059019118869493;;-0,10567567567567558;3;2
2017-11-15;6;2017-11-15 06:00:00;58,5;61,0;-2,5;41788;0;54715;6555;5848;0;5848;6555;-707;0;-707;-0,12089603283173735;-0,12089603283173735;;-0,042735042735042736;3;2
2017-11-15;7;2017-11-15 07:00:00;77,4;85,64;-8,239999999999995;41788;44;54715;6380;5649;116;5765;6424;-731;72;-659;-0,11431049436253253;-0,129403434236148;0,6206896551724138;-0,10645994832041336;3;2
2017-11-15;8;2017-11-15 08:00:00;78,01;81,17;-3,1599999999999966;41788;786;54715;5709;5339;1446;6785;6495;-370;660;290;0,04274134119380987;-0,06930136729724667;0,45643153526970953;-0,040507627227278506;3;2
2017-11-15;9;2017-11-15 09:00:00;68,87;85,71;-16,83999999999999;41788;2262;54715;5640;4998;3736;8734;7902;-642;1474;832;0,09525990382413556;-0,12845138055222088;0,3945396145610278;-0,24451865834180322;3;2
2017-11-15;10;2017-11-15 10:00:00;61,65;72,07;-10,419999999999996;41788;3672;54715;5082;4585;5760;10345;8754;-497;2088;1591;0,15379410343160949;-0,1083969465648855;0,3625;-0,16901865369018648;3;2
2017-11-15;11;2017-11-15 11:00:00;71,76;71,7;0,060000000000002274;41788;4774;54715;4320;4102;6959;11061;9094;-218;2185;1967;0,17783202242111926;-0,05314480741101901;0,3139818939502802;0,0008361204013378243;3;2
2017-11-15;12;2017-11-15 12:00:00;64,1;67,23;-3,1300000000000097;41788;5224;54715;3526;3633;7188;10821;8750;107;1964;2071;0,19138711764162278;0,029452243325075695;0,27323316638842515;-0,04882995319812808;3;2
2017-11-15;13;2017-11-15 13:00:00;70,77;98,06;-27,29000000000001;41788;4658;54715;2868;3121;6387;9508;7526;253;1729;1982;0,20845603702145563;0,08106376161486703;0,2707061218099264;-0,3856153737459377;3;2
2017-11-15;14;2017-11-15 14:00:00;72,81;74,5;-1,6899999999999975;41788;3127;54715;2381;2545;4500;7045;5508;164;1373;1537;0,21816891412349185;0,06444007858546169;0,3051111111111111;-0,02321109737673393;3;2
2017-11-15;15;2017-11-15 15:00:00;79,18;83,55;-4,36999999999999;41788;1189;54715;1968;2162;1933;4095;3157;194;744;938;0,22905982905982905;0,08973172987974098;0,38489394723228143;-0,05519070472341488;3;2
2017-11-15;16;2017-11-15 16:00:00;89,95;110,41;-20,459999999999994;41788;66;54715;1900;1997;189;2186;1966;97;123;220;0,10064043915827996;0,0485728592889334;0,6507936507936508;-0,2274596998332406;3;2
2017-11-15;17;2017-11-15 17:00:00;112,09;137,62;-25,53;41788;0;54715;1904;2060;0;2060;1904;156;0;156;0,07572815533980583;0,07572815533980583;;-0,2277634044071728;3;2
2017-11-15;18;2017-11-15 18:00:00;124,29;168,49;-44,2;41788;0;54715;1958;2131;0;2131;1958;173;0;173;0,08118254340685124;0,08118254340685124;;-0,3556199211521442;3;2
2017-11-15;19;2017-11-15 19:00:00;86,34;98,24;-11,899999999999993;41788;0;54715;1926;2210;0;2210;1926;284;0;284;0,12850678733031673;0,12850678733031673;;-0,13782719481121142;3;2
2017-11-15;20;2017-11-15 20:00:00;76,13;74,8;1,3299999999999983;41788;0;54715;1969;2253;0;2253;1969;284;0;284;0,12605415002219264;0,12605415002219264;;0,017470116905293556;3;2
2017-11-15;21;2017-11-15 21:00:00;62,01;65,71;-3,699999999999996;41788;0;54715;2001;2268;0;2268;2001;267;0;267;0,11772486772486772;0,11772486772486772;;-0,059667795516852064;3;2
2017-11-15;22;2017-11-15 22:00:00;51,91;58,35;-6,440000000000005;41788;0;54715;2107;2297;0;2297;2107;190;0;190;0,0827165868524162;0,0827165868524162;;-0,12406087459063775;3;2
2017-11-15;23;2017-11-15 23:00:00;39,03;56,26;-17,229999999999997;41788;0;54715;2348;2320;0;2320;2348;-28;0;-28;-0,01206896551724138;-0,01206896551724138;;-0,4414552908019471;3;2
2017-11-16;0;2017-11-16 00:00:00;37,04;37,71;-0,6700000000000017;41791;0;54740;2505;2669;0;2669;2505;164;0;164;0,061446234544773326;0,061446234544773326;;-0,018088552915766786;3;3
2017-11-16;1;2017-11-16 01:00:00;37,06;36,22;0,8400000000000034;41791;0;54740;2887;3054;0;3054;2887;167;0;167;0,05468238375900458;0,05468238375900458;;0,02266594711279016;3;3
2017-11-16;2;2017-11-16 02:00:00;36,13;35,94;0,19000000000000486;41791;0;54740;3218;3425;0;3425;3218;207;0;207;0,06043795620437956;0,06043795620437956;;0,005258787711043589;3;3
2017-11-16;3;2017-11-16 03:00:00;36,59;35,0;1,5900000000000034;41791;0;54740;3490;3867;0;3867;3490;377;0;377;0,09749159555210758;0,09749159555210758;;0,04345449576387;3;3
2017-11-16;4;2017-11-16 04:00:00;37,04;35,11;1,93;41791;0;54740;3942;4343;0;4343;3942;401;0;401;0,09233248906285978;0,09233248906285978;;0,05210583153347732;3;3
2017-11-16;5;2017-11-16 05:00:00;36,87;38,89;-2,020000000000003;41791;0;54740;4095;4954;0;4954;4095;859;0;859;0,17339523617278965;0,17339523617278965;;-0,05478708977488482;3;3
2017-11-16;6;2017-11-16 06:00:00;51,61;52,86;-1,25;41791;0;54740;4527;5755;0;5755;4527;1228;0;1228;0,21337966985230233;0,21337966985230233;;-0,02422011238132145;3;3
2017-11-16;7;2017-11-16 07:00:00;61,89;71,8;-9,909999999999997;41791;32;54740;5256;6572;90;6662;5288;1316;58;1374;0,20624437105974183;0,20024345709068778;0,6444444444444445;-0,16012279851349162;3;3
2017-11-16;8;2017-11-16 08:00:00;68,63;110,88;-42,25;41791;687;54740;5852;7353;1310;8663;6539;1501;623;2124;0,2451806533533418;0,2041343669250646;0,47557251908396947;-0,6156199912574676;3;3
2017-11-16;9;2017-11-16 09:00:00;57,02;107,22;-50,2;41791;1829;54740;5918;7999;3555;11554;7747;2081;1726;3807;0,3294962783451619;0,26015751968996126;0,48551336146272855;-0,8803928446159243;3;3
2017-11-16;10;2017-11-16 10:00:00;55,93;104,48;-48,55;41791;2851;54740;6320;8496;5621;14117;9171;2176;2770;4946;0,3503577247290501;0,256120527306968;0,4927948763565202;-0,8680493473985338;3;3
2017-11-16;11;2017-11-16 11:00:00;53,96;96,22;-42,26;41791;3705;54740;6633;8872;6920;15792;10338;2239;3215;5454;0,3453647416413374;0,25236699729486023;0,46459537572254334;-0,7831727205337287;3;3
2017-11-16;12;2017-11-16 12:00:00;49,01;93,92;-44,91;41791;3716;54740;7084;9191;7070;16261;10800;2107;3354;5461;0,3358342045384663;0,22924600152322924;0,4743988684582744;-0,9163436033462559;3;3
2017-11-16;13;2017-11-16 13:00:00;49,31;81,31;-32,0;41791;2984;54740;7424;9397;6104;15501;10408;1973;3120;5093;0,32855944777756274;0,20996062573161647;0,5111402359108781;-0,6489555871020076;3;3
2017-11-16;14;2017-11-16 14:00:00;54,0;84,4;-30,40000000000001;41791;1744;54740;7573;9539;4163;13702;9317;1966;2419;4385;0,32002627353671;0,20610126847677954;0,5810713427816478;-0,5629629629629631;3;3
2017-11-16;15;2017-11-16 15:00:00;57,94;106,4;-48,46000000000001;41791;579;54740;8052;9863;1702;11565;8631;1811;1123;2934;0,2536964980544747;0,1836155327993511;0,6598119858989424;-0,8363824646185711;3;3
2017-11-16;16;2017-11-16 16:00:00;56,16;126,41;-70,25;41791;18;54740;8777;10325;163;10488;8795;1548;145;1693;0,1614225781845919;0,1499273607748184;0,8895705521472392;-1,2508903133903135;3;3
2017-11-16;17;2017-11-16 17:00:00;56,42;142,65;-86,23;41791;0;54740;9993;10921;0;10921;9993;928;0;928;0,08497390348869151;0,08497390348869151;;-1,5283587380361574;3;3
2017-11-16;18;2017-11-16 18:00:00;53,93;86,63;-32,7;41791;0;54740;11111;11559;0;11559;11111;448;0;448;0,038757677999826975;0,038757677999826975;;-0,6063415538661228;3;3
2017-11-16;19;2017-11-16 19:00:00;46,3;73,48;-27,18000000000001;41791;0;54740;11565;11692;0;11692;11565;127;0;127;0,010862127950735545;0,010862127950735545;;-0,5870410367170629;3;3
2017-11-16;20;2017-11-16 20:00:00;37,03;49,38;-12,35;41791;0;54740;11840;11246;0;11246;11840;-594;0;-594;-0,05281878001067046;-0,05281878001067046;;-0,3335133675398326;3;3
2017-11-16;21;2017-11-16 21:00:00;38,03;46,23;-8,199999999999996;41791;0;54740;11383;10632;0;10632;11383;-751;0;-751;-0,07063581640331076;-0,07063581640331076;;-0,21561924796213502;3;3
2017-11-16;22;2017-11-16 22:00:00;38,15;40,13;-1,9800000000000042;41791;0;54740;10987;10042;0;10042;10987;-945;0;-945;-0,09410476000796654;-0,09410476000796654;;-0,051900393184796965;3;3
2017-11-16;23;2017-11-16 23:00:00;35,07;40,34;-5,270000000000003;41791;0;54740;10959;9259;0;9259;10959;-1700;0;-1700;-0,18360514094394642;-0,18360514094394642;;-0,150270886797833;3;3
2017-11-17;0;2017-11-17 00:00:00;33,15;38,19;-5,039999999999999;41793;0;54781;10605;10949;0;10949;10605;344;0;344;0,03141839437391543;0,03141839437391543;;-0,1520361990950226;3;4
2017-11-17;1;2017-11-17 01:00:00;32,72;36,09;-3,3700000000000045;41793;0;54781;9886;10418;0;10418;9886;532;0;532;0,05106546362065656;0,05106546362065656;;-0,10299511002445003;3;4
2017-11-17;2;2017-11-17 02:00:00;33,16;34,63;-1,470000000000006;41793;0;54781;8726;9747;0;9747;8726;1021;0;1021;0,10475017954242331;0,10475017954242331;;-0,044330518697225756;3;4
2017-11-17;3;2017-11-17 03:00:00;34,06;37,44;-3,3799999999999955;41793;0;54781;8074;9070;0;9070;8074;996;0;996;0,10981256890848952;0,10981256890848952;;-0,0992366412213739;3;4
2017-11-17;4;2017-11-17 04:00:00;34,05;36,48;-2,43;41793;0;54781;7711;8437;0;8437;7711;726;0;726;0,08604954367666232;0,08604954367666232;;-0,07136563876651983;3;4
2017-11-17;5;2017-11-17 05:00:00;36,09;39,26;-3,1699999999999946;41793;0;54781;7241;7833;0;7833;7241;592;0;592;0,07557768415677263;0,07557768415677263;;-0,08783596564145177;3;4
2017-11-17;6;2017-11-17 06:00:00;46,83;51,46;-4,630000000000003;41793;0;54781;6799;7306;0;7306;6799;507;0;507;0,0693950177935943;0,0693950177935943;;-0,09886824685030969;3;4
2017-11-17;7;2017-11-17 07:00:00;49,99;54,63;-4,6400000000000015;41793;22;54781;6613;6905;37;6942;6635;292;15;307;0,04422356669547681;0,042288196958725564;0,40540540540540543;-0,09281856371274258;3;4
2017-11-17;8;2017-11-17 08:00:00;53,93;58,67;-4,740000000000002;41793;802;54781;6554;6721;1062;7783;7356;167;260;427;0,054863163304638314;0,024847492932599316;0,2448210922787194;-0,08789171147784168;3;4
2017-11-17;9;2017-11-17 09:00:00;49,99;51,12;-1,1299999999999957;41793;2802;54781;5918;6633;3265;9898;8720;715;463;1178;0,11901394221054759;0,1077943615257048;0,14180704441041347;-0,022604520904180747;3;4
2017-11-17;10;2017-11-17 10:00:00;49,97;48,94;1,0300000000000011;41793;4897;54781;5269;6573;5329;11902;10166;1304;432;1736;0,14585783901865232;0,19838734215731021;0,08106586601613812;0,020612367420452294;3;4
2017-11-17;11;2017-11-17 11:00:00;49,97;49,34;0,6299999999999955;41793;6477;54781;4816;6531;6594;13125;11293;1715;117;1832;0,1395809523809524;0,26259378349410506;0,017743403093721567;0,012607564538723142;3;4
2017-11-17;12;2017-11-17 12:00:00;49,09;50,52;-1,4299999999999995;41793;6948;54781;5037;6695;6768;13463;11985;1658;-180;1478;0,10978236648592439;0,24764749813293502;-0,026595744680851064;-0,02913016907720512;3;4
2017-11-17;13;2017-11-17 13:00:00;46,55;47,64;-1,0900000000000034;41793;5841;54781;5362;7164;5856;13020;11203;1802;15;1817;0,13955453149001537;0,251535455053043;0,0025614754098360654;-0,023415682062298677;3;4
2017-11-17;14;2017-11-17 14:00:00;42,3;45,72;-3,4200000000000017;41793;3764;54781;6002;7857;3977;11834;9766;1855;213;2068;0,17475071826939328;0,23609520173094056;0,05355795825999497;-0,08085106382978728;3;4
2017-11-17;15;2017-11-17 15:00:00;49,95;50,66;-0,7099999999999937;41793;1304;54781;6417;8676;1529;10205;7721;2259;225;2484;0,24341009309162176;0,2603734439834025;0,1471550032701112;-0,014214214214214088;3;4
2017-11-17;16;2017-11-17 16:00:00;49,9;56,01;-6,1099999999999985;41793;62;54781;7738;9613;103;9716;7800;1875;41;1916;0,19720049403046522;0,19504837199625508;0,39805825242718446;-0,1224448897795591;3;4
2017-11-17;17;2017-11-17 17:00:00;49,91;56,53;-6,6200000000000045;41793;0;54781;9687;10674;0;10674;9687;987;0;987;0,09246767847105115;0,09246767847105115;;-0,13263874974954928;3;4
2017-11-17;18;2017-11-17 18:00:00;48,18;50,48;-2,299999999999997;41793;0;54781;10633;11705;0;11705;10633;1072;0;1072;0,09158479282357966;0,09158479282357966;;-0,04773765047737644;3;4
2017-11-17;19;2017-11-17 19:00:00;42,97;52,31;-9,340000000000003;41793;0;54781;11437;12575;0;12575;11437;1138;0;1138;0,09049701789264414;0,09049701789264414;;-0,217360949499651;3;4
2017-11-17;20;2017-11-17 20:00:00;38,35;40,91;-2,559999999999995;41793;0;54781;12141;13414;0;13414;12141;1273;0;1273;0,09490084985835694;0,09490084985835694;;-0,06675358539765307;3;4
2017-11-17;21;2017-11-17 21:00:00;39,8;39,53;0,269999999999996;41793;0;54781;12385;14273;0;14273;12385;1888;0;1888;0,1322777271771877;0,1322777271771877;;0,006783919597989851;3;4
2017-11-17;22;2017-11-17 22:00:00;36,15;39,38;-3,230000000000004;41793;0;54781;12357;15076;0;15076;12357;2719;0;2719;0,18035287874767844;0,18035287874767844;;-0,08934993084370689;3;4
2017-11-17;23;2017-11-17 23:00:00;32,41;36,63;-4,220000000000007;41793;0;54781;13320;15781;0;15781;13320;2461;0;2461;0,15594702490336482;0,15594702490336482;;-0,13020672631903757;3;4
2017-11-18;0;2017-11-18 00:00:00;27,78;35,22;-7,439999999999998;41794;0;54800;14341;15205;0;15205;14341;864;0;864;0,056823413350871425;0,056823413350871425;;-0,2678185745140388;3;5
2017-11-18;1;2017-11-18 01:00:00;23,56;33,07;-9,510000000000002;41794;0;54800;15244;16112;0;16112;15244;868;0;868;0,053872889771598806;0,053872889771598806;;-0,40365025466893045;3;5
2017-11-18;2;2017-11-18 02:00:00;20,04;24,09;-4,050000000000002;41794;0;54800;16094;16979;0;16979;16094;885;0;885;0,0521232110253843;0,0521232110253843;;-0,20209580838323363;3;5
2017-11-18;3;2017-11-18 03:00:00;17,63;36,8;-19,17;41794;0;54800;17284;17933;0;17933;17284;649;0;649;0,03619026375954943;0,03619026375954943;;-1,0873511060692005;3;5
2017-11-18;4;2017-11-18 04:00:00;13,33;26,24;-12,909999999999998;41794;0;54800;18242;19035;0;19035;18242;793;0;793;0,041660099816128185;0,041660099816128185;;-0,9684921230307576;3;5
2017-11-18;5;2017-11-18 05:00:00;12,87;28,14;-15,27;41794;0;54800;19413;20211;0;20211;19413;798;0;798;0,039483449606649845;0,039483449606649845;;-1,1864801864801866;3;5
2017-11-18;6;2017-11-18 06:00:00;16,12;27,9;-11,779999999999998;41794;0;54800;21078;21385;0;21385;21078;307;0;307;0,0143558569090484;0,0143558569090484;;-0,7307692307692306;3;5
2017-11-18;7;2017-11-18 07:00:00;19,38;29,02;-9,64;41794;20;54800;22361;22488;31;22519;22381;127;11;138;0,006128158443980639;0,005647456421202419;0,3548387096774194;-0,4974200206398349;3;5
2017-11-18;8;2017-11-18 08:00:00;27,97;36,28;-8,310000000000002;41794;725;54800;23835;23540;872;24412;24560;-295;147;-148;-0,006062592167786335;-0,012531860662701785;0,16857798165137614;-0,2971040400429032;3;5
2017-11-18;9;2017-11-18 09:00:00;28,61;33,22;-4,6099999999999985;41794;2336;54800;24886;24750;2752;27502;27222;-136;416;280;0,010181077739800742;-0,005494949494949495;0,1511627906976744;-0,16113247116392865;3;5
2017-11-18;10;2017-11-18 10:00:00;28,08;32,83;-4,75;41794;3609;54800;27007;26220;4550;30770;30616;-787;941;154;0,005004874878128047;-0,03001525553012967;0,2068131868131868;-0,16915954415954418;3;5
2017-11-18;11;2017-11-18 11:00:00;14,97;27,44;-12,47;41794;3795;54800;28729;27808;5631;33439;32524;-921;1836;915;0,027363258470648046;-0,033119965477560416;0,32605221097496007;-0,832999331997328;3;5
2017-11-18;12;2017-11-18 12:00:00;18,19;28,87;-10,68;41794;3436;54800;31062;29479;5616;35095;34498;-1583;2180;597;0,017010970223678586;-0,05369924352929204;0,38817663817663817;-0,5871357888949972;3;5
2017-11-18;13;2017-11-18 13:00:00;13,01;25,38;-12,37;41794;2714;54800;31128;30239;4713;34952;33842;-889;1999;1110;0,031757839322499426;-0,029399120341281126;0,42414597920645025;-0,9508070714834742;3;5
2017-11-18;14;2017-11-18 14:00:00;18,46;31,59;-13,13;41794;1646;54800;30432;29914;3150;33064;32078;-518;1504;986;0,0298209533026857;-0,017316306746005216;0,4774603174603175;-0,7112676056338029;3;5
2017-11-18;15;2017-11-18 15:00:00;24,84;31,01;-6,170000000000003;41794;576;54800;29922;29056;1215;30271;30498;-866;639;-227;-0,007498926365167982;-0,029804515418502202;0,5259259259259259;-0,24838969404186806;3;5
2017-11-18;16;2017-11-18 16:00:00;28,33;34,04;-5,710000000000001;41794;23;54800;29903;28366;97;28463;29926;-1537;74;-1463;-0,05140006323999578;-0,05418458718183741;0,7628865979381443;-0,2015531238969291;3;5
2017-11-18;17;2017-11-18 17:00:00;29,77;33,96;-4,190000000000001;41794;0;54800;29353;28005;0;28005;29353;-1348;0;-1348;-0,048134261738975184;-0,048134261738975184;;-0,14074571716493117;3;5
2017-11-18;18;2017-11-18 18:00:00;29,7;32,82;-3,120000000000001;41794;0;54800;28754;27736;0;27736;28754;-1018;0;-1018;-0,0367032016152293;-0,0367032016152293;;-0,10505050505050509;3;5
2017-11-18;19;2017-11-18 19:00:00;24,03;25,96;-1,93;41794;0;54800;28326;27580;0;27580;28326;-746;0;-746;-0,02704858593183466;-0,02704858593183466;;-0,08031627132750728;3;5
2017-11-18;20;2017-11-18 20:00:00;13,06;20,86;-7,799999999999999;41794;0;54800;27274;27552;0;27552;27274;278;0;278;0,010090011614401859;0,010090011614401859;;-0,5972434915773353;3;5
2017-11-18;21;2017-11-18 21:00:00;12,69;18,27;-5,58;41794;0;54800;26920;27639;0;27639;26920;719;0;719;0,026013965773001916;0,026013965773001916;;-0,4397163120567376;3;5
2017-11-18;22;2017-11-18 22:00:00;11,38;19,73;-8,35;41794;0;54800;26334;27660;0;27660;26334;1326;0;1326;0,04793926247288503;0,04793926247288503;;-0,7337434094903338;3;5
2017-11-18;23;2017-11-18 23:00:00;0,41;18,87;-18,46;41794;0;54800;26374;27686;0;27686;26374;1312;0;1312;0,047388571841363865;0,047388571841363865;;-45,024390243902445;3;5
2017-11-19;0;2017-11-19 00:00:00;0,37;15,73;-15,36;41794;0;54800;26708;27827;0;27827;26708;1119;0;1119;0,040212743019369675;0,040212743019369675;;-41,513513513513516;3;6
2017-11-19;1;2017-11-19 01:00:00;4,33;11,56;-7,23;41794;0;54800;26773;28020;0;28020;26773;1247;0;1247;0,04450392576730906;0,04450392576730906;;-1,6697459584295613;3;6
2017-11-19;2;2017-11-19 02:00:00;2,91;9,67;-6,76;41794;0;54800;26782;28239;0;28239;26782;1457;0;1457;0,05159531144870569;0,05159531144870569;;-2,3230240549828176;3;6
2017-11-19;3;2017-11-19 03:00:00;2,17;9,16;-6,99;41794;0;54800;27282;28587;0;28587;27282;1305;0;1305;0,045650120684227094;0,045650120684227094;;-3,221198156682028;3;6
2017-11-19;4;2017-11-19 04:00:00;2,14;12,77;-10,63;41794;0;54800;27876;28978;0;28978;27876;1102;0;1102;0,03802884947201325;0,03802884947201325;;-4,9672897196261685;3;6
2017-11-19;5;2017-11-19 05:00:00;0,03;11,22;-11,19;41794;0;54800;28620;29466;0;29466;28620;846;0;846;0,028711056811240074;0,028711056811240074;;-373,0;3;6
2017-11-19;6;2017-11-19 06:00:00;-0,03;9,79;-9,82;41794;0;54800;29492;29959;0;29959;29492;467;0;467;0,0155879702259755;0,0155879702259755;;327,33333333333337;3;6
2017-11-19;7;2017-11-19 07:00:00;0,04;9,07;-9,03;41794;12;54800;30173;30482;24;30506;30185;309;12;321;0,01052252015996853;0,010137130109572862;0,5;-225,74999999999997;3;6
2017-11-19;8;2017-11-19 08:00:00;5,08;4,46;0,6200000000000001;41794;750;54800;30324;30979;735;31714;31074;655;-15;640;0,02018036198524311;0,021143355176087026;-0,02040816326530612;0,12204724409448821;3;6
2017-11-19;9;2017-11-19 09:00:00;23,49;20,15;3,34;41794;2761;54800;30681;31570;2597;34167;33442;889;-164;725;0,021219305177510462;0,028159645232815965;-0,06314978821717367;0,14218816517667093;3;6
2017-11-19;10;2017-11-19 10:00:00;12,77;24,27;-11,5;41794;4683;54800;31168;32234;4495;36729;35851;1066;-188;878;0,023904816357646547;0,03307067072035739;-0,04182424916573971;-0,9005481597494127;3;6
2017-11-19;11;2017-11-19 11:00:00;21,94;23,53;-1,59;41794;5580;54800;31526;32711;5730;38441;37106;1185;150;1335;0,03472854504305299;0,03622634587753355;0,02617801047120419;-0,07247037374658158;3;6
2017-11-19;12;2017-11-19 12:00:00;12,5;20,63;-8,129999999999999;41794;5509;54800;31641;33051;6002;39053;37150;1410;493;1903;0,04872865080787647;0,04266134156303894;0,08213928690436521;-0,6503999999999999;3;6
2017-11-19;13;2017-11-19 13:00:00;9,09;13,22;-4,130000000000001;41794;4928;54800;31460;33048;5359;38407;36388;1588;431;2019;0,05256854219282943;0,04805131929314936;0,0804254525097966;-0,45434543454345444;3;6
2017-11-19;14;2017-11-19 14:00:00;5,09;11,29;-6,199999999999998;41794;3183;54800;31450;32592;3819;36411;34633;1142;636;1778;0,04883139710527039;0,0350392734413353;0,16653574234092694;-1,2180746561886049;3;6
2017-11-19;15;2017-11-19 15:00:00;9,63;18,45;-8,819999999999997;41794;1180;54800;31940;31796;1534;33330;33120;-144;354;210;0,0063006300630063005;-0,004528871556170587;0,23076923076923078;-0,9158878504672893;3;6
2017-11-19;16;2017-11-19 16:00:00;5,99;19,1;-13,11;41794;65;54800;32664;31020;118;31138;32729;-1644;53;-1591;-0,05109512492774102;-0,05299806576402321;0,4491525423728814;-2,1886477462437393;3;6
2017-11-19;17;2017-11-19 17:00:00;23,14;23,56;-0,41999999999999815;41794;0;54800;32677;30303;0;30303;32677;-2374;0;-2374;-0,07834207834207835;-0,07834207834207835;;-0,01815038893690571;3;6
2017-11-19;18;2017-11-19 18:00:00;21,94;22,81;-0,8699999999999974;41794;0;54800;32564;29748;0;29748;32564;-2816;0;-2816;-0,09466182600510958;-0,09466182600510958;;-0,0396536007292615;3;6
2017-11-19;19;2017-11-19 19:00:00;13,3;15,61;-2,3099999999999987;41794;0;54800;31891;29027;0;29027;31891;-2864;0;-2864;-0,09866675853515693;-0,09866675853515693;;-0,1736842105263157;3;6
2017-11-19;20;2017-11-19 20:00:00;12,62;12,09;0,5299999999999994;41794;0;54800;31066;28107;0;28107;31066;-2959;0;-2959;-0,10527626569893621;-0,10527626569893621;;0,041996830427892186;3;6
2017-11-19;21;2017-11-19 21:00:00;11,38;9,86;1,5200000000000014;41794;0;54800;29967;27076;0;27076;29967;-2891;0;-2891;-0,10677352637021717;-0,10677352637021717;;0,13356766256590522;3;6
2017-11-19;22;2017-11-19 22:00:00;13,95;9,71;4,239999999999998;41794;0;54800;28962;26017;0;26017;28962;-2945;0;-2945;-0,1131952185109736;-0,1131952185109736;;0,303942652329749;3;6
2017-11-19;23;2017-11-19 23:00:00;12,21;6,92;5,290000000000001;41794;0;54800;27864;25188;0;25188;27864;-2676;0;-2676;-0,10624106717484516;-0,10624106717484516;;0,4332514332514333;3;6
2017-11-20;0;2017-11-20 00:00:00;12,59;-3,89;16,48;41797;0;54829;26395;24543;0;24543;26395;-1852;0;-1852;-0,07545939779163101;-0,07545939779163101;;1,3089753772835584;3;0
2017-11-20;1;2017-11-20 01:00:00;12,51;-8,1;20,61;41797;0;54829;25224;23554;0;23554;25224;-1670;0;-1670;-0,07090090855056466;-0,07090090855056466;;1,6474820143884892;3;0
2017-11-20;2;2017-11-20 02:00:00;10,49;-11,68;22,17;41797;0;54829;23010;22356;0;22356;23010;-654;0;-654;-0,029253891572732154;-0,029253891572732154;;2,113441372735939;3;0
2017-11-20;3;2017-11-20 03:00:00;11,0;-5,46;16,46;41797;0;54829;21830;21197;0;21197;21830;-633;0;-633;-0,029862716422135206;-0,029862716422135206;;1,4963636363636363;3;0
2017-11-20;4;2017-11-20 04:00:00;14,96;8,15;6,8100000000000005;41797;0;54829;19800;20107;0;20107;19800;307;0;307;0,015268314517332272;0,015268314517332272;;0,4552139037433155;3;0
2017-11-20;5;2017-11-20 05:00:00;23,81;31,3;-7,490000000000002;41797;0;54829;19145;19122;0;19122;19145;-23;0;-23;-0,0012028030540738417;-0,0012028030540738417;;-0,3145737085258296;3;0
2017-11-20;6;2017-11-20 06:00:00;39,94;41,79;-1,8500000000000012;41797;0;54829;18771;18212;0;18212;18771;-559;0;-559;-0,03069404788051834;-0,03069404788051834;;-0,04631947921882827;3;0
2017-11-20;7;2017-11-20 07:00:00;41,99;49,49;-7,5;41797;14;54829;18618;17165;21;17186;18632;-1453;7;-1446;-0,08413825206563481;-0,08464899504806292;0,3333333333333333;-0,17861395570373897;3;0
2017-11-20;8;2017-11-20 08:00:00;43,92;46,35;-2,43;41797;558;54829;17494;16289;484;16773;18052;-1205;-74;-1279;-0,07625350265307339;-0,07397630302658235;-0,15289256198347106;-0,055327868852459015;3;0
2017-11-20;9;2017-11-20 09:00:00;43,91;53,1;-9,190000000000003;41797;1798;54829;16258;15681;1525;17206;18056;-577;-273;-850;-0,04940137161455306;-0,036796122696256615;-0,17901639344262296;-0,2092917330904123;3;0
2017-11-20;10;2017-11-20 10:00:00;43,68;52,32;-8,64;41797;2762;54829;15193;15303;2406;17709;17955;110;-356;-246;-0,013891241741487379;0,007188133045808011;-0,1479634247714048;-0,19780219780219782;3;0
2017-11-20;11;2017-11-20 11:00:00;43,94;52,72;-8,780000000000001;41797;3126;54829;14902;15339;2779;18118;18028;437;-347;90;0,004967435699304559;0,028489471282352175;-0,1248650593738755;-0,19981793354574423;3;0
2017-11-20;12;2017-11-20 12:00:00;44,36;52,57;-8,21;41797;2813;54829;14975;15579;2579;18158;17788;604;-234;370;0,02037669346844366;0,03877013929006996;-0,09073284218689415;-0,18507664562669074;3;0
2017-11-20;13;2017-11-20 13:00:00;49,05;53,6;-4,550000000000004;41797;2174;54829;14258;15521;1988;17509;16432;1263;-186;1077;0,06151122279970301;0,08137362283358031;-0,09356136820925554;-0,09276248725790019;3;0
2017-11-20;14;2017-11-20 14:00:00;53,46;58,9;-5,439999999999998;41797;1275;54829;13525;15034;1157;16191;14800;1509;-118;1391;0,08591192637885245;0,10037248902487694;-0,10198789974070872;-0,10175832398054616;3;0
2017-11-20;15;2017-11-20 15:00:00;50,99;62,42;-11,43;41797;392;54829;13330;14505;386;14891;13722;1175;-6;1169;0,07850379423813042;0,08100654946570149;-0,015544041450777202;-0,224161600313787;3;0
2017-11-20;16;2017-11-20 16:00:00;59,3;72,02;-12,72;41797;10;54829;13246;14240;33;14273;13256;994;23;1017;0,07125341553983044;0,06980337078651686;0,696969696969697;-0,21450252951096124;3;0
2017-11-20;17;2017-11-20 17:00:00;66,02;94,45;-28,43000000000001;41797;0;54829;13571;14143;0;14143;13571;572;0;572;0,0404440359188291;0,0404440359188291;;-0,4306270827022116;3;0
2017-11-20;18;2017-11-20 18:00:00;53,38;91,99;-38,60999999999999;41797;0;54829;13496;14121;0;14121;13496;625;0;625;0,044260321506975425;0,044260321506975425;;-0,7233046084675907;3;0
2017-11-20;19;2017-11-20 19:00:00;47,93;59,9;-11,97;41797;0;54829;13190;14089;0;14089;13190;899;0;899;0,06380864504223153;0,06380864504223153;;-0,2497392030043814;3;0
2017-11-20;20;2017-11-20 20:00:00;43,95;45,89;-1,9399999999999975;41797;0;54829;12904;13872;0;13872;12904;968;0;968;0,06978085351787774;0,06978085351787774;;-0,044141069397042036;3;0
2017-11-20;21;2017-11-20 21:00:00;38,63;39,58;-0,9499999999999956;41797;0;54829;12371;13641;0;13641;12371;1270;0;1270;0,09310167876255407;0,09310167876255407;;-0,02459228578824736;3;0
2017-11-20;22;2017-11-20 22:00:00;38,76;37,22;1,5399999999999991;41797;0;54829;11922;13256;0;13256;11922;1334;0;1334;0,10063367531683766;0,10063367531683766;;0,03973168214654281;3;0
2017-11-20;23;2017-11-20 23:00:00;34,97;37,15;-2,18;41797;0;54829;11636;12690;0;12690;11636;1054;0;1054;0,0830575256107171;0,0830575256107171;;-0,06233914784100658;3;0
2017-11-21;0;2017-11-21 00:00:00;36,03;31,76;4,27;41801;0;54845;11615;11269;0;11269;11615;-346;0;-346;-0,030703700417073387;-0,030703700417073387;;0,11851235081876213;3;1
2017-11-21;1;2017-11-21 01:00:00;35,46;31,14;4,32;41801;0;54845;11521;10797;0;10797;11521;-724;0;-724;-0,0670556636102621;-0,0670556636102621;;0,1218274111675127;3;1
2017-11-21;2;2017-11-21 02:00:00;35,63;30,24;5,390000000000003;41801;0;54845;11474;10477;0;10477;11474;-997;0;-997;-0,09516082848143552;-0,09516082848143552;;0,15127701375245586;3;1
2017-11-21;3;2017-11-21 03:00:00;35,73;31,28;4,449999999999996;41801;0;54845;10949;10175;0;10175;10949;-774;0;-774;-0,07606879606879607;-0,07606879606879607;;0,12454520011195064;3;1
2017-11-21;4;2017-11-21 04:00:00;35,42;34,48;0,9400000000000048;41801;0;54845;10750;9844;0;9844;10750;-906;0;-906;-0,09203575782202357;-0,09203575782202357;;0,02653867871259189;3;1
2017-11-21;5;2017-11-21 05:00:00;37,92;34,56;3,3599999999999994;41801;0;54845;10746;9587;0;9587;10746;-1159;0;-1159;-0,1208928757692709;-0,1208928757692709;;0,08860759493670885;3;1
2017-11-21;6;2017-11-21 06:00:00;46,51;38,12;8,39;41801;0;54845;10910;9458;0;9458;10910;-1452;0;-1452;-0,15352082892789173;-0,15352082892789173;;0,18039131369597938;3;1
2017-11-21;7;2017-11-21 07:00:00;67,86;56,72;11,14;41801;6;54845;10921;9317;8;9325;10927;-1604;2;-1602;-0,17179624664879356;-0,1721584200923044;0,25;0,1641615089890952;3;1
2017-11-21;8;2017-11-21 08:00:00;72,63;59,56;13,069999999999993;41801;266;54845;10938;9202;232;9434;11204;-1736;-34;-1770;-0,1876192495230019;-0,18865464029558793;-0,14655172413793102;0,17995318738813154;3;1
2017-11-21;9;2017-11-21 09:00:00;54,99;49,23;5,760000000000005;41801;964;54845;10945;9125;744;9869;11909;-1820;-220;-2040;-0,20670787313810923;-0,19945205479452055;-0,2956989247311828;0,10474631751227505;3;1
2017-11-21;10;2017-11-21 10:00:00;54,26;46,96;7,299999999999998;41801;1604;54845;10454;9060;1255;10315;12058;-1394;-349;-1743;-0,16897721764420748;-0,15386313465783663;-0,27808764940239045;0,13453741245853296;3;1
2017-11-21;11;2017-11-21 11:00:00;64,03;50,09;13,939999999999998;41801;1970;54845;10276;9030;1542;10572;12246;-1246;-428;-1674;-0,1583427922814983;-0,13798449612403102;-0,2775616083009079;0,21771044822739338;3;1
2017-11-21;12;2017-11-21 12:00:00;55,27;49,86;5,410000000000004;41801;2198;54845;10093;9090;1584;10674;12291;-1003;-614;-1617;-0,15148960089938168;-0,11034103410341034;-0,38762626262626265;0,09788311923285695;3;1
2017-11-21;13;2017-11-21 13:00:00;64,91;54,84;10,069999999999991;41801;2156;54845;10092;9229;1398;10627;12248;-863;-758;-1621;-0,15253599322480474;-0,09350958933795644;-0,542203147353362;0,15513788322292393;3;1
2017-11-21;14;2017-11-21 14:00:00;62,65;56,68;5,969999999999999;41801;1536;54845;10544;9483;961;10444;12080;-1061;-575;-1636;-0,156644963615473;-0,11188442476009701;-0,5983350676378772;0,09529130087789305;3;1
2017-11-21;15;2017-11-21 15:00:00;62,65;57,58;5,07;41801;530;54845;11034;9977;378;10355;11564;-1057;-152;-1209;-0,11675519072911637;-0,10594367044201664;-0,4021164021164021;0,08092577813248204;3;1
2017-11-21;16;2017-11-21 16:00:00;62,65;59,33;3,3200000000000003;41801;10;54845;11919;10881;35;10916;11929;-1038;25;-1013;-0,09279956027849029;-0,09539564378274056;0,7142857142857143;0,0529928172386273;3;1
2017-11-21;17;2017-11-21 17:00:00;68,05;72,27;-4,219999999999999;41801;0;54845;12812;12358;0;12358;12812;-454;0;-454;-0,03673733613853374;-0,03673733613853374;;-0,06201322556943423;3;1
2017-11-21;18;2017-11-21 18:00:00;57,46;62,71;-5,25;41801;0;54845;14142;13977;0;13977;14142;-165;0;-165;-0,011805108392358874;-0,011805108392358874;;-0,09136790810998956;3;1
2017-11-21;19;2017-11-21 19:00:00;43,99;48,77;-4,780000000000001;41801;0;54845;15924;15386;0;15386;15924;-538;0;-538;-0,03496685298323151;-0,03496685298323151;;-0,10866105933166631;3;1
2017-11-21;20;2017-11-21 20:00:00;35,42;41,67;-6,25;41801;0;54845;18138;17017;0;17017;18138;-1121;0;-1121;-0,06587530116941882;-0,06587530116941882;;-0,17645398080180688;3;1
2017-11-21;21;2017-11-21 21:00:00;32,64;37,39;-4,75;41801;0;54845;19549;18609;0;18609;19549;-940;0;-940;-0,050513192541243486;-0,050513192541243486;;-0,14552696078431374;3;1
2017-11-21;22;2017-11-21 22:00:00;31,31;36,98;-5,669999999999997;41801;0;54845;20424;19723;0;19723;20424;-701;0;-701;-0,0355422603052274;-0,0355422603052274;;-0,1810923027786649;3;1
2017-11-21;23;2017-11-21 23:00:00;29,69;31,86;-2,1699999999999977;41801;0;54845;21449;20483;0;20483;21449;-966;0;-966;-0,047161060391544204;-0,047161060391544204;;-0,0730885820141461;3;1
2017-11-22;0;2017-11-22 00:00:00;27,15;16,24;10,91;41809;0;54873;22587;21691;0;21691;22587;-896;0;-896;-0,041307454704716244;-0,041307454704716244;;0,40184162062615103;3;2
2017-11-22;1;2017-11-22 01:00:00;15,7;12,27;3,43;41809;0;54873;24319;22753;0;22753;24319;-1566;0;-1566;-0,0688260888674021;-0,0688260888674021;;0,21847133757961784;3;2
2017-11-22;2;2017-11-22 02:00:00;10,7;7,42;3,28;41809;0;54873;25442;23831;0;23831;25442;-1611;0;-1611;-0,06760102387646343;-0,06760102387646343;;0,30654205607476637;3;2
2017-11-22;3;2017-11-22 03:00:00;10,96;5,79;5,170000000000001;41809;0;54873;26680;24872;0;24872;26680;-1808;0;-1808;-0,07269218398198778;-0,07269218398198778;;0,4717153284671533;3;2
2017-11-22;4;2017-11-22 04:00:00;10,75;3,65;7,1;41809;0;54873;27144;25827;0;25827;27144;-1317;0;-1317;-0,050993146706934604;-0,050993146706934604;;0,6604651162790698;3;2
2017-11-22;5;2017-11-22 05:00:00;20,24;9,35;10,89;41809;0;54873;27422;26678;0;26678;27422;-744;0;-744;-0,02788814753729665;-0,02788814753729665;;0,5380434782608696;3;2
2017-11-22;6;2017-11-22 06:00:00;29,92;17,17;12,75;41809;0;54873;28134;27426;0;27426;28134;-708;0;-708;-0,025814920148763947;-0,025814920148763947;;0,4261363636363636;3;2
2017-11-22;7;2017-11-22 07:00:00;37,37;30,48;6,889999999999998;41809;24;54873;26974;27827;37;27864;26998;853;13;866;0,031079529141544646;0,030653681676070004;0,35135135135135137;0,18437249130318434;3;2
2017-11-22;8;2017-11-22 08:00:00;35,72;32,33;3,390000000000001;41809;1234;54873;26080;27783;1177;28960;27314;1703;-57;1646;0,05683701657458563;0,06129647626246266;-0,048428207306711976;0,0949048152295633;3;2
2017-11-22;9;2017-11-22 09:00:00;32,49;33,82;-1,3299999999999983;41809;3744;54873;25211;27626;3502;31128;28955;2415;-242;2173;0,06980853251092264;0,08741765003981757;-0,06910336950314107;-0,040935672514619825;3;2
2017-11-22;10;2017-11-22 10:00:00;31,98;35,29;-3,3099999999999987;41809;6335;54873;24190;27106;5680;32786;30525;2916;-655;2261;0,06896236198377356;0,10757765808308124;-0,1153169014084507;-0,10350218886804248;3;2
2017-11-22;11;2017-11-22 11:00:00;31,8;37,55;-5,7499999999999964;41809;8286;54873;22844;26187;7103;33290;31130;3343;-1183;2160;0,06488434965455092;0,12765876198113568;-0,16654934534703647;-0,18081761006289296;3;2
2017-11-22;12;2017-11-22 12:00:00;31,03;35,26;-4,229999999999997;41809;9214;54873;21601;24906;7558;32464;30815;3305;-1656;1649;0,050794726466239525;0,13269894804464788;-0,21910558348769515;-0,13631969062197863;3;2
2017-11-22;13;2017-11-22 13:00:00;31,3;35,8;-4,4999999999999964;41809;8628;54873;20137;23452;6901;30353;28765;3315;-1727;1588;0,052317728066418476;0,14135254988913526;-0,2502535864367483;-0,1437699680511181;3;2
2017-11-22;14;2017-11-22 14:00:00;32,56;38,56;-6,0;41809;6151;54873;18540;22132;4997;27129;24691;3592;-1154;2438;0,08986693206531755;0,16229893367070305;-0,23093856313788272;-0,18427518427518427;3;2
2017-11-22;15;2017-11-22 15:00:00;41,43;42,75;-1,3200000000000005;41809;2412;54873;17143;21115;2130;23245;19555;3972;-282;3690;0,15874381587438158;0,1881127160786171;-0,1323943661971831;-0,031860970311368586;3;2
2017-11-22;16;2017-11-22 16:00:00;50,06;57,96;-7,899999999999999;41809;119;54873;18688;20897;170;21067;18807;2209;51;2260;0,10727678359519628;0,10570895343829258;0,3;-0,1578106272473032;3;2
2017-11-22;17;2017-11-22 17:00:00;61,26;66,53;-5,270000000000003;41809;0;54873;21603;21562;0;21562;21603;-41;0;-41;-0,0019014933679621557;-0,0019014933679621557;;-0,08602677113940586;3;2
2017-11-22;18;2017-11-22 18:00:00;50,93;48,5;2,43;41809;0;54873;23903;22416;0;22416;23903;-1487;0;-1487;-0,06633654532476803;-0,06633654532476803;;0,04771254663263303;3;2
2017-11-22;19;2017-11-22 19:00:00;43,97;36,08;7,8900000000000015;41809;0;54873;25418;23225;0;23225;25418;-2193;0;-2193;-0,09442411194833154;-0,09442411194833154;;0,17944052763247673;3;2
2017-11-22;20;2017-11-22 20:00:00;39,99;30,79;9,200000000000003;41809;0;54873;26547;23939;0;23939;26547;-2608;0;-2608;-0,10894356489410585;-0,10894356489410585;;0,2300575143785947;3;2
2017-11-22;21;2017-11-22 21:00:00;33,7;23,46;10,240000000000002;41809;0;54873;27337;24721;0;24721;27337;-2616;0;-2616;-0,1058209619351968;-0,1058209619351968;;0,3038575667655787;3;2
2017-11-22;22;2017-11-22 22:00:00;29,56;19,02;10,54;41809;0;54873;27018;25447;0;25447;27018;-1571;0;-1571;-0,06173615750383149;-0,06173615750383149;;0,3565629228687415;3;2
2017-11-22;23;2017-11-22 23:00:00;20,6;10,99;9,61;41809;0;54873;27573;26024;0;26024;27573;-1549;0;-1549;-0,05952197971103597;-0,05952197971103597;;0,46650485436893196;3;2
2017-11-23;0;2017-11-23 00:00:00;9,67;13,3;-3,6300000000000012;41814;0;54891;28286;27564;0;27564;28286;-722;0;-722;-0,026193585836598463;-0,026193585836598463;;-0,3753877973112721;3;3
2017-11-23;1;2017-11-23 01:00:00;12,76;21,1;-8,340000000000002;41814;0;54891;28442;27947;0;27947;28442;-495;0;-495;-0,017712097899595665;-0,017712097899595665;;-0,6536050156739813;3;3
2017-11-23;2;2017-11-23 02:00:00;9,64;20,73;-11,09;41814;0;54891;28458;28416;0;28416;28458;-42;0;-42;-0,0014780405405405406;-0,0014780405405405406;;-1,150414937759336;3;3
2017-11-23;3;2017-11-23 03:00:00;9,47;14,91;-5,44;41814;0;54891;28812;29020;0;29020;28812;208;0;208;0,007167470709855272;0,007167470709855272;;-0,5744456177402323;3;3
2017-11-23;4;2017-11-23 04:00:00;9,46;15,33;-5,869999999999999;41814;0;54891;29778;29735;0;29735;29778;-43;0;-43;-0,0014461072809820077;-0,0014461072809820077;;-0,6205073995771668;3;3
2017-11-23;5;2017-11-23 05:00:00;12,77;18,35;-5,580000000000003;41814;0;54891;30995;30637;0;30637;30995;-358;0;-358;-0,011685217221007278;-0,011685217221007278;;-0,43696162881754136;3;3
2017-11-23;6;2017-11-23 06:00:00;17,1;17,14;-0,03999999999999915;41814;0;54891;32328;31544;0;31544;32328;-784;0;-784;-0,024854171950291656;-0,024854171950291656;;-0,0023391812865496573;3;3
2017-11-23;7;2017-11-23 07:00:00;32,93;26,58;6,350000000000001;41814;29;54891;32596;32317;47;32364;32625;-279;18;-261;-0,008064516129032258;-0,008633227094099081;0,3829787234042553;0,1928332827209232;3;3
2017-11-23;8;2017-11-23 08:00:00;31,09;25,21;5,879999999999999;41814;1749;54891;33098;32864;1693;34557;34847;-234;-56;-290;-0,008391932170037909;-0,007120253164556962;-0,03307737743650325;0,18912833708587967;3;3
2017-11-23;9;2017-11-23 09:00:00;29,96;14,88;15,08;41814;5185;54891;33075;33359;5150;38509;38260;284;-35;249;0,006466020930172168;0,008513444647621332;-0,006796116504854369;0,5033377837116155;3;3
2017-11-23;10;2017-11-23 10:00:00;24,03;10,28;13,750000000000002;41814;7302;54891;33196;33747;7878;41625;40498;551;576;1127;0,027075075075075075;0,016327377248348002;0,07311500380807312;0,5722014148980442;3;3
2017-11-23;11;2017-11-23 11:00:00;16,24;16,11;0,129999999999999;41814;8030;54891;33470;33973;9050;43023;41500;503;1020;1523;0,03539966994398345;0,01480587525387808;0,112707182320442;0,008004926108374324;3;3
2017-11-23;12;2017-11-23 12:00:00;12,75;17,26;-4,510000000000002;41814;7764;54891;33938;34082;8725;42807;41702;144;961;1105;0,025813535169481625;0,0042251041605539585;0,1101432664756447;-0,3537254901960786;3;3
2017-11-23;13;2017-11-23 13:00:00;16,63;22,09;-5,460000000000001;41814;6387;54891;34156;34037;7176;41213;40543;-119;789;670;0,016257006284424818;-0,003496195316861063;0,10994983277591973;-0,328322309079976;3;3
2017-11-23;14;2017-11-23 14:00:00;26,23;29,45;-3,219999999999999;41814;4165;54891;33620;33736;4611;38347;37785;116;446;562;0,014655644509348842;0,0034384633625800334;0,09672522229451312;-0,12276019824628284;3;3
2017-11-23;15;2017-11-23 15:00:00;30,76;32,6;-1,84;41814;1384;54891;32484;33157;1689;34846;33868;673;305;978;0,02806634907880388;0,020297373103718673;0,18058022498519835;-0,05981794538361508;3;3
2017-11-23;16;2017-11-23 16:00:00;31,95;33,31;-1,360000000000003;41814;52;54891;32244;32370;106;32476;32296;126;54;180;0,005542554501785934;0,003892493049119555;0,5094339622641509;-0,04256651017214407;3;3
2017-11-23;17;2017-11-23 17:00:00;37,97;35,81;2,1599999999999966;41814;0;54891;30842;31394;0;31394;30842;552;0;552;0,017582977639039307;0,017582977639039307;;0,056887016065314634;3;3
2017-11-23;18;2017-11-23 18:00:00;37,57;30,75;6,82;41814;0;54891;30450;30511;0;30511;30450;61;0;61;0,0019992789485759233;0,0019992789485759233;;0,18152781474580784;3;3
2017-11-23;19;2017-11-23 19:00:00;36,98;34,54;2,4399999999999977;41814;0;54891;29584;29737;0;29737;29584;153;0;153;0,005145105424218987;0,005145105424218987;;0,06598161168199021;3;3
2017-11-23;20;2017-11-23 20:00:00;33,94;30,0;3,9399999999999977;41814;0;54891;28912;28500;0;28500;28912;-412;0;-412;-0,014456140350877193;-0,014456140350877193;;0,11608721272834407;3;3
2017-11-23;21;2017-11-23 21:00:00;29,34;27,54;1,8000000000000007;41814;0;54891;27733;27103;0;27103;27733;-630;0;-630;-0,023244659262812235;-0,023244659262812235;;0,06134969325153377;3;3
2017-11-23;22;2017-11-23 22:00:00;27,41;27,21;0,1999999999999993;41814;0;54891;26029;25297;0;25297;26029;-732;0;-732;-0,02893623749851761;-0,02893623749851761;;0,0072966070777088395;3;3
2017-11-23;23;2017-11-23 23:00:00;24,05;20,3;3,75;41814;0;54891;24249;23207;0;23207;24249;-1042;0;-1042;-0,044900245615547035;-0,044900245615547035;;0,15592515592515593;3;3
2017-11-24;0;2017-11-24 00:00:00;26,93;26,2;0,7300000000000004;41818;0;54921;22239;20837;0;20837;22239;-1402;0;-1402;-0,06728415798819408;-0,06728415798819408;;0,027107315261789843;3;4
2017-11-24;1;2017-11-24 01:00:00;27,75;31,19;-3,4400000000000013;41818;0;54921;20208;19698;0;19698;20208;-510;0;-510;-0,025890953396283885;-0,025890953396283885;;-0,12396396396396402;3;4
2017-11-24;2;2017-11-24 02:00:00;28,04;32,82;-4,780000000000001;41818;0;54921;18689;18066;0;18066;18689;-623;0;-623;-0,03448466733089782;-0,03448466733089782;;-0,17047075606276751;3;4
2017-11-24;3;2017-11-24 03:00:00;27,1;30,22;-3,119999999999997;41818;0;54921;17515;16544;0;16544;17515;-971;0;-971;-0,05869197292069633;-0,05869197292069633;;-0,1151291512915128;3;4
2017-11-24;4;2017-11-24 04:00:00;28,22;28,72;-0,5;41818;0;54921;16999;15328;0;15328;16999;-1671;0;-1671;-0,10901617954070981;-0,10901617954070981;;-0,01771793054571226;3;4
2017-11-24;5;2017-11-24 05:00:00;35,66;26,05;9,609999999999996;41818;0;54921;16636;14656;0;14656;16636;-1980;0;-1980;-0,13509825327510916;-0,13509825327510916;;0,2694896242288277;3;4
2017-11-24;6;2017-11-24 06:00:00;49,01;39,92;9,089999999999996;41818;0;54921;16348;14322;0;14322;16348;-2026;0;-2026;-0,14146068984778662;-0,14146068984778662;;0,18547235258110584;3;4
2017-11-24;7;2017-11-24 07:00:00;49,07;38,62;10,450000000000003;41818;25;54921;16713;14253;34;14287;16738;-2460;9;-2451;-0,17155456008959194;-0,17259524310671437;0,2647058823529412;0,2129610760138578;3;4
2017-11-24;8;2017-11-24 08:00:00;48,0;38,42;9,579999999999998;41818;1080;54921;17597;14292;1164;15456;18677;-3305;84;-3221;-0,20839803312629399;-0,23124825076966135;0,07216494845360824;0,1995833333333333;3;4
2017-11-24;9;2017-11-24 09:00:00;46,92;37,11;9,810000000000002;41818;3336;54921;17856;14550;3443;17993;21192;-3306;107;-3199;-0,1777913633079531;-0,22721649484536083;0,031077548649433632;0,20907928388746808;3;4
2017-11-24;10;2017-11-24 10:00:00;45,43;37,75;7,68;41818;5440;54921;17593;14766;5218;19984;23033;-2827;-222;-3049;-0,1525720576461169;-0,19145333875118514;-0,04254503641241855;0,1690512876953555;3;4
2017-11-24;11;2017-11-24 11:00:00;46,5;38,47;8,030000000000001;41818;6356;54921;17330;14908;6076;20984;23686;-2422;-280;-2702;-0,12876477316050325;-0,1624631070566139;-0,04608294930875576;0,1726881720430108;3;4
2017-11-24;12;2017-11-24 12:00:00;39,57;37,3;2,270000000000003;41818;5980;54921;15700;14890;5881;20771;21680;-810;-99;-909;-0,04376293871262819;-0,05439892545332438;-0,01683387179051182;0,057366691938337204;3;4
2017-11-24;13;2017-11-24 13:00:00;41,13;41,46;-0,3299999999999983;41818;4938;54921;14416;14559;4809;19368;19354;143;-129;14;0,0007228418009087154;0,009822103166426266;-0,026824703680598878;-0,008023340627279316;3;4
2017-11-24;14;2017-11-24 14:00:00;43,13;44,37;-1,2399999999999949;41818;2566;54921;12532;13728;3020;16748;15098;1196;454;1650;0,09851922617625986;0,08712121212121213;0,15033112582781458;-0,028750289821469856;3;4
2017-11-24;15;2017-11-24 15:00:00;44,91;46,79;-1,8800000000000023;41818;706;54921;10705;12673;1060;13733;11411;1968;354;2322;0,16908177382946188;0,15529077566479918;0,3339622641509434;-0,04186150077933651;3;4
2017-11-24;16;2017-11-24 16:00:00;46,94;54,07;-7,130000000000003;41818;14;54921;9994;11601;63;11664;10008;1607;49;1656;0,1419753086419753;0,13852254116024482;0,7777777777777778;-0,15189603749467412;3;4
2017-11-24;17;2017-11-24 17:00:00;53,97;66,81;-12,840000000000005;41818;0;54921;9316;10559;0;10559;9316;1243;0;1243;0,11771948101145942;0,11771948101145942;;-0,23790994997220688;3;4
2017-11-24;18;2017-11-24 18:00:00;56,24;67,3;-11,059999999999995;41818;0;54921;8736;9589;0;9589;8736;853;0;853;0,08895609552612369;0,08895609552612369;;-0,19665718349928868;3;4
2017-11-24;19;2017-11-24 19:00:00;55,97;61,51;-5,539999999999999;41818;0;54921;8259;8637;0;8637;8259;378;0;378;0,043765196248697465;0,043765196248697465;;-0,09898159728425941;3;4
2017-11-24;20;2017-11-24 20:00:00;48,0;45,59;2,4099999999999966;41818;0;54921;7632;7687;0;7687;7632;55;0;55;0,0071549369064654615;0,0071549369064654615;;0,050208333333333265;3;4
2017-11-24;21;2017-11-24 21:00:00;47,98;43,2;4,779999999999994;41818;0;54921;6475;6926;0;6926;6475;451;0;451;0,06511695062084898;0,06511695062084898;;0,09962484368486858;3;4
2017-11-24;22;2017-11-24 22:00:00;47,98;42,82;5,159999999999997;41818;0;54921;5800;6264;0;6264;5800;464;0;464;0,07407407407407407;0,07407407407407407;;0,10754481033764061;3;4
2017-11-24;23;2017-11-24 23:00:00;40,99;34,61;6,380000000000003;41818;0;54921;5056;5801;0;5801;5056;745;0;745;0,1284261334252715;0,1284261334252715;;0,15564771895584295;3;4
2017-11-25;0;2017-11-25 00:00:00;39,89;35,71;4,18;41818;0;54932;4981;5144;0;5144;4981;163;0;163;0,031687402799377914;0,031687402799377914;;0,10478816746051642;3;5
2017-11-25;1;2017-11-25 01:00:00;36,19;35,06;1,1299999999999957;41818;0;54932;4873;4709;0;4709;4873;-164;0;-164;-0,034826927160756;-0,034826927160756;;0,03122409505388217;3;5
2017-11-25;2;2017-11-25 02:00:00;34,49;32,6;1,8900000000000008;41818;0;54932;4692;4283;0;4283;4692;-409;0;-409;-0,09549381274807378;-0,09549381274807378;;0,05479849231661353;3;5
2017-11-25;3;2017-11-25 03:00:00;36,2;31,8;4,400000000000002;41818;0;54932;4394;4002;0;4002;4394;-392;0;-392;-0,09795102448775612;-0,09795102448775612;;0,1215469613259669;3;5
2017-11-25;4;2017-11-25 04:00:00;38,0;33,49;4,509999999999998;41818;0;54932;4594;3815;0;3815;4594;-779;0;-779;-0,20419397116644822;-0,20419397116644822;;0,11868421052631574;3;5
2017-11-25;5;2017-11-25 05:00:00;35,86;33,07;2,7899999999999987;41818;0;54932;4818;3788;0;3788;4818;-1030;0;-1030;-0,2719112988384372;-0,2719112988384372;;0,07780256553262685;3;5
2017-11-25;6;2017-11-25 06:00:00;35,03;36,04;-1,009999999999998;41818;0;54932;5400;3956;0;3956;5400;-1444;0;-1444;-0,36501516683518703;-0,36501516683518703;;-0,028832429346274564;3;5
2017-11-25;7;2017-11-25 07:00:00;42,37;38,33;4,039999999999999;41818;9;54932;5804;4089;12;4101;5813;-1715;3;-1712;-0,41745915630334063;-0,4194179505991685;0,25;0,09535048383290062;3;5
2017-11-25;8;2017-11-25 08:00:00;49,95;43,37;6,5800000000000045;41818;307;54932;6517;4255;400;4655;6824;-2262;93;-2169;-0,46595059076262085;-0,5316098707403055;0,2325;0,1317317317317318;3;5
2017-11-25;9;2017-11-25 09:00:00;49,94;42,71;7,229999999999998;41818;1118;54932;7182;4550;1309;5859;8300;-2632;191;-2441;-0,41662399726915855;-0,5784615384615385;0,14591291061879297;0,14477372847416897;3;5
2017-11-25;10;2017-11-25 10:00:00;51,97;42,43;9,54;41818;2145;54932;7682;4985;2161;7146;9827;-2697;16;-2681;-0,3751749230338651;-0,5410230692076229;0,007403979639055993;0,18356744275543582;3;5
2017-11-25;11;2017-11-25 11:00:00;53,51;42,66;10,85;41818;2853;54932;7600;5593;2624;8217;10453;-2007;-229;-2236;-0,27211877814287455;-0,35884140890398714;-0,08727134146341463;0,2027658381610914;3;5
2017-11-25;12;2017-11-25 12:00:00;49,96;41,49;8,469999999999999;41818;2834;54932;7574;6435;2559;8994;10408;-1139;-275;-1414;-0,15721592172559484;-0,177000777000777;-0,10746385306760453;0,1695356285028022;3;5
2017-11-25;13;2017-11-25 13:00:00;46,98;39,87;7,1099999999999985;41818;2208;54932;8617;7346;2093;9439;10825;-1271;-115;-1386;-0,14683758872761946;-0,17301933024775387;-0,054945054945054944;0,15134099616858235;3;5
2017-11-25;14;2017-11-25 14:00:00;38,98;39,04;-0,060000000000002274;41818;1466;54932;9604;8346;1373;9719;11070;-1258;-93;-1351;-0,13900607058339334;-0,15073088904864607;-0,06773488710852149;-0,0015392508978964155;3;5
2017-11-25;15;2017-11-25 15:00:00;35,29;37,12;-1,8299999999999983;41818;586;54932;10568;9422;513;9935;11154;-1146;-73;-1219;-0,12269753397081026;-0,1216302271279983;-0,14230019493177387;-0,05185604987248508;3;5
2017-11-25;16;2017-11-25 16:00:00;39,56;42,33;-2,769999999999996;41818;26;54932;12068;10349;39;10388;12094;-1719;13;-1706;-0,16422795533307663;-0,16610300512126774;0,3333333333333333;-0,07002022244691597;3;5
2017-11-25;17;2017-11-25 17:00:00;44,26;45,75;-1,490000000000002;41818;0;54932;12748;11176;0;11176;12748;-1572;0;-1572;-0,14065855404438082;-0,14065855404438082;;-0,033664708540442886;3;5
2017-11-25;18;2017-11-25 18:00:00;38,41;39,99;-1,5800000000000054;41818;0;54932;13385;12015;0;12015;13385;-1370;0;-1370;-0,1140241364960466;-0,1140241364960466;;-0,04113512106222352;3;5
2017-11-25;19;2017-11-25 19:00:00;37,93;36,66;1,2700000000000031;41818;0;54932;14460;13037;0;13037;14460;-1423;0;-1423;-0,10915087826954054;-0,10915087826954054;;0,033482731347218644;3;5
2017-11-25;20;2017-11-25 20:00:00;36,12;32,49;3,629999999999996;41818;0;54932;15400;13894;0;13894;15400;-1506;0;-1506;-0,10839211170289334;-0,10839211170289334;;0,10049833887043179;3;5
2017-11-25;21;2017-11-25 21:00:00;32,12;27,43;4,689999999999999;41818;0;54932;16227;14584;0;14584;16227;-1643;0;-1643;-0,11265770707624795;-0,11265770707624795;;0,1460149439601494;3;5
2017-11-25;22;2017-11-25 22:00:00;30,09;24,95;5,1400000000000015;41818;0;54932;16954;15371;0;15371;16954;-1583;0;-1583;-0,10298614273632165;-0,10298614273632165;;0,17082087072116986;3;5
2017-11-25;23;2017-11-25 23:00:00;27,58;17,94;9,639999999999997;41818;0;54932;17993;16069;0;16069;17993;-1924;0;-1924;-0,11973364864023897;-0,11973364864023897;;0,34952864394488753;3;5
2017-11-26;0;2017-11-26 00:00:00;19,21;11,25;7,960000000000001;41818;0;54961;19516;17108;0;17108;19516;-2408;0;-2408;-0,1407528641571195;-0,1407528641571195;;0,4143675169182718;3;6
2017-11-26;1;2017-11-26 01:00:00;12,59;8,13;4,459999999999999;41818;0;54961;21104;18192;0;18192;21104;-2912;0;-2912;-0,1600703605980651;-0,1600703605980651;;0,3542494042891183;3;6
2017-11-26;2;2017-11-26 02:00:00;11,56;6,29;5,2700000000000005;41818;0;54961;22220;19390;0;19390;22220;-2830;0;-2830;-0,14595152140278495;-0,14595152140278495;;0,4558823529411765;3;6
2017-11-26;3;2017-11-26 03:00:00;11,45;11,47;-0,02000000000000135;41818;0;54961;23508;20548;0;20548;23508;-2960;0;-2960;-0,1440529491921355;-0,1440529491921355;;-0,0017467248908298123;3;6
2017-11-26;4;2017-11-26 04:00:00;15,74;11,64;4,1;41818;0;54961;24116;21651;0;21651;24116;-2465;0;-2465;-0,11385155420072976;-0,11385155420072976;;0,2604828462515883;3;6
2017-11-26;5;2017-11-26 05:00:00;12,85;11,67;1,1799999999999995;41818;0;54961;24506;22561;0;22561;24506;-1945;0;-1945;-0,08621071761003501;-0,08621071761003501;;0,09182879377431903;3;6
2017-11-26;6;2017-11-26 06:00:00;11,41;14,84;-3,43;41818;0;54961;25438;23304;0;23304;25438;-2134;0;-2134;-0,09157226227257123;-0,09157226227257123;;-0,3006134969325153;3;6
2017-11-26;7;2017-11-26 07:00:00;9,77;13,95;-4,18;41818;5;54961;25434;23911;14;23925;25439;-1523;9;-1514;-0,06328108672936258;-0,06369453389653297;0,6428571428571429;-0,42784032753326506;3;6
2017-11-26;8;2017-11-26 08:00:00;19,36;16,71;2,6499999999999986;41818;631;54961;25014;24335;853;25188;25645;-679;222;-457;-0,018143560425599493;-0,027902198479556196;0,26025791324736225;0,13688016528925612;3;6
2017-11-26;9;2017-11-26 09:00:00;11,58;23,05;-11,47;41818;2180;54961;24726;25070;3007;28077;26906;344;827;1171;0,04170673505004096;0,013721579577183885;0,2750249418024609;-0,9905008635578584;3;6
2017-11-26;10;2017-11-26 10:00:00;19,95;24,36;-4,41;41818;3826;54961;24915;25977;4904;30881;28741;1062;1078;2140;0,06929827401962371;0,04088231897447742;0,2198205546492659;-0,2210526315789474;3;6
2017-11-26;11;2017-11-26 11:00:00;21,6;29,44;-7,84;41818;4812;54961;25343;26951;5841;32792;30155;1608;1029;2637;0,08041595511100269;0,05966383436607176;0,17616846430405753;-0,36296296296296293;3;6
2017-11-26;12;2017-11-26 12:00:00;11,48;25,89;-14,41;41818;4704;54961;25873;27742;5766;33508;30577;1869;1062;2931;0,08747164856153754;0,06737077355634057;0,1841831425598335;-1,255226480836237;3;6
2017-11-26;13;2017-11-26 13:00:00;11,49;23,58;-12,089999999999998;41818;3615;54961;25632;27944;4868;32812;29247;2312;1253;3565;0,1086492746556138;0,08273690237618093;0,2573952341824158;-1,0522193211488249;3;6
2017-11-26;14;2017-11-26 14:00:00;15,75;26,25;-10,5;41818;2082;54961;25127;27534;3237;30771;27209;2407;1155;3562;0,11575834389522602;0,08741919081862425;0,3568118628359592;-0,6666666666666666;3;6
2017-11-26;15;2017-11-26 15:00:00;15,55;27,92;-12,37;41818;696;54961;24838;26581;1152;27733;25534;1743;456;2199;0,07929181841127898;0,06557315375644257;0,3958333333333333;-0,7954983922829582;3;6
2017-11-26;16;2017-11-26 16:00:00;23,6;32,43;-8,829999999999998;41818;35;54961;25362;26059;67;26126;25397;697;32;729;0,0279032381535635;0,02674699719866457;0,47761194029850745;-0,37415254237288126;3;6
2017-11-26;17;2017-11-26 17:00:00;29,17;32,96;-3,7899999999999987;41818;0;54961;26084;25996;0;25996;26084;-88;0;-88;-0,0033851361747961224;-0,0033851361747961224;;-0,12992800822763106;3;6
2017-11-26;18;2017-11-26 18:00:00;29,43;33,45;-4,020000000000003;41818;0;54961;26512;26216;0;26216;26512;-296;0;-296;-0,011290814769606347;-0,011290814769606347;;-0,13659531090723762;3;6
2017-11-26;19;2017-11-26 19:00:00;29,51;31,01;-1,5;41818;0;54961;26548;26317;0;26317;26548;-231;0;-231;-0,008777596230573394;-0,008777596230573394;;-0,05083022704168078;3;6
2017-11-26;20;2017-11-26 20:00:00;29,07;30,21;-1,1400000000000006;41818;0;54961;26680;26206;0;26206;26680;-474;0;-474;-0,01808746088681981;-0,01808746088681981;;-0,039215686274509824;3;6
2017-11-26;21;2017-11-26 21:00:00;29,01;29,28;-0,2699999999999996;41818;0;54961;25900;25982;0;25982;25900;82;0;82;0,003156031098452775;0,003156031098452775;;-0,009307135470527389;3;6
2017-11-26;22;2017-11-26 22:00:00;28,37;31,19;-2,8200000000000003;41818;0;54961;24974;25717;0;25717;24974;743;0;743;0,02889139479721585;0,02889139479721585;;-0,09940077546704265;3;6
2017-11-26;23;2017-11-26 23:00:00;21,94;30,16;-8,219999999999999;41818;0;54961;24618;25363;0;25363;24618;745;0;745;0,02937349682608524;0,02937349682608524;;-0,3746581586144028;3;6
2017-11-27;0;2017-11-27 00:00:00;11,47;18,34;-6,869999999999999;41822;0;54985;24858;23846;0;23846;24858;-1012;0;-1012;-0,04243898347731276;-0,04243898347731276;;-0,5989537925021795;3;0
2017-11-27;1;2017-11-27 01:00:00;14,95;15,0;-0,05000000000000071;41822;0;54985;24758;23483;0;23483;24758;-1275;0;-1275;-0,05429459609078908;-0,05429459609078908;;-0,003344481605351218;3;0
2017-11-27;2;2017-11-27 02:00:00;17,06;13,77;3,2899999999999987;41822;0;54985;24359;23236;0;23236;24359;-1123;0;-1123;-0,048330177311069034;-0,048330177311069034;;0,19284876905041026;3;0
2017-11-27;3;2017-11-27 03:00:00;13,06;13,33;-0,2699999999999996;41822;0;54985;24170;23133;0;23133;24170;-1037;0;-1037;-0,044827735269960665;-0,044827735269960665;;-0,020673813169984654;3;0
2017-11-27;4;2017-11-27 04:00:00;10,02;11,27;-1,25;41822;0;54985;24484;23288;0;23288;24484;-1196;0;-1196;-0,05135692201992442;-0,05135692201992442;;-0,12475049900199602;3;0
2017-11-27;5;2017-11-27 05:00:00;20,96;11,68;9,28;41822;0;54985;25468;23811;0;23811;25468;-1657;0;-1657;-0,06958968543950275;-0,06958968543950275;;0,4427480916030534;3;0
2017-11-27;6;2017-11-27 06:00:00;40,1;33,35;6,75;41822;0;54985;26430;24538;0;24538;26430;-1892;0;-1892;-0,07710489852473715;-0,07710489852473715;;0,16832917705735662;3;0
2017-11-27;7;2017-11-27 07:00:00;36,12;35,37;0,75;41822;4;54985;27192;25812;11;25823;27196;-1380;7;-1373;-0,053169654958757695;-0,05346350534635053;0,6363636363636364;0,020764119601328904;3;0
2017-11-27;8;2017-11-27 08:00:00;40,06;41,46;-1,3999999999999986;41822;572;54985;28233;27179;635;27814;28805;-1054;63;-991;-0,035629539081038324;-0,03877994039515802;0,09921259842519685;-0,03494757863205188;3;0
2017-11-27;9;2017-11-27 09:00:00;36,04;37,86;-1,8200000000000005;41822;2366;54985;29514;28843;2188;31031;31880;-671;-178;-849;-0,02735973703715639;-0,02326387685053566;-0,08135283363802559;-0,0504994450610433;3;0
2017-11-27;10;2017-11-27 10:00:00;34,06;33,05;1,0100000000000051;41822;4263;54985;31027;30214;3526;33740;35290;-813;-737;-1550;-0,04593953764078246;-0,026908055868140598;-0,20901871809415767;0,02965355255431606;3;0
2017-11-27;11;2017-11-27 11:00:00;34,73;30,04;4,689999999999999;41822;4835;54985;32792;31395;4054;35449;37627;-1397;-781;-2178;-0,06144037913622387;-0,04449753145405319;-0,19264923532313763;0,13504175064785484;3;0
2017-11-27;12;2017-11-27 12:00:00;31,1;28,91;2,1900000000000013;41822;4504;54985;34147;32548;3781;36329;38651;-1599;-723;-2322;-0,06391587987558149;-0,04912744254639302;-0,19121925416556468;0,07041800643086821;3;0
2017-11-27;13;2017-11-27 13:00:00;32,38;29,71;2,6700000000000017;41822;3174;54985;34820;32881;2840;35721;37994;-1939;-334;-2273;-0,06363203717701073;-0,05897022596636355;-0,1176056338028169;0,08245830759728232;3;0
2017-11-27;14;2017-11-27 14:00:00;33,33;31,54;1,7899999999999991;41822;1722;54985;35178;32668;1667;34335;36900;-2510;-55;-2565;-0,07470511140235911;-0,0768335986286274;-0,032993401319736056;0,05370537053705368;3;0
2017-11-27;15;2017-11-27 15:00:00;34,82;33,33;1,490000000000002;41822;529;54985;35566;32304;555;32859;36095;-3262;26;-3236;-0,09848139018229404;-0,10097820703318475;0,04684684684684685;0,042791499138426246;3;0
2017-11-27;16;2017-11-27 16:00:00;35,7;30,23;5,470000000000002;41822;14;54985;35520;31825;35;31860;35534;-3695;21;-3674;-0,11531701192718141;-0,11610369206598586;0,6;0,15322128851540623;3;0
2017-11-27;17;2017-11-27 17:00:00;40,32;35,87;4,450000000000003;41822;0;54985;35272;31194;0;31194;35272;-4078;0;-4078;-0,1307302686414054;-0,1307302686414054;;0,11036706349206356;3;0
2017-11-27;18;2017-11-27 18:00:00;36,7;32,32;4,380000000000003;41822;0;54985;34874;30537;0;30537;34874;-4337;0;-4337;-0,14202442938075122;-0,14202442938075122;;0,11934604904632158;3;0
2017-11-27;19;2017-11-27 19:00:00;35,26;30,43;4,829999999999998;41822;0;54985;35006;29754;0;29754;35006;-5252;0;-5252;-0,17651408214021644;-0,17651408214021644;;0,13698241633579122;3;0
2017-11-27;20;2017-11-27 20:00:00;35,95;28,33;7,620000000000003;41822;0;54985;34368;29118;0;29118;34368;-5250;0;-5250;-0,18030084483824438;-0,18030084483824438;;0,211961057023644;3;0
2017-11-27;21;2017-11-27 21:00:00;30,93;22,42;8,509999999999998;41822;0;54985;33361;28527;0;28527;33361;-4834;0;-4834;-0,1694535001927998;-0,1694535001927998;;0,27513740704817324;3;0
2017-11-27;22;2017-11-27 22:00:00;30,0;19,13;10,87;41822;0;54985;32358;27929;0;27929;32358;-4429;0;-4429;-0,15858068674137993;-0,15858068674137993;;0,3623333333333333;3;0
2017-11-27;23;2017-11-27 23:00:00;15,87;9,86;6,01;41822;0;54985;32334;27564;0;27564;32334;-4770;0;-4770;-0,17305180670439704;-0,17305180670439704;;0,37870195337114054;3;0
2017-11-28;0;2017-11-28 00:00:00;22,5;9,37;13,13;41825;0;55013;32049;29717;0;29717;32049;-2332;0;-2332;-0,07847360096914224;-0,07847360096914224;;0,5835555555555556;3;1
2017-11-28;1;2017-11-28 01:00:00;16,07;5,77;10,3;41825;0;55013;31358;29548;0;29548;31358;-1810;0;-1810;-0,06125626099905239;-0,06125626099905239;;0,6409458618543871;3;1
2017-11-28;2;2017-11-28 02:00:00;15,46;7,22;8,240000000000002;41825;0;55013;30457;29414;0;29414;30457;-1043;0;-1043;-0,03545930509281295;-0,03545930509281295;;0,5329883570504529;3;1
2017-11-28;3;2017-11-28 03:00:00;16,29;8,91;7,379999999999999;41825;0;55013;29982;29205;0;29205;29982;-777;0;-777;-0,0266050333846944;-0,0266050333846944;;0,4530386740331491;3;1
2017-11-28;4;2017-11-28 04:00:00;22,04;16,38;5,66;41825;0;55013;28768;28817;0;28817;28768;49;0;49;0,0017003851892979838;0,0017003851892979838;;0,25680580762250454;3;1
2017-11-28;5;2017-11-28 05:00:00;24,7;23,75;0,9499999999999992;41825;0;55013;27997;28244;0;28244;27997;247;0;247;0,00874522022376434;0,00874522022376434;;0,03846153846153843;3;1
2017-11-28;6;2017-11-28 06:00:00;34,01;36,65;-2,640000000000001;41825;0;55013;27172;27722;0;27722;27172;550;0;550;0,01983983839549816;0,01983983839549816;;-0,07762422816818586;3;1
2017-11-28;7;2017-11-28 07:00:00;40,13;49,3;-9,169999999999996;41825;2;55013;27149;27375;5;27380;27151;226;3;229;0,008363769174579986;0,008255707762557078;0,6;-0,22850735110889597;3;1
2017-11-28;8;2017-11-28 08:00:00;37,78;45,33;-7,549999999999998;41825;401;55013;26772;27057;434;27491;27173;285;33;318;0,011567422065403224;0,010533318549728351;0,07603686635944701;-0,19984118581259921;3;1
2017-11-28;9;2017-11-28 09:00:00;36,39;39,56;-3,1700000000000017;41825;1814;55013;25566;26489;1770;28259;27380;923;-44;879;0,03110513464736898;0,03484465249726301;-0,024858757062146894;-0,087111843913163;3;1
2017-11-28;10;2017-11-28 10:00:00;35,84;38,81;-2,969999999999999;41825;3224;55013;24814;25835;3204;29039;28038;1021;-20;1001;0,03447088398360825;0,03952003096574415;-0,006242197253433208;-0,08286830357142853;3;1
2017-11-28;11;2017-11-28 11:00:00;36,05;39,07;-3,020000000000003;41825;3930;55013;23312;25210;4155;29365;27242;1898;225;2123;0,07229695215392475;0,07528758429194764;0,05415162454873646;-0,08377253814147027;3;1
2017-11-28;12;2017-11-28 12:00:00;39,91;40,56;-0,6500000000000057;41825;4163;55013;21642;24337;4304;28641;25805;2695;141;2836;0,09901888900527216;0,11073673829970826;0,03276022304832714;-0,016286644951140208;3;1
2017-11-28;13;2017-11-28 13:00:00;45,07;45,05;0,02000000000000313;41825;3365;55013;20707;22704;3685;26389;24072;1997;320;2317;0,0878017355716397;0,08795806906272023;0,08683853459972862;0,0004437541601953213;3;1
2017-11-28;14;2017-11-28 14:00:00;48,59;48,51;0,0800000000000054;41825;2050;55013;19408;20429;2395;22824;21458;1021;345;1366;0,059849281458114266;0,04997797249008762;0,1440501043841336;0,0016464293064417657;3;1
2017-11-28;15;2017-11-28 15:00:00;52,94;49,13;3,809999999999995;41825;683;55013;17719;18206;797;19003;18402;487;114;601;0,031626585276009055;0,026749423267054817;0,14303638644918445;0,07196826596146572;3;1
2017-11-28;16;2017-11-28 16:00:00;51,97;50,29;1,6799999999999995;41825;26;55013;16948;16638;47;16685;16974;-310;21;-289;-0,01732094695834582;-0,0186320471210482;0,44680851063829785;0,0323263421204541;3;1
2017-11-28;17;2017-11-28 17:00:00;59,7;53,6;6,100000000000001;41825;0;55013;16801;15745;0;15745;16801;-1056;0;-1056;-0,06706891076532233;-0,06706891076532233;;0,10217755443886099;3;1
2017-11-28;18;2017-11-28 18:00:00;52,98;48,64;4,339999999999995;41825;0;55013;16478;14830;0;14830;16478;-1648;0;-1648;-0,11112609575185435;-0,11112609575185435;;0,0819177047942619;3;1
2017-11-28;19;2017-11-28 19:00:00;51,32;45,81;5,509999999999998;41825;0;55013;15899;13757;0;13757;15899;-2142;0;-2142;-0,15570255142836376;-0,15570255142836376;;0,10736554949337486;3;1
2017-11-28;20;2017-11-28 20:00:00;49,99;42,37;7,620000000000003;41825;0;55013;15298;12719;0;12719;15298;-2579;0;-2579;-0,20276751316927433;-0,20276751316927433;;0,1524304860972195;3;1
2017-11-28;21;2017-11-28 21:00:00;36,59;36,65;-0,059999999999995175;41825;0;55013;14570;11748;0;11748;14570;-2822;0;-2822;-0,24021109976166155;-0,24021109976166155;;-0,001639792292976091;3;1
2017-11-28;22;2017-11-28 22:00:00;36,64;34,62;2,020000000000003;41825;0;55013;13212;10931;0;10931;13212;-2281;0;-2281;-0,20867258256335194;-0,20867258256335194;;0,055131004366812314;3;1
2017-11-28;23;2017-11-28 23:00:00;35,01;32,07;2,9399999999999977;41825;0;55013;11973;10111;0;10111;11973;-1862;0;-1862;-0,18415586984472357;-0,18415586984472357;;0,08397600685518418;3;1
2017-11-29;0;2017-11-29 00:00:00;36,56;30,81;5,750000000000004;41827;0;55044;10929;8532;0;8532;10929;-2397;0;-2397;-0,28094233473980307;-0,28094233473980307;;0,15727571115973754;3;2
2017-11-29;1;2017-11-29 01:00:00;36,79;29,66;7,129999999999999;41827;0;55044;9711;7712;0;7712;9711;-1999;0;-1999;-0,25920643153526973;-0,25920643153526973;;0,19380266376732805;3;2
2017-11-29;2;2017-11-29 02:00:00;35,56;29,08;6,480000000000004;41827;0;55044;8966;7028;0;7028;8966;-1938;0;-1938;-0,2757541263517359;-0,2757541263517359;;0,18222722159730043;3;2
2017-11-29;3;2017-11-29 03:00:00;35,06;30,37;4,690000000000001;41827;0;55044;8527;6404;0;6404;8527;-2123;0;-2123;-0,3315115552779513;-0,3315115552779513;;0,1337706788362807;3;2
2017-11-29;4;2017-11-29 04:00:00;36,17;30,6;5,57;41827;0;55044;8153;5836;0;5836;8153;-2317;0;-2317;-0,39701850582590814;-0,39701850582590814;;0,15399502350013825;3;2
2017-11-29;5;2017-11-29 05:00:00;38,97;32,47;6,5;41827;0;55044;7380;5328;0;5328;7380;-2052;0;-2052;-0,38513513513513514;-0,38513513513513514;;0,1667949704901206;3;2
2017-11-29;6;2017-11-29 06:00:00;57,72;49,4;8,32;41827;0;55044;6525;4828;0;4828;6525;-1697;0;-1697;-0,3514913007456504;-0,3514913007456504;;0,14414414414414414;3;2
2017-11-29;7;2017-11-29 07:00:00;84,97;75,49;9,480000000000004;41827;3;55044;5883;4305;4;4309;5886;-1578;1;-1577;-0,36597818519378045;-0,36655052264808363;0,25;0,11156878898434747;3;2
2017-11-29;8;2017-11-29 08:00:00;88,52;86,85;1,6700000000000017;41827;570;55044;5532;3804;612;4416;6102;-1728;42;-1686;-0,38179347826086957;-0,45425867507886436;0,06862745098039216;0,01886579304112067;3;2
2017-11-29;9;2017-11-29 09:00:00;90,1;88,47;1,6299999999999957;41827;2325;55044;4747;3331;2398;5729;7072;-1416;73;-1343;-0,2344213649851632;-0,4250975682978085;0,030442035029190993;0,018091009988901174;3;2
2017-11-29;10;2017-11-29 10:00:00;88,33;86,8;1,5300000000000011;41827;4072;55044;3292;2871;4159;7030;7364;-421;87;-334;-0,04751066856330014;-0,1466388018112156;0,020918490021639816;0,017321408355032278;3;2
2017-11-29;11;2017-11-29 11:00:00;86,0;87,15;-1,1500000000000057;41827;5174;55044;2523;2550;5193;7743;7697;27;19;46;0,0059408497998191916;0,010588235294117647;0,003658771423069517;-0,01337209302325588;3;2
2017-11-29;12;2017-11-29 12:00:00;82,18;85,88;-3,6999999999999886;41827;5106;55044;2225;2324;5220;7544;7331;99;114;213;0,028234358430540826;0,042598967297762476;0,021839080459770115;-0,0450231199805304;3;2
2017-11-29;13;2017-11-29 13:00:00;82,4;84,71;-2,3099999999999885;41827;3964;55044;2185;2111;4292;6403;6149;-74;328;254;0,03966890520068718;-0,03505447655139744;0,07642124883504194;-0,02803398058252413;3;2
2017-11-29;14;2017-11-29 14:00:00;89,21;83,71;5,5;41827;2239;55044;2076;1939;2681;4620;4315;-137;442;305;0,06601731601731602;-0,07065497679216091;0,16486385676986198;0,06165228113440198;3;2
2017-11-29;15;2017-11-29 15:00:00;90,4;82,7;7,700000000000002;41827;681;55044;2011;1874;868;2742;2692;-137;187;50;0,01823486506199854;-0,07310565635005337;0,2154377880184332;0,0851769911504425;3;2
2017-11-29;16;2017-11-29 16:00:00;97,8;85,78;12,019999999999996;41827;21;55044;2198;1892;50;1942;2219;-306;29;-277;-0,14263645726055613;-0,16173361522198731;0,58;0,12290388548057256;3;2
2017-11-29;17;2017-11-29 17:00:00;118,49;116,07;2,4200000000000017;41827;0;55044;2325;2031;0;2031;2325;-294;0;-294;-0,1447562776957164;-0,1447562776957164;;0,020423664444256914;3;2
2017-11-29;18;2017-11-29 18:00:00;110,36;96,66;13,700000000000005;41827;0;55044;2279;2205;0;2205;2279;-74;0;-74;-0,033560090702947847;-0,033560090702947847;;0,12413918086263143;3;2
2017-11-29;19;2017-11-29 19:00:00;85,56;82,19;3,3700000000000045;41827;0;55044;2388;2313;0;2313;2388;-75;0;-75;-0,0324254215304799;-0,0324254215304799;;0,03938756428237499;3;2
2017-11-29;20;2017-11-29 20:00:00;77,34;67,05;10,290000000000006;41827;0;55044;2295;2349;0;2349;2295;54;0;54;0,022988505747126436;0,022988505747126436;;0,13304887509697447;3;2
2017-11-29;21;2017-11-29 21:00:00;64,27;56,91;7,3599999999999985;41827;0;55044;2244;2394;0;2394;2244;150;0;150;0,06265664160401002;0,06265664160401002;;0,11451688190446552;3;2
2017-11-29;22;2017-11-29 22:00:00;55,57;52,1;3,469999999999999;41827;0;55044;2088;2493;0;2493;2088;405;0;405;0,1624548736462094;0,1624548736462094;;0,062443764621198466;3;2
2017-11-29;23;2017-11-29 23:00:00;47,71;44,13;3,5799999999999983;41827;0;55044;2074;2581;0;2581;2074;507;0;507;0,1964354901201085;0,1964354901201085;;0,07503667994131205;3;2
2017-11-30;0;2017-11-30 00:00:00;45,94;41,99;3,949999999999996;41844;0;55087;2026;2210;0;2210;2026;184;0;184;0,0832579185520362;0,0832579185520362;;0,08598171528080097;3;3
2017-11-30;1;2017-11-30 01:00:00;38,2;39,69;-1,4899999999999949;41844;0;55087;2062;2260;0;2260;2062;198;0;198;0,08761061946902655;0,08761061946902655;;-0,0390052356020941;3;3
2017-11-30;2;2017-11-30 02:00:00;36,97;42,84;-5,8700000000000045;41844;0;55087;2218;2327;0;2327;2218;109;0;109;0,046841426729694886;0,046841426729694886;;-0,1587773870705979;3;3
2017-11-30;3;2017-11-30 03:00:00;36,1;41,74;-5,6400000000000015;41844;0;55087;2586;2445;0;2445;2586;-141;0;-141;-0,05766871165644172;-0,05766871165644172;;-0,15623268698060946;3;3
2017-11-30;4;2017-11-30 04:00:00;38,47;42,85;-4,380000000000003;41844;0;55087;2459;2630;0;2630;2459;171;0;171;0,0650190114068441;0,0650190114068441;;-0,11385495191057975;3;3
2017-11-30;5;2017-11-30 05:00:00;42,72;44,14;-1,4200000000000017;41844;0;55087;2668;2744;0;2744;2668;76;0;76;0,027696793002915453;0,027696793002915453;;-0,033239700374531875;3;3
2017-11-30;6;2017-11-30 06:00:00;53,99;52,61;1,3800000000000026;41844;0;55087;2801;2814;0;2814;2801;13;0;13;0,004619758351101635;0,004619758351101635;;0,025560288942396786;3;3
2017-11-30;7;2017-11-30 07:00:00;83,75;69,05;14,700000000000005;41844;0;55087;2966;2877;2;2879;2966;-89;2;-87;-0,030218825981243487;-0,030935001737921446;1,0;0,17552238805970155;3;3
2017-11-30;8;2017-11-30 08:00:00;88,16;76,02;12,14;41844;273;55087;2766;2817;278;3095;3039;51;5;56;0,018093699515347336;0,01810436634717785;0,017985611510791366;0,13770417422867515;3;3
2017-11-30;9;2017-11-30 09:00:00;85,25;77,73;7,519999999999996;41844;1410;55087;2766;2748;1358;4106;4176;-18;-52;-70;-0,017048222113979543;-0,006550218340611353;-0,03829160530191458;0,08821114369501462;3;3
2017-11-30;10;2017-11-30 10:00:00;86,79;78,74;8,050000000000011;41844;2534;55087;2824;2716;2721;5437;5358;-108;187;79;0,014530071730733861;-0,039764359351988215;0,0687247335538405;0,09275262126973166;3;3
2017-11-30;11;2017-11-30 11:00:00;86,7;80,0;6,700000000000002;41844;2904;55087;2504;2741;3511;6252;5408;237;607;844;0,13499680102367242;0,08646479387085006;0,172885217886642;0,07727797001153404;3;3
2017-11-30;12;2017-11-30 12:00:00;84,07;82,81;1,259999999999991;41844;2809;55087;2390;2777;3547;6324;5199;387;738;1125;0,17789373814041745;0,1393590205257472;0,2080631519594023;0,014987510407993232;3;3
2017-11-30;13;2017-11-30 13:00:00;83,34;83,35;-0,009999999999990905;41844;2374;55087;2392;2751;2924;5675;4766;359;550;909;0,1601762114537445;0,13049800072700837;0,1880984952120383;-0,00011999040076782943;3;3
2017-11-30;14;2017-11-30 14:00:00;82,81;81,55;1,2600000000000051;41844;1525;55087;2336;2596;1785;4381;3861;260;260;520;0,11869436201780416;0,10015408320493066;0,14565826330532214;0,0152155536770922;3;3
2017-11-30;15;2017-11-30 15:00:00;84,22;79,82;4,400000000000006;41844;474;55087;2587;2523;560;3083;3061;-64;86;22;0,007135906584495621;-0,02536662703131193;0,15357142857142858;0,05224412253621474;3;3
2017-11-30;16;2017-11-30 16:00:00;86,06;86,57;-0,5099999999999909;41844;11;55087;3067;2503;35;2538;3078;-564;24;-540;-0,2127659574468085;-0,22532960447463043;0,6857142857142857;-0,005926098071113071;3;3
2017-11-30;17;2017-11-30 17:00:00;100,12;95,31;4,810000000000001;41844;0;55087;3414;2671;0;2671;3414;-743;0;-743;-0,2781729689254961;-0,2781729689254961;;0,04804234918098283;3;3
2017-11-30;18;2017-11-30 18:00:00;95,1;80,11;14,989999999999995;41844;0;55087;3449;2961;0;2961;3449;-488;0;-488;-0,16480918608578182;-0,16480918608578182;;0,15762355415352255;3;3
2017-11-30;19;2017-11-30 19:00:00;87,24;71,64;15,599999999999996;41844;0;55087;3250;3158;0;3158;3250;-92;0;-92;-0,029132362254591513;-0,029132362254591513;;0,17881705639614853;3;3
2017-11-30;20;2017-11-30 20:00:00;68,5;63,59;4,909999999999997;41844;0;55087;3126;3256;0;3256;3126;130;0;130;0,03992628992628992;0,03992628992628992;;0,07167883211678827;3;3
2017-11-30;21;2017-11-30 21:00:00;51,96;50,87;1,0900000000000034;41844;0;55087;2832;3387;0;3387;2832;555;0;555;0,16386182462356066;0,16386182462356066;;0,02097767513471908;3;3
2017-11-30;22;2017-11-30 22:00:00;38,45;40,85;-2,3999999999999986;41844;0;55087;2829;3559;0;3559;2829;730;0;730;0,2051137960101152;0,2051137960101152;;-0,062418725617685265;3;3
2017-11-30;23;2017-11-30 23:00:00;36,67;38,8;-2,1299999999999955;41844;0;55087;2898;3709;0;3709;2898;811;0;811;0,21865732003235375;0,21865732003235375;;-0,05808562857921994;3;3
2017-12-01;0;2017-12-01 00:00:00;35,82;34,6;1,2199999999999989;41847;0;55143;3199;3736;0;3736;3199;537;0;537;0,14373661670235546;0,14373661670235546;;0,03405918481295363;3;4
2017-12-01;1;2017-12-01 01:00:00;38,59;35,38;3,2100000000000013;41847;0;55143;3170;3820;0;3820;3170;650;0;650;0,17015706806282724;0,17015706806282724;;0,08318217154703293;3;4
2017-12-01;2;2017-12-01 02:00:00;37,18;35,16;2,020000000000003;41847;0;55143;3000;3921;0;3921;3000;921;0;921;0,23488905891354248;0,23488905891354248;;0,05433028509951595;3;4
2017-12-01;3;2017-12-01 03:00:00;37,0;35,07;1,93;41847;0;55143;2911;4054;0;4054;2911;1143;0;1143;0,2819437592501233;0,2819437592501233;;0,052162162162162164;3;4
2017-12-01;4;2017-12-01 04:00:00;37,42;36,93;0,490000000000002;41847;0;55143;2876;4201;0;4201;2876;1325;0;1325;0,31540109497738633;0,31540109497738633;;0,0130946018172101;3;4
2017-12-01;5;2017-12-01 05:00:00;36,14;36,82;-0,6799999999999997;41847;0;55143;2808;4341;0;4341;2808;1533;0;1533;0,35314443676572216;0,35314443676572216;;-0,01881571665744327;3;4
2017-12-01;6;2017-12-01 06:00:00;55,97;55,29;0,6799999999999997;41847;0;55143;2506;4496;0;4496;2506;1990;0;1990;0,44261565836298933;0,44261565836298933;;0,012149365731641945;3;4
2017-12-01;7;2017-12-01 07:00:00;81,69;77,94;3,75;41847;1;55143;2414;4600;4;4604;2415;2186;3;2189;0,4754561251086012;0,4752173913043478;0,75;0,04590525156077856;3;4
2017-12-01;8;2017-12-01 08:00:00;75,01;73,42;1,5900000000000034;41847;412;55143;2471;4531;475;5006;2883;2060;63;2123;0,42409109069117057;0,45464577355992053;0,13263157894736843;0,02119717371017202;3;4
2017-12-01;9;2017-12-01 09:00:00;72,89;72,02;0,8700000000000045;41847;1674;55143;2374;4389;2301;6690;4048;2015;627;2642;0,3949177877428999;0,45910230120756435;0,27249022164276404;0,01193579366168205;3;4
2017-12-01;10;2017-12-01 10:00:00;70,38;69,88;0,5;41847;3048;55143;2029;4070;4255;8325;5077;2041;1207;3248;0,39015015015015014;0,5014742014742015;0,2836662749706228;0,007104290991759023;3;4
2017-12-01;11;2017-12-01 11:00:00;74,87;75,14;-0,269999999999996;41847;4150;55143;1963;3613;5406;9019;6113;1650;1256;2906;0,322208670584322;0,4566841959590368;0,23233444321124677;-0,0036062508347802324;3;4
2017-12-01;12;2017-12-01 12:00:00;74,91;74,27;0,6400000000000006;41847;3957;55143;1630;3181;5439;8620;5587;1551;1482;3033;0,35185614849187935;0,4875825212197422;0,27247655819084393;0,008543585636096657;3;4
2017-12-01;13;2017-12-01 13:00:00;73,18;72,79;0,39000000000000057;41847;3260;55143;1579;2859;4506;7365;4839;1280;1246;2526;0,3429735234215886;0,44770898915704793;0,27652019529516203;0,005329324952172732;3;4
2017-12-01;14;2017-12-01 14:00:00;72,5;69,94;2,5600000000000023;41847;2068;55143;1911;2725;2847;5572;3979;814;779;1593;0,28589375448671933;0,2987155963302752;0,2736213558131366;0,035310344827586236;3;4
2017-12-01;15;2017-12-01 15:00:00;74,42;66,69;7,730000000000004;41847;676;55143;2104;2735;947;3682;2780;631;271;902;0,244975556762629;0,23071297989031078;0,28616684266103487;0,10386992743886057;3;4
2017-12-01;16;2017-12-01 16:00:00;76,6;66,13;10,47;41847;20;55143;2300;2768;44;2812;2320;468;24;492;0,17496443812233287;0,16907514450867053;0,5454545454545454;0,13668407310704964;3;4
2017-12-01;17;2017-12-01 17:00:00;85,69;73,64;12,049999999999995;41847;0;55143;2298;2788;0;2788;2298;490;0;490;0,1757532281205165;0,1757532281205165;;0,14062317656669385;3;4
2017-12-01;18;2017-12-01 18:00:00;82,57;62,59;19,97999999999999;41847;0;55143;2297;2770;0;2770;2297;473;0;473;0,17075812274368232;0,17075812274368232;;0,24197650478381968;3;4
2017-12-01;19;2017-12-01 19:00:00;77,38;58,47;18,91;41847;0;55143;1961;2627;0;2627;1961;666;0;666;0,2535211267605634;0,2535211267605634;;0,2443783923494443;3;4
2017-12-01;20;2017-12-01 20:00:00;61,95;54,23;7,720000000000006;41847;0;55143;1802;2372;0;2372;1802;570;0;570;0,2403035413153457;0,2403035413153457;;0,12461662631154166;3;4
2017-12-01;21;2017-12-01 21:00:00;52,93;44,18;8,75;41847;0;55143;1662;2162;0;2162;1662;500;0;500;0,23126734505087881;0,23126734505087881;;0,16531267712072548;3;4
2017-12-01;22;2017-12-01 22:00:00;41,58;38,37;3,2100000000000013;41847;0;55143;1584;2031;0;2031;1584;447;0;447;0,22008862629246675;0,22008862629246675;;0,07720057720057724;3;4
2017-12-01;23;2017-12-01 23:00:00;37,94;37,24;0,6999999999999957;41847;0;55143;1408;2007;0;2007;1408;599;0;599;0,29845540607872445;0,29845540607872445;;0,018450184501844907;3;4
2017-12-02;0;2017-12-02 00:00:00;39,9;36,98;2,9200000000000017;41847;0;55181;1265;1527;0;1527;1265;262;0;262;0,17157825802226587;0,17157825802226587;;0,07318295739348375;3;5
2017-12-02;1;2017-12-02 01:00:00;39,02;35,52;3,5;41847;0;55181;1262;1604;0;1604;1262;342;0;342;0,21321695760598502;0,21321695760598502;;0,08969759097898512;3;5
2017-12-02;2;2017-12-02 02:00:00;37,89;36,45;1,4399999999999975;41847;0;55181;1296;1679;0;1679;1296;383;0;383;0,2281119714115545;0,2281119714115545;;0,03800475059382416;3;5
2017-12-02;3;2017-12-02 03:00:00;37,82;36,07;1,75;41847;0;55181;1424;1834;0;1834;1424;410;0;410;0,22355507088331517;0,22355507088331517;;0,04627181385510312;3;5
2017-12-02;4;2017-12-02 04:00:00;34,7;35,69;-0,9899999999999948;41847;0;55181;1528;2132;0;2132;1528;604;0;604;0,28330206378986866;0,28330206378986866;;-0,028530259365994085;3;5
2017-12-02;5;2017-12-02 05:00:00;36,75;35,97;0,7800000000000011;41847;0;55181;1697;2526;0;2526;1697;829;0;829;0,32818685669041964;0,32818685669041964;;0,0212244897959184;3;5
2017-12-02;6;2017-12-02 06:00:00;34,07;36,85;-2,780000000000001;41847;0;55181;2100;2927;0;2927;2100;827;0;827;0,28254185172531604;0,28254185172531604;;-0,08159671265042563;3;5
2017-12-02;7;2017-12-02 07:00:00;37,01;41,17;-4,160000000000005;41847;0;55181;2433;3325;5;3330;2433;892;5;897;0,2693693693693694;0,2682706766917293;1,0;-0,11240205349905444;3;5
2017-12-02;8;2017-12-02 08:00:00;46,17;48,83;-2,6599999999999966;41847;352;55181;2911;3724;642;4366;3263;813;290;1103;0,2526339899221255;0,21831364124597208;0,4517133956386293;-0,05761316872427976;3;5
2017-12-02;9;2017-12-02 09:00:00;46,1;51,16;-5,059999999999995;41847;1627;55181;3267;4193;2808;7001;4894;926;1181;2107;0,30095700614197973;0,2208442642499404;0,4205840455840456;-0,10976138828633394;3;5
2017-12-02;10;2017-12-02 10:00:00;42,33;52,36;-10,03;41847;2896;55181;3808;4635;5268;9903;6704;827;2372;3199;0,3230334242148844;0,1784250269687163;0,45026575550493547;-0,23694779116465864;3;5
2017-12-02;11;2017-12-02 11:00:00;44,02;54,36;-10,339999999999996;41847;3522;55181;4551;5077;6807;11884;8073;526;3285;3811;0,32068327162571525;0,10360449084104786;0,4825914499779639;-0,2348932303498409;3;5
2017-12-02;12;2017-12-02 12:00:00;40,0;52,9;-12,9;41847;3451;55181;5042;5548;6964;12512;8493;506;3513;4019;0,3212116368286445;0,09120403749098774;0,5044514646754739;-0,3225;3;5
2017-12-02;13;2017-12-02 13:00:00;37,28;51,55;-14,269999999999996;41847;2731;55181;5780;6067;5807;11874;8511;287;3076;3363;0,28322385042950987;0,047305093126751276;0,5297055278112622;-0,38277896995708144;3;5
2017-12-02;14;2017-12-02 14:00:00;38,21;51,09;-12,880000000000004;41847;1492;55181;6102;6576;3687;10263;7594;474;2195;2669;0,26006041118581313;0,07208029197080291;0,5953349606726336;-0,3370845328448051;3;5
2017-12-02;15;2017-12-02 15:00:00;46,13;51,73;-5,599999999999994;41847;382;55181;6402;7150;1246;8396;6784;748;864;1612;0,19199618866126728;0,10461538461538461;0,6934189406099518;-0,12139605462822445;3;5
2017-12-02;16;2017-12-02 16:00:00;47,96;52,78;-4,82;41847;6;55181;6725;7763;64;7827;6731;1038;58;1096;0,14002810783186406;0,13371119412598223;0,90625;-0,10050041701417849;3;5
2017-12-02;17;2017-12-02 17:00:00;47,95;55,14;-7,189999999999998;41847;0;55181;7248;8473;0;8473;7248;1225;0;1225;0,14457689130178214;0,14457689130178214;;-0,14994786235662141;3;5
2017-12-02;18;2017-12-02 18:00:00;42,99;53,21;-10,22;41847;0;55181;7766;9168;0;9168;7766;1402;0;1402;0,15292321116928448;0,15292321116928448;;-0,23772970458246104;3;5
2017-12-02;19;2017-12-02 19:00:00;39,37;45,37;-6,0;41847;0;55181;8316;9693;0;9693;8316;1377;0;1377;0,14206128133704735;0,14206128133704735;;-0,15240030480060962;3;5
2017-12-02;20;2017-12-02 20:00:00;36,79;39,52;-2,730000000000004;41847;0;55181;8890;10054;0;10054;8890;1164;0;1164;0,11577481599363437;0,11577481599363437;;-0,07420494699646654;3;5
2017-12-02;21;2017-12-02 21:00:00;38,52;37,84;0,6799999999999997;41847;0;55181;8945;10415;0;10415;8945;1470;0;1470;0,14114258281325012;0,14114258281325012;;0,017653167185877457;3;5
2017-12-02;22;2017-12-02 22:00:00;39,92;41,36;-1,4399999999999975;41847;0;55181;8952;10751;0;10751;8952;1799;0;1799;0,1673332713235978;0,1673332713235978;;-0,03607214428857709;3;5
2017-12-02;23;2017-12-02 23:00:00;35,68;39,62;-3,9399999999999977;41847;0;55181;9540;11052;0;11052;9540;1512;0;1512;0,13680781758957655;0,13680781758957655;;-0,11042600896860981;3;5
2017-12-03;0;2017-12-03 00:00:00;33,17;35,13;-1,9600000000000009;41847;0;55201;10289;11180;0;11180;10289;891;0;891;0,079695885509839;0,079695885509839;;-0,05908953873982516;3;6
2017-12-03;1;2017-12-03 01:00:00;31,93;31,91;0,01999999999999957;41847;0;55201;10740;11597;0;11597;10740;857;0;857;0,07389842200569113;0,07389842200569113;;0,0006263701847791911;3;6
2017-12-03;2;2017-12-03 02:00:00;30,43;29,65;0,7800000000000011;41847;0;55201;11067;11948;0;11948;11067;881;0;881;0,07373619015734852;0,07373619015734852;;0,025632599408478514;3;6
2017-12-03;3;2017-12-03 03:00:00;28,3;27,42;0,879999999999999;41847;0;55201;11598;12360;0;12360;11598;762;0;762;0,06165048543689321;0,06165048543689321;;0,031095406360423992;3;6
2017-12-03;4;2017-12-03 04:00:00;30,44;30,67;-0,23000000000000045;41847;0;55201;12436;12739;0;12739;12436;303;0;303;0,023785226469895598;0,023785226469895598;;-0,007555847568988188;3;6
2017-12-03;5;2017-12-03 05:00:00;29,87;28,39;1,4800000000000004;41847;0;55201;13500;12971;0;12971;13500;-529;0;-529;-0,040783285791380776;-0,040783285791380776;;0,049548041513223985;3;6
2017-12-03;6;2017-12-03 06:00:00;29,81;24,35;5,459999999999997;41847;0;55201;14360;13228;0;13228;14360;-1132;0;-1132;-0,08557605080133052;-0,08557605080133052;;0,18316001341831592;3;6
2017-12-03;7;2017-12-03 07:00:00;27,72;22,31;5,41;41847;1;55201;14118;13604;2;13606;14119;-514;1;-513;-0,037703954137880344;-0,037783004998529844;0,5;0,19516594516594518;3;6
2017-12-03;8;2017-12-03 08:00:00;29,95;27,65;2,3000000000000007;41847;280;55201;14338;14048;592;14640;14618;-290;312;22;0,0015027322404371586;-0,020643507972665148;0,527027027027027;0,07679465776293826;3;6
2017-12-03;9;2017-12-03 09:00:00;33,08;34,19;-1,1099999999999994;41847;1311;55201;14780;14516;2263;16779;16091;-264;952;688;0,04100363549675189;-0,01818682832736291;0,4206805125939019;-0,03355501813784763;3;6
2017-12-03;10;2017-12-03 10:00:00;34,85;37,2;-2,3500000000000014;41847;2290;55201;15347;14834;3800;18634;17637;-513;1510;997;0,053504346892776646;-0,034582715383578266;0,3973684210526316;-0,06743185078909616;3;6
2017-12-03;11;2017-12-03 11:00:00;36,91;38,28;-1,3700000000000043;41847;2790;55201;16094;15064;4618;19682;18884;-1030;1828;798;0,04054466009551875;-0,06837493361656931;0,39584235599826767;-0,03711731238146856;3;6
2017-12-03;12;2017-12-03 12:00:00;37,0;34,46;2,539999999999999;41847;2677;55201;17190;15353;4534;19887;19867;-1837;1857;20;0,0010056821038869612;-0,11965088256366833;0,40957212174680196;0,06864864864864863;3;6
2017-12-03;13;2017-12-03 13:00:00;32,92;29,12;3,8000000000000007;41847;1932;55201;17667;15626;3653;19279;19599;-2041;1721;-320;-0,016598371284817677;-0,13061564059900166;0,4711196277032576;0,11543134872417984;3;6
2017-12-03;14;2017-12-03 14:00:00;34,06;28,63;5,430000000000002;41847;946;55201;17588;15870;2217;18087;18534;-1718;1271;-447;-0,024713882899319955;-0,10825456836798991;0,5732972485340551;0,1594245449207282;3;6
2017-12-03;15;2017-12-03 15:00:00;34,29;29,75;4,539999999999999;41847;182;55201;17692;16162;675;16837;17874;-1530;493;-1037;-0,061590544633842136;-0,09466650167058532;0,7303703703703703;0,13240011665208515;3;6
2017-12-03;16;2017-12-03 16:00:00;36,97;28,75;8,219999999999999;41847;2;55201;17826;16535;26;16561;17828;-1291;24;-1267;-0,07650504196606485;-0,07807680677351074;0,9230769230769231;0,22234243981606705;3;6
2017-12-03;17;2017-12-03 17:00:00;39,36;32,66;6,700000000000002;41847;0;55201;17893;16938;0;16938;17893;-955;0;-955;-0,05638209942141929;-0,05638209942141929;;0,17022357723577242;3;6
2017-12-03;18;2017-12-03 18:00:00;39,0;33,86;5,1400000000000015;41847;0;55201;17977;17352;0;17352;17977;-625;0;-625;-0,03601890272014753;-0,03601890272014753;;0,13179487179487184;3;6
2017-12-03;19;2017-12-03 19:00:00;37,06;31,64;5,420000000000003;41847;0;55201;18270;17657;0;17657;18270;-613;0;-613;-0,03471710936172623;-0,03471710936172623;;0,14624932541824076;3;6
2017-12-03;20;2017-12-03 20:00:00;36,03;31,17;4,8599999999999985;41847;0;55201;18642;17960;0;17960;18642;-682;0;-682;-0,037973273942093544;-0,037973273942093544;;0,13488759367194;3;6
2017-12-03;21;2017-12-03 21:00:00;33,95;30,17;3,780000000000001;41847;0;55201;19044;18323;0;18323;19044;-721;0;-721;-0,039349451509032365;-0,039349451509032365;;0,11134020618556703;3;6
2017-12-03;22;2017-12-03 22:00:00;33,98;30,25;3,729999999999997;41847;0;55201;19458;18750;0;18750;19458;-708;0;-708;-0,03776;-0,03776;;0,1097704532077692;3;6
2017-12-03;23;2017-12-03 23:00:00;28,25;28,99;-0,7399999999999984;41847;0;55201;19657;19274;0;19274;19657;-383;0;-383;-0,01987132925184186;-0,01987132925184186;;-0,02619469026548667;3;6
2017-12-04;0;2017-12-04 00:00:00;12,05;19,41;-7,3599999999999985;41849;0;55234;20208;20270;0;20270;20208;62;0;62;0,003058707449432659;0,003058707449432659;;-0,6107883817427384;3;0
2017-12-04;1;2017-12-04 01:00:00;17,69;23,92;-6,23;41849;0;55234;20261;20673;0;20673;20261;412;0;412;0,019929376481400862;0,019929376481400862;;-0,35217637083097797;3;0
2017-12-04;2;2017-12-04 02:00:00;15,31;19,62;-4,3100000000000005;41849;0;55234;20521;21093;0;21093;20521;572;0;572;0,02711800123263642;0,02711800123263642;;-0,28151534944480733;3;0
2017-12-04;3;2017-12-04 03:00:00;12,75;22,52;-9,77;41849;0;55234;21082;21614;0;21614;21082;532;0;532;0,024613676320903118;0,024613676320903118;;-0,7662745098039215;3;0
2017-12-04;4;2017-12-04 04:00:00;17,18;28,43;-11,25;41849;0;55234;21616;22085;0;22085;21616;469;0;469;0,021236133122028527;0,021236133122028527;;-0,6548311990686845;3;0
2017-12-04;5;2017-12-04 05:00:00;25,05;32,74;-7,690000000000001;41849;0;55234;22067;22507;0;22507;22067;440;0;440;0,019549473497134224;0,019549473497134224;;-0,30698602794411184;3;0
2017-12-04;6;2017-12-04 06:00:00;33,19;40,62;-7,43;41849;0;55234;21854;22762;0;22762;21854;908;0;908;0,03989104648097707;0,03989104648097707;;-0,2238626092196445;3;0
2017-12-04;7;2017-12-04 07:00:00;38,56;50,96;-12,4;41849;0;55234;21570;22764;1;22765;21570;1194;1;1195;0,052492861849330115;0,05245123879810227;1,0;-0,32157676348547715;3;0
2017-12-04;8;2017-12-04 08:00:00;42,9;52,32;-9,420000000000002;41849;108;55234;21249;22547;184;22731;21357;1298;76;1374;0,06044608684175795;0,05756863440812525;0,41304347826086957;-0,21958041958041963;3;0
2017-12-04;9;2017-12-04 09:00:00;38,29;50,72;-12,43;41849;749;55234;20435;22204;949;23153;21184;1769;200;1969;0,08504297499244158;0,07967032967032966;0,2107481559536354;-0,32462784016714546;3;0
2017-12-04;10;2017-12-04 10:00:00;37,06;50,03;-12,97;41849;1494;55234;20074;21895;1815;23710;21568;1821;321;2142;0,09034162800506115;0,08316967344142498;0,1768595041322314;-0,3499730167296276;3;0
2017-12-04;11;2017-12-04 11:00:00;38,94;52,69;-13,75;41849;2114;55234;19326;21638;2379;24017;21440;2312;265;2577;0,10729899654411458;0,10684906183565948;0,11139134089953762;-0,3531073446327684;3;0
2017-12-04;12;2017-12-04 12:00:00;36,36;51,86;-15,5;41849;2472;55234;18994;21395;2436;23831;21466;2401;-36;2365;0,09924048508245563;0,11222248188829166;-0,014778325123152709;-0,4262926292629263;3;0
2017-12-04;13;2017-12-04 13:00:00;39,45;53,69;-14,239999999999995;41849;2149;55234;18729;20936;1948;22884;20878;2207;-201;2006;0,08765950008739731;0,10541650745128009;-0,10318275154004107;-0,3609632446134346;3;0
2017-12-04;14;2017-12-04 14:00:00;43,97;55,24;-11,270000000000005;41849;1320;55234;17947;20068;1110;21178;19267;2121;-210;1911;0,09023514968363396;0,10569065178393462;-0,1891891891891892;-0,25631112121901306;3;0
2017-12-04;15;2017-12-04 15:00:00;46,14;56,78;-10,64;41849;336;55234;17352;19195;297;19492;17688;1843;-39;1804;0,09255079006772009;0,09601458713206565;-0,13131313131313133;-0,2306025140875596;3;0
2017-12-04;16;2017-12-04 16:00:00;50,96;56,2;-5,240000000000002;41849;5;55234;17066;18430;13;18443;17071;1364;8;1372;0,0743913679986987;0,07400976668475312;0,6153846153846154;-0,10282574568288858;3;0
2017-12-04;17;2017-12-04 17:00:00;51,04;53,65;-2,6099999999999994;41849;0;55234;17323;17874;0;17874;17323;551;0;551;0,03082689940695983;0,03082689940695983;;-0,051136363636363626;3;0
2017-12-04;18;2017-12-04 18:00:00;48,85;52,33;-3,479999999999997;41849;0;55234;17996;17390;0;17390;17996;-606;0;-606;-0,03484761357101783;-0,03484761357101783;;-0,07123848515864886;3;0
2017-12-04;19;2017-12-04 19:00:00;45,6;48,49;-2,890000000000001;41849;0;55234;18629;16923;0;16923;18629;-1706;0;-1706;-0,10080954913431425;-0,10080954913431425;;-0,06337719298245616;3;0
2017-12-04;20;2017-12-04 20:00:00;42,38;42,12;0,2600000000000051;41849;0;55234;19560;16480;0;16480;19560;-3080;0;-3080;-0,18689320388349515;-0,18689320388349515;;0,006134969325153495;3;0
2017-12-04;21;2017-12-04 21:00:00;39,83;34,47;5,3599999999999985;41849;0;55234;20354;16239;0;16239;20354;-4115;0;-4115;-0,25340230309748135;-0,25340230309748135;;0,13457193070549833;3;0
2017-12-04;22;2017-12-04 22:00:00;33,53;28,57;4,960000000000001;41849;0;55234;21543;16415;0;16415;21543;-5128;0;-5128;-0,31239719768504415;-0,31239719768504415;;0,1479272293468536;3;0
2017-12-04;23;2017-12-04 23:00:00;30,03;26,08;3,950000000000003;41849;0;55234;21936;16988;0;16988;21936;-4948;0;-4948;-0,29126442194490226;-0,29126442194490226;;0,13153513153513163;3;0
2017-12-05;0;2017-12-05 00:00:00;28,69;22,25;6,440000000000001;41859;0;55263;22314;19100;0;19100;22314;-3214;0;-3214;-0,16827225130890053;-0,16827225130890053;;0,22446845590798192;3;1
2017-12-05;1;2017-12-05 01:00:00;28,01;23,66;4,350000000000001;41859;0;55263;22289;19718;0;19718;22289;-2571;0;-2571;-0,1303884775332184;-0,1303884775332184;;0,15530167797215286;3;1
2017-12-05;2;2017-12-05 02:00:00;26,88;24,02;2,8599999999999994;41859;0;55263;22343;20088;0;20088;22343;-2255;0;-2255;-0,11225607327757865;-0,11225607327757865;;0,1063988095238095;3;1
2017-12-05;3;2017-12-05 03:00:00;27,93;24,84;3,09;41859;0;55263;22357;20456;0;20456;22357;-1901;0;-1901;-0,09293116933906923;-0,09293116933906923;;0,11063372717508055;3;1
2017-12-05;4;2017-12-05 04:00:00;28,23;26,96;1,2699999999999996;41859;0;55263;22847;20776;0;20776;22847;-2071;0;-2071;-0,09968232576049288;-0,09968232576049288;;0,04498760184201203;3;1
2017-12-05;5;2017-12-05 05:00:00;30,73;27,63;3,1000000000000014;41859;0;55263;23205;21014;0;21014;23205;-2191;0;-2191;-0,10426382411725517;-0,10426382411725517;;0,10087862024080707;3;1
2017-12-05;6;2017-12-05 06:00:00;35,39;32,41;2,980000000000004;41859;0;55263;23611;21301;0;21301;23611;-2310;0;-2310;-0,10844561288202431;-0,10844561288202431;;0,0842045775642838;3;1
2017-12-05;7;2017-12-05 07:00:00;39,69;35,95;3,7399999999999953;41859;0;55263;24438;21620;1;21621;24438;-2818;1;-2817;-0,13028999583738032;-0,1303422756706753;1,0;0,09423028470647507;3;1
2017-12-05;8;2017-12-05 08:00:00;40,05;37,91;2,140000000000001;41859;155;55263;24919;21956;156;22112;25074;-2963;1;-2962;-0,13395441389290882;-0,13495172162506833;0,00641025641025641;0,0534332084893883;3;1
2017-12-05;9;2017-12-05 09:00:00;40,36;36,05;4,310000000000001;41859;890;55263;24792;22496;746;23242;25682;-2296;-144;-2440;-0,10498235952155581;-0,10206258890469416;-0,19302949061662197;0,106788899900892;3;1
2017-12-05;10;2017-12-05 10:00:00;47,59;38,5;9,090000000000003;41859;1804;55263;24606;23056;1548;24604;26410;-1550;-256;-1806;-0,07340269874817103;-0,06722761970853573;-0,165374677002584;0,19100651397352392;3;1
2017-12-05;11;2017-12-05 11:00:00;46,78;38,33;8,450000000000003;41859;2270;55263;25118;23573;2149;25722;27388;-1545;-121;-1666;-0,06476945805147345;-0,06554108513977856;-0,056305258259655655;0,18063274903805052;3;1
2017-12-05;12;2017-12-05 12:00:00;44,07;37,7;6,369999999999997;41859;2435;55263;25423;24006;2222;26228;27858;-1417;-213;-1630;-0,06214732347109959;-0,059026909939181874;-0,09585958595859587;0,14454277286135686;3;1
2017-12-05;13;2017-12-05 13:00:00;42,45;36,77;5,68;41859;1947;55263;25748;24200;1829;26029;27695;-1548;-118;-1666;-0,0640055322909063;-0,06396694214876034;-0,06451612903225806;0,1338044758539458;3;1
2017-12-05;14;2017-12-05 14:00:00;39,97;36,36;3,61;41859;1130;55263;25975;24275;1125;25400;27105;-1700;-5;-1705;-0,0671259842519685;-0,07003089598352215;-0,0044444444444444444;0,0903177383037278;3;1
2017-12-05;15;2017-12-05 15:00:00;39,05;37,45;1,5999999999999943;41859;315;55263;26629;24235;383;24618;26944;-2394;68;-2326;-0,09448371110569502;-0,09878275221786673;0,17754569190600522;0,04097311139564647;3;1
2017-12-05;16;2017-12-05 16:00:00;39,05;34,17;4,879999999999996;41859;7;55263;27210;24404;22;24426;27217;-2806;15;-2791;-0,11426348972406453;-0,1149811506310441;0,6818181818181818;0,12496798975672206;3;1
2017-12-05;17;2017-12-05 17:00:00;43,96;37,5;6,460000000000001;41859;0;55263;27378;24801;0;24801;27378;-2577;0;-2577;-0,10390710052014032;-0,10390710052014032;;0,1469517743403094;3;1
2017-12-05;18;2017-12-05 18:00:00;40,04;40,47;-0,4299999999999997;41859;0;55263;27535;25245;0;25245;27535;-2290;0;-2290;-0,09071103188750247;-0,09071103188750247;;-0,010739260739260733;3;1
2017-12-05;19;2017-12-05 19:00:00;46,04;41,74;4,299999999999997;41859;0;55263;27676;25599;0;25599;27676;-2077;0;-2077;-0,08113598187429197;-0,08113598187429197;;0,09339704604691566;3;1
2017-12-05;20;2017-12-05 20:00:00;35,35;35,14;0,21000000000000085;41859;0;55263;28068;25915;0;25915;28068;-2153;0;-2153;-0,08307929770403241;-0,08307929770403241;;0,005940594059405964;3;1
2017-12-05;21;2017-12-05 21:00:00;30,03;27,13;2,9000000000000017;41859;0;55263;27744;26249;0;26249;27744;-1495;0;-1495;-0,05695455064954855;-0,05695455064954855;;0,09657009657009662;3;1
2017-12-05;22;2017-12-05 22:00:00;28,06;24,92;3,139999999999997;41859;0;55263;27140;26584;0;26584;27140;-556;0;-556;-0,020914835991573878;-0,020914835991573878;;0,11190306486101202;3;1
2017-12-05;23;2017-12-05 23:00:00;13,45;20,33;-6,879999999999999;41859;0;55263;27182;26879;0;26879;27182;-303;0;-303;-0,0112727408013691;-0,0112727408013691;;-0,5115241635687732;3;1
2017-12-06;0;2017-12-06 00:00:00;14,34;17,56;-3,219999999999999;41861;0;55290;27255;27789;0;27789;27255;534;0;534;0,019216236640397278;0,019216236640397278;;-0,22454672245467217;3;2
2017-12-06;1;2017-12-06 01:00:00;12,34;16,45;-4,1099999999999985;41861;0;55290;27388;28062;0;28062;27388;674;0;674;0,024018245313947688;0,024018245313947688;;-0,3330632090761749;3;2
2017-12-06;2;2017-12-06 02:00:00;9,71;15,09;-5,379999999999999;41861;0;55290;27310;28269;0;28269;27310;959;0;959;0,033924086455127525;0,033924086455127525;;-0,5540679711637485;3;2
2017-12-06;3;2017-12-06 03:00:00;12,7;14,89;-2,1900000000000013;41861;0;55290;27294;28394;0;28394;27294;1100;0;1100;0,03874057899556244;0,03874057899556244;;-0,17244094488188988;3;2
2017-12-06;4;2017-12-06 04:00:00;14,04;19,09;-5,050000000000002;41861;0;55290;27776;28442;0;28442;27776;666;0;666;0,023416074818929752;0,023416074818929752;;-0,3596866096866098;3;2
2017-12-06;5;2017-12-06 05:00:00;13,27;19,54;-6,27;41861;0;55290;28036;28448;0;28448;28036;412;0;412;0,014482564679415073;0,014482564679415073;;-0,4724943481537302;3;2
2017-12-06;6;2017-12-06 06:00:00;29,57;32,83;-3,259999999999998;41861;0;55290;28656;28521;0;28521;28656;-135;0;-135;-0,004733354370463868;-0,004733354370463868;;-0,11024687182955692;3;2
2017-12-06;7;2017-12-06 07:00:00;38,24;40,28;-2,039999999999999;41861;0;55290;28458;28572;1;28573;28458;114;1;115;0,004024778637174956;0,003989920201595968;1,0;-0,053347280334728006;3;2
2017-12-06;8;2017-12-06 08:00:00;37,59;41,71;-4,119999999999997;41861;96;55290;28130;28491;217;28708;28226;361;121;482;0,016789745018810087;0,012670667930223579;0,5576036866359447;-0,10960361798350618;3;2
2017-12-06;9;2017-12-06 09:00:00;39,13;41,94;-2,809999999999995;41861;564;55290;27716;28515;1021;29536;28280;799;457;1256;0,042524377031419286;0,028020340171839384;0,4476003917727718;-0,07181190902121122;3;2
2017-12-06;10;2017-12-06 10:00:00;38,22;46,41;-8,189999999999998;41861;1210;55290;27618;28595;2024;30619;28828;977;814;1791;0,05849309252424965;0,03416681237978668;0,40217391304347827;-0,21428571428571425;3;2
2017-12-06;11;2017-12-06 11:00:00;34,6;45,15;-10,549999999999997;41861;1610;55290;27676;28648;2758;31406;29286;972;1148;2120;0,0675030248997007;0,03392907009215303;0,41624365482233505;-0,30491329479768775;3;2
2017-12-06;12;2017-12-06 12:00:00;34,59;45,75;-11,159999999999995;41861;1665;55290;27288;28542;2893;31435;28953;1254;1228;2482;0,07895657706378241;0,043935253310910236;0,4244728655375043;-0,32263660017346035;3;2
2017-12-06;13;2017-12-06 13:00:00;36,48;46,9;-10,420000000000002;41861;1411;55290;26886;28143;2456;30599;28297;1257;1045;2302;0,07523121670642831;0,04466474789468074;0,4254885993485342;-0,28563596491228077;3;2
2017-12-06;14;2017-12-06 14:00:00;39,81;49,04;-9,229999999999997;41861;828;55290;26341;27492;1549;29041;27169;1151;721;1872;0,06446059020006198;0,04186672486541539;0,4654615881213686;-0,23185129364481277;3;2
2017-12-06;15;2017-12-06 15:00:00;39,0;46,17;-7,170000000000003;41861;228;55290;25816;26557;520;27077;26044;741;292;1033;0,038150459799830116;0,02790224799487894;0,5615384615384615;-0,1838461538461539;3;2
2017-12-06;16;2017-12-06 16:00:00;40,9;47,97;-7,07;41861;6;55290;25151;25688;25;25713;25157;537;19;556;0,02162330338739159;0,02090470258486453;0,76;-0,17286063569682153;3;2
2017-12-06;17;2017-12-06 17:00:00;45,69;52,74;-7,050000000000003;41861;0;55290;25081;25155;0;25155;25081;74;0;74;0,002941761081295965;0,002941761081295965;;-0,1543007222587;3;2
2017-12-06;18;2017-12-06 18:00:00;41,96;48,73;-6,769999999999996;41861;0;55290;24967;24876;0;24876;24967;-91;0;-91;-0,0036581443962051775;-0,0036581443962051775;;-0,1613441372735938;3;2
2017-12-06;19;2017-12-06 19:00:00;39,95;45,51;-5,559999999999995;41861;0;55290;24233;24656;0;24656;24233;423;0;423;0,017156067488643737;0,017156067488643737;;-0,13917396745932403;3;2
2017-12-06;20;2017-12-06 20:00:00;39,01;42,17;-3,160000000000004;41861;0;55290;24010;24520;0;24520;24010;510;0;510;0,020799347471451877;0,020799347471451877;;-0,08100487054601395;3;2
2017-12-06;21;2017-12-06 21:00:00;38,98;39,5;-0,5200000000000031;41861;0;55290;24259;24482;0;24482;24259;223;0;223;0,009108732946654685;0,009108732946654685;;-0,013340174448435176;3;2
2017-12-06;22;2017-12-06 22:00:00;31,97;37,16;-5,189999999999999;41861;0;55290;23816;24465;0;24465;23816;649;0;649;0,026527692622113224;0,026527692622113224;;-0,16233969346262117;3;2
2017-12-06;23;2017-12-06 23:00:00;27,95;32,21;-4,260000000000002;41861;0;55290;24166;24501;0;24501;24166;335;0;335;0,01367291130974246;0,01367291130974246;;-0,15241502683363153;3;2
2017-12-07;0;2017-12-07 00:00:00;30,47;32,14;-1,6700000000000017;41863;0;55317;24429;24373;0;24373;24429;-56;0;-56;-0,002297624420465269;-0,002297624420465269;;-0,05480800787659999;3;3
2017-12-07;1;2017-12-07 01:00:00;29,43;32,81;-3,3800000000000026;41863;0;55317;24478;24498;0;24498;24478;20;0;20;0,0008163931749530574;0,0008163931749530574;;-0,1148487937478764;3;3
2017-12-07;2;2017-12-07 02:00:00;26,57;26,87;-0,3000000000000007;41863;0;55317;24456;24549;0;24549;24456;93;0;93;0,003788341683978981;0,003788341683978981;;-0,011290929619872063;3;3
2017-12-07;3;2017-12-07 03:00:00;27,36;24,05;3,3099999999999987;41863;0;55317;24616;24665;0;24665;24616;49;0;49;0,0019866207176160553;0,0019866207176160553;;0,12097953216374265;3;3
2017-12-07;4;2017-12-07 04:00:00;30,01;28,22;1,7900000000000027;41863;0;55317;25245;24986;0;24986;25245;-259;0;-259;-0,010365804850716401;-0,010365804850716401;;0,059646784405198355;3;3
2017-12-07;5;2017-12-07 05:00:00;32,07;30,06;2,0100000000000016;41863;0;55317;25658;25594;0;25594;25658;-64;0;-64;-0,0025005860748612955;-0,0025005860748612955;;0,06267539756782044;3;3
2017-12-07;6;2017-12-07 06:00:00;44,72;41,46;3,259999999999998;41863;0;55317;26614;26325;0;26325;26614;-289;0;-289;-0,01097815764482431;-0,01097815764482431;;0,07289803220035775;3;3
2017-12-07;7;2017-12-07 07:00:00;51,98;46,46;5,519999999999996;41863;0;55317;27726;27122;2;27124;27726;-604;2;-602;-0,022194366612594014;-0,02226974411916525;1,0;0,10619469026548665;3;3
2017-12-07;8;2017-12-07 08:00:00;48,53;43,57;4,960000000000001;41863;494;55317;28583;27910;675;28585;29077;-673;181;-492;-0,017211824383417878;-0,024113221067717665;0,26814814814814814;0,10220482175973626;3;3
2017-12-07;9;2017-12-07 09:00:00;43,85;41,9;1,9500000000000028;41863;2958;55317;29300;28653;3390;32043;32258;-647;432;-215;-0,006709733795212683;-0,022580532579485568;0,12743362831858407;0,044469783352337575;3;3
2017-12-07;10;2017-12-07 10:00:00;38,55;35,69;2,8599999999999994;41863;6119;55317;30311;29235;6551;35786;36430;-1076;432;-644;-0,01799586430447661;-0,03680519924747734;0,06594413066707373;0,07418936446173799;3;3
2017-12-07;11;2017-12-07 11:00:00;33,1;30,85;2,25;41863;8748;55317;30964;29723;8653;38376;39712;-1241;-95;-1336;-0,0348134250573275;-0,04175217844766679;-0,010978851265457067;0,06797583081570997;3;3
2017-12-07;12;2017-12-07 12:00:00;30,04;27,37;2,6699999999999977;41863;9650;55317;31390;30237;8955;39192;41040;-1153;-695;-1848;-0,04715248009797918;-0,0381320898237259;-0,07761027359017308;0,08888149134487343;3;3
2017-12-07;13;2017-12-07 13:00:00;31,06;24,97;6,09;41863;8304;55317;32210;31015;7505;38520;40514;-1195;-799;-1994;-0,051765316718587744;-0,03852974367241657;-0,10646235842771486;0,1960721184803606;3;3
2017-12-07;14;2017-12-07 14:00:00;32,06;23,51;8,55;41863;5138;55317;32806;32185;4735;36920;37944;-621;-403;-1024;-0,027735644637053088;-0,019294702501165138;-0,08511087645195353;0,26668746101060514;3;3
2017-12-07;15;2017-12-07 15:00:00;37,23;27,67;9,559999999999997;41863;1556;55317;34237;33651;1531;35182;35793;-586;-25;-611;-0,01736683531351259;-0,017414044159163176;-0,016329196603527107;0,2567821649207628;3;3
2017-12-07;16;2017-12-07 16:00:00;38,53;33,74;4,789999999999999;41863;27;55317;35512;35040;54;35094;35539;-472;27;-445;-0,012680230238787256;-0,013470319634703196;0,5;0,12431871269140926;3;3
2017-12-07;17;2017-12-07 17:00:00;39,73;34,22;5,509999999999998;41863;0;55317;37150;36028;0;36028;37150;-1122;0;-1122;-0,031142444765182634;-0,031142444765182634;;0,13868613138686128;3;3
2017-12-07;18;2017-12-07 18:00:00;37,49;33,77;3,719999999999999;41863;0;55317;37872;36555;0;36555;37872;-1317;0;-1317;-0,03602790315962249;-0,03602790315962249;;0,09922646038943715;3;3
2017-12-07;19;2017-12-07 19:00:00;32,07;30,41;1,66;41863;0;55317;37516;36464;0;36464;37516;-1052;0;-1052;-0,02885037297060114;-0,02885037297060114;;0,05176177112566261;3;3
2017-12-07;20;2017-12-07 20:00:00;28,06;23,68;4,379999999999999;41863;0;55317;36592;35718;0;35718;36592;-874;0;-874;-0,024469455176661627;-0,024469455176661627;;0,15609408410548822;3;3
2017-12-07;21;2017-12-07 21:00:00;27,5;19,64;7,8599999999999985;41863;0;55317;34830;34746;0;34746;34830;-84;0;-84;-0,0024175444655499916;-0,0024175444655499916;;0,28581818181818175;3;3
2017-12-07;22;2017-12-07 22:00:00;26,42;17,04;9,380000000000004;41863;0;55317;32563;33612;0;33612;32563;1049;0;1049;0,03120909199095561;0,03120909199095561;;0,35503406510219543;3;3
2017-12-07;23;2017-12-07 23:00:00;22,61;17,14;5,469999999999999;41863;0;55317;31675;32189;0;32189;31675;514;0;514;0,015968187890273076;0,015968187890273076;;0,24192835028748336;3;3
2017-12-08;0;2017-12-08 00:00:00;13,45;10,59;2,8599999999999994;41865;0;55364;31421;29905;0;29905;31421;-1516;0;-1516;-0,050693863902357465;-0,050693863902357465;;0,21263940520446092;3;4
2017-12-08;1;2017-12-08 01:00:00;12,2;10,63;1,5699999999999985;41865;0;55364;30288;28694;0;28694;30288;-1594;0;-1594;-0,05555168327873423;-0,05555168327873423;;0,12868852459016383;3;4
2017-12-08;2;2017-12-08 02:00:00;10,5;10,13;0,3699999999999992;41865;0;55364;28780;27613;0;27613;28780;-1167;0;-1167;-0,04226270235034223;-0,04226270235034223;;0,035238095238095166;3;4
2017-12-08;3;2017-12-08 03:00:00;18,93;11,8;7,129999999999999;41865;0;55364;27918;26509;0;26509;27918;-1409;0;-1409;-0,05315175977969746;-0,05315175977969746;;0,3766508188061278;3;4
2017-12-08;4;2017-12-08 04:00:00;24,56;12,79;11,77;41865;0;55364;27581;25719;0;25719;27581;-1862;0;-1862;-0,07239783817411252;-0,07239783817411252;;0,4792345276872964;3;4
2017-12-08;5;2017-12-08 05:00:00;23,05;11,27;11,78;41865;0;55364;26868;25011;0;25011;26868;-1857;0;-1857;-0,07424733117428331;-0,07424733117428331;;0,5110629067245119;3;4
2017-12-08;6;2017-12-08 06:00:00;35,88;18,22;17,660000000000004;41865;0;55364;27532;24479;0;24479;27532;-3053;0;-3053;-0,12471914702397974;-0,12471914702397974;;0,492196209587514;3;4
2017-12-08;7;2017-12-08 07:00:00;37,7;23,41;14,290000000000004;41865;0;55364;27007;24352;1;24353;27007;-2655;1;-2654;-0,10898041309078964;-0,10902595269382391;1,0;0,3790450928381964;3;4
2017-12-08;8;2017-12-08 08:00:00;46,04;30,27;15,77;41865;323;55364;26563;24522;303;24825;26886;-2041;-20;-2061;-0,08302114803625378;-0,0832313840632901;-0,066006600660066;0,34252823631624674;3;4
2017-12-08;9;2017-12-08 09:00:00;43,93;32,43;11,5;41865;1881;55364;26128;25055;1695;26750;28009;-1073;-186;-1259;-0,04706542056074766;-0,04282578327679106;-0,10973451327433628;0,2617801047120419;3;4
2017-12-08;10;2017-12-08 10:00:00;37,99;30,75;7,240000000000002;41865;3425;55364;27243;25969;3360;29329;30668;-1274;-65;-1339;-0,045654471683316857;-0,049058492818360354;-0,019345238095238096;0,19057646749144516;3;4
2017-12-08;11;2017-12-08 11:00:00;41,51;33,24;8,269999999999996;41865;4008;55364;28998;27109;4427;31536;33006;-1889;419;-1470;-0,04661339421613394;-0,06968165553875097;0,09464648746329343;0,19922910142134417;3;4
2017-12-08;12;2017-12-08 12:00:00;34,21;29,36;4,850000000000001;41865;4389;55364;28684;27935;4539;32474;33073;-749;150;-599;-0,018445525651290262;-0,026812242706282442;0,03304692663582287;0,14177141186787492;3;4
2017-12-08;13;2017-12-08 13:00:00;32,1;30,64;1,4600000000000009;41865;3829;55364;27739;28156;3836;31992;31568;417;7;424;0,013253313328332083;0,014810342378178718;0,0018248175182481751;0,045482866043613734;3;4
2017-12-08;14;2017-12-08 14:00:00;32,17;37,44;-5,269999999999996;41865;2081;55364;27518;27791;2423;30214;29599;273;342;615;0,02035480240947905;0,00982332409772948;0,1411473380107305;-0,16381722101336635;3;4
2017-12-08;15;2017-12-08 15:00:00;37,98;37,81;0,1699999999999946;41865;556;55364;27096;27272;748;28020;27652;176;192;368;0,01313347608850821;0,006453505426811381;0,25668449197860965;0,004476040021063576;3;4
2017-12-08;16;2017-12-08 16:00:00;41,57;37,93;3,640000000000001;41865;12;55364;26492;26905;28;26933;26504;413;16;429;0,01592841495563064;0,015350306634454563;0,5714285714285714;0,08756314649987974;3;4
2017-12-08;17;2017-12-08 17:00:00;40,73;37,46;3,269999999999996;41865;0;55364;27103;26896;0;26896;27103;-207;0;-207;-0,007696311719214753;-0,007696311719214753;;0,08028480235698493;3;4
2017-12-08;18;2017-12-08 18:00:00;39,96;36,44;3,520000000000003;41865;0;55364;26632;27137;0;27137;26632;505;0;505;0,01860927884438221;0,01860927884438221;;0,08808808808808817;3;4
2017-12-08;19;2017-12-08 19:00:00;38,57;34,86;3,7100000000000013;41865;0;55364;26359;27418;0;27418;26359;1059;0;1059;0,03862426143409439;0,03862426143409439;;0,09618874773139749;3;4
2017-12-08;20;2017-12-08 20:00:00;32,32;34,14;-1,8200000000000005;41865;0;55364;26076;27569;0;27569;26076;1493;0;1493;0,05415502919946317;0,05415502919946317;;-0,05631188118811883;3;4
2017-12-08;21;2017-12-08 21:00:00;28,0;32,43;-4,43;41865;0;55364;25670;27709;0;27709;25670;2039;0;2039;0,07358619942978815;0,07358619942978815;;-0,1582142857142857;3;4
2017-12-08;22;2017-12-08 22:00:00;23,1;32,21;-9,11;41865;0;55364;25420;27983;0;27983;25420;2563;0;2563;0,09159132330343422;0,09159132330343422;;-0,3943722943722943;3;4
2017-12-08;23;2017-12-08 23:00:00;9,29;18,67;-9,380000000000004;41865;0;55364;25964;28338;0;28338;25964;2374;0;2374;0,08377443715152798;0,08377443715152798;;-1,0096878363832082;3;4
2017-12-09;0;2017-12-09 00:00:00;15,03;14,88;0,14999999999999858;41865;0;55366;27171;27805;0;27805;27171;634;0;634;0,022801654378708864;0,022801654378708864;;0,009980039920159587;3;5
2017-12-09;1;2017-12-09 01:00:00;12,51;10,45;2,0600000000000005;41865;0;55366;28319;28338;0;28338;28319;19;0;19;0,0006704778036558685;0,0006704778036558685;;0,1646682653876899;3;5
2017-12-09;2;2017-12-09 02:00:00;10,31;7,29;3,0200000000000005;41865;0;55366;28744;28781;0;28781;28744;37;0;37;0,001285570341544769;0,001285570341544769;;0,29291949563530556;3;5
2017-12-09;3;2017-12-09 03:00:00;9,26;2,32;6,94;41865;0;55366;28874;29130;0;29130;28874;256;0;256;0,008788190868520425;0,008788190868520425;;0,7494600431965444;3;5
2017-12-09;4;2017-12-09 04:00:00;9,12;7,42;1,6999999999999993;41865;0;55366;28747;29497;0;29497;28747;750;0;750;0,025426314540461743;0,025426314540461743;;0,18640350877192977;3;5
2017-12-09;5;2017-12-09 05:00:00;8,92;7,74;1,1799999999999995;41865;0;55366;28294;29771;0;29771;28294;1477;0;1477;0,04961203856101575;0,04961203856101575;;0,132286995515695;3;5
2017-12-09;6;2017-12-09 06:00:00;10,06;9,16;0,9000000000000004;41865;0;55366;29046;29951;0;29951;29046;905;0;905;0,03021601949851424;0,03021601949851424;;0,08946322067594437;3;5
2017-12-09;7;2017-12-09 07:00:00;12,15;16,41;-4,26;41865;0;55366;30074;29847;0;29847;30074;-227;0;-227;-0,007605454484537809;-0,007605454484537809;;-0,35061728395061725;3;5
2017-12-09;8;2017-12-09 08:00:00;12,41;12,69;-0,27999999999999936;41865;112;55366;30262;29579;222;29801;30374;-683;110;-573;-0,019227542699909398;-0,023090706244294937;0,4954954954954955;-0,02256244963738915;3;5
2017-12-09;9;2017-12-09 09:00:00;18,07;13,87;4,200000000000001;41865;790;55366;31053;29476;1311;30787;31843;-1577;521;-1056;-0,034300191639328285;-0,05350115348079794;0,39740655987795576;0,23242944106253463;3;5
2017-12-09;10;2017-12-09 10:00:00;18,96;16,42;2,539999999999999;41865;1648;55366;30778;29440;2679;32119;32426;-1338;1031;-307;-0,009558205423581058;-0,04544836956521739;0,3848450914520343;0,13396624472573834;3;5
2017-12-09;11;2017-12-09 11:00:00;16,25;19,09;-2,84;41865;2217;55366;31175;29670;3662;33332;33392;-1505;1445;-60;-0,0018000720028801152;-0,050724637681159424;0,394593118514473;-0,17476923076923076;3;5
2017-12-09;12;2017-12-09 12:00:00;15,03;18,58;-3,549999999999999;41865;2653;55366;31052;30087;3976;34063;33705;-965;1323;358;0,010509937468807797;-0,03207365307275568;0,33274647887323944;-0,23619427811044572;3;5
2017-12-09;13;2017-12-09 13:00:00;12,39;14,42;-2,03;41865;2536;55366;30586;30144;3489;33633;33122;-442;953;511;0,015193411233015193;-0,014662951167728238;0,27314416738320435;-0,1638418079096045;3;5
2017-12-09;14;2017-12-09 14:00:00;12,53;14,94;-2,41;41865;1787;55366;30103;29757;2285;32042;31890;-346;498;152;0,004743773796891579;-0,011627516214672179;0,21794310722100657;-0,19233838786911414;3;5
2017-12-09;15;2017-12-09 15:00:00;19,41;17,46;1,9499999999999995;41865;592;55366;29215;29158;778;29936;29807;-57;186;129;0,004309192944949225;-0,001954866588929282;0,2390745501285347;0,10046367851622873;3;5
2017-12-09;16;2017-12-09 16:00:00;26,51;28,82;-2,3099999999999987;41865;9;55366;29048;28934;31;28965;29057;-114;22;-92;-0,0031762471948903847;-0,003940001382456626;0,7096774193548387;-0,08713692946058085;3;5
2017-12-09;17;2017-12-09 17:00:00;31,67;34,6;-2,93;41865;0;55366;29241;29064;0;29064;29241;-177;0;-177;-0,006090008257638315;-0,006090008257638315;;-0,09251657720239975;3;5
2017-12-09;18;2017-12-09 18:00:00;28,45;30,41;-1,9600000000000009;41865;0;55366;29031;29351;0;29351;29031;320;0;320;0,01090252461585636;0,01090252461585636;;-0,06889279437609845;3;5
2017-12-09;19;2017-12-09 19:00:00;24,56;29,35;-4,790000000000003;41865;0;55366;29539;29517;0;29517;29539;-22;0;-22;-0,0007453331978182064;-0,0007453331978182064;;-0,1950325732899024;3;5
2017-12-09;20;2017-12-09 20:00:00;15,8;13,36;2,4400000000000013;41865;0;55366;30292;29500;0;29500;30292;-792;0;-792;-0,026847457627118643;-0,026847457627118643;;0,15443037974683552;3;5
2017-12-09;21;2017-12-09 21:00:00;13,01;7,08;5,93;41865;0;55366;30327;29246;0;29246;30327;-1081;0;-1081;-0,03696231963345415;-0,03696231963345415;;0,4558032282859339;3;5
2017-12-09;22;2017-12-09 22:00:00;15,04;8,29;6,75;41865;0;55366;29352;28925;0;28925;29352;-427;0;-427;-0,014762316335350044;-0,014762316335350044;;0,4488031914893617;3;5
2017-12-09;23;2017-12-09 23:00:00;10,16;6,98;3,18;41865;0;55366;29662;28500;0;28500;29662;-1162;0;-1162;-0,040771929824561404;-0,040771929824561404;;0,31299212598425197;3;5
2017-12-10;0;2017-12-10 00:00:00;14,31;-1,37;15,68;41865;0;55366;29503;26683;0;26683;29503;-2820;0;-2820;-0,10568526777348874;-0,10568526777348874;;1,0957372466806428;3;6
2017-12-10;1;2017-12-10 01:00:00;10,92;-2,23;13,15;41865;0;55366;28904;26250;0;26250;28904;-2654;0;-2654;-0,1011047619047619;-0,1011047619047619;;1,2042124542124542;3;6
2017-12-10;2;2017-12-10 02:00:00;10,17;-4,47;14,64;41865;0;55366;27857;26060;0;26060;27857;-1797;0;-1797;-0,06895625479662318;-0,06895625479662318;;1,4395280235988202;3;6
2017-12-10;3;2017-12-10 03:00:00;12,09;0,51;11,58;41865;0;55366;26316;25459;0;25459;26316;-857;0;-857;-0,03366196629875486;-0,03366196629875486;;0,9578163771712159;3;6
2017-12-10;4;2017-12-10 04:00:00;15,06;4,0;11,06;41865;0;55366;25615;24456;0;24456;25615;-1159;0;-1159;-0,04739123323519791;-0,04739123323519791;;0,7343957503320053;3;6
2017-12-10;5;2017-12-10 05:00:00;12,23;3,49;8,74;41865;0;55366;24265;23172;0;23172;24265;-1093;0;-1093;-0,04716899706542379;-0,04716899706542379;;0,7146361406377759;3;6
2017-12-10;6;2017-12-10 06:00:00;12,28;6,19;6,089999999999999;41865;0;55366;23035;22051;0;22051;23035;-984;0;-984;-0,0446238265838284;-0,0446238265838284;;0,4959283387622149;3;6
2017-12-10;7;2017-12-10 07:00:00;20,68;14,49;6,19;41865;0;55366;21989;21289;1;21290;21989;-700;1;-699;-0,032832315641146075;-0,03288083047583259;1,0;0,29932301740812384;3;6
2017-12-10;8;2017-12-10 08:00:00;27,85;27,7;0,15000000000000213;41865;444;55366;21230;21023;383;21406;21674;-207;-61;-268;-0,012519854246472952;-0,009846358749940541;-0,15926892950391644;0,005385996409335804;3;6
2017-12-10;9;2017-12-10 09:00:00;28,56;29,09;-0,5300000000000011;41865;1724;55366;20820;21005;1783;22788;22544;185;59;244;0,010707389854309286;0,008807426803142109;0,03309029725182277;-0,018557422969187717;3;6
2017-12-10;10;2017-12-10 10:00:00;29,15;28,78;0,36999999999999744;41865;2472;55366;21124;21218;3039;24257;23596;94;567;661;0,027249866018056644;0,004430200772928645;0,18657453109575517;0,012692967409948455;3;6
2017-12-10;11;2017-12-10 11:00:00;29,57;32,16;-2,5899999999999963;41865;2219;55366;21153;21435;3505;24940;23372;282;1286;1568;0,06287089013632718;0,013156053184044787;0,36690442225392295;-0,08758877240446386;3;6
2017-12-10;12;2017-12-10 12:00:00;29,26;33,82;-4,559999999999999;41865;1616;55366;21024;21813;3091;24904;22640;789;1475;2264;0,09090909090909091;0,03617109063402558;0,47719184729860886;-0,15584415584415579;3;6
2017-12-10;13;2017-12-10 13:00:00;28,24;37,58;-9,34;41865;962;55366;21878;22780;1966;24746;22840;902;1004;1906;0,07702254909884426;0,039596136962247584;0,5106815869786369;-0,3307365439093485;3;6
2017-12-10;14;2017-12-10 14:00:00;25,07;34,28;-9,21;41865;401;55366;23906;24768;908;25676;24307;862;507;1369;0,053318273874435274;0,03480297157622739;0,5583700440528634;-0,36737136019146394;3;6
2017-12-10;15;2017-12-10 15:00:00;9,12;28,47;-19,35;41865;80;55366;26526;27133;214;27347;26606;607;134;741;0,027096207993564193;0,02237128220248406;0,6261682242990654;-2,12171052631579;3;6
2017-12-10;16;2017-12-10 16:00:00;9,19;27,79;-18,6;41865;4;55366;28423;29039;8;29047;28427;616;4;620;0,021344717182497332;0,021212851682220462;0,5;-2,023939064200218;3;6
2017-12-10;17;2017-12-10 17:00:00;17,42;33,51;-16,089999999999996;41865;0;55366;29556;30267;0;30267;29556;711;0;711;0,023490930716622064;0,023490930716622064;;-0,9236509758897815;3;6
2017-12-10;18;2017-12-10 18:00:00;15,02;33,07;-18,05;41865;0;55366;30697;30982;0;30982;30697;285;0;285;0,009198889677877476;0,009198889677877476;;-1,2017310252996005;3;6
2017-12-10;19;2017-12-10 19:00:00;12,05;26,96;-14,91;41865;0;55366;31528;31301;0;31301;31528;-227;0;-227;-0,007252164467588895;-0,007252164467588895;;-1,237344398340249;3;6
2017-12-10;20;2017-12-10 20:00:00;12,27;21,44;-9,170000000000002;41865;0;55366;31354;31077;0;31077;31354;-277;0;-277;-0,008913344273900312;-0,008913344273900312;;-0,747351263243684;3;6
2017-12-10;21;2017-12-10 21:00:00;12,16;20,35;-8,190000000000001;41865;0;55366;30650;30735;0;30735;30650;85;0;85;0,0027655767040832926;0,0027655767040832926;;-0,6735197368421053;3;6
2017-12-10;22;2017-12-10 22:00:00;14,81;19,91;-5,1;41865;0;55366;29141;30197;0;30197;29141;1056;0;1056;0,03497036129416829;0,03497036129416829;;-0,3443619176232275;3;6
2017-12-10;23;2017-12-10 23:00:00;12,13;17,74;-5,609999999999998;41865;0;55366;28640;29121;0;29121;28640;481;0;481;0,016517289928230487;0,016517289928230487;;-0,46248969497114567;3;6
2017-12-11;0;2017-12-11 00:00:00;15,03;22,2;-7,17;41876;0;55411;27313;27893;0;27893;27313;580;0;580;0,02079374753522389;0,02079374753522389;;-0,47704590818363274;3;0
2017-12-11;1;2017-12-11 01:00:00;10,87;21,55;-10,68;41876;0;55411;25767;26540;0;26540;25767;773;0;773;0,029125847776940467;0,029125847776940467;;-0,9825206991720332;3;0
2017-12-11;2;2017-12-11 02:00:00;12,59;20,87;-8,280000000000001;41876;0;55411;22802;24011;0;24011;22802;1209;0;1209;0,050351922035733625;0,050351922035733625;;-0,6576648133439238;3;0
2017-12-11;3;2017-12-11 03:00:00;11,75;20,81;-9,06;41876;0;55411;20248;20933;0;20933;20248;685;0;685;0,03272345101036641;0,03272345101036641;;-0,7710638297872341;3;0
2017-12-11;4;2017-12-11 04:00:00;12,78;19,79;-7,01;41876;0;55411;17066;17757;0;17757;17066;691;0;691;0,03891423100749;0,03891423100749;;-0,5485133020344288;3;0
2017-12-11;5;2017-12-11 05:00:00;23,22;29,67;-6,450000000000002;41876;0;55411;13727;15006;0;15006;13727;1279;0;1279;0,08523257363721178;0,08523257363721178;;-0,2777777777777779;3;0
2017-12-11;6;2017-12-11 06:00:00;47,95;48,32;-0,36999999999999744;41876;0;55411;11205;12152;0;12152;11205;947;0;947;0,07792955892034233;0,07792955892034233;;-0,007716371220020802;3;0
2017-12-11;7;2017-12-11 07:00:00;62,0;60,83;1,1700000000000017;41876;0;55411;11001;10037;0;10037;11001;-964;0;-964;-0,09604463485105111;-0,09604463485105111;;0,018870967741935512;3;0
2017-12-11;8;2017-12-11 08:00:00;63,01;56,73;6,280000000000001;41876;88;55411;10739;9041;145;9186;10827;-1698;57;-1641;-0,17864141084258656;-0,18781108284481804;0,3931034482758621;0,09966671956832251;3;0
2017-12-11;9;2017-12-11 09:00:00;60,2;52,13;8,07;41876;556;55411;10202;8488;829;9317;10758;-1714;273;-1441;-0,15466351829988192;-0,2019321394910462;0,3293124246079614;0,1340531561461794;3;0
2017-12-11;10;2017-12-11 10:00:00;62,93;49,21;13,72;41876;1010;55411;10204;8196;1604;9800;11214;-2008;594;-1414;-0,1442857142857143;-0,2449975597852611;0,37032418952618457;0,21802002224694106;3;0
2017-12-11;11;2017-12-11 11:00:00;61,95;50,14;11,810000000000002;41876;1106;55411;10689;8145;1990;10135;11795;-2544;884;-1660;-0,1637888505180069;-0,3123388581952118;0,4442211055276382;0,19063761097659407;3;0
2017-12-11;12;2017-12-11 12:00:00;64,98;54,56;10,420000000000002;41876;1132;55411;11428;8442;1935;10377;12560;-2986;803;-2183;-0,2103690854774983;-0,3537076522151149;0,41498708010335916;0,16035703293321024;3;0
2017-12-11;13;2017-12-11 13:00:00;58,23;48,53;9,699999999999996;41876;925;55411;12599;9024;1533;10557;13524;-3575;608;-2967;-0,28104575163398693;-0,39616578014184395;0,39660795825179385;0,1665808002747724;3;0
2017-12-11;14;2017-12-11 14:00:00;53,84;46,07;7,770000000000002;41876;628;55411;14636;10181;907;11088;15264;-4455;279;-4176;-0,37662337662337664;-0,43757980552008646;0,30760749724366043;0,1443164933135216;3;0
2017-12-11;15;2017-12-11 15:00:00;51,91;42,6;9,309999999999997;41876;218;55411;16143;11886;267;12153;16361;-4257;49;-4208;-0,34625195424997945;-0,3581524482584553;0,18352059925093633;0,17934887304950872;3;0
2017-12-11;16;2017-12-11 16:00:00;53,38;43,08;10,300000000000004;41876;6;55411;18386;13914;11;13925;18392;-4472;5;-4467;-0,3207899461400359;-0,3214029035503809;0,45454545454545453;0,19295616335706264;3;0
2017-12-11;17;2017-12-11 17:00:00;51,87;44,72;7,149999999999999;41876;0;55411;19547;16039;0;16039;19547;-3508;0;-3508;-0,21871687761082362;-0,21871687761082362;;0,13784461152882205;3;0
2017-12-11;18;2017-12-11 18:00:00;47,4;45,0;2,3999999999999986;41876;0;55411;20056;17719;0;17719;20056;-2337;0;-2337;-0,1318923189796264;-0,1318923189796264;;0,050632911392405035;3;0
2017-12-11;19;2017-12-11 19:00:00;39,68;40,05;-0,36999999999999744;41876;0;55411;22072;18859;0;18859;22072;-3213;0;-3213;-0,17036958481361683;-0,17036958481361683;;-0,009324596774193485;3;0
2017-12-11;20;2017-12-11 20:00:00;40,7;38,78;1,9200000000000017;41876;0;55411;23314;19400;0;19400;23314;-3914;0;-3914;-0,20175257731958762;-0,20175257731958762;;0,047174447174447215;3;0
2017-12-11;21;2017-12-11 21:00:00;34,43;29,57;4,8599999999999985;41876;0;55411;23345;19681;0;19681;23345;-3664;0;-3664;-0,18616940196128245;-0,18616940196128245;;0,14115596863200694;3;0
2017-12-11;22;2017-12-11 22:00:00;31,95;30,29;1,66;41876;0;55411;22812;19895;0;19895;22812;-2917;0;-2917;-0,14661975370696154;-0,14661975370696154;;0,05195618153364632;3;0
2017-12-11;23;2017-12-11 23:00:00;27,35;24,1;3,25;41876;0;55411;23053;20032;0;20032;23053;-3021;0;-3021;-0,15080870607028754;-0,15080870607028754;;0,11882998171846434;3;0
2017-12-12;0;2017-12-12 00:00:00;24,52;16,9;7,620000000000001;41879;0;55437;24068;23340;0;23340;24068;-728;0;-728;-0,031191088260497;-0,031191088260497;;0,31076672104404574;3;1
2017-12-12;1;2017-12-12 01:00:00;22,21;12,2;10,010000000000002;41879;0;55437;24866;23942;0;23942;24866;-924;0;-924;-0,03859326706206666;-0,03859326706206666;;0,4506978838361099;3;1
2017-12-12;2;2017-12-12 02:00:00;14,58;5,67;8,91;41879;0;55437;26016;24725;0;24725;26016;-1291;0;-1291;-0,05221435793731041;-0,05221435793731041;;0,6111111111111112;3;1
2017-12-12;3;2017-12-12 03:00:00;12,31;6,74;5,57;41879;0;55437;26621;25729;0;25729;26621;-892;0;-892;-0,03466905048777644;-0,03466905048777644;;0,4524776604386678;3;1
2017-12-12;4;2017-12-12 04:00:00;14,2;7,56;6,64;41879;0;55437;27062;26647;0;26647;27062;-415;0;-415;-0,015573985814538222;-0,015573985814538222;;0,4676056338028169;3;1
2017-12-12;5;2017-12-12 05:00:00;26,14;21,67;4,469999999999999;41879;0;55437;27916;27503;0;27503;27916;-413;0;-413;-0,01501654364978366;-0,01501654364978366;;0,1710022953328232;3;1
2017-12-12;6;2017-12-12 06:00:00;30,89;31,56;-0,6699999999999982;41879;0;55437;29562;28304;0;28304;29562;-1258;0;-1258;-0,04444601469756925;-0,04444601469756925;;-0,021689867270961415;3;1
2017-12-12;7;2017-12-12 07:00:00;32,32;33,37;-1,0499999999999972;41879;0;55437;30591;28628;0;28628;30591;-1963;0;-1963;-0,06856923291882074;-0,06856923291882074;;-0,03248762376237615;3;1
2017-12-12;8;2017-12-12 08:00:00;35,19;35,6;-0,4100000000000037;41879;134;55437;30085;28434;148;28582;30219;-1651;14;-1637;-0,05727380869078441;-0,05806428923120208;0,0945945945945946;-0,011651037226484903;3;1
2017-12-12;9;2017-12-12 09:00:00;34,7;36,55;-1,8499999999999943;41879;936;55437;29760;28129;886;29015;30696;-1631;-50;-1681;-0,05793555057728761;-0,05798286465924846;-0,056433408577878104;-0,05331412103746381;3;1
2017-12-12;10;2017-12-12 10:00:00;34,75;35,66;-0,9099999999999966;41879;2000;55437;28988;27547;1800;29347;30988;-1441;-200;-1641;-0,05591712951920128;-0,0523105964351835;-0,1111111111111111;-0,02618705035971213;3;1
2017-12-12;11;2017-12-12 11:00:00;35,75;38,6;-2,8500000000000014;41879;2717;55437;28106;26648;2413;29061;30823;-1458;-304;-1762;-0,06063108633563883;-0,05471329930951666;-0,12598425196850394;-0,07972027972027976;3;1
2017-12-12;12;2017-12-12 12:00:00;36,92;38,09;-1,1700000000000017;41879;3025;55437;26186;25517;2575;28092;29211;-669;-450;-1119;-0,039833404527979496;-0,026217815573931106;-0,17475728155339806;-0,03169014084507047;3;1
2017-12-12;13;2017-12-12 13:00:00;39,9;39,84;0,059999999999995175;41879;2492;55437;24063;24120;2240;26360;26555;57;-252;-195;-0,007397572078907435;0,00236318407960199;-0,1125;0,0015037593984961197;3;1
2017-12-12;14;2017-12-12 14:00:00;43,16;42,49;0,6699999999999946;41879;1446;55437;22996;22516;1426;23942;24442;-480;-20;-500;-0,020883802522763346;-0,021318173743116006;-0,014025245441795231;0,015523632993512388;3;1
2017-12-12;15;2017-12-12 15:00:00;45,0;42,89;2,1099999999999994;41879;486;55437;22950;20784;452;21236;23436;-2166;-34;-2200;-0,10359766434356753;-0,1042147806004619;-0,0752212389380531;0,046888888888888876;3;1
2017-12-12;16;2017-12-12 16:00:00;46,09;40,59;5,5;41879;14;55437;22639;19375;22;19397;22653;-3264;8;-3256;-0,16786100943444862;-0,16846451612903227;0,36363636363636365;0,11933174224343675;3;1
2017-12-12;17;2017-12-12 17:00:00;50,95;39,13;11,82;41879;0;55437;22699;18573;0;18573;22699;-4126;0;-4126;-0,22215043342486404;-0,22215043342486404;;0,23199214916584887;3;1
2017-12-12;18;2017-12-12 18:00:00;46,95;37,01;9,940000000000003;41879;0;55437;22202;17949;0;17949;22202;-4253;0;-4253;-0,2369491336564711;-0,2369491336564711;;0,21171458998935042;3;1
2017-12-12;19;2017-12-12 19:00:00;46,08;35,61;10,47;41879;0;55437;21012;17543;0;17543;21012;-3469;0;-3469;-0,1977426893917802;-0,1977426893917802;;0,22721354166666669;3;1
2017-12-12;20;2017-12-12 20:00:00;46,1;35,53;10,57;41879;0;55437;19860;17325;0;17325;19860;-2535;0;-2535;-0,14632034632034632;-0,14632034632034632;;0,22928416485900216;3;1
2017-12-12;21;2017-12-12 21:00:00;40,95;30,48;10,470000000000002;41879;0;55437;18764;17294;0;17294;18764;-1470;0;-1470;-0,0850005782352261;-0,0850005782352261;;0,2556776556776557;3;1
2017-12-12;22;2017-12-12 22:00:00;36,74;29,36;7,380000000000003;41879;0;55437;18157;17569;0;17569;18157;-588;0;-588;-0,0334680402982526;-0,0334680402982526;;0,20087098530212308;3;1
2017-12-12;23;2017-12-12 23:00:00;27,96;24,68;3,280000000000001;41879;0;55437;19149;17956;0;17956;19149;-1193;0;-1193;-0,06644018712408109;-0,06644018712408109;;0,11731044349070104;3;1
2017-12-13;0;2017-12-13 00:00:00;22,55;28,19;-5,6400000000000015;41880;0;55471;19851;22390;0;22390;19851;2539;0;2539;0,11339883876730683;0,11339883876730683;;-0,25011086474501115;3;2
2017-12-13;1;2017-12-13 01:00:00;20,0;33,06;-13,060000000000002;41880;0;55471;20238;22951;0;22951;20238;2713;0;2713;0,11820835693433837;0,11820835693433837;;-0,6530000000000001;3;2
2017-12-13;2;2017-12-13 02:00:00;15,96;29,49;-13,529999999999998;41880;0;55471;20756;23721;0;23721;20756;2965;0;2965;0,12499473040765566;0,12499473040765566;;-0,8477443609022555;3;2
2017-12-13;3;2017-12-13 03:00:00;12,74;25,3;-12,56;41880;0;55471;21375;24477;0;24477;21375;3102;0;3102;0,12673121706091434;0,12673121706091434;;-0,9858712715855573;3;2
2017-12-13;4;2017-12-13 04:00:00;14,2;25,1;-10,900000000000002;41880;0;55471;22381;25313;0;25313;22381;2932;0;2932;0,11582981076917;0,11582981076917;;-0,7676056338028171;3;2
2017-12-13;5;2017-12-13 05:00:00;18,02;28,9;-10,88;41880;0;55471;23519;26255;0;26255;23519;2736;0;2736;0,10420872214816225;0,10420872214816225;;-0,6037735849056605;3;2
2017-12-13;6;2017-12-13 06:00:00;32,93;46,28;-13,35;41880;0;55471;25824;27480;0;27480;25824;1656;0;1656;0,06026200873362445;0,06026200873362445;;-0,4054054054054054;3;2
2017-12-13;7;2017-12-13 07:00:00;34,19;43,76;-9,57;41880;0;55471;27948;29125;1;29126;27948;1177;1;1178;0,04044496326306393;0,04041201716738197;1,0;-0,2799064053816906;3;2
2017-12-13;8;2017-12-13 08:00:00;38,27;42,7;-4,43;41880;578;55471;28976;30451;528;30979;29554;1475;-50;1425;0,045998902482326735;0,04843847492693179;-0,0946969696969697;-0,11575646720668929;3;2
2017-12-13;9;2017-12-13 09:00:00;34,45;39,01;-4,559999999999995;41880;3255;55471;29991;31421;2751;34172;33246;1430;-504;926;0,02709820906004916;0,045510964004964835;-0,183206106870229;-0,13236574746008692;3;2
2017-12-13;10;2017-12-13 10:00:00;30,97;35,29;-4,32;41880;6246;55471;30402;31897;4976;36873;36648;1495;-1270;225;0,0061020258725897;0,046869611562215883;-0,25522508038585207;-0,13948982886664515;3;2
2017-12-13;11;2017-12-13 11:00:00;29,83;31,05;-1,2200000000000024;41880;8327;55471;31098;32363;6147;38510;39425;1265;-2180;-915;-0,023760062321474942;0,03908784723295121;-0,354644542053034;-0,04089842440496153;3;2
2017-12-13;12;2017-12-13 12:00:00;29,7;29,28;0,41999999999999815;41880;8436;55471;32476;32788;5878;38666;40912;312;-2558;-2246;-0,05808720840014483;0,009515676467000122;-0,43518203470568223;0,01414141414141408;3;2
2017-12-13;13;2017-12-13 13:00:00;29,98;27,44;2,539999999999999;41880;6343;55471;32661;32860;4455;37315;39004;199;-1888;-1689;-0,04526329894144446;0,006055995130858186;-0,42379349046015713;0,08472314876584387;3;2
2017-12-13;14;2017-12-13 14:00:00;32,44;29,87;2,5699999999999967;41880;3066;55471;32610;32512;2485;34997;35676;-98;-581;-679;-0,01940166299968569;-0,003014271653543307;-0,23380281690140844;0,07922318125770644;3;2
2017-12-13;15;2017-12-13 15:00:00;32,91;34,24;-1,3300000000000054;41880;622;55471;32646;32292;692;32984;33268;-354;70;-284;-0,008610235265583313;-0,010962467484206614;0,10115606936416185;-0,04041324825281086;3;2
2017-12-13;16;2017-12-13 16:00:00;34,49;34,8;-0,3099999999999952;41880;7;55471;33372;32201;28;32229;33379;-1171;21;-1150;-0,03568214961680474;-0,0363653302692463;0,75;-0,008988112496375622;3;2
2017-12-13;17;2017-12-13 17:00:00;34,46;37,4;-2,9399999999999977;41880;0;55471;33778;32435;0;32435;33778;-1343;0;-1343;-0,04140588870047788;-0,04140588870047788;;-0,08531630876378403;3;2
2017-12-13;18;2017-12-13 18:00:00;33,94;35,21;-1,2700000000000031;41880;0;55471;34210;32558;0;32558;34210;-1652;0;-1652;-0,05074021745807482;-0,05074021745807482;;-0,03741897466116686;3;2
2017-12-13;19;2017-12-13 19:00:00;32,75;32,71;0,03999999999999915;41880;0;55471;34636;32686;0;32686;34636;-1950;0;-1950;-0,059658569418099494;-0,059658569418099494;;0,0012213740458015007;3;2
2017-12-13;20;2017-12-13 20:00:00;29,1;31,36;-2,259999999999998;41880;0;55471;34374;33043;0;33043;34374;-1331;0;-1331;-0,04028084617014194;-0,04028084617014194;;-0,07766323024054976;3;2
2017-12-13;21;2017-12-13 21:00:00;22,62;23,02;-0,3999999999999986;41880;0;55471;34784;33347;0;33347;34784;-1437;0;-1437;-0,043092332143821035;-0,043092332143821035;;-0,017683465959327963;3;2
2017-12-13;22;2017-12-13 22:00:00;20,05;21,72;-1,6699999999999982;41880;0;55471;34279;33306;0;33306;34279;-973;0;-973;-0,02921395544346364;-0,02921395544346364;;-0,08329177057356599;3;2
2017-12-13;23;2017-12-13 23:00:00;8,45;10,8;-2,3500000000000014;41880;0;55471;34662;32972;0;32972;34662;-1690;0;-1690;-0,05125561082130292;-0,05125561082130292;;-0,27810650887573984;3;2
2017-12-14;0;2017-12-14 00:00:00;8,84;3,26;5,58;41890;0;55507;34544;33107;0;33107;34544;-1437;0;-1437;-0,04340471803546078;-0,04340471803546078;;0,6312217194570136;3;3
2017-12-14;1;2017-12-14 01:00:00;8,8;4,27;4,530000000000001;41890;0;55507;34306;32648;0;32648;34306;-1658;0;-1658;-0,05078412153883852;-0,05078412153883852;;0,5147727272727274;3;3
2017-12-14;2;2017-12-14 02:00:00;8,84;3,41;5,43;41890;0;55507;34300;32153;0;32153;34300;-2147;0;-2147;-0,06677448449600348;-0,06677448449600348;;0,6142533936651583;3;3
2017-12-14;3;2017-12-14 03:00:00;9,01;-9,18;18,19;41890;0;55507;34624;32295;0;32295;34624;-2329;0;-2329;-0,0721164266914383;-0,0721164266914383;;2,018867924528302;3;3
2017-12-14;4;2017-12-14 04:00:00;10,79;3,4;7,389999999999999;41890;0;55507;33648;32348;0;32348;33648;-1300;0;-1300;-0,040187955978731295;-0,040187955978731295;;0,6848934198331789;3;3
2017-12-14;5;2017-12-14 05:00:00;14,44;15,86;-1,42;41890;0;55507;32432;32179;0;32179;32432;-253;0;-253;-0,007862270424811212;-0,007862270424811212;;-0,09833795013850416;3;3
2017-12-14;6;2017-12-14 06:00:00;32,63;33,49;-0,8599999999999994;41890;0;55507;32063;31991;0;31991;32063;-72;0;-72;-0,002250632990528586;-0,002250632990528586;;-0,026356114005516375;3;3
2017-12-14;7;2017-12-14 07:00:00;45,94;51,22;-5,280000000000001;41890;0;55507;31402;32058;0;32058;31402;656;0;656;0,02046291097385988;0,02046291097385988;;-0,11493252067914675;3;3
2017-12-14;8;2017-12-14 08:00:00;42,14;46,95;-4,810000000000001;41890;185;55507;31247;32389;278;32667;31432;1142;93;1235;0,037805736676156367;0,035258884189076536;0,3345323741007194;-0,1141433317513052;3;3
2017-12-14;9;2017-12-14 09:00:00;33,84;43,36;-9,519999999999996;41890;1406;55507;31469;32908;1663;34571;32875;1439;257;1696;0,04905845940238929;0,043727968882946396;0,1545399879735418;-0,28132387706855777;3;3
2017-12-14;10;2017-12-14 10:00:00;32,06;40,67;-8,61;41890;3293;55507;32312;33788;3321;37109;35605;1476;28;1504;0,040529251664016816;0,043684148218302354;0,008431195423065342;-0,26855895196506546;3;3
2017-12-14;11;2017-12-14 11:00:00;31,82;36,58;-4,759999999999998;41890;4457;55507;32763;34184;4325;38509;37220;1421;-132;1289;0,03347269469474668;0,041569155160308915;-0,03052023121387283;-0,14959145191703324;3;3
2017-12-14;12;2017-12-14 12:00:00;31,54;33,81;-2,270000000000003;41890;4884;55507;32948;34134;4304;38438;37832;1186;-580;606;0,01576564857692908;0,03474541512861077;-0,13475836431226765;-0,0719720989220039;3;3
2017-12-14;13;2017-12-14 13:00:00;31,46;35,02;-3,5600000000000023;41890;3909;55507;31873;33285;3407;36692;35782;1412;-502;910;0,0248010465496566;0,04242151119122728;-0,1473437041385383;-0,11315956770502232;3;3
2017-12-14;14;2017-12-14 14:00:00;32,53;35,89;-3,3599999999999994;41890;2222;55507;30199;31712;1989;33701;32421;1513;-233;1280;0,03798106881101451;0,0477106458123108;-0,11714429361488185;-0,10328927144174606;3;3
2017-12-14;15;2017-12-14 15:00:00;36,43;39,67;-3,240000000000002;41890;662;55507;28419;29927;596;30523;29081;1508;-66;1442;0,04724306260852472;0,05038928058275136;-0,11073825503355705;-0,08893768871808955;3;3
2017-12-14;16;2017-12-14 16:00:00;38,43;43,06;-4,630000000000003;41890;12;55507;27418;28088;26;28114;27430;670;14;684;0,024329515543857153;0,023853602962119056;0,5384615384615384;-0,12047879260994022;3;3
2017-12-14;17;2017-12-14 17:00:00;49,94;49,02;0,9199999999999946;41890;0;55507;26058;26085;0;26085;26058;27;0;27;0,0010350776308223116;0,0010350776308223116;;0,01842210652783329;3;3
2017-12-14;18;2017-12-14 18:00:00;51,55;50,25;1,2999999999999972;41890;0;55507;23573;24179;0;24179;23573;606;0;606;0,025063071260184457;0,025063071260184457;;0,025218234723569297;3;3
2017-12-14;19;2017-12-14 19:00:00;48,06;49,6;-1,5399999999999991;41890;0;55507;21696;22327;0;22327;21696;631;0;631;0,02826174586823129;0,02826174586823129;;-0,03204327923429045;3;3
2017-12-14;20;2017-12-14 20:00:00;41,9;46,79;-4,8900000000000015;41890;0;55507;20284;20567;0;20567;20284;283;0;283;0,013759906646569748;0,013759906646569748;;-0,11670644391408118;3;3
2017-12-14;21;2017-12-14 21:00:00;39,31;41,14;-1,8299999999999983;41890;0;55507;18120;18820;0;18820;18120;700;0;700;0,03719447396386823;0,03719447396386823;;-0,046553039938946786;3;3
2017-12-14;22;2017-12-14 22:00:00;34,94;39,28;-4,340000000000003;41890;0;55507;16598;17366;0;17366;16598;768;0;768;0,04422434642404699;0,04422434642404699;;-0,12421293646250726;3;3
2017-12-14;23;2017-12-14 23:00:00;28,96;33,56;-4,600000000000001;41890;0;55507;15012;16091;0;16091;15012;1079;0;1079;0,06705611832701511;0,06705611832701511;;-0,1588397790055249;3;3
2017-12-15;0;2017-12-15 00:00:00;32,01;35,6;-3,5900000000000034;41899;0;55538;13674;14232;0;14232;13674;558;0;558;0,03920741989881956;0,03920741989881956;;-0,11215245235863804;3;4
2017-12-15;1;2017-12-15 01:00:00;30,93;37,62;-6,689999999999998;41899;0;55538;12214;13372;0;13372;12214;1158;0;1158;0,08659886329644033;0,08659886329644033;;-0,21629485935984474;3;4
2017-12-15;2;2017-12-15 02:00:00;29,0;36,12;-7,119999999999997;41899;0;55538;11368;12911;0;12911;11368;1543;0;1543;0,1195104949268066;0,1195104949268066;;-0,24551724137931025;3;4
2017-12-15;3;2017-12-15 03:00:00;28,97;34,34;-5,3700000000000045;41899;0;55538;10860;12535;0;12535;10860;1675;0;1675;0,1336258476266454;0,1336258476266454;;-0,18536416983085968;3;4
2017-12-15;4;2017-12-15 04:00:00;29,57;34,97;-5,399999999999999;41899;0;55538;10624;11997;0;11997;10624;1373;0;1373;0,1144452779861632;0,1144452779861632;;-0,18261751775448085;3;4
2017-12-15;5;2017-12-15 05:00:00;33,17;38,89;-5,719999999999999;41899;0;55538;9808;11322;0;11322;9808;1514;0;1514;0,133721957251369;0,133721957251369;;-0,17244498040397946;3;4
2017-12-15;6;2017-12-15 06:00:00;46,95;48,8;-1,8499999999999943;41899;0;55538;9660;10870;0;10870;9660;1210;0;1210;0,11131554737810488;0,11131554737810488;;-0,03940362087326931;3;4
2017-12-15;7;2017-12-15 07:00:00;57,17;60,95;-3,780000000000001;41899;0;55538;9354;10480;0;10480;9354;1126;0;1126;0,10744274809160305;0,10744274809160305;;-0,06611859366800771;3;4
2017-12-15;8;2017-12-15 08:00:00;54,31;62,61;-8,299999999999997;41899;172;55538;9155;10105;339;10444;9327;950;167;1117;0,10695135963232479;0,09401286491835725;0,49262536873156343;-0,1528263671515374;3;4
2017-12-15;9;2017-12-15 09:00:00;53,93;67,51;-13,580000000000005;41899;1559;55538;8487;9823;1912;11735;10046;1336;353;1689;0,14392841925862804;0,1360073297363331;0,1846234309623431;-0,2518078991285;3;4
2017-12-15;10;2017-12-15 10:00:00;52,09;65,09;-13,0;41899;3488;55538;7981;9592;3724;13316;11469;1611;236;1847;0,1387053169119856;0,16795246038365305;0,06337271750805586;-0,249568055288923;3;4
2017-12-15;11;2017-12-15 11:00:00;52,51;63,23;-10,72;41899;4788;55538;7845;9406;4893;14299;12633;1561;105;1666;0,11651164417092104;0,16595789921326812;0,02145922746781116;-0,20415159017330034;3;4
2017-12-15;12;2017-12-15 12:00:00;48,49;54,36;-5,869999999999997;41899;4986;55538;7798;9222;5080;14302;12784;1424;94;1518;0,1061390015382464;0,15441335935805683;0,018503937007874015;-0,12105588781191992;3;4
2017-12-15;13;2017-12-15 13:00:00;47,92;52,85;-4,93;41899;3724;55538;7312;8840;4240;13080;11036;1528;516;2044;0,1562691131498471;0,17285067873303167;0,12169811320754717;-0,10287979966611017;3;4
2017-12-15;14;2017-12-15 14:00:00;48,93;56,67;-7,740000000000002;41899;2182;55538;6345;8148;2600;10748;8527;1803;418;2221;0,20664309639002604;0,22128129602356406;0,16076923076923078;-0,158185162477008;3;4
2017-12-15;15;2017-12-15 15:00:00;52,94;63,33;-10,39;41899;730;55538;5556;7595;794;8389;6286;2039;64;2103;0,2506854213851472;0,2684660961158657;0,08060453400503778;-0,19625991688704195;3;4
2017-12-15;16;2017-12-15 16:00:00;60,92;66,25;-5,329999999999998;41899;24;55538;4905;7454;31;7485;4929;2549;7;2556;0,3414829659318637;0,34196404614971826;0,22580645161290322;-0,08749179251477344;3;4
2017-12-15;17;2017-12-15 17:00:00;74,54;76,02;-1,4799999999999898;41899;0;55538;4591;7753;0;7753;4591;3162;0;3162;0,40784212562878885;0,40784212562878885;;-0,019855111349610807;3;4
2017-12-15;18;2017-12-15 18:00:00;59,32;71,0;-11,68;41899;0;55538;4028;8309;0;8309;4028;4281;0;4281;0,5152244554097966;0,5152244554097966;;-0,1968981793661497;3;4
2017-12-15;19;2017-12-15 19:00:00;53,91;71,03;-17,120000000000005;41899;0;55538;4038;8937;0;8937;4038;4899;0;4899;0,5481705270224908;0,5481705270224908;;-0,31756631422741616;3;4
2017-12-15;20;2017-12-15 20:00:00;50,13;65,99;-15,859999999999992;41899;0;55538;4344;9502;0;9502;4344;5158;0;5158;0,5428330877709956;0,5428330877709956;;-0,31637741871135033;3;4
2017-12-15;21;2017-12-15 21:00:00;42,23;49,8;-7,57;41899;0;55538;4604;10132;0;10132;4604;5528;0;5528;0,5455981050138176;0,5455981050138176;;-0,17925645275870236;3;4
2017-12-15;22;2017-12-15 22:00:00;37,04;47,05;-10,009999999999998;41899;0;55538;4973;10731;0;10731;4973;5758;0;5758;0,5365762743453546;0,5365762743453546;;-0,27024838012958957;3;4
2017-12-15;23;2017-12-15 23:00:00;33,23;40,95;-7,720000000000006;41899;0;55538;4926;11312;0;11312;4926;6386;0;6386;0,5645332390381895;0,5645332390381895;;-0,23232019259705106;3;4
2017-12-16;0;2017-12-16 00:00:00;35,07;34,96;0,10999999999999943;41900;0;55540;5642;6191;0;6191;5642;549;0;549;0,08867711193668228;0,08867711193668228;;0,003136583974907312;3;5
2017-12-16;1;2017-12-16 01:00:00;33,08;32,54;0,5399999999999991;41900;0;55540;5837;6769;0;6769;5837;932;0;932;0,1376865120401832;0,1376865120401832;;0,0163240628778718;3;5
2017-12-16;2;2017-12-16 02:00:00;32,96;32,44;0,5200000000000031;41900;0;55540;6935;7321;0;7321;6935;386;0;386;0,05272503756317443;0,05272503756317443;;0,015776699029126307;3;5
2017-12-16;3;2017-12-16 03:00:00;31,96;32,12;-0,1599999999999966;41900;0;55540;6884;7919;0;7919;6884;1035;0;1035;0,130698320495012;0,130698320495012;;-0,005006257822277741;3;5
2017-12-16;4;2017-12-16 04:00:00;32,0;33,46;-1,4600000000000009;41900;0;55540;7575;8551;0;8551;7575;976;0;976;0,11413869722839434;0,11413869722839434;;-0,04562500000000003;3;5
2017-12-16;5;2017-12-16 05:00:00;31,76;34,17;-2,41;41900;0;55540;8263;9147;0;9147;8263;884;0;884;0,09664370831966765;0,09664370831966765;;-0,0758816120906801;3;5
2017-12-16;6;2017-12-16 06:00:00;31,58;33,86;-2,2800000000000007;41900;0;55540;9204;9845;0;9845;9204;641;0;641;0,06510919248349416;0,06510919248349416;;-0,0721975934135529;3;5
2017-12-16;7;2017-12-16 07:00:00;31,39;35,59;-4,200000000000003;41900;0;55540;9322;10337;0;10337;9322;1015;0;1015;0,098190964496469;0,098190964496469;;-0,13380057343102908;3;5
2017-12-16;8;2017-12-16 08:00:00;34,01;38,06;-4,050000000000004;41900;134;55540;10014;10727;142;10869;10148;713;8;721;0,06633544944337105;0,06646779155402256;0,056338028169014086;-0,11908262275801249;3;5
2017-12-16;9;2017-12-16 09:00:00;41,56;40,63;0,9299999999999996;41900;1092;55540;9774;11279;990;12269;10866;1505;-102;1403;0,1143532480234738;0,13343381505452612;-0,10303030303030303;0,02237728585178055;3;5
2017-12-16;10;2017-12-16 10:00:00;44,34;41,48;2,8600000000000065;41900;2467;55540;9906;11624;2192;13816;12373;1718;-275;1443;0,10444412275622467;0,14779766001376463;-0,12545620437956204;0,06450157870996857;3;5
2017-12-16;11;2017-12-16 11:00:00;44,03;43,95;0,0799999999999983;41900;3356;55540;9854;11963;3042;15005;13210;2109;-314;1795;0,11962679106964345;0,1762935718465268;-0,1032215647600263;0,0018169429934135428;3;5
2017-12-16;12;2017-12-16 12:00:00;41,69;43,61;-1,9200000000000017;41900;3662;55540;10716;12417;3255;15672;14378;1701;-407;1294;0,08256763654925983;0,1369896110171539;-0,1250384024577573;-0,04605420964260019;3;5
2017-12-16;13;2017-12-16 13:00:00;38,1;39,19;-1,0899999999999963;41900;2985;55540;11034;12948;2820;15768;14019;1914;-165;1749;0,11092085235920852;0,14782205746061167;-0,05851063829787234;-0,028608923884514338;3;5
2017-12-16;14;2017-12-16 14:00:00;36,48;38,94;-2,460000000000001;41900;1692;55540;12251;13415;1809;15224;13943;1164;117;1281;0,08414345769837099;0,08676854267610884;0,06467661691542288;-0,06743421052631582;3;5
2017-12-16;15;2017-12-16 15:00:00;40,0;43,41;-3,4099999999999966;41900;501;55540;12636;13828;563;14391;13137;1192;62;1254;0,08713779445486762;0,0862019091698004;0,11012433392539965;-0,08524999999999991;3;5
2017-12-16;16;2017-12-16 16:00:00;46,17;45,27;0,8999999999999986;41900;15;55540;14050;14230;27;14257;14065;180;12;192;0,013467068808304693;0,012649332396345749;0,4444444444444444;0,019493177387914198;3;5
2017-12-16;17;2017-12-16 17:00:00;48,93;43,35;5,579999999999997;41900;0;55540;14674;14666;0;14666;14674;-8;0;-8;-0,0005454793399699986;-0,0005454793399699986;;0,11404046597179639;3;5
2017-12-16;18;2017-12-16 18:00:00;46,9;42,37;4,530000000000001;41900;0;55540;15708;15104;0;15104;15708;-604;0;-604;-0,039989406779661014;-0,039989406779661014;;0,09658848614072497;3;5
2017-12-16;19;2017-12-16 19:00:00;42,0;37,37;4,630000000000003;41900;0;55540;15729;15450;0;15450;15729;-279;0;-279;-0,018058252427184465;-0,018058252427184465;;0,1102380952380953;3;5
2017-12-16;20;2017-12-16 20:00:00;39,0;35,18;3,82;41900;0;55540;15400;15554;0;15554;15400;154;0;154;0,009900990099009901;0,009900990099009901;;0,09794871794871794;3;5
2017-12-16;21;2017-12-16 21:00:00;33,62;31,7;1,9199999999999984;41900;0;55540;15754;15498;0;15498;15754;-256;0;-256;-0,016518260420699444;-0,016518260420699444;;0,0571088637715645;3;5
2017-12-16;22;2017-12-16 22:00:00;33,01;32,54;0,4699999999999989;41900;0;55540;15292;15389;0;15389;15292;97;0;97;0,0063032035869777115;0,0063032035869777115;;0,01423810966373823;3;5
2017-12-16;23;2017-12-16 23:00:00;29,02;29,12;-0,10000000000000142;41900;0;55540;15352;15207;0;15207;15352;-145;0;-145;-0,009535082527783258;-0,009535082527783258;;-0,0034458993797381607;3;5
2017-12-17;0;2017-12-17 00:00:00;28,9;26,05;2,8499999999999983;41903;0;55546;15227;14542;0;14542;15227;-685;0;-685;-0,047104937422637876;-0,047104937422637876;;0,09861591695501724;3;6
2017-12-17;1;2017-12-17 01:00:00;28,2;21,43;6,77;41903;0;55546;14993;14175;0;14175;14993;-818;0;-818;-0,057707231040564376;-0,057707231040564376;;0,2400709219858156;3;6
2017-12-17;2;2017-12-17 02:00:00;28,2;19,48;8,719999999999999;41903;0;55546;14319;13649;0;13649;14319;-670;0;-670;-0,04908784526338926;-0,04908784526338926;;0,3092198581560283;3;6
2017-12-17;3;2017-12-17 03:00:00;27,94;16,2;11,740000000000002;41903;0;55546;14120;13033;0;13033;14120;-1087;0;-1087;-0,08340366761298243;-0,08340366761298243;;0,420186113099499;3;6
2017-12-17;4;2017-12-17 04:00:00;28,21;16,85;11,36;41903;0;55546;13729;12431;0;12431;13729;-1298;0;-1298;-0,10441637840881667;-0,10441637840881667;;0,40269408011343494;3;6
2017-12-17;5;2017-12-17 05:00:00;28,38;13,14;15,239999999999998;41903;0;55546;12746;11705;0;11705;12746;-1041;0;-1041;-0,08893635198633063;-0,08893635198633063;;0,5369978858350951;3;6
2017-12-17;6;2017-12-17 06:00:00;28,58;15,9;12,679999999999998;41903;0;55546;11498;10983;0;10983;11498;-515;0;-515;-0,04689064918510425;-0,04689064918510425;;0,44366689993002095;3;6
2017-12-17;7;2017-12-17 07:00:00;29,4;21,38;8,02;41903;0;55546;10192;10186;0;10186;10192;-6;0;-6;-0,0005890437855880621;-0,0005890437855880621;;0,2727891156462585;3;6
2017-12-17;8;2017-12-17 08:00:00;31,38;32,29;-0,91;41903;60;55546;8932;9265;115;9380;8992;333;55;388;0,04136460554371002;0,035941716135995685;0,4782608695652174;-0,028999362651370302;3;6
2017-12-17;9;2017-12-17 09:00:00;34,78;36,99;-2,210000000000001;41903;767;55546;7680;8428;959;9387;8447;748;192;940;0,10013848940023437;0,08875177978168011;0,20020855057351408;-0,06354226566992527;3;6
2017-12-17;10;2017-12-17 10:00:00;38,12;41,99;-3,870000000000005;41903;1962;55546;6560;7704;2426;10130;8522;1144;464;1608;0,15873642645607108;0,14849428868120457;0,1912613355317395;-0,10152151101783854;3;6
2017-12-17;11;2017-12-17 11:00:00;43,64;46,25;-2,6099999999999994;41903;2737;55546;5820;7262;3450;10712;8557;1442;713;2155;0,20117625093353247;0,19856788763426053;0,20666666666666667;-0,05980751604032996;3;6
2017-12-17;12;2017-12-17 12:00:00;41,57;47,13;-5,560000000000002;41903;2912;55546;5424;6945;3725;10670;8336;1521;813;2334;0,21874414245548265;0,21900647948164148;0,21825503355704698;-0,13375030069761853;3;6
2017-12-17;13;2017-12-17 13:00:00;40,02;43,63;-3,61;41903;2470;55546;5145;6861;3246;10107;7615;1716;776;2492;0,2465617888592065;0,25010931351114996;0,23906346272335183;-0,09020489755122438;3;6
2017-12-17;14;2017-12-17 14:00:00;39,08;44,84;-5,760000000000005;41903;1350;55546;5268;7082;2056;9138;6618;1814;706;2520;0,2757715036112935;0,25614233267438574;0,3433852140077821;-0,14738996929375653;3;6
2017-12-17;15;2017-12-17 15:00:00;41,5;45,33;-3,8299999999999983;41903;354;55546;5922;7652;607;8259;6276;1730;253;1983;0,240101707228478;0,22608468374281235;0,41680395387149916;-0,09228915662650598;3;6
2017-12-17;16;2017-12-17 16:00:00;45,74;49,73;-3,9899999999999953;41903;8;55546;7406;8781;25;8806;7414;1375;17;1392;0,15807404042698162;0,15658808791709372;0,68;-0,08723218189768245;3;6
2017-12-17;17;2017-12-17 17:00:00;46,96;52,73;-5,769999999999996;41903;0;55546;9757;10270;0;10270;9757;513;0;513;0,049951314508276536;0,049951314508276536;;-0,12287052810902888;3;6
2017-12-17;18;2017-12-17 18:00:00;45,91;50,86;-4,950000000000003;41903;0;55546;11128;11705;0;11705;11128;577;0;577;0,049295173002990175;0,049295173002990175;;-0,10781964713570036;3;6
2017-12-17;19;2017-12-17 19:00:00;42,91;47,28;-4,3700000000000045;41903;0;55546;11836;13089;0;13089;11836;1253;0;1253;0,09572923829169531;0,09572923829169531;;-0,10184106268934992;3;6
2017-12-17;20;2017-12-17 20:00:00;36,42;45,75;-9,329999999999998;41903;0;55546;12224;14426;0;14426;12224;2202;0;2202;0,15264106474421185;0,15264106474421185;;-0,2561779242174629;3;6
2017-12-17;21;2017-12-17 21:00:00;32,92;41,43;-8,509999999999998;41903;0;55546;13012;15798;0;15798;13012;2786;0;2786;0,17635143689074567;0,17635143689074567;;-0,25850546780072897;3;6
2017-12-17;22;2017-12-17 22:00:00;30,66;40,74;-10,080000000000002;41903;0;55546;13644;17016;0;17016;13644;3372;0;3372;0,19816643159379407;0,19816643159379407;;-0,32876712328767127;3;6
2017-12-17;23;2017-12-17 23:00:00;28,59;35,62;-7,029999999999998;41903;0;55546;14326;18060;0;18060;14326;3734;0;3734;0,20675526024363233;0,20675526024363233;;-0,24589017138859734;3;6
2017-12-18;0;2017-12-18 00:00:00;30,43;33,95;-3,520000000000003;41908;0;55563;15045;14905;0;14905;15045;-140;0;-140;-0,009392821200939282;-0,009392821200939282;;-0,1156753204074927;3;0
2017-12-18;1;2017-12-18 01:00:00;29,9;32,69;-2,7899999999999987;41908;0;55563;15014;15186;0;15186;15014;172;0;172;0,011326221519820887;0,011326221519820887;;-0,09331103678929761;3;0
2017-12-18;2;2017-12-18 02:00:00;28,15;31,93;-3,780000000000001;41908;0;55563;14892;15034;0;15034;14892;142;0;142;0,00944525741652255;0,00944525741652255;;-0,1342806394316164;3;0
2017-12-18;3;2017-12-18 03:00:00;27,39;28,42;-1,0300000000000011;41908;0;55563;14102;14910;0;14910;14102;808;0;808;0,05419181757209926;0,05419181757209926;;-0,03760496531580873;3;0
2017-12-18;4;2017-12-18 04:00:00;28,71;30,79;-2,0799999999999983;41908;0;55563;12478;14107;0;14107;12478;1629;0;1629;0,11547458708442618;0,11547458708442618;;-0,07244862417276204;3;0
2017-12-18;5;2017-12-18 05:00:00;33,73;34,11;-0,38000000000000256;41908;0;55563;10420;12402;0;12402;10420;1982;0;1982;0,15981293339783906;0,15981293339783906;;-0,011265935369107697;3;0
2017-12-18;6;2017-12-18 06:00:00;46,2;50,21;-4,009999999999998;41908;0;55563;8620;11044;0;11044;8620;2424;0;2424;0,21948569358927925;0,21948569358927925;;-0,08679653679653675;3;0
2017-12-18;7;2017-12-18 07:00:00;63,95;72,22;-8,269999999999996;41908;0;55563;7106;9982;0;9982;7106;2876;0;2876;0,28811861350430773;0,28811861350430773;;-0,12931978107896788;3;0
2017-12-18;8;2017-12-18 08:00:00;64,42;71,41;-6,989999999999995;41908;116;55563;6070;9063;174;9237;6186;2993;58;3051;0,33030204611886976;0,3302438486152488;0,3333333333333333;-0,10850667494566897;3;0
2017-12-18;9;2017-12-18 09:00:00;64,08;71,66;-7,579999999999997;41908;1055;55563;4912;8216;1177;9393;5967;3304;122;3426;0,3647396997764293;0,4021421616358325;0,10365335598980459;-0,11828963795255926;3;0
2017-12-18;10;2017-12-18 10:00:00;64,28;71,19;-6,9099999999999975;41908;2465;55563;3550;7430;2380;9810;6015;3880;-85;3795;0,38685015290519875;0,522207267833109;-0,03571428571428571;-0,10749844430616051;3;0
2017-12-18;11;2017-12-18 11:00:00;69,65;73,49;-3,8399999999999888;41908;3472;55563;2137;6759;3143;9902;5609;4622;-329;4293;0,4335487780246415;0,6838289687823642;-0,10467706013363029;-0,055132806891600696;3;0
2017-12-18;12;2017-12-18 12:00:00;68,23;74,6;-6,36999999999999;41908;3616;55563;1596;6220;3286;9506;5212;4624;-330;4294;0,45171470650115714;0,7434083601286173;-0,10042604990870359;-0,0933606917778102;3;0
2017-12-18;13;2017-12-18 13:00:00;69,97;75,87;-5,900000000000006;41908;2974;55563;1660;5908;2770;8678;4634;4248;-204;4044;0,4660059921640931;0,7190250507786052;-0,0736462093862816;-0,0843218522223811;3;0
2017-12-18;14;2017-12-18 14:00:00;69,49;77,56;-8,07000000000001;41908;1783;55563;1601;5822;1695;7517;3384;4221;-88;4133;0,5498204070772915;0,7250085881140501;-0,05191740412979351;-0,11613181752770196;3;0
2017-12-18;15;2017-12-18 15:00:00;71,32;79,49;-8,170000000000002;41908;413;55563;1681;5933;475;6408;2094;4252;62;4314;0,6732209737827716;0,7166694758132479;0,13052631578947368;-0,11455412226584412;3;0
2017-12-18;16;2017-12-18 16:00:00;73,5;80,69;-7,189999999999998;41908;3;55563;1828;6095;19;6114;1831;4267;16;4283;0,7005233889434086;0,7000820344544709;0,8421052631578947;-0,09782312925170066;3;0
2017-12-18;17;2017-12-18 17:00:00;79,72;87,46;-7,739999999999995;41908;0;55563;2146;6355;0;6355;2146;4209;0;4209;0,6623131392604249;0,6623131392604249;;-0,09708981435022573;3;0
2017-12-18;18;2017-12-18 18:00:00;75,84;82,29;-6,450000000000002;41908;0;55563;2564;6579;0;6579;2564;4015;0;4015;0,6102751177990576;0,6102751177990576;;-0,0850474683544304;3;0
2017-12-18;19;2017-12-18 19:00:00;68,87;77,33;-8,459999999999994;41908;0;55563;2740;6727;0;6727;2740;3987;0;3987;0,5926861899806749;0,5926861899806749;;-0,12284013358501515;3;0
2017-12-18;20;2017-12-18 20:00:00;63,31;69,01;-5,700000000000002;41908;0;55563;3340;6696;0;6696;3340;3356;0;3356;0,501194743130227;0,501194743130227;;-0,09003317011530566;3;0
2017-12-18;21;2017-12-18 21:00:00;56,58;59,11;-2,5300000000000007;41908;0;55563;3974;6613;0;6613;3974;2639;0;2639;0,39906245274459395;0,39906245274459395;;-0,04471544715447156;3;0
2017-12-18;22;2017-12-18 22:00:00;45,03;47,27;-2,240000000000002;41908;0;55563;4280;6586;0;6586;4280;2306;0;2306;0,35013665350744;0,35013665350744;;-0,04974461470131028;3;0
2017-12-18;23;2017-12-18 23:00:00;37,29;37,76;-0,4699999999999989;41908;0;55563;4247;6566;0;6566;4247;2319;0;2319;0,3531830642704843;0,3531830642704843;;-0,012603915258782487;3;0
2017-12-19;0;2017-12-19 00:00:00;44,34;40,3;4,040000000000006;41925;0;55605;3885;4738;0;4738;3885;853;0;853;0,18003376952300548;0,18003376952300548;;0,09111411817771777;3;1
2017-12-19;1;2017-12-19 01:00:00;38,07;38,37;-0,2999999999999972;41925;0;55605;3787;4824;0;4824;3787;1037;0;1037;0,21496683250414594;0,21496683250414594;;-0,00788022064617802;3;1
2017-12-19;2;2017-12-19 02:00:00;37,59;37,45;0,14000000000000054;41925;0;55605;3539;4747;0;4747;3539;1208;0;1208;0,2544765114809353;0,2544765114809353;;0,0037243947858473137;3;1
2017-12-19;3;2017-12-19 03:00:00;36,5;36,71;-0,21000000000000085;41925;0;55605;3521;4734;0;4734;3521;1213;0;1213;0,25623151668779043;0,25623151668779043;;-0,00575342465753427;3;1
2017-12-19;4;2017-12-19 04:00:00;38,89;39,74;-0,8500000000000014;41925;0;55605;3775;4661;0;4661;3775;886;0;886;0,19008796395623256;0,19008796395623256;;-0,021856518385189032;3;1
2017-12-19;5;2017-12-19 05:00:00;41,01;43,85;-2,8400000000000034;41925;0;55605;4040;4554;0;4554;4040;514;0;514;0,11286780851998243;0,11286780851998243;;-0,06925140209704958;3;1
2017-12-19;6;2017-12-19 06:00:00;53,67;51,88;1,7899999999999991;41925;0;55605;4464;4518;0;4518;4464;54;0;54;0,01195219123505976;0,01195219123505976;;0,03335196571641511;3;1
2017-12-19;7;2017-12-19 07:00:00;68,17;66,88;1,2900000000000065;41925;0;55605;4830;4497;0;4497;4830;-333;0;-333;-0,07404936624416278;-0,07404936624416278;;0,018923280035206196;3;1
2017-12-19;8;2017-12-19 08:00:00;76,91;69,17;7,739999999999995;41925;69;55605;5258;4450;121;4571;5327;-808;52;-756;-0,16539050535987748;-0,18157303370786518;0,4297520661157025;0,10063710830841237;3;1
2017-12-19;9;2017-12-19 09:00:00;77,06;68,93;8,129999999999995;41925;606;55605;5224;4499;721;5220;5830;-725;115;-610;-0,11685823754789272;-0,16114692153811958;0,15950069348127602;0,10550220607318966;3;1
2017-12-19;10;2017-12-19 10:00:00;75,3;66,41;8,89;41925;1322;55605;4888;4422;1524;5946;6210;-466;202;-264;-0,044399596367305755;-0,10538218000904569;0,1325459317585302;0,11806108897742365;3;1
2017-12-19;11;2017-12-19 11:00:00;74,0;65,79;8,209999999999994;41925;1802;55605;4505;4298;2086;6384;6307;-207;284;77;0,01206140350877193;-0,04816193578408562;0,1361457334611697;0,11094594594594587;3;1
2017-12-19;12;2017-12-19 12:00:00;70,85;67,0;3,8499999999999934;41925;2004;55605;4387;4312;2129;6441;6391;-75;125;50;0,00776276975624903;-0,017393320964749538;0,058713010803193987;0,05434015525758636;3;1
2017-12-19;13;2017-12-19 13:00:00;70,57;66,13;4,439999999999999;41925;1729;55605;4716;4402;1720;6122;6445;-314;-9;-323;-0,052760535772623324;-0,07133121308496138;-0,005232558139534884;0,06291625336545273;3;1
2017-12-19;14;2017-12-19 14:00:00;70,2;64,42;5,780000000000001;41925;969;55605;4747;4555;1005;5560;5716;-192;36;-156;-0,02805755395683453;-0,04215148188803513;0,03582089552238806;0,08233618233618235;3;1
2017-12-19;15;2017-12-19 15:00:00;70,32;62,17;8,149999999999991;41925;286;55605;4558;4752;298;5050;4844;194;12;206;0,040792079207920794;0,040824915824915826;0,040268456375838924;0,11589874857792935;3;1
2017-12-19;16;2017-12-19 16:00:00;75,82;71,07;4,75;41925;6;55605;4420;4842;17;4859;4426;422;11;433;0,08911298621115456;0,08715406856670797;0,6470588235294118;0,06264837773674493;3;1
2017-12-19;17;2017-12-19 17:00:00;78,28;72,07;6,210000000000008;41925;0;55605;4336;4804;0;4804;4336;468;0;468;0,0974188176519567;0,0974188176519567;;0,07933060807358211;3;1
2017-12-19;18;2017-12-19 18:00:00;75,16;71,27;3,890000000000001;41925;0;55605;4256;4735;0;4735;4256;479;0;479;0,10116156282998943;0,10116156282998943;;0,05175625332623738;3;1
2017-12-19;19;2017-12-19 19:00:00;75,06;72,77;2,2900000000000063;41925;0;55605;3901;4727;0;4727;3901;826;0;826;0,17474085043367887;0,17474085043367887;;0,030508926192379514;3;1
2017-12-19;20;2017-12-19 20:00:00;66,29;66,3;-0,009999999999990905;41925;0;55605;3558;4650;0;4650;3558;1092;0;1092;0,23483870967741935;0,23483870967741935;;-0,000150852315582907;3;1
2017-12-19;21;2017-12-19 21:00:00;52,01;54,75;-2,740000000000002;41925;0;55605;3623;4541;0;4541;3623;918;0;918;0,2021581149526536;0,2021581149526536;;-0,0526821765045184;3;1
2017-12-19;22;2017-12-19 22:00:00;48,86;50,61;-1,75;41925;0;55605;3424;4383;0;4383;3424;959;0;959;0,2187999087383071;0,2187999087383071;;-0,03581661891117478;3;1
2017-12-19;23;2017-12-19 23:00:00;41,18;43,38;-2,200000000000003;41925;0;55605;2916;4131;0;4131;2916;1215;0;1215;0,29411764705882354;0,29411764705882354;;-0,05342399222923756;3;1
2017-12-20;0;2017-12-20 00:00:00;44,47;48,42;-3,950000000000003;41932;0;55669;2425;2963;0;2963;2425;538;0;538;0,18157273034087074;0,18157273034087074;;-0,08882392624241069;3;2
2017-12-20;1;2017-12-20 01:00:00;40,1;42,37;-2,269999999999996;41932;0;55669;1906;2661;0;2661;1906;755;0;755;0,28372792183389706;0,28372792183389706;;-0,05660847880299242;3;2
2017-12-20;2;2017-12-20 02:00:00;37,83;38,73;-0,8999999999999986;41932;0;55669;1556;2439;0;2439;1556;883;0;883;0,36203362033620334;0,36203362033620334;;-0,023790642347343342;3;2
2017-12-20;3;2017-12-20 03:00:00;37,27;41,33;-4,059999999999995;41932;0;55669;1402;2283;0;2283;1402;881;0;881;0,38589575120455544;0,38589575120455544;;-0,10893480010732479;3;2
2017-12-20;4;2017-12-20 04:00:00;40,85;42,14;-1,2899999999999991;41932;0;55669;1453;2164;0;2164;1453;711;0;711;0,3285582255083179;0,3285582255083179;;-0,03157894736842103;3;2
2017-12-20;5;2017-12-20 05:00:00;45,79;45,76;0,030000000000001137;41932;0;55669;1570;1995;0;1995;1570;425;0;425;0,21303258145363407;0,21303258145363407;;0,0006551648831622873;3;2
2017-12-20;6;2017-12-20 06:00:00;57,35;51,01;6,3400000000000025;41932;0;55669;1589;1811;0;1811;1589;222;0;222;0,12258420762009939;0,12258420762009939;;0,11054925893635575;3;2
2017-12-20;7;2017-12-20 07:00:00;75,98;72,11;3,870000000000005;41932;0;55669;1331;1721;0;1721;1331;390;0;390;0,22661243463102848;0,22661243463102848;;0,050934456435904246;3;2
2017-12-20;8;2017-12-20 08:00:00;76,7;68,92;7,780000000000001;41932;56;55669;1398;1739;89;1828;1454;341;33;374;0,20459518599562362;0,1960897067280046;0,3707865168539326;0,10143415906127771;3;2
2017-12-20;9;2017-12-20 09:00:00;76,69;67,15;9,539999999999992;41932;526;55669;1408;1854;571;2425;1934;446;45;491;0,20247422680412372;0,2405609492988134;0,07880910683012259;0,12439692267570729;3;2
2017-12-20;10;2017-12-20 10:00:00;76,61;64,5;12,11;41932;1283;55669;1572;1976;1200;3176;2855;404;-83;321;0,10107052896725441;0,20445344129554655;-0,06916666666666667;0,15807335856937735;3;2
2017-12-20;11;2017-12-20 11:00:00;76,56;63,27;13,29;41932;1892;55669;1873;2166;1660;3826;3765;293;-232;61;0,01594354417145844;0,1352723915050785;-0,13975903614457832;0,17358934169278994;3;2
2017-12-20;12;2017-12-20 12:00:00;76,35;61,43;14,919999999999995;41932;2005;55669;2081;2456;1809;4265;4086;375;-196;179;0,04196951934349355;0,15268729641693812;-0,10834715312327253;0,19541584806810736;3;2
2017-12-20;13;2017-12-20 13:00:00;76,03;60,5;15,53;41932;1703;55669;2593;2793;1585;4378;4296;200;-118;82;0,018730013704888075;0,07160759040458288;-0,07444794952681388;0,20426147573326317;3;2
2017-12-20;14;2017-12-20 14:00:00;74,89;60,89;14,0;41932;1041;55669;3229;3075;1008;4083;4270;-154;-33;-187;-0,04579965711486652;-0,05008130081300813;-0,03273809523809524;0,18694084657497664;3;2
2017-12-20;15;2017-12-20 15:00:00;72,05;60,33;11,72;41932;289;55669;3763;3462;320;3782;4052;-301;31;-270;-0,07139079851930195;-0,08694396302715193;0,096875;0,1626648160999306;3;2
2017-12-20;16;2017-12-20 16:00:00;76,06;64,28;11,78;41932;4;55669;4332;3944;14;3958;4336;-388;10;-378;-0,09550277918140475;-0,09837728194726167;0,7142857142857143;0,15487772810938732;3;2
2017-12-20;17;2017-12-20 17:00:00;79,3;67,4;11,899999999999993;41932;0;55669;4931;4493;0;4493;4931;-438;0;-438;-0,09748497663031382;-0,09748497663031382;;0,1500630517023959;3;2
2017-12-20;18;2017-12-20 18:00:00;77,26;60,43;16,830000000000005;41932;0;55669;5684;5033;0;5033;5684;-651;0;-651;-0,12934631432545202;-0,12934631432545202;;0,21783587885063427;3;2
2017-12-20;19;2017-12-20 19:00:00;75,96;57,75;18,209999999999994;41932;0;55669;6197;5612;0;5612;6197;-585;0;-585;-0,10424091233071989;-0,10424091233071989;;0,2397314375987361;3;2
2017-12-20;20;2017-12-20 20:00:00;64,16;51,79;12,369999999999996;41932;0;55669;6838;6217;0;6217;6838;-621;0;-621;-0,09988740550104552;-0,09988740550104552;;0,19279925187032412;3;2
2017-12-20;21;2017-12-20 21:00:00;46,03;41,41;4,6200000000000045;41932;0;55669;7642;6868;0;6868;7642;-774;0;-774;-0,11269656377402446;-0,11269656377402446;;0,10036932435368248;3;2
2017-12-20;22;2017-12-20 22:00:00;42,01;42,13;-0,12000000000000455;41932;0;55669;8379;7456;0;7456;8379;-923;0;-923;-0,12379291845493562;-0,12379291845493562;;-0,0028564627469651166;3;2
2017-12-20;23;2017-12-20 23:00:00;37,63;39,81;-2,18;41932;0;55669;8845;7955;0;7955;8845;-890;0;-890;-0,11187932118164676;-0,11187932118164676;;-0,05793250066436354;3;2
2017-12-21;0;2017-12-21 00:00:00;33,09;36,02;-2,93;41935;0;55704;9308;9894;0;9894;9308;586;0;586;0,059227814837275114;0,059227814837275114;;-0,08854638863705046;3;3
2017-12-21;1;2017-12-21 01:00:00;35,26;34,91;0,3500000000000014;41935;0;55704;10096;10381;0;10381;10096;285;0;285;0,027454002504575668;0,027454002504575668;;0,009926262053318249;3;3
2017-12-21;2;2017-12-21 02:00:00;31,88;31,33;0,5500000000000007;41935;0;55704;10918;10610;0;10610;10918;-308;0;-308;-0,029029217719132895;-0,029029217719132895;;0,017252195734002534;3;3
2017-12-21;3;2017-12-21 03:00:00;33,04;29,76;3,2799999999999976;41935;0;55704;10857;10776;0;10776;10857;-81;0;-81;-0,007516703786191537;-0,007516703786191537;;0,09927360774818395;3;3
2017-12-21;4;2017-12-21 04:00:00;33,6;32,27;1,3299999999999983;41935;0;55704;10785;10947;0;10947;10785;162;0;162;0,014798574952041656;0,014798574952041656;;0,03958333333333328;3;3
2017-12-21;5;2017-12-21 05:00:00;35,05;30,64;4,409999999999997;41935;0;55704;11082;11092;0;11092;11082;10;0;10;0,0009015506671474937;0,0009015506671474937;;0,12582025677603415;3;3
2017-12-21;6;2017-12-21 06:00:00;35,19;31,45;3,7399999999999984;41935;0;55704;10945;11117;0;11117;10945;172;0;172;0,015471799946028604;0,015471799946028604;;0,10628019323671493;3;3
2017-12-21;7;2017-12-21 07:00:00;45,94;42,63;3,309999999999995;41935;0;55704;10671;11063;0;11063;10671;392;0;392;0,03543342673777456;0,03543342673777456;;0,07205050065302558;3;3
2017-12-21;8;2017-12-21 08:00:00;49,9;46,23;3,6700000000000017;41935;42;55704;10832;11004;52;11056;10874;172;10;182;0,0164616497829233;0,015630679752817157;0,19230769230769232;0,0735470941883768;3;3
2017-12-21;9;2017-12-21 09:00:00;50,0;45,76;4,240000000000002;41935;409;55704;11075;11018;410;11428;11484;-57;1;-56;-0,004900245012250612;-0,005173352695589036;0,0024390243902439024;0,08480000000000004;3;3
2017-12-21;10;2017-12-21 10:00:00;51,03;45,59;5,439999999999998;41935;1037;55704;11277;11044;938;11982;12314;-233;-99;-332;-0,02770822901018194;-0,021097428467946395;-0,10554371002132196;0,10660395845581026;3;3
2017-12-21;11;2017-12-21 11:00:00;54,48;44,94;9,54;41935;1644;55704;11562;11141;1313;12454;13206;-421;-331;-752;-0,06038220651999358;-0,03778834934027466;-0,2520944402132521;0,1751101321585903;3;3
2017-12-21;12;2017-12-21 12:00:00;55,96;43,39;12,57;41935;1842;55704;11501;11248;1402;12650;13343;-253;-440;-693;-0,05478260869565217;-0,022492887624466572;-0,31383737517831667;0,22462473195139385;3;3
2017-12-21;13;2017-12-21 13:00:00;49,99;42,29;7,700000000000002;41935;1406;55704;11207;11200;1184;12384;12613;-7;-222;-229;-0,018491602067183463;-0,000625;-0,1875;0,15403080616123227;3;3
2017-12-21;14;2017-12-21 14:00:00;46,15;40,67;5,479999999999998;41935;749;55704;11047;10899;712;11611;11796;-148;-37;-185;-0,015933166824562913;-0,013579227452059821;-0,05196629213483146;0,11874322860238348;3;3
2017-12-21;15;2017-12-21 15:00:00;46,86;40,53;6,329999999999997;41935;183;55704;10467;10586;201;10787;10650;119;18;137;0,012700472791322888;0,011241262044209333;0,08955223880597014;0,13508322663252234;3;3
2017-12-21;16;2017-12-21 16:00:00;51,93;43,42;8,509999999999998;41935;1;55704;10319;10313;9;10322;10320;-6;8;2;0,00019376089905057158;-0,0005817899738194512;0,8888888888888888;0,16387444637011359;3;3
2017-12-21;17;2017-12-21 17:00:00;50,95;45,71;5,240000000000002;41935;0;55704;10737;10094;0;10094;10737;-643;0;-643;-0,06370120863879532;-0,06370120863879532;;0,10284592737978414;3;3
2017-12-21;18;2017-12-21 18:00:00;51,03;44,76;6,270000000000002;41935;0;55704;10794;10022;0;10022;10794;-772;0;-772;-0,07703053282777889;-0,07703053282777889;;0,12286890064667846;3;3
2017-12-21;19;2017-12-21 19:00:00;46,02;40,63;5,3900000000000015;41935;0;55704;10647;10013;0;10013;10647;-634;0;-634;-0,06331768700689104;-0,06331768700689104;;0,11712299000434596;3;3
2017-12-21;20;2017-12-21 20:00:00;35,83;37,75;-1,9200000000000017;41935;0;55704;10340;10099;0;10099;10340;-241;0;-241;-0,02386374888602832;-0,02386374888602832;;-0,053586380128384084;3;3
2017-12-21;21;2017-12-21 21:00:00;36,26;37,2;-0,9400000000000048;41935;0;55704;10301;10321;0;10321;10301;20;0;20;0,0019377967251235344;0,0019377967251235344;;-0,025923883066740344;3;3
2017-12-21;22;2017-12-21 22:00:00;38,72;36,66;2,0600000000000023;41935;0;55704;10280;10602;0;10602;10280;322;0;322;0,030371627994717976;0,030371627994717976;;0,053202479338843034;3;3
2017-12-21;23;2017-12-21 23:00:00;34,84;32,72;2,1200000000000045;41935;0;55704;10483;10854;0;10854;10483;371;0;371;0,034180947116270496;0,034180947116270496;;0,06084959816303112;3;3
2017-12-22;0;2017-12-22 00:00:00;27,76;28,74;-0,9799999999999968;41941;0;55736;10816;10921;0;10921;10816;105;0;105;0,00961450416628514;0,00961450416628514;;-0,03530259365994225;3;4
2017-12-22;1;2017-12-22 01:00:00;26,45;25,29;1,16;41941;0;55736;10335;11132;0;11132;10335;797;0;797;0,07159540064678405;0,07159540064678405;;0,04385633270321361;3;4
2017-12-22;2;2017-12-22 02:00:00;26,2;27,41;-1,2100000000000009;41941;0;55736;10030;10958;0;10958;10030;928;0;928;0,0846869866764008;0,0846869866764008;;-0,04618320610687026;3;4
2017-12-22;3;2017-12-22 03:00:00;26,36;26,6;-0,24000000000000196;41941;0;55736;9855;10504;0;10504;9855;649;0;649;0,06178598629093678;0,06178598629093678;;-0,009104704097116919;3;4
2017-12-22;4;2017-12-22 04:00:00;27,59;20,9;6,690000000000001;41941;0;55736;9666;9913;0;9913;9666;247;0;247;0,024916775950771713;0,024916775950771713;;0,24247915911562165;3;4
2017-12-22;5;2017-12-22 05:00:00;31,93;27,29;4,6400000000000015;41941;0;55736;9062;9199;0;9199;9062;137;0;137;0,01489292314381998;0,01489292314381998;;0,1453178828687755;3;4
2017-12-22;6;2017-12-22 06:00:00;38,61;35,29;3,3200000000000003;41941;0;55736;8120;8482;0;8482;8120;362;0;362;0,04267861353454374;0,04267861353454374;;0,085988085988086;3;4
2017-12-22;7;2017-12-22 07:00:00;47,52;48,99;-1,4699999999999989;41941;0;55736;7482;7944;0;7944;7482;462;0;462;0,0581570996978852;0,0581570996978852;;-0,030934343434343408;3;4
2017-12-22;8;2017-12-22 08:00:00;48,0;49,36;-1,3599999999999994;41941;63;55736;7265;7591;73;7664;7328;326;10;336;0,04384133611691023;0,042945593465946515;0,136986301369863;-0,02833333333333332;3;4
2017-12-22;9;2017-12-22 09:00:00;50,0;51,19;-1,1899999999999975;41941;632;55736;7240;7546;559;8105;7872;306;-73;233;0,028747686613201727;0,040551285449244634;-0,13059033989266547;-0,02379999999999995;3;4
2017-12-22;10;2017-12-22 10:00:00;48,99;49,93;-0,9399999999999976;41941;1392;55736;6963;7720;1286;9006;8355;757;-106;651;0,07228514323784144;0,09805699481865285;-0,08242612752721618;-0,01918758930393953;3;4
2017-12-22;11;2017-12-22 11:00:00;46,55;47,32;-0,7700000000000031;41941;2020;55736;7211;8147;1822;9969;9231;936;-198;738;0,07402949142341259;0,11488891616545968;-0,10867178924259056;-0,016541353383458714;3;4
2017-12-22;12;2017-12-22 12:00:00;47,86;44,1;3,759999999999998;41941;2232;55736;7676;8773;2004;10777;9908;1097;-228;869;0,0806346849772664;0,12504274478513622;-0,11377245508982035;0,07856247388215624;3;4
2017-12-22;13;2017-12-22 13:00:00;46,96;40,41;6,550000000000003;41941;2008;55736;7857;9445;1782;11227;9865;1588;-226;1362;0,12131468780618153;0,16813128639491795;-0,12682379349046016;0,13948040885860313;3;4
2017-12-22;14;2017-12-22 14:00:00;39,0;37,42;1,5799999999999983;41941;1326;55736;8237;9904;1149;11053;9563;1667;-177;1490;0,1348050303085135;0,16831583198707592;-0,15404699738903394;0,04051282051282047;3;4
2017-12-22;15;2017-12-22 15:00:00;39,37;38,29;1,0799999999999983;41941;388;55736;8861;10319;339;10658;9249;1458;-49;1409;0,1322011634452993;0,14129276092644635;-0,14454277286135694;0,027432054864109687;3;4
2017-12-22;16;2017-12-22 16:00:00;46,06;39,57;6,490000000000002;41941;4;55736;9141;10635;14;10649;9145;1494;10;1504;0,14123391867781013;0,14047954866008464;0,7142857142857143;0,14090316977854975;3;4
2017-12-22;17;2017-12-22 17:00:00;47,34;40,86;6,480000000000004;41941;0;55736;9766;10780;0;10780;9766;1014;0;1014;0,09406307977736549;0,09406307977736549;;0,13688212927756663;3;4
2017-12-22;18;2017-12-22 18:00:00;41,5;38,86;2,640000000000001;41941;0;55736;10081;10781;0;10781;10081;700;0;700;0,0649290418328541;0,0649290418328541;;0,06361445783132533;3;4
2017-12-22;19;2017-12-22 19:00:00;40,66;37,46;3,199999999999996;41941;0;55736;10097;10654;0;10654;10097;557;0;557;0,0522808334897691;0,0522808334897691;;0,07870142646335455;3;4
2017-12-22;20;2017-12-22 20:00:00;42,91;37,97;4,939999999999999;41941;0;55736;10641;10528;0;10528;10641;-113;0;-113;-0,010733282674772037;-0,010733282674772037;;0,11512467956187367;3;4
2017-12-22;21;2017-12-22 21:00:00;42,06;32,42;9,64;41941;0;55736;11593;10558;0;10558;11593;-1035;0;-1035;-0,09802992991096798;-0,09802992991096798;;0,2291963861150737;3;4
2017-12-22;22;2017-12-22 22:00:00;37,4;30,37;7,029999999999998;41941;0;55736;12730;10871;0;10871;12730;-1859;0;-1859;-0,17100542728359858;-0,17100542728359858;;0,1879679144385026;3;4
2017-12-22;23;2017-12-22 23:00:00;30,62;20,97;9,650000000000002;41941;0;55736;13884;11594;0;11594;13884;-2290;0;-2290;-0,19751595652923926;-0,19751595652923926;;0,3151534944480732;3;4
2017-12-23;0;2017-12-23 00:00:00;26,33;11,71;14,619999999999996;41942;0;55736;14980;14739;0;14739;14980;-241;0;-241;-0,016351177149060318;-0,016351177149060318;;0,5552601595138624;3;5
2017-12-23;1;2017-12-23 01:00:00;17,72;9,74;7,979999999999999;41942;0;55736;16342;15941;0;15941;16342;-401;0;-401;-0,02515526002132865;-0,02515526002132865;;0,45033860045146723;3;5
2017-12-23;2;2017-12-23 02:00:00;11,8;6,9;4,9;41942;0;55736;18333;17300;0;17300;18333;-1033;0;-1033;-0,059710982658959535;-0,059710982658959535;;0,4152542372881356;3;5
2017-12-23;3;2017-12-23 03:00:00;11,3;3,75;7,550000000000002;41942;0;55736;20679;18755;0;18755;20679;-1924;0;-1924;-0,1025859770727806;-0,1025859770727806;;0,6681415929203541;3;5
2017-12-23;4;2017-12-23 04:00:00;12,4;-1,74;14,14;41942;0;55736;22786;20361;0;20361;22786;-2425;0;-2425;-0,11910024065615638;-0,11910024065615638;;1,1403225806451613;3;5
2017-12-23;5;2017-12-23 05:00:00;8,4;-4,77;13,17;41942;0;55736;25109;21889;0;21889;25109;-3220;0;-3220;-0,14710585225455708;-0,14710585225455708;;1,5678571428571428;3;5
2017-12-23;6;2017-12-23 06:00:00;9,71;-17,38;27,09;41942;0;55736;27126;23473;0;23473;27126;-3653;0;-3653;-0,15562561240574277;-0,15562561240574277;;2,7899073120494333;3;5
2017-12-23;7;2017-12-23 07:00:00;10,71;-9,5;20,21;41942;0;55736;28505;24898;0;24898;28505;-3607;0;-3607;-0,14487107398184593;-0,14487107398184593;;1,8870214752567693;3;5
2017-12-23;8;2017-12-23 08:00:00;14,78;0,73;14,05;41942;60;55736;29748;26035;78;26113;29808;-3713;18;-3695;-0,1415004020985716;-0,14261570962166314;0,23076923076923078;0,9506089309878215;3;5
2017-12-23;9;2017-12-23 09:00:00;18,79;4,21;14,579999999999998;41942;556;55736;31043;27117;513;27630;31599;-3926;-43;-3969;-0,14364820846905538;-0,1447800272891544;-0,08382066276803118;0,7759446514103245;3;5
2017-12-23;10;2017-12-23 10:00:00;20,08;6,33;13,749999999999998;41942;1167;55736;32383;28205;1134;29339;33550;-4178;-33;-4211;-0,1435290909710624;-0,14812976422620103;-0,0291005291005291;0,6847609561752988;3;5
2017-12-23;11;2017-12-23 11:00:00;14,74;6,19;8,55;41942;1722;55736;33766;29222;1611;30833;35488;-4544;-111;-4655;-0,15097460513086627;-0,15549928136335636;-0,06890130353817504;0,5800542740841249;3;5
2017-12-23;12;2017-12-23 12:00:00;14,77;5,14;9,63;41942;1979;55736;34353;30192;1776;31968;36332;-4161;-203;-4364;-0,1365115115115115;-0,13781796502384738;-0,1143018018018018;0,6519972918077184;3;5
2017-12-23;13;2017-12-23 13:00:00;10,87;2,41;8,459999999999999;41942;1654;55736;34897;30938;1565;32503;36551;-3959;-89;-4048;-0,12454234993692889;-0,1279656086366281;-0,05686900958466454;0,7782888684452621;3;5
2017-12-23;14;2017-12-23 14:00:00;5,65;2,78;2,870000000000001;41942;986;55736;35383;31375;1015;32390;36369;-4008;29;-3979;-0,12284655757949985;-0,12774501992031873;0,02857142857142857;0,5079646017699117;3;5
2017-12-23;15;2017-12-23 15:00:00;10,04;7,06;2,9799999999999995;41942;320;55736;35813;31699;362;32061;36133;-4114;42;-4072;-0,12700789120738593;-0,12978327392031294;0,11602209944751381;0,296812749003984;3;5
2017-12-23;16;2017-12-23 16:00:00;12,91;11,77;1,1400000000000006;41942;6;55736;35957;32033;19;32052;35963;-3924;13;-3911;-0,12202046674154499;-0,12249867324321793;0,6842105263157895;0,08830364058869097;3;5
2017-12-23;17;2017-12-23 17:00:00;22,01;16,28;5,73;41942;0;55736;35944;32453;0;32453;35944;-3491;0;-3491;-0,10757094875666348;-0,10757094875666348;;0,2603362108132667;3;5
2017-12-23;18;2017-12-23 18:00:00;18,08;15,41;2,6699999999999977;41942;0;55736;36057;32877;0;32877;36057;-3180;0;-3180;-0,09672415366365544;-0,09672415366365544;;0,14767699115044236;3;5
2017-12-23;19;2017-12-23 19:00:00;10,84;8,72;2,119999999999999;41942;0;55736;36555;33216;0;33216;36555;-3339;0;-3339;-0,10052384393063583;-0,10052384393063583;;0,19557195571955713;3;5
2017-12-23;20;2017-12-23 20:00:00;0,4;0,99;-0,59;41942;0;55736;36598;33357;0;33357;36598;-3241;0;-3241;-0,097161015678868;-0,097161015678868;;-1,4749999999999999;3;5
2017-12-23;21;2017-12-23 21:00:00;-0,03;1,88;-1,91;41942;0;55736;36364;33451;0;33451;36364;-2913;0;-2913;-0,08708259842755074;-0,08708259842755074;;63,666666666666664;3;5
2017-12-23;22;2017-12-23 22:00:00;-0,09;2,84;-2,93;41942;0;55736;35296;33418;0;33418;35296;-1878;0;-1878;-0,05619725896223592;-0,05619725896223592;;32,55555555555556;3;5
2017-12-23;23;2017-12-23 23:00:00;-12,12;-2,19;-9,93;41942;0;55736;34852;33324;0;33324;34852;-1528;0;-1528;-0,045852838794862565;-0,045852838794862565;;0,8193069306930694;3;5
2017-12-24;0;2017-12-24 00:00:00;-40,84;-31,17;-9,670000000000002;41942;0;55736;34185;34106;0;34106;34185;-79;0;-79;-0,0023163079810004103;-0,0023163079810004103;;0,23677766895200786;3;6
2017-12-24;1;2017-12-24 01:00:00;-43,18;-44,17;0,9900000000000021;41942;0;55736;34233;33731;0;33731;34233;-502;0;-502;-0,014882452343541549;-0,014882452343541549;;-0,022927281148679993;3;6
2017-12-24;2;2017-12-24 02:00:00;-55,99;-56,26;0,269999999999996;41942;0;55736;32836;33393;0;33393;32836;557;0;557;0,016680142544844727;0,016680142544844727;;-0,0048222896945882485;3;6
2017-12-24;3;2017-12-24 03:00:00;-49,99;-63,37;13,379999999999995;41942;0;55736;32017;32836;0;32836;32017;819;0;819;0,024942136679254476;0,024942136679254476;;-0,2676535307061411;3;6
2017-12-24;4;2017-12-24 04:00:00;-40,14;-61,86;21,72;41942;0;55736;32160;32203;0;32203;32160;43;0;43;0,0013352793218023165;0,0013352793218023165;;-0,5411061285500747;3;6
2017-12-24;5;2017-12-24 05:00:00;-36,05;-53,67;17,620000000000005;41942;0;55736;32360;31566;0;31566;32360;-794;0;-794;-0,025153646328327946;-0,025153646328327946;;-0,4887656033287103;3;6
2017-12-24;6;2017-12-24 06:00:00;-42,93;-53,63;10,700000000000003;41942;0;55736;32266;30960;0;30960;32266;-1306;0;-1306;-0,042183462532299744;-0,042183462532299744;;-0,24924295364546944;3;6
2017-12-24;7;2017-12-24 07:00:00;-9,94;-37,91;27,97;41942;0;55736;32849;30621;0;30621;32849;-2228;0;-2228;-0,0727605238235198;-0,0727605238235198;;-2,8138832997987926;3;6
2017-12-24;8;2017-12-24 08:00:00;2,13;-23,7;25,83;41942;74;55736;34816;30545;90;30635;34890;-4271;16;-4255;-0,13889342255590012;-0,13982648551317728;0,17777777777777778;12,126760563380282;3;6
2017-12-24;9;2017-12-24 09:00:00;5,07;-12,42;17,490000000000002;41942;555;55736;35461;30614;588;31202;36016;-4847;33;-4814;-0,15428498173194027;-0,15832625596132488;0,05612244897959184;3,4497041420118344;3;6
2017-12-24;10;2017-12-24 10:00:00;5,03;-6,39;11,42;41942;1336;55736;35632;31012;1261;32273;36968;-4620;-75;-4695;-0,14547764385089704;-0,1489745904811041;-0,05947660586835844;2,2703777335984094;3;6
2017-12-24;11;2017-12-24 11:00:00;6,82;-5,44;12,260000000000002;41942;1963;55736;36044;31732;1749;33481;38007;-4312;-214;-4526;-0,1351811475165019;-0,13588806252363544;-0,12235563178959405;1,7976539589442817;3;6
2017-12-24;12;2017-12-24 12:00:00;2,17;-7,05;9,22;41942;2158;55736;36101;32391;1905;34296;38259;-3710;-253;-3963;-0,11555283414975508;-0,11453798894754716;-0,13280839895013125;4,248847926267281;3;6
2017-12-24;13;2017-12-24 13:00:00;2,93;-7,38;10,31;41942;2006;55736;35638;32745;1689;34434;37644;-2893;-317;-3210;-0,09322181564732532;-0,08834936631546801;-0,1876850207223209;3,5187713310580206;3;6
2017-12-24;14;2017-12-24 14:00:00;0,1;-1,53;1,63;41942;1363;55736;35207;32713;1135;33848;36570;-2494;-228;-2722;-0,08041834081777358;-0,07623880414514107;-0,20088105726872246;16,299999999999997;3;6
2017-12-24;15;2017-12-24 15:00:00;1,09;1,42;-0,32999999999999985;41942;482;55736;34866;32493;428;32921;35348;-2373;-54;-2427;-0,07372194040278242;-0,07303111439386945;-0,1261682242990654;-0,3027522935779815;3;6
2017-12-24;16;2017-12-24 16:00:00;6,75;3,84;2,91;41942;12;55736;34576;32263;27;32290;34588;-2313;15;-2298;-0,07116754413131;-0,07169203111923876;0,5555555555555556;0,4311111111111111;3;6
2017-12-24;17;2017-12-24 17:00:00;11,08;8,41;2,67;41942;0;55736;34159;32114;0;32114;34159;-2045;0;-2045;-0,06367939216541073;-0,06367939216541073;;0,24097472924187724;3;6
2017-12-24;18;2017-12-24 18:00:00;2,85;1,7;1,15;41942;0;55736;34348;32046;0;32046;34348;-2302;0;-2302;-0,07183423828246895;-0,07183423828246895;;0,40350877192982454;3;6
2017-12-24;19;2017-12-24 19:00:00;1,8;1,62;0,17999999999999994;41942;0;55736;34446;31931;0;31931;34446;-2515;0;-2515;-0,07876358397795245;-0,07876358397795245;;0,09999999999999996;3;6
2017-12-24;20;2017-12-24 20:00:00;-4,94;-18,61;13,669999999999998;41942;0;55736;33593;31609;0;31609;33593;-1984;0;-1984;-0,06276693346831598;-0,06276693346831598;;-2,7672064777327927;3;6
2017-12-24;21;2017-12-24 21:00:00;-6,74;-28,47;21,73;41942;0;55736;33542;31081;0;31081;33542;-2461;0;-2461;-0,07918020655706058;-0,07918020655706058;;-3,2240356083086055;3;6
2017-12-24;22;2017-12-24 22:00:00;0,08;-24,2;24,28;41942;0;55736;32766;30424;0;30424;32766;-2342;0;-2342;-0,07697870102550618;-0,07697870102550618;;303,5;3;6
2017-12-24;23;2017-12-24 23:00:00;0,06;-22,69;22,75;41942;0;55736;31931;29706;0;29706;31931;-2225;0;-2225;-0,07490069346260014;-0,07490069346260014;;379,1666666666667;3;6
2017-12-25;0;2017-12-25 00:00:00;-4,98;-7,31;2,329999999999999;41942;0;55736;30575;29666;0;29666;30575;-909;0;-909;-0,030641138003101195;-0,030641138003101195;;-0,4678714859437749;3;0
2017-12-25;1;2017-12-25 01:00:00;-32,58;-10,19;-22,39;41942;0;55736;29603;28751;0;28751;29603;-852;0;-852;-0,02963375186950019;-0,02963375186950019;;0,687231430325353;3;0
2017-12-25;2;2017-12-25 02:00:00;-19,79;-7,51;-12,28;41942;0;55736;28385;28197;0;28197;28385;-188;0;-188;-0,006667375961981771;-0,006667375961981771;;0,6205154118241536;3;0
2017-12-25;3;2017-12-25 03:00:00;-11,9;-4,36;-7,54;41942;0;55736;27445;27675;0;27675;27445;230;0;230;0,008310749774164409;0,008310749774164409;;0,6336134453781512;3;0
2017-12-25;4;2017-12-25 04:00:00;-4,96;-0,34;-4,62;41942;0;55736;27132;27208;0;27208;27132;76;0;76;0,002793296089385475;0,002793296089385475;;0,9314516129032259;3;0
2017-12-25;5;2017-12-25 05:00:00;-4,83;-0,25;-4,58;41942;0;55736;26604;26656;0;26656;26604;52;0;52;0,0019507803121248499;0,0019507803121248499;;0,94824016563147;3;0
2017-12-25;6;2017-12-25 06:00:00;-61,41;-24,43;-36,98;41942;0;55736;26195;26110;0;26110;26195;-85;0;-85;-0,0032554576790501722;-0,0032554576790501722;;0,6021820550398957;3;0
2017-12-25;7;2017-12-25 07:00:00;-4,97;4,66;-9,63;41942;0;55736;26451;25717;0;25717;26451;-734;0;-734;-0,028541431737761015;-0,028541431737761015;;1,9376257545271631;3;0
2017-12-25;8;2017-12-25 08:00:00;0,07;8,56;-8,49;41942;91;55736;26820;25360;166;25526;26911;-1460;75;-1385;-0,05425840319674058;-0,057570977917981075;0,45180722891566266;-121,28571428571428;3;0
2017-12-25;9;2017-12-25 09:00:00;9,94;16,77;-6,83;41942;707;55736;26339;25072;1082;26154;27046;-1267;375;-892;-0,034105681731283935;-0,05053446075303127;0,3465804066543438;-0,6871227364185111;3;0
2017-12-25;10;2017-12-25 10:00:00;19,9;19,76;0,13999999999999702;41942;1842;55736;26184;24765;2356;27121;28026;-1419;514;-905;-0,0333689760702039;-0,05729860690490612;0,21816638370118846;0,007035175879396835;3;0
2017-12-25;11;2017-12-25 11:00:00;22,01;22,65;-0,6399999999999971;41942;2807;55736;25742;24409;3401;27810;28549;-1333;594;-739;-0,026573175116864436;-0,05461100413781802;0,1746545133784181;-0,029077691958200685;3;0
2017-12-25;12;2017-12-25 12:00:00;18,35;20,19;-1,84;41942;3378;55736;25224;23884;3887;27771;28602;-1340;509;-831;-0,029923301285513664;-0,056104505108022104;0,13094931824028813;-0,1002724795640327;3;0
2017-12-25;13;2017-12-25 13:00:00;15,99;13,02;2,9700000000000006;41942;3392;55736;24174;23123;3617;26740;27566;-1051;225;-826;-0,030890052356020943;-0,04545257968256714;0,06220624827204866;0,18574108818011262;3;0
2017-12-25;14;2017-12-25 14:00:00;12,97;11,44;1,5300000000000011;41942;2554;55736;22899;22139;2590;24729;25453;-760;36;-724;-0,02927736665453516;-0,03432856045891865;0,013899613899613899;0,11796453353893609;3;0
2017-12-25;15;2017-12-25 15:00:00;17,97;14,5;3,469999999999999;41942;969;55736;21926;21112;1041;22153;22895;-814;72;-742;-0,033494334853067305;-0,038556271314892004;0,069164265129683;0,19309961046188087;3;0
2017-12-25;16;2017-12-25 16:00:00;17,99;16,09;1,8999999999999984;41942;25;55736;20988;20532;52;20584;21013;-456;27;-429;-0,02084143023707734;-0,022209234365867914;0,5192307692307693;0,10561423012784872;3;0
2017-12-25;17;2017-12-25 17:00:00;26,45;25,64;0,8099999999999987;41942;0;55736;20680;20524;0;20524;20680;-156;0;-156;-0,007600857532644709;-0,007600857532644709;;0,030623818525519802;3;0
2017-12-25;18;2017-12-25 18:00:00;27,41;27,08;0,33000000000000185;41942;0;55736;21086;20712;0;20712;21086;-374;0;-374;-0,01805716492854384;-0,01805716492854384;;0,012039401678219696;3;0
2017-12-25;19;2017-12-25 19:00:00;27,59;27,68;-0,08999999999999986;41942;0;55736;21240;20911;0;20911;21240;-329;0;-329;-0,015733346085792167;-0,015733346085792167;;-0,0032620514679231553;3;0
2017-12-25;20;2017-12-25 20:00:00;25,64;27,11;-1,4699999999999989;41942;0;55736;21711;21108;0;21108;21711;-603;0;-603;-0,02856736782262649;-0,02856736782262649;;-0,057332293291731624;3;0
2017-12-25;21;2017-12-25 21:00:00;22,09;24,22;-2,129999999999999;41942;0;55736;22586;21336;0;21336;22586;-1250;0;-1250;-0,05858642669666292;-0,05858642669666292;;-0,09642372114078764;3;0
2017-12-25;22;2017-12-25 22:00:00;22,17;23,32;-1,1499999999999986;41942;0;55736;22028;21522;0;21522;22028;-506;0;-506;-0,023510826131400427;-0,023510826131400427;;-0,05187189896256195;3;0
2017-12-25;23;2017-12-25 23:00:00;22,0;21,81;0,19000000000000128;41942;0;55736;22730;21748;0;21748;22730;-982;0;-982;-0,045153577340445096;-0,045153577340445096;;0,008636363636363694;3;0
2017-12-26;0;2017-12-26 00:00:00;5,06;18,36;-13,3;41942;0;55739;23638;23376;0;23376;23638;-262;0;-262;-0,01120807665982204;-0,01120807665982204;;-2,628458498023716;3;1
2017-12-26;1;2017-12-26 01:00:00;5,06;9,11;-4,05;41942;0;55739;24538;24130;0;24130;24538;-408;0;-408;-0,01690841276419395;-0,01690841276419395;;-0,8003952569169961;3;1
2017-12-26;2;2017-12-26 02:00:00;-1,44;5,09;-6,5299999999999985;41942;0;55739;25104;25447;0;25447;25104;343;0;343;0,013478995559397964;0,013478995559397964;;4,534722222222221;3;1
2017-12-26;3;2017-12-26 03:00:00;-6,94;9,17;-16,11;41942;0;55739;26546;26885;0;26885;26546;339;0;339;0,012609261670076252;0,012609261670076252;;2,3213256484149856;3;1
2017-12-26;4;2017-12-26 04:00:00;-9,65;6,48;-16,130000000000006;41942;0;55739;27623;28501;0;28501;27623;878;0;878;0,030805936633802322;0,030805936633802322;;1,6715025906735757;3;1
2017-12-26;5;2017-12-26 05:00:00;-9,89;7,77;-17,66;41942;0;55739;28746;30037;0;30037;28746;1291;0;1291;0,04298032426673769;0,04298032426673769;;1,7856420626895853;3;1
2017-12-26;6;2017-12-26 06:00:00;-11,88;7,06;-18,94;41942;0;55739;30768;31525;0;31525;30768;757;0;757;0,02401268834258525;0,02401268834258525;;1,5942760942760943;3;1
2017-12-26;7;2017-12-26 07:00:00;-3,24;11,98;-15,22;41942;0;55739;32525;33102;0;33102;32525;577;0;577;0,017430970938311884;0,017430970938311884;;4,697530864197531;3;1
2017-12-26;8;2017-12-26 08:00:00;-9,78;10,0;-19,78;41942;259;55739;33819;34365;395;34760;34078;546;136;682;0,019620253164556962;0,015888258402444348;0,34430379746835443;2,022494887525563;3;1
2017-12-26;9;2017-12-26 09:00:00;0,0;9,37;-9,37;41942;2244;55739;35037;35183;2604;37787;37281;146;360;506;0,01339084870458094;0,004149731404371429;0,1382488479262673;-inf;3;1
2017-12-26;10;2017-12-26 10:00:00;-24,33;3,75;-28,08;41942;4822;55739;35084;35769;5086;40855;39906;685;264;949;0,023228491004772978;0,01915066118706142;0,05190719622493118;1,154130702836005;3;1
2017-12-26;11;2017-12-26 11:00:00;-31,69;0,75;-32,44;41942;6502;55739;34997;36241;6531;42772;41499;1244;29;1273;0,029762461423361076;0,03432576363786871;0,004440361353544633;1,0236667718523191;3;1
2017-12-26;12;2017-12-26 12:00:00;-52,82;-3,76;-49,06;41942;7046;55739;34807;36453;6652;43105;41853;1646;-394;1252;0,02904535436724278;0,04515403396153952;-0,059230306674684305;0,9288148428625521;3;1
2017-12-26;13;2017-12-26 13:00:00;-53,42;-5,08;-48,34;41942;5734;55739;34642;35883;5561;41444;40376;1241;-173;1068;0,02576971334813242;0,0345846222445169;-0,031109512677575977;0,9049045301385249;3;1
2017-12-26;14;2017-12-26 14:00:00;-18,0;0,24;-18,24;41942;3254;55739;33944;34535;3597;38132;37198;591;343;934;0,024493863421797966;0,017113073693354568;0,09535724214623297;1,0133333333333332;3;1
2017-12-26;15;2017-12-26 15:00:00;-0,48;11,03;-11,51;41942;1033;55739;32749;32804;1222;34026;33782;55;189;244;0,007170986892376418;0,0016766248018534324;0,1546644844517185;23,979166666666668;3;1
2017-12-26;16;2017-12-26 16:00:00;5,49;15,42;-9,93;41942;29;55739;32578;31250;47;31297;32607;-1328;18;-1310;-0,04185704700131003;-0,042496;0,3829787234042553;-1,808743169398907;3;1
2017-12-26;17;2017-12-26 17:00:00;10,66;15,93;-5,27;41942;0;55739;31158;30244;0;30244;31158;-914;0;-914;-0,030220870255257243;-0,030220870255257243;;-0,4943714821763602;3;1
2017-12-26;18;2017-12-26 18:00:00;13,35;19,89;-6,540000000000001;41942;0;55739;30155;29310;0;29310;30155;-845;0;-845;-0,028829750938246333;-0,028829750938246333;;-0,4898876404494383;3;1
2017-12-26;19;2017-12-26 19:00:00;11,19;15,96;-4,770000000000001;41942;0;55739;29471;28295;0;28295;29471;-1176;0;-1176;-0,04156211344760558;-0,04156211344760558;;-0,42627345844504033;3;1
2017-12-26;20;2017-12-26 20:00:00;19,0;19,4;-0,3999999999999986;41942;0;55739;28084;27013;0;27013;28084;-1071;0;-1071;-0,039647577092511016;-0,039647577092511016;;-0,021052631578947295;3;1
2017-12-26;21;2017-12-26 21:00:00;18,06;12,52;5,539999999999999;41942;0;55739;26502;25609;0;25609;26502;-893;0;-893;-0,03487055332109805;-0,03487055332109805;;0,3067552602436323;3;1
2017-12-26;22;2017-12-26 22:00:00;22,02;16,59;5,43;41942;0;55739;24117;24137;0;24137;24117;20;0;20;0,0008286033889878609;0,0008286033889878609;;0,24659400544959129;3;1
2017-12-26;23;2017-12-26 23:00:00;13,46;13,97;-0,5099999999999998;41942;0;55739;22802;22648;0;22648;22802;-154;0;-154;-0,006799717414341222;-0,006799717414341222;;-0,037890044576523015;3;1
2017-12-27;0;2017-12-27 00:00:00;25,37;15,57;9,8;41943;0;55749;21657;20507;0;20507;21657;-1150;0;-1150;-0,05607841224947579;-0,05607841224947579;;0,38628301143082383;3;2
2017-12-27;1;2017-12-27 01:00:00;15,09;2,13;12,96;41943;0;55749;20750;19395;0;19395;20750;-1355;0;-1355;-0,06986336684712555;-0,06986336684712555;;0,8588469184890657;3;2
2017-12-27;2;2017-12-27 02:00:00;13,93;2,12;11,81;41943;0;55749;19458;19013;0;19013;19458;-445;0;-445;-0,02340503865776048;-0,02340503865776048;;0,8478104809763102;3;2
2017-12-27;3;2017-12-27 03:00:00;13,48;9,78;3,700000000000001;41943;0;55749;20008;19161;0;19161;20008;-847;0;-847;-0,04420437346693805;-0,04420437346693805;;0,2744807121661722;3;2
2017-12-27;4;2017-12-27 04:00:00;12,74;8,3;4,44;41943;0;55749;21128;19738;0;19738;21128;-1390;0;-1390;-0,07042253521126761;-0,07042253521126761;;0,34850863422291994;3;2
2017-12-27;5;2017-12-27 05:00:00;13,29;2,2;11,09;41943;0;55749;21838;20577;0;20577;21838;-1261;0;-1261;-0,061282013899013464;-0,061282013899013464;;0,8344620015048909;3;2
2017-12-27;6;2017-12-27 06:00:00;20,03;12,39;7,6400000000000015;41943;0;55749;23561;21482;0;21482;23561;-2079;0;-2079;-0,09677869844520995;-0,09677869844520995;;0,38142785821268105;3;2
2017-12-27;7;2017-12-27 07:00:00;28,62;26,04;2,5800000000000023;41943;0;55749;24658;22120;0;22120;24658;-2538;0;-2538;-0,11473779385171791;-0,11473779385171791;;0,09014675052410909;3;2
2017-12-27;8;2017-12-27 08:00:00;32,0;26,44;5,559999999999999;41943;106;55749;24441;22181;225;22406;24547;-2260;119;-2141;-0,09555476211729001;-0,10188900410261034;0,5288888888888889;0,17374999999999996;3;2
2017-12-27;9;2017-12-27 09:00:00;34,91;27,69;7,219999999999995;41943;1051;55749;23553;21663;1406;23069;24604;-1890;355;-1535;-0,06653951189908536;-0,08724553385957623;0,2524893314366999;0,20681753079346882;3;2
2017-12-27;10;2017-12-27 10:00:00;35,3;34,34;0,9599999999999936;41943;2526;55749;22301;20358;2767;23125;24827;-1943;241;-1702;-0,0736;-0,09544159544159544;0,08709794000722805;0,02719546742209614;3;2
2017-12-27;11;2017-12-27 11:00:00;42,46;37,37;5,090000000000003;41943;3518;55749;19927;18396;3545;21941;23445;-1531;27;-1504;-0,06854746821020008;-0,08322461404653185;0,007616361071932299;0,11987753179463032;3;2
2017-12-27;12;2017-12-27 12:00:00;46,11;39,97;6,1400000000000015;41943;4040;55749;16605;16254;3472;19726;20645;-351;-568;-919;-0,04658825915035993;-0,02159468438538206;-0,16359447004608296;0,13315983517675128;3;2
2017-12-27;13;2017-12-27 13:00:00;46,01;42,05;3,9600000000000013;41943;3131;55749;13561;14330;2802;17132;16692;769;-329;440;0,025682932523931824;0,05366364270760642;-0,11741613133476088;0,08606824603347102;3;2
2017-12-27;14;2017-12-27 14:00:00;46,4;44,8;1,6000000000000014;41943;1649;55749;11344;12634;1696;14330;12993;1290;47;1337;0,09330076762037683;0,10210542979262308;0,027712264150943397;0,03448275862068969;3;2
2017-12-27;15;2017-12-27 15:00:00;46,48;49,81;-3,3300000000000054;41943;491;55749;10004;11476;540;12016;10495;1472;49;1521;0,12658122503328895;0,12826768909027536;0,09074074074074075;-0,0716437177280552;3;2
2017-12-27;16;2017-12-27 16:00:00;50,9;54,9;-4,0;41943;18;55749;9367;10909;22;10931;9385;1542;4;1546;0,14143262281584484;0,14135117792648272;0,18181818181818182;-0,07858546168958742;3;2
2017-12-27;17;2017-12-27 17:00:00;56,09;55,1;0,9900000000000021;41943;0;55749;9715;10867;0;10867;9715;1152;0;1152;0,10600901812827827;0,10600901812827827;;0,017650205027634196;3;2
2017-12-27;18;2017-12-27 18:00:00;57,57;55,15;2,4200000000000017;41943;0;55749;10298;10960;0;10960;10298;662;0;662;0,0604014598540146;0,0604014598540146;;0,04203578252562101;3;2
2017-12-27;19;2017-12-27 19:00:00;51,33;47,19;4,1400000000000015;41943;0;55749;10782;11143;0;11143;10782;361;0;361;0,03239702055101858;0,03239702055101858;;0,08065458796025719;3;2
2017-12-27;20;2017-12-27 20:00:00;42,4;41,35;1,0499999999999972;41943;0;55749;10888;11450;0;11450;10888;562;0;562;0,04908296943231441;0,04908296943231441;;0,024764150943396162;3;2
2017-12-27;21;2017-12-27 21:00:00;40,0;39,02;0,9799999999999968;41943;0;55749;11013;11943;0;11943;11013;930;0;930;0,07786988193921125;0,07786988193921125;;0,024499999999999918;3;2
2017-12-27;22;2017-12-27 22:00:00;42,24;39,21;3,030000000000001;41943;0;55749;11938;12368;0;12368;11938;430;0;430;0,034767141009055626;0,034767141009055626;;0,07173295454545457;3;2
2017-12-27;23;2017-12-27 23:00:00;31,27;28,48;2,7899999999999987;41943;0;55749;13199;12863;0;12863;13199;-336;0;-336;-0,02612143356915183;-0,02612143356915183;;0,08922289734569872;3;2
2017-12-28;0;2017-12-28 00:00:00;28,87;16,99;11,880000000000004;41946;0;55775;14170;9504;0;9504;14170;-4666;0;-4666;-0,49095117845117847;-0,49095117845117847;;0,4114998268098373;3;3
2017-12-28;1;2017-12-28 01:00:00;28,12;11,17;16,950000000000006;41946;0;55775;13695;10185;0;10185;13695;-3510;0;-3510;-0,3446244477172312;-0,3446244477172312;;0,6027738264580372;3;3
2017-12-28;2;2017-12-28 02:00:00;27,2;19,04;8,16;41946;0;55775;13987;10878;0;10878;13987;-3109;0;-3109;-0,285806214377643;-0,285806214377643;;0,3;3;3
2017-12-28;3;2017-12-28 03:00:00;26,0;18,71;7,289999999999999;41946;0;55775;15174;11559;0;11559;15174;-3615;0;-3615;-0,31274331689592527;-0,31274331689592527;;0,28038461538461534;3;3
2017-12-28;4;2017-12-28 04:00:00;26,33;8,53;17,799999999999994;41946;0;55775;15063;12236;0;12236;15063;-2827;0;-2827;-0,2310395554102648;-0,2310395554102648;;0,6760349411317886;3;3
2017-12-28;5;2017-12-28 05:00:00;28,89;12,76;16,130000000000006;41946;0;55775;15662;12819;0;12819;15662;-2843;0;-2843;-0,2217801700600671;-0,2217801700600671;;0,5583246798200071;3;3
2017-12-28;6;2017-12-28 06:00:00;30,74;12,58;18,16;41946;0;55775;16372;13603;0;13603;16372;-2769;0;-2769;-0,2035580386679409;-0,2035580386679409;;0,590761223162004;3;3
2017-12-28;7;2017-12-28 07:00:00;35,98;19,26;16,719999999999995;41946;0;55775;17308;14248;0;14248;17308;-3060;0;-3060;-0,21476698483997755;-0,21476698483997755;;0,46470261256253464;3;3
2017-12-28;8;2017-12-28 08:00:00;38,43;27,69;10,739999999999998;41946;44;55775;18265;14869;57;14926;18309;-3396;13;-3383;-0,2266514806378132;-0,22839464658013317;0,22807017543859648;0,27946916471506633;3;3
2017-12-28;9;2017-12-28 09:00:00;39,93;30,66;9,27;41946;604;55775;18926;15564;546;16110;19530;-3362;-58;-3420;-0,2122905027932961;-0,21601130814700592;-0,10622710622710622;0,23215627347858753;3;3
2017-12-28;10;2017-12-28 10:00:00;40,12;31,71;8,409999999999998;41946;1773;55775;19113;16469;1426;17895;20886;-2644;-347;-2991;-0,16714165968147526;-0,16054405246220171;-0,24333800841514727;0,2096211365902293;3;3
2017-12-28;11;2017-12-28 11:00:00;39,97;31,06;8,91;41946;2922;55775;19475;17615;2185;19800;22397;-1860;-737;-2597;-0,13116161616161617;-0,10559182514902073;-0,33729977116704807;0,2229171878909182;3;3
2017-12-28;12;2017-12-28 12:00:00;40,16;30,61;9,549999999999997;41946;3387;55775;20331;18794;2537;21331;23718;-1537;-850;-2387;-0,1119028643757911;-0,08178141960200064;-0,33504138746551043;0,23779880478087645;3;3
2017-12-28;13;2017-12-28 13:00:00;39,24;29,66;9,580000000000002;41946;2943;55775;21642;19351;2370;21721;24585;-2291;-573;-2864;-0,1318539662078173;-0,11839181437651801;-0,2417721518987342;0,24413863404689096;3;3
2017-12-28;14;2017-12-28 14:00:00;36,42;26,13;10,290000000000003;41946;1827;55775;22435;19395;1654;21049;24262;-3040;-173;-3213;-0,152643831060858;-0,15674142820314513;-0,10459492140266022;0,28253706754530483;3;3
2017-12-28;15;2017-12-28 15:00:00;40,03;25,03;15,0;41946;632;55775;22512;19376;601;19977;23144;-3136;-31;-3167;-0,15853231215898284;-0,16184971098265896;-0,051580698835274545;0,3747189607794154;3;3
2017-12-28;16;2017-12-28 16:00:00;42,98;28,52;14,459999999999996;41946;30;55775;23235;19695;32;19727;23265;-3540;2;-3538;-0,17934810158665787;-0,17974105102817975;0,0625;0,3364355514192647;3;3
2017-12-28;17;2017-12-28 17:00:00;43,01;28,58;14,43;41946;0;55775;24478;20549;0;20549;24478;-3929;0;-3929;-0,19120151832205948;-0,19120151832205948;;0,33550337130899793;3;3
2017-12-28;18;2017-12-28 18:00:00;42,16;27,19;14,969999999999995;41946;0;55775;25859;21582;0;21582;25859;-4277;0;-4277;-0,19817440459642294;-0,19817440459642294;;0,35507590132827316;3;3
2017-12-28;19;2017-12-28 19:00:00;34,93;14,68;20,25;41946;0;55775;26896;22613;0;22613;26896;-4283;0;-4283;-0,18940432494582762;-0,18940432494582762;;0,5797308903521329;3;3
2017-12-28;20;2017-12-28 20:00:00;25,06;4,92;20,14;41946;0;55775;27278;23316;0;23316;27278;-3962;0;-3962;-0,16992623091439354;-0,16992623091439354;;0,8036711891460495;3;3
2017-12-28;21;2017-12-28 21:00:00;19,99;1,56;18,43;41946;0;55775;27824;23735;0;23735;27824;-4089;0;-4089;-0,17227722772277226;-0,17227722772277226;;0,9219609804902452;3;3
2017-12-28;22;2017-12-28 22:00:00;19,22;-1,61;20,83;41946;0;55775;26994;23915;0;23915;26994;-3079;0;-3079;-0,12874764791971566;-0,12874764791971566;;1,0837669094693028;3;3
2017-12-28;23;2017-12-28 23:00:00;5,86;-3,72;9,58;41946;0;55775;26810;23990;0;23990;26810;-2820;0;-2820;-0,11754897874114215;-0,11754897874114215;;1,6348122866894197;3;3
2017-12-29;0;2017-12-29 00:00:00;9,73;-4,65;14,38;41950;0;55784;27090;25105;0;25105;27090;-1985;0;-1985;-0,07906791475801633;-0,07906791475801633;;1,4779033915724564;3;4
2017-12-29;1;2017-12-29 01:00:00;0,72;-4,08;4,8;41950;0;55784;27523;25063;0;25063;27523;-2460;0;-2460;-0,09815265530862227;-0,09815265530862227;;6,666666666666667;3;4
2017-12-29;2;2017-12-29 02:00:00;-0,93;-9,26;8,33;41950;0;55784;27413;25140;0;25140;27413;-2273;0;-2273;-0,09041368337311058;-0,09041368337311058;;-8,956989247311828;3;4
2017-12-29;3;2017-12-29 03:00:00;1,07;-7,2;8,27;41950;0;55784;26580;25145;0;25145;26580;-1435;0;-1435;-0,05706899980115331;-0,05706899980115331;;7,728971962616821;3;4
2017-12-29;4;2017-12-29 04:00:00;1,0;1,03;-0,030000000000000027;41950;0;55784;25754;24885;0;24885;25754;-869;0;-869;-0,03492063492063492;-0,03492063492063492;;-0,030000000000000027;3;4
2017-12-29;5;2017-12-29 05:00:00;2,91;7,89;-4,98;41950;0;55784;24488;24329;0;24329;24488;-159;0;-159;-0,006535410415553455;-0,006535410415553455;;-1,7113402061855671;3;4
2017-12-29;6;2017-12-29 06:00:00;3,6;8,2;-4,6;41950;0;55784;24285;23718;0;23718;24285;-567;0;-567;-0,023905894257525928;-0,023905894257525928;;-1,2777777777777777;3;4
2017-12-29;7;2017-12-29 07:00:00;15,97;11,78;4,190000000000001;41950;0;55784;24767;23039;0;23039;24767;-1728;0;-1728;-0,07500325534962456;-0,07500325534962456;;0,2623669380087665;3;4
2017-12-29;8;2017-12-29 08:00:00;29,69;19,56;10,130000000000004;41950;122;55784;24151;22422;231;22653;24273;-1729;109;-1620;-0,07151370679380215;-0,07711176523057711;0,47186147186147187;0,34119232064668253;3;4
2017-12-29;9;2017-12-29 09:00:00;30,2;20,8;9,4;41950;1422;55784;23148;21941;1892;23833;24570;-1207;470;-737;-0,030923509419712163;-0,055011166309648606;0,24841437632135308;0,3112582781456954;3;4
2017-12-29;10;2017-12-29 10:00:00;29,83;22,42;7,4099999999999975;41950;3919;55784;21913;21711;4266;25977;25832;-202;347;145;0,0055818608769295916;-0,009304039427018561;0,08134083450539147;0,24840764331210183;3;4
2017-12-29;11;2017-12-29 11:00:00;29,47;24,27;5,199999999999998;41950;6210;55784;21661;21700;5993;27693;27871;39;-217;-178;-0,006427617087350594;0,0017972350230414747;-0,03620891039546137;0,176450627757041;3;4
2017-12-29;12;2017-12-29 12:00:00;29,2;21,95;7,25;41950;7386;55784;21684;21438;6468;27906;29070;-246;-918;-1164;-0,04171145990109654;-0,011474951021550517;-0,14192949907235622;0,2482876712328767;3;4
2017-12-29;13;2017-12-29 13:00:00;29,45;18,75;10,7;41950;6210;55784;21719;20729;5570;26299;27929;-990;-640;-1630;-0,06197954294840108;-0,047759177963239904;-0,11490125673249552;0,3633276740237691;3;4
2017-12-29;14;2017-12-29 14:00:00;30,02;19,59;10,43;41950;3642;55784;21802;19847;3632;23479;25444;-1955;-10;-1965;-0,08369180970228715;-0,0985035521741321;-0,0027533039647577094;0,3474350433044637;3;4
2017-12-29;15;2017-12-29 15:00:00;31,0;21,92;9,079999999999998;41950;934;55784;21620;19384;1306;20690;22554;-2236;372;-1864;-0,0900918318028033;-0,11535286834502682;0,28483920367534454;0,29290322580645156;3;4
2017-12-29;16;2017-12-29 16:00:00;32,98;26,98;5,9999999999999964;41950;9;55784;23178;19881;58;19939;23187;-3297;49;-3248;-0,16289683534781083;-0,16583672853478196;0,8448275862068966;0,18192844147968457;3;4
2017-12-29;17;2017-12-29 17:00:00;34,95;25,9;9,050000000000004;41950;0;55784;25484;21096;0;21096;25484;-4388;0;-4388;-0,20800151687523702;-0,20800151687523702;;0,25894134477825476;3;4
2017-12-29;18;2017-12-29 18:00:00;32,79;23,71;9,079999999999998;41950;0;55784;26450;22638;0;22638;26450;-3812;0;-3812;-0,16838943369555615;-0,16838943369555615;;0,27691369319914605;3;4
2017-12-29;19;2017-12-29 19:00:00;30,23;23,87;6,3599999999999985;41950;0;55784;26377;23678;0;23678;26377;-2699;0;-2699;-0,11398766787735451;-0,11398766787735451;;0,21038703274892487;3;4
2017-12-29;20;2017-12-29 20:00:00;28,49;25,79;2,6999999999999997;41950;0;55784;25622;23952;0;23952;25622;-1670;0;-1670;-0,06972277889111557;-0,06972277889111557;;0,09477009477009476;3;4
2017-12-29;21;2017-12-29 21:00:00;26,51;23,92;2,59;41950;0;55784;25374;23723;0;23723;25374;-1651;0;-1651;-0,06959490789529149;-0,06959490789529149;;0,09769898151640889;3;4
2017-12-29;22;2017-12-29 22:00:00;26,9;20,47;6,43;41950;0;55784;24630;23138;0;23138;24630;-1492;0;-1492;-0,06448266920217824;-0,06448266920217824;;0,23903345724907063;3;4
2017-12-29;23;2017-12-29 23:00:00;15,06;15,33;-0,2699999999999996;41950;0;55784;24578;22445;0;22445;24578;-2133;0;-2133;-0,09503230118066384;-0,09503230118066384;;-0,01792828685258961;3;4
2017-12-30;0;2017-12-30 00:00:00;16,4;11,32;5,079999999999998;41951;0;55790;24076;21844;0;21844;24076;-2232;0;-2232;-0,10217908807910639;-0,10217908807910639;;0,30975609756097555;3;5
2017-12-30;1;2017-12-30 01:00:00;13,33;9,8;3,53;41951;0;55790;24151;21533;0;21533;24151;-2618;0;-2618;-0,12158082942460409;-0,12158082942460409;;0,26481620405101275;3;5
2017-12-30;2;2017-12-30 02:00:00;13,25;9,28;3,9700000000000006;41951;0;55790;23988;21457;0;21457;23988;-2531;0;-2531;-0,11795684392039894;-0,11795684392039894;;0,299622641509434;3;5
2017-12-30;3;2017-12-30 03:00:00;12,04;7,98;4,059999999999999;41951;0;55790;22740;21169;0;21169;22740;-1571;0;-1571;-0,07421229155841089;-0,07421229155841089;;0,33720930232558133;3;5
2017-12-30;4;2017-12-30 04:00:00;11,45;12,99;-1,540000000000001;41951;0;55790;22351;20980;0;20980;22351;-1371;0;-1371;-0,06534795042897998;-0,06534795042897998;;-0,13449781659388654;3;5
2017-12-30;5;2017-12-30 05:00:00;8,49;10,28;-1,7899999999999991;41951;0;55790;23024;20952;0;20952;23024;-2072;0;-2072;-0,09889270714012982;-0,09889270714012982;;-0,21083627797408705;3;5
2017-12-30;6;2017-12-30 06:00:00;9,83;6,29;3,54;41951;0;55790;24732;20958;0;20958;24732;-3774;0;-3774;-0,18007443458345262;-0,18007443458345262;;0,36012207527975587;3;5
2017-12-30;7;2017-12-30 07:00:00;12,07;4,04;8,030000000000001;41951;0;55790;25275;21173;0;21173;25275;-4102;0;-4102;-0,1937373069475275;-0,1937373069475275;;0,6652858326429164;3;5
2017-12-30;8;2017-12-30 08:00:00;13,41;7,79;5,62;41951;65;55790;26341;21712;58;21770;26406;-4629;-7;-4636;-0,2129536058796509;-0,21320007369196758;-0,1206896551724138;0,4190902311707681;3;5
2017-12-30;9;2017-12-30 09:00:00;16,09;4,95;11,14;41951;518;55790;27034;22355;418;22773;27552;-4679;-100;-4779;-0,20985377420629692;-0,20930440617311563;-0,23923444976076555;0,6923555003107521;3;5
2017-12-30;10;2017-12-30 10:00:00;18,8;0,28;18,52;41951;1109;55790;27484;23139;895;24034;28593;-4345;-214;-4559;-0,18968960639094615;-0,18777820994857167;-0,23910614525139665;0,9851063829787233;3;5
2017-12-30;11;2017-12-30 11:00:00;17,03;3,42;13,61;41951;1532;55790;28279;24108;1161;25269;29811;-4171;-371;-4542;-0,17974593375281966;-0,17301310768209724;-0,3195521102497847;0,7991779213153258;3;5
2017-12-30;12;2017-12-30 12:00:00;17,67;1,21;16,46;41951;1606;55790;28896;25059;1144;26203;30502;-3837;-462;-4299;-0,16406518337594933;-0,1531186400095774;-0,40384615384615385;0,9315223542727786;3;5
2017-12-30;13;2017-12-30 13:00:00;15,51;0,92;14,59;41951;1313;55790;29928;25922;947;26869;31241;-4006;-366;-4372;-0,1627153969258253;-0,15454054471105624;-0,3864836325237592;0,9406834300451322;3;5
2017-12-30;14;2017-12-30 14:00:00;17,61;0,41;17,2;41951;929;55790;30832;27216;626;27842;31761;-3616;-303;-3919;-0,14075856619495725;-0,13286302175191064;-0,4840255591054313;0,97671777399205;3;5
2017-12-30;15;2017-12-30 15:00:00;13,22;2,13;11,09;41951;378;55790;32218;29033;220;29253;32596;-3185;-158;-3343;-0,11427887738009777;-0,10970275204078118;-0,7181818181818181;0,8388804841149773;3;5
2017-12-30;16;2017-12-30 16:00:00;14,02;5,17;8,85;41951;17;55790;33924;30460;16;30476;33941;-3464;-1;-3465;-0,11369602310014437;-0,11372291529875246;-0,0625;0,6312410841654779;3;5
2017-12-30;17;2017-12-30 17:00:00;16,78;7,34;9,44;41951;0;55790;35728;31849;0;31849;35728;-3879;0;-3879;-0,12179346290307388;-0,12179346290307388;;0,5625744934445768;3;5
2017-12-30;18;2017-12-30 18:00:00;16,01;5,11;10,900000000000002;41951;0;55790;37216;33334;0;33334;37216;-3882;0;-3882;-0,11645767084658307;-0,11645767084658307;;0,6808244846970644;3;5
2017-12-30;19;2017-12-30 19:00:00;16,18;2,32;13,86;41951;0;55790;37901;34124;0;34124;37901;-3777;0;-3777;-0,11068456218497245;-0,11068456218497245;;0,8566131025957973;3;5
2017-12-30;20;2017-12-30 20:00:00;11,13;2,58;8,55;41951;0;55790;38128;34490;0;34490;38128;-3638;0;-3638;-0,10547984923166136;-0,10547984923166136;;0,7681940700808625;3;5
2017-12-30;21;2017-12-30 21:00:00;4,62;-0,38;5,0;41951;0;55790;38086;34545;0;34545;38086;-3541;0;-3541;-0,10250398031553047;-0,10250398031553047;;1,0822510822510822;3;5
2017-12-30;22;2017-12-30 22:00:00;4,71;0,02;4,69;41951;0;55790;36243;34215;0;34215;36243;-2028;0;-2028;-0,05927224901359053;-0,05927224901359053;;0,9957537154989385;3;5
2017-12-30;23;2017-12-30 23:00:00;-0,27;-0,13;-0,14;41951;0;55790;34444;33561;0;33561;34444;-883;0;-883;-0,026310300646583833;-0,026310300646583833;;0,5185185185185185;3;5
2017-12-31;0;2017-12-31 00:00:00;-2,04;2,61;-4,65;41951;0;55790;32304;33428;0;33428;32304;1124;0;1124;0,033624506401818834;0,033624506401818834;;2,2794117647058827;3;6
2017-12-31;1;2017-12-31 01:00:00;-4,99;7,06;-12,05;41951;0;55790;30419;31523;0;31523;30419;1104;0;1104;0,03502204739396631;0,03502204739396631;;2,414829659318637;3;6
2017-12-31;2;2017-12-31 02:00:00;-0,59;12,64;-13,23;41951;0;55790;27533;29867;0;29867;27533;2334;0;2334;0,07814644925837881;0,07814644925837881;;22,423728813559325;3;6
2017-12-31;3;2017-12-31 03:00:00;-3,71;10,91;-14,62;41951;0;55790;23920;27775;0;27775;23920;3855;0;3855;0,1387938793879388;0,1387938793879388;;3,9407008086253366;3;6
2017-12-31;4;2017-12-31 04:00:00;0,08;10,75;-10,67;41951;0;55790;21531;25681;0;25681;21531;4150;0;4150;0,1615980686110354;0,1615980686110354;;-133,375;3;6
2017-12-31;5;2017-12-31 05:00:00;1,16;10,66;-9,5;41951;0;55790;21962;24343;0;24343;21962;2381;0;2381;0,09781045885880951;0,09781045885880951;;-8,189655172413794;3;6
2017-12-31;6;2017-12-31 06:00:00;-0,86;9,84;-10,7;41951;0;55790;22920;24009;0;24009;22920;1089;0;1089;0,04535799075346745;0,04535799075346745;;12,441860465116278;3;6
2017-12-31;7;2017-12-31 07:00:00;4,09;5,53;-1,4400000000000004;41951;0;55790;23844;24489;0;24489;23844;645;0;645;0,02633835599656989;0,02633835599656989;;-0,3520782396088021;3;6
2017-12-31;8;2017-12-31 08:00:00;4,17;5,76;-1,59;41951;125;55790;25477;25906;143;26049;25602;429;18;447;0,01715996775308073;0,01655987030031653;0,1258741258741259;-0,381294964028777;3;6
2017-12-31;9;2017-12-31 09:00:00;4,21;6,11;-1,9000000000000004;41951;1190;55790;27999;28099;877;28976;29189;100;-313;-213;-0,007350911098840419;0,0035588455105163884;-0,35689851767388825;-0,4513064133016628;3;6
2017-12-31;10;2017-12-31 10:00:00;9,05;1,92;7,130000000000001;41951;2846;55790;30902;30346;1916;32262;33748;-556;-930;-1486;-0,04606038063356271;-0,018322019376524088;-0,48538622129436326;0,7878453038674034;3;6
2017-12-31;11;2017-12-31 11:00:00;9,2;-1,99;11,19;41951;3963;55790;33568;32489;2681;35170;37531;-1079;-1282;-2361;-0,06713107762297413;-0,03321124072763089;-0,4781797836628124;1,216304347826087;3;6
2017-12-31;12;2017-12-31 12:00:00;4,45;-5,93;10,38;41951;4034;55790;35903;34310;3007;37317;39937;-1593;-1027;-2620;-0,07020928799206796;-0,046429612357913146;-0,34153641503159293;2,3325842696629215;3;6
2017-12-31;13;2017-12-31 13:00:00;2,04;-7,07;9,11;41951;3698;55790;36623;35233;2866;38099;40321;-1390;-832;-2222;-0,0583217407281031;-0,0394516504413476;-0,2903000697836706;4,465686274509803;3;6
2017-12-31;14;2017-12-31 14:00:00;0,06;-3,93;3,99;41951;2780;55790;37017;35334;2127;37461;39797;-1683;-653;-2336;-0,06235818584661381;-0,04763117677024962;-0,307005171603197;66,5;3;6
2017-12-31;15;2017-12-31 15:00:00;0,36;-5,19;5,550000000000002;41951;1264;55790;36322;34895;911;35806;37586;-1427;-353;-1780;-0,04971233871418198;-0,040894110904140996;-0,38748627881448955;15,416666666666671;3;6
2017-12-31;16;2017-12-31 16:00:00;1,46;-1,34;2,8;41951;80;55790;35752;34142;66;34208;35832;-1610;-14;-1624;-0,047474275023386345;-0,04715599554800539;-0,21212121212121213;1,917808219178082;3;6
2017-12-31;17;2017-12-31 17:00:00;6,14;8,16;-2,0200000000000005;41951;0;55790;34478;33343;0;33343;34478;-1135;0;-1135;-0,03404012836277479;-0,03404012836277479;;-0,3289902280130294;3;6
2017-12-31;18;2017-12-31 18:00:00;9,96;11,64;-1,6799999999999995;41951;0;55790;32045;32241;0;32241;32045;196;0;196;0,0060792159052138585;0,0060792159052138585;;-0,16867469879518066;3;6
2017-12-31;19;2017-12-31 19:00:00;7,92;20,64;-12,72;41951;0;55790;30688;31401;0;31401;30688;713;0;713;0,02270628323938728;0,02270628323938728;;-1,6060606060606062;3;6
2017-12-31;20;2017-12-31 20:00:00;4,06;10,63;-6,570000000000001;41951;0;55790;29758;30872;0;30872;29758;1114;0;1114;0,03608447784400104;0,03608447784400104;;-1,6182266009852222;3;6
2017-12-31;21;2017-12-31 21:00:00;5,3;3,86;1,44;41951;0;55790;29988;30561;0;30561;29988;573;0;573;0,018749386472955726;0,018749386472955726;;0,27169811320754716;3;6
2017-12-31;22;2017-12-31 22:00:00;1,86;5,37;-3,51;41951;0;55790;30355;30490;0;30490;30355;135;0;135;0,0044276812069531;0,0044276812069531;;-1,8870967741935483;3;6
2017-12-31;23;2017-12-31 23:00:00;-0,92;3,65;-4,57;41951;0;55790;30594;30492;0;30492;30594;-102;0;-102;-0,0033451397087760726;-0,0033451397087760726;;4,967391304347826;3;6
