cet_cest_timestamp;DE_solar_generation_forecast;DE_solar_generation_actual;DE_solar_generation_error;DE_wind_generation_forecast;DE_wind_generation_actual;DE_wind_generation_error
2016-01-01T00:00:00+0100;0;0;0;7653;8648;995
2016-01-01T01:00:00+0100;0;0;0;7421;8579;1158
2016-01-01T02:00:00+0100;0;0;0;7266;8542;1276
2016-01-01T03:00:00+0100;0;0;0;7180;8443;1263
2016-01-01T04:00:00+0100;0;0;0;7016;8295;1279
2016-01-01T05:00:00+0100;0;0;0;6787;7319;532
2016-01-01T06:00:00+0100;0;0;0;6492;6574;82
2016-01-01T07:00:00+0100;0;0;0;6058;5624;-434
2016-01-01T08:00:00+0100;137;137;0;5510;4644;-866
2016-01-01T09:00:00+0100;1010;964;-46;4924;3733;-1191
2016-01-01T10:00:00+0100;2451;2522;71;4172;2776;-1396
2016-01-01T11:00:00+0100;3815;3768;-47;3423;1830;-1593
2016-01-01T12:00:00+0100;4382;4121;-261;2787;1287;-1500
2016-01-01T13:00:00+0100;3986;3717;-269;2328;790;-1538
2016-01-01T14:00:00+0100;2658;2442;-216;1937;496;-1441
2016-01-01T15:00:00+0100;979;841;-138;1609;405;-1204
2016-01-01T16:00:00+0100;51;51;0;1568;665;-903
2016-01-01T17:00:00+0100;0;0;0;1673;1298;-375
2016-01-01T18:00:00+0100;0;0;0;1798;2146;348
2016-01-01T19:00:00+0100;0;0;0;2070;3371;1301
2016-01-01T20:00:00+0100;0;0;0;2725;4383;1658
2016-01-01T21:00:00+0100;0;0;0;3182;5409;2227
2016-01-01T22:00:00+0100;0;0;0;3567;6180;2613
2016-01-01T23:00:00+0100;0;0;0;3885;6958;3073
2016-01-02T00:00:00+0100;0;0;0;6397;7462;1065
2016-01-02T01:00:00+0100;0;0;0;7411;8763;1352
2016-01-02T02:00:00+0100;0;0;0;8610;10716;2106
2016-01-02T03:00:00+0100;0;0;0;9904;11949;2045
2016-01-02T04:00:00+0100;0;0;0;11359;13451;2092
2016-01-02T05:00:00+0100;0;0;0;12607;14640;2033
2016-01-02T06:00:00+0100;0;0;0;13859;15480;1621
2016-01-02T07:00:00+0100;1;0;-1;15165;16062;897
2016-01-02T08:00:00+0100;153;106;-47;16305;16588;283
2016-01-02T09:00:00+0100;940;593;-347;17458;17324;-134
2016-01-02T10:00:00+0100;2047;1341;-706;18304;17888;-416
2016-01-02T11:00:00+0100;2911;1866;-1045;18733;18265;-468
2016-01-02T12:00:00+0100;3094;2043;-1051;19105;18329;-776
2016-01-02T13:00:00+0100;2601;1869;-732;19475;18394;-1081
2016-01-02T14:00:00+0100;1628;1178;-450;20000;18540;-1460
2016-01-02T15:00:00+0100;563;382;-181;20642;18754;-1888
2016-01-02T16:00:00+0100;34;28;-6;21140;19192;-1948
2016-01-02T17:00:00+0100;0;0;0;21661;19913;-1748
2016-01-02T18:00:00+0100;0;0;0;22029;20215;-1814
2016-01-02T19:00:00+0100;0;0;0;22119;20108;-2011
2016-01-02T20:00:00+0100;0;0;0;21881;19693;-2188
2016-01-02T21:00:00+0100;0;0;0;21525;19202;-2323
2016-01-02T22:00:00+0100;0;0;0;21297;18460;-2837
2016-01-02T23:00:00+0100;0;0;0;20946;18772;-2174
2016-01-03T00:00:00+0100;0;0;0;20522;18924;-1598
2016-01-03T01:00:00+0100;0;0;0;20481;18596;-1885
2016-01-03T02:00:00+0100;0;0;0;20434;18600;-1834
2016-01-03T03:00:00+0100;0;0;0;20265;18440;-1825
2016-01-03T04:00:00+0100;0;0;0;20091;18281;-1810
2016-01-03T05:00:00+0100;0;0;0;19910;18302;-1608
2016-01-03T06:00:00+0100;0;0;0;19785;18422;-1363
2016-01-03T07:00:00+0100;1;0;-1;19670;18190;-1480
2016-01-03T08:00:00+0100;131;66;-65;19571;17751;-1820
2016-01-03T09:00:00+0100;943;638;-305;19505;17202;-2303
2016-01-03T10:00:00+0100;2097;1648;-449;19248;16685;-2563
2016-01-03T11:00:00+0100;3095;2621;-474;18646;15632;-3014
2016-01-03T12:00:00+0100;3553;3051;-502;17990;14568;-3422
2016-01-03T13:00:00+0100;3313;2909;-404;17589;14358;-3231
2016-01-03T14:00:00+0100;2332;1880;-452;17373;14313;-3060
2016-01-03T15:00:00+0100;943;658;-285;17320;14881;-2439
2016-01-03T16:00:00+0100;76;48;-28;17567;15377;-2190
2016-01-03T17:00:00+0100;3;0;-3;17978;16306;-1672
2016-01-03T18:00:00+0100;0;0;0;18445;17294;-1151
2016-01-03T19:00:00+0100;0;0;0;18751;17648;-1103
2016-01-03T20:00:00+0100;0;0;0;18773;17745;-1028
2016-01-03T21:00:00+0100;0;0;0;18734;17589;-1145
2016-01-03T22:00:00+0100;0;0;0;18795;16955;-1840
2016-01-03T23:00:00+0100;0;0;0;18768;16746;-2022
2016-01-04T00:00:00+0100;0;0;0;20345;16415;-3930
2016-01-04T01:00:00+0100;0;0;0;20175;15686;-4489
2016-01-04T02:00:00+0100;0;0;0;19888;15040;-4848
2016-01-04T03:00:00+0100;0;0;0;19409;14410;-4999
2016-01-04T04:00:00+0100;0;0;0;18962;13623;-5339
2016-01-04T05:00:00+0100;0;0;0;18591;13175;-5416
2016-01-04T06:00:00+0100;0;0;0;18237;13284;-4953
2016-01-04T07:00:00+0100;1;0;-1;17904;13091;-4813
2016-01-04T08:00:00+0100;99;71;-28;17578;12873;-4705
2016-01-04T09:00:00+0100;709;533;-176;17147;12206;-4941
2016-01-04T10:00:00+0100;1573;1350;-223;16345;11458;-4887
2016-01-04T11:00:00+0100;2235;1998;-237;15262;10580;-4682
2016-01-04T12:00:00+0100;2497;2231;-266;14273;10173;-4100
2016-01-04T13:00:00+0100;2298;2005;-293;13401;9772;-3629
2016-01-04T14:00:00+0100;1571;1298;-273;12785;9753;-3032
2016-01-04T15:00:00+0100;635;536;-99;12244;10014;-2230
2016-01-04T16:00:00+0100;55;58;3;11901;10292;-1609
2016-01-04T17:00:00+0100;0;0;0;11867;10920;-947
2016-01-04T18:00:00+0100;0;0;0;11926;11096;-830
2016-01-04T19:00:00+0100;0;0;0;11918;10861;-1057
2016-01-04T20:00:00+0100;0;0;0;11779;10690;-1089
2016-01-04T21:00:00+0100;0;0;0;11568;10284;-1284
2016-01-04T22:00:00+0100;0;0;0;11344;9974;-1370
2016-01-04T23:00:00+0100;0;0;0;11096;9676;-1420
2016-01-05T00:00:00+0100;0;0;0;11547;9529;-2018
2016-01-05T01:00:00+0100;0;0;0;11515;9304;-2211
2016-01-05T02:00:00+0100;0;0;0;11626;9205;-2421
2016-01-05T03:00:00+0100;0;0;0;11630;9191;-2439
2016-01-05T04:00:00+0100;0;0;0;11611;9260;-2351
2016-01-05T05:00:00+0100;0;0;0;11628;9387;-2241
2016-01-05T06:00:00+0100;0;0;0;11726;9378;-2348
2016-01-05T07:00:00+0100;2;0;-2;11817;9323;-2494
2016-01-05T08:00:00+0100;131;75;-56;11868;9250;-2618
2016-01-05T09:00:00+0100;856;603;-253;11782;9086;-2696
2016-01-05T10:00:00+0100;1875;1670;-205;11583;8797;-2786
2016-01-05T11:00:00+0100;2700;2497;-203;11379;8369;-3010
2016-01-05T12:00:00+0100;2968;2936;-32;11231;8088;-3143
2016-01-05T13:00:00+0100;2646;2423;-223;11158;7892;-3266
2016-01-05T14:00:00+0100;1813;1610;-203;11233;7972;-3261
2016-01-05T15:00:00+0100;741;673;-68;11433;8052;-3381
2016-01-05T16:00:00+0100;68;62;-6;11507;8112;-3395
2016-01-05T17:00:00+0100;2;0;-2;11530;8368;-3162
2016-01-05T18:00:00+0100;0;0;0;11492;8622;-2870
2016-01-05T19:00:00+0100;0;0;0;11468;8527;-2941
2016-01-05T20:00:00+0100;0;0;0;11493;8410;-3083
2016-01-05T21:00:00+0100;0;0;0;11499;8185;-3314
2016-01-05T22:00:00+0100;0;0;0;11404;7999;-3405
2016-01-05T23:00:00+0100;0;0;0;11204;7968;-3236
2016-01-06T00:00:00+0100;0;0;0;9587;7723;-1864
2016-01-06T01:00:00+0100;0;0;0;9330;7566;-1764
2016-01-06T02:00:00+0100;0;0;0;9098;7264;-1834
2016-01-06T03:00:00+0100;0;0;0;8900;7212;-1688
2016-01-06T04:00:00+0100;0;0;0;8828;7163;-1665
2016-01-06T05:00:00+0100;0;0;0;8815;7366;-1449
2016-01-06T06:00:00+0100;0;0;0;8877;7206;-1671
2016-01-06T07:00:00+0100;2;0;-2;8859;7265;-1594
2016-01-06T08:00:00+0100;151;127;-24;8777;7169;-1608
2016-01-06T09:00:00+0100;974;770;-204;8656;6806;-1850
2016-01-06T10:00:00+0100;2129;1818;-311;8410;6636;-1774
2016-01-06T11:00:00+0100;3128;2721;-407;8082;6272;-1810
2016-01-06T12:00:00+0100;3436;2820;-616;7613;5672;-1941
2016-01-06T13:00:00+0100;3040;2326;-714;7188;5346;-1842
2016-01-06T14:00:00+0100;2033;1463;-570;6949;5177;-1772
2016-01-06T15:00:00+0100;809;510;-299;6920;5347;-1573
2016-01-06T16:00:00+0100;73;40;-33;7007;5586;-1421
2016-01-06T17:00:00+0100;2;0;-2;7098;6018;-1080
2016-01-06T18:00:00+0100;0;0;0;7186;6242;-944
2016-01-06T19:00:00+0100;0;0;0;7194;6465;-729
2016-01-06T20:00:00+0100;0;0;0;7143;6603;-540
2016-01-06T21:00:00+0100;0;0;0;7111;6434;-677
2016-01-06T22:00:00+0100;0;0;0;7267;6437;-830
2016-01-06T23:00:00+0100;0;0;0;7524;6372;-1152
2016-01-07T00:00:00+0100;0;0;0;7849;6420;-1429
2016-01-07T01:00:00+0100;0;0;0;8036;6509;-1527
2016-01-07T02:00:00+0100;0;0;0;8486;6713;-1773
2016-01-07T03:00:00+0100;0;0;0;8978;6943;-2035
2016-01-07T04:00:00+0100;0;0;0;9486;7062;-2424
2016-01-07T05:00:00+0100;0;0;0;10102;7098;-3004
2016-01-07T06:00:00+0100;0;0;0;10803;7575;-3228
2016-01-07T07:00:00+0100;2;0;-2;11481;8400;-3081
2016-01-07T08:00:00+0100;168;150;-18;12432;9167;-3265
2016-01-07T09:00:00+0100;1031;1205;174;13396;10482;-2914
2016-01-07T10:00:00+0100;2033;2839;806;14229;11005;-3224
2016-01-07T11:00:00+0100;2687;3898;1211;14959;10906;-4053
2016-01-07T12:00:00+0100;2630;3342;712;15707;10983;-4724
2016-01-07T13:00:00+0100;2057;1982;-75;16548;11398;-5150
2016-01-07T14:00:00+0100;1241;914;-327;17534;12438;-5096
2016-01-07T15:00:00+0100;480;282;-198;18413;13858;-4555
2016-01-07T16:00:00+0100;39;26;-13;18852;15102;-3750
2016-01-07T17:00:00+0100;0;0;0;18830;16114;-2716
2016-01-07T18:00:00+0100;0;0;0;19081;17594;-1487
2016-01-07T19:00:00+0100;0;0;0;18928;18522;-406
2016-01-07T20:00:00+0100;0;0;0;18391;19609;1218
2016-01-07T21:00:00+0100;0;0;0;18346;20734;2388
2016-01-07T22:00:00+0100;0;0;0;18499;21372;2873
2016-01-07T23:00:00+0100;0;0;0;18665;21563;2898
2016-01-08T00:00:00+0100;0;0;0;22592;22456;-136
2016-01-08T01:00:00+0100;0;0;0;23248;22810;-438
2016-01-08T02:00:00+0100;0;0;0;23343;22868;-475
2016-01-08T03:00:00+0100;0;0;0;24123;23458;-665
2016-01-08T04:00:00+0100;0;0;0;24963;23700;-1263
2016-01-08T05:00:00+0100;0;0;0;25376;24682;-694
2016-01-08T06:00:00+0100;0;0;0;25487;25880;393
2016-01-08T07:00:00+0100;4;0;-4;25309;26073;764
2016-01-08T08:00:00+0100;352;339;-13;24975;26408;1433
2016-01-08T09:00:00+0100;2624;2815;191;24599;26070;1471
2016-01-08T10:00:00+0100;5446;6242;796;24073;25515;1442
2016-01-08T11:00:00+0100;7704;8735;1031;22965;25106;2141
2016-01-08T12:00:00+0100;8423;9116;693;21369;23671;2302
2016-01-08T13:00:00+0100;7515;7362;-153;19785;21322;1537
2016-01-08T14:00:00+0100;5208;4492;-716;18190;18643;453
2016-01-08T15:00:00+0100;2086;1750;-336;16772;16149;-623
2016-01-08T16:00:00+0100;116;118;2;15764;15412;-352
2016-01-08T17:00:00+0100;0;0;0;15302;14731;-571
2016-01-08T18:00:00+0100;0;0;0;14870;13577;-1293
2016-01-08T19:00:00+0100;0;0;0;14476;12775;-1701
2016-01-08T20:00:00+0100;0;0;0;13587;11888;-1699
2016-01-08T21:00:00+0100;0;0;0;12433;11230;-1203
2016-01-08T22:00:00+0100;0;0;0;11183;10311;-872
2016-01-08T23:00:00+0100;0;0;0;9976;9782;-194
2016-01-09T00:00:00+0100;0;0;0;7203;8815;1612
2016-01-09T01:00:00+0100;0;0;0;6367;8121;1754
2016-01-09T02:00:00+0100;0;0;0;5681;7671;1990
2016-01-09T03:00:00+0100;0;0;0;5192;7198;2006
2016-01-09T04:00:00+0100;0;0;0;5058;7355;2297
2016-01-09T05:00:00+0100;0;0;0;5105;7094;1989
2016-01-09T06:00:00+0100;0;0;0;5296;7464;2168
2016-01-09T07:00:00+0100;2;0;-2;5614;7537;1923
2016-01-09T08:00:00+0100;113;196;83;5944;7807;1863
2016-01-09T09:00:00+0100;816;1554;738;6104;7990;1886
2016-01-09T10:00:00+0100;2240;3446;1206;5984;7728;1744
2016-01-09T11:00:00+0100;3656;5002;1346;5572;6464;892
2016-01-09T12:00:00+0100;4087;5171;1084;5206;5640;434
2016-01-09T13:00:00+0100;3640;4453;813;5234;5292;58
2016-01-09T14:00:00+0100;2461;2900;439;5657;5173;-484
2016-01-09T15:00:00+0100;990;1078;88;6322;6124;-198
2016-01-09T16:00:00+0100;65;91;26;7202;7979;777
2016-01-09T17:00:00+0100;0;0;0;8085;9648;1563
2016-01-09T18:00:00+0100;0;0;0;8823;10718;1895
2016-01-09T19:00:00+0100;0;0;0;9277;11450;2173
2016-01-09T20:00:00+0100;0;0;0;9569;11629;2060
2016-01-09T21:00:00+0100;0;0;0;9980;11666;1686
2016-01-09T22:00:00+0100;0;0;0;10436;12193;1757
2016-01-09T23:00:00+0100;0;0;0;10860;12602;1742
2016-01-10T00:00:00+0100;0;0;0;11711;13086;1375
2016-01-10T01:00:00+0100;0;0;0;12260;13590;1330
2016-01-10T02:00:00+0100;0;0;0;12807;14377;1570
2016-01-10T03:00:00+0100;0;0;0;13318;15121;1803
2016-01-10T04:00:00+0100;0;0;0;13770;15188;1418
2016-01-10T05:00:00+0100;0;0;0;14421;15749;1328
2016-01-10T06:00:00+0100;0;0;0;14889;16646;1757
2016-01-10T07:00:00+0100;3;0;-3;15332;17234;1902
2016-01-10T08:00:00+0100;165;178;13;15903;17175;1272
2016-01-10T09:00:00+0100;1160;1196;36;16020;16838;818
2016-01-10T10:00:00+0100;2698;2311;-387;15944;16607;663
2016-01-10T11:00:00+0100;4058;3154;-904;15332;16256;924
2016-01-10T12:00:00+0100;4500;3805;-695;14519;15297;778
2016-01-10T13:00:00+0100;4172;3940;-232;13475;14348;873
2016-01-10T14:00:00+0100;3052;3009;-43;12144;13428;1284
2016-01-10T15:00:00+0100;1312;1226;-86;11175;12548;1373
2016-01-10T16:00:00+0100;107;81;-26;10559;12871;2312
2016-01-10T17:00:00+0100;0;0;0;10357;13438;3081
2016-01-10T18:00:00+0100;0;0;0;10385;13767;3382
2016-01-10T19:00:00+0100;0;0;0;10442;14325;3883
2016-01-10T20:00:00+0100;0;0;0;10488;13727;3239
2016-01-10T21:00:00+0100;0;0;0;10415;12371;1956
2016-01-10T22:00:00+0100;0;0;0;10359;11575;1216
2016-01-10T23:00:00+0100;0;0;0;9972;11273;1301
2016-01-11T00:00:00+0100;0;0;0;9992;10728;736
2016-01-11T01:00:00+0100;0;0;0;9365;10013;648
2016-01-11T02:00:00+0100;0;0;0;8830;9387;557
2016-01-11T03:00:00+0100;0;0;0;8231;8030;-201
2016-01-11T04:00:00+0100;0;0;0;7503;7316;-187
2016-01-11T05:00:00+0100;0;0;0;6780;6474;-306
2016-01-11T06:00:00+0100;0;0;0;6207;6188;-19
2016-01-11T07:00:00+0100;2;0;-2;5956;6382;426
2016-01-11T08:00:00+0100;142;90;-52;5895;6817;922
2016-01-11T09:00:00+0100;900;544;-356;5751;7204;1453
2016-01-11T10:00:00+0100;1919;1343;-576;5649;7137;1488
2016-01-11T11:00:00+0100;2666;1989;-677;5451;6793;1342
2016-01-11T12:00:00+0100;2815;2238;-577;5300;6240;940
2016-01-11T13:00:00+0100;2412;1994;-418;5409;6038;629
2016-01-11T14:00:00+0100;1717;1296;-421;5800;6398;598
2016-01-11T15:00:00+0100;801;595;-206;6281;7476;1195
2016-01-11T16:00:00+0100;78;88;10;6890;8467;1577
2016-01-11T17:00:00+0100;0;1;1;7657;9729;2072
2016-01-11T18:00:00+0100;0;0;0;8491;10479;1988
2016-01-11T19:00:00+0100;0;0;0;8953;10726;1773
2016-01-11T20:00:00+0100;0;0;0;8913;10824;1911
2016-01-11T21:00:00+0100;0;0;0;8833;10748;1915
2016-01-11T22:00:00+0100;0;0;0;8602;10604;2002
2016-01-11T23:00:00+0100;0;0;0;8375;10300;1925
2016-01-12T00:00:00+0100;0;0;0;9183;10106;923
2016-01-12T01:00:00+0100;0;0;0;9041;9849;808
2016-01-12T02:00:00+0100;0;0;0;8910;9681;771
2016-01-12T03:00:00+0100;0;0;0;8789;9863;1074
2016-01-12T04:00:00+0100;0;0;0;8598;10305;1707
2016-01-12T05:00:00+0100;0;0;0;8643;10822;2179
2016-01-12T06:00:00+0100;0;0;0;8973;11436;2463
2016-01-12T07:00:00+0100;3;1;-2;9240;11621;2381
2016-01-12T08:00:00+0100;156;131;-25;9335;11797;2462
2016-01-12T09:00:00+0100;902;791;-111;9470;12120;2650
2016-01-12T10:00:00+0100;1868;1756;-112;9664;12748;3084
2016-01-12T11:00:00+0100;2657;2538;-119;9898;12975;3077
2016-01-12T12:00:00+0100;2921;3142;221;10150;13248;3098
2016-01-12T13:00:00+0100;2754;3137;383;10134;13553;3419
2016-01-12T14:00:00+0100;2070;2428;358;9851;13435;3584
2016-01-12T15:00:00+0100;973;1092;119;9535;12850;3315
2016-01-12T16:00:00+0100;111;116;5;9628;13023;3395
2016-01-12T17:00:00+0100;0;2;2;10253;13584;3331
2016-01-12T18:00:00+0100;0;0;0;10805;13919;3114
2016-01-12T19:00:00+0100;0;0;0;11107;14524;3417
2016-01-12T20:00:00+0100;0;0;0;11596;15350;3754
2016-01-12T21:00:00+0100;0;0;0;11932;15537;3605
2016-01-12T22:00:00+0100;0;0;0;12229;15507;3278
2016-01-12T23:00:00+0100;0;0;0;12508;15597;3089
2016-01-13T00:00:00+0100;0;0;0;14174;15809;1635
2016-01-13T01:00:00+0100;0;0;0;14015;16090;2075
2016-01-13T02:00:00+0100;0;0;0;14082;16516;2434
2016-01-13T03:00:00+0100;0;0;0;14110;17244;3134
2016-01-13T04:00:00+0100;0;0;0;14317;17520;3203
2016-01-13T05:00:00+0100;0;0;0;14769;18230;3461
2016-01-13T06:00:00+0100;0;0;0;15140;19194;4054
2016-01-13T07:00:00+0100;2;0;-2;15148;19309;4161
2016-01-13T08:00:00+0100;109;118;9;14830;18275;3445
2016-01-13T09:00:00+0100;622;642;20;14393;17223;2830
2016-01-13T10:00:00+0100;1437;1551;114;13869;16594;2725
2016-01-13T11:00:00+0100;2176;2258;82;13598;15837;2239
2016-01-13T12:00:00+0100;2545;2580;35;13226;15398;2172
2016-01-13T13:00:00+0100;2448;2376;-72;12600;14673;2073
2016-01-13T14:00:00+0100;1800;1778;-22;11802;13976;2174
2016-01-13T15:00:00+0100;819;774;-45;10957;13336;2379
2016-01-13T16:00:00+0100;103;86;-17;10088;13012;2924
2016-01-13T17:00:00+0100;0;2;2;9339;12136;2797
2016-01-13T18:00:00+0100;0;0;0;8671;10898;2227
2016-01-13T19:00:00+0100;0;0;0;8021;9909;1888
2016-01-13T20:00:00+0100;0;0;0;7720;9212;1492
2016-01-13T21:00:00+0100;0;0;0;7525;8514;989
2016-01-13T22:00:00+0100;0;0;0;7310;8676;1366
2016-01-13T23:00:00+0100;0;0;0;7121;9194;2073
2016-01-14T00:00:00+0100;0;0;0;9043;9833;790
2016-01-14T01:00:00+0100;0;0;0;9084;9532;448
2016-01-14T02:00:00+0100;0;0;0;8786;9152;366
2016-01-14T03:00:00+0100;0;0;0;8331;8990;659
2016-01-14T04:00:00+0100;0;0;0;8086;8285;199
2016-01-14T05:00:00+0100;0;0;0;8010;8370;360
2016-01-14T06:00:00+0100;0;0;0;8202;9000;798
2016-01-14T07:00:00+0100;7;0;-7;8539;9734;1195
2016-01-14T08:00:00+0100;442;472;30;8862;10273;1411
2016-01-14T09:00:00+0100;2652;2984;332;9300;10525;1225
2016-01-14T10:00:00+0100;5317;6185;868;9641;10369;728
2016-01-14T11:00:00+0100;7208;8841;1633;9789;10483;694
2016-01-14T12:00:00+0100;7488;9829;2341;9797;10506;709
2016-01-14T13:00:00+0100;6275;8555;2280;9427;10268;841
2016-01-14T14:00:00+0100;4053;5652;1599;9154;9868;714
2016-01-14T15:00:00+0100;1731;1911;180;9051;9567;516
2016-01-14T16:00:00+0100;181;119;-62;9249;9721;472
2016-01-14T17:00:00+0100;0;2;2;9610;10369;759
2016-01-14T18:00:00+0100;0;0;0;9797;11076;1279
2016-01-14T19:00:00+0100;0;0;0;9762;10633;871
2016-01-14T20:00:00+0100;0;0;0;9471;10494;1023
2016-01-14T21:00:00+0100;0;0;0;9010;10391;1381
2016-01-14T22:00:00+0100;0;0;0;8568;9926;1358
2016-01-14T23:00:00+0100;0;0;0;8264;9744;1480
2016-01-15T00:00:00+0100;0;0;0;8588;9660;1072
2016-01-15T01:00:00+0100;0;0;0;8348;9733;1385
2016-01-15T02:00:00+0100;0;0;0;8228;9642;1414
2016-01-15T03:00:00+0100;0;0;0;8180;9479;1299
2016-01-15T04:00:00+0100;0;0;0;7949;9575;1626
2016-01-15T05:00:00+0100;0;0;0;7740;9534;1794
2016-01-15T06:00:00+0100;0;0;0;7680;9762;2082
2016-01-15T07:00:00+0100;3;0;-3;7724;9618;1894
2016-01-15T08:00:00+0100;155;130;-25;7648;9335;1687
2016-01-15T09:00:00+0100;855;668;-187;7726;8549;823
2016-01-15T10:00:00+0100;1784;1221;-563;7768;7845;77
2016-01-15T11:00:00+0100;2513;1679;-834;7737;6973;-764
2016-01-15T12:00:00+0100;2756;1800;-956;7656;6298;-1358
2016-01-15T13:00:00+0100;2479;1637;-842;7503;5759;-1744
2016-01-15T14:00:00+0100;1724;1053;-671;7244;5160;-2084
2016-01-15T15:00:00+0100;784;448;-336;6782;4644;-2138
2016-01-15T16:00:00+0100;101;52;-49;6345;4236;-2109
2016-01-15T17:00:00+0100;2;2;0;5942;3936;-2006
2016-01-15T18:00:00+0100;0;0;0;5559;3818;-1741
2016-01-15T19:00:00+0100;0;0;0;5079;3529;-1550
2016-01-15T20:00:00+0100;0;0;0;4595;3075;-1520
2016-01-15T21:00:00+0100;0;0;0;4032;2934;-1098
2016-01-15T22:00:00+0100;0;0;0;3519;2625;-894
2016-01-15T23:00:00+0100;0;0;0;3101;2326;-775
2016-01-16T00:00:00+0100;0;0;0;2145;2187;42
2016-01-16T01:00:00+0100;0;0;0;1925;2093;168
2016-01-16T02:00:00+0100;0;0;0;2036;2006;-30
2016-01-16T03:00:00+0100;0;0;0;2301;2180;-121
2016-01-16T04:00:00+0100;0;0;0;2559;2436;-123
2016-01-16T05:00:00+0100;0;0;0;2669;2602;-67
2016-01-16T06:00:00+0100;0;0;0;2924;2766;-158
2016-01-16T07:00:00+0100;4;0;-4;3283;3258;-25
2016-01-16T08:00:00+0100;256;96;-160;3811;4115;304
2016-01-16T09:00:00+0100;1352;541;-811;4305;4726;421
2016-01-16T10:00:00+0100;2758;1106;-1652;4381;5118;737
2016-01-16T11:00:00+0100;3885;1594;-2291;4326;5931;1605
2016-01-16T12:00:00+0100;4275;1786;-2489;4531;6466;1935
2016-01-16T13:00:00+0100;3942;1674;-2268;4920;7099;2179
2016-01-16T14:00:00+0100;2892;1263;-1629;5496;7727;2231
2016-01-16T15:00:00+0100;1400;617;-783;6033;7948;1915
2016-01-16T16:00:00+0100;208;95;-113;6267;7788;1521
2016-01-16T17:00:00+0100;12;2;-10;6420;7948;1528
2016-01-16T18:00:00+0100;0;0;0;6623;8048;1425
2016-01-16T19:00:00+0100;0;0;0;6899;8223;1324
2016-01-16T20:00:00+0100;0;0;0;7140;8343;1203
2016-01-16T21:00:00+0100;0;0;0;7403;8475;1072
2016-01-16T22:00:00+0100;0;0;0;7411;8733;1322
2016-01-16T23:00:00+0100;0;0;0;7346;8873;1527
2016-01-17T00:00:00+0100;0;0;0;7930;8831;901
2016-01-17T01:00:00+0100;0;0;0;7923;8726;803
2016-01-17T02:00:00+0100;0;0;0;7957;8456;499
2016-01-17T03:00:00+0100;0;0;0;7743;8266;523
2016-01-17T04:00:00+0100;0;0;0;7237;7966;729
2016-01-17T05:00:00+0100;0;0;0;6706;7637;931
2016-01-17T06:00:00+0100;0;0;0;6071;7495;1424
2016-01-17T07:00:00+0100;0;0;0;5398;6884;1486
2016-01-17T08:00:00+0100;143;96;-47;4555;5737;1182
2016-01-17T09:00:00+0100;1087;486;-601;3900;4770;870
2016-01-17T10:00:00+0100;2571;977;-1594;3268;4060;792
2016-01-17T11:00:00+0100;3955;1516;-2439;2720;3350;630
2016-01-17T12:00:00+0100;4701;1933;-2768;2211;2878;667
2016-01-17T13:00:00+0100;4465;1777;-2688;1820;2724;904
2016-01-17T14:00:00+0100;3406;1259;-2147;1598;2530;932
2016-01-17T15:00:00+0100;1713;595;-1118;1444;2310;866
2016-01-17T16:00:00+0100;223;94;-129;1429;2319;890
2016-01-17T17:00:00+0100;3;1;-2;1447;2079;632
2016-01-17T18:00:00+0100;0;0;0;1437;1968;531
2016-01-17T19:00:00+0100;0;0;0;1490;1862;372
2016-01-17T20:00:00+0100;0;0;0;1529;1741;212
2016-01-17T21:00:00+0100;0;0;0;1628;1996;368
2016-01-17T22:00:00+0100;0;0;0;1783;2354;571
2016-01-17T23:00:00+0100;0;0;0;1972;2563;591
2016-01-18T00:00:00+0100;0;0;0;3285;2678;-607
2016-01-18T01:00:00+0100;0;0;0;3416;2789;-627
2016-01-18T02:00:00+0100;0;0;0;3540;2592;-948
2016-01-18T03:00:00+0100;0;0;0;3548;2734;-814
2016-01-18T04:00:00+0100;0;0;0;3466;2519;-947
2016-01-18T05:00:00+0100;0;0;0;3338;2244;-1094
2016-01-18T06:00:00+0100;0;0;0;3180;2195;-985
2016-01-18T07:00:00+0100;0;0;0;3144;2498;-646
2016-01-18T08:00:00+0100;191;128;-63;3374;2836;-538
2016-01-18T09:00:00+0100;1541;864;-677;3662;3110;-552
2016-01-18T10:00:00+0100;3643;1970;-1673;3762;3117;-645
2016-01-18T11:00:00+0100;5613;3101;-2512;3530;2724;-806
2016-01-18T12:00:00+0100;6458;3938;-2520;3190;2912;-278
2016-01-18T13:00:00+0100;6081;4136;-1945;2990;3300;310
2016-01-18T14:00:00+0100;4620;3360;-1260;2806;3480;674
2016-01-18T15:00:00+0100;2486;1706;-780;2826;3502;676
2016-01-18T16:00:00+0100;355;216;-139;3007;3658;651
2016-01-18T17:00:00+0100;3;2;-1;3284;4168;884
2016-01-18T18:00:00+0100;0;0;0;3588;4628;1040
2016-01-18T19:00:00+0100;0;0;0;3781;5206;1425
2016-01-18T20:00:00+0100;0;0;0;3938;5464;1526
2016-01-18T21:00:00+0100;0;0;0;4011;5678;1667
2016-01-18T22:00:00+0100;0;0;0;4028;5890;1862
2016-01-18T23:00:00+0100;0;0;0;4050;6150;2100
2016-01-19T00:00:00+0100;0;0;0;5852;6575;723
2016-01-19T01:00:00+0100;0;0;0;5896;6670;774
2016-01-19T02:00:00+0100;0;0;0;6051;6634;583
2016-01-19T03:00:00+0100;0;0;0;6293;6747;454
2016-01-19T04:00:00+0100;0;0;0;6507;6940;433
2016-01-19T05:00:00+0100;0;0;0;6627;7392;765
2016-01-19T06:00:00+0100;0;0;0;6857;7908;1051
2016-01-19T07:00:00+0100;1;0;-1;7071;8304;1233
2016-01-19T08:00:00+0100;182;202;20;7084;8551;1467
2016-01-19T09:00:00+0100;1220;1297;77;6916;7806;890
2016-01-19T10:00:00+0100;2807;2702;-105;6392;7267;875
2016-01-19T11:00:00+0100;4358;3871;-487;5697;6382;685
2016-01-19T12:00:00+0100;5120;4413;-707;5131;5768;637
2016-01-19T13:00:00+0100;4845;3926;-919;4910;5718;808
2016-01-19T14:00:00+0100;3624;2860;-764;4937;6049;1112
2016-01-19T15:00:00+0100;1940;1335;-605;4998;5881;883
2016-01-19T16:00:00+0100;277;174;-103;5228;6365;1137
2016-01-19T17:00:00+0100;2;2;0;5512;6878;1366
2016-01-19T18:00:00+0100;0;0;0;5744;7558;1814
2016-01-19T19:00:00+0100;0;0;0;5819;7957;2138
2016-01-19T20:00:00+0100;0;0;0;5613;7758;2145
2016-01-19T21:00:00+0100;0;0;0;5271;7618;2347
2016-01-19T22:00:00+0100;0;0;0;4982;7434;2452
2016-01-19T23:00:00+0100;0;0;0;4850;7168;2318
2016-01-20T00:00:00+0100;0;0;0;8321;6819;-1502
2016-01-20T01:00:00+0100;0;0;0;8205;6799;-1406
2016-01-20T02:00:00+0100;0;0;0;8092;6452;-1640
2016-01-20T03:00:00+0100;0;0;0;7940;6552;-1388
2016-01-20T04:00:00+0100;0;0;0;7746;6640;-1106
2016-01-20T05:00:00+0100;0;0;0;7489;6230;-1259
2016-01-20T06:00:00+0100;0;0;0;7197;6298;-899
2016-01-20T07:00:00+0100;1;0;-1;6841;6159;-682
2016-01-20T08:00:00+0100;176;136;-40;6356;6024;-332
2016-01-20T09:00:00+0100;1024;663;-361;5889;5824;-65
2016-01-20T10:00:00+0100;2027;1439;-588;5406;5073;-333
2016-01-20T11:00:00+0100;3140;2196;-944;4906;4800;-106
2016-01-20T12:00:00+0100;3688;2690;-998;4449;4485;36
2016-01-20T13:00:00+0100;3561;2998;-563;4109;4362;253
2016-01-20T14:00:00+0100;2728;2477;-251;3872;4196;324
2016-01-20T15:00:00+0100;1452;1370;-82;3698;4066;368
2016-01-20T16:00:00+0100;252;268;16;3636;4088;452
2016-01-20T17:00:00+0100;4;2;-2;3764;4120;356
2016-01-20T18:00:00+0100;0;0;0;3913;4018;105
2016-01-20T19:00:00+0100;0;0;0;3882;4006;124
2016-01-20T20:00:00+0100;0;0;0;3661;3661;0
2016-01-20T21:00:00+0100;0;0;0;3357;3216;-141
2016-01-20T22:00:00+0100;0;0;0;3090;2770;-320
2016-01-20T23:00:00+0100;0;0;0;2823;2511;-312
2016-01-21T00:00:00+0100;0;0;0;2538;2342;-196
2016-01-21T01:00:00+0100;0;0;0;2397;2035;-362
2016-01-21T02:00:00+0100;0;0;0;2269;1797;-472
2016-01-21T03:00:00+0100;0;0;0;2128;1628;-500
2016-01-21T04:00:00+0100;0;0;0;1970;1432;-538
2016-01-21T05:00:00+0100;0;0;0;1874;1410;-464
2016-01-21T06:00:00+0100;0;0;0;1800;1444;-356
2016-01-21T07:00:00+0100;1;0;-1;1700;1562;-138
2016-01-21T08:00:00+0100;158;117;-41;1625;1621;-4
2016-01-21T09:00:00+0100;1100;720;-380;1557;1652;95
2016-01-21T10:00:00+0100;2297;1702;-595;1545;1605;60
2016-01-21T11:00:00+0100;3671;2923;-748;1632;1699;67
2016-01-21T12:00:00+0100;4523;3954;-569;1641;1587;-54
2016-01-21T13:00:00+0100;4574;4241;-333;1649;1680;31
2016-01-21T14:00:00+0100;3667;3396;-271;1686;1551;-135
2016-01-21T15:00:00+0100;2066;1909;-157;1694;1394;-300
2016-01-21T16:00:00+0100;351;370;19;1840;1430;-410
2016-01-21T17:00:00+0100;9;3;-6;2113;1681;-432
2016-01-21T18:00:00+0100;0;0;0;2442;2142;-300
2016-01-21T19:00:00+0100;0;0;0;2762;2507;-255
2016-01-21T20:00:00+0100;0;0;0;3075;2841;-234
2016-01-21T21:00:00+0100;0;0;0;3321;2952;-369
2016-01-21T22:00:00+0100;0;0;0;3525;3004;-521
2016-01-21T23:00:00+0100;0;0;0;3707;3224;-483
2016-01-22T00:00:00+0100;0;0;0;3498;3354;-144
2016-01-22T01:00:00+0100;0;0;0;3651;3441;-210
2016-01-22T02:00:00+0100;0;0;0;3887;3424;-463
2016-01-22T03:00:00+0100;0;0;0;4228;3532;-696
2016-01-22T04:00:00+0100;0;0;0;4631;3730;-901
2016-01-22T05:00:00+0100;0;0;0;5110;4004;-1106
2016-01-22T06:00:00+0100;0;0;0;5719;4308;-1411
2016-01-22T07:00:00+0100;2;0;-2;6514;4954;-1560
2016-01-22T08:00:00+0100;308;335;27;7390;5882;-1508
2016-01-22T09:00:00+0100;1953;2097;144;8109;6469;-1640
2016-01-22T10:00:00+0100;3802;4390;588;8338;6489;-1849
2016-01-22T11:00:00+0100;5646;6234;588;8024;6114;-1910
2016-01-22T12:00:00+0100;6348;6960;612;7655;5821;-1834
2016-01-22T13:00:00+0100;5907;6725;818;7824;5964;-1860
2016-01-22T14:00:00+0100;4405;5293;888;8514;6442;-2072
2016-01-22T15:00:00+0100;2266;2707;441;9727;7692;-2035
2016-01-22T16:00:00+0100;359;450;91;11266;9992;-1274
2016-01-22T17:00:00+0100;5;6;1;12984;12934;-50
2016-01-22T18:00:00+0100;0;0;0;14706;15214;508
2016-01-22T19:00:00+0100;0;0;0;15725;15944;219
2016-01-22T20:00:00+0100;0;0;0;16070;16267;197
2016-01-22T21:00:00+0100;0;0;0;15928;15776;-152
2016-01-22T22:00:00+0100;0;0;0;15749;15034;-715
2016-01-22T23:00:00+0100;0;0;0;15548;14262;-1286
2016-01-23T00:00:00+0100;0;0;0;13248;13088;-160
2016-01-23T01:00:00+0100;0;0;0;12364;11936;-428
2016-01-23T02:00:00+0100;0;0;0;11768;10903;-865
2016-01-23T03:00:00+0100;0;0;0;11361;10683;-678
2016-01-23T04:00:00+0100;0;0;0;10974;10570;-404
2016-01-23T05:00:00+0100;0;0;0;10939;11178;239
2016-01-23T06:00:00+0100;0;0;0;10941;11944;1003
2016-01-23T07:00:00+0100;1;0;-1;11074;12382;1308
2016-01-23T08:00:00+0100;55;50;-5;11438;12812;1374
2016-01-23T09:00:00+0100;367;399;32;11619;13353;1734
2016-01-23T10:00:00+0100;901;972;71;11471;12898;1427
2016-01-23T11:00:00+0100;1497;1720;223;11001;11954;953
2016-01-23T12:00:00+0100;1808;2250;442;10535;12182;1647
2016-01-23T13:00:00+0100;1782;2244;462;10253;12240;1987
2016-01-23T14:00:00+0100;1386;1810;424;9903;12079;2176
2016-01-23T15:00:00+0100;734;980;246;9561;11705;2144
2016-01-23T16:00:00+0100;142;206;64;9323;12347;3024
2016-01-23T17:00:00+0100;0;3;3;9298;12193;2895
2016-01-23T18:00:00+0100;0;0;0;9319;11267;1948
2016-01-23T19:00:00+0100;0;0;0;9369;11248;1879
2016-01-23T20:00:00+0100;0;0;0;9296;11502;2206
2016-01-23T21:00:00+0100;0;0;0;9092;10594;1502
2016-01-23T22:00:00+0100;0;0;0;8860;10684;1824
2016-01-23T23:00:00+0100;0;0;0;8665;10650;1985
2016-01-24T00:00:00+0100;0;0;0;9820;10535;715
2016-01-24T01:00:00+0100;0;0;0;9458;10120;662
2016-01-24T02:00:00+0100;0;0;0;9237;9829;592
2016-01-24T03:00:00+0100;0;0;0;8986;9755;769
2016-01-24T04:00:00+0100;0;0;0;8795;9922;1127
2016-01-24T05:00:00+0100;0;0;0;8724;9343;619
2016-01-24T06:00:00+0100;0;0;0;8675;9229;554
2016-01-24T07:00:00+0100;2;0;-2;8649;9028;379
2016-01-24T08:00:00+0100;135;179;44;8673;8927;254
2016-01-24T09:00:00+0100;673;912;239;8625;8941;316
2016-01-24T10:00:00+0100;1372;1952;580;8535;9137;602
2016-01-24T11:00:00+0100;1953;2903;950;8386;9184;798
2016-01-24T12:00:00+0100;2237;3501;1264;8222;8602;380
2016-01-24T13:00:00+0100;2118;3580;1462;7988;8702;714
2016-01-24T14:00:00+0100;1562;2676;1114;7760;8447;687
2016-01-24T15:00:00+0100;789;1418;629;7625;8656;1031
2016-01-24T16:00:00+0100;153;285;132;7643;9800;2157
2016-01-24T17:00:00+0100;0;4;4;8059;11357;3298
2016-01-24T18:00:00+0100;0;0;0;8620;12349;3729
2016-01-24T19:00:00+0100;0;0;0;9084;13103;4019
2016-01-24T20:00:00+0100;0;0;0;9297;14080;4783
2016-01-24T21:00:00+0100;0;0;0;9429;14663;5234
2016-01-24T22:00:00+0100;0;0;0;9384;14628;5244
2016-01-24T23:00:00+0100;0;0;0;9408;14571;5163
2016-01-25T00:00:00+0100;0;0;0;12805;14322;1517
2016-01-25T01:00:00+0100;0;0;0;12649;14318;1669
2016-01-25T02:00:00+0100;0;0;0;12458;13945;1487
2016-01-25T03:00:00+0100;0;0;0;12275;13843;1568
2016-01-25T04:00:00+0100;0;0;0;12028;13358;1330
2016-01-25T05:00:00+0100;0;0;0;11729;13026;1297
2016-01-25T06:00:00+0100;0;0;0;11364;12509;1145
2016-01-25T07:00:00+0100;2;0;-2;11048;11962;914
2016-01-25T08:00:00+0100;194;178;-16;10753;11340;587
2016-01-25T09:00:00+0100;1052;1126;74;10524;10903;379
2016-01-25T10:00:00+0100;2399;2782;383;10206;10400;194
2016-01-25T11:00:00+0100;3857;5160;1303;9641;9988;347
2016-01-25T12:00:00+0100;4910;6942;2032;8957;9490;533
2016-01-25T13:00:00+0100;5283;7364;2081;8437;9015;578
2016-01-25T14:00:00+0100;4517;6011;1494;8188;8838;650
2016-01-25T15:00:00+0100;2681;3418;737;8103;9042;939
2016-01-25T16:00:00+0100;572;793;221;8464;9933;1469
2016-01-25T17:00:00+0100;1;8;7;9247;12158;2911
2016-01-25T18:00:00+0100;0;0;0;10165;13805;3640
2016-01-25T19:00:00+0100;0;0;0;11187;14240;3053
2016-01-25T20:00:00+0100;0;0;0;12137;15004;2867
2016-01-25T21:00:00+0100;0;0;0;13176;16136;2960
2016-01-25T22:00:00+0100;0;0;0;14300;16781;2481
2016-01-25T23:00:00+0100;0;0;0;15526;17747;2221
2016-01-26T00:00:00+0100;0;0;0;17245;18747;1502
2016-01-26T01:00:00+0100;0;0;0;18030;19518;1488
2016-01-26T02:00:00+0100;0;0;0;18645;19580;935
2016-01-26T03:00:00+0100;0;0;0;19041;19225;184
2016-01-26T04:00:00+0100;0;0;0;19106;18846;-260
2016-01-26T05:00:00+0100;0;0;0;18865;17893;-972
2016-01-26T06:00:00+0100;0;0;0;18362;17494;-868
2016-01-26T07:00:00+0100;7;0;-7;17409;16872;-537
2016-01-26T08:00:00+0100;410;388;-22;16261;16324;63
2016-01-26T09:00:00+0100;1955;2040;85;15168;15472;304
2016-01-26T10:00:00+0100;3995;4673;678;14302;14800;498
2016-01-26T11:00:00+0100;5820;7296;1476;13783;14228;445
2016-01-26T12:00:00+0100;6766;8774;2008;13546;14373;827
2016-01-26T13:00:00+0100;6565;8202;1637;13449;14705;1256
2016-01-26T14:00:00+0100;5142;6159;1017;13342;15111;1769
2016-01-26T15:00:00+0100;2852;3420;568;13497;16500;3003
2016-01-26T16:00:00+0100;601;726;125;14456;18790;4334
2016-01-26T17:00:00+0100;2;8;6;16261;21511;5250
2016-01-26T18:00:00+0100;0;0;0;18511;24311;5800
2016-01-26T19:00:00+0100;0;0;0;20695;26444;5749
2016-01-26T20:00:00+0100;0;0;0;22440;27858;5418
2016-01-26T21:00:00+0100;0;0;0;23810;28508;4698
2016-01-26T22:00:00+0100;0;0;0;25122;28830;3708
2016-01-26T23:00:00+0100;0;0;0;26239;28931;2692
2016-01-27T00:00:00+0100;0;0;0;29034;28542;-492
2016-01-27T01:00:00+0100;0;0;0;29355;27815;-1540
2016-01-27T02:00:00+0100;0;0;0;29439;27534;-1905
2016-01-27T03:00:00+0100;0;0;0;29307;27406;-1901
2016-01-27T04:00:00+0100;0;0;0;29022;27292;-1730
2016-01-27T05:00:00+0100;0;0;0;28746;26777;-1969
2016-01-27T06:00:00+0100;0;0;0;28340;26992;-1348
2016-01-27T07:00:00+0100;6;2;-4;28020;26978;-1042
2016-01-27T08:00:00+0100;335;322;-13;27861;26584;-1277
2016-01-27T09:00:00+0100;1374;1510;136;27733;26108;-1625
2016-01-27T10:00:00+0100;2702;3226;524;27633;26273;-1360
2016-01-27T11:00:00+0100;3788;5157;1369;27518;26995;-523
2016-01-27T12:00:00+0100;4173;5511;1338;27347;27513;166
2016-01-27T13:00:00+0100;3888;4300;412;27311;27523;212
2016-01-27T14:00:00+0100;2987;2789;-198;27252;27370;118
2016-01-27T15:00:00+0100;1667;1398;-269;27116;27322;206
2016-01-27T16:00:00+0100;425;292;-133;27090;27532;442
2016-01-27T17:00:00+0100;2;7;5;27109;27679;570
2016-01-27T18:00:00+0100;0;0;0;27212;27916;704
2016-01-27T19:00:00+0100;0;0;0;27585;28453;868
2016-01-27T20:00:00+0100;0;0;0;27745;28925;1180
2016-01-27T21:00:00+0100;0;0;0;27559;28776;1217
2016-01-27T22:00:00+0100;0;0;0;26863;28438;1575
2016-01-27T23:00:00+0100;0;0;0;25780;28116;2336
2016-01-28T00:00:00+0100;0;0;0;27076;27246;170
2016-01-28T01:00:00+0100;0;0;0;26091;26090;-1
2016-01-28T02:00:00+0100;0;0;0;24845;25343;498
2016-01-28T03:00:00+0100;0;0;0;23676;25443;1767
2016-01-28T04:00:00+0100;0;0;0;22777;26041;3264
2016-01-28T05:00:00+0100;0;0;0;22234;26284;4050
2016-01-28T06:00:00+0100;0;0;0;21773;26359;4586
2016-01-28T07:00:00+0100;8;1;-7;21131;25506;4375
2016-01-28T08:00:00+0100;360;398;38;20334;23400;3066
2016-01-28T09:00:00+0100;1695;1697;2;19469;20935;1466
2016-01-28T10:00:00+0100;3505;3970;465;18685;20029;1344
2016-01-28T11:00:00+0100;5161;6327;1166;17925;19400;1475
2016-01-28T12:00:00+0100;6035;7593;1558;16952;19448;2496
2016-01-28T13:00:00+0100;5989;7267;1278;15773;17982;2209
2016-01-28T14:00:00+0100;4847;5746;899;14226;16382;2156
2016-01-28T15:00:00+0100;2680;3018;338;12778;13862;1084
2016-01-28T16:00:00+0100;512;586;74;12085;12070;-15
2016-01-28T17:00:00+0100;1;12;11;12370;11582;-788
2016-01-28T18:00:00+0100;0;0;0;13221;12935;-286
2016-01-28T19:00:00+0100;0;0;0;14333;14030;-303
2016-01-28T20:00:00+0100;0;0;0;15169;15163;-6
2016-01-28T21:00:00+0100;0;0;0;15734;16139;405
2016-01-28T22:00:00+0100;0;0;0;16058;16162;104
2016-01-28T23:00:00+0100;0;0;0;16324;16338;14
2016-01-29T00:00:00+0100;0;0;0;16908;16844;-64
2016-01-29T01:00:00+0100;0;0;0;17604;17479;-125
2016-01-29T02:00:00+0100;0;0;0;18700;18572;-128
2016-01-29T03:00:00+0100;0;0;0;19934;19934;0
2016-01-29T04:00:00+0100;0;0;0;21110;21325;215
2016-01-29T05:00:00+0100;0;0;0;22194;22625;431
2016-01-29T06:00:00+0100;0;0;0;23222;24499;1277
2016-01-29T07:00:00+0100;16;2;-14;24345;25848;1503
2016-01-29T08:00:00+0100;552;558;6;25548;26616;1068
2016-01-29T09:00:00+0100;2482;3346;864;26685;26763;78
2016-01-29T10:00:00+0100;4821;6770;1949;27555;27827;272
2016-01-29T11:00:00+0100;6736;8836;2100;28321;28690;369
2016-01-29T12:00:00+0100;7529;9364;1835;28898;29495;597
2016-01-29T13:00:00+0100;7183;8776;1593;29458;29640;182
2016-01-29T14:00:00+0100;5672;7008;1336;29986;29767;-219
2016-01-29T15:00:00+0100;3256;3906;650;30490;30245;-245
2016-01-29T16:00:00+0100;822;941;119;30628;30768;140
2016-01-29T17:00:00+0100;5;12;7;30513;30664;151
2016-01-29T18:00:00+0100;0;0;0;30294;30760;466
2016-01-29T19:00:00+0100;0;0;0;29996;30601;605
2016-01-29T20:00:00+0100;0;0;0;29788;30456;668
2016-01-29T21:00:00+0100;0;0;0;29759;30378;619
2016-01-29T22:00:00+0100;0;0;0;29788;29262;-526
2016-01-29T23:00:00+0100;0;0;0;29913;29223;-690
2016-01-30T00:00:00+0100;0;0;0;30190;28908;-1282
2016-01-30T01:00:00+0100;0;0;0;30695;29125;-1570
2016-01-30T02:00:00+0100;0;0;0;31085;29182;-1903
2016-01-30T03:00:00+0100;0;0;0;31313;29380;-1933
2016-01-30T04:00:00+0100;0;0;0;31419;30016;-1403
2016-01-30T05:00:00+0100;0;0;0;31332;30230;-1102
2016-01-30T06:00:00+0100;0;0;0;31231;31789;558
2016-01-30T07:00:00+0100;18;4;-14;31173;32090;917
2016-01-30T08:00:00+0100;552;635;83;30928;32413;1485
2016-01-30T09:00:00+0100;2030;2671;641;30432;31782;1350
2016-01-30T10:00:00+0100;3698;4706;1008;29749;30788;1039
2016-01-30T11:00:00+0100;4874;5693;819;28826;29990;1164
2016-01-30T12:00:00+0100;5102;5320;218;27573;28881;1308
2016-01-30T13:00:00+0100;4514;4371;-143;26500;27798;1298
2016-01-30T14:00:00+0100;3258;2817;-441;25464;27678;2214
2016-01-30T15:00:00+0100;1786;1384;-402;24539;26752;2213
2016-01-30T16:00:00+0100;475;293;-182;23910;25540;1630
2016-01-30T17:00:00+0100;4;8;4;23335;25128;1793
2016-01-30T18:00:00+0100;0;0;0;23042;25553;2511
2016-01-30T19:00:00+0100;0;0;0;22797;25352;2555
2016-01-30T20:00:00+0100;0;0;0;22557;25704;3147
2016-01-30T21:00:00+0100;0;0;0;22528;25382;2854
2016-01-30T22:00:00+0100;0;0;0;22915;24279;1364
2016-01-30T23:00:00+0100;0;0;0;23462;24644;1182
2016-01-31T00:00:00+0100;0;0;0;27106;24338;-2768
2016-01-31T01:00:00+0100;0;0;0;27343;24500;-2843
2016-01-31T02:00:00+0100;0;0;0;27323;24771;-2552
2016-01-31T03:00:00+0100;0;0;0;27200;24614;-2586
2016-01-31T04:00:00+0100;0;0;0;26999;24742;-2257
2016-01-31T05:00:00+0100;0;0;0;26591;24956;-1635
2016-01-31T06:00:00+0100;0;0;0;25985;25184;-801
2016-01-31T07:00:00+0100;16;3;-13;25194;24304;-890
2016-01-31T08:00:00+0100;464;487;23;24465;23348;-1117
2016-01-31T09:00:00+0100;1835;1849;14;23933;22886;-1047
2016-01-31T10:00:00+0100;3260;3194;-66;23874;22920;-954
2016-01-31T11:00:00+0100;4133;3797;-336;24228;23001;-1227
2016-01-31T12:00:00+0100;4115;3858;-257;24216;22836;-1380
2016-01-31T13:00:00+0100;3376;3234;-142;23553;22051;-1502
2016-01-31T14:00:00+0100;2276;2235;-41;22143;20347;-1796
2016-01-31T15:00:00+0100;1152;1058;-94;20459;18223;-2236
2016-01-31T16:00:00+0100;279;234;-45;18931;16996;-1935
2016-01-31T17:00:00+0100;3;8;5;17919;16310;-1609
2016-01-31T18:00:00+0100;0;0;0;17180;16277;-903
2016-01-31T19:00:00+0100;0;0;0;16777;16489;-288
2016-01-31T20:00:00+0100;0;0;0;16424;15947;-477
2016-01-31T21:00:00+0100;0;0;0;15959;15440;-519
2016-01-31T22:00:00+0100;0;0;0;15334;15268;-66
2016-01-31T23:00:00+0100;0;0;0;14604;14553;-51
2016-02-01T00:00:00+0100;0;0;0;13004;14064;1060
2016-02-01T01:00:00+0100;0;0;0;12053;13730;1677
2016-02-01T02:00:00+0100;0;0;0;11216;13145;1929
2016-02-01T03:00:00+0100;0;0;0;10547;12450;1903
2016-02-01T04:00:00+0100;0;0;0;10292;11930;1638
2016-02-01T05:00:00+0100;0;0;0;10915;12058;1143
2016-02-01T06:00:00+0100;0;0;0;12065;12123;58
2016-02-01T07:00:00+0100;5;2;-3;13782;12819;-963
2016-02-01T08:00:00+0100;180;181;1;16548;15324;-1224
2016-02-01T09:00:00+0100;736;946;210;19748;17706;-2042
2016-02-01T10:00:00+0100;1459;1799;340;22911;20348;-2563
2016-02-01T11:00:00+0100;2031;2332;301;26096;22670;-3426
2016-02-01T12:00:00+0100;2365;2660;295;28854;25496;-3358
2016-02-01T13:00:00+0100;2393;2748;355;30888;27799;-3089
2016-02-01T14:00:00+0100;2072;2255;183;32182;29928;-2254
2016-02-01T15:00:00+0100;1307;1441;134;32966;31317;-1649
2016-02-01T16:00:00+0100;372;408;36;33218;31939;-1279
2016-02-01T17:00:00+0100;6;11;5;33159;31914;-1245
2016-02-01T18:00:00+0100;0;0;0;33169;32235;-934
2016-02-01T19:00:00+0100;0;0;0;33165;32928;-237
2016-02-01T20:00:00+0100;0;0;0;33581;32724;-857
2016-02-01T21:00:00+0100;0;0;0;33355;32541;-814
2016-02-01T22:00:00+0100;0;0;0;33199;31794;-1405
2016-02-01T23:00:00+0100;0;0;0;33074;31636;-1438
2016-02-02T00:00:00+0100;0;0;0;33053;31215;-1838
2016-02-02T01:00:00+0100;0;0;0;33043;30705;-2338
2016-02-02T02:00:00+0100;0;0;0;33005;30330;-2675
2016-02-02T03:00:00+0100;0;0;0;32839;30124;-2715
2016-02-02T04:00:00+0100;0;0;0;32620;29534;-3086
2016-02-02T05:00:00+0100;0;0;0;32345;29690;-2655
2016-02-02T06:00:00+0100;0;0;0;32036;30366;-1670
2016-02-02T07:00:00+0100;16;4;-12;31853;29804;-2049
2016-02-02T08:00:00+0100;444;440;-4;31807;29322;-2485
2016-02-02T09:00:00+0100;1577;1739;162;31850;29118;-2732
2016-02-02T10:00:00+0100;2940;3165;225;31821;29054;-2767
2016-02-02T11:00:00+0100;4019;4488;469;31706;29110;-2596
2016-02-02T12:00:00+0100;4419;4979;560;31539;28598;-2941
2016-02-02T13:00:00+0100;4421;4387;-34;31548;28287;-3261
2016-02-02T14:00:00+0100;3559;3490;-69;31506;27882;-3624
2016-02-02T15:00:00+0100;2059;2108;49;31209;27441;-3768
2016-02-02T16:00:00+0100;599;571;-28;30762;27414;-3348
2016-02-02T17:00:00+0100;12;16;4;30452;28224;-2228
2016-02-02T18:00:00+0100;0;0;0;30384;28388;-1996
2016-02-02T19:00:00+0100;0;0;0;30642;29349;-1293
2016-02-02T20:00:00+0100;0;0;0;30537;29300;-1237
2016-02-02T21:00:00+0100;0;0;0;30375;29058;-1317
2016-02-02T22:00:00+0100;0;0;0;30155;28504;-1651
2016-02-02T23:00:00+0100;0;0;0;29943;28434;-1509
2016-02-03T00:00:00+0100;0;0;0;29688;27785;-1903
2016-02-03T01:00:00+0100;0;0;0;29344;27733;-1611
2016-02-03T02:00:00+0100;0;0;0;28803;26864;-1939
2016-02-03T03:00:00+0100;0;0;0;28290;26042;-2248
2016-02-03T04:00:00+0100;0;0;0;27769;24558;-3211
2016-02-03T05:00:00+0100;0;0;0;27096;23470;-3626
2016-02-03T06:00:00+0100;0;0;0;26355;22626;-3729
2016-02-03T07:00:00+0100;24;6;-18;25625;21860;-3765
2016-02-03T08:00:00+0100;662;512;-150;25073;20982;-4091
2016-02-03T09:00:00+0100;2556;1971;-585;24948;20464;-4484
2016-02-03T10:00:00+0100;4537;3691;-846;25377;20989;-4388
2016-02-03T11:00:00+0100;6086;5246;-840;26002;21847;-4155
2016-02-03T12:00:00+0100;6682;5783;-899;26429;23191;-3238
2016-02-03T13:00:00+0100;6268;5410;-858;26237;23083;-3154
2016-02-03T14:00:00+0100;4970;4523;-447;25342;22030;-3312
2016-02-03T15:00:00+0100;3020;2871;-149;24021;20933;-3088
2016-02-03T16:00:00+0100;890;814;-76;22662;20032;-2630
2016-02-03T17:00:00+0100;24;32;8;21871;19782;-2089
2016-02-03T18:00:00+0100;0;0;0;21449;20728;-721
2016-02-03T19:00:00+0100;0;0;0;21221;21476;255
2016-02-03T20:00:00+0100;0;0;0;21220;22002;782
2016-02-03T21:00:00+0100;0;0;0;21321;21936;615
2016-02-03T22:00:00+0100;0;0;0;21370;21385;15
2016-02-03T23:00:00+0100;0;0;0;21255;20732;-523
2016-02-04T00:00:00+0100;0;0;0;19503;20226;723
2016-02-04T01:00:00+0100;0;0;0;19464;19654;190
2016-02-04T02:00:00+0100;0;0;0;19427;19360;-67
2016-02-04T03:00:00+0100;0;0;0;19461;19754;293
2016-02-04T04:00:00+0100;0;0;0;19498;19653;155
2016-02-04T05:00:00+0100;0;0;0;19308;19693;385
2016-02-04T06:00:00+0100;0;0;0;18986;19853;867
2016-02-04T07:00:00+0100;24;8;-16;18445;19832;1387
2016-02-04T08:00:00+0100;461;305;-156;17704;19152;1448
2016-02-04T09:00:00+0100;1550;1250;-300;17053;18534;1481
2016-02-04T10:00:00+0100;2713;2213;-500;16729;17584;855
2016-02-04T11:00:00+0100;3552;2832;-720;16647;16815;168
2016-02-04T12:00:00+0100;3642;3063;-579;16200;16259;59
2016-02-04T13:00:00+0100;3088;2594;-494;15110;15398;288
2016-02-04T14:00:00+0100;2161;1706;-455;13469;14263;794
2016-02-04T15:00:00+0100;1165;942;-223;11858;13446;1588
2016-02-04T16:00:00+0100;336;269;-67;10525;12863;2338
2016-02-04T17:00:00+0100;14;12;-2;9539;11540;2001
2016-02-04T18:00:00+0100;0;0;0;8850;11197;2347
2016-02-04T19:00:00+0100;0;0;0;8548;11275;2727
2016-02-04T20:00:00+0100;0;0;0;8240;11196;2956
2016-02-04T21:00:00+0100;0;0;0;7902;10463;2561
2016-02-04T22:00:00+0100;0;0;0;7512;9538;2026
2016-02-04T23:00:00+0100;0;0;0;7024;8908;1884
2016-02-05T00:00:00+0100;0;0;0;7239;8179;940
2016-02-05T01:00:00+0100;0;0;0;6787;7862;1075
2016-02-05T02:00:00+0100;0;0;0;6606;7374;768
2016-02-05T03:00:00+0100;0;0;0;6600;6951;351
2016-02-05T04:00:00+0100;0;0;0;6810;6767;-43
2016-02-05T05:00:00+0100;0;0;0;7221;7232;11
2016-02-05T06:00:00+0100;0;0;0;7746;8272;526
2016-02-05T07:00:00+0100;22;12;-10;8370;9302;932
2016-02-05T08:00:00+0100;420;492;72;9002;10422;1420
2016-02-05T09:00:00+0100;1286;1666;380;9559;11042;1483
2016-02-05T10:00:00+0100;2286;2665;379;10024;11222;1198
2016-02-05T11:00:00+0100;2962;3675;713;10453;12252;1799
2016-02-05T12:00:00+0100;3014;4322;1308;10878;13045;2167
2016-02-05T13:00:00+0100;2662;4336;1674;11196;13329;2133
2016-02-05T14:00:00+0100;2029;3156;1127;11404;12984;1580
2016-02-05T15:00:00+0100;1240;1774;534;11619;12616;997
2016-02-05T16:00:00+0100;442;549;107;12000;12451;451
2016-02-05T17:00:00+0100;24;14;-10;12445;12845;400
2016-02-05T18:00:00+0100;0;0;0;12839;13391;552
2016-02-05T19:00:00+0100;0;0;0;13129;13561;432
2016-02-05T20:00:00+0100;0;0;0;13159;13872;713
2016-02-05T21:00:00+0100;0;0;0;13237;13364;127
2016-02-05T22:00:00+0100;0;0;0;13335;13223;-112
2016-02-05T23:00:00+0100;0;0;0;13426;13151;-275
2016-02-06T00:00:00+0100;0;0;0;13796;13477;-319
2016-02-06T01:00:00+0100;0;0;0;14049;13499;-550
2016-02-06T02:00:00+0100;0;0;0;14684;13761;-923
2016-02-06T03:00:00+0100;0;0;0;15375;14254;-1121
2016-02-06T04:00:00+0100;0;0;0;15900;14770;-1130
2016-02-06T05:00:00+0100;0;0;0;16352;15485;-867
2016-02-06T06:00:00+0100;0;0;0;16612;15883;-729
2016-02-06T07:00:00+0100;64;38;-26;16879;16409;-470
2016-02-06T08:00:00+0100;1374;1435;61;17270;17033;-237
2016-02-06T09:00:00+0100;4486;4259;-227;17456;16979;-477
2016-02-06T10:00:00+0100;7896;7286;-610;17460;16278;-1182
2016-02-06T11:00:00+0100;10570;9476;-1094;17140;16069;-1071
2016-02-06T12:00:00+0100;11807;10496;-1311;16570;16216;-354
2016-02-06T13:00:00+0100;11583;10621;-962;16215;15993;-222
2016-02-06T14:00:00+0100;9624;9100;-524;16254;16076;-178
2016-02-06T15:00:00+0100;6175;5734;-441;16480;15751;-729
2016-02-06T16:00:00+0100;2140;1720;-420;16844;15499;-1345
2016-02-06T17:00:00+0100;91;60;-31;17595;16906;-689
2016-02-06T18:00:00+0100;0;0;0;18518;18713;195
2016-02-06T19:00:00+0100;0;0;0;19454;19909;455
2016-02-06T20:00:00+0100;0;0;0;20221;20982;761
2016-02-06T21:00:00+0100;0;0;0;20750;21360;610
2016-02-06T22:00:00+0100;0;0;0;21035;21124;89
2016-02-06T23:00:00+0100;0;0;0;21148;21370;222
2016-02-07T00:00:00+0100;0;0;0;21588;21808;220
2016-02-07T01:00:00+0100;0;0;0;21794;21905;111
2016-02-07T02:00:00+0100;0;0;0;21909;21959;50
2016-02-07T03:00:00+0100;0;0;0;22049;22072;23
2016-02-07T04:00:00+0100;0;0;0;22229;22223;-6
2016-02-07T05:00:00+0100;0;0;0;22272;22516;244
2016-02-07T06:00:00+0100;0;0;0;22229;22919;690
2016-02-07T07:00:00+0100;70;35;-35;22159;23406;1247
2016-02-07T08:00:00+0100;1263;1232;-31;21744;22946;1202
2016-02-07T09:00:00+0100;3558;3475;-83;20896;21465;569
2016-02-07T10:00:00+0100;5769;5508;-261;19842;19390;-452
2016-02-07T11:00:00+0100;7374;6566;-808;18860;18259;-601
2016-02-07T12:00:00+0100;7828;6976;-852;18190;17959;-231
2016-02-07T13:00:00+0100;7121;6331;-790;18013;18453;440
2016-02-07T14:00:00+0100;5499;4471;-1028;18214;19231;1017
2016-02-07T15:00:00+0100;3335;2567;-768;18487;19668;1181
2016-02-07T16:00:00+0100;1123;860;-263;18829;19890;1061
2016-02-07T17:00:00+0100;75;53;-22;19285;20242;957
2016-02-07T18:00:00+0100;0;0;0;20123;21006;883
2016-02-07T19:00:00+0100;0;0;0;21201;22314;1113
2016-02-07T20:00:00+0100;0;0;0;22309;22808;499
2016-02-07T21:00:00+0100;0;0;0;23373;23425;52
2016-02-07T22:00:00+0100;0;0;0;24359;23082;-1277
2016-02-07T23:00:00+0100;0;0;0;25198;23779;-1419
2016-02-08T00:00:00+0100;0;0;0;24830;25050;220
2016-02-08T01:00:00+0100;0;0;0;25889;26199;310
2016-02-08T02:00:00+0100;0;0;0;27085;27201;116
2016-02-08T03:00:00+0100;0;0;0;28240;28770;530
2016-02-08T04:00:00+0100;0;0;0;29351;29938;587
2016-02-08T05:00:00+0100;0;0;0;30314;30778;464
2016-02-08T06:00:00+0100;0;0;0;31264;32157;893
2016-02-08T07:00:00+0100;62;32;-30;32258;32838;580
2016-02-08T08:00:00+0100;987;1098;111;32635;32551;-84
2016-02-08T09:00:00+0100;2606;2620;14;32799;31979;-820
2016-02-08T10:00:00+0100;4106;3783;-323;32649;31654;-995
2016-02-08T11:00:00+0100;5265;5109;-156;32458;31185;-1273
2016-02-08T12:00:00+0100;5752;6139;387;32488;31443;-1045
2016-02-08T13:00:00+0100;5407;5999;592;32518;31182;-1336
2016-02-08T14:00:00+0100;4196;4418;222;32289;31595;-694
2016-02-08T15:00:00+0100;2537;2297;-240;31998;30876;-1122
2016-02-08T16:00:00+0100;980;739;-241;31766;30703;-1063
2016-02-08T17:00:00+0100;81;46;-35;31826;31031;-795
2016-02-08T18:00:00+0100;0;0;0;32054;31456;-598
2016-02-08T19:00:00+0100;0;0;0;32412;32301;-111
2016-02-08T20:00:00+0100;0;0;0;32917;32560;-357
2016-02-08T21:00:00+0100;0;0;0;33372;33626;254
2016-02-08T22:00:00+0100;0;0;0;33619;33461;-158
2016-02-08T23:00:00+0100;0;0;0;33635;33258;-377
2016-02-09T00:00:00+0100;0;0;0;33954;32914;-1040
2016-02-09T01:00:00+0100;0;0;0;33794;33110;-684
2016-02-09T02:00:00+0100;0;0;0;33468;32852;-616
2016-02-09T03:00:00+0100;0;0;0;32972;32503;-469
2016-02-09T04:00:00+0100;0;0;0;32326;31980;-346
2016-02-09T05:00:00+0100;0;0;0;31504;31616;112
2016-02-09T06:00:00+0100;0;0;0;30545;31238;693
2016-02-09T07:00:00+0100;62;40;-22;29131;29166;35
2016-02-09T08:00:00+0100;1017;1013;-4;27520;26749;-771
2016-02-09T09:00:00+0100;2799;2827;28;26139;24804;-1335
2016-02-09T10:00:00+0100;4223;4476;253;24948;23088;-1860
2016-02-09T11:00:00+0100;4917;4520;-397;23817;21694;-2123
2016-02-09T12:00:00+0100;4535;3896;-639;22470;19287;-3183
2016-02-09T13:00:00+0100;3705;3051;-654;20315;17667;-2648
2016-02-09T14:00:00+0100;2719;1811;-908;17939;17512;-427
2016-02-09T15:00:00+0100;1587;974;-613;16457;18343;1886
2016-02-09T16:00:00+0100;551;339;-212;16207;19866;3659
2016-02-09T17:00:00+0100;52;24;-28;16757;21646;4889
2016-02-09T18:00:00+0100;0;0;0;17512;23182;5670
2016-02-09T19:00:00+0100;0;0;0;18276;25269;6993
2016-02-09T20:00:00+0100;0;0;0;18879;27403;8524
2016-02-09T21:00:00+0100;0;0;0;19779;27126;7347
2016-02-09T22:00:00+0100;0;0;0;20394;26534;6140
2016-02-09T23:00:00+0100;0;0;0;20586;26272;5686
2016-02-10T00:00:00+0100;0;0;0;21159;25460;4301
2016-02-10T01:00:00+0100;0;0;0;20655;24426;3771
2016-02-10T02:00:00+0100;0;0;0;19598;22916;3318
2016-02-10T03:00:00+0100;0;0;0;18314;21844;3530
2016-02-10T04:00:00+0100;0;0;0;17135;19613;2478
2016-02-10T05:00:00+0100;0;0;0;16169;18176;2007
2016-02-10T06:00:00+0100;0;0;0;15416;17942;2526
2016-02-10T07:00:00+0100;62;33;-29;14997;17458;2461
2016-02-10T08:00:00+0100;1034;759;-275;14781;16715;1934
2016-02-10T09:00:00+0100;2857;2196;-661;14789;16135;1346
2016-02-10T10:00:00+0100;4685;4215;-470;14764;15844;1080
2016-02-10T11:00:00+0100;5966;5438;-528;14585;16206;1621
2016-02-10T12:00:00+0100;6287;5352;-935;14172;15931;1759
2016-02-10T13:00:00+0100;5759;4529;-1230;13546;15596;2050
2016-02-10T14:00:00+0100;4558;3327;-1231;12574;15193;2619
2016-02-10T15:00:00+0100;2841;2012;-829;11716;14222;2506
2016-02-10T16:00:00+0100;1002;724;-278;11253;13315;2062
2016-02-10T17:00:00+0100;86;56;-30;11240;13246;2006
2016-02-10T18:00:00+0100;0;0;0;11521;13896;2375
2016-02-10T19:00:00+0100;0;0;0;12051;14630;2579
2016-02-10T20:00:00+0100;0;0;0;12787;15377;2590
2016-02-10T21:00:00+0100;0;0;0;13393;15338;1945
2016-02-10T22:00:00+0100;0;0;0;13937;15853;1916
2016-02-10T23:00:00+0100;0;0;0;14522;16401;1879
2016-02-11T00:00:00+0100;0;0;0;14308;16586;2278
2016-02-11T01:00:00+0100;0;0;0;14974;16893;1919
2016-02-11T02:00:00+0100;0;0;0;15464;17480;2016
2016-02-11T03:00:00+0100;0;0;0;15864;17638;1774
2016-02-11T04:00:00+0100;0;0;0;16217;17766;1549
2016-02-11T05:00:00+0100;0;0;0;16209;17167;958
2016-02-11T06:00:00+0100;0;0;0;15989;17270;1281
2016-02-11T07:00:00+0100;75;32;-43;15756;16751;995
2016-02-11T08:00:00+0100;1189;899;-290;15852;15368;-484
2016-02-11T09:00:00+0100;3434;3072;-362;16158;14823;-1335
2016-02-11T10:00:00+0100;5762;5480;-282;16269;15138;-1131
2016-02-11T11:00:00+0100;7647;7117;-530;16202;15534;-668
2016-02-11T12:00:00+0100;8547;7675;-872;15936;16317;381
2016-02-11T13:00:00+0100;8307;7497;-810;15465;15929;464
2016-02-11T14:00:00+0100;6909;6380;-529;14402;14798;396
2016-02-11T15:00:00+0100;4689;4250;-439;12937;13115;178
2016-02-11T16:00:00+0100;1906;1562;-344;11498;10306;-1192
2016-02-11T17:00:00+0100;162;82;-80;10508;9109;-1399
2016-02-11T18:00:00+0100;0;0;0;9920;9056;-864
2016-02-11T19:00:00+0100;0;0;0;9453;8845;-608
2016-02-11T20:00:00+0100;0;0;0;9324;8740;-584
2016-02-11T21:00:00+0100;0;0;0;9179;8842;-337
2016-02-11T22:00:00+0100;0;0;0;8868;8605;-263
2016-02-11T23:00:00+0100;0;0;0;8443;8298;-145
2016-02-12T00:00:00+0100;0;0;0;6952;7431;479
2016-02-12T01:00:00+0100;0;0;0;6396;6888;492
2016-02-12T02:00:00+0100;0;0;0;5904;6255;351
2016-02-12T03:00:00+0100;0;0;0;5424;5748;324
2016-02-12T04:00:00+0100;0;0;0;4999;5298;299
2016-02-12T05:00:00+0100;0;0;0;4686;4880;194
2016-02-12T06:00:00+0100;0;0;0;4401;4760;359
2016-02-12T07:00:00+0100;108;51;-57;4098;4396;298
2016-02-12T08:00:00+0100;1593;1446;-147;3744;3874;130
2016-02-12T09:00:00+0100;4619;4415;-204;3330;3055;-275
2016-02-12T10:00:00+0100;8077;8364;287;2889;2416;-473
2016-02-12T11:00:00+0100;10867;11454;587;2417;1860;-557
2016-02-12T12:00:00+0100;11939;12608;669;2065;1732;-333
2016-02-12T13:00:00+0100;11394;11638;244;1701;1647;-54
2016-02-12T14:00:00+0100;9359;9091;-268;1494;1548;54
2016-02-12T15:00:00+0100;6225;5523;-702;1338;1676;338
2016-02-12T16:00:00+0100;2538;1728;-810;1285;1886;601
2016-02-12T17:00:00+0100;216;87;-129;1477;2374;897
2016-02-12T18:00:00+0100;0;0;0;1822;3194;1372
2016-02-12T19:00:00+0100;0;0;0;2131;3706;1575
2016-02-12T20:00:00+0100;0;0;0;2309;3894;1585
2016-02-12T21:00:00+0100;0;0;0;2369;3676;1307
2016-02-12T22:00:00+0100;0;0;0;2384;3562;1178
2016-02-12T23:00:00+0100;0;0;0;2384;3297;913
2016-02-13T00:00:00+0100;0;0;0;2262;2871;609
2016-02-13T01:00:00+0100;0;0;0;2235;2517;282
2016-02-13T02:00:00+0100;0;0;0;2333;2331;-2
2016-02-13T03:00:00+0100;0;0;0;2534;2247;-287
2016-02-13T04:00:00+0100;0;0;0;2768;2308;-460
2016-02-13T05:00:00+0100;0;0;0;3116;2501;-615
2016-02-13T06:00:00+0100;0;0;0;3550;2717;-833
2016-02-13T07:00:00+0100;96;53;-43;3909;2974;-935
2016-02-13T08:00:00+0100;1273;1202;-71;4176;3136;-1040
2016-02-13T09:00:00+0100;3728;4049;321;4323;3123;-1200
2016-02-13T10:00:00+0100;6234;6894;660;4453;2958;-1495
2016-02-13T11:00:00+0100;8027;8801;774;4643;3124;-1519
2016-02-13T12:00:00+0100;8577;9555;978;4990;3679;-1311
2016-02-13T13:00:00+0100;8048;8408;360;5501;4471;-1030
2016-02-13T14:00:00+0100;6430;5959;-471;6234;5683;-551
2016-02-13T15:00:00+0100;4056;3289;-767;7141;7198;57
2016-02-13T16:00:00+0100;1584;1089;-495;8251;9292;1041
2016-02-13T17:00:00+0100;146;74;-72;9633;11491;1858
2016-02-13T18:00:00+0100;0;0;0;11142;13254;2112
2016-02-13T19:00:00+0100;0;0;0;12153;14291;2138
2016-02-13T20:00:00+0100;0;0;0;12267;14349;2082
2016-02-13T21:00:00+0100;0;0;0;11877;14296;2419
2016-02-13T22:00:00+0100;0;0;0;11484;13990;2506
2016-02-13T23:00:00+0100;0;0;0;11159;13884;2725
2016-02-14T00:00:00+0100;0;0;0;14283;14110;-173
2016-02-14T01:00:00+0100;0;0;0;14863;14386;-477
2016-02-14T02:00:00+0100;0;0;0;15612;14254;-1358
2016-02-14T03:00:00+0100;0;0;0;16359;14747;-1612
2016-02-14T04:00:00+0100;0;0;0;16746;14977;-1769
2016-02-14T05:00:00+0100;0;0;0;16922;14934;-1988
2016-02-14T06:00:00+0100;0;0;0;17001;14827;-2174
2016-02-14T07:00:00+0100;100;90;-10;16917;13984;-2933
2016-02-14T08:00:00+0100;1067;1226;159;16769;13118;-3651
2016-02-14T09:00:00+0100;2530;3208;678;16549;12349;-4200
2016-02-14T10:00:00+0100;3914;4480;566;16240;11776;-4464
2016-02-14T11:00:00+0100;4849;4874;25;15742;11310;-4432
2016-02-14T12:00:00+0100;5028;4297;-731;15082;10976;-4106
2016-02-14T13:00:00+0100;4594;3948;-646;14145;10631;-3514
2016-02-14T14:00:00+0100;3659;2694;-965;13082;10516;-2566
2016-02-14T15:00:00+0100;2371;1492;-879;12126;10222;-1904
2016-02-14T16:00:00+0100;957;552;-405;11405;9871;-1534
2016-02-14T17:00:00+0100;110;49;-61;11023;9660;-1363
2016-02-14T18:00:00+0100;0;0;0;10818;9632;-1186
2016-02-14T19:00:00+0100;0;0;0;10618;9926;-692
2016-02-14T20:00:00+0100;0;0;0;10396;9906;-490
2016-02-14T21:00:00+0100;0;0;0;10218;9735;-483
2016-02-14T22:00:00+0100;0;0;0;10032;9485;-547
2016-02-14T23:00:00+0100;0;0;0;9800;9568;-232
2016-02-15T00:00:00+0100;0;0;0;9659;9614;-45
2016-02-15T01:00:00+0100;0;0;0;9689;9519;-170
2016-02-15T02:00:00+0100;0;0;0;9795;9483;-312
2016-02-15T03:00:00+0100;0;0;0;9845;9649;-196
2016-02-15T04:00:00+0100;0;0;0;9897;9720;-177
2016-02-15T05:00:00+0100;0;0;0;9861;9722;-139
2016-02-15T06:00:00+0100;0;0;0;9899;9963;64
2016-02-15T07:00:00+0100;92;50;-42;10002;9906;-96
2016-02-15T08:00:00+0100;952;706;-246;10151;9512;-639
2016-02-15T09:00:00+0100;2361;1872;-489;10385;9360;-1025
2016-02-15T10:00:00+0100;3821;3196;-625;10582;9180;-1402
2016-02-15T11:00:00+0100;4930;3902;-1028;10573;9113;-1460
2016-02-15T12:00:00+0100;5407;4170;-1237;10420;8848;-1572
2016-02-15T13:00:00+0100;5262;3874;-1388;10388;9096;-1292
2016-02-15T14:00:00+0100;4409;3088;-1321;10285;9608;-677
2016-02-15T15:00:00+0100;2983;1877;-1106;10217;9935;-282
2016-02-15T16:00:00+0100;1295;680;-615;10064;9792;-272
2016-02-15T17:00:00+0100;144;58;-86;9901;9675;-226
2016-02-15T18:00:00+0100;0;0;0;9786;9461;-325
2016-02-15T19:00:00+0100;0;0;0;9590;8660;-930
2016-02-15T20:00:00+0100;0;0;0;9070;7837;-1233
2016-02-15T21:00:00+0100;0;0;0;8382;7053;-1329
2016-02-15T22:00:00+0100;0;0;0;7662;6395;-1267
2016-02-15T23:00:00+0100;0;0;0;6967;6090;-877
2016-02-16T00:00:00+0100;0;0;0;6004;6043;39
2016-02-16T01:00:00+0100;0;0;0;5444;5520;76
2016-02-16T02:00:00+0100;0;0;0;4982;4913;-69
2016-02-16T03:00:00+0100;0;0;0;4486;4292;-194
2016-02-16T04:00:00+0100;0;0;0;4037;3640;-397
2016-02-16T05:00:00+0100;0;0;0;3639;2754;-885
2016-02-16T06:00:00+0100;0;0;0;3216;2190;-1026
2016-02-16T07:00:00+0100;133;76;-57;2787;1756;-1031
2016-02-16T08:00:00+0100;1695;1113;-582;2398;1369;-1029
2016-02-16T09:00:00+0100;4469;3438;-1031;2071;1174;-897
2016-02-16T10:00:00+0100;7235;5806;-1429;1816;1055;-761
2016-02-16T11:00:00+0100;9232;7553;-1679;1589;1058;-531
2016-02-16T12:00:00+0100;10002;8108;-1894;1456;1057;-399
2016-02-16T13:00:00+0100;9664;7890;-1774;1405;986;-419
2016-02-16T14:00:00+0100;8009;6671;-1338;1437;966;-471
2016-02-16T15:00:00+0100;5302;4657;-645;1518;1113;-405
2016-02-16T16:00:00+0100;2232;1983;-249;1715;1352;-363
2016-02-16T17:00:00+0100;244;178;-66;2071;1875;-196
2016-02-16T18:00:00+0100;0;0;0;2551;2780;229
2016-02-16T19:00:00+0100;0;0;0;3223;4374;1151
2016-02-16T20:00:00+0100;0;0;0;4036;5609;1573
2016-02-16T21:00:00+0100;0;0;0;4770;6366;1596
2016-02-16T22:00:00+0100;0;0;0;5537;6980;1443
2016-02-16T23:00:00+0100;0;0;0;6273;6924;651
2016-02-17T00:00:00+0100;0;0;0;7413;7561;148
2016-02-17T01:00:00+0100;0;0;0;8133;8616;483
2016-02-17T02:00:00+0100;0;0;0;8665;9687;1022
2016-02-17T03:00:00+0100;0;0;0;9128;10694;1566
2016-02-17T04:00:00+0100;0;0;0;9436;11697;2261
2016-02-17T05:00:00+0100;0;0;0;9676;12309;2633
2016-02-17T06:00:00+0100;0;0;0;9703;12200;2497
2016-02-17T07:00:00+0100;157;101;-56;9531;12072;2541
2016-02-17T08:00:00+0100;1839;1542;-297;9152;11272;2120
2016-02-17T09:00:00+0100;4593;4233;-360;8747;10051;1304
2016-02-17T10:00:00+0100;7070;6986;-84;8550;9612;1062
2016-02-17T11:00:00+0100;8623;8137;-486;8532;9904;1372
2016-02-17T12:00:00+0100;8732;7903;-829;8420;9663;1243
2016-02-17T13:00:00+0100;7752;6582;-1170;8184;8891;707
2016-02-17T14:00:00+0100;5983;4726;-1257;7754;8369;615
2016-02-17T15:00:00+0100;3847;2824;-1023;7340;7941;601
2016-02-17T16:00:00+0100;1655;1080;-575;7033;7242;209
2016-02-17T17:00:00+0100;209;108;-101;6863;6918;55
2016-02-17T18:00:00+0100;0;0;0;6697;6592;-105
2016-02-17T19:00:00+0100;0;0;0;6440;5460;-980
2016-02-17T20:00:00+0100;0;0;0;5711;4442;-1269
2016-02-17T21:00:00+0100;0;0;0;4809;3825;-984
2016-02-17T22:00:00+0100;0;0;0;3944;3462;-482
2016-02-17T23:00:00+0100;0;0;0;3226;3392;166
2016-02-18T00:00:00+0100;0;0;0;2941;3462;521
2016-02-18T01:00:00+0100;0;0;0;2866;3618;752
2016-02-18T02:00:00+0100;0;0;0;2906;3783;877
2016-02-18T03:00:00+0100;0;0;0;2961;3904;943
2016-02-18T04:00:00+0100;0;0;0;3043;3886;843
2016-02-18T05:00:00+0100;0;0;0;3133;3709;576
2016-02-18T06:00:00+0100;0;0;0;3185;3759;574
2016-02-18T07:00:00+0100;206;158;-48;3184;4303;1119
2016-02-18T08:00:00+0100;1785;1367;-418;3091;4533;1442
2016-02-18T09:00:00+0100;4733;3818;-915;3062;4166;1104
2016-02-18T10:00:00+0100;8019;7576;-443;3078;3920;842
2016-02-18T11:00:00+0100;10096;10971;875;3165;3693;528
2016-02-18T12:00:00+0100;10875;12110;1235;3192;4050;858
2016-02-18T13:00:00+0100;10275;11044;769;3141;3927;786
2016-02-18T14:00:00+0100;8431;8618;187;2920;3325;405
2016-02-18T15:00:00+0100;5569;5577;8;2596;2706;110
2016-02-18T16:00:00+0100;2440;2151;-289;2314;2270;-44
2016-02-18T17:00:00+0100;323;201;-122;2216;2526;310
2016-02-18T18:00:00+0100;0;0;0;2291;3030;739
2016-02-18T19:00:00+0100;0;0;0;2570;3258;688
2016-02-18T20:00:00+0100;0;0;0;2941;3143;202
2016-02-18T21:00:00+0100;0;0;0;3235;2986;-249
2016-02-18T22:00:00+0100;0;0;0;3338;2800;-538
2016-02-18T23:00:00+0100;0;0;0;3276;2375;-901
2016-02-19T00:00:00+0100;0;0;0;1883;2008;125
2016-02-19T01:00:00+0100;0;0;0;1684;1842;158
2016-02-19T02:00:00+0100;0;0;0;1619;1612;-7
2016-02-19T03:00:00+0100;0;0;0;1591;1523;-68
2016-02-19T04:00:00+0100;0;0;0;1588;1350;-238
2016-02-19T05:00:00+0100;0;0;0;1600;1351;-249
2016-02-19T06:00:00+0100;0;0;0;1676;1383;-293
2016-02-19T07:00:00+0100;181;122;-59;1881;1612;-269
2016-02-19T08:00:00+0100;1440;1127;-313;2129;1710;-419
2016-02-19T09:00:00+0100;3219;2745;-474;2418;1634;-784
2016-02-19T10:00:00+0100;4993;4482;-511;2693;1590;-1103
2016-02-19T11:00:00+0100;6237;5681;-556;2918;1808;-1110
2016-02-19T12:00:00+0100;6636;6200;-436;3218;2304;-914
2016-02-19T13:00:00+0100;6403;5743;-660;3844;3114;-730
2016-02-19T14:00:00+0100;5607;4704;-903;4538;4019;-519
2016-02-19T15:00:00+0100;4106;3097;-1009;5039;4358;-681
2016-02-19T16:00:00+0100;1995;1351;-644;5615;4778;-837
2016-02-19T17:00:00+0100;282;176;-106;6475;5392;-1083
2016-02-19T18:00:00+0100;0;0;0;7649;6882;-767
2016-02-19T19:00:00+0100;0;0;0;9042;9020;-22
2016-02-19T20:00:00+0100;0;0;0;10476;10774;298
2016-02-19T21:00:00+0100;0;0;0;11801;12215;414
2016-02-19T22:00:00+0100;0;0;0;13134;13338;204
2016-02-19T23:00:00+0100;0;0;0;14415;14693;278
2016-02-20T00:00:00+0100;0;0;0;14784;16088;1304
2016-02-20T01:00:00+0100;0;0;0;16319;17708;1389
2016-02-20T02:00:00+0100;0;0;0;18127;19224;1097
2016-02-20T03:00:00+0100;0;0;0;20123;20806;683
2016-02-20T04:00:00+0100;0;0;0;22022;22932;910
2016-02-20T05:00:00+0100;0;0;0;23622;25182;1560
2016-02-20T06:00:00+0100;0;0;0;24928;27281;2353
2016-02-20T07:00:00+0100;208;246;38;25708;28225;2517
2016-02-20T08:00:00+0100;1325;1486;161;25880;28359;2479
2016-02-20T09:00:00+0100;2414;2290;-124;25737;28347;2610
2016-02-20T10:00:00+0100;2959;2800;-159;25439;28486;3047
2016-02-20T11:00:00+0100;3042;2862;-180;25183;28458;3275
2016-02-20T12:00:00+0100;2915;2646;-269;24913;28080;3167
2016-02-20T13:00:00+0100;2532;2123;-409;24481;27206;2725
2016-02-20T14:00:00+0100;1977;1635;-342;23888;26410;2522
2016-02-20T15:00:00+0100;1281;993;-288;23277;25921;2644
2016-02-20T16:00:00+0100;537;394;-143;22752;25836;3084
2016-02-20T17:00:00+0100;87;42;-45;22434;25771;3337
2016-02-20T18:00:00+0100;0;1;1;22066;24812;2746
2016-02-20T19:00:00+0100;0;0;0;22011;24102;2091
2016-02-20T20:00:00+0100;0;0;0;22379;23914;1535
2016-02-20T21:00:00+0100;0;0;0;22928;23791;863
2016-02-20T22:00:00+0100;0;0;0;23457;24019;562
2016-02-20T23:00:00+0100;0;0;0;24174;25306;1132
2016-02-21T00:00:00+0100;0;0;0;22438;26906;4468
2016-02-21T01:00:00+0100;0;0;0;22822;28060;5238
2016-02-21T02:00:00+0100;0;0;0;23307;28387;5080
2016-02-21T03:00:00+0100;0;0;0;23807;28498;4691
2016-02-21T04:00:00+0100;0;0;0;24133;28598;4465
2016-02-21T05:00:00+0100;0;0;0;24243;27872;3629
2016-02-21T06:00:00+0100;0;0;0;24435;26430;1995
2016-02-21T07:00:00+0100;58;56;-2;24475;24803;328
2016-02-21T08:00:00+0100;406;544;138;24304;23006;-1298
2016-02-21T09:00:00+0100;1001;1504;503;24143;22402;-1741
2016-02-21T10:00:00+0100;1608;2328;720;23945;22348;-1597
2016-02-21T11:00:00+0100;2031;3174;1143;23625;21962;-1663
2016-02-21T12:00:00+0100;2186;3858;1672;23393;21056;-2337
2016-02-21T13:00:00+0100;2084;3772;1688;23029;20696;-2333
2016-02-21T14:00:00+0100;1734;3430;1696;22481;21300;-1181
2016-02-21T15:00:00+0100;1172;2470;1298;22208;22521;313
2016-02-21T16:00:00+0100;567;1198;631;22165;23954;1789
2016-02-21T17:00:00+0100;106;188;82;22595;26399;3804
2016-02-21T18:00:00+0100;0;1;1;23150;29106;5956
2016-02-21T19:00:00+0100;0;0;0;23744;30990;7246
2016-02-21T20:00:00+0100;0;0;0;24101;32413;8312
2016-02-21T21:00:00+0100;0;0;0;24245;32974;8729
2016-02-21T22:00:00+0100;0;0;0;24344;32643;8299
2016-02-21T23:00:00+0100;0;0;0;24502;31420;6918
2016-02-22T00:00:00+0100;0;0;0;29403;32416;3013
2016-02-22T01:00:00+0100;0;0;0;29109;31824;2715
2016-02-22T02:00:00+0100;0;0;0;28637;31631;2994
2016-02-22T03:00:00+0100;0;0;0;27972;31336;3364
2016-02-22T04:00:00+0100;0;0;0;27179;30528;3349
2016-02-22T05:00:00+0100;0;0;0;26201;29676;3475
2016-02-22T06:00:00+0100;0;0;0;25188;30282;5094
2016-02-22T07:00:00+0100;186;216;30;24232;28923;4691
2016-02-22T08:00:00+0100;1236;1805;569;23246;26606;3360
2016-02-22T09:00:00+0100;2834;4507;1673;22280;25559;3279
2016-02-22T10:00:00+0100;4475;6625;2150;21438;24586;3148
2016-02-22T11:00:00+0100;5596;8060;2464;20767;22746;1979
2016-02-22T12:00:00+0100;6130;8911;2781;20025;21065;1040
2016-02-22T13:00:00+0100;6029;8402;2373;19269;19842;573
2016-02-22T14:00:00+0100;5142;6653;1511;18369;19288;919
2016-02-22T15:00:00+0100;3559;3374;-185;17333;18203;870
2016-02-22T16:00:00+0100;1683;1400;-283;16144;17392;1248
2016-02-22T17:00:00+0100;278;163;-115;15122;16948;1826
2016-02-22T18:00:00+0100;0;1;1;14412;16238;1826
2016-02-22T19:00:00+0100;0;0;0;13803;16515;2712
2016-02-22T20:00:00+0100;0;0;0;13480;16558;3078
2016-02-22T21:00:00+0100;0;0;0;13221;16226;3005
2016-02-22T22:00:00+0100;0;0;0;12821;16234;3413
2016-02-22T23:00:00+0100;0;0;0;12371;15243;2872
2016-02-23T00:00:00+0100;0;0;0;14206;14627;421
2016-02-23T01:00:00+0100;0;0;0;13529;13850;321
2016-02-23T02:00:00+0100;0;0;0;12945;12746;-199
2016-02-23T03:00:00+0100;0;0;0;12403;11983;-420
2016-02-23T04:00:00+0100;0;0;0;11872;11431;-441
2016-02-23T05:00:00+0100;0;0;0;11418;10759;-659
2016-02-23T06:00:00+0100;0;0;0;11183;10554;-629
2016-02-23T07:00:00+0100;189;168;-21;11044;10344;-700
2016-02-23T08:00:00+0100;1305;1170;-135;11022;9761;-1261
2016-02-23T09:00:00+0100;2922;2754;-168;11094;9220;-1874
2016-02-23T10:00:00+0100;4607;4338;-269;11324;9388;-1936
2016-02-23T11:00:00+0100;5868;5757;-111;11620;10157;-1463
2016-02-23T12:00:00+0100;6399;6514;115;11854;10784;-1070
2016-02-23T13:00:00+0100;6200;6195;-5;12010;11098;-912
2016-02-23T14:00:00+0100;5305;5136;-169;11900;11354;-546
2016-02-23T15:00:00+0100;3765;3594;-171;11683;11179;-504
2016-02-23T16:00:00+0100;1817;1808;-9;11514;11434;-80
2016-02-23T17:00:00+0100;309;288;-21;11526;11744;218
2016-02-23T18:00:00+0100;0;2;2;11773;13424;1651
2016-02-23T19:00:00+0100;0;0;0;12384;14758;2374
2016-02-23T20:00:00+0100;0;0;0;12754;15241;2487
2016-02-23T21:00:00+0100;0;0;0;13018;16154;3136
2016-02-23T22:00:00+0100;0;0;0;13154;16008;2854
2016-02-23T23:00:00+0100;0;0;0;13202;15446;2244
2016-02-24T00:00:00+0100;0;0;0;13795;15174;1379
2016-02-24T01:00:00+0100;0;0;0;13721;14902;1181
2016-02-24T02:00:00+0100;0;0;0;13591;15014;1423
2016-02-24T03:00:00+0100;0;0;0;13367;14647;1280
2016-02-24T04:00:00+0100;0;0;0;13078;14472;1394
2016-02-24T05:00:00+0100;0;0;0;12836;13844;1008
2016-02-24T06:00:00+0100;3;0;-3;12576;13990;1414
2016-02-24T07:00:00+0100;439;342;-97;12295;13089;794
2016-02-24T08:00:00+0100;3011;2150;-861;12166;11461;-705
2016-02-24T09:00:00+0100;6447;5657;-790;12015;10698;-1317
2016-02-24T10:00:00+0100;10078;9072;-1006;11765;11371;-394
2016-02-24T11:00:00+0100;12857;11082;-1775;11622;12442;820
2016-02-24T12:00:00+0100;14045;11542;-2503;11459;12889;1430
2016-02-24T13:00:00+0100;13641;11518;-2123;11268;12683;1415
2016-02-24T14:00:00+0100;11547;10518;-1029;10780;11415;635
2016-02-24T15:00:00+0100;8049;7958;-91;10108;9832;-276
2016-02-24T16:00:00+0100;3942;3842;-100;9201;8085;-1116
2016-02-24T17:00:00+0100;669;493;-176;8141;6497;-1644
2016-02-24T18:00:00+0100;0;3;3;7519;6058;-1461
2016-02-24T19:00:00+0100;0;0;0;7332;6538;-794
2016-02-24T20:00:00+0100;0;0;0;7423;6544;-879
2016-02-24T21:00:00+0100;0;0;0;7462;6464;-998
2016-02-24T22:00:00+0100;0;0;0;7357;6583;-774
2016-02-24T23:00:00+0100;0;0;0;7181;6372;-809
2016-02-25T00:00:00+0100;0;0;0;5236;5854;618
2016-02-25T01:00:00+0100;0;0;0;5047;5508;461
2016-02-25T02:00:00+0100;0;0;0;4858;5314;456
2016-02-25T03:00:00+0100;0;0;0;4723;5149;426
2016-02-25T04:00:00+0100;0;0;0;4636;5068;432
2016-02-25T05:00:00+0100;0;0;0;4653;5086;433
2016-02-25T06:00:00+0100;3;0;-3;4712;5003;291
2016-02-25T07:00:00+0100;395;277;-118;4786;5179;393
2016-02-25T08:00:00+0100;2463;2172;-291;4836;4990;154
2016-02-25T09:00:00+0100;5356;5504;148;4975;4730;-245
2016-02-25T10:00:00+0100;8308;8730;422;5238;4972;-266
2016-02-25T11:00:00+0100;10416;10326;-90;5637;6368;731
2016-02-25T12:00:00+0100;11305;9987;-1318;6158;7964;1806
2016-02-25T13:00:00+0100;10997;8560;-2437;6617;8974;2357
2016-02-25T14:00:00+0100;9374;6974;-2400;6698;9357;2659
2016-02-25T15:00:00+0100;6571;5130;-1441;6432;9108;2676
2016-02-25T16:00:00+0100;3269;2500;-769;6003;8006;2003
2016-02-25T17:00:00+0100;623;434;-189;5686;7083;1397
2016-02-25T18:00:00+0100;0;3;3;5793;7036;1243
2016-02-25T19:00:00+0100;0;0;0;6309;7366;1057
2016-02-25T20:00:00+0100;0;0;0;6801;8192;1391
2016-02-25T21:00:00+0100;0;0;0;7051;8686;1635
2016-02-25T22:00:00+0100;0;0;0;7140;8722;1582
2016-02-25T23:00:00+0100;0;0;0;7138;8888;1750
2016-02-26T00:00:00+0100;0;0;0;8198;8540;342
2016-02-26T01:00:00+0100;0;0;0;7944;8258;314
2016-02-26T02:00:00+0100;0;0;0;7652;7788;136
2016-02-26T03:00:00+0100;0;0;0;7261;7579;318
2016-02-26T04:00:00+0100;0;0;0;6804;7205;401
2016-02-26T05:00:00+0100;0;0;0;6248;6146;-102
2016-02-26T06:00:00+0100;5;0;-5;5641;5799;158
2016-02-26T07:00:00+0100;652;542;-110;5046;5177;131
2016-02-26T08:00:00+0100;3836;3488;-348;4489;4430;-59
2016-02-26T09:00:00+0100;7805;7392;-413;3989;3706;-283
2016-02-26T10:00:00+0100;11408;10974;-434;3531;3383;-148
2016-02-26T11:00:00+0100;13794;12492;-1302;3072;2930;-142
2016-02-26T12:00:00+0100;14759;12066;-2693;2615;2617;2
2016-02-26T13:00:00+0100;14118;10965;-3153;2221;2158;-63
2016-02-26T14:00:00+0100;11903;9286;-2617;1861;1844;-17
2016-02-26T15:00:00+0100;8393;6764;-1629;1531;1430;-101
2016-02-26T16:00:00+0100;4195;3329;-866;1329;1290;-39
2016-02-26T17:00:00+0100;777;557;-220;1377;1172;-205
2016-02-26T18:00:00+0100;0;4;4;1539;1360;-179
2016-02-26T19:00:00+0100;0;0;0;1725;1689;-36
2016-02-26T20:00:00+0100;0;0;0;1885;2040;155
2016-02-26T21:00:00+0100;0;0;0;2010;2308;298
2016-02-26T22:00:00+0100;0;0;0;2166;2493;327
2016-02-26T23:00:00+0100;0;0;0;2367;2604;237
2016-02-27T00:00:00+0100;0;0;0;2417;2748;331
2016-02-27T01:00:00+0100;0;0;0;2530;2924;394
2016-02-27T02:00:00+0100;0;0;0;2705;3038;333
2016-02-27T03:00:00+0100;0;0;0;2887;3131;244
2016-02-27T04:00:00+0100;0;0;0;3150;3450;300
2016-02-27T05:00:00+0100;0;0;0;3396;3806;410
2016-02-27T06:00:00+0100;8;0;-8;3656;4286;630
2016-02-27T07:00:00+0100;790;660;-130;3719;4762;1043
2016-02-27T08:00:00+0100;4608;4233;-375;3505;4587;1082
2016-02-27T09:00:00+0100;9338;9587;249;3118;3348;230
2016-02-27T10:00:00+0100;13588;13795;207;2965;2584;-381
2016-02-27T11:00:00+0100;16257;16523;266;3195;2901;-294
2016-02-27T12:00:00+0100;17254;17650;396;3615;3780;165
2016-02-27T13:00:00+0100;16530;16978;448;4071;4322;251
2016-02-27T14:00:00+0100;13973;14562;589;4472;4642;170
2016-02-27T15:00:00+0100;9922;10206;284;4787;5054;267
2016-02-27T16:00:00+0100;5096;5000;-96;5094;5198;104
2016-02-27T17:00:00+0100;1015;826;-189;5622;5369;-253
2016-02-27T18:00:00+0100;1;5;4;6337;6715;378
2016-02-27T19:00:00+0100;0;0;0;6866;7802;936
2016-02-27T20:00:00+0100;0;0;0;6806;7814;1008
2016-02-27T21:00:00+0100;0;0;0;6458;7298;840
2016-02-27T22:00:00+0100;0;0;0;6063;6541;478
2016-02-27T23:00:00+0100;0;0;0;5676;5993;317
2016-02-28T00:00:00+0100;0;0;0;4488;5646;1158
2016-02-28T01:00:00+0100;0;0;0;4281;5713;1432
2016-02-28T02:00:00+0100;0;0;0;4123;5813;1690
2016-02-28T03:00:00+0100;0;0;0;4071;5897;1826
2016-02-28T04:00:00+0100;0;0;0;4126;6263;2137
2016-02-28T05:00:00+0100;0;0;0;4151;6581;2430
2016-02-28T06:00:00+0100;9;1;-8;4088;6870;2782
2016-02-28T07:00:00+0100;681;564;-117;4034;7087;3053
2016-02-28T08:00:00+0100;3692;3294;-398;3868;6670;2802
2016-02-28T09:00:00+0100;7393;6832;-561;3653;5667;2014
2016-02-28T10:00:00+0100;10900;9960;-940;3658;5168;1510
2016-02-28T11:00:00+0100;13227;11690;-1537;3939;5552;1613
2016-02-28T12:00:00+0100;14090;11781;-2309;4412;6096;1684
2016-02-28T13:00:00+0100;13465;10275;-3190;5135;6748;1613
2016-02-28T14:00:00+0100;11269;8178;-3091;5968;7740;1772
2016-02-28T15:00:00+0100;7800;5566;-2234;6720;8568;1848
2016-02-28T16:00:00+0100;3893;2586;-1307;7392;8618;1226
2016-02-28T17:00:00+0100;776;471;-305;8007;8782;775
2016-02-28T18:00:00+0100;0;4;4;8737;10222;1485
2016-02-28T19:00:00+0100;0;0;0;9348;10937;1589
2016-02-28T20:00:00+0100;0;0;0;9531;10918;1387
2016-02-28T21:00:00+0100;0;0;0;9401;10790;1389
2016-02-28T22:00:00+0100;0;0;0;9231;10604;1373
2016-02-28T23:00:00+0100;0;0;0;9087;10255;1168
2016-02-29T00:00:00+0100;0;0;0;8560;10086;1526
2016-02-29T01:00:00+0100;0;0;0;8563;9836;1273
2016-02-29T02:00:00+0100;0;0;0;8817;9699;882
2016-02-29T03:00:00+0100;0;0;0;9165;9846;681
2016-02-29T04:00:00+0100;0;0;0;9608;10274;666
2016-02-29T05:00:00+0100;0;0;0;9999;10637;638
2016-02-29T06:00:00+0100;5;0;-5;10371;11103;732
2016-02-29T07:00:00+0100;402;334;-68;10656;11394;738
2016-02-29T08:00:00+0100;2162;1700;-462;10697;11124;427
2016-02-29T09:00:00+0100;4274;3700;-574;10463;10318;-145
2016-02-29T10:00:00+0100;6262;5550;-712;10503;10420;-83
2016-02-29T11:00:00+0100;7515;6600;-915;11062;11010;-52
2016-02-29T12:00:00+0100;7985;6930;-1055;11766;11711;-55
2016-02-29T13:00:00+0100;7568;6580;-988;12325;11947;-378
2016-02-29T14:00:00+0100;6328;5599;-729;12560;12314;-246
2016-02-29T15:00:00+0100;4507;3973;-534;12588;12208;-380
2016-02-29T16:00:00+0100;2354;2007;-347;12268;11470;-798
2016-02-29T17:00:00+0100;523;436;-87;11764;10410;-1354
2016-02-29T18:00:00+0100;0;7;7;11369;9927;-1442
2016-02-29T19:00:00+0100;0;0;0;11157;10045;-1112
2016-02-29T20:00:00+0100;0;0;0;10512;9626;-886
2016-02-29T21:00:00+0100;0;0;0;9643;9158;-485
2016-02-29T22:00:00+0100;0;0;0;8707;8317;-390
2016-02-29T23:00:00+0100;0;0;0;7648;7367;-281
2016-03-01T00:00:00+0100;0;0;0;5168;5789;621
2016-03-01T01:00:00+0100;0;0;0;4436;4600;164
2016-03-01T02:00:00+0100;0;0;0;4016;3722;-294
2016-03-01T03:00:00+0100;0;0;0;3841;3718;-123
2016-03-01T04:00:00+0100;0;0;0;3654;4514;860
2016-03-01T05:00:00+0100;0;0;0;3530;5153;1623
2016-03-01T06:00:00+0100;7;1;-6;3484;5097;1613
2016-03-01T07:00:00+0100;376;322;-54;3468;5032;1564
2016-03-01T08:00:00+0100;2065;1721;-344;3555;4692;1137
2016-03-01T09:00:00+0100;4125;3983;-142;3732;4718;986
2016-03-01T10:00:00+0100;6265;5838;-427;4017;5297;1280
2016-03-01T11:00:00+0100;7735;7148;-587;4531;6372;1841
2016-03-01T12:00:00+0100;8297;8000;-297;5336;7568;2232
2016-03-01T13:00:00+0100;7891;7830;-61;6235;8428;2193
2016-03-01T14:00:00+0100;6519;6569;50;7224;9478;2254
2016-03-01T15:00:00+0100;4417;4321;-96;8229;11019;2790
2016-03-01T16:00:00+0100;2180;1892;-288;9193;12418;3225
2016-03-01T17:00:00+0100;480;302;-178;10471;13566;3095
2016-03-01T18:00:00+0100;2;6;4;12014;15443;3429
2016-03-01T19:00:00+0100;0;0;0;13539;17501;3962
2016-03-01T20:00:00+0100;0;0;0;15046;19356;4310
2016-03-01T21:00:00+0100;0;0;0;16233;20226;3993
2016-03-01T22:00:00+0100;0;0;0;16830;20115;3285
2016-03-01T23:00:00+0100;0;0;0;16833;19938;3105
2016-03-02T00:00:00+0100;0;0;0;16586;19394;2808
2016-03-02T01:00:00+0100;0;0;0;16293;19205;2912
2016-03-02T02:00:00+0100;0;0;0;16176;19230;3054
2016-03-02T03:00:00+0100;0;0;0;16240;19073;2833
2016-03-02T04:00:00+0100;0;0;0;16272;19747;3475
2016-03-02T05:00:00+0100;0;0;0;16241;19489;3248
2016-03-02T06:00:00+0100;3;1;-2;16224;19916;3692
2016-03-02T07:00:00+0100;194;189;-5;16109;19285;3176
2016-03-02T08:00:00+0100;861;924;63;15975;18479;2504
2016-03-02T09:00:00+0100;1773;2233;460;15785;19156;3371
2016-03-02T10:00:00+0100;2782;3629;847;15383;19238;3855
2016-03-02T11:00:00+0100;3606;4836;1230;15096;17828;2732
2016-03-02T12:00:00+0100;4170;5581;1411;14525;17431;2906
2016-03-02T13:00:00+0100;4434;5680;1246;13508;17115;3607
2016-03-02T14:00:00+0100;4236;5089;853;11954;15360;3406
2016-03-02T15:00:00+0100;3384;3547;163;10253;13662;3409
2016-03-02T16:00:00+0100;1990;1678;-312;8623;11071;2448
2016-03-02T17:00:00+0100;508;374;-134;7614;8675;1061
2016-03-02T18:00:00+0100;2;8;6;7441;8956;1515
2016-03-02T19:00:00+0100;0;0;0;7878;9560;1682
2016-03-02T20:00:00+0100;0;0;0;8341;10102;1761
2016-03-02T21:00:00+0100;0;0;0;8650;10410;1760
2016-03-02T22:00:00+0100;0;0;0;8698;9850;1152
2016-03-02T23:00:00+0100;0;0;0;8551;8868;317
2016-03-03T00:00:00+0100;0;0;0;7780;8171;391
2016-03-03T01:00:00+0100;0;0;0;7497;8044;547
2016-03-03T02:00:00+0100;0;0;0;7193;8129;936
2016-03-03T03:00:00+0100;0;0;0;6757;8417;1660
2016-03-03T04:00:00+0100;0;0;0;6348;8724;2376
2016-03-03T05:00:00+0100;0;0;0;5977;8042;2065
2016-03-03T06:00:00+0100;12;4;-8;5558;7471;1913
2016-03-03T07:00:00+0100;563;490;-73;5148;7414;2266
2016-03-03T08:00:00+0100;2520;2203;-317;4602;6668;2066
2016-03-03T09:00:00+0100;4803;4566;-237;4051;5280;1229
2016-03-03T10:00:00+0100;6950;6722;-228;3675;3716;41
2016-03-03T11:00:00+0100;8291;8081;-210;3385;2816;-569
2016-03-03T12:00:00+0100;8460;8533;73;3077;2305;-772
2016-03-03T13:00:00+0100;7787;7773;-14;2773;1964;-809
2016-03-03T14:00:00+0100;6499;6304;-195;2483;1866;-617
2016-03-03T15:00:00+0100;4688;4380;-308;2264;1874;-390
2016-03-03T16:00:00+0100;2553;2376;-177;2020;1661;-359
2016-03-03T17:00:00+0100;628;562;-66;1925;1676;-249
2016-03-03T18:00:00+0100;5;12;7;2063;1700;-363
2016-03-03T19:00:00+0100;0;0;0;2403;1986;-417
2016-03-03T20:00:00+0100;0;0;0;2851;2322;-529
2016-03-03T21:00:00+0100;0;0;0;3218;2654;-564
2016-03-03T22:00:00+0100;0;0;0;3506;3139;-367
2016-03-03T23:00:00+0100;0;0;0;3720;3544;-176
2016-03-04T00:00:00+0100;0;0;0;1992;4077;2085
2016-03-04T01:00:00+0100;0;0;0;2252;4545;2293
2016-03-04T02:00:00+0100;0;0;0;2494;5063;2569
2016-03-04T03:00:00+0100;0;0;0;2835;5497;2662
2016-03-04T04:00:00+0100;0;0;0;3183;5647;2464
2016-03-04T05:00:00+0100;0;0;0;3574;6042;2468
2016-03-04T06:00:00+0100;20;10;-10;4027;6835;2808
2016-03-04T07:00:00+0100;1031;920;-111;4456;8002;3546
2016-03-04T08:00:00+0100;4237;4445;208;4972;8853;3881
2016-03-04T09:00:00+0100;7820;8506;686;5498;9418;3920
2016-03-04T10:00:00+0100;10886;11167;281;6127;10616;4489
2016-03-04T11:00:00+0100;12524;12243;-281;7262;12658;5396
2016-03-04T12:00:00+0100;12491;11870;-621;8696;14666;5970
2016-03-04T13:00:00+0100;11107;10361;-746;10152;16672;6520
2016-03-04T14:00:00+0100;8626;7646;-980;11182;18161;6979
2016-03-04T15:00:00+0100;5610;4603;-1007;11847;18016;6169
2016-03-04T16:00:00+0100;2707;1917;-790;12070;17770;5700
2016-03-04T17:00:00+0100;592;345;-247;12179;17314;5135
2016-03-04T18:00:00+0100;3;8;5;12596;17271;4675
2016-03-04T19:00:00+0100;0;0;0;12983;16904;3921
2016-03-04T20:00:00+0100;0;0;0;12912;15565;2653
2016-03-04T21:00:00+0100;0;0;0;12587;14198;1611
2016-03-04T22:00:00+0100;0;0;0;12145;12077;-68
2016-03-04T23:00:00+0100;0;0;0;11474;10753;-721
2016-03-05T00:00:00+0100;0;0;0;9981;9839;-142
2016-03-05T01:00:00+0100;0;0;0;8895;8544;-351
2016-03-05T02:00:00+0100;0;0;0;7946;7867;-79
2016-03-05T03:00:00+0100;0;0;0;7074;7204;130
2016-03-05T04:00:00+0100;0;0;0;6524;6546;22
2016-03-05T05:00:00+0100;0;0;0;6204;5862;-342
2016-03-05T06:00:00+0100;18;8;-10;5781;5231;-550
2016-03-05T07:00:00+0100;630;483;-147;5287;4657;-630
2016-03-05T08:00:00+0100;2247;2226;-21;4849;4266;-583
2016-03-05T09:00:00+0100;4177;4172;-5;4477;3595;-882
2016-03-05T10:00:00+0100;5759;5685;-74;4297;3097;-1200
2016-03-05T11:00:00+0100;6716;6370;-346;4319;2909;-1410
2016-03-05T12:00:00+0100;6831;6812;-19;4310;2671;-1639
2016-03-05T13:00:00+0100;6055;5888;-167;4360;2155;-2205
2016-03-05T14:00:00+0100;4793;4737;-56;4391;2078;-2313
2016-03-05T15:00:00+0100;3267;3316;49;4373;1884;-2489
2016-03-05T16:00:00+0100;1677;1552;-125;4430;1608;-2822
2016-03-05T17:00:00+0100;413;346;-67;4547;1759;-2788
2016-03-05T18:00:00+0100;7;11;4;4549;1981;-2568
2016-03-05T19:00:00+0100;0;0;0;4051;2053;-1998
2016-03-05T20:00:00+0100;0;0;0;3885;1839;-2046
2016-03-05T21:00:00+0100;0;0;0;3874;1615;-2259
2016-03-05T22:00:00+0100;0;0;0;3914;1529;-2385
2016-03-05T23:00:00+0100;0;0;0;4033;1598;-2435
2016-03-06T00:00:00+0100;0;0;0;2413;1603;-810
2016-03-06T01:00:00+0100;0;0;0;2582;1667;-915
2016-03-06T02:00:00+0100;0;0;0;2762;2019;-743
2016-03-06T03:00:00+0100;0;0;0;2922;2240;-682
2016-03-06T04:00:00+0100;0;0;0;3134;2346;-788
2016-03-06T05:00:00+0100;0;0;0;3411;2686;-725
2016-03-06T06:00:00+0100;15;5;-10;3826;3218;-608
2016-03-06T07:00:00+0100;489;389;-100;4438;3660;-778
2016-03-06T08:00:00+0100;1969;1757;-212;5177;4266;-911
2016-03-06T09:00:00+0100;3879;3742;-137;5980;4587;-1393
2016-03-06T10:00:00+0100;5775;5757;-18;6748;5302;-1446
2016-03-06T11:00:00+0100;7209;7308;99;7365;5964;-1401
2016-03-06T12:00:00+0100;7949;7874;-75;7857;6817;-1040
2016-03-06T13:00:00+0100;7847;7434;-413;8130;7248;-882
2016-03-06T14:00:00+0100;6815;6219;-596;7925;7266;-659
2016-03-06T15:00:00+0100;5056;4902;-154;7419;6816;-603
2016-03-06T16:00:00+0100;2824;3006;182;6598;6636;38
2016-03-06T17:00:00+0100;749;792;43;5883;5854;-29
2016-03-06T18:00:00+0100;14;19;5;5514;5785;271
2016-03-06T19:00:00+0100;0;0;0;5704;5773;69
2016-03-06T20:00:00+0100;0;0;0;6333;6324;-9
2016-03-06T21:00:00+0100;0;0;0;6893;6496;-397
2016-03-06T22:00:00+0100;0;0;0;7117;6303;-814
2016-03-06T23:00:00+0100;0;0;0;7042;6008;-1034
2016-03-07T00:00:00+0100;0;0;0;6588;6063;-525
2016-03-07T01:00:00+0100;0;0;0;6301;5845;-456
2016-03-07T02:00:00+0100;0;0;0;5993;5499;-494
2016-03-07T03:00:00+0100;0;0;0;5679;5110;-569
2016-03-07T04:00:00+0100;0;0;0;5413;4719;-694
2016-03-07T05:00:00+0100;0;0;0;5168;4176;-992
2016-03-07T06:00:00+0100;32;14;-18;4871;3630;-1241
2016-03-07T07:00:00+0100;854;730;-124;4479;3108;-1371
2016-03-07T08:00:00+0100;3117;3301;184;4076;2302;-1774
2016-03-07T09:00:00+0100;5920;7101;1181;3786;1805;-1981
2016-03-07T10:00:00+0100;8205;9795;1590;3653;1718;-1935
2016-03-07T11:00:00+0100;9678;10770;1092;3554;1850;-1704
2016-03-07T12:00:00+0100;10377;10664;287;3488;2050;-1438
2016-03-07T13:00:00+0100;10208;9819;-389;3287;2277;-1010
2016-03-07T14:00:00+0100;8808;8616;-192;2945;2018;-927
2016-03-07T15:00:00+0100;6590;6684;94;2679;1615;-1064
2016-03-07T16:00:00+0100;3726;3930;204;2381;1290;-1091
2016-03-07T17:00:00+0100;1010;1010;0;2087;1093;-994
2016-03-07T18:00:00+0100;22;26;4;1912;1090;-822
2016-03-07T19:00:00+0100;0;0;0;1876;1059;-817
2016-03-07T20:00:00+0100;0;0;0;1877;1086;-791
2016-03-07T21:00:00+0100;0;0;0;1893;1192;-701
2016-03-07T22:00:00+0100;0;0;0;1932;1294;-638
2016-03-07T23:00:00+0100;0;0;0;1887;1305;-582
2016-03-08T00:00:00+0100;0;0;0;1444;1286;-158
2016-03-08T01:00:00+0100;0;0;0;1518;1324;-194
2016-03-08T02:00:00+0100;0;0;0;1632;1344;-288
2016-03-08T03:00:00+0100;0;0;0;1818;1376;-442
2016-03-08T04:00:00+0100;0;0;0;1980;1632;-348
2016-03-08T05:00:00+0100;0;0;0;2119;1758;-361
2016-03-08T06:00:00+0100;47;28;-19;2250;2050;-200
2016-03-08T07:00:00+0100;1009;856;-153;2289;2278;-11
2016-03-08T08:00:00+0100;3551;3071;-480;2222;2001;-221
2016-03-08T09:00:00+0100;7090;7256;166;2119;1656;-463
2016-03-08T10:00:00+0100;10100;9899;-201;2060;1464;-596
2016-03-08T11:00:00+0100;11860;11736;-124;2212;1886;-326
2016-03-08T12:00:00+0100;12270;11752;-518;2517;2587;70
2016-03-08T13:00:00+0100;11402;10356;-1046;2768;3091;323
2016-03-08T14:00:00+0100;9569;8784;-785;2848;3562;714
2016-03-08T15:00:00+0100;7121;6794;-327;2796;3547;751
2016-03-08T16:00:00+0100;4131;4097;-34;2652;3164;512
2016-03-08T17:00:00+0100;1182;1146;-36;2533;2613;80
2016-03-08T18:00:00+0100;34;26;-8;2612;2513;-99
2016-03-08T19:00:00+0100;0;0;0;3118;3146;28
2016-03-08T20:00:00+0100;0;0;0;4008;4425;417
2016-03-08T21:00:00+0100;0;0;0;4961;5790;829
2016-03-08T22:00:00+0100;0;0;0;5820;6571;751
2016-03-08T23:00:00+0100;0;0;0;6434;6819;385
2016-03-09T00:00:00+0100;0;0;0;6544;7126;582
2016-03-09T01:00:00+0100;0;0;0;6719;7365;646
2016-03-09T02:00:00+0100;0;0;0;6867;7347;480
2016-03-09T03:00:00+0100;0;0;0;7036;7488;452
2016-03-09T04:00:00+0100;0;0;0;7246;7883;637
2016-03-09T05:00:00+0100;0;0;0;7554;8280;726
2016-03-09T06:00:00+0100;60;37;-23;7976;9163;1187
2016-03-09T07:00:00+0100;1623;1552;-71;8308;9404;1096
2016-03-09T08:00:00+0100;5748;5509;-239;8279;8616;337
2016-03-09T09:00:00+0100;10905;10208;-697;7964;7937;-27
2016-03-09T10:00:00+0100;15346;14146;-1200;7894;8292;398
2016-03-09T11:00:00+0100;17692;16862;-830;8295;9554;1259
2016-03-09T12:00:00+0100;18414;18016;-398;8865;10911;2046
2016-03-09T13:00:00+0100;17536;17452;-84;9260;12364;3104
2016-03-09T14:00:00+0100;15212;15471;259;9402;13194;3792
2016-03-09T15:00:00+0100;11274;11646;372;9472;13528;4056
2016-03-09T16:00:00+0100;6293;6380;87;9372;13153;3781
2016-03-09T17:00:00+0100;1757;1690;-67;9425;11632;2207
2016-03-09T18:00:00+0100;50;37;-13;10121;11658;1537
2016-03-09T19:00:00+0100;0;0;0;10939;12332;1393
2016-03-09T20:00:00+0100;0;0;0;11058;12706;1648
2016-03-09T21:00:00+0100;0;0;0;10695;11707;1012
2016-03-09T22:00:00+0100;0;0;0;9926;10022;96
2016-03-09T23:00:00+0100;0;0;0;8903;9072;169
2016-03-10T00:00:00+0100;0;0;0;7851;8492;641
2016-03-10T01:00:00+0100;0;0;0;7132;7895;763
2016-03-10T02:00:00+0100;0;0;0;6620;7106;486
2016-03-10T03:00:00+0100;0;0;0;6181;6614;433
2016-03-10T04:00:00+0100;0;0;0;5866;6449;583
2016-03-10T05:00:00+0100;0;0;0;5694;6449;755
2016-03-10T06:00:00+0100;54;32;-22;5535;6418;883
2016-03-10T07:00:00+0100;1225;1327;102;5265;5762;497
2016-03-10T08:00:00+0100;4277;4851;574;4868;5194;326
2016-03-10T09:00:00+0100;7709;8984;1275;4443;4510;67
2016-03-10T10:00:00+0100;10834;12217;1383;4057;4249;192
2016-03-10T11:00:00+0100;12705;14298;1593;3693;3785;92
2016-03-10T12:00:00+0100;13497;14836;1339;3398;3680;282
2016-03-10T13:00:00+0100;12868;13852;984;3291;3596;305
2016-03-10T14:00:00+0100;10890;11836;946;3382;3404;22
2016-03-10T15:00:00+0100;7872;8548;676;3658;3617;-41
2016-03-10T16:00:00+0100;4392;4604;212;4064;4042;-22
2016-03-10T17:00:00+0100;1343;1277;-66;4534;4247;-287
2016-03-10T18:00:00+0100;56;32;-24;5050;4762;-288
2016-03-10T19:00:00+0100;0;0;0;5487;5761;274
2016-03-10T20:00:00+0100;0;0;0;5613;6231;618
2016-03-10T21:00:00+0100;0;0;0;5534;6205;671
2016-03-10T22:00:00+0100;0;0;0;5246;5856;610
2016-03-10T23:00:00+0100;0;0;0;4824;5345;521
2016-03-11T00:00:00+0100;0;0;0;4091;4914;823
2016-03-11T01:00:00+0100;0;0;0;3651;4399;748
2016-03-11T02:00:00+0100;0;0;0;3243;4181;938
2016-03-11T03:00:00+0100;0;0;0;2969;3859;890
2016-03-11T04:00:00+0100;0;0;0;2854;3627;773
2016-03-11T05:00:00+0100;0;0;0;2909;3526;617
2016-03-11T06:00:00+0100;43;26;-17;2974;3574;600
2016-03-11T07:00:00+0100;810;838;28;3026;3626;600
2016-03-11T08:00:00+0100;2707;3120;413;3118;3395;277
2016-03-11T09:00:00+0100;5200;6023;823;3164;3172;8
2016-03-11T10:00:00+0100;7625;8832;1207;3149;3336;187
2016-03-11T11:00:00+0100;9163;10875;1712;2976;3305;329
2016-03-11T12:00:00+0100;9863;11152;1289;2785;3110;325
2016-03-11T13:00:00+0100;9542;10134;592;2780;3045;265
2016-03-11T14:00:00+0100;8189;8062;-127;2971;3106;135
2016-03-11T15:00:00+0100;5998;5525;-473;3311;3457;146
2016-03-11T16:00:00+0100;3402;2869;-533;3665;3726;61
2016-03-11T17:00:00+0100;1062;742;-320;3929;3892;-37
2016-03-11T18:00:00+0100;51;27;-24;4128;4380;252
2016-03-11T19:00:00+0100;0;0;0;4237;5141;904
2016-03-11T20:00:00+0100;0;0;0;4262;5513;1251
2016-03-11T21:00:00+0100;0;0;0;4156;5114;958
2016-03-11T22:00:00+0100;0;0;0;3975;4664;689
2016-03-11T23:00:00+0100;0;0;0;3770;4211;441
2016-03-12T00:00:00+0100;0;0;0;3453;3801;348
2016-03-12T01:00:00+0100;0;0;0;3182;3614;432
2016-03-12T02:00:00+0100;0;0;0;3032;3566;534
2016-03-12T03:00:00+0100;0;0;0;2988;3513;525
2016-03-12T04:00:00+0100;0;0;0;3001;3660;659
2016-03-12T05:00:00+0100;0;0;0;3091;4010;919
2016-03-12T06:00:00+0100;55;31;-24;3155;4232;1077
2016-03-12T07:00:00+0100;971;851;-120;3097;4186;1089
2016-03-12T08:00:00+0100;3199;3243;44;2930;3430;500
2016-03-12T09:00:00+0100;6102;6288;186;2756;2979;223
2016-03-12T10:00:00+0100;8675;8644;-31;2636;2737;101
2016-03-12T11:00:00+0100;10284;9951;-333;2559;2559;0
2016-03-12T12:00:00+0100;10756;9796;-960;2546;2475;-71
2016-03-12T13:00:00+0100;10172;8685;-1487;2605;2526;-79
2016-03-12T14:00:00+0100;8656;7031;-1625;2758;2663;-95
2016-03-12T15:00:00+0100;6330;4901;-1429;3025;2967;-58
2016-03-12T16:00:00+0100;3574;2626;-948;3300;3106;-194
2016-03-12T17:00:00+0100;1140;738;-402;3459;3380;-79
2016-03-12T18:00:00+0100;62;32;-30;3684;3763;79
2016-03-12T19:00:00+0100;0;0;0;3986;4401;415
2016-03-12T20:00:00+0100;0;0;0;4173;4924;751
2016-03-12T21:00:00+0100;0;0;0;4237;5070;833
2016-03-12T22:00:00+0100;0;0;0;4217;4936;719
2016-03-12T23:00:00+0100;0;0;0;4116;4950;834
2016-03-13T00:00:00+0100;0;0;0;4555;5059;504
2016-03-13T01:00:00+0100;0;0;0;4462;5292;830
2016-03-13T02:00:00+0100;0;0;0;4337;5351;1014
2016-03-13T03:00:00+0100;0;0;0;4233;5360;1127
2016-03-13T04:00:00+0100;0;0;0;4148;4893;745
2016-03-13T05:00:00+0100;0;0;0;4144;4940;796
2016-03-13T06:00:00+0100;60;33;-27;4158;5342;1184
2016-03-13T07:00:00+0100;968;830;-138;4293;5607;1314
2016-03-13T08:00:00+0100;3122;2319;-803;4538;5788;1250
2016-03-13T09:00:00+0100;5720;4362;-1358;4607;5890;1283
2016-03-13T10:00:00+0100;8059;6162;-1897;4531;5889;1358
2016-03-13T11:00:00+0100;9716;7716;-2000;4582;5480;898
2016-03-13T12:00:00+0100;10580;9172;-1408;4629;4878;249
2016-03-13T13:00:00+0100;10479;9732;-747;4764;4743;-21
2016-03-13T14:00:00+0100;9316;8949;-367;5002;4979;-23
2016-03-13T15:00:00+0100;6989;6882;-107;5419;5453;34
2016-03-13T16:00:00+0100;3938;3893;-45;5798;6101;303
2016-03-13T17:00:00+0100;1283;1246;-37;6001;6336;335
2016-03-13T18:00:00+0100;74;58;-16;6220;6584;364
2016-03-13T19:00:00+0100;0;0;0;6538;6771;233
2016-03-13T20:00:00+0100;0;0;0;6522;6860;338
2016-03-13T21:00:00+0100;0;0;0;6305;6474;169
2016-03-13T22:00:00+0100;0;0;0;5977;6120;143
2016-03-13T23:00:00+0100;0;0;0;5597;5768;171
2016-03-14T00:00:00+0100;0;0;0;5297;5374;77
2016-03-14T01:00:00+0100;0;0;0;5027;5156;129
2016-03-14T02:00:00+0100;0;0;0;4820;5032;212
2016-03-14T03:00:00+0100;0;0;0;4554;5030;476
2016-03-14T04:00:00+0100;0;0;0;4363;4964;601
2016-03-14T05:00:00+0100;0;0;0;4204;4959;755
2016-03-14T06:00:00+0100;103;85;-18;4014;4817;803
2016-03-14T07:00:00+0100;1440;1912;472;3888;4364;476
2016-03-14T08:00:00+0100;4593;6572;1979;3767;3554;-213
2016-03-14T09:00:00+0100;8663;11762;3099;3582;3104;-478
2016-03-14T10:00:00+0100;12637;15717;3080;3453;2916;-537
2016-03-14T11:00:00+0100;15543;18578;3035;3448;2662;-786
2016-03-14T12:00:00+0100;17016;19926;2910;3511;2647;-864
2016-03-14T13:00:00+0100;16818;19427;2609;3682;2766;-916
2016-03-14T14:00:00+0100;14916;16798;1882;3911;2986;-925
2016-03-14T15:00:00+0100;11339;12392;1053;4114;3225;-889
2016-03-14T16:00:00+0100;6656;7010;354;4178;3318;-860
2016-03-14T17:00:00+0100;2174;2155;-19;4034;3298;-736
2016-03-14T18:00:00+0100;121;88;-33;4043;3563;-480
2016-03-14T19:00:00+0100;0;0;0;4118;4020;-98
2016-03-14T20:00:00+0100;0;0;0;4139;4400;261
2016-03-14T21:00:00+0100;0;0;0;4027;4379;352
2016-03-14T22:00:00+0100;0;0;0;3862;4074;212
2016-03-14T23:00:00+0100;0;0;0;3634;3778;144
2016-03-15T00:00:00+0100;0;0;0;3508;3628;120
2016-03-15T01:00:00+0100;0;0;0;3522;3578;56
2016-03-15T02:00:00+0100;0;0;0;3683;3562;-121
2016-03-15T03:00:00+0100;0;0;0;3980;3646;-334
2016-03-15T04:00:00+0100;0;0;0;4414;3687;-727
2016-03-15T05:00:00+0100;0;0;0;4995;3649;-1346
2016-03-15T06:00:00+0100;54;45;-9;5488;3759;-1729
2016-03-15T07:00:00+0100;750;739;-11;5778;4052;-1726
2016-03-15T08:00:00+0100;2115;2223;108;5906;4354;-1552
2016-03-15T09:00:00+0100;3612;3642;30;6083;4818;-1265
2016-03-15T10:00:00+0100;4964;4856;-108;6417;5347;-1070
2016-03-15T11:00:00+0100;5910;5196;-714;6917;6296;-621
2016-03-15T12:00:00+0100;6414;4734;-1680;7433;6931;-502
2016-03-15T13:00:00+0100;6407;4194;-2213;7893;7539;-354
2016-03-15T14:00:00+0100;5791;3706;-2085;8278;7992;-286
2016-03-15T15:00:00+0100;4458;3108;-1350;8498;8554;56
2016-03-15T16:00:00+0100;2746;2052;-694;8490;9103;613
2016-03-15T17:00:00+0100;983;701;-282;8355;9339;984
2016-03-15T18:00:00+0100;64;45;-19;8354;8903;549
2016-03-15T19:00:00+0100;0;0;0;8342;9604;1262
2016-03-15T20:00:00+0100;0;0;0;8278;9827;1549
2016-03-15T21:00:00+0100;0;0;0;8260;8370;110
2016-03-15T22:00:00+0100;0;0;0;8160;8423;263
2016-03-15T23:00:00+0100;0;0;0;7900;7740;-160
2016-03-16T00:00:00+0100;0;0;0;8361;9416;1055
2016-03-16T01:00:00+0100;0;0;0;8144;9762;1618
2016-03-16T02:00:00+0100;0;0;0;8048;10052;2004
2016-03-16T03:00:00+0100;0;0;0;8017;10419;2402
2016-03-16T04:00:00+0100;0;0;0;8106;10965;2859
2016-03-16T05:00:00+0100;0;0;0;8269;11439;3170
2016-03-16T06:00:00+0100;148;100;-48;8577;11814;3237
2016-03-16T07:00:00+0100;1957;1704;-253;8768;11715;2947
2016-03-16T08:00:00+0100;5493;4996;-497;9005;11016;2011
2016-03-16T09:00:00+0100;9517;9090;-427;9410;11622;2212
2016-03-16T10:00:00+0100;12958;12394;-564;9772;13054;3282
2016-03-16T11:00:00+0100;15150;13968;-1182;10229;14557;4328
2016-03-16T12:00:00+0100;16141;15197;-944;10525;14330;3805
2016-03-16T13:00:00+0100;15902;15689;-213;10621;13628;3007
2016-03-16T14:00:00+0100;14211;14696;485;10531;12985;2454
2016-03-16T15:00:00+0100;10788;11434;646;10405;12539;2134
2016-03-16T16:00:00+0100;6232;6761;529;9949;11653;1704
2016-03-16T17:00:00+0100;2020;2237;217;9192;10133;941
2016-03-16T18:00:00+0100;133;100;-33;8678;9019;341
2016-03-16T19:00:00+0100;0;0;0;8471;9344;873
2016-03-16T20:00:00+0100;0;0;0;8126;9390;1264
2016-03-16T21:00:00+0100;0;0;0;7703;8846;1143
2016-03-16T22:00:00+0100;0;0;0;7056;8013;957
2016-03-16T23:00:00+0100;0;0;0;6197;6994;797
2016-03-17T00:00:00+0100;0;0;0;4899;5946;1047
2016-03-17T01:00:00+0100;0;0;0;4127;5096;969
2016-03-17T02:00:00+0100;0;0;0;3559;4432;873
2016-03-17T03:00:00+0100;0;0;0;3138;4002;864
2016-03-17T04:00:00+0100;0;0;0;2882;3630;748
2016-03-17T05:00:00+0100;0;0;0;2699;3272;573
2016-03-17T06:00:00+0100;242;212;-30;2572;3177;605
2016-03-17T07:00:00+0100;3061;3247;186;2378;2857;479
2016-03-17T08:00:00+0100;8562;9224;662;2078;1852;-226
2016-03-17T09:00:00+0100;14224;14940;716;1805;996;-809
2016-03-17T10:00:00+0100;18459;19105;646;1719;931;-788
2016-03-17T11:00:00+0100;20849;21804;955;1834;1252;-582
2016-03-17T12:00:00+0100;21654;22950;1296;2076;1388;-688
2016-03-17T13:00:00+0100;20781;22022;1241;2476;1578;-898
2016-03-17T14:00:00+0100;18143;19109;966;2905;1798;-1107
2016-03-17T15:00:00+0100;13691;14338;647;3325;2121;-1204
2016-03-17T16:00:00+0100;7905;8186;281;3777;2528;-1249
2016-03-17T17:00:00+0100;2626;2630;4;4173;2962;-1211
2016-03-17T18:00:00+0100;189;156;-33;4639;3689;-950
2016-03-17T19:00:00+0100;0;0;0;5248;4644;-604
2016-03-17T20:00:00+0100;0;0;0;5777;5295;-482
2016-03-17T21:00:00+0100;0;0;0;6249;5751;-498
2016-03-17T22:00:00+0100;0;0;0;6587;6127;-460
2016-03-17T23:00:00+0100;0;0;0;6746;6422;-324
2016-03-18T00:00:00+0100;0;0;0;6777;6865;88
2016-03-18T01:00:00+0100;0;0;0;6989;7364;375
2016-03-18T02:00:00+0100;0;0;0;7307;7937;630
2016-03-18T03:00:00+0100;0;0;0;7583;8352;769
2016-03-18T04:00:00+0100;0;0;0;7776;8384;608
2016-03-18T05:00:00+0100;0;0;0;7727;8414;687
2016-03-18T06:00:00+0100;231;208;-23;7496;8236;740
2016-03-18T07:00:00+0100;2597;2724;127;7089;8111;1022
2016-03-18T08:00:00+0100;6988;7390;402;6442;7576;1134
2016-03-18T09:00:00+0100;11354;11486;132;5908;6576;668
2016-03-18T10:00:00+0100;14509;14153;-356;5465;6008;543
2016-03-18T11:00:00+0100;16237;15443;-794;5006;5510;504
2016-03-18T12:00:00+0100;16777;15717;-1060;4651;5019;368
2016-03-18T13:00:00+0100;16117;14940;-1177;4422;4948;526
2016-03-18T14:00:00+0100;14083;12904;-1179;4246;5092;846
2016-03-18T15:00:00+0100;10603;9540;-1063;4112;4981;869
2016-03-18T16:00:00+0100;6106;5426;-680;3940;4590;650
2016-03-18T17:00:00+0100;2051;1738;-313;3763;4062;299
2016-03-18T18:00:00+0100;159;97;-62;3588;4014;426
2016-03-18T19:00:00+0100;0;0;0;3439;3946;507
2016-03-18T20:00:00+0100;0;0;0;3251;3530;279
2016-03-18T21:00:00+0100;0;0;0;3116;3325;209
2016-03-18T22:00:00+0100;0;0;0;2954;2966;12
2016-03-18T23:00:00+0100;0;0;0;2681;2636;-45
2016-03-19T00:00:00+0100;0;0;0;2408;2424;16
2016-03-19T01:00:00+0100;0;0;0;2075;2219;144
2016-03-19T02:00:00+0100;0;0;0;1858;2018;160
2016-03-19T03:00:00+0100;0;0;0;1701;1947;246
2016-03-19T04:00:00+0100;0;0;0;1598;1812;214
2016-03-19T05:00:00+0100;0;0;0;1538;1724;186
2016-03-19T06:00:00+0100;140;137;-3;1426;1583;157
2016-03-19T07:00:00+0100;1412;1506;94;1259;1612;353
2016-03-19T08:00:00+0100;3763;4002;239;1178;1846;668
2016-03-19T09:00:00+0100;6398;6800;402;1181;2114;933
2016-03-19T10:00:00+0100;8623;8782;159;1320;2504;1184
2016-03-19T11:00:00+0100;10225;10135;-90;1654;2962;1308
2016-03-19T12:00:00+0100;11066;10888;-178;2088;3513;1425
2016-03-19T13:00:00+0100;10963;10703;-260;2729;4208;1479
2016-03-19T14:00:00+0100;9762;9317;-445;3574;5173;1599
2016-03-19T15:00:00+0100;7336;6987;-349;4398;6150;1752
2016-03-19T16:00:00+0100;4237;4030;-207;5160;7038;1878
2016-03-19T17:00:00+0100;1452;1252;-200;5762;7504;1742
2016-03-19T18:00:00+0100;118;64;-54;6393;8347;1954
2016-03-19T19:00:00+0100;0;0;0;7153;9360;2207
2016-03-19T20:00:00+0100;0;0;0;8017;10254;2237
2016-03-19T21:00:00+0100;0;0;0;8913;10697;1784
2016-03-19T22:00:00+0100;0;0;0;9663;11094;1431
2016-03-19T23:00:00+0100;0;0;0;10180;11454;1274
2016-03-20T00:00:00+0100;0;0;0;11529;11496;-33
2016-03-20T01:00:00+0100;0;0;0;11586;11311;-275
2016-03-20T02:00:00+0100;0;0;0;11678;11321;-357
2016-03-20T03:00:00+0100;0;0;0;11808;11612;-196
2016-03-20T04:00:00+0100;0;0;0;11876;11858;-18
2016-03-20T05:00:00+0100;0;0;0;11928;11948;20
2016-03-20T06:00:00+0100;143;99;-44;11983;12316;333
2016-03-20T07:00:00+0100;1265;914;-351;12144;12414;270
2016-03-20T08:00:00+0100;3325;2163;-1162;12608;12736;128
2016-03-20T09:00:00+0100;5688;3734;-1954;13337;12965;-372
2016-03-20T10:00:00+0100;7695;5493;-2202;13888;13076;-812
2016-03-20T11:00:00+0100;9045;7526;-1519;13917;13470;-447
2016-03-20T12:00:00+0100;9801;9601;-200;13899;13335;-564
2016-03-20T13:00:00+0100;9859;10654;795;13717;13037;-680
2016-03-20T14:00:00+0100;8814;9882;1068;13246;12844;-402
2016-03-20T15:00:00+0100;6674;7470;796;12772;12731;-41
2016-03-20T16:00:00+0100;3891;4335;444;12251;12332;81
2016-03-20T17:00:00+0100;1379;1416;37;11762;11080;-682
2016-03-20T18:00:00+0100;140;73;-67;11395;10106;-1289
2016-03-20T19:00:00+0100;0;0;0;11363;9904;-1459
2016-03-20T20:00:00+0100;0;0;0;11547;9987;-1560
2016-03-20T21:00:00+0100;0;0;0;11644;10052;-1592
2016-03-20T22:00:00+0100;0;0;0;11677;9798;-1879
2016-03-20T23:00:00+0100;0;0;0;11799;9750;-2049
2016-03-21T00:00:00+0100;0;0;0;10451;10168;-283
2016-03-21T01:00:00+0100;0;0;0;10445;10536;91
2016-03-21T02:00:00+0100;0;0;0;10316;10696;380
2016-03-21T03:00:00+0100;0;0;0;10124;10914;790
2016-03-21T04:00:00+0100;0;0;0;9897;10701;804
2016-03-21T05:00:00+0100;1;0;-1;9644;10017;373
2016-03-21T06:00:00+0100;139;118;-21;9640;10234;594
2016-03-21T07:00:00+0100;1144;1143;-1;9960;10294;334
2016-03-21T08:00:00+0100;2862;3066;204;10775;10987;212
2016-03-21T09:00:00+0100;4815;5807;992;11904;12085;181
2016-03-21T10:00:00+0100;6506;8509;2003;12928;13411;483
2016-03-21T11:00:00+0100;7668;10166;2498;13656;14468;812
2016-03-21T12:00:00+0100;8160;9830;1670;14280;14906;626
2016-03-21T13:00:00+0100;7913;8390;477;14704;15495;791
2016-03-21T14:00:00+0100;6970;6658;-312;14779;15852;1073
2016-03-21T15:00:00+0100;5303;4806;-497;14529;16216;1687
2016-03-21T16:00:00+0100;3226;2712;-514;14031;15555;1524
2016-03-21T17:00:00+0100;1218;922;-296;13239;15173;1934
2016-03-21T18:00:00+0100;127;53;-74;12471;15220;2749
2016-03-21T19:00:00+0100;0;0;0;11907;15118;3211
2016-03-21T20:00:00+0100;0;0;0;11590;14733;3143
2016-03-21T21:00:00+0100;0;0;0;11437;14711;3274
2016-03-21T22:00:00+0100;0;0;0;11198;13925;2727
2016-03-21T23:00:00+0100;0;0;0;10913;13259;2346
2016-03-22T00:00:00+0100;0;0;0;12712;12702;-10
2016-03-22T01:00:00+0100;0;0;0;12248;12282;34
2016-03-22T02:00:00+0100;0;0;0;11743;11663;-80
2016-03-22T03:00:00+0100;0;0;0;11182;11221;39
2016-03-22T04:00:00+0100;0;0;0;10518;10820;302
2016-03-22T05:00:00+0100;0;1;1;9809;10193;384
2016-03-22T06:00:00+0100;175;170;-5;9120;9372;252
2016-03-22T07:00:00+0100;1423;1630;207;8683;8894;211
2016-03-22T08:00:00+0100;3516;4407;891;8549;8399;-150
2016-03-22T09:00:00+0100;5822;7525;1703;8708;8153;-555
2016-03-22T10:00:00+0100;7753;9778;2025;8660;7807;-853
2016-03-22T11:00:00+0100;9046;10398;1352;8175;7858;-317
2016-03-22T12:00:00+0100;9507;9452;-55;7710;7491;-219
2016-03-22T13:00:00+0100;9053;9003;-50;7438;7028;-410
2016-03-22T14:00:00+0100;7733;7540;-193;7223;6521;-702
2016-03-22T15:00:00+0100;5839;5520;-319;7006;6032;-974
2016-03-22T16:00:00+0100;3531;3191;-340;6522;5472;-1050
2016-03-22T17:00:00+0100;1301;1215;-86;5697;4869;-828
2016-03-22T18:00:00+0100;134;104;-30;4963;4302;-661
2016-03-22T19:00:00+0100;0;0;0;4953;4442;-511
2016-03-22T20:00:00+0100;0;0;0;5164;4566;-598
2016-03-22T21:00:00+0100;0;0;0;5386;4518;-868
2016-03-22T22:00:00+0100;0;0;0;5590;4352;-1238
2016-03-22T23:00:00+0100;0;0;0;5758;4456;-1302
2016-03-23T00:00:00+0100;0;0;0;4972;4598;-374
2016-03-23T01:00:00+0100;0;0;0;5064;4666;-398
2016-03-23T02:00:00+0100;0;0;0;5232;5260;28
2016-03-23T03:00:00+0100;0;0;0;5402;5692;290
2016-03-23T04:00:00+0100;0;0;0;5671;5696;25
2016-03-23T05:00:00+0100;0;1;1;5931;5666;-265
2016-03-23T06:00:00+0100;181;172;-9;6229;5381;-848
2016-03-23T07:00:00+0100;1297;1335;38;6612;5442;-1170
2016-03-23T08:00:00+0100;3204;3428;224;7133;5857;-1276
2016-03-23T09:00:00+0100;5582;5806;224;7743;6243;-1500
2016-03-23T10:00:00+0100;7536;7703;167;8206;6402;-1804
2016-03-23T11:00:00+0100;8901;8664;-237;8450;6753;-1697
2016-03-23T12:00:00+0100;9475;8765;-710;8663;7088;-1575
2016-03-23T13:00:00+0100;9270;8634;-636;9095;7666;-1429
2016-03-23T14:00:00+0100;8202;7622;-580;9357;8109;-1248
2016-03-23T15:00:00+0100;6476;5834;-642;9321;8075;-1246
2016-03-23T16:00:00+0100;4176;3405;-771;8943;7216;-1727
2016-03-23T17:00:00+0100;1702;1251;-451;7984;6284;-1700
2016-03-23T18:00:00+0100;198;115;-83;6974;5132;-1842
2016-03-23T19:00:00+0100;0;0;0;6255;4873;-1382
2016-03-23T20:00:00+0100;0;0;0;5622;4910;-712
2016-03-23T21:00:00+0100;0;0;0;5128;4684;-444
2016-03-23T22:00:00+0100;0;0;0;4651;4359;-292
2016-03-23T23:00:00+0100;0;0;0;4015;4098;83
2016-03-24T00:00:00+0100;0;0;0;3043;4115;1072
2016-03-24T01:00:00+0100;0;0;0;2641;3862;1221
2016-03-24T02:00:00+0100;0;0;0;2267;3568;1301
2016-03-24T03:00:00+0100;0;0;0;1932;3006;1074
2016-03-24T04:00:00+0100;0;0;0;1645;2508;863
2016-03-24T05:00:00+0100;1;1;0;1400;2211;811
2016-03-24T06:00:00+0100;292;228;-64;1268;1945;677
2016-03-24T07:00:00+0100;2139;1770;-369;1218;1734;516
2016-03-24T08:00:00+0100;5195;4452;-743;1224;1446;222
2016-03-24T09:00:00+0100;8423;7313;-1110;1286;1386;100
2016-03-24T10:00:00+0100;10722;9685;-1037;1505;1598;93
2016-03-24T11:00:00+0100;12082;10209;-1873;1872;2064;192
2016-03-24T12:00:00+0100;12372;9628;-2744;2259;2324;65
2016-03-24T13:00:00+0100;11388;9156;-2232;2695;2499;-196
2016-03-24T14:00:00+0100;9558;8252;-1306;3040;3017;-23
2016-03-24T15:00:00+0100;7094;6307;-787;3255;3352;97
2016-03-24T16:00:00+0100;4271;3747;-524;3271;3165;-106
2016-03-24T17:00:00+0100;1619;1270;-349;3260;2989;-271
2016-03-24T18:00:00+0100;169;80;-89;3439;3318;-121
2016-03-24T19:00:00+0100;0;0;0;4080;3782;-298
2016-03-24T20:00:00+0100;0;0;0;4846;4380;-466
2016-03-24T21:00:00+0100;0;0;0;5852;5371;-481
2016-03-24T22:00:00+0100;0;0;0;6771;6147;-624
2016-03-24T23:00:00+0100;0;0;0;7501;6473;-1028
2016-03-25T00:00:00+0100;0;0;0;7271;6760;-511
2016-03-25T01:00:00+0100;0;0;0;7598;7191;-407
2016-03-25T02:00:00+0100;0;0;0;7871;7576;-295
2016-03-25T03:00:00+0100;0;0;0;8168;7928;-240
2016-03-25T04:00:00+0100;0;0;0;8526;8205;-321
2016-03-25T05:00:00+0100;1;1;0;8888;8536;-352
2016-03-25T06:00:00+0100;184;143;-41;9276;9022;-254
2016-03-25T07:00:00+0100;1063;995;-68;9685;9242;-443
2016-03-25T08:00:00+0100;2336;2622;286;10098;9085;-1013
2016-03-25T09:00:00+0100;3543;4061;518;10487;9071;-1416
2016-03-25T10:00:00+0100;4266;4793;527;10798;9310;-1488
2016-03-25T11:00:00+0100;4542;4918;376;10818;8897;-1921
2016-03-25T12:00:00+0100;4279;4570;291;10641;8380;-2261
2016-03-25T13:00:00+0100;3636;4060;424;10306;7959;-2347
2016-03-25T14:00:00+0100;2925;3328;403;9635;8220;-1415
2016-03-25T15:00:00+0100;2204;2529;325;8996;8476;-520
2016-03-25T16:00:00+0100;1369;1556;187;8263;7924;-339
2016-03-25T17:00:00+0100;554;673;119;7535;6724;-811
2016-03-25T18:00:00+0100;72;77;5;6934;5582;-1352
2016-03-25T19:00:00+0100;0;0;0;6269;5264;-1005
2016-03-25T20:00:00+0100;0;0;0;5766;5614;-152
2016-03-25T21:00:00+0100;0;0;0;5372;5792;420
2016-03-25T22:00:00+0100;0;0;0;4982;5584;602
2016-03-25T23:00:00+0100;0;0;0;4734;5084;350
2016-03-26T00:00:00+0100;0;0;0;4230;4750;520
2016-03-26T01:00:00+0100;0;0;0;3853;4181;328
2016-03-26T02:00:00+0100;0;0;0;3638;3718;80
2016-03-26T03:00:00+0100;0;0;0;3505;4014;509
2016-03-26T04:00:00+0100;0;0;0;3474;4233;759
2016-03-26T05:00:00+0100;1;1;0;3532;4355;823
2016-03-26T06:00:00+0100;259;289;30;3603;4456;853
2016-03-26T07:00:00+0100;1755;2258;503;3754;4620;866
2016-03-26T08:00:00+0100;4298;6038;1740;3962;4630;668
2016-03-26T09:00:00+0100;7540;10671;3131;4241;5142;901
2016-03-26T10:00:00+0100;10713;14736;4023;4686;6251;1565
2016-03-26T11:00:00+0100;13228;16504;3276;5235;7200;1965
2016-03-26T12:00:00+0100;14864;16838;1974;5886;8205;2319
2016-03-26T13:00:00+0100;15577;16934;1357;6639;8666;2027
2016-03-26T14:00:00+0100;14629;16323;1694;7484;9407;1923
2016-03-26T15:00:00+0100;11728;13501;1773;8414;10562;2148
2016-03-26T16:00:00+0100;7382;8516;1134;9216;11784;2568
2016-03-26T17:00:00+0100;2900;3392;492;10308;11993;1685
2016-03-26T18:00:00+0100;363;358;-5;11956;13292;1336
2016-03-26T19:00:00+0100;0;0;0;13915;16552;2637
2016-03-26T20:00:00+0100;0;0;0;15498;19180;3682
2016-03-26T21:00:00+0100;0;0;0;16819;20902;4083
2016-03-26T22:00:00+0100;0;0;0;17752;20958;3206
2016-03-26T23:00:00+0100;0;0;0;18038;20875;2837
2016-03-27T00:00:00+0100;0;0;0;19274;20100;826
2016-03-27T01:00:00+0100;0;0;0;19459;20214;755
2016-03-27T02:00:00+0100;0;0;0;0;0;0
2016-03-27T03:00:00+0200;0;0;0;19877;20679;802
2016-03-27T04:00:00+0200;0;0;0;19972;21346;1374
2016-03-27T05:00:00+0200;0;0;0;19604;21778;2174
2016-03-27T06:00:00+0200;8;3;-5;18899;21626;2727
2016-03-27T07:00:00+0200;631;676;45;17839;21001;3162
2016-03-27T08:00:00+0200;3434;3699;265;16599;20734;4135
2016-03-27T09:00:00+0200;7367;7236;-131;15631;20146;4515
2016-03-27T10:00:00+0200;10479;9322;-1157;15192;19997;4805
2016-03-27T11:00:00+0200;11881;10688;-1193;14964;19756;4792
2016-03-27T12:00:00+0200;12219;11791;-428;15401;19894;4493
2016-03-27T13:00:00+0200;11756;12359;603;15680;19627;3947
2016-03-27T14:00:00+0200;10590;10633;43;14969;19492;4523
2016-03-27T15:00:00+0200;8880;8760;-120;13745;18571;4826
2016-03-27T16:00:00+0200;6773;6758;-15;12440;16304;3864
2016-03-27T17:00:00+0200;4375;4434;59;11095;13615;2520
2016-03-27T18:00:00+0200;1907;1924;17;9795;11676;1881
2016-03-27T19:00:00+0200;260;241;-19;9001;10553;1552
2016-03-27T20:00:00+0200;0;0;0;9235;10964;1729
2016-03-27T21:00:00+0200;0;0;0;9991;12394;2403
2016-03-27T22:00:00+0200;0;0;0;10802;13927;3125
2016-03-27T23:00:00+0200;0;0;0;11381;14613;3232
2016-03-28T00:00:00+0200;0;0;0;12187;14458;2271
2016-03-28T01:00:00+0200;0;0;0;12291;14498;2207
2016-03-28T02:00:00+0200;0;0;0;12437;14758;2321
2016-03-28T03:00:00+0200;0;0;0;12865;15337;2472
2016-03-28T04:00:00+0200;0;0;0;13496;16098;2602
2016-03-28T05:00:00+0200;0;0;0;14344;17234;2890
2016-03-28T06:00:00+0200;41;6;-35;15429;18870;3441
2016-03-28T07:00:00+0200;901;732;-169;16548;20410;3862
2016-03-28T08:00:00+0200;4341;4250;-91;17254;20967;3713
2016-03-28T09:00:00+0200;8772;8803;31;17710;20476;2766
2016-03-28T10:00:00+0200;12295;11635;-660;18654;22381;3727
2016-03-28T11:00:00+0200;14044;12813;-1231;20445;25916;5471
2016-03-28T12:00:00+0200;14251;12404;-1847;22790;26255;3465
2016-03-28T13:00:00+0200;13116;11171;-1945;24834;26540;1706
2016-03-28T14:00:00+0200;11114;9986;-1128;26129;26848;719
2016-03-28T15:00:00+0200;8741;8132;-609;26505;26728;223
2016-03-28T16:00:00+0200;6401;6314;-87;26142;25608;-534
2016-03-28T17:00:00+0200;4051;4681;630;25222;23787;-1435
2016-03-28T18:00:00+0200;1804;2120;316;24100;21076;-3024
2016-03-28T19:00:00+0200;272;228;-44;22817;19281;-3536
2016-03-28T20:00:00+0200;1;0;-1;21290;18317;-2973
2016-03-28T21:00:00+0200;0;0;0;20139;18182;-1957
2016-03-28T22:00:00+0200;0;0;0;19170;17887;-1283
2016-03-28T23:00:00+0200;0;0;0;18404;18139;-265
2016-03-29T00:00:00+0200;0;0;0;17913;18057;144
2016-03-29T01:00:00+0200;0;0;0;17646;17628;-18
2016-03-29T02:00:00+0200;0;0;0;17313;17891;578
2016-03-29T03:00:00+0200;0;0;0;17249;18539;1290
2016-03-29T04:00:00+0200;0;0;0;17342;18767;1425
2016-03-29T05:00:00+0200;0;0;0;17511;18894;1383
2016-03-29T06:00:00+0200;32;6;-26;17807;20168;2361
2016-03-29T07:00:00+0200;656;538;-118;18191;20440;2249
2016-03-29T08:00:00+0200;3035;3127;92;18958;20617;1659
2016-03-29T09:00:00+0200;6555;6980;425;20121;21470;1349
2016-03-29T10:00:00+0200;10418;10031;-387;21176;22934;1758
2016-03-29T11:00:00+0200;13399;12194;-1205;21892;23295;1403
2016-03-29T12:00:00+0200;15172;13600;-1572;21852;22808;956
2016-03-29T13:00:00+0200;15649;14140;-1509;21488;22426;938
2016-03-29T14:00:00+0200;14944;14326;-618;20943;22161;1218
2016-03-29T15:00:00+0200;12880;12979;99;20105;21784;1679
2016-03-29T16:00:00+0200;9847;9937;90;18939;20518;1579
2016-03-29T17:00:00+0200;6214;6184;-30;17342;17518;176
2016-03-29T18:00:00+0200;2625;2622;-3;14992;14027;-965
2016-03-29T19:00:00+0200;408;317;-91;12831;10890;-1941
2016-03-29T20:00:00+0200;2;0;-2;11629;9666;-1963
2016-03-29T21:00:00+0200;0;0;0;11387;9137;-2250
2016-03-29T22:00:00+0200;0;0;0;11531;9057;-2474
2016-03-29T23:00:00+0200;0;0;0;11700;9103;-2597
2016-03-30T00:00:00+0200;0;0;0;10930;9621;-1309
2016-03-30T01:00:00+0200;0;0;0;11015;10971;-44
2016-03-30T02:00:00+0200;0;0;0;11080;12004;924
2016-03-30T03:00:00+0200;0;0;0;11359;12499;1140
2016-03-30T04:00:00+0200;0;0;0;11405;12431;1026
2016-03-30T05:00:00+0200;0;0;0;11709;13270;1561
2016-03-30T06:00:00+0200;7;4;-3;12445;13746;1301
2016-03-30T07:00:00+0200;356;300;-56;13181;14271;1090
2016-03-30T08:00:00+0200;1718;1332;-386;13773;14322;549
2016-03-30T09:00:00+0200;3683;3390;-293;14495;14660;165
2016-03-30T10:00:00+0200;5873;5734;-139;15442;15518;76
2016-03-30T11:00:00+0200;7778;8099;321;16054;16181;127
2016-03-30T12:00:00+0200;9189;9378;189;16211;16432;221
2016-03-30T13:00:00+0200;9677;9381;-296;16253;16617;364
2016-03-30T14:00:00+0200;9584;9227;-357;15735;16251;516
2016-03-30T15:00:00+0200;8766;8666;-100;14412;15396;984
2016-03-30T16:00:00+0200;7147;7338;191;12807;14810;2003
2016-03-30T17:00:00+0200;4781;4791;10;10928;13818;2890
2016-03-30T18:00:00+0200;2111;1995;-116;8903;11789;2886
2016-03-30T19:00:00+0200;325;252;-73;7165;9809;2644
2016-03-30T20:00:00+0200;0;0;0;6356;9169;2813
2016-03-30T21:00:00+0200;0;0;0;6146;8236;2090
2016-03-30T22:00:00+0200;0;0;0;5868;7348;1480
2016-03-30T23:00:00+0200;0;0;0;5462;6666;1204
2016-03-31T00:00:00+0200;0;0;0;5629;6192;563
2016-03-31T01:00:00+0200;0;0;0;4998;5459;461
2016-03-31T02:00:00+0200;0;0;0;4369;4604;235
2016-03-31T03:00:00+0200;0;0;0;3801;4248;447
2016-03-31T04:00:00+0200;0;0;0;3156;3786;630
2016-03-31T05:00:00+0200;0;0;0;2524;3125;601
2016-03-31T06:00:00+0200;14;8;-6;2011;2719;708
2016-03-31T07:00:00+0200;650;526;-124;1661;2264;603
2016-03-31T08:00:00+0200;2907;2622;-285;1466;1757;291
2016-03-31T09:00:00+0200;6061;5980;-81;1323;1441;118
2016-03-31T10:00:00+0200;9338;9288;-50;1291;1487;196
2016-03-31T11:00:00+0200;11855;11718;-137;1442;1824;382
2016-03-31T12:00:00+0200;12884;13532;648;1733;2258;525
2016-03-31T13:00:00+0200;12287;13638;1351;2018;2776;758
2016-03-31T14:00:00+0200;10870;12471;1601;2483;3538;1055
2016-03-31T15:00:00+0200;8841;9418;577;3221;4424;1203
2016-03-31T16:00:00+0200;6296;5804;-492;4028;5046;1018
2016-03-31T17:00:00+0200;3630;2931;-699;4872;5363;491
2016-03-31T18:00:00+0200;1479;1192;-287;5539;6166;627
2016-03-31T19:00:00+0200;238;152;-86;6121;6971;850
2016-03-31T20:00:00+0200;0;1;1;6633;7539;906
2016-03-31T21:00:00+0200;0;0;0;7027;8048;1021
2016-03-31T22:00:00+0200;0;0;0;7438;8486;1048
2016-03-31T23:00:00+0200;0;0;0;7738;9017;1279
2016-04-01T00:00:00+0200;0;0;0;7964;9337;1373
2016-04-01T01:00:00+0200;0;0;0;8049;9045;996
2016-04-01T02:00:00+0200;0;0;0;7739;8336;597
2016-04-01T03:00:00+0200;0;0;0;7177;7564;387
2016-04-01T04:00:00+0200;0;0;0;6605;6520;-85
2016-04-01T05:00:00+0200;0;0;0;6082;5500;-582
2016-04-01T06:00:00+0200;19;7;-12;5557;4812;-745
2016-04-01T07:00:00+0200;674;512;-162;4906;4422;-484
2016-04-01T08:00:00+0200;3042;2383;-659;4001;3469;-532
2016-04-01T09:00:00+0200;6299;5325;-974;3046;2592;-454
2016-04-01T10:00:00+0200;9691;8722;-969;2385;2303;-82
2016-04-01T11:00:00+0200;12292;11605;-687;2098;2070;-28
2016-04-01T12:00:00+0200;13814;13433;-381;1958;2126;168
2016-04-01T13:00:00+0200;14561;14210;-351;1988;2175;187
2016-04-01T14:00:00+0200;14594;14310;-284;2017;1965;-52
2016-04-01T15:00:00+0200;13301;13398;97;1977;1736;-241
2016-04-01T16:00:00+0200;10665;10814;149;2000;1518;-482
2016-04-01T17:00:00+0200;6724;7167;443;2100;1373;-727
2016-04-01T18:00:00+0200;2786;3104;318;2132;1327;-805
2016-04-01T19:00:00+0200;425;442;17;2450;1443;-1007
2016-04-01T20:00:00+0200;1;2;1;3638;2157;-1481
2016-04-01T21:00:00+0200;0;0;0;5073;3520;-1553
2016-04-01T22:00:00+0200;0;0;0;6197;5425;-772
2016-04-01T23:00:00+0200;0;0;0;7383;7111;-272
2016-04-02T00:00:00+0200;0;0;0;7691;8309;618
2016-04-02T01:00:00+0200;0;0;0;8465;8777;312
2016-04-02T02:00:00+0200;0;0;0;9341;9145;-196
2016-04-02T03:00:00+0200;0;0;0;9895;9690;-205
2016-04-02T04:00:00+0200;0;0;0;10307;10372;65
2016-04-02T05:00:00+0200;0;0;0;10693;10614;-79
2016-04-02T06:00:00+0200;45;21;-24;10893;10344;-549
2016-04-02T07:00:00+0200;1328;1097;-231;10853;9761;-1092
2016-04-02T08:00:00+0200;5618;4554;-1064;9840;8520;-1320
2016-04-02T09:00:00+0200;11251;9060;-2191;7743;6305;-1438
2016-04-02T10:00:00+0200;16647;13742;-2905;6557;5492;-1065
2016-04-02T11:00:00+0200;20604;17358;-3246;6535;5321;-1214
2016-04-02T12:00:00+0200;22832;19202;-3630;6605;4983;-1622
2016-04-02T13:00:00+0200;23360;19707;-3653;6679;5068;-1611
2016-04-02T14:00:00+0200;22364;18402;-3962;6744;5416;-1328
2016-04-02T15:00:00+0200;19546;15636;-3910;6639;5184;-1455
2016-04-02T16:00:00+0200;15103;12010;-3093;6392;4968;-1424
2016-04-02T17:00:00+0200;9350;7333;-2017;5970;4732;-1238
2016-04-02T18:00:00+0200;3800;2929;-871;6020;4075;-1945
2016-04-02T19:00:00+0200;605;423;-182;6838;4345;-2493
2016-04-02T20:00:00+0200;3;2;-1;8628;6076;-2552
2016-04-02T21:00:00+0200;0;0;0;10516;7870;-2646
2016-04-02T22:00:00+0200;0;0;0;11655;9075;-2580
2016-04-02T23:00:00+0200;0;0;0;11765;9406;-2359
2016-04-03T00:00:00+0200;0;0;0;8986;9420;434
2016-04-03T01:00:00+0200;0;0;0;8793;8880;87
2016-04-03T02:00:00+0200;0;0;0;8500;8176;-324
2016-04-03T03:00:00+0200;0;0;0;8326;7542;-784
2016-04-03T04:00:00+0200;0;0;0;8385;7151;-1234
2016-04-03T05:00:00+0200;0;0;0;8482;7003;-1479
2016-04-03T06:00:00+0200;42;21;-21;8590;6588;-2002
2016-04-03T07:00:00+0200;1119;984;-135;8615;6624;-1991
2016-04-03T08:00:00+0200;4411;3711;-700;8024;6134;-1890
2016-04-03T09:00:00+0200;8504;7481;-1023;6563;5306;-1257
2016-04-03T10:00:00+0200;12491;11599;-892;5421;3879;-1542
2016-04-03T11:00:00+0200;15515;14799;-716;4763;3340;-1423
2016-04-03T12:00:00+0200;17220;17055;-165;4407;3158;-1249
2016-04-03T13:00:00+0200;17498;17806;308;4144;3169;-975
2016-04-03T14:00:00+0200;16537;16825;288;3756;3260;-496
2016-04-03T15:00:00+0200;14187;14279;92;3254;2941;-313
2016-04-03T16:00:00+0200;10802;10636;-166;2762;2214;-548
2016-04-03T17:00:00+0200;6715;6447;-268;2384;1734;-650
2016-04-03T18:00:00+0200;2831;2588;-243;2375;1393;-982
2016-04-03T19:00:00+0200;470;376;-94;2585;1795;-790
2016-04-03T20:00:00+0200;2;2;0;3047;2414;-633
2016-04-03T21:00:00+0200;0;0;0;3646;3172;-474
2016-04-03T22:00:00+0200;0;0;0;4273;3634;-639
2016-04-03T23:00:00+0200;0;0;0;4881;4076;-805
2016-04-04T00:00:00+0200;0;0;0;3724;4343;619
2016-04-04T01:00:00+0200;0;0;0;3961;4703;742
2016-04-04T02:00:00+0200;0;0;0;4124;5100;976
2016-04-04T03:00:00+0200;0;0;0;4398;5286;888
2016-04-04T04:00:00+0200;0;0;0;4714;6131;1417
2016-04-04T05:00:00+0200;0;0;0;5071;6878;1807
2016-04-04T06:00:00+0200;34;20;-14;5450;7641;2191
2016-04-04T07:00:00+0200;835;746;-89;5865;8381;2516
2016-04-04T08:00:00+0200;3360;3028;-332;6019;8099;2080
2016-04-04T09:00:00+0200;6865;6382;-483;5814;7678;1864
2016-04-04T10:00:00+0200;10320;10620;300;5614;7292;1678
2016-04-04T11:00:00+0200;13115;13634;519;5576;7381;1805
2016-04-04T12:00:00+0200;14930;15506;576;5603;7746;2143
2016-04-04T13:00:00+0200;15335;16366;1031;5610;7931;2321
2016-04-04T14:00:00+0200;14743;15337;594;5548;7473;1925
2016-04-04T15:00:00+0200;13020;12967;-53;5201;7716;2515
2016-04-04T16:00:00+0200;10190;10030;-160;4729;7099;2370
2016-04-04T17:00:00+0200;6496;6377;-119;4167;6488;2321
2016-04-04T18:00:00+0200;2822;2856;34;3627;5118;1491
2016-04-04T19:00:00+0200;476;478;2;3018;3300;282
2016-04-04T20:00:00+0200;2;5;3;2721;3092;371
2016-04-04T21:00:00+0200;0;0;0;2627;2344;-283
2016-04-04T22:00:00+0200;0;0;0;2628;2014;-614
2016-04-04T23:00:00+0200;0;0;0;2644;2031;-613
2016-04-05T00:00:00+0200;0;0;0;2525;2600;75
2016-04-05T01:00:00+0200;0;0;0;2793;3456;663
2016-04-05T02:00:00+0200;0;0;0;2973;3913;940
2016-04-05T03:00:00+0200;0;0;0;3037;4388;1351
2016-04-05T04:00:00+0200;0;0;0;3074;4818;1744
2016-04-05T05:00:00+0200;0;0;0;3137;4646;1509
2016-04-05T06:00:00+0200;45;26;-19;3247;4356;1109
2016-04-05T07:00:00+0200;1043;1047;4;3374;4187;813
2016-04-05T08:00:00+0200;3811;3841;30;3420;3558;138
2016-04-05T09:00:00+0200;7226;7470;244;3253;2715;-538
2016-04-05T10:00:00+0200;10455;10836;381;3114;2457;-657
2016-04-05T11:00:00+0200;12815;12521;-294;3230;2467;-763
2016-04-05T12:00:00+0200;13942;13379;-563;3604;2782;-822
2016-04-05T13:00:00+0200;13514;13266;-248;3977;3032;-945
2016-04-05T14:00:00+0200;11984;12194;210;4330;3411;-919
2016-04-05T15:00:00+0200;9919;9916;-3;4578;3864;-714
2016-04-05T16:00:00+0200;7321;6932;-389;4971;4672;-299
2016-04-05T17:00:00+0200;4371;4014;-357;5412;5460;48
2016-04-05T18:00:00+0200;1788;1636;-152;5948;6552;604
2016-04-05T19:00:00+0200;316;266;-50;6652;7260;608
2016-04-05T20:00:00+0200;2;4;2;7341;8149;808
2016-04-05T21:00:00+0200;0;0;0;8219;9798;1579
2016-04-05T22:00:00+0200;0;0;0;9364;12306;2942
2016-04-05T23:00:00+0200;0;0;0;10325;13478;3153
2016-04-06T00:00:00+0200;0;0;0;10369;13202;2833
2016-04-06T01:00:00+0200;0;0;0;11304;12987;1683
2016-04-06T02:00:00+0200;0;0;0;11845;12948;1103
2016-04-06T03:00:00+0200;0;0;0;11977;13080;1103
2016-04-06T04:00:00+0200;0;0;0;11981;12663;682
2016-04-06T05:00:00+0200;0;0;0;11948;12534;586
2016-04-06T06:00:00+0200;36;28;-8;11874;12256;382
2016-04-06T07:00:00+0200;885;904;19;11927;12405;478
2016-04-06T08:00:00+0200;3456;3732;276;12268;12273;5
2016-04-06T09:00:00+0200;6797;7747;950;13006;13004;-2
2016-04-06T10:00:00+0200;10174;11372;1198;14020;15501;1481
2016-04-06T11:00:00+0200;12803;13334;531;15029;18396;3367
2016-04-06T12:00:00+0200;14145;13839;-306;16003;19794;3791
2016-04-06T13:00:00+0200;14058;14081;23;16952;20337;3385
2016-04-06T14:00:00+0200;12951;13312;361;17690;20982;3292
2016-04-06T15:00:00+0200;10942;12258;1316;18030;21509;3479
2016-04-06T16:00:00+0200;8593;10102;1509;17975;21483;3508
2016-04-06T17:00:00+0200;5624;6730;1106;17320;20376;3056
2016-04-06T18:00:00+0200;2470;3162;692;16280;18746;2466
2016-04-06T19:00:00+0200;419;519;100;15481;16718;1237
2016-04-06T20:00:00+0200;4;3;-1;15302;16738;1436
2016-04-06T21:00:00+0200;0;0;0;16117;19056;2939
2016-04-06T22:00:00+0200;0;0;0;17429;20656;3227
2016-04-06T23:00:00+0200;0;0;0;18535;21232;2697
2016-04-07T00:00:00+0200;0;0;0;18932;21052;2120
2016-04-07T01:00:00+0200;0;0;0;19021;20598;1577
2016-04-07T02:00:00+0200;0;0;0;18937;19468;531
2016-04-07T03:00:00+0200;0;0;0;18816;18646;-170
2016-04-07T04:00:00+0200;0;0;0;18629;16999;-1630
2016-04-07T05:00:00+0200;0;0;0;18304;15714;-2590
2016-04-07T06:00:00+0200;53;38;-15;18071;14815;-3256
2016-04-07T07:00:00+0200;1057;1031;-26;17963;13937;-4026
2016-04-07T08:00:00+0200;3876;3620;-256;18448;13868;-4580
2016-04-07T09:00:00+0200;7193;6400;-793;19452;15409;-4043
2016-04-07T10:00:00+0200;10164;8919;-1245;20292;17068;-3224
2016-04-07T11:00:00+0200;12151;10722;-1429;20516;18131;-2385
2016-04-07T12:00:00+0200;13250;11392;-1858;19915;18363;-1552
2016-04-07T13:00:00+0200;13397;11719;-1678;19006;17818;-1188
2016-04-07T14:00:00+0200;12728;11688;-1040;17916;17505;-411
2016-04-07T15:00:00+0200;11210;10858;-352;16757;17178;421
2016-04-07T16:00:00+0200;8928;9082;154;15415;16397;982
2016-04-07T17:00:00+0200;5953;6250;297;13715;14968;1253
2016-04-07T18:00:00+0200;2722;2962;240;11571;12939;1368
2016-04-07T19:00:00+0200;520;560;40;9712;10330;618
2016-04-07T20:00:00+0200;9;6;-3;8882;9924;1042
2016-04-07T21:00:00+0200;0;0;0;8914;9688;774
2016-04-07T22:00:00+0200;0;0;0;9251;9479;228
2016-04-07T23:00:00+0200;0;0;0;9356;9393;37
2016-04-08T00:00:00+0200;0;0;0;8917;9159;242
2016-04-08T01:00:00+0200;0;0;0;8608;8603;-5
2016-04-08T02:00:00+0200;0;0;0;8065;8354;289
2016-04-08T03:00:00+0200;0;0;0;7409;8143;734
2016-04-08T04:00:00+0200;0;0;0;6830;7989;1159
2016-04-08T05:00:00+0200;0;0;0;6224;7144;920
2016-04-08T06:00:00+0200;60;45;-15;5625;6160;535
2016-04-08T07:00:00+0200;1154;1152;-2;4972;5345;373
2016-04-08T08:00:00+0200;4176;4406;230;4189;4318;129
2016-04-08T09:00:00+0200;7825;8662;837;3507;3518;11
2016-04-08T10:00:00+0200;11005;12309;1304;3162;3780;618
2016-04-08T11:00:00+0200;13050;14936;1886;3011;4242;1231
2016-04-08T12:00:00+0200;14020;15395;1375;2953;4041;1088
2016-04-08T13:00:00+0200;13995;14385;390;2895;3764;869
2016-04-08T14:00:00+0200;13054;12910;-144;2743;3510;767
2016-04-08T15:00:00+0200;11209;10967;-242;2382;3098;716
2016-04-08T16:00:00+0200;8621;8534;-87;1959;2574;615
2016-04-08T17:00:00+0200;5584;5563;-21;1530;2211;681
2016-04-08T18:00:00+0200;2564;2770;206;1117;1744;627
2016-04-08T19:00:00+0200;490;582;92;824;1170;346
2016-04-08T20:00:00+0200;8;8;0;697;930;233
2016-04-08T21:00:00+0200;0;0;0;683;942;259
2016-04-08T22:00:00+0200;0;0;0;699;1078;379
2016-04-08T23:00:00+0200;0;0;0;752;1300;548
2016-04-09T00:00:00+0200;0;0;0;773;1383;610
2016-04-09T01:00:00+0200;0;0;0;799;1533;734
2016-04-09T02:00:00+0200;0;0;0;810;1467;657
2016-04-09T03:00:00+0200;0;0;0;820;1367;547
2016-04-09T04:00:00+0200;0;0;0;862;1194;332
2016-04-09T05:00:00+0200;0;0;0;904;1008;104
2016-04-09T06:00:00+0200;90;61;-29;941;1033;92
2016-04-09T07:00:00+0200;1514;1374;-140;968;1236;268
2016-04-09T08:00:00+0200;5295;5010;-285;938;1240;302
2016-04-09T09:00:00+0200;9826;9427;-399;871;809;-62
2016-04-09T10:00:00+0200;13452;13222;-230;892;805;-87
2016-04-09T11:00:00+0200;15655;15233;-422;1032;1174;142
2016-04-09T12:00:00+0200;16470;15808;-662;1239;1507;268
2016-04-09T13:00:00+0200;15692;14813;-879;1433;1466;33
2016-04-09T14:00:00+0200;13777;12956;-821;1568;1394;-174
2016-04-09T15:00:00+0200;11262;10663;-599;1672;1392;-280
2016-04-09T16:00:00+0200;8413;7968;-445;1791;1706;-85
2016-04-09T17:00:00+0200;5290;5160;-130;2133;2471;338
2016-04-09T18:00:00+0200;2405;2664;259;2881;3309;428
2016-04-09T19:00:00+0200;463;577;114;3863;4153;290
2016-04-09T20:00:00+0200;8;10;2;5139;5794;655
2016-04-09T21:00:00+0200;0;0;0;6402;7698;1296
2016-04-09T22:00:00+0200;0;0;0;7420;8572;1152
2016-04-09T23:00:00+0200;0;0;0;7902;9009;1107
2016-04-10T00:00:00+0200;0;0;0;8350;8874;524
2016-04-10T01:00:00+0200;0;0;0;8008;8245;237
2016-04-10T02:00:00+0200;0;0;0;7601;7529;-72
2016-04-10T03:00:00+0200;0;0;0;7162;7106;-56
2016-04-10T04:00:00+0200;0;0;0;6805;6774;-31
2016-04-10T05:00:00+0200;0;0;0;6539;6502;-37
2016-04-10T06:00:00+0200;58;42;-16;6260;6274;14
2016-04-10T07:00:00+0200;964;941;-23;5896;5786;-110
2016-04-10T08:00:00+0200;3417;3358;-59;5284;4604;-680
2016-04-10T09:00:00+0200;6611;7122;511;4467;3429;-1038
2016-04-10T10:00:00+0200;9750;11649;1899;3770;3153;-617
2016-04-10T11:00:00+0200;12288;15514;3226;3433;3090;-343
2016-04-10T12:00:00+0200;13857;17658;3801;3399;2866;-533
2016-04-10T13:00:00+0200;13988;18215;4227;3398;2878;-520
2016-04-10T14:00:00+0200;13117;16457;3340;3484;3254;-230
2016-04-10T15:00:00+0200;11524;13902;2378;3722;3980;258
2016-04-10T16:00:00+0200;9420;11042;1622;4128;4796;668
2016-04-10T17:00:00+0200;6484;7536;1052;4775;5512;737
2016-04-10T18:00:00+0200;3112;3774;662;5745;6499;754
2016-04-10T19:00:00+0200;627;850;223;6765;7210;445
2016-04-10T20:00:00+0200;12;15;3;7969;8759;790
2016-04-10T21:00:00+0200;0;0;0;8892;11014;2122
2016-04-10T22:00:00+0200;0;0;0;9482;11780;2298
2016-04-10T23:00:00+0200;0;0;0;9645;11639;1994
2016-04-11T00:00:00+0200;0;0;0;9866;10998;1132
2016-04-11T01:00:00+0200;0;0;0;9498;10560;1062
2016-04-11T02:00:00+0200;0;0;0;9172;10521;1349
2016-04-11T03:00:00+0200;0;0;0;8977;10193;1216
2016-04-11T04:00:00+0200;0;0;0;8880;9807;927
2016-04-11T05:00:00+0200;0;0;0;8858;9436;578
2016-04-11T06:00:00+0200;132;90;-42;8807;9781;974
2016-04-11T07:00:00+0200;1973;1808;-165;8575;9392;817
2016-04-11T08:00:00+0200;6590;5992;-598;8093;8002;-91
2016-04-11T09:00:00+0200;12079;10960;-1119;7638;7766;128
2016-04-11T10:00:00+0200;16819;15427;-1392;7452;8166;714
2016-04-11T11:00:00+0200;19892;18822;-1070;7606;8196;590
2016-04-11T12:00:00+0200;21411;20776;-635;8071;8233;162
2016-04-11T13:00:00+0200;21494;21217;-277;8614;8694;80
2016-04-11T14:00:00+0200;20305;20016;-289;9201;9275;74
2016-04-11T15:00:00+0200;17633;17632;-1;9710;10097;387
2016-04-11T16:00:00+0200;13653;13644;-9;10241;10692;451
2016-04-11T17:00:00+0200;8582;8567;-15;10645;11082;437
2016-04-11T18:00:00+0200;3767;3809;42;10842;11174;332
2016-04-11T19:00:00+0200;760;776;16;10957;10622;-335
2016-04-11T20:00:00+0200;19;16;-3;11143;10764;-379
2016-04-11T21:00:00+0200;0;0;0;11227;10579;-648
2016-04-11T22:00:00+0200;0;0;0;11219;9924;-1295
2016-04-11T23:00:00+0200;0;0;0;10952;9169;-1783
2016-04-12T00:00:00+0200;0;0;0;9185;8688;-497
2016-04-12T01:00:00+0200;0;0;0;8658;8011;-647
2016-04-12T02:00:00+0200;0;0;0;8157;7384;-773
2016-04-12T03:00:00+0200;0;0;0;7783;7235;-548
2016-04-12T04:00:00+0200;0;0;0;7493;7165;-328
2016-04-12T05:00:00+0200;0;0;0;7192;7209;17
2016-04-12T06:00:00+0200;100;85;-15;6819;6922;103
2016-04-12T07:00:00+0200;1318;1170;-148;6357;6378;21
2016-04-12T08:00:00+0200;4158;3484;-674;5528;5158;-370
2016-04-12T09:00:00+0200;7643;6534;-1109;4631;4059;-572
2016-04-12T10:00:00+0200;11170;10263;-907;4055;3349;-706
2016-04-12T11:00:00+0200;14063;13527;-536;3840;2832;-1008
2016-04-12T12:00:00+0200;15926;16028;102;3610;2371;-1239
2016-04-12T13:00:00+0200;16623;17562;939;3405;2266;-1139
2016-04-12T14:00:00+0200;16243;17528;1285;3222;2300;-922
2016-04-12T15:00:00+0200;14467;15428;961;3038;2604;-434
2016-04-12T16:00:00+0200;11454;11970;516;2938;2608;-330
2016-04-12T17:00:00+0200;7450;7848;398;2963;2678;-285
2016-04-12T18:00:00+0200;3364;3414;50;3134;2683;-451
2016-04-12T19:00:00+0200;702;662;-40;3457;2474;-983
2016-04-12T20:00:00+0200;19;16;-3;3933;3138;-795
2016-04-12T21:00:00+0200;0;0;0;4411;3274;-1137
2016-04-12T22:00:00+0200;0;0;0;4656;3189;-1467
2016-04-12T23:00:00+0200;0;0;0;4719;3150;-1569
2016-04-13T00:00:00+0200;0;0;0;3689;3096;-593
2016-04-13T01:00:00+0200;0;0;0;3473;2822;-651
2016-04-13T02:00:00+0200;0;0;0;3263;2774;-489
2016-04-13T03:00:00+0200;0;0;0;3133;1969;-1164
2016-04-13T04:00:00+0200;0;0;0;2936;1808;-1128
2016-04-13T05:00:00+0200;0;0;0;2763;2100;-663
2016-04-13T06:00:00+0200;119;110;-9;2694;2369;-325
2016-04-13T07:00:00+0200;1422;1527;105;2569;2254;-315
2016-04-13T08:00:00+0200;4344;4732;388;2350;1778;-572
2016-04-13T09:00:00+0200;7824;8892;1068;2135;1032;-1103
2016-04-13T10:00:00+0200;10874;12812;1938;1950;904;-1046
2016-04-13T11:00:00+0200;12792;15197;2405;1903;1020;-883
2016-04-13T12:00:00+0200;13599;15193;1594;2019;1119;-900
2016-04-13T13:00:00+0200;13394;13220;-174;2193;1341;-852
2016-04-13T14:00:00+0200;12365;11180;-1185;2519;1418;-1101
2016-04-13T15:00:00+0200;10452;8936;-1516;2902;1580;-1322
2016-04-13T16:00:00+0200;7888;6287;-1601;3314;1927;-1387
2016-04-13T17:00:00+0200;5086;4149;-937;3643;2007;-1636
2016-04-13T18:00:00+0200;2436;2288;-148;3785;2256;-1529
2016-04-13T19:00:00+0200;556;567;11;3878;2360;-1518
2016-04-13T20:00:00+0200;19;16;-3;4080;2686;-1394
2016-04-13T21:00:00+0200;0;0;0;4244;2816;-1428
2016-04-13T22:00:00+0200;0;0;0;4375;2856;-1519
2016-04-13T23:00:00+0200;0;0;0;4451;2612;-1839
2016-04-14T00:00:00+0200;0;0;0;2052;2541;489
2016-04-14T01:00:00+0200;0;0;0;1985;2565;580
2016-04-14T02:00:00+0200;0;0;0;1998;2573;575
2016-04-14T03:00:00+0200;0;0;0;2104;2844;740
2016-04-14T04:00:00+0200;0;0;0;2217;2991;774
2016-04-14T05:00:00+0200;0;0;0;2220;3042;822
2016-04-14T06:00:00+0200;118;89;-29;2143;2952;809
2016-04-14T07:00:00+0200;1400;1328;-72;2052;2646;594
2016-04-14T08:00:00+0200;4366;4244;-122;1916;2224;308
2016-04-14T09:00:00+0200;8073;8140;67;1796;1936;140
2016-04-14T10:00:00+0200;11730;11562;-168;1765;1729;-36
2016-04-14T11:00:00+0200;14696;14512;-184;1812;1740;-72
2016-04-14T12:00:00+0200;16713;15829;-884;1906;1908;2
2016-04-14T13:00:00+0200;17317;15970;-1347;1995;2195;200
2016-04-14T14:00:00+0200;16668;15214;-1454;2136;2370;234
2016-04-14T15:00:00+0200;14808;13844;-964;2260;2720;460
2016-04-14T16:00:00+0200;11827;11494;-333;2258;2777;519
2016-04-14T17:00:00+0200;7932;8006;74;2021;2359;338
2016-04-14T18:00:00+0200;3742;4190;448;1576;1702;126
2016-04-14T19:00:00+0200;841;1022;181;1207;1047;-160
2016-04-14T20:00:00+0200;29;29;0;1171;894;-277
2016-04-14T21:00:00+0200;0;0;0;1526;1080;-446
2016-04-14T22:00:00+0200;0;0;0;2131;1759;-372
2016-04-14T23:00:00+0200;0;0;0;2889;2897;8
2016-04-15T00:00:00+0200;0;0;0;3652;3902;250
2016-04-15T01:00:00+0200;0;0;0;4625;4786;161
2016-04-15T02:00:00+0200;0;0;0;5359;5840;481
2016-04-15T03:00:00+0200;0;0;0;5704;6156;452
2016-04-15T04:00:00+0200;0;0;0;5968;6859;891
2016-04-15T05:00:00+0200;0;0;0;6364;7400;1036
2016-04-15T06:00:00+0200;128;115;-13;6897;7809;912
2016-04-15T07:00:00+0200;1131;1166;35;7336;8326;990
2016-04-15T08:00:00+0200;2894;2472;-422;7278;8350;1072
2016-04-15T09:00:00+0200;4731;4175;-556;7107;7575;468
2016-04-15T10:00:00+0200;6385;5790;-595;7450;8081;631
2016-04-15T11:00:00+0200;7770;7260;-510;8028;9369;1341
2016-04-15T12:00:00+0200;8893;8324;-569;8903;10960;2057
2016-04-15T13:00:00+0200;9606;8695;-911;9873;11984;2111
2016-04-15T14:00:00+0200;9758;9652;-106;10283;12452;2169
2016-04-15T15:00:00+0200;9084;10053;969;10428;13170;2742
2016-04-15T16:00:00+0200;7612;8799;1187;10623;13069;2446
2016-04-15T17:00:00+0200;5412;6387;975;10151;12595;2444
2016-04-15T18:00:00+0200;2795;3517;722;8831;10518;1687
2016-04-15T19:00:00+0200;681;868;187;7495;8132;637
2016-04-15T20:00:00+0200;27;28;1;7285;7010;-275
2016-04-15T21:00:00+0200;0;0;0;7622;6864;-758
2016-04-15T22:00:00+0200;0;0;0;8036;7356;-680
2016-04-15T23:00:00+0200;0;0;0;8461;8070;-391
2016-04-16T00:00:00+0200;0;0;0;9616;8993;-623
2016-04-16T01:00:00+0200;0;0;0;10115;9532;-583
2016-04-16T02:00:00+0200;0;0;0;10452;10307;-145
2016-04-16T03:00:00+0200;0;0;0;10859;10914;55
2016-04-16T04:00:00+0200;0;0;0;11388;11369;-19
2016-04-16T05:00:00+0200;0;0;0;11949;12050;101
2016-04-16T06:00:00+0200;149;137;-12;12440;12361;-79
2016-04-16T07:00:00+0200;1374;1490;116;12830;13022;192
2016-04-16T08:00:00+0200;3609;3837;228;13473;13250;-223
2016-04-16T09:00:00+0200;6030;6050;20;14774;13778;-996
2016-04-16T10:00:00+0200;8118;7349;-769;16457;15563;-894
2016-04-16T11:00:00+0200;9695;8418;-1277;17833;17645;-188
2016-04-16T12:00:00+0200;10768;9613;-1155;18613;18536;-77
2016-04-16T13:00:00+0200;11370;10990;-380;19160;19050;-110
2016-04-16T14:00:00+0200;11370;12542;1172;19317;18902;-415
2016-04-16T15:00:00+0200;10479;12438;1959;18343;19016;673
2016-04-16T16:00:00+0200;8598;10148;1550;16923;18462;1539
2016-04-16T17:00:00+0200;5993;6972;979;15295;17369;2074
2016-04-16T18:00:00+0200;3026;3380;354;13367;15100;1733
2016-04-16T19:00:00+0200;755;734;-21;11490;12470;980
2016-04-16T20:00:00+0200;32;24;-8;10284;11001;717
2016-04-16T21:00:00+0200;0;0;0;9703;9689;-14
2016-04-16T22:00:00+0200;0;0;0;9217;8936;-281
2016-04-16T23:00:00+0200;0;0;0;8839;8597;-242
2016-04-17T00:00:00+0200;0;0;0;7530;7414;-116
2016-04-17T01:00:00+0200;0;0;0;7071;6939;-132
2016-04-17T02:00:00+0200;0;0;0;6709;7022;313
2016-04-17T03:00:00+0200;0;0;0;6458;7547;1089
2016-04-17T04:00:00+0200;0;0;0;6242;7488;1246
2016-04-17T05:00:00+0200;0;0;0;6122;7066;944
2016-04-17T06:00:00+0200;132;109;-23;6166;6898;732
2016-04-17T07:00:00+0200;1116;999;-117;6359;6265;-94
2016-04-17T08:00:00+0200;3177;2805;-372;6734;6260;-474
2016-04-17T09:00:00+0200;5669;5182;-487;7376;6843;-533
2016-04-17T10:00:00+0200;8046;7712;-334;8074;7410;-664
2016-04-17T11:00:00+0200;9976;9659;-317;8738;7873;-865
2016-04-17T12:00:00+0200;11328;10904;-424;9413;8695;-718
2016-04-17T13:00:00+0200;11773;11440;-333;10041;9646;-395
2016-04-17T14:00:00+0200;11447;11184;-263;10521;10118;-403
2016-04-17T15:00:00+0200;10330;10309;-21;10921;10352;-569
2016-04-17T16:00:00+0200;8451;8109;-342;11140;10134;-1006
2016-04-17T17:00:00+0200;5867;5383;-484;10918;9997;-921
2016-04-17T18:00:00+0200;2989;2669;-320;10218;9236;-982
2016-04-17T19:00:00+0200;797;808;11;9359;7928;-1431
2016-04-17T20:00:00+0200;40;44;4;8712;7062;-1650
2016-04-17T21:00:00+0200;0;0;0;8701;6975;-1726
2016-04-17T22:00:00+0200;0;0;0;8930;7285;-1645
2016-04-17T23:00:00+0200;0;0;0;9119;7547;-1572
2016-04-18T00:00:00+0200;0;0;0;7639;7570;-69
2016-04-18T01:00:00+0200;0;0;0;7755;7349;-406
2016-04-18T02:00:00+0200;0;0;0;7854;7270;-584
2016-04-18T03:00:00+0200;0;0;0;8006;7263;-743
2016-04-18T04:00:00+0200;0;0;0;8154;7608;-546
2016-04-18T05:00:00+0200;0;0;0;8253;7885;-368
2016-04-18T06:00:00+0200;293;219;-74;8367;8223;-144
2016-04-18T07:00:00+0200;2540;2118;-422;8379;7867;-512
2016-04-18T08:00:00+0200;7004;5834;-1170;8622;7034;-1588
2016-04-18T09:00:00+0200;11907;10307;-1600;9464;7734;-1730
2016-04-18T10:00:00+0200;15358;13908;-1450;10633;9294;-1339
2016-04-18T11:00:00+0200;17097;15286;-1811;11831;10165;-1666
2016-04-18T12:00:00+0200;17622;15442;-2180;13040;10846;-2194
2016-04-18T13:00:00+0200;17021;14662;-2359;14252;11732;-2520
2016-04-18T14:00:00+0200;15466;12970;-2496;15336;12682;-2654
2016-04-18T15:00:00+0200;13088;10731;-2357;16026;13560;-2466
2016-04-18T16:00:00+0200;10298;8604;-1694;16534;14176;-2358
2016-04-18T17:00:00+0200;7015;5826;-1189;16454;13998;-2456
2016-04-18T18:00:00+0200;3530;2940;-590;15704;13532;-2172
2016-04-18T19:00:00+0200;928;810;-118;14823;12485;-2338
2016-04-18T20:00:00+0200;44;34;-10;14241;11688;-2553
2016-04-18T21:00:00+0200;0;0;0;13973;11602;-2371
2016-04-18T22:00:00+0200;0;0;0;14031;11608;-2423
2016-04-18T23:00:00+0200;0;0;0;14234;11959;-2275
2016-04-19T00:00:00+0200;0;0;0;13205;12257;-948
2016-04-19T01:00:00+0200;0;0;0;13496;12291;-1205
2016-04-19T02:00:00+0200;0;0;0;13627;12658;-969
2016-04-19T03:00:00+0200;0;0;0;13747;12779;-968
2016-04-19T04:00:00+0200;0;0;0;13862;12776;-1086
2016-04-19T05:00:00+0200;0;0;0;13899;12980;-919
2016-04-19T06:00:00+0200;294;277;-17;13899;13278;-621
2016-04-19T07:00:00+0200;2470;2368;-102;13928;13286;-642
2016-04-19T08:00:00+0200;6554;6116;-438;14471;14017;-454
2016-04-19T09:00:00+0200;11181;10970;-211;15916;15535;-381
2016-04-19T10:00:00+0200;14886;15291;405;17345;17316;-29
2016-04-19T11:00:00+0200;17073;16087;-986;18554;18830;276
2016-04-19T12:00:00+0200;17918;15199;-2719;19483;19577;94
2016-04-19T13:00:00+0200;17701;14345;-3356;20281;20182;-99
2016-04-19T14:00:00+0200;16511;13287;-3224;21017;20267;-750
2016-04-19T15:00:00+0200;14454;11872;-2582;21471;21291;-180
2016-04-19T16:00:00+0200;11768;9998;-1770;21699;21624;-75
2016-04-19T17:00:00+0200;8155;6907;-1248;21434;21404;-30
2016-04-19T18:00:00+0200;4143;3703;-440;20409;20635;226
2016-04-19T19:00:00+0200;1123;1086;-37;18876;19258;382
2016-04-19T20:00:00+0200;60;56;-4;17460;17322;-138
2016-04-19T21:00:00+0200;0;0;0;16460;16079;-381
2016-04-19T22:00:00+0200;0;0;0;15673;14856;-817
2016-04-19T23:00:00+0200;0;0;0;14972;14013;-959
2016-04-20T00:00:00+0200;0;0;0;14360;13134;-1226
2016-04-20T01:00:00+0200;0;0;0;13684;12668;-1016
2016-04-20T02:00:00+0200;0;0;0;13027;12138;-889
2016-04-20T03:00:00+0200;0;0;0;12468;11529;-939
2016-04-20T04:00:00+0200;0;0;0;11985;10868;-1117
2016-04-20T05:00:00+0200;1;1;0;11528;10233;-1295
2016-04-20T06:00:00+0200;344;361;17;11056;9613;-1443
2016-04-20T07:00:00+0200;2977;2904;-73;10518;9178;-1340
2016-04-20T08:00:00+0200;8005;7572;-433;9986;9219;-767
2016-04-20T09:00:00+0200;13798;12920;-878;9638;9791;153
2016-04-20T10:00:00+0200;18816;17164;-1652;9151;8954;-197
2016-04-20T11:00:00+0200;22154;20281;-1873;8455;7786;-669
2016-04-20T12:00:00+0200;23794;22810;-984;7762;7000;-762
2016-04-20T13:00:00+0200;24298;24216;-82;7208;6477;-731
2016-04-20T14:00:00+0200;23598;24054;456;6875;5911;-964
2016-04-20T15:00:00+0200;21189;21897;708;6577;5777;-800
2016-04-20T16:00:00+0200;17041;17750;709;6320;5433;-887
2016-04-20T17:00:00+0200;11405;11995;590;6058;5574;-484
2016-04-20T18:00:00+0200;5368;5854;486;5725;5780;55
2016-04-20T19:00:00+0200;1465;1653;188;5394;5522;128
2016-04-20T20:00:00+0200;84;94;10;5361;5449;88
2016-04-20T21:00:00+0200;0;0;0;5508;5986;478
2016-04-20T22:00:00+0200;0;0;0;5634;6393;759
2016-04-20T23:00:00+0200;0;0;0;5546;6110;564
2016-04-21T00:00:00+0200;0;0;0;5041;5567;526
2016-04-21T01:00:00+0200;0;0;0;4796;5129;333
2016-04-21T02:00:00+0200;0;0;0;4509;4563;54
2016-04-21T03:00:00+0200;0;0;0;4287;3924;-363
2016-04-21T04:00:00+0200;0;0;0;4072;3649;-423
2016-04-21T05:00:00+0200;4;1;-3;3884;3493;-391
2016-04-21T06:00:00+0200;488;476;-12;3748;3301;-447
2016-04-21T07:00:00+0200;3584;3665;81;3524;2963;-561
2016-04-21T08:00:00+0200;9385;9471;86;3201;2086;-1115
2016-04-21T09:00:00+0200;15700;15526;-174;3196;1786;-1410
2016-04-21T10:00:00+0200;20783;20629;-154;3462;2004;-1458
2016-04-21T11:00:00+0200;23919;24038;119;3641;2492;-1149
2016-04-21T12:00:00+0200;25317;25594;277;3692;2855;-837
2016-04-21T13:00:00+0200;25381;25764;383;3730;2964;-766
2016-04-21T14:00:00+0200;24042;24594;552;3842;3029;-813
2016-04-21T15:00:00+0200;21232;21918;686;4064;3353;-711
2016-04-21T16:00:00+0200;16796;17638;842;4352;3552;-800
2016-04-21T17:00:00+0200;11004;11892;888;4688;3616;-1072
2016-04-21T18:00:00+0200;5117;5750;633;5083;3930;-1153
2016-04-21T19:00:00+0200;1393;1599;206;5516;4098;-1418
2016-04-21T20:00:00+0200;89;92;3;6110;5082;-1028
2016-04-21T21:00:00+0200;0;0;0;6910;6045;-865
2016-04-21T22:00:00+0200;0;0;0;7807;7056;-751
2016-04-21T23:00:00+0200;0;0;0;8548;8078;-470
2016-04-22T00:00:00+0200;0;0;0;8620;8686;66
2016-04-22T01:00:00+0200;0;0;0;8899;9274;375
2016-04-22T02:00:00+0200;0;0;0;9124;9432;308
2016-04-22T03:00:00+0200;0;0;0;9211;9636;425
2016-04-22T04:00:00+0200;0;0;0;9123;9566;443
2016-04-22T05:00:00+0200;4;2;-2;8940;9498;558
2016-04-22T06:00:00+0200;445;466;21;8541;9027;486
2016-04-22T07:00:00+0200;3097;3282;185;7752;7612;-140
2016-04-22T08:00:00+0200;7773;7822;49;6738;6526;-212
2016-04-22T09:00:00+0200;12821;12559;-262;5982;6392;410
2016-04-22T10:00:00+0200;16918;16783;-135;5537;5214;-323
2016-04-22T11:00:00+0200;19575;19844;269;5300;4582;-718
2016-04-22T12:00:00+0200;20844;21411;567;5231;4260;-971
2016-04-22T13:00:00+0200;20703;21565;862;5232;4251;-981
2016-04-22T14:00:00+0200;19270;20372;1102;5449;4379;-1070
2016-04-22T15:00:00+0200;16606;17921;1315;5867;4419;-1448
2016-04-22T16:00:00+0200;12870;14146;1276;6252;4805;-1447
2016-04-22T17:00:00+0200;8416;9306;890;6450;5080;-1370
2016-04-22T18:00:00+0200;4091;4650;559;6550;5273;-1277
2016-04-22T19:00:00+0200;1165;1303;138;6635;5270;-1365
2016-04-22T20:00:00+0200;80;68;-12;6677;5535;-1142
2016-04-22T21:00:00+0200;0;0;0;6621;5614;-1007
2016-04-22T22:00:00+0200;0;0;0;6612;5687;-925
2016-04-22T23:00:00+0200;0;0;0;6587;5788;-799
2016-04-23T00:00:00+0200;0;0;0;6352;5810;-542
2016-04-23T01:00:00+0200;0;0;0;6433;5859;-574
2016-04-23T02:00:00+0200;0;0;0;6595;5764;-831
2016-04-23T03:00:00+0200;0;0;0;6720;5869;-851
2016-04-23T04:00:00+0200;0;0;0;6791;6150;-641
2016-04-23T05:00:00+0200;4;2;-2;6832;6388;-444
2016-04-23T06:00:00+0200;302;280;-22;6698;6230;-468
2016-04-23T07:00:00+0200;1862;1792;-70;6308;5664;-644
2016-04-23T08:00:00+0200;4354;4197;-157;6232;5168;-1064
2016-04-23T09:00:00+0200;7023;6884;-139;6903;5927;-976
2016-04-23T10:00:00+0200;9432;9034;-398;7542;6340;-1202
2016-04-23T11:00:00+0200;11228;10591;-637;7812;6727;-1085
2016-04-23T12:00:00+0200;12268;11327;-941;8070;7250;-820
2016-04-23T13:00:00+0200;12162;11007;-1155;8685;8037;-648
2016-04-23T14:00:00+0200;11182;9934;-1248;9566;9117;-449
2016-04-23T15:00:00+0200;9727;8648;-1079;10559;10192;-367
2016-04-23T16:00:00+0200;7834;7118;-716;11553;11380;-173
2016-04-23T17:00:00+0200;5488;5015;-473;12100;12826;726
2016-04-23T18:00:00+0200;2958;2804;-154;11927;13298;1371
2016-04-23T19:00:00+0200;942;976;34;11374;11684;310
2016-04-23T20:00:00+0200;75;85;10;10523;9784;-739
2016-04-23T21:00:00+0200;0;0;0;9673;8751;-922
2016-04-23T22:00:00+0200;0;0;0;9149;8136;-1013
2016-04-23T23:00:00+0200;0;0;0;9193;8220;-973
2016-04-24T00:00:00+0200;0;0;0;9981;8896;-1085
2016-04-24T01:00:00+0200;0;0;0;10039;9484;-555
2016-04-24T02:00:00+0200;0;0;0;9792;9604;-188
2016-04-24T03:00:00+0200;0;0;0;9349;9466;117
2016-04-24T04:00:00+0200;0;0;0;8757;8816;59
2016-04-24T05:00:00+0200;8;3;-5;8298;8376;78
2016-04-24T06:00:00+0200;489;478;-11;7918;7519;-399
2016-04-24T07:00:00+0200;3202;2946;-256;7546;6601;-945
2016-04-24T08:00:00+0200;7776;6718;-1058;7232;6486;-746
2016-04-24T09:00:00+0200;12573;10662;-1911;7200;6827;-373
2016-04-24T10:00:00+0200;16196;12925;-3271;7077;7741;664
2016-04-24T11:00:00+0200;18390;13870;-4520;6848;7998;1150
2016-04-24T12:00:00+0200;19255;15009;-4246;6745;8003;1258
2016-04-24T13:00:00+0200;19028;16520;-2508;6707;7696;989
2016-04-24T14:00:00+0200;17713;16380;-1333;7155;8040;885
2016-04-24T15:00:00+0200;15406;14887;-519;7856;8342;486
2016-04-24T16:00:00+0200;12285;12034;-251;8418;8199;-219
2016-04-24T17:00:00+0200;8331;8156;-175;8592;8318;-274
2016-04-24T18:00:00+0200;4271;4510;239;8077;7337;-740
2016-04-24T19:00:00+0200;1323;1440;117;7299;6422;-877
2016-04-24T20:00:00+0200;103;104;1;6833;5845;-988
2016-04-24T21:00:00+0200;0;0;0;6674;5177;-1497
2016-04-24T22:00:00+0200;0;0;0;6654;4888;-1766
2016-04-24T23:00:00+0200;0;0;0;6652;5380;-1272
2016-04-25T00:00:00+0200;0;0;0;6713;5458;-1255
2016-04-25T01:00:00+0200;0;0;0;6754;5686;-1068
2016-04-25T02:00:00+0200;0;0;0;6853;5725;-1128
2016-04-25T03:00:00+0200;0;0;0;7052;5986;-1066
2016-04-25T04:00:00+0200;0;0;0;7232;6261;-971
2016-04-25T05:00:00+0200;9;5;-4;7327;6439;-888
2016-04-25T06:00:00+0200;498;434;-64;7364;7282;-82
2016-04-25T07:00:00+0200;2994;2546;-448;7327;7169;-158
2016-04-25T08:00:00+0200;7063;5680;-1383;7407;7142;-265
2016-04-25T09:00:00+0200;11368;9199;-2169;7899;8423;524
2016-04-25T10:00:00+0200;14775;12130;-2645;8660;10037;1377
2016-04-25T11:00:00+0200;16805;13896;-2909;9534;11203;1669
2016-04-25T12:00:00+0200;17367;14741;-2626;10422;11910;1488
2016-04-25T13:00:00+0200;16856;14774;-2082;11361;11895;534
2016-04-25T14:00:00+0200;15501;14224;-1277;12222;12523;301
2016-04-25T15:00:00+0200;13311;12134;-1177;12720;12987;267
2016-04-25T16:00:00+0200;10432;9592;-840;13046;12934;-112
2016-04-25T17:00:00+0200;6912;6368;-544;12794;12770;-24
2016-04-25T18:00:00+0200;3453;3092;-361;12114;12497;383
2016-04-25T19:00:00+0200;1061;874;-187;11628;11984;356
2016-04-25T20:00:00+0200;83;47;-36;11574;12020;446
2016-04-25T21:00:00+0200;0;0;0;11911;12952;1041
2016-04-25T22:00:00+0200;0;0;0;12278;14142;1864
2016-04-25T23:00:00+0200;0;0;0;12703;14843;2140
2016-04-26T00:00:00+0200;0;0;0;13418;14770;1352
2016-04-26T01:00:00+0200;0;0;0;13125;14154;1029
2016-04-26T02:00:00+0200;0;0;0;12533;13019;486
2016-04-26T03:00:00+0200;0;0;0;11671;12086;415
2016-04-26T04:00:00+0200;0;0;0;10827;10368;-459
2016-04-26T05:00:00+0200;7;3;-4;10213;9594;-619
2016-04-26T06:00:00+0200;313;283;-30;10142;9160;-982
2016-04-26T07:00:00+0200;1867;1645;-222;10354;8825;-1529
2016-04-26T08:00:00+0200;4346;3595;-751;10543;9065;-1478
2016-04-26T09:00:00+0200;7155;5988;-1167;10624;9401;-1223
2016-04-26T10:00:00+0200;9953;8323;-1630;10821;9846;-975
2016-04-26T11:00:00+0200;12370;10162;-2208;11270;10145;-1125
2016-04-26T12:00:00+0200;14019;11156;-2863;11950;10546;-1404
2016-04-26T13:00:00+0200;14564;11930;-2634;12644;11035;-1609
2016-04-26T14:00:00+0200;14244;11786;-2458;13127;10992;-2135
2016-04-26T15:00:00+0200;12962;11381;-1581;13364;11062;-2302
2016-04-26T16:00:00+0200;10608;9392;-1216;13409;11703;-1706
2016-04-26T17:00:00+0200;7339;6460;-879;13085;12286;-799
2016-04-26T18:00:00+0200;3865;3334;-531;12440;11888;-552
2016-04-26T19:00:00+0200;1248;1052;-196;11694;11542;-152
2016-04-26T20:00:00+0200;109;80;-29;11318;11178;-140
2016-04-26T21:00:00+0200;0;0;0;11603;11176;-427
2016-04-26T22:00:00+0200;0;0;0;12058;12690;632
2016-04-26T23:00:00+0200;0;0;0;12306;13356;1050
2016-04-27T00:00:00+0200;0;0;0;11882;14496;2614
2016-04-27T01:00:00+0200;0;0;0;12126;15162;3036
2016-04-27T02:00:00+0200;0;0;0;12250;15440;3190
2016-04-27T03:00:00+0200;0;0;0;12261;15592;3331
2016-04-27T04:00:00+0200;0;0;0;12319;15520;3201
2016-04-27T05:00:00+0200;8;6;-2;12414;15642;3228
2016-04-27T06:00:00+0200;469;406;-63;12483;16436;3953
2016-04-27T07:00:00+0200;2621;2134;-487;12670;16572;3902
2016-04-27T08:00:00+0200;5848;4061;-1787;13221;16848;3627
2016-04-27T09:00:00+0200;9277;6380;-2897;14085;16934;2849
2016-04-27T10:00:00+0200;12075;8467;-3608;14767;17029;2262
2016-04-27T11:00:00+0200;14039;10700;-3339;15059;18071;3012
2016-04-27T12:00:00+0200;15036;12493;-2543;15071;18969;3898
2016-04-27T13:00:00+0200;15136;12960;-2176;14917;19161;4244
2016-04-27T14:00:00+0200;14558;13178;-1380;14864;19916;5052
2016-04-27T15:00:00+0200;13051;12136;-915;14976;20111;5135
2016-04-27T16:00:00+0200;10599;10125;-474;14932;19226;4294
2016-04-27T17:00:00+0200;7452;7406;-46;14283;19128;4845
2016-04-27T18:00:00+0200;4036;4124;88;13044;17602;4558
2016-04-27T19:00:00+0200;1326;1390;64;11865;15265;3400
2016-04-27T20:00:00+0200;116;108;-8;11093;13911;2818
2016-04-27T21:00:00+0200;0;0;0;10840;13130;2290
2016-04-27T22:00:00+0200;0;0;0;10815;12957;2142
2016-04-27T23:00:00+0200;0;0;0;10739;12874;2135
2016-04-28T00:00:00+0200;0;0;0;12163;12663;500
2016-04-28T01:00:00+0200;0;0;0;11731;11806;75
2016-04-28T02:00:00+0200;0;0;0;11257;11327;70
2016-04-28T03:00:00+0200;0;0;0;10745;10891;146
2016-04-28T04:00:00+0200;0;0;0;10266;10574;308
2016-04-28T05:00:00+0200;8;7;-1;9777;9960;183
2016-04-28T06:00:00+0200;584;614;30;9266;9234;-32
2016-04-28T07:00:00+0200;3182;3124;-58;8707;8314;-393
2016-04-28T08:00:00+0200;7132;6748;-384;8283;8048;-235
2016-04-28T09:00:00+0200;11447;10577;-870;8177;8152;-25
2016-04-28T10:00:00+0200;15234;13889;-1345;8172;8185;13
2016-04-28T11:00:00+0200;17795;15988;-1807;8125;8489;364
2016-04-28T12:00:00+0200;19176;16584;-2592;8030;8812;782
2016-04-28T13:00:00+0200;19375;16964;-2411;7860;8937;1077
2016-04-28T14:00:00+0200;18534;17124;-1410;7766;8510;744
2016-04-28T15:00:00+0200;16494;15743;-751;7641;8522;881
2016-04-28T16:00:00+0200;13241;13084;-157;7332;8122;790
2016-04-28T17:00:00+0200;9039;9376;337;6529;6877;348
2016-04-28T18:00:00+0200;4701;5100;399;5264;5660;396
2016-04-28T19:00:00+0200;1531;1772;241;4018;4506;488
2016-04-28T20:00:00+0200;149;172;23;3296;3430;134
2016-04-28T21:00:00+0200;0;0;0;3165;3549;384
2016-04-28T22:00:00+0200;0;0;0;3308;4184;876
2016-04-28T23:00:00+0200;0;0;0;3617;5386;1769
2016-04-29T00:00:00+0200;0;0;0;5873;6466;593
2016-04-29T01:00:00+0200;0;0;0;7196;7913;717
2016-04-29T02:00:00+0200;0;0;0;8312;9048;736
2016-04-29T03:00:00+0200;0;0;0;9298;10546;1248
2016-04-29T04:00:00+0200;0;0;0;10224;11732;1508
2016-04-29T05:00:00+0200;15;12;-3;11123;12835;1712
2016-04-29T06:00:00+0200;794;804;10;11986;13999;2013
2016-04-29T07:00:00+0200;4096;4147;51;12494;14182;1688
2016-04-29T08:00:00+0200;9376;9430;54;12688;12953;265
2016-04-29T09:00:00+0200;14698;14942;244;13339;12995;-344
2016-04-29T10:00:00+0200;18359;18865;506;14564;15457;893
2016-04-29T11:00:00+0200;19952;19604;-348;15713;18394;2681
2016-04-29T12:00:00+0200;19974;17905;-2069;16148;18542;2394
2016-04-29T13:00:00+0200;18934;16380;-2554;16127;17452;1325
2016-04-29T14:00:00+0200;16914;15713;-1201;15700;15255;-445
2016-04-29T15:00:00+0200;14267;14690;423;14780;15522;742
2016-04-29T16:00:00+0200;11509;12552;1043;13442;14939;1497
2016-04-29T17:00:00+0200;8049;9154;1105;11840;13698;1858
2016-04-29T18:00:00+0200;4235;5065;830;10107;11404;1297
2016-04-29T19:00:00+0200;1409;1643;234;8712;8910;198
2016-04-29T20:00:00+0200;149;125;-24;8532;7793;-739
2016-04-29T21:00:00+0200;0;0;0;9128;8566;-562
2016-04-29T22:00:00+0200;0;0;0;9690;9312;-378
2016-04-29T23:00:00+0200;0;0;0;9835;9935;100
2016-04-30T00:00:00+0200;0;0;0;10317;10280;-37
2016-04-30T01:00:00+0200;0;0;0;9951;10194;243
2016-04-30T02:00:00+0200;0;0;0;9345;9654;309
2016-04-30T03:00:00+0200;0;0;0;8548;8984;436
2016-04-30T04:00:00+0200;0;0;0;7672;8258;586
2016-04-30T05:00:00+0200;15;12;-3;6848;7407;559
2016-04-30T06:00:00+0200;689;741;52;6037;6990;953
2016-04-30T07:00:00+0200;3363;3509;146;5080;6264;1184
2016-04-30T08:00:00+0200;7376;7681;305;3930;4742;812
2016-04-30T09:00:00+0200;11629;12009;380;2931;3876;945
2016-04-30T10:00:00+0200;15190;16164;974;2313;3432;1119
2016-04-30T11:00:00+0200;17510;19068;1558;2065;2951;886
2016-04-30T12:00:00+0200;18514;20235;1721;2088;2826;738
2016-04-30T13:00:00+0200;18196;19682;1486;2109;2564;455
2016-04-30T14:00:00+0200;16823;17740;917;2115;2331;216
2016-04-30T15:00:00+0200;14480;14856;376;2122;2335;213
2016-04-30T16:00:00+0200;11223;11312;89;2185;2594;409
2016-04-30T17:00:00+0200;7386;7727;341;2599;3760;1161
2016-04-30T18:00:00+0200;3780;4191;411;3641;5280;1639
2016-04-30T19:00:00+0200;1257;1326;69;5123;6532;1409
2016-04-30T20:00:00+0200;134;121;-13;6731;8054;1323
2016-04-30T21:00:00+0200;0;0;0;7896;9568;1672
2016-04-30T22:00:00+0200;0;0;0;8729;10158;1429
2016-04-30T23:00:00+0200;0;0;0;9036;10194;1158
2016-05-01T00:00:00+0200;0;0;0;9317;10691;1374
2016-05-01T01:00:00+0200;0;0;0;9214;10789;1575
2016-05-01T02:00:00+0200;0;0;0;9012;10807;1795
2016-05-01T03:00:00+0200;0;0;0;8999;10786;1787
2016-05-01T04:00:00+0200;0;0;0;9018;10154;1136
2016-05-01T05:00:00+0200;18;14;-4;8871;9804;933
2016-05-01T06:00:00+0200;659;642;-17;8490;9514;1024
2016-05-01T07:00:00+0200;3053;2880;-173;7951;8297;346
2016-05-01T08:00:00+0200;6544;6136;-408;7304;6898;-406
2016-05-01T09:00:00+0200;10303;9933;-370;6783;6528;-255
2016-05-01T10:00:00+0200;13293;14222;929;6486;6573;87
2016-05-01T11:00:00+0200;15403;17110;1707;6295;6710;415
2016-05-01T12:00:00+0200;16532;18690;2158;6233;7034;801
2016-05-01T13:00:00+0200;16309;18449;2140;6226;7437;1211
2016-05-01T14:00:00+0200;15036;17159;2123;6330;7719;1389
2016-05-01T15:00:00+0200;13073;15189;2116;6279;7688;1409
2016-05-01T16:00:00+0200;10645;12244;1599;6162;7645;1483
2016-05-01T17:00:00+0200;7464;8569;1105;6005;7577;1572
2016-05-01T18:00:00+0200;4106;4732;626;5801;7312;1511
2016-05-01T19:00:00+0200;1468;1738;270;5577;6508;931
2016-05-01T20:00:00+0200;171;224;53;5539;5893;354
2016-05-01T21:00:00+0200;0;0;0;5568;6287;719
2016-05-01T22:00:00+0200;0;0;0;5521;6318;797
2016-05-01T23:00:00+0200;0;0;0;5211;5944;733
2016-05-02T00:00:00+0200;0;0;0;5013;5533;520
2016-05-02T01:00:00+0200;0;0;0;4487;4904;417
2016-05-02T02:00:00+0200;0;0;0;3960;4338;378
2016-05-02T03:00:00+0200;0;0;0;3595;3930;335
2016-05-02T04:00:00+0200;0;0;0;3343;3799;456
2016-05-02T05:00:00+0200;30;21;-9;3154;3556;402
2016-05-02T06:00:00+0200;923;897;-26;2966;3241;275
2016-05-02T07:00:00+0200;4263;4260;-3;2679;2603;-76
2016-05-02T08:00:00+0200;9545;9767;222;2356;1696;-660
2016-05-02T09:00:00+0200;15072;15511;439;2231;1472;-759
2016-05-02T10:00:00+0200;19487;19786;299;2235;1764;-471
2016-05-02T11:00:00+0200;22111;22729;618;2400;2082;-318
2016-05-02T12:00:00+0200;23088;23836;748;2649;2362;-287
2016-05-02T13:00:00+0200;22600;23746;1146;2868;2771;-97
2016-05-02T14:00:00+0200;20758;22294;1536;3075;3014;-61
2016-05-02T15:00:00+0200;17830;19530;1700;3127;3095;-32
2016-05-02T16:00:00+0200;14274;15740;1466;3118;2952;-166
2016-05-02T17:00:00+0200;9847;10889;1042;3090;2828;-262
2016-05-02T18:00:00+0200;5249;5893;644;3061;2776;-285
2016-05-02T19:00:00+0200;1785;2056;271;3133;2914;-219
2016-05-02T20:00:00+0200;225;228;3;3524;3208;-316
2016-05-02T21:00:00+0200;0;0;0;4320;4210;-110
2016-05-02T22:00:00+0200;0;0;0;5182;5112;-70
2016-05-02T23:00:00+0200;0;0;0;5744;5664;-80
2016-05-03T00:00:00+0200;0;0;0;6730;6107;-623
2016-05-03T01:00:00+0200;0;0;0;6632;6374;-258
2016-05-03T02:00:00+0200;0;0;0;6165;6059;-106
2016-05-03T03:00:00+0200;0;0;0;5642;5507;-135
2016-05-03T04:00:00+0200;0;0;0;5222;4994;-228
2016-05-03T05:00:00+0200;26;22;-4;4904;4794;-110
2016-05-03T06:00:00+0200;713;833;120;4767;4875;108
2016-05-03T07:00:00+0200;3113;3495;382;4475;5248;773
2016-05-03T08:00:00+0200;6470;7397;927;4088;5331;1243
2016-05-03T09:00:00+0200;9998;11426;1428;4195;5132;937
2016-05-03T10:00:00+0200;12784;14718;1934;4623;5923;1300
2016-05-03T11:00:00+0200;14447;16806;2359;5241;6722;1481
2016-05-03T12:00:00+0200;15251;16990;1739;6223;7659;1436
2016-05-03T13:00:00+0200;15020;15931;911;7388;8848;1460
2016-05-03T14:00:00+0200;14176;14392;216;8746;11369;2623
2016-05-03T15:00:00+0200;12507;12723;216;10343;13346;3003
2016-05-03T16:00:00+0200;10061;10537;476;11829;15186;3357
2016-05-03T17:00:00+0200;7202;7474;272;12544;13922;1378
2016-05-03T18:00:00+0200;4179;4468;289;12342;15389;3047
2016-05-03T19:00:00+0200;1564;1700;136;11689;13860;2171
2016-05-03T20:00:00+0200;197;239;42;10865;11620;755
2016-05-03T21:00:00+0200;0;0;0;10163;9697;-466
2016-05-03T22:00:00+0200;0;0;0;9586;8904;-682
2016-05-03T23:00:00+0200;0;0;0;9165;8528;-637
2016-05-04T00:00:00+0200;0;0;0;8577;8121;-456
2016-05-04T01:00:00+0200;0;0;0;8226;7644;-582
2016-05-04T02:00:00+0200;0;0;0;7764;7357;-407
2016-05-04T03:00:00+0200;0;0;0;7211;6914;-297
2016-05-04T04:00:00+0200;0;0;0;6666;6276;-390
2016-05-04T05:00:00+0200;30;25;-5;6170;5490;-680
2016-05-04T06:00:00+0200;919;845;-74;5668;4649;-1019
2016-05-04T07:00:00+0200;4051;3627;-424;5102;3672;-1430
2016-05-04T08:00:00+0200;8862;8136;-726;4476;2998;-1478
2016-05-04T09:00:00+0200;14042;12848;-1194;3867;2924;-943
2016-05-04T10:00:00+0200;18515;16616;-1899;3340;2682;-658
2016-05-04T11:00:00+0200;21612;19104;-2508;3119;2493;-626
2016-05-04T12:00:00+0200;23142;20480;-2662;3005;2312;-693
2016-05-04T13:00:00+0200;23356;20947;-2409;2908;2170;-738
2016-05-04T14:00:00+0200;22334;20138;-2196;2884;2064;-820
2016-05-04T15:00:00+0200;19796;17865;-1931;2785;2014;-771
2016-05-04T16:00:00+0200;15927;14541;-1386;2625;2011;-614
2016-05-04T17:00:00+0200;11039;10367;-672;2363;1963;-400
2016-05-04T18:00:00+0200;5882;6000;118;2079;1822;-257
2016-05-04T19:00:00+0200;2061;2311;250;1920;1758;-162
2016-05-04T20:00:00+0200;300;335;35;2108;1878;-230
2016-05-04T21:00:00+0200;1;0;-1;2679;2601;-78
2016-05-04T22:00:00+0200;0;0;0;3289;3794;505
2016-05-04T23:00:00+0200;0;0;0;3755;4662;907
2016-05-05T00:00:00+0200;0;0;0;4083;5148;1065
2016-05-05T01:00:00+0200;0;0;0;4295;5309;1014
2016-05-05T02:00:00+0200;0;0;0;4459;5293;834
2016-05-05T03:00:00+0200;0;0;0;4552;5449;897
2016-05-05T04:00:00+0200;0;0;0;4557;5171;614
2016-05-05T05:00:00+0200;45;36;-9;4457;4924;467
2016-05-05T06:00:00+0200;1129;1023;-106;4306;4772;466
2016-05-05T07:00:00+0200;4780;4384;-396;4059;4132;73
2016-05-05T08:00:00+0200;10444;9916;-528;3467;2642;-825
2016-05-05T09:00:00+0200;16241;15801;-440;2985;2678;-307
2016-05-05T10:00:00+0200;20784;20324;-460;2982;3688;706
2016-05-05T11:00:00+0200;23700;23462;-238;3207;4178;971
2016-05-05T12:00:00+0200;25086;25208;122;3498;4357;859
2016-05-05T13:00:00+0200;25067;25369;302;3784;4458;674
2016-05-05T14:00:00+0200;23552;24282;730;4146;4502;356
2016-05-05T15:00:00+0200;20625;22133;1508;4483;4702;219
2016-05-05T16:00:00+0200;16727;18272;1545;4887;5089;202
2016-05-05T17:00:00+0200;11689;12900;1211;5298;5711;413
2016-05-05T18:00:00+0200;6190;6845;655;5699;6184;485
2016-05-05T19:00:00+0200;2138;2404;266;6095;6264;169
2016-05-05T20:00:00+0200;328;354;26;7081;6741;-340
2016-05-05T21:00:00+0200;2;0;-2;8776;9375;599
2016-05-05T22:00:00+0200;0;0;0;10457;11510;1053
2016-05-05T23:00:00+0200;0;0;0;11376;12926;1550
2016-05-06T00:00:00+0200;0;0;0;10675;13264;2589
2016-05-06T01:00:00+0200;0;0;0;10607;12614;2007
2016-05-06T02:00:00+0200;0;0;0;10231;11906;1675
2016-05-06T03:00:00+0200;0;0;0;9829;11283;1454
2016-05-06T04:00:00+0200;0;0;0;9491;10567;1076
2016-05-06T05:00:00+0200;56;46;-10;9192;9642;450
2016-05-06T06:00:00+0200;1207;1176;-31;8848;9057;209
2016-05-06T07:00:00+0200;4989;4828;-161;8095;7499;-596
2016-05-06T08:00:00+0200;10859;10509;-350;6978;5130;-1848
2016-05-06T09:00:00+0200;16857;16204;-653;6456;4241;-2215
2016-05-06T10:00:00+0200;21773;21093;-680;6699;4884;-1815
2016-05-06T11:00:00+0200;25067;24311;-756;7435;6509;-926
2016-05-06T12:00:00+0200;26734;25930;-804;8515;8446;-69
2016-05-06T13:00:00+0200;26894;26055;-839;9630;10401;771
2016-05-06T14:00:00+0200;25587;24841;-746;10484;11911;1427
2016-05-06T15:00:00+0200;22719;22245;-474;10901;12435;1534
2016-05-06T16:00:00+0200;18448;18179;-269;11102;12392;1290
2016-05-06T17:00:00+0200;12774;12692;-82;11074;11875;801
2016-05-06T18:00:00+0200;6607;6757;150;10786;11282;496
2016-05-06T19:00:00+0200;2260;2351;91;10831;10120;-711
2016-05-06T20:00:00+0200;367;352;-15;11659;10581;-1078
2016-05-06T21:00:00+0200;2;0;-2;12864;13113;249
2016-05-06T22:00:00+0200;0;0;0;13838;15002;1164
2016-05-06T23:00:00+0200;0;0;0;14129;15777;1648
2016-05-07T00:00:00+0200;0;0;0;13823;16106;2283
2016-05-07T01:00:00+0200;0;0;0;13276;15415;2139
2016-05-07T02:00:00+0200;0;0;0;12858;14215;1357
2016-05-07T03:00:00+0200;0;0;0;12486;13447;961
2016-05-07T04:00:00+0200;0;0;0;11990;12861;871
2016-05-07T05:00:00+0200;64;56;-8;11629;12234;605
2016-05-07T06:00:00+0200;1300;1207;-93;11125;11436;311
2016-05-07T07:00:00+0200;5321;4954;-367;9792;9328;-464
2016-05-07T08:00:00+0200;11316;10669;-647;8435;6049;-2386
2016-05-07T09:00:00+0200;17340;16378;-962;7965;4842;-3123
2016-05-07T10:00:00+0200;22158;21070;-1088;8331;5761;-2570
2016-05-07T11:00:00+0200;25313;24168;-1145;9137;8742;-395
2016-05-07T12:00:00+0200;26860;25687;-1173;10537;12444;1907
2016-05-07T13:00:00+0200;26976;25750;-1226;11862;13686;1824
2016-05-07T14:00:00+0200;25699;24542;-1157;12295;13629;1334
2016-05-07T15:00:00+0200;22857;21800;-1057;12570;13807;1237
2016-05-07T16:00:00+0200;18569;17779;-790;12749;14364;1615
2016-05-07T17:00:00+0200;12908;12392;-516;12814;14674;1860
2016-05-07T18:00:00+0200;6728;6680;-48;12798;14286;1488
2016-05-07T19:00:00+0200;2308;2439;131;12889;13528;639
2016-05-07T20:00:00+0200;401;392;-9;13462;13983;521
2016-05-07T21:00:00+0200;2;0;-2;14786;17134;2348
2016-05-07T22:00:00+0200;0;0;0;15514;18906;3392
2016-05-07T23:00:00+0200;0;0;0;15555;19034;3479
2016-05-08T00:00:00+0200;0;0;0;16051;18878;2827
2016-05-08T01:00:00+0200;0;0;0;15340;18094;2754
2016-05-08T02:00:00+0200;0;0;0;14695;17076;2381
2016-05-08T03:00:00+0200;0;0;0;14084;16112;2028
2016-05-08T04:00:00+0200;0;0;0;13626;15361;1735
2016-05-08T05:00:00+0200;74;65;-9;13148;14688;1540
2016-05-08T06:00:00+0200;1314;1239;-75;12450;14404;1954
2016-05-08T07:00:00+0200;5282;4972;-310;11373;12278;905
2016-05-08T08:00:00+0200;11369;10836;-533;10418;9397;-1021
2016-05-08T09:00:00+0200;17429;16688;-741;10844;9978;-866
2016-05-08T10:00:00+0200;22223;21373;-850;12707;14762;2055
2016-05-08T11:00:00+0200;25314;24409;-905;14874;18936;4062
2016-05-08T12:00:00+0200;26798;25961;-837;16669;16753;84
2016-05-08T13:00:00+0200;26777;25966;-811;17830;15308;-2522
2016-05-08T14:00:00+0200;25308;24593;-715;18316;13816;-4500
2016-05-08T15:00:00+0200;22343;21888;-455;18203;16282;-1921
2016-05-08T16:00:00+0200;18145;17762;-383;17727;19728;2001
2016-05-08T17:00:00+0200;12614;12477;-137;17322;21186;3864
2016-05-08T18:00:00+0200;6616;6746;130;16793;21083;4290
2016-05-08T19:00:00+0200;2311;2422;111;15929;18785;2856
2016-05-08T20:00:00+0200;423;422;-1;15695;16447;752
2016-05-08T21:00:00+0200;4;0;-4;16009;17140;1131
2016-05-08T22:00:00+0200;0;0;0;16361;17958;1597
2016-05-08T23:00:00+0200;0;0;0;16142;18184;2042
2016-05-09T00:00:00+0200;0;0;0;16221;17763;1542
2016-05-09T01:00:00+0200;0;0;0;15483;17132;1649
2016-05-09T02:00:00+0200;0;0;0;14807;16074;1267
2016-05-09T03:00:00+0200;0;0;0;14333;15128;795
2016-05-09T04:00:00+0200;0;0;0;13959;14736;777
2016-05-09T05:00:00+0200;83;71;-12;13499;14448;949
2016-05-09T06:00:00+0200;1375;1265;-110;12842;13391;549
2016-05-09T07:00:00+0200;5280;4974;-306;11807;10842;-965
2016-05-09T08:00:00+0200;11103;10652;-451;10786;8654;-2132
2016-05-09T09:00:00+0200;16895;16335;-560;11142;10232;-910
2016-05-09T10:00:00+0200;21429;20798;-631;12526;14034;1508
2016-05-09T11:00:00+0200;24325;23642;-683;14047;17504;3457
2016-05-09T12:00:00+0200;25610;24940;-670;15383;18018;2635
2016-05-09T13:00:00+0200;25313;24600;-713;16369;18851;2482
2016-05-09T14:00:00+0200;23657;23011;-646;16681;18812;2131
2016-05-09T15:00:00+0200;20622;20375;-247;16433;18548;2115
2016-05-09T16:00:00+0200;16481;16387;-94;15961;18159;2198
2016-05-09T17:00:00+0200;11315;11318;3;15366;17084;1718
2016-05-09T18:00:00+0200;6022;6303;281;14441;15859;1418
2016-05-09T19:00:00+0200;2211;2388;177;13306;13750;444
2016-05-09T20:00:00+0200;386;367;-19;13267;12900;-367
2016-05-09T21:00:00+0200;3;1;-2;13846;14435;589
2016-05-09T22:00:00+0200;0;0;0;14203;15157;954
2016-05-09T23:00:00+0200;0;0;0;14207;15198;991
2016-05-10T00:00:00+0200;0;0;0;13842;14838;996
2016-05-10T01:00:00+0200;0;0;0;13285;13769;484
2016-05-10T02:00:00+0200;0;0;0;12773;12863;90
2016-05-10T03:00:00+0200;0;0;0;12169;12478;309
2016-05-10T04:00:00+0200;0;0;0;11768;12450;682
2016-05-10T05:00:00+0200;88;80;-8;11387;12054;667
2016-05-10T06:00:00+0200;1208;1260;52;10887;11111;224
2016-05-10T07:00:00+0200;4470;4459;-11;10072;9099;-973
2016-05-10T08:00:00+0200;8952;8986;34;9263;6928;-2335
2016-05-10T09:00:00+0200;13217;13104;-113;9264;7541;-1723
2016-05-10T10:00:00+0200;16415;16361;-54;10247;9914;-333
2016-05-10T11:00:00+0200;18278;18494;216;11084;11362;278
2016-05-10T12:00:00+0200;18961;19140;179;11506;11173;-333
2016-05-10T13:00:00+0200;18470;18148;-322;11473;9943;-1530
2016-05-10T14:00:00+0200;17084;16436;-648;11142;10509;-633
2016-05-10T15:00:00+0200;14856;14242;-614;10710;10665;-45
2016-05-10T16:00:00+0200;11959;11565;-394;10334;10525;191
2016-05-10T17:00:00+0200;8427;8259;-168;10065;10839;774
2016-05-10T18:00:00+0200;4716;4890;174;9888;10536;648
2016-05-10T19:00:00+0200;1819;1988;169;9808;9756;-52
2016-05-10T20:00:00+0200;331;297;-34;10291;10001;-290
2016-05-10T21:00:00+0200;3;1;-2;10838;11303;465
2016-05-10T22:00:00+0200;0;0;0;11202;12273;1071
2016-05-10T23:00:00+0200;0;0;0;11154;12397;1243
2016-05-11T00:00:00+0200;0;0;0;11572;11744;172
2016-05-11T01:00:00+0200;0;0;0;11045;11199;154
2016-05-11T02:00:00+0200;0;0;0;10571;10475;-96
2016-05-11T03:00:00+0200;0;0;0;10128;9756;-372
2016-05-11T04:00:00+0200;0;0;0;9764;9281;-483
2016-05-11T05:00:00+0200;95;90;-5;9388;8966;-422
2016-05-11T06:00:00+0200;1384;1350;-34;8864;8733;-131
2016-05-11T07:00:00+0200;5063;4842;-221;8100;7434;-666
2016-05-11T08:00:00+0200;10357;9430;-927;7450;5784;-1666
2016-05-11T09:00:00+0200;15630;14038;-1592;7670;5748;-1922
2016-05-11T10:00:00+0200;19800;18186;-1614;8396;7751;-645
2016-05-11T11:00:00+0200;22503;21068;-1435;9628;11646;2018
2016-05-11T12:00:00+0200;23700;21365;-2335;11162;14520;3358
2016-05-11T13:00:00+0200;23229;21411;-1818;12236;14683;2447
2016-05-11T14:00:00+0200;21393;20523;-870;12890;14643;1753
2016-05-11T15:00:00+0200;18370;17548;-822;13216;15322;2106
2016-05-11T16:00:00+0200;14558;13540;-1018;13629;15848;2219
2016-05-11T17:00:00+0200;10029;9400;-629;14184;16092;1908
2016-05-11T18:00:00+0200;5436;5282;-154;14483;15716;1233
2016-05-11T19:00:00+0200;2083;2162;79;14625;14989;364
2016-05-11T20:00:00+0200;384;402;18;15348;14629;-719
2016-05-11T21:00:00+0200;3;2;-1;16142;16033;-109
2016-05-11T22:00:00+0200;0;0;0;16693;16322;-371
2016-05-11T23:00:00+0200;0;0;0;16905;16790;-115
2016-05-12T00:00:00+0200;0;0;0;16359;16891;532
2016-05-12T01:00:00+0200;0;0;0;16171;16384;213
2016-05-12T02:00:00+0200;0;0;0;15969;15981;12
2016-05-12T03:00:00+0200;0;0;0;15700;15514;-186
2016-05-12T04:00:00+0200;0;0;0;15409;14922;-487
2016-05-12T05:00:00+0200;100;88;-12;14965;14263;-702
2016-05-12T06:00:00+0200;1196;1158;-38;14291;13454;-837
2016-05-12T07:00:00+0200;4171;3988;-183;13517;11688;-1829
2016-05-12T08:00:00+0200;8054;7718;-336;13067;9604;-3463
2016-05-12T09:00:00+0200;11612;11377;-235;13415;9286;-4129
2016-05-12T10:00:00+0200;14016;13937;-79;14063;10868;-3195
2016-05-12T11:00:00+0200;15235;15167;-68;14857;13609;-1248
2016-05-12T12:00:00+0200;15607;15161;-446;15557;16172;615
2016-05-12T13:00:00+0200;15243;14363;-880;15937;16948;1011
2016-05-12T14:00:00+0200;14033;13039;-994;15905;16860;955
2016-05-12T15:00:00+0200;12176;11490;-686;15392;16036;644
2016-05-12T16:00:00+0200;9790;9496;-294;14813;15523;710
2016-05-12T17:00:00+0200;6862;6844;-18;14229;15443;1214
2016-05-12T18:00:00+0200;3933;3988;55;13552;15044;1492
2016-05-12T19:00:00+0200;1621;1694;73;12714;13968;1254
2016-05-12T20:00:00+0200;311;348;37;12373;13248;875
2016-05-12T21:00:00+0200;4;5;1;11967;12530;563
2016-05-12T22:00:00+0200;0;0;0;11270;11091;-179
2016-05-12T23:00:00+0200;0;0;0;10488;10063;-425
2016-05-13T00:00:00+0200;0;0;0;9313;9211;-102
2016-05-13T01:00:00+0200;0;0;0;8561;8352;-209
2016-05-13T02:00:00+0200;0;0;0;7843;7803;-40
2016-05-13T03:00:00+0200;0;0;0;7221;7344;123
2016-05-13T04:00:00+0200;0;0;0;6682;6894;212
2016-05-13T05:00:00+0200;86;70;-16;6130;6212;82
2016-05-13T06:00:00+0200;1011;910;-101;5466;5519;53
2016-05-13T07:00:00+0200;3365;3030;-335;4721;4224;-497
2016-05-13T08:00:00+0200;6537;6004;-533;4299;3106;-1193
2016-05-13T09:00:00+0200;9862;9322;-540;4428;3132;-1296
2016-05-13T10:00:00+0200;12696;12438;-258;4792;3973;-819
2016-05-13T11:00:00+0200;14729;14604;-125;5521;5517;-4
2016-05-13T12:00:00+0200;15868;15844;-24;6597;7008;411
2016-05-13T13:00:00+0200;16112;16024;-88;7785;8187;402
2016-05-13T14:00:00+0200;15572;15777;205;8920;10286;1366
2016-05-13T15:00:00+0200;14076;14391;315;10015;12474;2459
2016-05-13T16:00:00+0200;11678;11864;186;11050;13573;2523
2016-05-13T17:00:00+0200;8469;8477;8;11854;14119;2265
2016-05-13T18:00:00+0200;4958;4809;-149;12108;14160;2052
2016-05-13T19:00:00+0200;2009;1946;-63;12083;13260;1177
2016-05-13T20:00:00+0200;382;410;28;12091;11993;-98
2016-05-13T21:00:00+0200;5;6;1;12399;11146;-1253
2016-05-13T22:00:00+0200;0;0;0;12769;11236;-1533
2016-05-13T23:00:00+0200;0;0;0;13196;11588;-1608
2016-05-14T00:00:00+0200;0;0;0;12970;11893;-1077
2016-05-14T01:00:00+0200;0;0;0;13351;12289;-1062
2016-05-14T02:00:00+0200;0;0;0;13753;12804;-949
2016-05-14T03:00:00+0200;0;0;0;14174;13432;-742
2016-05-14T04:00:00+0200;0;0;0;14570;13916;-654
2016-05-14T05:00:00+0200;111;90;-21;14896;14014;-882
2016-05-14T06:00:00+0200;1281;1144;-137;15171;14179;-992
2016-05-14T07:00:00+0200;4334;3686;-648;15539;14277;-1262
2016-05-14T08:00:00+0200;8377;6797;-1580;15818;15666;-152
2016-05-14T09:00:00+0200;12412;9970;-2442;15902;16230;328
2016-05-14T10:00:00+0200;15793;12641;-3152;16053;16441;388
2016-05-14T11:00:00+0200;18180;14918;-3262;16296;17141;845
2016-05-14T12:00:00+0200;19450;15741;-3709;16668;17333;665
2016-05-14T13:00:00+0200;19398;15765;-3633;17196;17918;722
2016-05-14T14:00:00+0200;18179;14938;-3241;17923;18643;720
2016-05-14T15:00:00+0200;15992;12562;-3430;18819;19022;203
2016-05-14T16:00:00+0200;13065;9995;-3070;19454;19456;2
2016-05-14T17:00:00+0200;9371;7156;-2215;19572;19536;-36
2016-05-14T18:00:00+0200;5467;4270;-1197;18937;18697;-240
2016-05-14T19:00:00+0200;2281;1945;-336;17938;17697;-241
2016-05-14T20:00:00+0200;435;385;-50;16877;16282;-595
2016-05-14T21:00:00+0200;7;6;-1;16023;14788;-1235
2016-05-14T22:00:00+0200;0;0;0;15461;14547;-914
2016-05-14T23:00:00+0200;0;0;0;15406;14907;-499
2016-05-15T00:00:00+0200;0;0;0;15763;14820;-943
2016-05-15T01:00:00+0200;0;0;0;16126;15437;-689
2016-05-15T02:00:00+0200;0;0;0;16292;15472;-820
2016-05-15T03:00:00+0200;0;0;0;16372;15313;-1059
2016-05-15T04:00:00+0200;0;0;0;16462;15226;-1236
2016-05-15T05:00:00+0200;108;87;-21;16484;15435;-1049
2016-05-15T06:00:00+0200;1318;1191;-127;16440;15479;-961
2016-05-15T07:00:00+0200;4388;3687;-701;16522;15218;-1304
2016-05-15T08:00:00+0200;8375;6764;-1611;16866;15487;-1379
2016-05-15T09:00:00+0200;12349;10232;-2117;17197;16738;-459
2016-05-15T10:00:00+0200;15420;12226;-3194;17367;18018;651
2016-05-15T11:00:00+0200;17467;13224;-4243;17711;19134;1423
2016-05-15T12:00:00+0200;18253;13899;-4354;18379;19429;1050
2016-05-15T13:00:00+0200;17749;14752;-2997;19118;19951;833
2016-05-15T14:00:00+0200;16396;14710;-1686;19294;20029;735
2016-05-15T15:00:00+0200;14375;13401;-974;19530;20349;819
2016-05-15T16:00:00+0200;11877;11146;-731;19630;19710;80
2016-05-15T17:00:00+0200;8739;8130;-609;18955;18978;23
2016-05-15T18:00:00+0200;5273;4902;-371;17320;18200;880
2016-05-15T19:00:00+0200;2307;2192;-115;15542;16077;535
2016-05-15T20:00:00+0200;429;385;-44;14047;14058;11
2016-05-15T21:00:00+0200;7;7;0;13113;13065;-48
2016-05-15T22:00:00+0200;0;0;0;12511;12621;110
2016-05-15T23:00:00+0200;0;0;0;12217;13078;861
2016-05-16T00:00:00+0200;0;0;0;12046;12562;516
2016-05-16T01:00:00+0200;0;0;0;12024;12060;36
2016-05-16T02:00:00+0200;0;0;0;11957;11727;-230
2016-05-16T03:00:00+0200;0;0;0;11719;11276;-443
2016-05-16T04:00:00+0200;1;0;-1;11418;11226;-192
2016-05-16T05:00:00+0200;121;94;-27;11155;11154;-1
2016-05-16T06:00:00+0200;1212;1082;-130;10900;10104;-796
2016-05-16T07:00:00+0200;3801;3220;-581;10713;9615;-1098
2016-05-16T08:00:00+0200;6996;5721;-1275;10631;9984;-647
2016-05-16T09:00:00+0200;10166;8235;-1931;10573;10930;357
2016-05-16T10:00:00+0200;12825;10332;-2493;10518;10890;372
2016-05-16T11:00:00+0200;14706;12057;-2649;10584;10598;14
2016-05-16T12:00:00+0200;15624;13066;-2558;10830;10998;168
2016-05-16T13:00:00+0200;15643;13260;-2383;11191;11119;-72
2016-05-16T14:00:00+0200;15025;12949;-2076;11767;11952;185
2016-05-16T15:00:00+0200;13617;11918;-1699;12490;12460;-30
2016-05-16T16:00:00+0200;11313;9698;-1615;13061;12927;-134
2016-05-16T17:00:00+0200;8289;7124;-1165;13124;13032;-92
2016-05-16T18:00:00+0200;5037;4420;-617;12527;12983;456
2016-05-16T19:00:00+0200;2192;2063;-129;11684;11876;192
2016-05-16T20:00:00+0200;439;415;-24;10579;10498;-81
2016-05-16T21:00:00+0200;9;6;-3;10060;9537;-523
2016-05-16T22:00:00+0200;0;0;0;9945;9300;-645
2016-05-16T23:00:00+0200;0;0;0;10052;9952;-100
2016-05-17T00:00:00+0200;0;0;0;9385;9973;588
2016-05-17T01:00:00+0200;0;0;0;9641;10170;529
2016-05-17T02:00:00+0200;0;0;0;9900;10425;525
2016-05-17T03:00:00+0200;0;0;0;10126;10266;140
2016-05-17T04:00:00+0200;1;0;-1;10318;10485;167
2016-05-17T05:00:00+0200;117;90;-27;10458;10313;-145
2016-05-17T06:00:00+0200;1359;1103;-256;10435;9693;-742
2016-05-17T07:00:00+0200;4158;3119;-1039;10527;9349;-1178
2016-05-17T08:00:00+0200;7533;5598;-1935;10929;9732;-1197
2016-05-17T09:00:00+0200;10763;8505;-2258;11605;10808;-797
2016-05-17T10:00:00+0200;12790;11106;-1684;12161;10833;-1328
2016-05-17T11:00:00+0200;13785;12340;-1445;12536;10447;-2089
2016-05-17T12:00:00+0200;14235;12769;-1466;12691;10377;-2314
2016-05-17T13:00:00+0200;14365;12281;-2084;12660;10494;-2166
2016-05-17T14:00:00+0200;13829;11563;-2266;12400;10256;-2144
2016-05-17T15:00:00+0200;12496;10681;-1815;12140;9769;-2371
2016-05-17T16:00:00+0200;10498;9202;-1296;11602;9015;-2587
2016-05-17T17:00:00+0200;7905;7183;-722;10450;7706;-2744
2016-05-17T18:00:00+0200;4937;4821;-116;8712;6461;-2251
2016-05-17T19:00:00+0200;2222;2307;85;6910;4870;-2040
2016-05-17T20:00:00+0200;435;481;46;5584;3622;-1962
2016-05-17T21:00:00+0200;8;7;-1;4982;3209;-1773
2016-05-17T22:00:00+0200;0;0;0;4691;3418;-1273
2016-05-17T23:00:00+0200;0;0;0;4692;3794;-898
2016-05-18T00:00:00+0200;0;0;0;3862;4002;140
2016-05-18T01:00:00+0200;0;0;0;4216;4036;-180
2016-05-18T02:00:00+0200;0;0;0;4545;4084;-461
2016-05-18T03:00:00+0200;0;0;0;4837;4282;-555
2016-05-18T04:00:00+0200;1;0;-1;5082;4679;-403
2016-05-18T05:00:00+0200;140;116;-24;5186;4896;-290
2016-05-18T06:00:00+0200;1215;1196;-19;5070;4823;-247
2016-05-18T07:00:00+0200;4261;3878;-383;4752;4204;-548
2016-05-18T08:00:00+0200;8868;7684;-1184;4220;3062;-1158
2016-05-18T09:00:00+0200;13878;12316;-1562;4046;3056;-990
2016-05-18T10:00:00+0200;17421;16294;-1127;4333;3682;-651
2016-05-18T11:00:00+0200;18818;18574;-244;4721;3867;-854
2016-05-18T12:00:00+0200;19034;18796;-238;4913;4276;-637
2016-05-18T13:00:00+0200;18467;17342;-1125;4954;4230;-724
2016-05-18T14:00:00+0200;17102;15485;-1617;4727;3738;-989
2016-05-18T15:00:00+0200;14953;13396;-1557;4172;3441;-731
2016-05-18T16:00:00+0200;12251;11048;-1203;3409;2918;-491
2016-05-18T17:00:00+0200;8864;8255;-609;2641;2364;-277
2016-05-18T18:00:00+0200;5291;4885;-406;2201;1925;-276
2016-05-18T19:00:00+0200;2326;2064;-262;1966;1971;5
2016-05-18T20:00:00+0200;463;372;-91;2243;2334;91
2016-05-18T21:00:00+0200;9;6;-3;3235;3034;-201
2016-05-18T22:00:00+0200;0;0;0;4389;3820;-569
2016-05-18T23:00:00+0200;0;0;0;5112;4464;-648
2016-05-19T00:00:00+0200;0;0;0;5544;4852;-692
2016-05-19T01:00:00+0200;0;0;0;5533;4947;-586
2016-05-19T02:00:00+0200;0;0;0;5203;4709;-494
2016-05-19T03:00:00+0200;0;0;0;4600;4196;-404
2016-05-19T04:00:00+0200;0;0;0;4013;3658;-355
2016-05-19T05:00:00+0200;124;112;-12;3376;3134;-242
2016-05-19T06:00:00+0200;1080;1031;-49;2729;2514;-215
2016-05-19T07:00:00+0200;3100;2997;-103;2082;1914;-168
2016-05-19T08:00:00+0200;5535;5394;-141;1533;1394;-139
2016-05-19T09:00:00+0200;8113;8205;92;1216;1071;-145
2016-05-19T10:00:00+0200;10330;10769;439;1052;1000;-52
2016-05-19T11:00:00+0200;12008;12775;767;966;1008;42
2016-05-19T12:00:00+0200;13020;13764;744;952;971;19
2016-05-19T13:00:00+0200;13178;13687;509;923;926;3
2016-05-19T14:00:00+0200;12684;13126;442;906;974;68
2016-05-19T15:00:00+0200;11563;11959;396;983;988;5
2016-05-19T16:00:00+0200;9764;10176;412;1112;1159;47
2016-05-19T17:00:00+0200;7367;7927;560;1246;1374;128
2016-05-19T18:00:00+0200;4656;5018;362;1334;1704;370
2016-05-19T19:00:00+0200;2171;2319;148;1448;1932;484
2016-05-19T20:00:00+0200;480;526;46;1685;2229;544
2016-05-19T21:00:00+0200;10;10;0;2325;3051;726
2016-05-19T22:00:00+0200;0;0;0;3101;3982;881
2016-05-19T23:00:00+0200;0;0;0;3829;4757;928
2016-05-20T00:00:00+0200;0;0;0;4304;5240;936
2016-05-20T01:00:00+0200;0;0;0;4801;6193;1392
2016-05-20T02:00:00+0200;0;0;0;5385;7204;1819
2016-05-20T03:00:00+0200;0;0;0;5951;8125;2174
2016-05-20T04:00:00+0200;1;0;-1;6448;9031;2583
2016-05-20T05:00:00+0200;163;147;-16;6628;9261;2633
2016-05-20T06:00:00+0200;1558;1425;-133;6630;9438;2808
2016-05-20T07:00:00+0200;4753;4344;-409;6539;8481;1942
2016-05-20T08:00:00+0200;8900;8338;-562;6672;7958;1286
2016-05-20T09:00:00+0200;12884;12398;-486;7283;8678;1395
2016-05-20T10:00:00+0200;15586;15528;-58;7994;9630;1636
2016-05-20T11:00:00+0200;16870;16424;-446;8622;10126;1504
2016-05-20T12:00:00+0200;17135;16219;-916;9038;10243;1205
2016-05-20T13:00:00+0200;16516;15343;-1173;9301;10406;1105
2016-05-20T14:00:00+0200;15076;14412;-664;9225;9778;553
2016-05-20T15:00:00+0200;12998;13129;131;8853;9422;569
2016-05-20T16:00:00+0200;10640;11042;402;8152;8522;370
2016-05-20T17:00:00+0200;7859;8158;299;7132;7527;395
2016-05-20T18:00:00+0200;4825;4902;77;6009;6652;643
2016-05-20T19:00:00+0200;2213;2156;-57;4862;5708;846
2016-05-20T20:00:00+0200;473;424;-49;3982;4519;537
2016-05-20T21:00:00+0200;10;8;-2;3626;3711;85
2016-05-20T22:00:00+0200;0;0;0;3475;3768;293
2016-05-20T23:00:00+0200;0;0;0;3414;3778;364
2016-05-21T00:00:00+0200;0;0;0;3692;3620;-72
2016-05-21T01:00:00+0200;0;0;0;3656;3614;-42
2016-05-21T02:00:00+0200;0;0;0;3663;3625;-38
2016-05-21T03:00:00+0200;0;0;0;3723;3887;164
2016-05-21T04:00:00+0200;1;0;-1;3799;4183;384
2016-05-21T05:00:00+0200;148;159;11;3776;4459;683
2016-05-21T06:00:00+0200;1502;1636;134;3679;4800;1121
2016-05-21T07:00:00+0200;4636;4710;74;3529;4496;967
2016-05-21T08:00:00+0200;9052;9204;152;3494;3912;418
2016-05-21T09:00:00+0200;13881;13978;97;3731;4192;461
2016-05-21T10:00:00+0200;17825;18154;329;4099;4998;899
2016-05-21T11:00:00+0200;20431;20429;-2;4460;6044;1584
2016-05-21T12:00:00+0200;21644;21354;-290;4742;6184;1442
2016-05-21T13:00:00+0200;21576;21482;-94;4898;6525;1627
2016-05-21T14:00:00+0200;20432;20300;-132;4879;6950;2071
2016-05-21T15:00:00+0200;18261;18326;65;4752;6924;2172
2016-05-21T16:00:00+0200;15248;15410;162;4473;6450;1977
2016-05-21T17:00:00+0200;11172;11234;62;4046;5884;1838
2016-05-21T18:00:00+0200;6518;6702;184;3511;4959;1448
2016-05-21T19:00:00+0200;2718;2996;278;3060;3814;754
2016-05-21T20:00:00+0200;655;752;97;3077;3522;445
2016-05-21T21:00:00+0200;17;13;-4;4151;4810;659
2016-05-21T22:00:00+0200;0;0;0;5793;6402;609
2016-05-21T23:00:00+0200;0;0;0;7434;7851;417
2016-05-22T00:00:00+0200;0;0;0;10033;8897;-1136
2016-05-22T01:00:00+0200;0;0;0;11186;9749;-1437
2016-05-22T02:00:00+0200;0;0;0;11905;9805;-2100
2016-05-22T03:00:00+0200;0;0;0;12376;9651;-2725
2016-05-22T04:00:00+0200;1;0;-1;12784;10078;-2706
2016-05-22T05:00:00+0200;213;216;3;12958;10734;-2224
2016-05-22T06:00:00+0200;1776;1791;15;12723;11087;-1636
2016-05-22T07:00:00+0200;5616;5370;-246;11915;9515;-2400
2016-05-22T08:00:00+0200;11002;10534;-468;10784;6964;-3820
2016-05-22T09:00:00+0200;16289;15565;-724;10301;6338;-3963
2016-05-22T10:00:00+0200;20437;19134;-1303;10405;7912;-2493
2016-05-22T11:00:00+0200;22988;21636;-1352;10681;10179;-502
2016-05-22T12:00:00+0200;24142;22562;-1580;11047;12024;977
2016-05-22T13:00:00+0200;23872;22248;-1624;11219;12103;884
2016-05-22T14:00:00+0200;22291;20436;-1855;10891;11204;313
2016-05-22T15:00:00+0200;19437;17308;-2129;10033;10000;-33
2016-05-22T16:00:00+0200;15452;13070;-2382;8988;9065;77
2016-05-22T17:00:00+0200;10653;8608;-2045;7935;8107;172
2016-05-22T18:00:00+0200;5765;4558;-1207;6994;7534;540
2016-05-22T19:00:00+0200;2333;1956;-377;6456;7395;939
2016-05-22T20:00:00+0200;559;443;-116;6478;7515;1037
2016-05-22T21:00:00+0200;13;9;-4;6851;7804;953
2016-05-22T22:00:00+0200;0;0;0;7130;8493;1363
2016-05-22T23:00:00+0200;0;0;0;6966;8887;1921
2016-05-23T00:00:00+0200;0;0;0;7506;8370;864
2016-05-23T01:00:00+0200;0;0;0;7196;7004;-192
2016-05-23T02:00:00+0200;0;0;0;6980;5146;-1834
2016-05-23T03:00:00+0200;0;0;0;6829;4639;-2190
2016-05-23T04:00:00+0200;1;0;-1;6761;4228;-2533
2016-05-23T05:00:00+0200;165;155;-10;6626;4338;-2288
2016-05-23T06:00:00+0200;1215;1137;-78;6202;4486;-1716
2016-05-23T07:00:00+0200;3312;2937;-375;5735;4388;-1347
2016-05-23T08:00:00+0200;5636;4932;-704;5407;4248;-1159
2016-05-23T09:00:00+0200;7750;7004;-746;5307;4473;-834
2016-05-23T10:00:00+0200;9242;8343;-899;5362;4442;-920
2016-05-23T11:00:00+0200;10147;9303;-844;5578;4337;-1241
2016-05-23T12:00:00+0200;10434;9447;-987;5920;4434;-1486
2016-05-23T13:00:00+0200;9924;9456;-468;6324;5104;-1220
2016-05-23T14:00:00+0200;8932;8831;-101;6662;5711;-951
2016-05-23T15:00:00+0200;7530;7577;47;7134;6389;-745
2016-05-23T16:00:00+0200;5931;6236;305;7706;7144;-562
2016-05-23T17:00:00+0200;4264;4526;262;8294;8077;-217
2016-05-23T18:00:00+0200;2639;2628;-11;8865;9172;307
2016-05-23T19:00:00+0200;1243;1128;-115;9541;10316;775
2016-05-23T20:00:00+0200;300;239;-61;10385;12008;1623
2016-05-23T21:00:00+0200;10;7;-3;10978;13753;2775
2016-05-23T22:00:00+0200;0;0;0;11399;14202;2803
2016-05-23T23:00:00+0200;0;0;0;11703;13496;1793
2016-05-24T00:00:00+0200;0;0;0;10315;12737;2422
2016-05-24T01:00:00+0200;0;0;0;10203;11829;1626
2016-05-24T02:00:00+0200;0;0;0;9977;12419;2442
2016-05-24T03:00:00+0200;0;0;0;9879;11799;1920
2016-05-24T04:00:00+0200;1;0;-1;9962;11425;1463
2016-05-24T05:00:00+0200;118;100;-18;9880;11420;1540
2016-05-24T06:00:00+0200;715;612;-103;9570;11140;1570
2016-05-24T07:00:00+0200;1862;1528;-334;9145;10298;1153
2016-05-24T08:00:00+0200;3238;2591;-647;8731;9751;1020
2016-05-24T09:00:00+0200;4654;3741;-913;8243;9360;1117
2016-05-24T10:00:00+0200;6003;4984;-1019;7767;9090;1323
2016-05-24T11:00:00+0200;7102;5936;-1166;7272;8690;1418
2016-05-24T12:00:00+0200;7827;6573;-1254;6730;8044;1314
2016-05-24T13:00:00+0200;7875;6953;-922;6212;7432;1220
2016-05-24T14:00:00+0200;7508;6882;-626;5811;6802;991
2016-05-24T15:00:00+0200;6773;6200;-573;5563;6669;1106
2016-05-24T16:00:00+0200;5607;4950;-657;5479;6370;891
2016-05-24T17:00:00+0200;4223;3448;-775;5431;5879;448
2016-05-24T18:00:00+0200;2761;2055;-706;5352;5485;133
2016-05-24T19:00:00+0200;1384;910;-474;5158;5116;-42
2016-05-24T20:00:00+0200;339;201;-138;4847;4911;64
2016-05-24T21:00:00+0200;12;8;-4;4588;4473;-115
2016-05-24T22:00:00+0200;0;0;0;4330;4099;-231
2016-05-24T23:00:00+0200;0;0;0;4058;3465;-593
2016-05-25T00:00:00+0200;0;0;0;3884;3077;-807
2016-05-25T01:00:00+0200;0;0;0;3582;2694;-888
2016-05-25T02:00:00+0200;0;0;0;3329;2427;-902
2016-05-25T03:00:00+0200;0;0;0;3139;2270;-869
2016-05-25T04:00:00+0200;1;0;-1;2941;2170;-771
2016-05-25T05:00:00+0200;150;117;-33;2712;1960;-752
2016-05-25T06:00:00+0200;1266;963;-303;2482;1772;-710
2016-05-25T07:00:00+0200;3699;2538;-1161;2256;1628;-628
2016-05-25T08:00:00+0200;6772;4081;-2691;1992;1401;-591
2016-05-25T09:00:00+0200;9998;5905;-4093;1733;1244;-489
2016-05-25T10:00:00+0200;12678;7827;-4851;1513;1056;-457
2016-05-25T11:00:00+0200;14574;9550;-5024;1318;881;-437
2016-05-25T12:00:00+0200;15651;10850;-4801;1182;801;-381
2016-05-25T13:00:00+0200;15944;11762;-4182;1089;764;-325
2016-05-25T14:00:00+0200;15461;11894;-3567;1038;670;-368
2016-05-25T15:00:00+0200;14162;11460;-2702;1057;608;-449
2016-05-25T16:00:00+0200;12031;9634;-2397;1058;596;-462
2016-05-25T17:00:00+0200;9076;6965;-2111;1031;625;-406
2016-05-25T18:00:00+0200;5602;4409;-1193;1037;682;-355
2016-05-25T19:00:00+0200;2566;2134;-432;1076;652;-424
2016-05-25T20:00:00+0200;628;554;-74;1167;561;-606
2016-05-25T21:00:00+0200;18;18;0;1346;638;-708
2016-05-25T22:00:00+0200;0;0;0;1568;832;-736
2016-05-25T23:00:00+0200;0;0;0;1681;938;-743
2016-05-26T00:00:00+0200;0;0;0;1264;956;-308
2016-05-26T01:00:00+0200;0;0;0;1250;936;-314
2016-05-26T02:00:00+0200;0;0;0;1225;894;-331
2016-05-26T03:00:00+0200;0;0;0;1226;800;-426
2016-05-26T04:00:00+0200;1;0;-1;1228;693;-535
2016-05-26T05:00:00+0200;145;149;4;1158;771;-387
2016-05-26T06:00:00+0200;1313;1312;-1;997;706;-291
2016-05-26T07:00:00+0200;4184;3922;-262;786;533;-253
2016-05-26T08:00:00+0200;8339;7952;-387;677;420;-257
2016-05-26T09:00:00+0200;12704;12727;23;646;421;-225
2016-05-26T10:00:00+0200;16275;16612;337;631;452;-179
2016-05-26T11:00:00+0200;18586;18514;-72;651;476;-175
2016-05-26T12:00:00+0200;19673;19143;-530;709;580;-129
2016-05-26T13:00:00+0200;19587;18831;-756;804;674;-130
2016-05-26T14:00:00+0200;18439;18224;-215;926;684;-242
2016-05-26T15:00:00+0200;16370;16804;434;1091;617;-474
2016-05-26T16:00:00+0200;13492;14283;791;1209;600;-609
2016-05-26T17:00:00+0200;9888;10622;734;1253;565;-688
2016-05-26T18:00:00+0200;5941;6397;456;1219;612;-607
2016-05-26T19:00:00+0200;2664;2848;184;1186;710;-476
2016-05-26T20:00:00+0200;680;731;51;1245;940;-305
2016-05-26T21:00:00+0200;26;27;1;1450;1307;-143
2016-05-26T22:00:00+0200;0;0;0;1663;1750;87
2016-05-26T23:00:00+0200;0;0;0;1740;2147;407
2016-05-27T00:00:00+0200;0;0;0;1809;2232;423
2016-05-27T01:00:00+0200;0;0;0;1815;2116;301
2016-05-27T02:00:00+0200;0;0;0;1802;1899;97
2016-05-27T03:00:00+0200;0;0;0;1794;1884;90
2016-05-27T04:00:00+0200;1;0;-1;1803;1741;-62
2016-05-27T05:00:00+0200;179;184;5;1775;1632;-143
2016-05-27T06:00:00+0200;1396;1384;-12;1670;1442;-228
2016-05-27T07:00:00+0200;3773;3523;-250;1493;1261;-232
2016-05-27T08:00:00+0200;6565;5980;-585;1249;1094;-155
2016-05-27T09:00:00+0200;9625;8822;-803;1010;843;-167
2016-05-27T10:00:00+0200;12498;12160;-338;834;642;-192
2016-05-27T11:00:00+0200;14763;15428;665;723;494;-229
2016-05-27T12:00:00+0200;16108;17498;1390;698;471;-227
2016-05-27T13:00:00+0200;16173;17994;1821;701;526;-175
2016-05-27T14:00:00+0200;15280;16799;1519;742;645;-97
2016-05-27T15:00:00+0200;13710;14445;735;860;814;-46
2016-05-27T16:00:00+0200;11418;11724;306;1021;1096;75
2016-05-27T17:00:00+0200;8508;8659;151;1269;1508;239
2016-05-27T18:00:00+0200;5278;5476;198;1635;1727;92
2016-05-27T19:00:00+0200;2476;2664;188;2017;1767;-250
2016-05-27T20:00:00+0200;617;632;15;2319;1942;-377
2016-05-27T21:00:00+0200;25;25;0;2758;2404;-354
2016-05-27T22:00:00+0200;0;0;0;3198;2714;-484
2016-05-27T23:00:00+0200;0;0;0;3421;2842;-579
2016-05-28T00:00:00+0200;0;0;0;4003;2894;-1109
2016-05-28T01:00:00+0200;0;0;0;3992;2989;-1003
2016-05-28T02:00:00+0200;0;0;0;4042;2940;-1102
2016-05-28T03:00:00+0200;0;0;0;4041;2807;-1234
2016-05-28T04:00:00+0200;1;1;0;3960;2474;-1486
2016-05-28T05:00:00+0200;220;241;21;3845;2330;-1515
2016-05-28T06:00:00+0200;1560;1565;5;3446;2147;-1299
2016-05-28T07:00:00+0200;4286;3870;-416;2767;1752;-1015
2016-05-28T08:00:00+0200;7779;7047;-732;2493;1316;-1177
2016-05-28T09:00:00+0200;11440;11538;98;2510;1024;-1486
2016-05-28T10:00:00+0200;14449;15880;1431;2649;1006;-1643
2016-05-28T11:00:00+0200;16655;18700;2045;2900;1186;-1714
2016-05-28T12:00:00+0200;17902;19773;1871;3212;1318;-1894
2016-05-28T13:00:00+0200;18054;19102;1048;3511;1487;-2024
2016-05-28T14:00:00+0200;17371;17575;204;3817;1780;-2037
2016-05-28T15:00:00+0200;15565;15013;-552;4178;2322;-1856
2016-05-28T16:00:00+0200;12780;12108;-672;4581;3006;-1575
2016-05-28T17:00:00+0200;9292;9032;-260;5049;3712;-1337
2016-05-28T18:00:00+0200;5601;5704;103;5583;4270;-1313
2016-05-28T19:00:00+0200;2574;2692;118;6274;4393;-1881
2016-05-28T20:00:00+0200;688;724;36;7276;4969;-2307
2016-05-28T21:00:00+0200;29;28;-1;7949;6622;-1327
2016-05-28T22:00:00+0200;0;0;0;8383;8090;-293
2016-05-28T23:00:00+0200;0;0;0;8455;8500;45
2016-05-29T00:00:00+0200;0;0;0;8483;8257;-226
2016-05-29T01:00:00+0200;0;0;0;8219;7760;-459
2016-05-29T02:00:00+0200;0;0;0;7985;6962;-1023
2016-05-29T03:00:00+0200;0;0;0;7761;5831;-1930
2016-05-29T04:00:00+0200;2;1;-1;7538;5300;-2238
2016-05-29T05:00:00+0200;218;190;-28;7210;5209;-2001
2016-05-29T06:00:00+0200;1481;1388;-93;6805;4847;-1958
2016-05-29T07:00:00+0200;3800;3648;-152;6397;4381;-2016
2016-05-29T08:00:00+0200;6521;6687;166;6153;4066;-2087
2016-05-29T09:00:00+0200;9256;9564;308;6291;4062;-2229
2016-05-29T10:00:00+0200;11485;12429;944;6646;4111;-2535
2016-05-29T11:00:00+0200;13177;14874;1697;7171;4447;-2724
2016-05-29T12:00:00+0200;14011;15355;1344;8038;5064;-2974
2016-05-29T13:00:00+0200;13917;14450;533;8900;5311;-3589
2016-05-29T14:00:00+0200;12904;13282;378;9515;5551;-3964
2016-05-29T15:00:00+0200;11279;11906;627;10040;5870;-4170
2016-05-29T16:00:00+0200;9022;9417;395;10322;6390;-3932
2016-05-29T17:00:00+0200;6467;6198;-269;10536;7482;-3054
2016-05-29T18:00:00+0200;4025;3531;-494;10791;8197;-2594
2016-05-29T19:00:00+0200;1940;1594;-346;11070;9076;-1994
2016-05-29T20:00:00+0200;504;395;-109;11443;9423;-2020
2016-05-29T21:00:00+0200;23;20;-3;12015;9830;-2185
2016-05-29T22:00:00+0200;0;0;0;12644;10196;-2448
2016-05-29T23:00:00+0200;0;0;0;12986;10082;-2904
2016-05-30T00:00:00+0200;0;0;0;11082;10460;-622
2016-05-30T01:00:00+0200;0;0;0;11005;10955;-50
2016-05-30T02:00:00+0200;0;0;0;11090;11037;-53
2016-05-30T03:00:00+0200;0;0;0;11333;10737;-596
2016-05-30T04:00:00+0200;2;1;-1;11609;11376;-233
2016-05-30T05:00:00+0200;201;213;12;11857;11175;-682
2016-05-30T06:00:00+0200;1062;1244;182;11926;10410;-1516
2016-05-30T07:00:00+0200;2751;2996;245;11835;9582;-2253
2016-05-30T08:00:00+0200;4846;5310;464;11800;8552;-3248
2016-05-30T09:00:00+0200;7081;8051;970;12319;8235;-4084
2016-05-30T10:00:00+0200;9099;10646;1547;12835;8269;-4566
2016-05-30T11:00:00+0200;10670;12256;1586;13194;9307;-3887
2016-05-30T12:00:00+0200;11715;13067;1352;13648;10367;-3281
2016-05-30T13:00:00+0200;12133;14124;1991;14028;11174;-2854
2016-05-30T14:00:00+0200;11909;13731;1822;14341;11303;-3038
2016-05-30T15:00:00+0200;10969;12690;1721;14279;11537;-2742
2016-05-30T16:00:00+0200;9293;11058;1765;13800;11168;-2632
2016-05-30T17:00:00+0200;7075;8089;1014;13098;11254;-1844
2016-05-30T18:00:00+0200;4565;4835;270;12301;10798;-1503
2016-05-30T19:00:00+0200;2269;2229;-40;11790;10525;-1265
2016-05-30T20:00:00+0200;640;572;-68;11646;10031;-1615
2016-05-30T21:00:00+0200;33;25;-8;11763;10225;-1538
2016-05-30T22:00:00+0200;0;0;0;11836;10122;-1714
2016-05-30T23:00:00+0200;0;0;0;11562;10289;-1273
2016-05-31T00:00:00+0200;0;0;0;9766;9488;-278
2016-05-31T01:00:00+0200;0;0;0;9133;9058;-75
2016-05-31T02:00:00+0200;0;0;0;8507;8139;-368
2016-05-31T03:00:00+0200;0;0;0;7916;7410;-506
2016-05-31T04:00:00+0200;4;1;-3;7308;6867;-441
2016-05-31T05:00:00+0200;267;242;-25;6832;6286;-546
2016-05-31T06:00:00+0200;1735;1552;-183;6141;5496;-645
2016-05-31T07:00:00+0200;4611;4310;-301;5294;4574;-720
2016-05-31T08:00:00+0200;8305;8156;-149;4713;3570;-1143
2016-05-31T09:00:00+0200;11882;11729;-153;4511;3306;-1205
2016-05-31T10:00:00+0200;14494;14163;-331;4313;3268;-1045
2016-05-31T11:00:00+0200;15984;15052;-932;4092;3140;-952
2016-05-31T12:00:00+0200;16386;15302;-1084;3923;2764;-1159
2016-05-31T13:00:00+0200;16463;15273;-1190;3753;2631;-1122
2016-05-31T14:00:00+0200;15824;14863;-961;3551;2557;-994
2016-05-31T15:00:00+0200;14307;13350;-957;3396;2865;-531
2016-05-31T16:00:00+0200;11858;11023;-835;3262;3159;-103
2016-05-31T17:00:00+0200;8839;8200;-639;3177;3800;623
2016-05-31T18:00:00+0200;5527;4983;-544;3199;4077;878
2016-05-31T19:00:00+0200;2690;2468;-222;3226;4241;1015
2016-05-31T20:00:00+0200;751;696;-55;3357;4064;707
2016-05-31T21:00:00+0200;39;43;4;3743;4278;535
2016-05-31T22:00:00+0200;0;0;0;4118;4413;295
2016-05-31T23:00:00+0200;0;0;0;4354;4760;406
2016-06-01T00:00:00+0200;0;0;0;5663;4972;-691
2016-06-01T01:00:00+0200;0;0;0;5859;5542;-317
2016-06-01T02:00:00+0200;0;0;0;6034;5412;-622
2016-06-01T03:00:00+0200;0;0;0;6112;5319;-793
2016-06-01T04:00:00+0200;1;1;0;6133;5506;-627
2016-06-01T05:00:00+0200;152;144;-8;6181;5466;-715
2016-06-01T06:00:00+0200;1047;1024;-23;6207;4840;-1367
2016-06-01T07:00:00+0200;2848;2714;-134;6200;4349;-1851
2016-06-01T08:00:00+0200;5023;4796;-227;6216;4223;-1993
2016-06-01T09:00:00+0200;7159;6928;-231;6375;4548;-1827
2016-06-01T10:00:00+0200;8934;8741;-193;6662;5391;-1271
2016-06-01T11:00:00+0200;10264;9984;-280;7147;6141;-1006
2016-06-01T12:00:00+0200;11185;10712;-473;7908;7010;-898
2016-06-01T13:00:00+0200;11438;10961;-477;8698;8250;-448
2016-06-01T14:00:00+0200;11017;10588;-429;9339;9155;-184
2016-06-01T15:00:00+0200;10009;10356;347;9846;10272;426
2016-06-01T16:00:00+0200;8548;8953;405;10106;10764;658
2016-06-01T17:00:00+0200;6571;6658;87;10227;10290;63
2016-06-01T18:00:00+0200;4253;4126;-127;10120;9812;-308
2016-06-01T19:00:00+0200;2150;1904;-246;9978;9470;-508
2016-06-01T20:00:00+0200;599;487;-112;9973;8960;-1013
2016-06-01T21:00:00+0200;32;37;5;9822;8926;-896
2016-06-01T22:00:00+0200;0;0;0;9624;8627;-997
2016-06-01T23:00:00+0200;0;0;0;9379;7972;-1407
2016-06-02T00:00:00+0200;0;0;0;7852;7429;-423
2016-06-02T01:00:00+0200;0;0;0;7286;6608;-678
2016-06-02T02:00:00+0200;0;0;0;6718;5591;-1127
2016-06-02T03:00:00+0200;0;0;0;6197;5079;-1118
2016-06-02T04:00:00+0200;5;2;-3;5693;4817;-876
2016-06-02T05:00:00+0200;237;200;-37;5162;4539;-623
2016-06-02T06:00:00+0200;1433;1173;-260;4552;4486;-66
2016-06-02T07:00:00+0200;3744;2832;-912;4011;4074;63
2016-06-02T08:00:00+0200;6564;4896;-1668;3643;3594;-49
2016-06-02T09:00:00+0200;9567;7375;-2192;3446;3737;291
2016-06-02T10:00:00+0200;12225;9850;-2375;3404;3806;402
2016-06-02T11:00:00+0200;14149;12123;-2026;3547;3804;257
2016-06-02T12:00:00+0200;15310;13778;-1532;3846;4250;404
2016-06-02T13:00:00+0200;15697;14200;-1497;4174;4698;524
2016-06-02T14:00:00+0200;15147;13461;-1686;4444;5143;699
2016-06-02T15:00:00+0200;13607;12171;-1436;4767;5738;971
2016-06-02T16:00:00+0200;11265;11200;-65;5079;5825;746
2016-06-02T17:00:00+0200;8341;8704;363;5259;5332;73
2016-06-02T18:00:00+0200;5272;5468;196;5280;4950;-330
2016-06-02T19:00:00+0200;2623;2675;52;5084;4446;-638
2016-06-02T20:00:00+0200;764;734;-30;4826;4100;-726
2016-06-02T21:00:00+0200;41;53;12;5024;4205;-819
2016-06-02T22:00:00+0200;0;0;0;5402;4207;-1195
2016-06-02T23:00:00+0200;0;0;0;5676;4099;-1577
2016-06-03T00:00:00+0200;0;0;0;5777;3924;-1853
2016-06-03T01:00:00+0200;0;0;0;5662;3919;-1743
2016-06-03T02:00:00+0200;0;0;0;5429;4064;-1365
2016-06-03T03:00:00+0200;0;0;0;5127;4114;-1013
2016-06-03T04:00:00+0200;5;2;-3;4814;3937;-877
2016-06-03T05:00:00+0200;250;228;-22;4489;3663;-826
2016-06-03T06:00:00+0200;1601;1444;-157;4018;3176;-842
2016-06-03T07:00:00+0200;4194;3838;-356;3511;2344;-1167
2016-06-03T08:00:00+0200;7263;6819;-444;3256;1706;-1550
2016-06-03T09:00:00+0200;10362;10228;-134;3317;1928;-1389
2016-06-03T10:00:00+0200;12985;13003;18;3570;3028;-542
2016-06-03T11:00:00+0200;14779;15014;235;4008;4149;141
2016-06-03T12:00:00+0200;15747;16386;639;4527;4907;380
2016-06-03T13:00:00+0200;15844;16437;593;4985;5236;251
2016-06-03T14:00:00+0200;15035;15611;576;5234;5702;468
2016-06-03T15:00:00+0200;13545;14251;706;5435;6460;1025
2016-06-03T16:00:00+0200;11347;11861;514;5709;6318;609
2016-06-03T17:00:00+0200;8395;9016;621;5695;6382;687
2016-06-03T18:00:00+0200;5163;5549;386;5266;5913;647
2016-06-03T19:00:00+0200;2487;2718;231;4819;4959;140
2016-06-03T20:00:00+0200;738;762;24;4521;4129;-392
2016-06-03T21:00:00+0200;48;46;-2;4738;4443;-295
2016-06-03T22:00:00+0200;0;0;0;5050;4396;-654
2016-06-03T23:00:00+0200;0;0;0;5187;4234;-953
2016-06-04T00:00:00+0200;0;0;0;5081;3752;-1329
2016-06-04T01:00:00+0200;0;0;0;4748;3386;-1362
2016-06-04T02:00:00+0200;0;0;0;4436;3175;-1261
2016-06-04T03:00:00+0200;0;0;0;4080;2806;-1274
2016-06-04T04:00:00+0200;6;3;-3;3672;2547;-1125
2016-06-04T05:00:00+0200;305;300;-5;3158;2225;-933
2016-06-04T06:00:00+0200;1742;1733;-9;2478;1851;-627
2016-06-04T07:00:00+0200;4732;4692;-40;1682;1141;-541
2016-06-04T08:00:00+0200;8564;8480;-84;1071;570;-501
2016-06-04T09:00:00+0200;12413;12736;323;927;509;-418
2016-06-04T10:00:00+0200;15561;16574;1013;1024;747;-277
2016-06-04T11:00:00+0200;17523;18794;1271;1241;1169;-72
2016-06-04T12:00:00+0200;18424;19918;1494;1537;1541;4
2016-06-04T13:00:00+0200;18580;19704;1124;1848;1708;-140
2016-06-04T14:00:00+0200;17688;18826;1138;2171;2013;-158
2016-06-04T15:00:00+0200;15693;16881;1188;2532;2430;-102
2016-06-04T16:00:00+0200;12985;14079;1094;2873;2978;105
2016-06-04T17:00:00+0200;9605;10295;690;3177;3328;151
2016-06-04T18:00:00+0200;5977;6364;387;3471;3348;-123
2016-06-04T19:00:00+0200;2927;3086;159;3621;3416;-205
2016-06-04T20:00:00+0200;847;897;50;3544;2854;-690
2016-06-04T21:00:00+0200;53;60;7;3630;2888;-742
2016-06-04T22:00:00+0200;0;0;0;3734;3108;-626
2016-06-04T23:00:00+0200;0;0;0;3627;3064;-563
2016-06-05T00:00:00+0200;0;0;0;2974;2608;-366
2016-06-05T01:00:00+0200;0;0;0;2543;2224;-319
2016-06-05T02:00:00+0200;0;0;0;2160;1914;-246
2016-06-05T03:00:00+0200;0;0;0;1894;1589;-305
2016-06-05T04:00:00+0200;6;3;-3;1651;1368;-283
2016-06-05T05:00:00+0200;318;318;0;1434;1242;-192
2016-06-05T06:00:00+0200;1800;1764;-36;1184;1137;-47
2016-06-05T07:00:00+0200;4972;4653;-319;889;872;-17
2016-06-05T08:00:00+0200;9029;8148;-881;632;604;-28
2016-06-05T09:00:00+0200;13133;11892;-1241;525;605;80
2016-06-05T10:00:00+0200;16503;15441;-1062;535;718;183
2016-06-05T11:00:00+0200;18786;18225;-561;618;894;276
2016-06-05T12:00:00+0200;19993;20234;241;764;1144;380
2016-06-05T13:00:00+0200;20044;20901;857;954;1478;524
2016-06-05T14:00:00+0200;18761;20130;1369;1201;1814;613
2016-06-05T15:00:00+0200;16470;17920;1450;1551;2452;901
2016-06-05T16:00:00+0200;13604;15126;1522;1934;3077;1143
2016-06-05T17:00:00+0200;9973;11061;1088;2318;3559;1241
2016-06-05T18:00:00+0200;6104;6590;486;2603;3525;922
2016-06-05T19:00:00+0200;2876;3165;289;2836;3330;494
2016-06-05T20:00:00+0200;863;994;131;2762;3349;587
2016-06-05T21:00:00+0200;60;72;12;2880;3646;766
2016-06-05T22:00:00+0200;0;0;0;3137;3784;647
2016-06-05T23:00:00+0200;0;0;0;3244;3281;37
2016-06-06T00:00:00+0200;0;0;0;3112;2884;-228
2016-06-06T01:00:00+0200;0;0;0;2954;2764;-190
2016-06-06T02:00:00+0200;0;0;0;2935;2657;-278
2016-06-06T03:00:00+0200;0;0;0;3000;2495;-505
2016-06-06T04:00:00+0200;6;3;-3;3066;2690;-376
2016-06-06T05:00:00+0200;359;354;-5;3014;2780;-234
2016-06-06T06:00:00+0200;2005;1932;-73;2677;2558;-119
2016-06-06T07:00:00+0200;5782;5612;-170;2209;1781;-428
2016-06-06T08:00:00+0200;10951;10620;-331;1895;1366;-529
2016-06-06T09:00:00+0200;16216;15891;-325;1757;1035;-722
2016-06-06T10:00:00+0200;20479;20674;195;1716;936;-780
2016-06-06T11:00:00+0200;23223;23960;737;1777;1174;-603
2016-06-06T12:00:00+0200;24518;25468;950;1902;1517;-385
2016-06-06T13:00:00+0200;24354;25389;1035;2043;1785;-258
2016-06-06T14:00:00+0200;22776;23967;1191;2195;1946;-249
2016-06-06T15:00:00+0200;20042;20985;943;2410;2355;-55
2016-06-06T16:00:00+0200;16407;17340;933;2677;2871;194
2016-06-06T17:00:00+0200;11826;12581;755;3067;3180;113
2016-06-06T18:00:00+0200;6926;7677;751;3599;3598;-1
2016-06-06T19:00:00+0200;3070;3657;587;4138;3800;-338
2016-06-06T20:00:00+0200;972;1168;196;4502;3762;-740
2016-06-06T21:00:00+0200;67;69;2;5068;4434;-634
2016-06-06T22:00:00+0200;0;0;0;5645;5331;-314
2016-06-06T23:00:00+0200;0;0;0;5902;5519;-383
2016-06-07T00:00:00+0200;0;0;0;5594;5262;-332
2016-06-07T01:00:00+0200;0;0;0;5209;4730;-479
2016-06-07T02:00:00+0200;0;0;0;4774;4051;-723
2016-06-07T03:00:00+0200;0;0;0;4394;3544;-850
2016-06-07T04:00:00+0200;6;4;-2;4029;3103;-926
2016-06-07T05:00:00+0200;379;386;7;3568;2738;-830
2016-06-07T06:00:00+0200;1985;2062;77;2850;2232;-618
2016-06-07T07:00:00+0200;5925;6152;227;1951;1220;-731
2016-06-07T08:00:00+0200;11336;11657;321;1256;474;-782
2016-06-07T09:00:00+0200;16699;16908;209;956;246;-710
2016-06-07T10:00:00+0200;20972;21267;295;827;270;-557
2016-06-07T11:00:00+0200;23661;24148;487;757;422;-335
2016-06-07T12:00:00+0200;24846;25522;676;712;606;-106
2016-06-07T13:00:00+0200;24635;25261;626;655;772;117
2016-06-07T14:00:00+0200;23182;23341;159;652;956;304
2016-06-07T15:00:00+0200;20516;20241;-275;747;1244;497
2016-06-07T16:00:00+0200;16742;16041;-701;865;1726;861
2016-06-07T17:00:00+0200;11991;11286;-705;993;2059;1066
2016-06-07T18:00:00+0200;6933;6743;-190;1119;2076;957
2016-06-07T19:00:00+0200;2965;3004;39;1248;2168;920
2016-06-07T20:00:00+0200;964;842;-122;1534;1970;436
2016-06-07T21:00:00+0200;72;62;-10;1965;2454;489
2016-06-07T22:00:00+0200;0;0;0;2396;3046;650
2016-06-07T23:00:00+0200;0;0;0;2692;3601;909
2016-06-08T00:00:00+0200;0;0;0;3226;3747;521
2016-06-08T01:00:00+0200;0;0;0;3426;3814;388
2016-06-08T02:00:00+0200;0;0;0;3568;3908;340
2016-06-08T03:00:00+0200;0;0;0;3608;4038;430
2016-06-08T04:00:00+0200;7;4;-3;3620;4530;910
2016-06-08T05:00:00+0200;345;335;-10;3519;4465;946
2016-06-08T06:00:00+0200;1806;1838;32;3301;4028;727
2016-06-08T07:00:00+0200;4954;4628;-326;3075;3832;757
2016-06-08T08:00:00+0200;8840;7851;-989;3021;3420;399
2016-06-08T09:00:00+0200;12694;11260;-1434;3281;3675;394
2016-06-08T10:00:00+0200;15861;14509;-1352;3783;4316;533
2016-06-08T11:00:00+0200;18176;16657;-1519;4481;5231;750
2016-06-08T12:00:00+0200;19546;17973;-1573;5417;6042;625
2016-06-08T13:00:00+0200;19731;18585;-1146;6475;7180;705
2016-06-08T14:00:00+0200;18736;17964;-772;7542;8371;829
2016-06-08T15:00:00+0200;16593;16098;-495;8551;9445;894
2016-06-08T16:00:00+0200;13689;13339;-350;9353;10300;947
2016-06-08T17:00:00+0200;9936;9641;-295;9775;11170;1395
2016-06-08T18:00:00+0200;6034;5755;-279;9701;11254;1553
2016-06-08T19:00:00+0200;2803;2770;-33;9411;10750;1339
2016-06-08T20:00:00+0200;870;896;26;9034;9704;670
2016-06-08T21:00:00+0200;76;84;8;8942;8933;-9
2016-06-08T22:00:00+0200;0;0;0;9051;8501;-550
2016-06-08T23:00:00+0200;0;0;0;9018;7578;-1440
2016-06-09T00:00:00+0200;0;0;0;7808;6638;-1170
2016-06-09T01:00:00+0200;0;0;0;7350;5422;-1928
2016-06-09T02:00:00+0200;0;0;0;6824;4714;-2110
2016-06-09T03:00:00+0200;0;0;0;6276;4202;-2074
2016-06-09T04:00:00+0200;5;2;-3;5700;3895;-1805
2016-06-09T05:00:00+0200;256;249;-7;5122;3652;-1470
2016-06-09T06:00:00+0200;1455;1436;-19;4432;3312;-1120
2016-06-09T07:00:00+0200;3677;3490;-187;3667;2608;-1059
2016-06-09T08:00:00+0200;6404;6138;-266;2937;2031;-906
2016-06-09T09:00:00+0200;9331;8811;-520;2600;1712;-888
2016-06-09T10:00:00+0200;12262;11842;-420;2513;1676;-837
2016-06-09T11:00:00+0200;14846;14738;-108;2504;1793;-711
2016-06-09T12:00:00+0200;16762;16717;-45;2600;2107;-493
2016-06-09T13:00:00+0200;17893;17662;-231;2965;2771;-194
2016-06-09T14:00:00+0200;18060;17501;-559;3656;3621;-35
2016-06-09T15:00:00+0200;16963;16810;-153;4579;3898;-681
2016-06-09T16:00:00+0200;14598;15037;439;5457;4671;-786
2016-06-09T17:00:00+0200;11068;11868;800;6004;5332;-672
2016-06-09T18:00:00+0200;6941;7763;822;6239;5794;-445
2016-06-09T19:00:00+0200;3206;3833;627;6266;5741;-525
2016-06-09T20:00:00+0200;995;1240;245;6165;5360;-805
2016-06-09T21:00:00+0200;87;100;13;6041;5502;-539
2016-06-09T22:00:00+0200;0;0;0;6037;5922;-115
2016-06-09T23:00:00+0200;0;0;0;6176;6701;525
2016-06-10T00:00:00+0200;0;0;0;7227;6849;-378
2016-06-10T01:00:00+0200;0;0;0;7718;6884;-834
2016-06-10T02:00:00+0200;0;0;0;8339;7027;-1312
2016-06-10T03:00:00+0200;0;0;0;8883;7284;-1599
2016-06-10T04:00:00+0200;7;4;-3;9315;7421;-1894
2016-06-10T05:00:00+0200;360;352;-8;9648;7491;-2157
2016-06-10T06:00:00+0200;2050;2062;12;10001;7348;-2653
2016-06-10T07:00:00+0200;5711;5709;-2;10434;7376;-3058
2016-06-10T08:00:00+0200;10669;10741;72;10637;7458;-3179
2016-06-10T09:00:00+0200;15729;16228;499;10630;7372;-3258
2016-06-10T10:00:00+0200;19813;20808;995;10691;7068;-3623
2016-06-10T11:00:00+0200;22531;23633;1102;10787;7026;-3761
2016-06-10T12:00:00+0200;23922;25260;1338;10930;6908;-4022
2016-06-10T13:00:00+0200;23994;25412;1418;11083;6987;-4096
2016-06-10T14:00:00+0200;22677;24322;1645;11145;7203;-3942
2016-06-10T15:00:00+0200;20159;21913;1754;11179;7459;-3720
2016-06-10T16:00:00+0200;16631;17940;1309;10886;7297;-3589
2016-06-10T17:00:00+0200;12130;13150;1020;10242;6534;-3708
2016-06-10T18:00:00+0200;7267;8152;885;9163;5732;-3431
2016-06-10T19:00:00+0200;3275;3879;604;7951;4458;-3493
2016-06-10T20:00:00+0200;1032;1195;163;6963;3295;-3668
2016-06-10T21:00:00+0200;79;84;5;6245;2878;-3367
2016-06-10T22:00:00+0200;0;0;0;5590;2914;-2676
2016-06-10T23:00:00+0200;0;0;0;4965;2737;-2228
2016-06-11T00:00:00+0200;0;0;0;2794;2338;-456
2016-06-11T01:00:00+0200;0;0;0;2427;1977;-450
2016-06-11T02:00:00+0200;0;0;0;2123;1817;-306
2016-06-11T03:00:00+0200;0;0;0;1897;1856;-41
2016-06-11T04:00:00+0200;7;4;-3;1706;1985;279
2016-06-11T05:00:00+0200;295;276;-19;1531;2042;511
2016-06-11T06:00:00+0200;1658;1629;-29;1325;1913;588
2016-06-11T07:00:00+0200;4221;3914;-307;1074;1348;274
2016-06-11T08:00:00+0200;7150;6513;-637;851;1162;311
2016-06-11T09:00:00+0200;9894;9416;-478;713;1042;329
2016-06-11T10:00:00+0200;12043;11994;-49;629;764;135
2016-06-11T11:00:00+0200;13476;13733;257;571;582;11
2016-06-11T12:00:00+0200;14229;14552;323;552;564;12
2016-06-11T13:00:00+0200;14106;14952;846;547;596;49
2016-06-11T14:00:00+0200;13373;14800;1427;590;661;71
2016-06-11T15:00:00+0200;12044;13548;1504;733;789;56
2016-06-11T16:00:00+0200;10128;11603;1475;922;936;14
2016-06-11T17:00:00+0200;7643;8636;993;1149;1218;69
2016-06-11T18:00:00+0200;4898;5600;702;1420;1672;252
2016-06-11T19:00:00+0200;2401;2709;308;1810;2119;309
2016-06-11T20:00:00+0200;767;829;62;2261;2392;131
2016-06-11T21:00:00+0200;67;66;-1;2736;2677;-59
2016-06-11T22:00:00+0200;0;0;0;3207;3588;381
2016-06-11T23:00:00+0200;0;0;0;3439;4045;606
2016-06-12T00:00:00+0200;0;0;0;4601;4022;-579
2016-06-12T01:00:00+0200;0;0;0;4571;4063;-508
2016-06-12T02:00:00+0200;0;0;0;4406;3867;-539
2016-06-12T03:00:00+0200;0;0;0;4114;3728;-386
2016-06-12T04:00:00+0200;7;3;-4;3826;3380;-446
2016-06-12T05:00:00+0200;254;249;-5;3508;3074;-434
2016-06-12T06:00:00+0200;1347;1462;115;3078;2700;-378
2016-06-12T07:00:00+0200;3200;3424;224;2619;2294;-325
2016-06-12T08:00:00+0200;5196;5806;610;2350;2094;-256
2016-06-12T09:00:00+0200;7166;8478;1312;2232;2240;8
2016-06-12T10:00:00+0200;9015;10971;1956;2171;2460;289
2016-06-12T11:00:00+0200;10550;12931;2381;2178;2686;508
2016-06-12T12:00:00+0200;11744;14353;2609;2264;2982;718
2016-06-12T13:00:00+0200;12292;14576;2284;2392;3335;943
2016-06-12T14:00:00+0200;12076;13624;1548;2509;3586;1077
2016-06-12T15:00:00+0200;11036;11686;650;2667;3701;1034
2016-06-12T16:00:00+0200;9147;9021;-126;2852;3547;695
2016-06-12T17:00:00+0200;6878;6613;-265;3104;3751;647
2016-06-12T18:00:00+0200;4458;4316;-142;3446;3916;470
2016-06-12T19:00:00+0200;2291;2232;-59;3875;3881;6
2016-06-12T20:00:00+0200;698;581;-117;4367;4013;-354
2016-06-12T21:00:00+0200;51;37;-14;4874;4185;-689
2016-06-12T22:00:00+0200;0;0;0;5258;4821;-437
2016-06-12T23:00:00+0200;0;0;0;5463;5003;-460
2016-06-13T00:00:00+0200;0;0;0;5255;5055;-200
2016-06-13T01:00:00+0200;0;0;0;5241;4764;-477
2016-06-13T02:00:00+0200;0;0;0;5127;4471;-656
2016-06-13T03:00:00+0200;0;0;0;4903;4312;-591
2016-06-13T04:00:00+0200;3;2;-1;4710;4197;-513
2016-06-13T05:00:00+0200;170;186;16;4551;4354;-197
2016-06-13T06:00:00+0200;1030;1107;77;4380;4174;-206
2016-06-13T07:00:00+0200;2580;2573;-7;4152;3791;-361
2016-06-13T08:00:00+0200;4288;4477;189;3916;3468;-448
2016-06-13T09:00:00+0200;6056;6794;738;3697;3752;55
2016-06-13T10:00:00+0200;7792;9366;1574;3559;3819;260
2016-06-13T11:00:00+0200;9397;12024;2627;3557;3826;269
2016-06-13T12:00:00+0200;10656;14138;3482;3743;4059;316
2016-06-13T13:00:00+0200;11434;14885;3451;3966;4256;290
2016-06-13T14:00:00+0200;11747;13887;2140;4196;4680;484
2016-06-13T15:00:00+0200;10956;11996;1040;4460;4953;493
2016-06-13T16:00:00+0200;9102;9153;51;4695;4877;182
2016-06-13T17:00:00+0200;6841;7282;441;4792;5028;236
2016-06-13T18:00:00+0200;4477;5159;682;4838;5179;341
2016-06-13T19:00:00+0200;2309;2629;320;4832;5111;279
2016-06-13T20:00:00+0200;711;732;21;4666;4852;186
2016-06-13T21:00:00+0200;59;52;-7;4687;4650;-37
2016-06-13T22:00:00+0200;0;0;0;4772;4647;-125
2016-06-13T23:00:00+0200;0;0;0;4782;4420;-362
2016-06-14T00:00:00+0200;0;0;0;5041;4468;-573
2016-06-14T01:00:00+0200;0;0;0;4994;4303;-691
2016-06-14T02:00:00+0200;0;0;0;4868;4053;-815
2016-06-14T03:00:00+0200;0;0;0;4664;3808;-856
2016-06-14T04:00:00+0200;5;2;-3;4462;3518;-944
2016-06-14T05:00:00+0200;230;222;-8;4256;3390;-866
2016-06-14T06:00:00+0200;1272;1393;121;4000;3163;-837
2016-06-14T07:00:00+0200;3047;3281;234;3763;2943;-820
2016-06-14T08:00:00+0200;5110;5829;719;3514;2700;-814
2016-06-14T09:00:00+0200;7347;8935;1588;3202;2529;-673
2016-06-14T10:00:00+0200;9823;11851;2028;2927;2397;-530
2016-06-14T11:00:00+0200;12221;14004;1783;2746;2364;-382
2016-06-14T12:00:00+0200;14186;15114;928;2712;2494;-218
2016-06-14T13:00:00+0200;15205;16073;868;2744;2664;-80
2016-06-14T14:00:00+0200;15181;15744;563;2782;2713;-69
2016-06-14T15:00:00+0200;13808;13720;-88;2714;3020;306
2016-06-14T16:00:00+0200;11369;11278;-91;2565;2830;265
2016-06-14T17:00:00+0200;8504;8376;-128;2324;2706;382
2016-06-14T18:00:00+0200;5426;5358;-68;1940;2284;344
2016-06-14T19:00:00+0200;2781;2842;61;1615;2176;561
2016-06-14T20:00:00+0200;900;906;6;1573;1908;335
2016-06-14T21:00:00+0200;76;76;0;1875;1983;108
2016-06-14T22:00:00+0200;0;0;0;2299;2279;-20
2016-06-14T23:00:00+0200;0;0;0;2676;2668;-8
2016-06-15T00:00:00+0200;0;0;0;2839;2995;156
2016-06-15T01:00:00+0200;0;0;0;2915;2974;59
2016-06-15T02:00:00+0200;0;0;0;2829;2964;135
2016-06-15T03:00:00+0200;0;0;0;2557;2762;205
2016-06-15T04:00:00+0200;5;3;-2;2280;2489;209
2016-06-15T05:00:00+0200;254;228;-26;2001;2253;252
2016-06-15T06:00:00+0200;1452;1461;9;1716;1944;228
2016-06-15T07:00:00+0200;3544;3727;183;1470;1295;-175
2016-06-15T08:00:00+0200;6113;6543;430;1325;897;-428
2016-06-15T09:00:00+0200;8995;9676;681;1308;914;-394
2016-06-15T10:00:00+0200;11768;12342;574;1337;988;-349
2016-06-15T11:00:00+0200;14010;14159;149;1407;1314;-93
2016-06-15T12:00:00+0200;15487;14574;-913;1584;1798;214
2016-06-15T13:00:00+0200;15974;14920;-1054;1783;2206;423
2016-06-15T14:00:00+0200;15439;15284;-155;1972;2558;586
2016-06-15T15:00:00+0200;13903;14876;973;2131;2916;785
2016-06-15T16:00:00+0200;11721;13119;1398;2179;3022;843
2016-06-15T17:00:00+0200;8956;10283;1327;2099;3144;1045
2016-06-15T18:00:00+0200;5783;6463;680;1895;2847;952
2016-06-15T19:00:00+0200;2948;3289;341;1654;2317;663
2016-06-15T20:00:00+0200;972;1096;124;1524;1836;312
2016-06-15T21:00:00+0200;76;90;14;1778;1636;-142
2016-06-15T22:00:00+0200;0;0;0;2237;1856;-381
2016-06-15T23:00:00+0200;0;0;0;2688;2521;-167
2016-06-16T00:00:00+0200;0;0;0;3160;2912;-248
2016-06-16T01:00:00+0200;0;0;0;3456;3036;-420
2016-06-16T02:00:00+0200;0;0;0;3609;3104;-505
2016-06-16T03:00:00+0200;0;0;0;3516;3168;-348
2016-06-16T04:00:00+0200;7;5;-2;3265;3105;-160
2016-06-16T05:00:00+0200;330;339;9;2823;2817;-6
2016-06-16T06:00:00+0200;1828;1841;13;2211;2302;91
2016-06-16T07:00:00+0200;4927;4999;72;1556;1155;-401
2016-06-16T08:00:00+0200;8929;8774;-155;1124;590;-534
2016-06-16T09:00:00+0200;12978;11960;-1018;957;419;-538
2016-06-16T10:00:00+0200;16226;14598;-1628;913;598;-315
2016-06-16T11:00:00+0200;18143;16319;-1824;961;736;-225
2016-06-16T12:00:00+0200;18864;16198;-2666;1039;738;-301
2016-06-16T13:00:00+0200;18567;14895;-3672;1093;701;-392
2016-06-16T14:00:00+0200;17242;12950;-4292;1070;690;-380
2016-06-16T15:00:00+0200;14986;10966;-4020;977;718;-259
2016-06-16T16:00:00+0200;11815;8592;-3223;853;694;-159
2016-06-16T17:00:00+0200;8242;6652;-1590;851;921;70
2016-06-16T18:00:00+0200;5023;4286;-737;1034;1083;49
2016-06-16T19:00:00+0200;2600;2157;-443;1367;972;-395
2016-06-16T20:00:00+0200;855;629;-226;1970;972;-998
2016-06-16T21:00:00+0200;73;71;-2;2815;928;-1887
2016-06-16T22:00:00+0200;0;0;0;3743;868;-2875
2016-06-16T23:00:00+0200;0;0;0;4502;952;-3550
2016-06-17T00:00:00+0200;0;0;0;3245;1226;-2019
2016-06-17T01:00:00+0200;0;0;0;3593;1606;-1987
2016-06-17T02:00:00+0200;0;0;0;3939;1992;-1947
2016-06-17T03:00:00+0200;0;0;0;4190;2484;-1706
2016-06-17T04:00:00+0200;1;2;1;4459;2816;-1643
2016-06-17T05:00:00+0200;129;130;1;4788;3308;-1480
2016-06-17T06:00:00+0200;845;899;54;5176;3913;-1263
2016-06-17T07:00:00+0200;2210;2284;74;5551;4043;-1508
2016-06-17T08:00:00+0200;3939;3787;-152;5989;4596;-1393
2016-06-17T09:00:00+0200;5926;5703;-223;6754;5152;-1602
2016-06-17T10:00:00+0200;8196;7863;-333;7697;5903;-1794
2016-06-17T11:00:00+0200;10626;9765;-861;8485;6810;-1675
2016-06-17T12:00:00+0200;12783;12211;-572;9057;7632;-1425
2016-06-17T13:00:00+0200;14136;13702;-434;9501;8110;-1391
2016-06-17T14:00:00+0200;14518;14487;-31;9637;9093;-544
2016-06-17T15:00:00+0200;13656;13642;-14;9543;9249;-294
2016-06-17T16:00:00+0200;11615;11884;269;9431;9138;-293
2016-06-17T17:00:00+0200;8775;9698;923;9038;9211;173
2016-06-17T18:00:00+0200;5664;6957;1293;8267;8854;587
2016-06-17T19:00:00+0200;2934;3610;676;7385;8321;936
2016-06-17T20:00:00+0200;994;1159;165;6760;7924;1164
2016-06-17T21:00:00+0200;83;99;16;6848;7930;1082
2016-06-17T22:00:00+0200;0;0;0;7148;8368;1220
2016-06-17T23:00:00+0200;0;0;0;7463;8754;1291
2016-06-18T00:00:00+0200;0;0;0;7893;8756;863
2016-06-18T01:00:00+0200;0;0;0;7745;8812;1067
2016-06-18T02:00:00+0200;0;0;0;7478;8712;1234
2016-06-18T03:00:00+0200;0;0;0;7146;8331;1185
2016-06-18T04:00:00+0200;7;5;-2;6734;8149;1415
2016-06-18T05:00:00+0200;377;353;-24;6189;7738;1549
2016-06-18T06:00:00+0200;2039;1973;-66;5594;6799;1205
2016-06-18T07:00:00+0200;5325;5190;-135;5132;5916;784
2016-06-18T08:00:00+0200;9416;9287;-129;5026;5639;613
2016-06-18T09:00:00+0200;13390;13260;-130;5172;6078;906
2016-06-18T10:00:00+0200;16434;16082;-352;5398;6466;1068
2016-06-18T11:00:00+0200;18367;17514;-853;5590;7028;1438
2016-06-18T12:00:00+0200;19456;18162;-1294;5666;7201;1535
2016-06-18T13:00:00+0200;19322;17975;-1347;5673;6969;1296
2016-06-18T14:00:00+0200;18023;17110;-913;5550;6466;916
2016-06-18T15:00:00+0200;15710;15310;-400;5308;6055;747
2016-06-18T16:00:00+0200;12769;13090;321;4963;5417;454
2016-06-18T17:00:00+0200;9399;9944;545;4488;4792;304
2016-06-18T18:00:00+0200;6023;6802;779;4023;4344;321
2016-06-18T19:00:00+0200;3144;3565;421;3654;3676;22
2016-06-18T20:00:00+0200;1087;1159;72;3518;3333;-185
2016-06-18T21:00:00+0200;94;104;10;3665;3374;-291
2016-06-18T22:00:00+0200;0;0;0;3935;3924;-11
2016-06-18T23:00:00+0200;0;0;0;4236;4496;260
2016-06-19T00:00:00+0200;0;0;0;4490;5131;641
2016-06-19T01:00:00+0200;0;0;0;4856;5430;574
2016-06-19T02:00:00+0200;0;0;0;5005;5250;245
2016-06-19T03:00:00+0200;0;0;0;4921;5162;241
2016-06-19T04:00:00+0200;6;4;-2;4745;4957;212
2016-06-19T05:00:00+0200;295;278;-17;4531;4891;360
2016-06-19T06:00:00+0200;1622;1570;-52;4349;4542;193
2016-06-19T07:00:00+0200;3864;3983;119;4110;3955;-155
2016-06-19T08:00:00+0200;6488;6811;323;3999;3663;-336
2016-06-19T09:00:00+0200;9198;9469;271;3943;3742;-201
2016-06-19T10:00:00+0200;11687;11592;-95;3919;3844;-75
2016-06-19T11:00:00+0200;13755;12774;-981;4030;3640;-390
2016-06-19T12:00:00+0200;15243;13536;-1707;4320;3851;-469
2016-06-19T13:00:00+0200;16016;14604;-1412;4637;4035;-602
2016-06-19T14:00:00+0200;15777;15082;-695;4793;4332;-461
2016-06-19T15:00:00+0200;14661;14432;-229;4867;4228;-639
2016-06-19T16:00:00+0200;12620;12696;76;4904;4051;-853
2016-06-19T17:00:00+0200;9758;9999;241;4675;3495;-1180
2016-06-19T18:00:00+0200;6420;6741;321;4076;3093;-983
2016-06-19T19:00:00+0200;3407;3622;215;3427;2796;-631
2016-06-19T20:00:00+0200;1185;1229;44;2809;2170;-639
2016-06-19T21:00:00+0200;105;116;11;2491;1862;-629
2016-06-19T22:00:00+0200;0;0;0;2345;1953;-392
2016-06-19T23:00:00+0200;0;0;0;2305;2140;-165
2016-06-20T00:00:00+0200;0;0;0;2199;2487;288
2016-06-20T01:00:00+0200;0;0;0;2664;3210;546
2016-06-20T02:00:00+0200;0;0;0;3269;4589;1320
2016-06-20T03:00:00+0200;0;0;0;4039;6012;1973
2016-06-20T04:00:00+0200;8;5;-3;4865;7128;2263
2016-06-20T05:00:00+0200;382;363;-19;5531;7604;2073
2016-06-20T06:00:00+0200;2094;1962;-132;5842;7503;1661
2016-06-20T07:00:00+0200;5775;5731;-44;5957;6896;939
2016-06-20T08:00:00+0200;10618;11000;382;6182;6729;547
2016-06-20T09:00:00+0200;15213;16074;861;6848;7923;1075
2016-06-20T10:00:00+0200;18059;19011;952;7707;9060;1353
2016-06-20T11:00:00+0200;19248;20184;936;8498;9656;1158
2016-06-20T12:00:00+0200;19336;20658;1322;9121;9932;811
2016-06-20T13:00:00+0200;18831;20724;1893;9674;10456;782
2016-06-20T14:00:00+0200;17510;19561;2051;10076;10557;481
2016-06-20T15:00:00+0200;15427;17071;1644;10423;10738;315
2016-06-20T16:00:00+0200;12613;13935;1322;10590;10788;198
2016-06-20T17:00:00+0200;9149;10170;1021;10491;10880;389
2016-06-20T18:00:00+0200;5597;5830;233;10320;10836;516
2016-06-20T19:00:00+0200;2705;2512;-193;10192;10950;758
2016-06-20T20:00:00+0200;895;662;-233;10334;10978;644
2016-06-20T21:00:00+0200;65;39;-26;10360;11358;998
2016-06-20T22:00:00+0200;0;0;0;10302;11889;1587
2016-06-20T23:00:00+0200;0;0;0;10054;11647;1593
2016-06-21T00:00:00+0200;0;0;0;10039;11206;1167
2016-06-21T01:00:00+0200;0;0;0;9218;10296;1078
2016-06-21T02:00:00+0200;0;0;0;8262;9378;1116
2016-06-21T03:00:00+0200;0;0;0;7223;8753;1530
2016-06-21T04:00:00+0200;1;2;1;6307;8074;1767
2016-06-21T05:00:00+0200;113;129;16;5622;7145;1523
2016-06-21T06:00:00+0200;630;907;277;5055;6198;1143
2016-06-21T07:00:00+0200;1607;2513;906;4519;5135;616
2016-06-21T08:00:00+0200;2830;4764;1934;4025;4672;647
2016-06-21T09:00:00+0200;4257;7299;3042;3553;4408;855
2016-06-21T10:00:00+0200;5955;10188;4233;3191;4388;1197
2016-06-21T11:00:00+0200;7659;12465;4806;2953;4349;1396
2016-06-21T12:00:00+0200;9159;13951;4792;2764;4038;1274
2016-06-21T13:00:00+0200;10280;14669;4389;2593;3761;1168
2016-06-21T14:00:00+0200;10922;15485;4563;2397;3183;786
2016-06-21T15:00:00+0200;10714;14840;4126;2195;2679;484
2016-06-21T16:00:00+0200;9571;12798;3227;1954;2115;161
2016-06-21T17:00:00+0200;7713;10155;2442;1696;1834;138
2016-06-21T18:00:00+0200;5312;6596;1284;1443;1508;65
2016-06-21T19:00:00+0200;2914;3288;374;1202;1168;-34
2016-06-21T20:00:00+0200;985;1040;55;1165;1162;-3
2016-06-21T21:00:00+0200;88;88;0;1566;1415;-151
2016-06-21T22:00:00+0200;0;0;0;2167;1710;-457
2016-06-21T23:00:00+0200;0;0;0;2836;2299;-537
2016-06-22T00:00:00+0200;0;0;0;2525;2824;299
2016-06-22T01:00:00+0200;0;0;0;2846;3379;533
2016-06-22T02:00:00+0200;0;0;0;3055;3426;371
2016-06-22T03:00:00+0200;0;0;0;3033;3472;439
2016-06-22T04:00:00+0200;4;4;0;2880;3435;555
2016-06-22T05:00:00+0200;260;254;-6;2588;3167;579
2016-06-22T06:00:00+0200;1595;1580;-15;2215;2960;745
2016-06-22T07:00:00+0200;4036;4336;300;1695;2546;851
2016-06-22T08:00:00+0200;7285;8228;943;1315;1989;674
2016-06-22T09:00:00+0200;10893;12638;1745;1356;2203;847
2016-06-22T10:00:00+0200;14026;16653;2627;1457;2422;965
2016-06-22T11:00:00+0200;16457;19186;2729;1617;2857;1240
2016-06-22T12:00:00+0200;17924;20158;2234;1778;3274;1496
2016-06-22T13:00:00+0200;18433;20657;2224;1856;3082;1226
2016-06-22T14:00:00+0200;18152;20357;2205;1768;2749;981
2016-06-22T15:00:00+0200;16891;18740;1849;1605;2371;766
2016-06-22T16:00:00+0200;14676;16407;1731;1332;1849;517
2016-06-22T17:00:00+0200;11351;12741;1390;1072;1326;254
2016-06-22T18:00:00+0200;7289;8248;959;838;745;-93
2016-06-22T19:00:00+0200;3580;4057;477;672;409;-263
2016-06-22T20:00:00+0200;1232;1282;50;766;327;-439
2016-06-22T21:00:00+0200;114;109;-5;1264;464;-800
2016-06-22T22:00:00+0200;0;0;0;1987;920;-1067
2016-06-22T23:00:00+0200;0;0;0;2831;1728;-1103
2016-06-23T00:00:00+0200;0;0;0;3121;2889;-232
2016-06-23T01:00:00+0200;0;0;0;4019;4046;27
2016-06-23T02:00:00+0200;0;0;0;4803;5099;296
2016-06-23T03:00:00+0200;0;0;0;5408;6137;729
2016-06-23T04:00:00+0200;7;4;-3;5871;6750;879
2016-06-23T05:00:00+0200;366;378;12;6001;7312;1311
2016-06-23T06:00:00+0200;2083;2075;-8;5753;7210;1457
2016-06-23T07:00:00+0200;6009;6141;132;5085;5956;871
2016-06-23T08:00:00+0200;11398;11640;242;4254;3970;-284
2016-06-23T09:00:00+0200;16770;17208;438;4082;3515;-567
2016-06-23T10:00:00+0200;21157;21720;563;4165;4308;143
2016-06-23T11:00:00+0200;24158;24675;517;4405;4918;513
2016-06-23T12:00:00+0200;25726;25972;246;4817;5325;508
2016-06-23T13:00:00+0200;25911;26011;100;5164;5498;334
2016-06-23T14:00:00+0200;24877;24540;-337;5366;5612;246
2016-06-23T15:00:00+0200;22486;22335;-151;5540;5306;-234
2016-06-23T16:00:00+0200;18585;18882;297;5391;5204;-187
2016-06-23T17:00:00+0200;13487;14170;683;5060;5147;87
2016-06-23T18:00:00+0200;7830;8676;846;4824;5233;409
2016-06-23T19:00:00+0200;3403;3869;466;4739;5447;708
2016-06-23T20:00:00+0200;1091;1285;194;5146;5920;774
2016-06-23T21:00:00+0200;114;133;19;6578;7596;1018
2016-06-23T22:00:00+0200;0;0;0;8089;9414;1325
2016-06-23T23:00:00+0200;0;0;0;8789;9832;1043
2016-06-24T00:00:00+0200;0;0;0;8680;9807;1127
2016-06-24T01:00:00+0200;0;0;0;8134;9429;1295
2016-06-24T02:00:00+0200;0;0;0;7431;8804;1373
2016-06-24T03:00:00+0200;0;0;0;6727;8218;1491
2016-06-24T04:00:00+0200;7;4;-3;6108;6893;785
2016-06-24T05:00:00+0200;352;350;-2;5557;6524;967
2016-06-24T06:00:00+0200;2025;1990;-35;4846;6697;1851
2016-06-24T07:00:00+0200;5850;5610;-240;3964;5859;1895
2016-06-24T08:00:00+0200;11050;10126;-924;3094;4402;1308
2016-06-24T09:00:00+0200;16231;15051;-1180;2733;3485;752
2016-06-24T10:00:00+0200;20382;19211;-1171;2501;2800;299
2016-06-24T11:00:00+0200;23055;21818;-1237;2472;2431;-41
2016-06-24T12:00:00+0200;24328;22940;-1388;2675;2417;-258
2016-06-24T13:00:00+0200;24156;22722;-1434;3032;2218;-814
2016-06-24T14:00:00+0200;22732;20906;-1826;3165;2521;-644
2016-06-24T15:00:00+0200;20247;18559;-1688;3061;2355;-706
2016-06-24T16:00:00+0200;16693;15648;-1045;2952;2541;-411
2016-06-24T17:00:00+0200;12083;11654;-429;2737;2860;123
2016-06-24T18:00:00+0200;7197;7171;-26;2523;3393;870
2016-06-24T19:00:00+0200;3334;3217;-117;2364;4010;1646
2016-06-24T20:00:00+0200;1135;1001;-134;2443;3506;1063
2016-06-24T21:00:00+0200;102;89;-13;2806;3694;888
2016-06-24T22:00:00+0200;0;0;0;3124;4052;928
2016-06-24T23:00:00+0200;0;0;0;3224;4011;787
2016-06-25T00:00:00+0200;0;0;0;3606;3477;-129
2016-06-25T01:00:00+0200;0;0;0;3355;3292;-63
2016-06-25T02:00:00+0200;0;0;0;3110;2842;-268
2016-06-25T03:00:00+0200;0;0;0;2995;2780;-215
2016-06-25T04:00:00+0200;4;4;0;2961;3099;138
2016-06-25T05:00:00+0200;284;281;-3;2858;3090;232
2016-06-25T06:00:00+0200;1497;1514;17;2578;2889;311
2016-06-25T07:00:00+0200;3744;3778;34;2223;2523;300
2016-06-25T08:00:00+0200;6429;7056;627;1927;2059;132
2016-06-25T09:00:00+0200;9111;10295;1184;1878;2023;145
2016-06-25T10:00:00+0200;11361;12918;1557;1895;1987;92
2016-06-25T11:00:00+0200;12989;15383;2394;2024;2344;320
2016-06-25T12:00:00+0200;14003;16708;2705;2370;2901;531
2016-06-25T13:00:00+0200;14046;16802;2756;2977;3402;425
2016-06-25T14:00:00+0200;13204;15680;2476;3728;4308;580
2016-06-25T15:00:00+0200;11625;12873;1248;4357;6062;1705
2016-06-25T16:00:00+0200;9475;9631;156;4901;7551;2650
2016-06-25T17:00:00+0200;6990;6242;-748;5078;8718;3640
2016-06-25T18:00:00+0200;4589;3406;-1183;5050;8671;3621
2016-06-25T19:00:00+0200;2474;1707;-767;5003;8218;3215
2016-06-25T20:00:00+0200;832;620;-212;4811;8288;3477
2016-06-25T21:00:00+0200;69;69;0;4698;8500;3802
2016-06-25T22:00:00+0200;0;0;0;4907;8435;3528
2016-06-25T23:00:00+0200;0;0;0;5330;9669;4339
2016-06-26T00:00:00+0200;0;0;0;8919;10132;1213
2016-06-26T01:00:00+0200;0;0;0;8984;11063;2079
2016-06-26T02:00:00+0200;0;0;0;8763;10658;1895
2016-06-26T03:00:00+0200;0;0;0;8403;10255;1852
2016-06-26T04:00:00+0200;2;2;0;7949;10067;2118
2016-06-26T05:00:00+0200;289;266;-23;7496;8661;1165
2016-06-26T06:00:00+0200;1697;1586;-111;6986;7674;688
2016-06-26T07:00:00+0200;4421;4296;-125;6496;6792;296
2016-06-26T08:00:00+0200;8000;8271;271;6240;7144;904
2016-06-26T09:00:00+0200;11691;12239;548;6264;8051;1787
2016-06-26T10:00:00+0200;14680;15651;971;6390;8768;2378
2016-06-26T11:00:00+0200;16602;17484;882;6640;8729;2089
2016-06-26T12:00:00+0200;17641;18278;637;6851;8559;1708
2016-06-26T13:00:00+0200;17867;18004;137;6886;7758;872
2016-06-26T14:00:00+0200;17083;16886;-197;6771;7609;838
2016-06-26T15:00:00+0200;15321;14500;-821;6447;7406;959
2016-06-26T16:00:00+0200;12755;12186;-569;6030;6670;640
2016-06-26T17:00:00+0200;9579;9532;-47;5492;5910;418
2016-06-26T18:00:00+0200;6167;6556;389;4903;5124;221
2016-06-26T19:00:00+0200;3202;3423;221;4448;4533;85
2016-06-26T20:00:00+0200;1110;1139;29;4361;3785;-576
2016-06-26T21:00:00+0200;107;108;1;4576;3834;-742
2016-06-26T22:00:00+0200;0;0;0;4984;4290;-694
2016-06-26T23:00:00+0200;0;0;0;5565;4913;-652
2016-06-27T00:00:00+0200;0;0;0;4675;5117;442
2016-06-27T01:00:00+0200;0;0;0;5118;5266;148
2016-06-27T02:00:00+0200;0;0;0;5508;5562;54
2016-06-27T03:00:00+0200;0;0;0;5782;6422;640
2016-06-27T04:00:00+0200;6;3;-3;5983;6733;750
2016-06-27T05:00:00+0200;311;268;-43;6039;6836;797
2016-06-27T06:00:00+0200;1795;1720;-75;6016;6469;453
2016-06-27T07:00:00+0200;4920;4950;30;6150;5622;-528
2016-06-27T08:00:00+0200;9151;9347;196;6642;5554;-1088
2016-06-27T09:00:00+0200;13156;13766;610;7475;7029;-446
2016-06-27T10:00:00+0200;15971;16870;899;8495;8566;71
2016-06-27T11:00:00+0200;17384;18508;1124;9303;9529;226
2016-06-27T12:00:00+0200;17702;19469;1767;9819;10300;481
2016-06-27T13:00:00+0200;17228;18832;1604;10186;10719;533
2016-06-27T14:00:00+0200;15879;17152;1273;10187;10898;711
2016-06-27T15:00:00+0200;13797;15202;1405;9839;10557;718
2016-06-27T16:00:00+0200;11296;12753;1457;9163;10091;928
2016-06-27T17:00:00+0200;8351;9728;1377;8413;9334;921
2016-06-27T18:00:00+0200;5297;6274;977;7476;7809;333
2016-06-27T19:00:00+0200;2589;2998;409;6540;6177;-363
2016-06-27T20:00:00+0200;918;914;-4;5659;4830;-829
2016-06-27T21:00:00+0200;81;81;0;5035;4258;-777
2016-06-27T22:00:00+0200;0;0;0;4693;4574;-119
2016-06-27T23:00:00+0200;0;0;0;4600;5155;555
2016-06-28T00:00:00+0200;0;0;0;4938;5382;444
2016-06-28T01:00:00+0200;0;0;0;4909;5522;613
2016-06-28T02:00:00+0200;0;0;0;4955;5505;550
2016-06-28T03:00:00+0200;0;0;0;4665;5087;422
2016-06-28T04:00:00+0200;2;2;0;4199;4638;439
2016-06-28T05:00:00+0200;246;260;14;3655;3997;342
2016-06-28T06:00:00+0200;1567;1666;99;3010;3674;664
2016-06-28T07:00:00+0200;4031;4378;347;2337;2944;607
2016-06-28T08:00:00+0200;7269;8024;755;1953;2991;1038
2016-06-28T09:00:00+0200;10876;12258;1382;1829;3237;1408
2016-06-28T10:00:00+0200;14026;15964;1938;1760;3493;1733
2016-06-28T11:00:00+0200;16399;18658;2259;1748;3760;2012
2016-06-28T12:00:00+0200;17741;20440;2699;1752;3525;1773
2016-06-28T13:00:00+0200;18073;20119;2046;1745;3090;1345
2016-06-28T14:00:00+0200;17358;19192;1834;1696;2786;1090
2016-06-28T15:00:00+0200;15630;17665;2035;1604;2388;784
2016-06-28T16:00:00+0200;13098;15017;1919;1417;2150;733
2016-06-28T17:00:00+0200;9910;11554;1644;1242;2052;810
2016-06-28T18:00:00+0200;6368;7393;1025;1113;1917;804
2016-06-28T19:00:00+0200;3270;3616;346;1094;2030;936
2016-06-28T20:00:00+0200;1121;1158;37;1389;2490;1101
2016-06-28T21:00:00+0200;98;93;-5;2248;3747;1499
2016-06-28T22:00:00+0200;0;0;0;3479;5422;1943
2016-06-28T23:00:00+0200;0;0;0;5041;7172;2131
2016-06-29T00:00:00+0200;0;0;0;7062;8410;1348
2016-06-29T01:00:00+0200;0;0;0;7993;9270;1277
2016-06-29T02:00:00+0200;0;0;0;8676;9414;738
2016-06-29T03:00:00+0200;0;0;0;9191;9029;-162
2016-06-29T04:00:00+0200;1;2;1;9529;9238;-291
2016-06-29T05:00:00+0200;212;183;-29;9583;9646;63
2016-06-29T06:00:00+0200;1506;1340;-166;9384;9320;-64
2016-06-29T07:00:00+0200;4024;3720;-304;9264;8942;-322
2016-06-29T08:00:00+0200;7473;7748;275;9384;9684;300
2016-06-29T09:00:00+0200;11343;12264;921;10043;11556;1513
2016-06-29T10:00:00+0200;14970;15337;367;10865;13277;2412
2016-06-29T11:00:00+0200;17456;17414;-42;11447;14440;2993
2016-06-29T12:00:00+0200;18831;19723;892;11638;15306;3668
2016-06-29T13:00:00+0200;19421;20642;1221;11637;15294;3657
2016-06-29T14:00:00+0200;19063;20648;1585;11265;14542;3277
2016-06-29T15:00:00+0200;17568;19637;2069;10539;14184;3645
2016-06-29T16:00:00+0200;15053;16724;1671;9614;12992;3378
2016-06-29T17:00:00+0200;11499;12754;1255;8350;11555;3205
2016-06-29T18:00:00+0200;7256;8251;995;6663;9318;2655
2016-06-29T19:00:00+0200;3552;3968;416;4954;6676;1722
2016-06-29T20:00:00+0200;1226;1193;-33;3894;4634;740
2016-06-29T21:00:00+0200;110;87;-23;3620;3986;366
2016-06-29T22:00:00+0200;0;0;0;3821;4541;720
2016-06-29T23:00:00+0200;0;0;0;4445;5098;653
2016-06-30T00:00:00+0200;0;0;0;6098;5565;-533
2016-06-30T01:00:00+0200;0;0;0;6816;5634;-1182
2016-06-30T02:00:00+0200;0;0;0;7507;6143;-1364
2016-06-30T03:00:00+0200;0;0;0;7972;6946;-1026
2016-06-30T04:00:00+0200;2;2;0;8362;7513;-849
2016-06-30T05:00:00+0200;212;222;10;8518;8043;-475
2016-06-30T06:00:00+0200;1283;1215;-68;8425;8444;19
2016-06-30T07:00:00+0200;3131;2815;-316;8254;7588;-666
2016-06-30T08:00:00+0200;5195;4436;-759;8112;6479;-1633
2016-06-30T09:00:00+0200;7385;6444;-941;8080;6235;-1845
2016-06-30T10:00:00+0200;9671;9517;-154;8198;6811;-1387
2016-06-30T11:00:00+0200;11842;12713;871;8556;7984;-572
2016-06-30T12:00:00+0200;13541;13994;453;9020;8686;-334
2016-06-30T13:00:00+0200;14285;14008;-277;9473;8679;-794
2016-06-30T14:00:00+0200;14096;13874;-222;9440;8275;-1165
2016-06-30T15:00:00+0200;12983;13491;508;8859;7489;-1370
2016-06-30T16:00:00+0200;10884;11645;761;8112;6302;-1810
2016-06-30T17:00:00+0200;8285;9033;748;7302;5209;-2093
2016-06-30T18:00:00+0200;5402;5926;524;6326;4309;-2017
2016-06-30T19:00:00+0200;2778;2996;218;5437;3307;-2130
2016-06-30T20:00:00+0200;898;964;66;4999;2898;-2101
2016-06-30T21:00:00+0200;72;83;11;4873;2958;-1915
2016-06-30T22:00:00+0200;0;0;0;5026;3808;-1218
2016-06-30T23:00:00+0200;0;0;0;5362;4919;-443
2016-07-01T00:00:00+0200;0;0;0;5538;5920;382
2016-07-01T01:00:00+0200;0;0;0;6325;6709;384
2016-07-01T02:00:00+0200;0;0;0;7065;7328;263
2016-07-01T03:00:00+0200;0;0;0;7731;8343;612
2016-07-01T04:00:00+0200;4;2;-2;8459;9724;1265
2016-07-01T05:00:00+0200;274;280;6;9091;11197;2106
2016-07-01T06:00:00+0200;1750;1776;26;9514;11860;2346
2016-07-01T07:00:00+0200;4626;4822;196;9914;11548;1634
2016-07-01T08:00:00+0200;8349;8921;572;10749;11663;914
2016-07-01T09:00:00+0200;12191;12914;723;12134;12706;572
2016-07-01T10:00:00+0200;15112;15993;881;13412;13786;374
2016-07-01T11:00:00+0200;16913;17254;341;14284;13926;-358
2016-07-01T12:00:00+0200;17816;17090;-726;14487;13954;-533
2016-07-01T13:00:00+0200;17978;17215;-763;14305;13072;-1233
2016-07-01T14:00:00+0200;17283;17188;-95;13765;11862;-1903
2016-07-01T15:00:00+0200;15667;16384;717;12868;11170;-1698
2016-07-01T16:00:00+0200;13306;14304;998;11576;10317;-1259
2016-07-01T17:00:00+0200;10121;11121;1000;10075;9205;-870
2016-07-01T18:00:00+0200;6475;7246;771;8497;8418;-79
2016-07-01T19:00:00+0200;3256;3556;300;7150;7212;62
2016-07-01T20:00:00+0200;1100;1108;8;6556;6627;71
2016-07-01T21:00:00+0200;84;76;-8;6705;6931;226
2016-07-01T22:00:00+0200;0;0;0;7166;8514;1348
2016-07-01T23:00:00+0200;0;0;0;7769;9950;2181
2016-07-02T00:00:00+0200;0;0;0;10332;11192;860
2016-07-02T01:00:00+0200;0;0;0;11575;12481;906
2016-07-02T02:00:00+0200;0;0;0;12405;12865;460
2016-07-02T03:00:00+0200;0;0;0;12752;12621;-131
2016-07-02T04:00:00+0200;2;2;0;12963;12467;-496
2016-07-02T05:00:00+0200;215;208;-7;12896;12828;-68
2016-07-02T06:00:00+0200;1341;1361;20;12384;12932;548
2016-07-02T07:00:00+0200;3478;3195;-283;11821;11329;-492
2016-07-02T08:00:00+0200;6016;5251;-765;11664;10936;-728
2016-07-02T09:00:00+0200;8484;7354;-1130;11993;11603;-390
2016-07-02T10:00:00+0200;10419;9060;-1359;12387;11998;-389
2016-07-02T11:00:00+0200;11789;10146;-1643;12391;12652;261
2016-07-02T12:00:00+0200;12461;10881;-1580;11976;12461;485
2016-07-02T13:00:00+0200;12454;10519;-1935;11603;12435;832
2016-07-02T14:00:00+0200;12015;10641;-1374;11356;12436;1080
2016-07-02T15:00:00+0200;11004;10160;-844;11150;11884;734
2016-07-02T16:00:00+0200;9729;9088;-641;10994;11201;207
2016-07-02T17:00:00+0200;7936;7576;-360;10539;10357;-182
2016-07-02T18:00:00+0200;5552;5615;63;9847;9954;107
2016-07-02T19:00:00+0200;3068;3022;-46;8987;8697;-290
2016-07-02T20:00:00+0200;1054;1126;72;8171;7807;-364
2016-07-02T21:00:00+0200;96;124;28;7959;7379;-580
2016-07-02T22:00:00+0200;0;0;0;8379;8403;24
2016-07-02T23:00:00+0200;0;0;0;9030;10014;984
2016-07-03T00:00:00+0200;0;0;0;10389;10602;213
2016-07-03T01:00:00+0200;0;0;0;10900;11305;405
2016-07-03T02:00:00+0200;0;0;0;11092;11548;456
2016-07-03T03:00:00+0200;0;0;0;10892;11142;250
2016-07-03T04:00:00+0200;4;2;-2;10503;10598;95
2016-07-03T05:00:00+0200;303;276;-27;9966;10000;34
2016-07-03T06:00:00+0200;1915;1891;-24;9245;8615;-630
2016-07-03T07:00:00+0200;5476;5339;-137;8364;6756;-1608
2016-07-03T08:00:00+0200;10101;9776;-325;8090;6416;-1674
2016-07-03T09:00:00+0200;14481;14069;-412;8490;6933;-1557
2016-07-03T10:00:00+0200;17639;16676;-963;8991;8145;-846
2016-07-03T11:00:00+0200;19446;17642;-1804;9356;8705;-651
2016-07-03T12:00:00+0200;19900;17807;-2093;9526;9123;-403
2016-07-03T13:00:00+0200;19196;16786;-2410;9626;9938;312
2016-07-03T14:00:00+0200;17820;15179;-2641;9696;10018;322
2016-07-03T15:00:00+0200;15853;13884;-1969;9513;10229;716
2016-07-03T16:00:00+0200;13355;11979;-1376;8975;9412;437
2016-07-03T17:00:00+0200;10165;9374;-791;8070;8086;16
2016-07-03T18:00:00+0200;6586;6240;-346;6862;7390;528
2016-07-03T19:00:00+0200;3401;3197;-204;5583;6053;470
2016-07-03T20:00:00+0200;1177;1077;-100;4676;4533;-143
2016-07-03T21:00:00+0200;103;98;-5;4422;4042;-380
2016-07-03T22:00:00+0200;0;0;0;4604;4086;-518
2016-07-03T23:00:00+0200;0;0;0;4922;4346;-576
2016-07-04T00:00:00+0200;0;0;0;5164;4430;-734
2016-07-04T01:00:00+0200;0;0;0;5429;4259;-1170
2016-07-04T02:00:00+0200;0;0;0;5510;4388;-1122
2016-07-04T03:00:00+0200;0;0;0;5357;4330;-1027
2016-07-04T04:00:00+0200;4;2;-2;5083;4296;-787
2016-07-04T05:00:00+0200;266;234;-32;4589;3901;-688
2016-07-04T06:00:00+0200;1592;1595;3;3946;3360;-586
2016-07-04T07:00:00+0200;4413;4482;69;3278;2548;-730
2016-07-04T08:00:00+0200;8162;8621;459;2854;2058;-796
2016-07-04T09:00:00+0200;12039;13730;1691;2945;2104;-841
2016-07-04T10:00:00+0200;15214;18274;3060;3293;2427;-866
2016-07-04T11:00:00+0200;17317;20731;3414;3616;2626;-990
2016-07-04T12:00:00+0200;18429;20588;2159;3747;2676;-1071
2016-07-04T13:00:00+0200;18598;19859;1261;3725;2595;-1130
2016-07-04T14:00:00+0200;17982;18722;740;3579;2657;-922
2016-07-04T15:00:00+0200;16490;17392;902;3218;2445;-773
2016-07-04T16:00:00+0200;14252;14887;635;2815;2062;-753
2016-07-04T17:00:00+0200;10997;11446;449;2343;1539;-804
2016-07-04T18:00:00+0200;7090;7700;610;1814;1062;-752
2016-07-04T19:00:00+0200;3585;3907;322;1334;591;-743
2016-07-04T20:00:00+0200;1239;1248;9;919;394;-525
2016-07-04T21:00:00+0200;108;106;-2;861;592;-269
2016-07-04T22:00:00+0200;0;0;0;1043;890;-153
2016-07-04T23:00:00+0200;0;0;0;1270;1396;126
2016-07-05T00:00:00+0200;0;0;0;1851;2040;189
2016-07-05T01:00:00+0200;0;0;0;2289;2871;582
2016-07-05T02:00:00+0200;0;0;0;2663;3506;843
2016-07-05T03:00:00+0200;0;0;0;2970;3971;1001
2016-07-05T04:00:00+0200;2;1;-1;3222;4234;1012
2016-07-05T05:00:00+0200;235;196;-39;3410;4358;948
2016-07-05T06:00:00+0200;1589;1540;-49;3566;4412;846
2016-07-05T07:00:00+0200;4128;4254;126;3631;4051;420
2016-07-05T08:00:00+0200;7393;8367;974;3856;3750;-106
2016-07-05T09:00:00+0200;10913;12817;1904;4773;5045;272
2016-07-05T10:00:00+0200;14024;16074;2050;6237;7143;906
2016-07-05T11:00:00+0200;16284;17054;770;7925;9724;1799
2016-07-05T12:00:00+0200;17611;16718;-893;9697;12166;2469
2016-07-05T13:00:00+0200;18043;16857;-1186;11424;14407;2983
2016-07-05T14:00:00+0200;17677;17231;-446;13050;16937;3887
2016-07-05T15:00:00+0200;16355;16742;387;14529;19304;4775
2016-07-05T16:00:00+0200;13964;14956;992;15532;21094;5562
2016-07-05T17:00:00+0200;10663;11412;749;15878;22552;6674
2016-07-05T18:00:00+0200;6849;7257;408;15473;23199;7726
2016-07-05T19:00:00+0200;3474;3590;116;14946;23592;8646
2016-07-05T20:00:00+0200;1170;1076;-94;14104;23115;9011
2016-07-05T21:00:00+0200;96;71;-25;13710;22085;8375
2016-07-05T22:00:00+0200;0;0;0;13627;21904;8277
2016-07-05T23:00:00+0200;0;0;0;13776;22570;8794
2016-07-06T00:00:00+0200;0;0;0;20872;22158;1286
2016-07-06T01:00:00+0200;0;0;0;20963;21798;835
2016-07-06T02:00:00+0200;0;0;0;20884;21624;740
2016-07-06T03:00:00+0200;0;0;0;20675;20844;169
2016-07-06T04:00:00+0200;3;1;-2;20476;20292;-184
2016-07-06T05:00:00+0200;239;210;-29;20496;19564;-932
2016-07-06T06:00:00+0200;1679;1600;-79;20839;18910;-1929
2016-07-06T07:00:00+0200;4532;4395;-137;21344;19218;-2126
2016-07-06T08:00:00+0200;8425;8390;-35;21984;19494;-2490
2016-07-06T09:00:00+0200;12621;12594;-27;22564;20835;-1729
2016-07-06T10:00:00+0200;16235;16374;139;22930;21476;-1454
2016-07-06T11:00:00+0200;18834;18332;-502;23230;21704;-1526
2016-07-06T12:00:00+0200;20431;19345;-1086;23473;22084;-1389
2016-07-06T13:00:00+0200;20757;19907;-850;23677;22063;-1614
2016-07-06T14:00:00+0200;20022;19671;-351;23699;21679;-2020
2016-07-06T15:00:00+0200;18309;18570;261;23713;21372;-2341
2016-07-06T16:00:00+0200;15658;16265;607;23375;20650;-2725
2016-07-06T17:00:00+0200;11964;12725;761;22656;20018;-2638
2016-07-06T18:00:00+0200;7619;8196;577;21480;19061;-2419
2016-07-06T19:00:00+0200;3754;4133;379;19900;17209;-2691
2016-07-06T20:00:00+0200;1274;1311;37;18116;14330;-3786
2016-07-06T21:00:00+0200;110;98;-12;16421;11690;-4731
2016-07-06T22:00:00+0200;0;0;0;14657;10250;-4407
2016-07-06T23:00:00+0200;0;0;0;13199;9598;-3601
2016-07-07T00:00:00+0200;0;0;0;10371;8565;-1806
2016-07-07T01:00:00+0200;0;0;0;9577;8000;-1577
2016-07-07T02:00:00+0200;0;0;0;9011;7646;-1365
2016-07-07T03:00:00+0200;0;0;0;8613;7685;-928
2016-07-07T04:00:00+0200;3;1;-2;8148;7153;-995
2016-07-07T05:00:00+0200;288;249;-39;7591;6467;-1124
2016-07-07T06:00:00+0200;1914;1808;-106;6976;5196;-1780
2016-07-07T07:00:00+0200;5661;5638;-23;6515;3699;-2816
2016-07-07T08:00:00+0200;10952;11128;176;6508;3962;-2546
2016-07-07T09:00:00+0200;16260;16440;180;6805;4816;-1989
2016-07-07T10:00:00+0200;20180;20142;-38;7026;5215;-1811
2016-07-07T11:00:00+0200;22494;22473;-21;7197;5072;-2125
2016-07-07T12:00:00+0200;23576;24024;448;7326;5282;-2044
2016-07-07T13:00:00+0200;23640;24868;1228;7508;5554;-1954
2016-07-07T14:00:00+0200;22482;23966;1484;7642;5597;-2045
2016-07-07T15:00:00+0200;20050;21869;1819;7719;5564;-2155
2016-07-07T16:00:00+0200;16657;18235;1578;7678;5389;-2289
2016-07-07T17:00:00+0200;12362;13471;1109;7316;5392;-1924
2016-07-07T18:00:00+0200;7586;8296;710;6597;5096;-1501
2016-07-07T19:00:00+0200;3594;3833;239;5803;4142;-1661
2016-07-07T20:00:00+0200;1188;1204;16;5030;2952;-2078
2016-07-07T21:00:00+0200;98;91;-7;4497;2199;-2298
2016-07-07T22:00:00+0200;0;0;0;4237;1879;-2358
2016-07-07T23:00:00+0200;0;0;0;4221;1888;-2333
2016-07-08T00:00:00+0200;0;0;0;3536;2240;-1296
2016-07-08T01:00:00+0200;0;0;0;4032;2908;-1124
2016-07-08T02:00:00+0200;0;0;0;4607;3623;-984
2016-07-08T03:00:00+0200;0;0;0;5273;4438;-835
2016-07-08T04:00:00+0200;1;1;0;5806;5086;-720
2016-07-08T05:00:00+0200;228;210;-18;5946;5344;-602
2016-07-08T06:00:00+0200;1693;1678;-15;5690;5038;-652
2016-07-08T07:00:00+0200;4794;4814;20;5169;4143;-1026
2016-07-08T08:00:00+0200;9114;9150;36;4345;3029;-1316
2016-07-08T09:00:00+0200;13681;13530;-151;3824;2288;-1536
2016-07-08T10:00:00+0200;17508;17471;-37;3911;2938;-973
2016-07-08T11:00:00+0200;19938;20200;262;4473;4558;85
2016-07-08T12:00:00+0200;20817;20805;-12;5499;6838;1339
2016-07-08T13:00:00+0200;20045;19902;-143;6757;9092;2335
2016-07-08T14:00:00+0200;18141;17624;-517;8099;11394;3295
2016-07-08T15:00:00+0200;15441;15028;-413;9389;13100;3711
2016-07-08T16:00:00+0200;12350;11964;-386;10464;13711;3247
2016-07-08T17:00:00+0200;8931;8840;-91;11134;14765;3631
2016-07-08T18:00:00+0200;5519;5587;68;11460;15807;4347
2016-07-08T19:00:00+0200;2728;2960;232;11696;15503;3807
2016-07-08T20:00:00+0200;867;1010;143;12058;15125;3067
2016-07-08T21:00:00+0200;65;78;13;11842;14965;3123
2016-07-08T22:00:00+0200;0;0;0;11633;14604;2971
2016-07-08T23:00:00+0200;0;0;0;11678;14892;3214
2016-07-09T00:00:00+0200;0;0;0;15821;15196;-625
2016-07-09T01:00:00+0200;0;0;0;15958;14576;-1382
2016-07-09T02:00:00+0200;0;0;0;15752;13614;-2138
2016-07-09T03:00:00+0200;0;0;0;15127;12722;-2405
2016-07-09T04:00:00+0200;1;0;-1;14424;12424;-2000
2016-07-09T05:00:00+0200;221;177;-44;13790;11517;-2273
2016-07-09T06:00:00+0200;1677;1471;-206;13178;10118;-3060
2016-07-09T07:00:00+0200;4796;4188;-608;12551;8785;-3766
2016-07-09T08:00:00+0200;9181;8217;-964;12085;9176;-2909
2016-07-09T09:00:00+0200;13787;12691;-1096;11930;10210;-1720
2016-07-09T10:00:00+0200;17322;16081;-1241;11844;11050;-794
2016-07-09T11:00:00+0200;19457;18759;-698;11627;10853;-774
2016-07-09T12:00:00+0200;20558;20453;-105;11343;10538;-805
2016-07-09T13:00:00+0200;20710;20711;1;11169;10334;-835
2016-07-09T14:00:00+0200;19898;19875;-23;10885;9891;-994
2016-07-09T15:00:00+0200;17954;18426;472;10388;9340;-1048
2016-07-09T16:00:00+0200;14983;15583;600;9614;8301;-1313
2016-07-09T17:00:00+0200;11206;11674;468;8343;7680;-663
2016-07-09T18:00:00+0200;7041;7506;465;6836;6261;-575
2016-07-09T19:00:00+0200;3465;3670;205;5253;4620;-633
2016-07-09T20:00:00+0200;1146;1068;-78;3976;3162;-814
2016-07-09T21:00:00+0200;86;60;-26;3553;3016;-537
2016-07-09T22:00:00+0200;0;0;0;3696;3328;-368
2016-07-09T23:00:00+0200;0;0;0;4345;4105;-240
2016-07-10T00:00:00+0200;0;0;0;6945;5047;-1898
2016-07-10T01:00:00+0200;0;0;0;8411;6175;-2236
2016-07-10T02:00:00+0200;0;0;0;9594;7123;-2471
2016-07-10T03:00:00+0200;0;0;0;10348;7882;-2466
2016-07-10T04:00:00+0200;1;1;0;10866;8532;-2334
2016-07-10T05:00:00+0200;209;188;-21;11008;8749;-2259
2016-07-10T06:00:00+0200;1641;1576;-65;10675;8506;-2169
2016-07-10T07:00:00+0200;4985;4930;-55;10146;7905;-2241
2016-07-10T08:00:00+0200;9829;10133;304;9656;6883;-2773
2016-07-10T09:00:00+0200;15047;15665;618;9564;7007;-2557
2016-07-10T10:00:00+0200;19492;20024;532;9714;8323;-1391
2016-07-10T11:00:00+0200;22585;22986;401;9849;9098;-751
2016-07-10T12:00:00+0200;24221;24400;179;9968;9400;-568
2016-07-10T13:00:00+0200;24513;24506;-7;10056;9482;-574
2016-07-10T14:00:00+0200;23550;23604;54;9874;9242;-632
2016-07-10T15:00:00+0200;21319;21385;66;9269;8812;-457
2016-07-10T16:00:00+0200;17875;17915;40;8342;7925;-417
2016-07-10T17:00:00+0200;13141;13098;-43;7146;7098;-48
2016-07-10T18:00:00+0200;7884;7944;60;5948;5618;-330
2016-07-10T19:00:00+0200;3598;3548;-50;4933;4685;-248
2016-07-10T20:00:00+0200;1170;1052;-118;4604;4410;-194
2016-07-10T21:00:00+0200;89;69;-20;5209;5434;225
2016-07-10T22:00:00+0200;0;0;0;6255;6721;466
2016-07-10T23:00:00+0200;0;0;0;7317;8490;1173
2016-07-11T00:00:00+0200;0;0;0;9932;10364;432
2016-07-11T01:00:00+0200;0;0;0;10469;11395;926
2016-07-11T02:00:00+0200;0;0;0;10640;12163;1523
2016-07-11T03:00:00+0200;0;0;0;10605;11660;1055
2016-07-11T04:00:00+0200;1;0;-1;10428;10904;476
2016-07-11T05:00:00+0200;207;175;-32;10169;10740;571
2016-07-11T06:00:00+0200;1622;1560;-62;9895;10830;935
2016-07-11T07:00:00+0200;4604;4480;-124;9730;10010;280
2016-07-11T08:00:00+0200;8525;8514;-11;10108;10446;338
2016-07-11T09:00:00+0200;12601;12858;257;11314;12096;782
2016-07-11T10:00:00+0200;16008;16820;812;13103;14018;915
2016-07-11T11:00:00+0200;18256;19524;1268;14914;16318;1404
2016-07-11T12:00:00+0200;19214;19980;766;16554;17868;1314
2016-07-11T13:00:00+0200;19020;19172;152;17953;19066;1113
2016-07-11T14:00:00+0200;17818;17613;-205;18754;19576;822
2016-07-11T15:00:00+0200;15645;15564;-81;19089;19496;407
2016-07-11T16:00:00+0200;12664;12370;-294;18885;19128;243
2016-07-11T17:00:00+0200;9192;8964;-228;18115;18268;153
2016-07-11T18:00:00+0200;5863;6020;157;16815;17016;201
2016-07-11T19:00:00+0200;3064;3112;48;15351;14866;-485
2016-07-11T20:00:00+0200;990;1025;35;14100;12273;-1827
2016-07-11T21:00:00+0200;73;78;5;13437;10874;-2563
2016-07-11T22:00:00+0200;0;0;0;13153;10609;-2544
2016-07-11T23:00:00+0200;0;0;0;12996;10872;-2124
2016-07-12T00:00:00+0200;0;0;0;12045;10670;-1375
2016-07-12T01:00:00+0200;0;0;0;11690;10430;-1260
2016-07-12T02:00:00+0200;0;0;0;11182;9544;-1638
2016-07-12T03:00:00+0200;0;0;0;10554;9088;-1466
2016-07-12T04:00:00+0200;1;0;-1;9953;8665;-1288
2016-07-12T05:00:00+0200;159;121;-38;9393;8047;-1346
2016-07-12T06:00:00+0200;1246;1057;-189;8883;7910;-973
2016-07-12T07:00:00+0200;3545;3022;-523;8507;7211;-1296
2016-07-12T08:00:00+0200;6522;5848;-674;8409;7075;-1334
2016-07-12T09:00:00+0200;9603;8766;-837;8463;7647;-816
2016-07-12T10:00:00+0200;12083;11442;-641;8569;8590;21
2016-07-12T11:00:00+0200;13688;13230;-458;8648;9524;876
2016-07-12T12:00:00+0200;14451;14485;34;8506;9676;1170
2016-07-12T13:00:00+0200;14404;14406;2;8236;9483;1247
2016-07-12T14:00:00+0200;13796;13041;-755;7841;8737;896
2016-07-12T15:00:00+0200;12522;10992;-1530;7279;7855;576
2016-07-12T16:00:00+0200;10388;8549;-1839;6649;6277;-372
2016-07-12T17:00:00+0200;7787;6016;-1771;5779;4710;-1069
2016-07-12T18:00:00+0200;5069;4014;-1055;4631;3869;-762
2016-07-12T19:00:00+0200;2618;2232;-386;3633;2926;-707
2016-07-12T20:00:00+0200;836;766;-70;2818;2346;-472
2016-07-12T21:00:00+0200;63;64;1;2413;1998;-415
2016-07-12T22:00:00+0200;0;0;0;2227;2202;-25
2016-07-12T23:00:00+0200;0;0;0;2122;2285;163
2016-07-13T00:00:00+0200;0;0;0;1877;2215;338
2016-07-13T01:00:00+0200;0;0;0;1756;1934;178
2016-07-13T02:00:00+0200;0;0;0;1660;1555;-105
2016-07-13T03:00:00+0200;0;0;0;1599;1430;-169
2016-07-13T04:00:00+0200;1;0;-1;1536;1313;-223
2016-07-13T05:00:00+0200;150;130;-20;1437;1371;-66
2016-07-13T06:00:00+0200;1278;1166;-112;1310;1591;281
2016-07-13T07:00:00+0200;3666;3308;-358;1189;1348;159
2016-07-13T08:00:00+0200;6794;6281;-513;1161;960;-201
2016-07-13T09:00:00+0200;10024;9905;-119;1257;945;-312
2016-07-13T10:00:00+0200;12678;12949;271;1438;1120;-318
2016-07-13T11:00:00+0200;14466;14550;84;1698;1356;-342
2016-07-13T12:00:00+0200;15353;14938;-415;2026;2248;222
2016-07-13T13:00:00+0200;15272;13561;-1711;2362;2946;584
2016-07-13T14:00:00+0200;14170;12464;-1706;2750;3134;384
2016-07-13T15:00:00+0200;12485;11267;-1218;3141;3240;99
2016-07-13T16:00:00+0200;10274;9255;-1019;3502;3688;186
2016-07-13T17:00:00+0200;7648;6627;-1021;3822;3706;-116
2016-07-13T18:00:00+0200;4855;4196;-659;4082;4207;125
2016-07-13T19:00:00+0200;2466;2105;-361;4345;4092;-253
2016-07-13T20:00:00+0200;771;628;-143;4355;3829;-526
2016-07-13T21:00:00+0200;54;54;0;4316;3672;-644
2016-07-13T22:00:00+0200;0;0;0;4364;3744;-620
2016-07-13T23:00:00+0200;0;0;0;4564;4242;-322
2016-07-14T00:00:00+0200;0;0;0;5120;4907;-213
2016-07-14T01:00:00+0200;0;0;0;5503;5724;221
2016-07-14T02:00:00+0200;0;0;0;5929;6492;563
2016-07-14T03:00:00+0200;0;0;0;6515;7004;489
2016-07-14T04:00:00+0200;0;0;0;7212;7224;12
2016-07-14T05:00:00+0200;100;80;-20;7843;7760;-83
2016-07-14T06:00:00+0200;922;777;-145;8220;7946;-274
2016-07-14T07:00:00+0200;2835;2354;-481;8652;7934;-718
2016-07-14T08:00:00+0200;5493;4736;-757;9529;8125;-1404
2016-07-14T09:00:00+0200;8414;7311;-1103;10484;9444;-1040
2016-07-14T10:00:00+0200;11156;9613;-1543;11345;11309;-36
2016-07-14T11:00:00+0200;13486;11424;-2062;12120;12829;709
2016-07-14T12:00:00+0200;15006;12532;-2474;12879;13359;480
2016-07-14T13:00:00+0200;15448;13088;-2360;13726;14037;311
2016-07-14T14:00:00+0200;15146;13302;-1844;14440;14240;-200
2016-07-14T15:00:00+0200;13946;12553;-1393;14815;14467;-348
2016-07-14T16:00:00+0200;11786;11188;-598;14969;14696;-273
2016-07-14T17:00:00+0200;8939;8875;-64;14977;15183;206
2016-07-14T18:00:00+0200;5784;5828;44;14710;15774;1064
2016-07-14T19:00:00+0200;2929;2838;-91;14457;15963;1506
2016-07-14T20:00:00+0200;882;820;-62;14252;16035;1783
2016-07-14T21:00:00+0200;51;42;-9;14396;16488;2092
2016-07-14T22:00:00+0200;0;0;0;14724;16997;2273
2016-07-14T23:00:00+0200;0;0;0;15105;17158;2053
2016-07-15T00:00:00+0200;0;0;0;15398;16964;1566
2016-07-15T01:00:00+0200;0;0;0;15578;16722;1144
2016-07-15T02:00:00+0200;0;0;0;15704;16765;1061
2016-07-15T03:00:00+0200;0;0;0;15771;16503;732
2016-07-15T04:00:00+0200;1;0;-1;15845;16514;669
2016-07-15T05:00:00+0200;114;81;-33;15983;16422;439
2016-07-15T06:00:00+0200;1152;956;-196;16231;16367;136
2016-07-15T07:00:00+0200;3439;3001;-438;16425;15611;-814
2016-07-15T08:00:00+0200;6392;6051;-341;16675;15273;-1402
2016-07-15T09:00:00+0200;9537;9287;-250;16944;15243;-1701
2016-07-15T10:00:00+0200;12230;11822;-408;16978;15242;-1736
2016-07-15T11:00:00+0200;14246;13015;-1231;16783;14916;-1867
2016-07-15T12:00:00+0200;15436;13336;-2100;16420;14964;-1456
2016-07-15T13:00:00+0200;15890;13687;-2203;16060;15018;-1042
2016-07-15T14:00:00+0200;15589;13735;-1854;15725;14504;-1221
2016-07-15T15:00:00+0200;14332;12934;-1398;15430;13998;-1432
2016-07-15T16:00:00+0200;12240;11430;-810;14847;13182;-1665
2016-07-15T17:00:00+0200;9438;9049;-389;13755;11868;-1887
2016-07-15T18:00:00+0200;6168;6230;62;12104;9982;-2122
2016-07-15T19:00:00+0200;3109;3305;196;10279;7507;-2772
2016-07-15T20:00:00+0200;943;1024;81;8565;5638;-2927
2016-07-15T21:00:00+0200;54;61;7;7394;4470;-2924
2016-07-15T22:00:00+0200;0;0;0;6520;4244;-2276
2016-07-15T23:00:00+0200;0;0;0;6037;4306;-1731
2016-07-16T00:00:00+0200;0;0;0;5257;4572;-685
2016-07-16T01:00:00+0200;0;0;0;5525;4844;-681
2016-07-16T02:00:00+0200;0;0;0;5994;5283;-711
2016-07-16T03:00:00+0200;0;0;0;6450;5720;-730
2016-07-16T04:00:00+0200;1;0;-1;6719;6142;-577
2016-07-16T05:00:00+0200;160;123;-37;6717;6188;-529
2016-07-16T06:00:00+0200;1422;1204;-218;6555;6091;-464
2016-07-16T07:00:00+0200;4533;3908;-625;6389;5513;-876
2016-07-16T08:00:00+0200;8883;8041;-842;6200;5129;-1071
2016-07-16T09:00:00+0200;13215;12340;-875;6133;5591;-542
2016-07-16T10:00:00+0200;16292;15500;-792;6108;6477;369
2016-07-16T11:00:00+0200;17841;16360;-1481;6042;6645;603
2016-07-16T12:00:00+0200;18355;17014;-1341;5981;6228;247
2016-07-16T13:00:00+0200;18068;17560;-508;5992;5947;-45
2016-07-16T14:00:00+0200;16973;17199;226;6036;5808;-228
2016-07-16T15:00:00+0200;15045;15894;849;6094;5689;-405
2016-07-16T16:00:00+0200;12351;13340;989;6031;5477;-554
2016-07-16T17:00:00+0200;9056;9728;672;5753;5547;-206
2016-07-16T18:00:00+0200;5505;5840;335;5251;5425;174
2016-07-16T19:00:00+0200;2549;2742;193;4715;4951;236
2016-07-16T20:00:00+0200;748;716;-32;4222;4206;-16
2016-07-16T21:00:00+0200;38;34;-4;3971;3921;-50
2016-07-16T22:00:00+0200;0;0;0;3914;3813;-101
2016-07-16T23:00:00+0200;0;0;0;3903;3750;-153
2016-07-17T00:00:00+0200;0;0;0;3940;3420;-520
2016-07-17T01:00:00+0200;0;0;0;3815;3384;-431
2016-07-17T02:00:00+0200;0;0;0;3648;3395;-253
2016-07-17T03:00:00+0200;0;0;0;3510;3012;-498
2016-07-17T04:00:00+0200;0;0;0;3315;2869;-446
2016-07-17T05:00:00+0200;88;73;-15;3041;2502;-539
2016-07-17T06:00:00+0200;898;780;-118;2787;2110;-677
2016-07-17T07:00:00+0200;2769;2610;-159;2678;1871;-807
2016-07-17T08:00:00+0200;5328;5352;24;2753;1769;-984
2016-07-17T09:00:00+0200;8253;9042;789;3115;2099;-1016
2016-07-17T10:00:00+0200;10998;12543;1545;3777;2864;-913
2016-07-17T11:00:00+0200;13186;15062;1876;4555;3796;-759
2016-07-17T12:00:00+0200;14564;16059;1495;5264;5096;-168
2016-07-17T13:00:00+0200;14949;15844;895;5934;6084;150
2016-07-17T14:00:00+0200;14692;15239;547;6359;7280;921
2016-07-17T15:00:00+0200;13678;14144;466;6489;7924;1435
2016-07-17T16:00:00+0200;11885;12744;859;6514;7811;1297
2016-07-17T17:00:00+0200;9298;10038;740;6355;7542;1187
2016-07-17T18:00:00+0200;6054;6827;773;5875;6670;795
2016-07-17T19:00:00+0200;2998;3411;413;5180;5454;274
2016-07-17T20:00:00+0200;888;997;109;4550;4748;198
2016-07-17T21:00:00+0200;48;56;8;4172;4570;398
2016-07-17T22:00:00+0200;0;0;0;4075;4313;238
2016-07-17T23:00:00+0200;0;0;0;4121;4129;8
2016-07-18T00:00:00+0200;0;0;0;4195;3879;-316
2016-07-18T01:00:00+0200;0;0;0;4104;3776;-328
2016-07-18T02:00:00+0200;0;0;0;4146;3865;-281
2016-07-18T03:00:00+0200;0;0;0;4260;3914;-346
2016-07-18T04:00:00+0200;1;0;-1;4341;3828;-513
2016-07-18T05:00:00+0200;130;96;-34;4298;3883;-415
2016-07-18T06:00:00+0200;1344;1149;-195;4158;3903;-255
2016-07-18T07:00:00+0200;4223;3768;-455;3994;3332;-662
2016-07-18T08:00:00+0200;8400;7698;-702;3997;3001;-996
2016-07-18T09:00:00+0200;13220;12696;-524;4588;3422;-1166
2016-07-18T10:00:00+0200;17350;17311;-39;5251;4189;-1062
2016-07-18T11:00:00+0200;19915;19740;-175;5849;5187;-662
2016-07-18T12:00:00+0200;21048;20477;-571;6320;5903;-417
2016-07-18T13:00:00+0200;21364;20532;-832;6706;6482;-224
2016-07-18T14:00:00+0200;20826;20360;-466;6873;6816;-57
2016-07-18T15:00:00+0200;19237;19208;-29;6776;6547;-229
2016-07-18T16:00:00+0200;16454;16647;193;6512;6466;-46
2016-07-18T17:00:00+0200;12497;12846;349;5955;6243;288
2016-07-18T18:00:00+0200;7713;8090;377;5071;5466;395
2016-07-18T19:00:00+0200;3485;3703;218;4127;4579;452
2016-07-18T20:00:00+0200;1010;1006;-4;3230;3179;-51
2016-07-18T21:00:00+0200;57;56;-1;2810;2613;-197
2016-07-18T22:00:00+0200;0;0;0;2655;2540;-115
2016-07-18T23:00:00+0200;0;0;0;2634;2573;-61
2016-07-19T00:00:00+0200;0;0;0;2971;2590;-381
2016-07-19T01:00:00+0200;0;0;0;2902;2628;-274
2016-07-19T02:00:00+0200;0;0;0;2778;2392;-386
2016-07-19T03:00:00+0200;0;0;0;2605;2213;-392
2016-07-19T04:00:00+0200;1;0;-1;2392;1950;-442
2016-07-19T05:00:00+0200;148;109;-39;2111;1692;-419
2016-07-19T06:00:00+0200;1461;1264;-197;1776;1526;-250
2016-07-19T07:00:00+0200;5002;4510;-492;1437;1212;-225
2016-07-19T08:00:00+0200;10416;9473;-943;1156;849;-307
2016-07-19T09:00:00+0200;15968;14558;-1410;1177;801;-376
2016-07-19T10:00:00+0200;20246;19030;-1216;1300;1059;-241
2016-07-19T11:00:00+0200;22837;22091;-746;1432;1284;-148
2016-07-19T12:00:00+0200;24054;23807;-247;1534;1493;-41
2016-07-19T13:00:00+0200;24235;24179;-56;1626;1645;19
2016-07-19T14:00:00+0200;23269;23256;-13;1700;1784;84
2016-07-19T15:00:00+0200;21075;21344;269;1712;1716;4
2016-07-19T16:00:00+0200;17818;18034;216;1631;1484;-147
2016-07-19T17:00:00+0200;13334;13544;210;1462;1330;-132
2016-07-19T18:00:00+0200;8044;8432;388;1264;1181;-83
2016-07-19T19:00:00+0200;3493;3707;214;1158;1086;-72
2016-07-19T20:00:00+0200;994;1009;15;1305;1163;-142
2016-07-19T21:00:00+0200;55;57;2;1889;1894;5
2016-07-19T22:00:00+0200;0;0;0;2681;2826;145
2016-07-19T23:00:00+0200;0;0;0;3253;3349;96
2016-07-20T00:00:00+0200;0;0;0;3838;3644;-194
2016-07-20T01:00:00+0200;0;0;0;4029;3783;-246
2016-07-20T02:00:00+0200;0;0;0;4094;3924;-170
2016-07-20T03:00:00+0200;0;0;0;4154;3941;-213
2016-07-20T04:00:00+0200;1;0;-1;4311;4127;-184
2016-07-20T05:00:00+0200;147;117;-30;4532;4348;-184
2016-07-20T06:00:00+0200;1459;1314;-145;4626;4430;-196
2016-07-20T07:00:00+0200;5212;4882;-330;4216;3828;-388
2016-07-20T08:00:00+0200;10952;10407;-545;3407;2712;-695
2016-07-20T09:00:00+0200;16896;16139;-757;3101;2648;-453
2016-07-20T10:00:00+0200;21726;20690;-1036;3234;2923;-311
2016-07-20T11:00:00+0200;24718;23670;-1048;3502;3397;-105
2016-07-20T12:00:00+0200;25967;25143;-824;3939;4024;85
2016-07-20T13:00:00+0200;26263;25580;-683;4387;4735;348
2016-07-20T14:00:00+0200;25525;24824;-701;4811;5268;457
2016-07-20T15:00:00+0200;23280;22834;-446;5240;5956;716
2016-07-20T16:00:00+0200;19624;19299;-325;5727;6564;837
2016-07-20T17:00:00+0200;14443;14461;18;6235;6998;763
2016-07-20T18:00:00+0200;8388;8435;47;6773;6905;132
2016-07-20T19:00:00+0200;3392;3231;-161;7559;6579;-980
2016-07-20T20:00:00+0200;936;690;-246;8588;7966;-622
2016-07-20T21:00:00+0200;51;30;-21;10176;9748;-428
2016-07-20T22:00:00+0200;0;0;0;11502;10569;-933
2016-07-20T23:00:00+0200;0;0;0;11895;10228;-1667
2016-07-21T00:00:00+0200;0;0;0;10413;9168;-1245
2016-07-21T01:00:00+0200;0;0;0;9595;8206;-1389
2016-07-21T02:00:00+0200;0;0;0;8381;7508;-873
2016-07-21T03:00:00+0200;0;0;0;7197;7436;239
2016-07-21T04:00:00+0200;0;0;0;6330;6632;302
2016-07-21T05:00:00+0200;99;82;-17;5414;6100;686
2016-07-21T06:00:00+0200;1034;972;-62;4427;5821;1394
2016-07-21T07:00:00+0200;3271;2889;-382;3259;4112;853
2016-07-21T08:00:00+0200;6229;5137;-1092;2091;2637;546
2016-07-21T09:00:00+0200;9306;7881;-1425;1585;2435;850
2016-07-21T10:00:00+0200;11846;11200;-646;1496;2539;1043
2016-07-21T11:00:00+0200;13721;13846;125;1408;2671;1263
2016-07-21T12:00:00+0200;14805;16012;1207;1303;2643;1340
2016-07-21T13:00:00+0200;15176;17190;2014;1236;2455;1219
2016-07-21T14:00:00+0200;14915;16421;1506;1214;2206;992
2016-07-21T15:00:00+0200;13953;14671;718;1254;1894;640
2016-07-21T16:00:00+0200;12080;12986;906;1332;1710;378
2016-07-21T17:00:00+0200;9325;9900;575;1432;1990;558
2016-07-21T18:00:00+0200;5932;6435;503;1577;2554;977
2016-07-21T19:00:00+0200;2851;3156;305;1732;2522;790
2016-07-21T20:00:00+0200;799;848;49;1842;2546;704
2016-07-21T21:00:00+0200;36;37;1;2009;2727;718
2016-07-21T22:00:00+0200;0;0;0;2214;3050;836
2016-07-21T23:00:00+0200;0;0;0;2333;3068;735
2016-07-22T00:00:00+0200;0;0;0;2211;2924;713
2016-07-22T01:00:00+0200;0;0;0;2138;2670;532
2016-07-22T02:00:00+0200;0;0;0;2074;2437;363
2016-07-22T03:00:00+0200;0;0;0;2000;2144;144
2016-07-22T04:00:00+0200;0;0;0;1883;1958;75
2016-07-22T05:00:00+0200;106;91;-15;1731;1905;174
2016-07-22T06:00:00+0200;1250;1214;-36;1513;1970;457
2016-07-22T07:00:00+0200;4205;4158;-47;1176;1636;460
2016-07-22T08:00:00+0200;8408;8200;-208;846;1338;492
2016-07-22T09:00:00+0200;12910;12898;-12;773;1547;774
2016-07-22T10:00:00+0200;16745;17034;289;789;1789;1000
2016-07-22T11:00:00+0200;19406;19854;448;800;2018;1218
2016-07-22T12:00:00+0200;20818;20994;176;862;2046;1184
2016-07-22T13:00:00+0200;20940;21078;138;937;2132;1195
2016-07-22T14:00:00+0200;20010;19807;-203;1066;2184;1118
2016-07-22T15:00:00+0200;17710;17202;-508;1381;2456;1075
2016-07-22T16:00:00+0200;14199;13316;-883;1785;2731;946
2016-07-22T17:00:00+0200;10000;8972;-1028;2235;3671;1436
2016-07-22T18:00:00+0200;5846;5084;-762;2726;4250;1524
2016-07-22T19:00:00+0200;2663;2336;-327;3099;4705;1606
2016-07-22T20:00:00+0200;723;610;-113;3425;4414;989
2016-07-22T21:00:00+0200;31;35;4;4125;4499;374
2016-07-22T22:00:00+0200;0;0;0;4793;4695;-98
2016-07-22T23:00:00+0200;0;0;0;4966;4728;-238
2016-07-23T00:00:00+0200;0;0;0;5137;4064;-1073
2016-07-23T01:00:00+0200;0;0;0;4806;3666;-1140
2016-07-23T02:00:00+0200;0;0;0;4455;3358;-1097
2016-07-23T03:00:00+0200;0;0;0;4154;2954;-1200
2016-07-23T04:00:00+0200;0;0;0;3878;2706;-1172
2016-07-23T05:00:00+0200;93;72;-21;3504;2498;-1006
2016-07-23T06:00:00+0200;1089;986;-103;3038;2125;-913
2016-07-23T07:00:00+0200;3664;3256;-408;2467;1415;-1052
2016-07-23T08:00:00+0200;7236;6304;-932;1906;804;-1102
2016-07-23T09:00:00+0200;11004;9826;-1178;1608;706;-902
2016-07-23T10:00:00+0200;14321;12946;-1375;1562;843;-719
2016-07-23T11:00:00+0200;16791;14766;-2025;1546;1084;-462
2016-07-23T12:00:00+0200;18170;15471;-2699;1629;1237;-392
2016-07-23T13:00:00+0200;18340;15785;-2555;1681;1200;-481
2016-07-23T14:00:00+0200;17349;15384;-1965;1718;1164;-554
2016-07-23T15:00:00+0200;15267;14370;-897;1859;1139;-720
2016-07-23T16:00:00+0200;12374;12091;-283;2018;1185;-833
2016-07-23T17:00:00+0200;9016;8705;-311;2231;1368;-863
2016-07-23T18:00:00+0200;5513;5343;-170;2518;1411;-1107
2016-07-23T19:00:00+0200;2587;2543;-44;2805;1559;-1246
2016-07-23T20:00:00+0200;684;662;-22;3170;1712;-1458
2016-07-23T21:00:00+0200;28;34;6;3739;1916;-1823
2016-07-23T22:00:00+0200;0;0;0;4176;2079;-2097
2016-07-23T23:00:00+0200;0;0;0;4157;1888;-2269
2016-07-24T00:00:00+0200;0;0;0;3163;1616;-1547
2016-07-24T01:00:00+0200;0;0;0;2812;1263;-1549
2016-07-24T02:00:00+0200;0;0;0;2517;1061;-1456
2016-07-24T03:00:00+0200;0;0;0;2221;895;-1326
2016-07-24T04:00:00+0200;0;0;0;1912;799;-1113
2016-07-24T05:00:00+0200;83;56;-27;1626;837;-789
2016-07-24T06:00:00+0200;1047;874;-173;1323;820;-503
2016-07-24T07:00:00+0200;3608;3010;-598;967;539;-428
2016-07-24T08:00:00+0200;7298;6197;-1101;583;255;-328
2016-07-24T09:00:00+0200;11377;10283;-1094;413;192;-221
2016-07-24T10:00:00+0200;15112;14240;-872;420;153;-267
2016-07-24T11:00:00+0200;18063;17428;-635;441;135;-306
2016-07-24T12:00:00+0200;19881;19753;-128;467;166;-301
2016-07-24T13:00:00+0200;20412;20422;10;500;265;-235
2016-07-24T14:00:00+0200;19709;19698;-11;571;427;-144
2016-07-24T15:00:00+0200;17690;17318;-372;734;602;-132
2016-07-24T16:00:00+0200;14585;14403;-182;920;883;-37
2016-07-24T17:00:00+0200;10629;10680;51;1130;967;-163
2016-07-24T18:00:00+0200;6395;6614;219;1391;1008;-383
2016-07-24T19:00:00+0200;2930;3048;118;1683;861;-822
2016-07-24T20:00:00+0200;765;766;1;1978;861;-1117
2016-07-24T21:00:00+0200;29;31;2;2362;982;-1380
2016-07-24T22:00:00+0200;0;0;0;2652;1088;-1564
2016-07-24T23:00:00+0200;0;0;0;2780;1129;-1651
2016-07-25T00:00:00+0200;0;0;0;1429;1098;-331
2016-07-25T01:00:00+0200;0;0;0;1391;1019;-372
2016-07-25T02:00:00+0200;0;0;0;1372;978;-394
2016-07-25T03:00:00+0200;0;0;0;1335;932;-403
2016-07-25T04:00:00+0200;0;0;0;1294;883;-411
2016-07-25T05:00:00+0200;81;68;-13;1222;987;-235
2016-07-25T06:00:00+0200;1108;1037;-71;1138;1041;-97
2016-07-25T07:00:00+0200;3751;3629;-122;1054;1072;18
2016-07-25T08:00:00+0200;7412;7361;-51;919;944;25
2016-07-25T09:00:00+0200;11259;11659;400;969;1160;191
2016-07-25T10:00:00+0200;14490;16032;1542;1105;1401;296
2016-07-25T11:00:00+0200;16647;18652;2005;1281;1627;346
2016-07-25T12:00:00+0200;17651;19490;1839;1499;1897;398
2016-07-25T13:00:00+0200;17746;18934;1188;1757;2511;754
2016-07-25T14:00:00+0200;16930;17178;248;2073;2671;598
2016-07-25T15:00:00+0200;15053;14919;-134;2447;2746;299
2016-07-25T16:00:00+0200;12580;11902;-678;2710;2985;275
2016-07-25T17:00:00+0200;9479;9000;-479;2779;3061;282
2016-07-25T18:00:00+0200;5931;5829;-102;2715;3129;414
2016-07-25T19:00:00+0200;2839;2793;-46;2539;2887;348
2016-07-25T20:00:00+0200;719;702;-17;2031;2484;453
2016-07-25T21:00:00+0200;25;24;-1;1822;2218;396
2016-07-25T22:00:00+0200;0;0;0;1803;2065;262
2016-07-25T23:00:00+0200;0;0;0;1769;1962;193
2016-07-26T00:00:00+0200;0;0;0;1682;2092;410
2016-07-26T01:00:00+0200;0;0;0;1659;2224;565
2016-07-26T02:00:00+0200;0;0;0;1670;2342;672
2016-07-26T03:00:00+0200;0;0;0;1697;2441;744
2016-07-26T04:00:00+0200;0;0;0;1657;2452;795
2016-07-26T05:00:00+0200;61;52;-9;1512;2445;933
2016-07-26T06:00:00+0200;913;900;-13;1281;2103;822
2016-07-26T07:00:00+0200;3166;3166;0;1042;1600;558
2016-07-26T08:00:00+0200;6276;6958;682;854;1190;336
2016-07-26T09:00:00+0200;9791;11051;1260;781;1145;364
2016-07-26T10:00:00+0200;13092;14554;1462;804;1233;429
2016-07-26T11:00:00+0200;15782;16965;1183;934;1451;517
2016-07-26T12:00:00+0200;17403;17604;201;1222;1716;494
2016-07-26T13:00:00+0200;17726;17344;-382;1586;1695;109
2016-07-26T14:00:00+0200;16884;16312;-572;1866;1717;-149
2016-07-26T15:00:00+0200;15180;14858;-322;2057;1670;-387
2016-07-26T16:00:00+0200;12625;12755;130;2104;1734;-370
2016-07-26T17:00:00+0200;9342;9354;12;2004;1528;-476
2016-07-26T18:00:00+0200;5774;5952;178;1733;1386;-347
2016-07-26T19:00:00+0200;2661;2744;83;1450;1116;-334
2016-07-26T20:00:00+0200;669;655;-14;1130;1043;-87
2016-07-26T21:00:00+0200;22;19;-3;1115;1158;43
2016-07-26T22:00:00+0200;0;0;0;1182;1274;92
2016-07-26T23:00:00+0200;0;0;0;1155;1350;195
2016-07-27T00:00:00+0200;0;0;0;1290;1622;332
2016-07-27T01:00:00+0200;0;0;0;1321;1674;353
2016-07-27T02:00:00+0200;0;0;0;1355;1576;221
2016-07-27T03:00:00+0200;0;0;0;1418;1614;196
2016-07-27T04:00:00+0200;0;0;0;1523;1824;301
2016-07-27T05:00:00+0200;53;38;-15;1636;2143;507
2016-07-27T06:00:00+0200;812;785;-27;1736;2522;786
2016-07-27T07:00:00+0200;2861;2809;-52;1793;2474;681
2016-07-27T08:00:00+0200;5690;5765;75;1757;2181;424
2016-07-27T09:00:00+0200;8851;9406;555;1799;2095;296
2016-07-27T10:00:00+0200;11822;13334;1512;1989;2731;742
2016-07-27T11:00:00+0200;14187;16524;2337;2210;3262;1052
2016-07-27T12:00:00+0200;15725;17930;2205;2544;3617;1073
2016-07-27T13:00:00+0200;16376;17719;1343;2964;4400;1436
2016-07-27T14:00:00+0200;16163;16610;447;3391;5400;2009
2016-07-27T15:00:00+0200;14809;14520;-289;3809;6412;2603
2016-07-27T16:00:00+0200;12395;12029;-366;4158;6600;2442
2016-07-27T17:00:00+0200;9205;8914;-291;4242;6101;1859
2016-07-27T18:00:00+0200;5652;5465;-187;3983;5376;1393
2016-07-27T19:00:00+0200;2560;2501;-59;3642;4548;906
2016-07-27T20:00:00+0200;610;617;7;3366;3770;404
2016-07-27T21:00:00+0200;18;14;-4;3247;3469;222
2016-07-27T22:00:00+0200;0;0;0;3148;3803;655
2016-07-27T23:00:00+0200;0;0;0;3119;3884;765
2016-07-28T00:00:00+0200;0;0;0;3643;3499;-144
2016-07-28T01:00:00+0200;0;0;0;3538;3208;-330
2016-07-28T02:00:00+0200;0;0;0;3352;2944;-408
2016-07-28T03:00:00+0200;0;0;0;3061;2590;-471
2016-07-28T04:00:00+0200;0;0;0;2710;2362;-348
2016-07-28T05:00:00+0200;58;44;-14;2289;2056;-233
2016-07-28T06:00:00+0200;940;868;-72;1926;1727;-199
2016-07-28T07:00:00+0200;3392;3283;-109;1627;1362;-265
2016-07-28T08:00:00+0200;6844;6588;-256;1438;871;-567
2016-07-28T09:00:00+0200;10523;10454;-69;1388;678;-710
2016-07-28T10:00:00+0200;13639;14160;521;1422;764;-658
2016-07-28T11:00:00+0200;15800;16050;250;1529;1098;-431
2016-07-28T12:00:00+0200;17118;16430;-688;1647;1564;-83
2016-07-28T13:00:00+0200;17632;15865;-1767;1775;1874;99
2016-07-28T14:00:00+0200;17050;15070;-1980;1835;2032;197
2016-07-28T15:00:00+0200;15388;13931;-1457;1828;2051;223
2016-07-28T16:00:00+0200;12714;12224;-490;1743;1996;253
2016-07-28T17:00:00+0200;9378;9447;69;1578;2044;466
2016-07-28T18:00:00+0200;5693;5831;138;1445;1762;317
2016-07-28T19:00:00+0200;2525;2614;89;1351;1650;299
2016-07-28T20:00:00+0200;583;552;-31;1350;1664;314
2016-07-28T21:00:00+0200;14;17;3;1673;2124;451
2016-07-28T22:00:00+0200;0;0;0;2190;2634;444
2016-07-28T23:00:00+0200;0;0;0;2769;3127;358
2016-07-29T00:00:00+0200;0;0;0;4046;3606;-440
2016-07-29T01:00:00+0200;0;0;0;4414;3707;-707
2016-07-29T02:00:00+0200;0;0;0;4608;3734;-874
2016-07-29T03:00:00+0200;0;0;0;4650;3916;-734
2016-07-29T04:00:00+0200;0;0;0;4659;3885;-774
2016-07-29T05:00:00+0200;50;36;-14;4674;3646;-1028
2016-07-29T06:00:00+0200;840;722;-118;4672;3841;-831
2016-07-29T07:00:00+0200;3063;2681;-382;4671;3543;-1128
2016-07-29T08:00:00+0200;6391;5963;-428;4897;3236;-1661
2016-07-29T09:00:00+0200;10133;9668;-465;5477;3727;-1750
2016-07-29T10:00:00+0200;13420;12888;-532;6199;4717;-1482
2016-07-29T11:00:00+0200;15686;14855;-831;6832;5210;-1622
2016-07-29T12:00:00+0200;17015;16553;-462;7401;6206;-1195
2016-07-29T13:00:00+0200;17364;17723;359;8133;6944;-1189
2016-07-29T14:00:00+0200;16810;17617;807;8759;7661;-1098
2016-07-29T15:00:00+0200;15350;16419;1069;9041;8212;-829
2016-07-29T16:00:00+0200;12893;14339;1446;9115;8222;-893
2016-07-29T17:00:00+0200;9505;10640;1135;8761;7854;-907
2016-07-29T18:00:00+0200;5662;6424;762;7871;7028;-843
2016-07-29T19:00:00+0200;2441;2778;337;6831;5675;-1156
2016-07-29T20:00:00+0200;575;584;9;5998;4191;-1807
2016-07-29T21:00:00+0200;13;13;0;5956;3926;-2030
2016-07-29T22:00:00+0200;0;0;0;6293;4440;-1853
2016-07-29T23:00:00+0200;0;0;0;6778;5056;-1722
2016-07-30T00:00:00+0200;0;0;0;6401;5202;-1199
2016-07-30T01:00:00+0200;0;0;0;6749;5392;-1357
2016-07-30T02:00:00+0200;0;0;0;6955;5581;-1374
2016-07-30T03:00:00+0200;0;0;0;7016;5862;-1154
2016-07-30T04:00:00+0200;0;0;0;6984;5927;-1057
2016-07-30T05:00:00+0200;48;34;-14;6903;6032;-871
2016-07-30T06:00:00+0200;862;878;16;6620;6031;-589
2016-07-30T07:00:00+0200;3285;3459;174;6227;5483;-744
2016-07-30T08:00:00+0200;6962;7604;642;5958;5061;-897
2016-07-30T09:00:00+0200;11153;11876;723;5966;5197;-769
2016-07-30T10:00:00+0200;14683;15233;550;6178;5816;-362
2016-07-30T11:00:00+0200;17145;17422;277;6285;6009;-276
2016-07-30T12:00:00+0200;18478;18311;-167;6234;6083;-151
2016-07-30T13:00:00+0200;18900;18376;-524;6162;6234;72
2016-07-30T14:00:00+0200;18337;18462;125;5964;6402;438
2016-07-30T15:00:00+0200;16598;17248;650;5597;6573;976
2016-07-30T16:00:00+0200;13853;14526;673;5036;6389;1353
2016-07-30T17:00:00+0200;10190;10816;626;4220;5824;1604
2016-07-30T18:00:00+0200;6029;6480;451;3287;4675;1388
2016-07-30T19:00:00+0200;2538;2651;113;2299;3295;996
2016-07-30T20:00:00+0200;567;568;1;1573;1995;422
2016-07-30T21:00:00+0200;12;10;-2;1355;1378;23
2016-07-30T22:00:00+0200;0;0;0;1282;1076;-206
2016-07-30T23:00:00+0200;0;0;0;1235;838;-397
2016-07-31T00:00:00+0200;0;0;0;1217;617;-600
2016-07-31T01:00:00+0200;0;0;0;1122;575;-547
2016-07-31T02:00:00+0200;0;0;0;1081;551;-530
2016-07-31T03:00:00+0200;0;0;0;1067;549;-518
2016-07-31T04:00:00+0200;0;0;0;1035;732;-303
2016-07-31T05:00:00+0200;41;25;-16;965;878;-87
2016-07-31T06:00:00+0200;755;672;-83;882;1031;149
2016-07-31T07:00:00+0200;2807;2567;-240;820;947;127
2016-07-31T08:00:00+0200;5635;4845;-790;772;717;-55
2016-07-31T09:00:00+0200;8682;7128;-1554;799;636;-163
2016-07-31T10:00:00+0200;11135;9108;-2027;900;826;-74
2016-07-31T11:00:00+0200;12763;10299;-2464;1101;992;-109
2016-07-31T12:00:00+0200;13599;10651;-2948;1373;1219;-154
2016-07-31T13:00:00+0200;13542;10664;-2878;1700;1627;-73
2016-07-31T14:00:00+0200;12679;9498;-3181;2085;2296;211
2016-07-31T15:00:00+0200;11059;9098;-1961;2618;3080;462
2016-07-31T16:00:00+0200;8940;7974;-966;3125;3731;606
2016-07-31T17:00:00+0200;6571;6800;229;3489;4526;1037
2016-07-31T18:00:00+0200;4065;4560;495;3759;5136;1377
2016-07-31T19:00:00+0200;1855;2220;365;3921;5468;1547
2016-07-31T20:00:00+0200;414;520;106;4120;5358;1238
2016-07-31T21:00:00+0200;10;11;1;4442;5188;746
2016-07-31T22:00:00+0200;0;0;0;4936;5830;894
2016-07-31T23:00:00+0200;0;0;0;5542;6239;697
2016-08-01T00:00:00+0200;0;0;0;5439;6245;806
2016-08-01T01:00:00+0200;0;0;0;5806;6528;722
2016-08-01T02:00:00+0200;0;0;0;5993;7010;1017
2016-08-01T03:00:00+0200;0;0;0;6090;7466;1376
2016-08-01T04:00:00+0200;0;0;0;6200;7610;1410
2016-08-01T05:00:00+0200;46;33;-13;6095;7356;1261
2016-08-01T06:00:00+0200;947;904;-43;5810;7100;1290
2016-08-01T07:00:00+0200;3920;3845;-75;5543;6083;540
2016-08-01T08:00:00+0200;8623;8502;-121;5328;5277;-51
2016-08-01T09:00:00+0200;13856;13681;-175;5390;5619;229
2016-08-01T10:00:00+0200;18133;17481;-652;5537;6261;724
2016-08-01T11:00:00+0200;20881;19362;-1519;5703;6553;850
2016-08-01T12:00:00+0200;22033;19810;-2223;6172;7048;876
2016-08-01T13:00:00+0200;21774;19428;-2346;6678;7168;490
2016-08-01T14:00:00+0200;20393;18645;-1748;6879;7622;743
2016-08-01T15:00:00+0200;18014;16450;-1564;6853;7573;720
2016-08-01T16:00:00+0200;14678;13556;-1122;6623;7336;713
2016-08-01T17:00:00+0200;10547;10087;-460;6014;6559;545
2016-08-01T18:00:00+0200;6118;6432;314;5010;5374;364
2016-08-01T19:00:00+0200;2528;2939;411;3986;4026;40
2016-08-01T20:00:00+0200;538;572;34;3215;2941;-274
2016-08-01T21:00:00+0200;10;9;-1;2872;2723;-149
2016-08-01T22:00:00+0200;0;0;0;2814;2791;-23
2016-08-01T23:00:00+0200;0;0;0;2872;2931;59
2016-08-02T00:00:00+0200;0;0;0;3241;2880;-361
2016-08-02T01:00:00+0200;0;0;0;3309;2801;-508
2016-08-02T02:00:00+0200;0;0;0;3221;2808;-413
2016-08-02T03:00:00+0200;0;0;0;3061;2800;-261
2016-08-02T04:00:00+0200;0;0;0;2961;2708;-253
2016-08-02T05:00:00+0200;29;19;-10;2880;2567;-313
2016-08-02T06:00:00+0200;578;537;-41;2831;2615;-216
2016-08-02T07:00:00+0200;2211;2183;-28;2876;2622;-254
2016-08-02T08:00:00+0200;4364;4210;-154;2952;2483;-469
2016-08-02T09:00:00+0200;6437;6319;-118;3093;2540;-553
2016-08-02T10:00:00+0200;7919;8252;333;3306;2504;-802
2016-08-02T11:00:00+0200;8857;9501;644;3701;2994;-707
2016-08-02T12:00:00+0200;9299;10612;1313;4247;3286;-961
2016-08-02T13:00:00+0200;9046;9832;786;4744;3663;-1081
2016-08-02T14:00:00+0200;8188;8711;523;4936;4030;-906
2016-08-02T15:00:00+0200;7012;7714;702;4944;4102;-842
2016-08-02T16:00:00+0200;5518;6117;599;4866;3986;-880
2016-08-02T17:00:00+0200;3913;4244;331;4760;4140;-620
2016-08-02T18:00:00+0200;2318;2544;226;4659;4182;-477
2016-08-02T19:00:00+0200;973;1107;134;4633;4178;-455
2016-08-02T20:00:00+0200;201;218;17;4766;4252;-514
2016-08-02T21:00:00+0200;3;3;0;5185;4754;-431
2016-08-02T22:00:00+0200;0;0;0;5723;5183;-540
2016-08-02T23:00:00+0200;0;0;0;6306;5758;-548
2016-08-03T00:00:00+0200;0;0;0;5647;6398;751
2016-08-03T01:00:00+0200;0;0;0;6101;6732;631
2016-08-03T02:00:00+0200;0;0;0;6517;7013;496
2016-08-03T03:00:00+0200;0;0;0;6869;7270;401
2016-08-03T04:00:00+0200;0;0;0;7297;7524;227
2016-08-03T05:00:00+0200;13;9;-4;7871;8265;394
2016-08-03T06:00:00+0200;353;390;37;8603;9180;577
2016-08-03T07:00:00+0200;1502;1905;403;9385;10060;675
2016-08-03T08:00:00+0200;3294;4409;1115;10211;10230;19
2016-08-03T09:00:00+0200;5375;7028;1653;11107;10630;-477
2016-08-03T10:00:00+0200;7377;9640;2263;12074;11900;-174
2016-08-03T11:00:00+0200;9163;11560;2397;12934;13172;238
2016-08-03T12:00:00+0200;10415;12263;1848;13483;14214;731
2016-08-03T13:00:00+0200;10859;11982;1123;13765;14639;874
2016-08-03T14:00:00+0200;10642;11422;780;13693;14782;1089
2016-08-03T15:00:00+0200;9680;10154;474;13393;14698;1305
2016-08-03T16:00:00+0200;8132;8808;676;13022;14854;1832
2016-08-03T17:00:00+0200;6156;6429;273;12584;13812;1228
2016-08-03T18:00:00+0200;3744;3864;120;12064;13004;940
2016-08-03T19:00:00+0200;1543;1655;112;11538;12559;1021
2016-08-03T20:00:00+0200;286;334;48;11401;11932;531
2016-08-03T21:00:00+0200;3;6;3;11459;11431;-28
2016-08-03T22:00:00+0200;0;0;0;11474;11212;-262
2016-08-03T23:00:00+0200;0;0;0;11443;11105;-338
2016-08-04T00:00:00+0200;0;0;0;12478;10793;-1685
2016-08-04T01:00:00+0200;0;0;0;12699;11296;-1403
2016-08-04T02:00:00+0200;0;0;0;12798;11279;-1519
2016-08-04T03:00:00+0200;0;0;0;12658;10978;-1680
2016-08-04T04:00:00+0200;0;0;0;12508;10873;-1635
2016-08-04T05:00:00+0200;26;16;-10;12380;10598;-1782
2016-08-04T06:00:00+0200;727;644;-83;12272;10858;-1414
2016-08-04T07:00:00+0200;3150;3035;-115;12265;10708;-1557
2016-08-04T08:00:00+0200;6828;6624;-204;12502;10640;-1862
2016-08-04T09:00:00+0200;10813;10690;-123;12979;11142;-1837
2016-08-04T10:00:00+0200;14254;14353;99;13473;12100;-1373
2016-08-04T11:00:00+0200;16763;16539;-224;13980;13152;-828
2016-08-04T12:00:00+0200;18138;17444;-694;14386;13580;-806
2016-08-04T13:00:00+0200;18116;16769;-1347;14648;13461;-1187
2016-08-04T14:00:00+0200;16952;15324;-1628;14322;12857;-1465
2016-08-04T15:00:00+0200;14715;12969;-1746;13605;12346;-1259
2016-08-04T16:00:00+0200;11457;9925;-1532;12444;11252;-1192
2016-08-04T17:00:00+0200;7768;6739;-1029;10893;10334;-559
2016-08-04T18:00:00+0200;4303;3648;-655;9286;9046;-240
2016-08-04T19:00:00+0200;1713;1488;-225;7983;7774;-209
2016-08-04T20:00:00+0200;307;286;-21;7221;6571;-650
2016-08-04T21:00:00+0200;4;6;2;6894;6412;-482
2016-08-04T22:00:00+0200;0;0;0;6746;6152;-594
2016-08-04T23:00:00+0200;0;0;0;6645;5744;-901
2016-08-05T00:00:00+0200;0;0;0;5876;5210;-666
2016-08-05T01:00:00+0200;0;0;0;5760;4639;-1121
2016-08-05T02:00:00+0200;0;0;0;5574;4363;-1211
2016-08-05T03:00:00+0200;0;0;0;5385;4198;-1187
2016-08-05T04:00:00+0200;0;0;0;5188;4172;-1016
2016-08-05T05:00:00+0200;13;6;-7;4985;4540;-445
2016-08-05T06:00:00+0200;357;313;-44;4772;4333;-439
2016-08-05T07:00:00+0200;1650;1557;-93;4531;3979;-552
2016-08-05T08:00:00+0200;3656;3435;-221;4354;3435;-919
2016-08-05T09:00:00+0200;5965;5746;-219;4348;3425;-923
2016-08-05T10:00:00+0200;8378;8170;-208;4456;4000;-456
2016-08-05T11:00:00+0200;10598;10319;-279;4798;4676;-122
2016-08-05T12:00:00+0200;12183;11524;-659;5375;5616;241
2016-08-05T13:00:00+0200;12855;12727;-128;6006;6078;72
2016-08-05T14:00:00+0200;12883;12509;-374;6540;6707;167
2016-08-05T15:00:00+0200;12037;11801;-236;7019;7482;463
2016-08-05T16:00:00+0200;10240;10612;372;7246;7645;399
2016-08-05T17:00:00+0200;7737;8194;457;7149;7986;837
2016-08-05T18:00:00+0200;4807;5028;221;6765;7518;753
2016-08-05T19:00:00+0200;2085;2164;79;6380;7477;1097
2016-08-05T20:00:00+0200;385;410;25;6358;6914;556
2016-08-05T21:00:00+0200;5;5;0;6716;6302;-414
2016-08-05T22:00:00+0200;0;0;0;7124;6135;-989
2016-08-05T23:00:00+0200;0;0;0;7458;6567;-891
2016-08-06T00:00:00+0200;0;0;0;6826;6525;-301
2016-08-06T01:00:00+0200;0;0;0;6960;6022;-938
2016-08-06T02:00:00+0200;0;0;0;6978;5673;-1305
2016-08-06T03:00:00+0200;0;0;0;6868;5460;-1408
2016-08-06T04:00:00+0200;0;0;0;6717;5286;-1431
2016-08-06T05:00:00+0200;23;15;-8;6602;5133;-1469
2016-08-06T06:00:00+0200;709;615;-94;6269;5486;-783
2016-08-06T07:00:00+0200;3212;2989;-223;5791;5233;-558
2016-08-06T08:00:00+0200;7034;6631;-403;5544;4590;-954
2016-08-06T09:00:00+0200;11271;10575;-696;5792;5150;-642
2016-08-06T10:00:00+0200;14864;13684;-1180;6288;6332;44
2016-08-06T11:00:00+0200;17210;15620;-1590;7012;7284;272
2016-08-06T12:00:00+0200;18394;16174;-2220;7852;7466;-386
2016-08-06T13:00:00+0200;18529;16249;-2280;8736;8128;-608
2016-08-06T14:00:00+0200;17703;15640;-2063;9587;8730;-857
2016-08-06T15:00:00+0200;15812;14326;-1486;10399;9162;-1237
2016-08-06T16:00:00+0200;13047;12120;-927;10972;9915;-1057
2016-08-06T17:00:00+0200;9471;8948;-523;10869;10206;-663
2016-08-06T18:00:00+0200;5555;5494;-61;10168;9489;-679
2016-08-06T19:00:00+0200;2257;2338;81;9244;7852;-1392
2016-08-06T20:00:00+0200;399;418;19;8732;6074;-2658
2016-08-06T21:00:00+0200;5;1;-4;8410;6005;-2405
2016-08-06T22:00:00+0200;0;0;0;8156;6201;-1955
2016-08-06T23:00:00+0200;0;0;0;7936;6065;-1871
2016-08-07T00:00:00+0200;0;0;0;5669;5631;-38
2016-08-07T01:00:00+0200;0;0;0;5648;5595;-53
2016-08-07T02:00:00+0200;0;0;0;5658;5743;85
2016-08-07T03:00:00+0200;0;0;0;5897;6218;321
2016-08-07T04:00:00+0200;0;0;0;6122;6653;531
2016-08-07T05:00:00+0200;26;14;-12;6274;7174;900
2016-08-07T06:00:00+0200;797;693;-104;6457;7887;1430
2016-08-07T07:00:00+0200;3858;3594;-264;6713;7417;704
2016-08-07T08:00:00+0200;8891;8540;-351;7243;6472;-771
2016-08-07T09:00:00+0200;14481;14254;-227;8001;7582;-419
2016-08-07T10:00:00+0200;19130;18866;-264;8918;9253;335
2016-08-07T11:00:00+0200;22209;22227;18;9643;10584;941
2016-08-07T12:00:00+0200;23784;24084;300;10214;11362;1148
2016-08-07T13:00:00+0200;24042;24258;216;10671;12121;1450
2016-08-07T14:00:00+0200;22925;23046;121;10930;12095;1165
2016-08-07T15:00:00+0200;20375;20516;141;10959;11882;923
2016-08-07T16:00:00+0200;16485;16745;260;10652;11484;832
2016-08-07T17:00:00+0200;11521;11817;296;10045;10766;721
2016-08-07T18:00:00+0200;6188;6598;410;9204;9772;568
2016-08-07T19:00:00+0200;2165;2412;247;8407;8550;143
2016-08-07T20:00:00+0200;372;401;29;8396;7324;-1072
2016-08-07T21:00:00+0200;5;0;-5;8800;7530;-1270
2016-08-07T22:00:00+0200;0;0;0;9517;8727;-790
2016-08-07T23:00:00+0200;0;0;0;10227;10156;-71
2016-08-08T00:00:00+0200;0;0;0;10595;11204;609
2016-08-08T01:00:00+0200;0;0;0;11495;11491;-4
2016-08-08T02:00:00+0200;0;0;0;12469;11687;-782
2016-08-08T03:00:00+0200;0;0;0;13446;12538;-908
2016-08-08T04:00:00+0200;0;0;0;14390;13730;-660
2016-08-08T05:00:00+0200;19;10;-9;15178;14715;-463
2016-08-08T06:00:00+0200;678;592;-86;15795;15433;-362
2016-08-08T07:00:00+0200;3379;3171;-208;16265;15394;-871
2016-08-08T08:00:00+0200;7711;7688;-23;16914;15250;-1664
2016-08-08T09:00:00+0200;12424;12582;158;17917;16229;-1688
2016-08-08T10:00:00+0200;16355;16748;393;18977;16916;-2061
2016-08-08T11:00:00+0200;19055;19736;681;19919;18238;-1681
2016-08-08T12:00:00+0200;20491;20624;133;20595;19364;-1231
2016-08-08T13:00:00+0200;20545;20346;-199;20857;19885;-972
2016-08-08T14:00:00+0200;19372;19585;213;20741;19683;-1058
2016-08-08T15:00:00+0200;17179;17778;599;20508;19577;-931
2016-08-08T16:00:00+0200;14041;14598;557;19722;19090;-632
2016-08-08T17:00:00+0200;9959;10550;591;18562;17711;-851
2016-08-08T18:00:00+0200;5569;6030;461;16766;16381;-385
2016-08-08T19:00:00+0200;2133;2208;75;14559;14640;81
2016-08-08T20:00:00+0200;343;330;-13;12011;12395;384
2016-08-08T21:00:00+0200;3;0;-3;10142;10344;202
2016-08-08T22:00:00+0200;0;0;0;8642;9073;431
2016-08-08T23:00:00+0200;0;0;0;7644;8038;394
2016-08-09T00:00:00+0200;0;0;0;8615;7212;-1403
2016-08-09T01:00:00+0200;0;0;0;8216;6509;-1707
2016-08-09T02:00:00+0200;0;0;0;7857;5968;-1889
2016-08-09T03:00:00+0200;0;0;0;7512;5470;-2042
2016-08-09T04:00:00+0200;0;0;0;7116;5263;-1853
2016-08-09T05:00:00+0200;11;4;-7;6802;5240;-1562
2016-08-09T06:00:00+0200;400;298;-102;6553;5636;-917
2016-08-09T07:00:00+0200;1900;1547;-353;6413;5128;-1285
2016-08-09T08:00:00+0200;4279;3563;-716;6399;4615;-1784
2016-08-09T09:00:00+0200;6989;6210;-779;6744;4776;-1968
2016-08-09T10:00:00+0200;9427;9334;-93;7423;6046;-1377
2016-08-09T11:00:00+0200;11305;11736;431;8111;7687;-424
2016-08-09T12:00:00+0200;12513;13348;835;8882;9328;446
2016-08-09T13:00:00+0200;12850;14358;1508;9650;10340;690
2016-08-09T14:00:00+0200;12469;14216;1747;10334;11310;976
2016-08-09T15:00:00+0200;11371;12618;1247;11047;12266;1219
2016-08-09T16:00:00+0200;9544;10014;470;11646;12399;753
2016-08-09T17:00:00+0200;7106;7090;-16;11833;12230;397
2016-08-09T18:00:00+0200;4248;4210;-38;11426;12075;649
2016-08-09T19:00:00+0200;1698;1652;-46;11014;9966;-1048
2016-08-09T20:00:00+0200;259;247;-12;10399;8725;-1674
2016-08-09T21:00:00+0200;2;0;-2;9800;7989;-1811
2016-08-09T22:00:00+0200;0;0;0;9389;7769;-1620
2016-08-09T23:00:00+0200;0;0;0;9258;7352;-1906
2016-08-10T00:00:00+0200;0;0;0;7813;6955;-858
2016-08-10T01:00:00+0200;0;0;0;7751;6782;-969
2016-08-10T02:00:00+0200;0;0;0;7662;6716;-946
2016-08-10T03:00:00+0200;0;0;0;7443;6661;-782
2016-08-10T04:00:00+0200;0;0;0;7355;6614;-741
2016-08-10T05:00:00+0200;14;6;-8;7235;6536;-699
2016-08-10T06:00:00+0200;513;396;-117;7165;6273;-892
2016-08-10T07:00:00+0200;2620;2017;-603;6891;5598;-1293
2016-08-10T08:00:00+0200;5962;4594;-1368;6804;5003;-1801
2016-08-10T09:00:00+0200;9791;8131;-1660;7038;4989;-2049
2016-08-10T10:00:00+0200;13238;11834;-1404;7366;5521;-1845
2016-08-10T11:00:00+0200;15927;14291;-1636;7792;6738;-1054
2016-08-10T12:00:00+0200;17648;15127;-2521;8043;8268;225
2016-08-10T13:00:00+0200;18107;14674;-3433;8369;9053;684
2016-08-10T14:00:00+0200;17457;14197;-3260;8869;9596;727
2016-08-10T15:00:00+0200;15611;13410;-2201;9303;10330;1027
2016-08-10T16:00:00+0200;12732;11958;-774;9590;10642;1052
2016-08-10T17:00:00+0200;9068;9095;27;9351;10255;904
2016-08-10T18:00:00+0200;5200;5322;122;8803;9498;695
2016-08-10T19:00:00+0200;2006;2130;124;7959;8277;318
2016-08-10T20:00:00+0200;292;302;10;7402;6676;-726
2016-08-10T21:00:00+0200;3;0;-3;6928;6186;-742
2016-08-10T22:00:00+0200;0;0;0;6561;6665;104
2016-08-10T23:00:00+0200;0;0;0;6503;7144;641
2016-08-11T00:00:00+0200;0;0;0;7007;7904;897
2016-08-11T01:00:00+0200;0;0;0;6975;7718;743
2016-08-11T02:00:00+0200;0;0;0;6984;7493;509
2016-08-11T03:00:00+0200;0;0;0;6984;7444;460
2016-08-11T04:00:00+0200;0;0;0;6990;7608;618
2016-08-11T05:00:00+0200;16;8;-8;6811;7476;665
2016-08-11T06:00:00+0200;651;566;-85;6343;6782;439
2016-08-11T07:00:00+0200;3600;3269;-331;5840;5487;-353
2016-08-11T08:00:00+0200;8520;7762;-758;5639;4174;-1465
2016-08-11T09:00:00+0200;13861;12799;-1062;6022;4793;-1229
2016-08-11T10:00:00+0200;17634;16272;-1362;6958;6296;-662
2016-08-11T11:00:00+0200;19408;17253;-2155;8111;8173;62
2016-08-11T12:00:00+0200;19834;17279;-2555;9232;9703;471
2016-08-11T13:00:00+0200;19180;16811;-2369;10191;10694;503
2016-08-11T14:00:00+0200;17426;15727;-1699;11041;10918;-123
2016-08-11T15:00:00+0200;14739;13814;-925;11761;11228;-533
2016-08-11T16:00:00+0200;11325;10903;-422;12018;11144;-874
2016-08-11T17:00:00+0200;7541;7498;-43;11845;10662;-1183
2016-08-11T18:00:00+0200;3960;3911;-49;11305;9564;-1741
2016-08-11T19:00:00+0200;1368;1308;-60;10791;8417;-2374
2016-08-11T20:00:00+0200;166;124;-42;10912;7787;-3125
2016-08-11T21:00:00+0200;1;0;-1;11129;7474;-3655
2016-08-11T22:00:00+0200;0;0;0;11511;7580;-3931
2016-08-11T23:00:00+0200;0;0;0;12060;7718;-4342
2016-08-12T00:00:00+0200;0;0;0;9353;7759;-1594
2016-08-12T01:00:00+0200;0;0;0;9544;7307;-2237
2016-08-12T02:00:00+0200;0;0;0;9613;6806;-2807
2016-08-12T03:00:00+0200;0;0;0;9500;6371;-3129
2016-08-12T04:00:00+0200;0;0;0;9387;6132;-3255
2016-08-12T05:00:00+0200;2;2;0;9282;5789;-3493
2016-08-12T06:00:00+0200;138;147;9;9214;5580;-3634
2016-08-12T07:00:00+0200;675;869;194;9085;5344;-3741
2016-08-12T08:00:00+0200;1536;2105;569;9055;5069;-3986
2016-08-12T09:00:00+0200;2527;3498;971;9381;5178;-4203
2016-08-12T10:00:00+0200;3543;5060;1517;9756;5847;-3909
2016-08-12T11:00:00+0200;4487;6309;1822;10198;6469;-3729
2016-08-12T12:00:00+0200;5219;7221;2002;10732;7243;-3489
2016-08-12T13:00:00+0200;5550;7733;2183;11223;8526;-2697
2016-08-12T14:00:00+0200;5570;7906;2336;11576;9446;-2130
2016-08-12T15:00:00+0200;5288;7586;2298;12009;9588;-2421
2016-08-12T16:00:00+0200;4718;6319;1601;12214;9831;-2383
2016-08-12T17:00:00+0200;3826;4735;909;12099;10040;-2059
2016-08-12T18:00:00+0200;2448;2833;385;11660;9874;-1786
2016-08-12T19:00:00+0200;988;1146;158;11138;9713;-1425
2016-08-12T20:00:00+0200;142;147;5;10858;9598;-1260
2016-08-12T21:00:00+0200;1;0;-1;10877;9476;-1401
2016-08-12T22:00:00+0200;0;0;0;11124;9434;-1690
2016-08-12T23:00:00+0200;0;0;0;11342;9382;-1960
2016-08-13T00:00:00+0200;0;0;0;11145;9754;-1391
2016-08-13T01:00:00+0200;0;0;0;11414;10025;-1389
2016-08-13T02:00:00+0200;0;0;0;11521;10052;-1469
2016-08-13T03:00:00+0200;0;0;0;11415;9826;-1589
2016-08-13T04:00:00+0200;0;0;0;11309;9574;-1735
2016-08-13T05:00:00+0200;10;5;-5;11218;9718;-1500
2016-08-13T06:00:00+0200;510;459;-51;11172;9834;-1338
2016-08-13T07:00:00+0200;2987;2922;-65;11072;9727;-1345
2016-08-13T08:00:00+0200;7194;7313;119;11407;9546;-1861
2016-08-13T09:00:00+0200;12146;12613;467;12524;10548;-1976
2016-08-13T10:00:00+0200;16391;17117;726;13666;13110;-556
2016-08-13T11:00:00+0200;19197;19655;458;14621;15193;572
2016-08-13T12:00:00+0200;20701;20675;-26;15203;15693;490
2016-08-13T13:00:00+0200;21016;21117;101;15549;16125;576
2016-08-13T14:00:00+0200;20013;20726;713;15642;15757;115
2016-08-13T15:00:00+0200;17764;18762;998;15639;15448;-191
2016-08-13T16:00:00+0200;14496;15488;992;15244;14948;-296
2016-08-13T17:00:00+0200;10209;10879;670;14456;14072;-384
2016-08-13T18:00:00+0200;5504;5891;387;13229;12508;-721
2016-08-13T19:00:00+0200;1859;1872;13;11787;10627;-1160
2016-08-13T20:00:00+0200;230;211;-19;10828;9204;-1624
2016-08-13T21:00:00+0200;1;0;-1;10042;8350;-1692
2016-08-13T22:00:00+0200;0;0;0;9274;7329;-1945
2016-08-13T23:00:00+0200;0;0;0;8677;6285;-2392
2016-08-14T00:00:00+0200;0;0;0;6877;5496;-1381
2016-08-14T01:00:00+0200;0;0;0;6244;4658;-1586
2016-08-14T02:00:00+0200;0;0;0;5806;4078;-1728
2016-08-14T03:00:00+0200;0;0;0;5383;3675;-1708
2016-08-14T04:00:00+0200;0;0;0;5001;3545;-1456
2016-08-14T05:00:00+0200;8;4;-4;4566;3408;-1158
2016-08-14T06:00:00+0200;502;452;-50;4184;3307;-877
2016-08-14T07:00:00+0200;3007;2940;-67;3584;3156;-428
2016-08-14T08:00:00+0200;7202;7448;246;3169;2798;-371
2016-08-14T09:00:00+0200;11990;12565;575;3778;3462;-316
2016-08-14T10:00:00+0200;16038;16442;404;4060;3738;-322
2016-08-14T11:00:00+0200;18749;19084;335;4293;4262;-31
2016-08-14T12:00:00+0200;20025;19928;-97;4616;4470;-146
2016-08-14T13:00:00+0200;19995;19710;-285;4974;4831;-143
2016-08-14T14:00:00+0200;18841;18742;-99;5259;5187;-72
2016-08-14T15:00:00+0200;16545;17022;477;5412;5346;-66
2016-08-14T16:00:00+0200;13373;14235;862;5460;5275;-185
2016-08-14T17:00:00+0200;9384;10316;932;5199;5247;48
2016-08-14T18:00:00+0200;5108;5798;690;4742;4789;47
2016-08-14T19:00:00+0200;1745;2018;273;4148;4272;124
2016-08-14T20:00:00+0200;199;222;23;3416;3862;446
2016-08-14T21:00:00+0200;1;0;-1;3397;4145;748
2016-08-14T22:00:00+0200;0;0;0;3273;4139;866
2016-08-14T23:00:00+0200;0;0;0;3135;4068;933
2016-08-15T00:00:00+0200;0;0;0;2982;3850;868
2016-08-15T01:00:00+0200;0;0;0;2863;3504;641
2016-08-15T02:00:00+0200;0;0;0;2825;3240;415
2016-08-15T03:00:00+0200;0;0;0;2840;3164;324
2016-08-15T04:00:00+0200;0;0;0;2877;3132;255
2016-08-15T05:00:00+0200;6;3;-3;2774;3097;323
2016-08-15T06:00:00+0200;481;429;-52;2492;3092;600
2016-08-15T07:00:00+0200;3058;2855;-203;2032;2487;455
2016-08-15T08:00:00+0200;7603;7234;-369;1465;1440;-25
2016-08-15T09:00:00+0200;12884;12646;-238;1425;1105;-320
2016-08-15T10:00:00+0200;17113;17458;345;1577;1298;-279
2016-08-15T11:00:00+0200;19707;20296;589;1734;1530;-204
2016-08-15T12:00:00+0200;20916;21129;213;1850;1631;-219
2016-08-15T13:00:00+0200;20932;20626;-306;2006;1913;-93
2016-08-15T14:00:00+0200;19720;19675;-45;2239;2262;23
2016-08-15T15:00:00+0200;17504;17697;193;2550;2327;-223
2016-08-15T16:00:00+0200;14289;14586;297;2810;2538;-272
2016-08-15T17:00:00+0200;10091;10669;578;2906;2796;-110
2016-08-15T18:00:00+0200;5477;6142;665;2900;2939;39
2016-08-15T19:00:00+0200;1829;2108;279;2847;2946;99
2016-08-15T20:00:00+0200;199;231;32;2817;2980;163
2016-08-15T21:00:00+0200;1;0;-1;3078;3772;694
2016-08-15T22:00:00+0200;0;0;0;3161;4172;1011
2016-08-15T23:00:00+0200;0;0;0;3110;4043;933
2016-08-16T00:00:00+0200;0;0;0;3139;3746;607
2016-08-16T01:00:00+0200;0;0;0;2853;3317;464
2016-08-16T02:00:00+0200;0;0;0;2647;2872;225
2016-08-16T03:00:00+0200;0;0;0;2486;2474;-12
2016-08-16T04:00:00+0200;0;0;0;2366;2227;-139
2016-08-16T05:00:00+0200;6;2;-4;2209;2149;-60
2016-08-16T06:00:00+0200;487;443;-44;2002;2131;129
2016-08-16T07:00:00+0200;3181;3135;-46;1698;1894;196
2016-08-16T08:00:00+0200;7893;8150;257;1133;1166;33
2016-08-16T09:00:00+0200;13420;13981;561;856;756;-100
2016-08-16T10:00:00+0200;17945;18825;880;788;928;140
2016-08-16T11:00:00+0200;20762;21417;655;777;1175;398
2016-08-16T12:00:00+0200;21981;22096;115;780;1258;478
2016-08-16T13:00:00+0200;21926;21745;-181;810;1592;782
2016-08-16T14:00:00+0200;20671;20887;216;929;1936;1007
2016-08-16T15:00:00+0200;18214;18585;371;1184;2224;1040
2016-08-16T16:00:00+0200;14688;15332;644;1503;2593;1090
2016-08-16T17:00:00+0200;10205;11174;969;1910;2860;950
2016-08-16T18:00:00+0200;5426;6021;595;2336;2884;548
2016-08-16T19:00:00+0200;1756;1885;129;2731;3073;342
2016-08-16T20:00:00+0200;185;204;19;3245;3778;533
2016-08-16T21:00:00+0200;1;0;-1;3934;4942;1008
2016-08-16T22:00:00+0200;0;0;0;4417;5369;952
2016-08-16T23:00:00+0200;0;0;0;4523;5108;585
2016-08-17T00:00:00+0200;0;0;0;4090;4260;170
2016-08-17T01:00:00+0200;0;0;0;3737;3659;-78
2016-08-17T02:00:00+0200;0;0;0;3467;3250;-217
2016-08-17T03:00:00+0200;0;0;0;3124;2870;-254
2016-08-17T04:00:00+0200;0;0;0;2818;2528;-290
2016-08-17T05:00:00+0200;6;2;-4;2612;2424;-188
2016-08-17T06:00:00+0200;453;398;-55;2409;2348;-61
2016-08-17T07:00:00+0200;3120;2869;-251;2088;1946;-142
2016-08-17T08:00:00+0200;7916;7368;-548;1336;1246;-90
2016-08-17T09:00:00+0200;13477;12728;-749;960;652;-308
2016-08-17T10:00:00+0200;18222;17798;-424;980;547;-433
2016-08-17T11:00:00+0200;21390;21366;-24;1035;558;-477
2016-08-17T12:00:00+0200;22856;22908;52;1058;673;-385
2016-08-17T13:00:00+0200;22852;23282;430;1074;759;-315
2016-08-17T14:00:00+0200;21668;22286;618;1061;797;-264
2016-08-17T15:00:00+0200;19206;20371;1165;1149;887;-262
2016-08-17T16:00:00+0200;15695;16899;1204;1415;985;-430
2016-08-17T17:00:00+0200;11040;11782;742;1712;1240;-472
2016-08-17T18:00:00+0200;5825;6210;385;2058;1483;-575
2016-08-17T19:00:00+0200;1805;1870;65;2422;1568;-854
2016-08-17T20:00:00+0200;179;196;17;2785;2021;-764
2016-08-17T21:00:00+0200;1;0;-1;3298;2981;-317
2016-08-17T22:00:00+0200;0;0;0;3796;3543;-253
2016-08-17T23:00:00+0200;0;0;0;3784;3687;-97
2016-08-18T00:00:00+0200;0;0;0;3499;3396;-103
2016-08-18T01:00:00+0200;0;0;0;3367;3150;-217
2016-08-18T02:00:00+0200;0;0;0;3259;2936;-323
2016-08-18T03:00:00+0200;0;0;0;3142;2806;-336
2016-08-18T04:00:00+0200;0;0;0;3002;2784;-218
2016-08-18T05:00:00+0200;5;1;-4;2786;2660;-126
2016-08-18T06:00:00+0200;395;344;-51;2539;2456;-83
2016-08-18T07:00:00+0200;2801;2764;-37;2167;2263;96
2016-08-18T08:00:00+0200;7327;7266;-61;1475;1848;373
2016-08-18T09:00:00+0200;12492;12484;-8;1005;1307;302
2016-08-18T10:00:00+0200;16695;16799;104;881;1251;370
2016-08-18T11:00:00+0200;19499;19812;313;873;1346;473
2016-08-18T12:00:00+0200;20891;20615;-276;955;1274;319
2016-08-18T13:00:00+0200;20730;19976;-754;1077;1292;215
2016-08-18T14:00:00+0200;19264;18540;-724;1218;1422;204
2016-08-18T15:00:00+0200;16753;16072;-681;1354;1522;168
2016-08-18T16:00:00+0200;13337;12708;-629;1469;1616;147
2016-08-18T17:00:00+0200;9081;8466;-615;1544;1856;312
2016-08-18T18:00:00+0200;4697;4341;-356;1584;2087;503
2016-08-18T19:00:00+0200;1439;1364;-75;1635;2172;537
2016-08-18T20:00:00+0200;132;127;-5;1713;2415;702
2016-08-18T21:00:00+0200;0;0;0;1895;2607;712
2016-08-18T22:00:00+0200;0;0;0;2031;2596;565
2016-08-18T23:00:00+0200;0;0;0;1942;2242;300
2016-08-19T00:00:00+0200;0;0;0;1782;1686;-96
2016-08-19T01:00:00+0200;0;0;0;1552;1367;-185
2016-08-19T02:00:00+0200;0;0;0;1367;1238;-129
2016-08-19T03:00:00+0200;0;0;0;1225;1000;-225
2016-08-19T04:00:00+0200;0;0;0;1119;840;-279
2016-08-19T05:00:00+0200;5;0;-5;1045;738;-307
2016-08-19T06:00:00+0200;358;300;-58;1003;740;-263
2016-08-19T07:00:00+0200;2733;2529;-204;964;744;-220
2016-08-19T08:00:00+0200;7055;6668;-387;719;578;-141
2016-08-19T09:00:00+0200;12062;11864;-198;589;308;-281
2016-08-19T10:00:00+0200;16543;16476;-67;559;332;-227
2016-08-19T11:00:00+0200;19895;19706;-189;605;381;-224
2016-08-19T12:00:00+0200;21833;21198;-635;640;439;-201
2016-08-19T13:00:00+0200;22048;21240;-808;724;484;-240
2016-08-19T14:00:00+0200;20748;20253;-495;767;623;-144
2016-08-19T15:00:00+0200;17962;17812;-150;892;944;52
2016-08-19T16:00:00+0200;14005;13639;-366;1110;1242;132
2016-08-19T17:00:00+0200;9274;8832;-442;1370;1401;31
2016-08-19T18:00:00+0200;4600;4425;-175;1807;1587;-220
2016-08-19T19:00:00+0200;1324;1256;-68;2361;1960;-401
2016-08-19T20:00:00+0200;104;76;-28;3753;2777;-976
2016-08-19T21:00:00+0200;0;0;0;5583;4427;-1156
2016-08-19T22:00:00+0200;0;0;0;7430;6035;-1395
2016-08-19T23:00:00+0200;0;0;0;8564;6848;-1716
2016-08-20T00:00:00+0200;0;0;0;7482;7314;-168
2016-08-20T01:00:00+0200;0;0;0;7425;7586;161
2016-08-20T02:00:00+0200;0;0;0;7042;7660;618
2016-08-20T03:00:00+0200;0;0;0;6548;7249;701
2016-08-20T04:00:00+0200;0;0;0;6281;6470;189
2016-08-20T05:00:00+0200;2;0;-2;6042;6004;-38
2016-08-20T06:00:00+0200;264;194;-70;5761;5682;-79
2016-08-20T07:00:00+0200;2100;1779;-321;5586;6036;450
2016-08-20T08:00:00+0200;5373;4888;-485;5340;5388;48
2016-08-20T09:00:00+0200;9266;9174;-92;5001;4740;-261
2016-08-20T10:00:00+0200;12804;12895;91;5035;5279;244
2016-08-20T11:00:00+0200;15530;15746;216;5338;5924;586
2016-08-20T12:00:00+0200;17009;16389;-620;5921;6389;468
2016-08-20T13:00:00+0200;16338;14460;-1878;6516;6480;-36
2016-08-20T14:00:00+0200;14398;11331;-3067;6773;6374;-399
2016-08-20T15:00:00+0200;11905;8472;-3433;6586;6013;-573
2016-08-20T16:00:00+0200;9002;6656;-2346;6261;5892;-369
2016-08-20T17:00:00+0200;5909;4696;-1213;5848;5988;140
2016-08-20T18:00:00+0200;3098;2554;-544;5379;5468;89
2016-08-20T19:00:00+0200;995;861;-134;4993;4907;-86
2016-08-20T20:00:00+0200;75;90;15;5026;4194;-832
2016-08-20T21:00:00+0200;0;0;0;5476;5583;107
2016-08-20T22:00:00+0200;0;0;0;6201;6150;-51
2016-08-20T23:00:00+0200;0;0;0;6943;7269;326
2016-08-21T00:00:00+0200;0;0;0;7966;7882;-84
2016-08-21T01:00:00+0200;0;0;0;8344;8586;242
2016-08-21T02:00:00+0200;0;0;0;8554;9684;1130
2016-08-21T03:00:00+0200;0;0;0;8820;10203;1383
2016-08-21T04:00:00+0200;0;0;0;9185;9877;692
2016-08-21T05:00:00+0200;3;0;-3;9414;10269;855
2016-08-21T06:00:00+0200;266;202;-64;9501;10610;1109
2016-08-21T07:00:00+0200;2022;1829;-193;9314;10297;983
2016-08-21T08:00:00+0200;5441;5110;-331;8998;9735;737
2016-08-21T09:00:00+0200;9404;8984;-420;9039;10195;1156
2016-08-21T10:00:00+0200;12921;11284;-1637;9611;11052;1441
2016-08-21T11:00:00+0200;15417;13147;-2270;9972;11710;1738
2016-08-21T12:00:00+0200;16664;14838;-1826;10240;12574;2334
2016-08-21T13:00:00+0200;16524;15407;-1117;10462;13281;2819
2016-08-21T14:00:00+0200;15459;14787;-672;10425;13970;3545
2016-08-21T15:00:00+0200;13666;13844;178;10281;13731;3450
2016-08-21T16:00:00+0200;11088;11735;647;9750;12754;3004
2016-08-21T17:00:00+0200;7648;8454;806;8974;11801;2827
2016-08-21T18:00:00+0200;4044;4867;823;7966;10116;2150
2016-08-21T19:00:00+0200;1213;1407;194;6914;7712;798
2016-08-21T20:00:00+0200;75;92;17;6395;6715;320
2016-08-21T21:00:00+0200;0;0;0;6528;7308;780
2016-08-21T22:00:00+0200;0;0;0;6940;7794;854
2016-08-21T23:00:00+0200;0;0;0;7350;8178;828
2016-08-22T00:00:00+0200;0;0;0;8720;8534;-186
2016-08-22T01:00:00+0200;0;0;0;8745;8659;-86
2016-08-22T02:00:00+0200;0;0;0;8726;8603;-123
2016-08-22T03:00:00+0200;0;0;0;8619;8350;-269
2016-08-22T04:00:00+0200;0;0;0;8399;8004;-395
2016-08-22T05:00:00+0200;3;0;-3;7935;7459;-476
2016-08-22T06:00:00+0200;270;215;-55;7336;6740;-596
2016-08-22T07:00:00+0200;2301;1982;-319;6693;6264;-429
2016-08-22T08:00:00+0200;5912;5190;-722;6185;5866;-319
2016-08-22T09:00:00+0200;9925;9039;-886;6179;6165;-14
2016-08-22T10:00:00+0200;13008;12261;-747;6593;6720;127
2016-08-22T11:00:00+0200;14700;14319;-381;7181;7564;383
2016-08-22T12:00:00+0200;15353;15548;195;7738;8032;294
2016-08-22T13:00:00+0200;14988;15442;454;8297;8404;107
2016-08-22T14:00:00+0200;13752;14642;890;8459;8266;-193
2016-08-22T15:00:00+0200;11871;13019;1148;8162;7896;-266
2016-08-22T16:00:00+0200;9551;10590;1039;7653;7984;331
2016-08-22T17:00:00+0200;6596;7569;973;7023;8264;1241
2016-08-22T18:00:00+0200;3417;4034;617;6330;7992;1662
2016-08-22T19:00:00+0200;957;1220;263;5615;7554;1939
2016-08-22T20:00:00+0200;52;75;23;5104;7314;2210
2016-08-22T21:00:00+0200;0;0;0;4945;7459;2514
2016-08-22T22:00:00+0200;0;0;0;4935;7534;2599
2016-08-22T23:00:00+0200;0;0;0;4882;7465;2583
2016-08-23T00:00:00+0200;0;0;0;7050;6936;-114
2016-08-23T01:00:00+0200;0;0;0;6836;6459;-377
2016-08-23T02:00:00+0200;0;0;0;6453;5806;-647
2016-08-23T03:00:00+0200;0;0;0;5797;5023;-774
2016-08-23T04:00:00+0200;0;0;0;5221;4460;-761
2016-08-23T05:00:00+0200;2;0;-2;4706;4126;-580
2016-08-23T06:00:00+0200;215;202;-13;4208;3877;-331
2016-08-23T07:00:00+0200;2032;2209;177;3706;3618;-88
2016-08-23T08:00:00+0200;6068;6789;721;3002;2622;-380
2016-08-23T09:00:00+0200;11256;12293;1037;2531;1837;-694
2016-08-23T10:00:00+0200;15716;16860;1144;2419;1712;-707
2016-08-23T11:00:00+0200;18869;20106;1237;2387;1709;-678
2016-08-23T12:00:00+0200;20637;21643;1006;2304;1632;-672
2016-08-23T13:00:00+0200;20946;21802;856;2184;1505;-679
2016-08-23T14:00:00+0200;19942;20579;637;1961;1372;-589
2016-08-23T15:00:00+0200;17627;18364;737;1582;1223;-359
2016-08-23T16:00:00+0200;14290;14692;402;1228;1034;-194
2016-08-23T17:00:00+0200;9813;10184;371;953;758;-195
2016-08-23T18:00:00+0200;4925;5189;264;834;542;-292
2016-08-23T19:00:00+0200;1301;1391;90;799;504;-295
2016-08-23T20:00:00+0200;75;81;6;1097;953;-144
2016-08-23T21:00:00+0200;0;0;0;1638;1914;276
2016-08-23T22:00:00+0200;0;0;0;2185;2704;519
2016-08-23T23:00:00+0200;0;0;0;2616;3162;546
2016-08-24T00:00:00+0200;0;0;0;3040;3585;545
2016-08-24T01:00:00+0200;0;0;0;3443;3853;410
2016-08-24T02:00:00+0200;0;0;0;3782;4022;240
2016-08-24T03:00:00+0200;0;0;0;3954;4010;56
2016-08-24T04:00:00+0200;0;0;0;4151;4060;-91
2016-08-24T05:00:00+0200;2;0;-2;4293;4163;-130
2016-08-24T06:00:00+0200;252;224;-28;4385;4408;23
2016-08-24T07:00:00+0200;2470;2613;143;4303;4541;238
2016-08-24T08:00:00+0200;7620;7981;361;3870;3684;-186
2016-08-24T09:00:00+0200;13736;14112;376;3178;2667;-511
2016-08-24T10:00:00+0200;18854;19264;410;3140;2667;-473
2016-08-24T11:00:00+0200;22424;22677;253;3246;2999;-247
2016-08-24T12:00:00+0200;24348;24582;234;3212;2990;-222
2016-08-24T13:00:00+0200;24779;25076;297;3115;2980;-135
2016-08-24T14:00:00+0200;23742;23985;243;3016;2893;-123
2016-08-24T15:00:00+0200;21065;21350;285;2812;2741;-71
2016-08-24T16:00:00+0200;16934;17273;339;2633;2754;121
2016-08-24T17:00:00+0200;11303;11652;349;2710;2922;212
2016-08-24T18:00:00+0200;5349;5612;263;2997;3135;138
2016-08-24T19:00:00+0200;1325;1369;44;3585;3542;-43
2016-08-24T20:00:00+0200;70;70;0;5163;5553;390
2016-08-24T21:00:00+0200;0;0;0;6850;8476;1626
2016-08-24T22:00:00+0200;0;0;0;8232;10402;2170
2016-08-24T23:00:00+0200;0;0;0;9025;11250;2225
2016-08-25T00:00:00+0200;0;0;0;11210;11685;475
2016-08-25T01:00:00+0200;0;0;0;10887;11758;871
2016-08-25T02:00:00+0200;0;0;0;10347;11214;867
2016-08-25T03:00:00+0200;0;0;0;9731;10459;728
2016-08-25T04:00:00+0200;0;0;0;9260;10137;877
2016-08-25T05:00:00+0200;2;0;-2;8781;10030;1249
2016-08-25T06:00:00+0200;282;227;-55;8392;9710;1318
2016-08-25T07:00:00+0200;2870;2716;-154;7854;8494;640
2016-08-25T08:00:00+0200;8219;8109;-110;6456;5639;-817
2016-08-25T09:00:00+0200;14427;14382;-45;4860;3826;-1034
2016-08-25T10:00:00+0200;19697;19469;-228;4291;3822;-469
2016-08-25T11:00:00+0200;23335;23114;-221;3797;3958;161
2016-08-25T12:00:00+0200;25262;24960;-302;3522;3966;444
2016-08-25T13:00:00+0200;25635;25225;-410;3433;4222;789
2016-08-25T14:00:00+0200;24483;24024;-459;3399;4522;1123
2016-08-25T15:00:00+0200;21687;21389;-298;3409;5026;1617
2016-08-25T16:00:00+0200;17365;17277;-88;3427;5469;2042
2016-08-25T17:00:00+0200;11519;11606;87;3592;5565;1973
2016-08-25T18:00:00+0200;5422;5546;124;3998;5344;1346
2016-08-25T19:00:00+0200;1284;1298;14;4648;5415;767
2016-08-25T20:00:00+0200;62;62;0;5960;7360;1400
2016-08-25T21:00:00+0200;0;0;0;7406;10014;2608
2016-08-25T22:00:00+0200;0;0;0;8515;11627;3112
2016-08-25T23:00:00+0200;0;0;0;9150;12046;2896
2016-08-26T00:00:00+0200;0;0;0;11180;11702;522
2016-08-26T01:00:00+0200;0;0;0;10980;11394;414
2016-08-26T02:00:00+0200;0;0;0;10707;10926;219
2016-08-26T03:00:00+0200;0;0;0;10417;10600;183
2016-08-26T04:00:00+0200;0;0;0;10199;10462;263
2016-08-26T05:00:00+0200;2;0;-2;9970;10534;564
2016-08-26T06:00:00+0200;258;208;-50;9699;10544;845
2016-08-26T07:00:00+0200;2756;2600;-156;9077;9225;148
2016-08-26T08:00:00+0200;8070;7986;-84;7640;6626;-1014
2016-08-26T09:00:00+0200;14253;13976;-277;5694;4257;-1437
2016-08-26T10:00:00+0200;19534;18944;-590;4224;3529;-695
2016-08-26T11:00:00+0200;23173;22356;-817;3594;3420;-174
2016-08-26T12:00:00+0200;25096;24150;-946;3422;3222;-200
2016-08-26T13:00:00+0200;25400;24340;-1060;3404;2989;-415
2016-08-26T14:00:00+0200;24159;23017;-1142;3478;3304;-174
2016-08-26T15:00:00+0200;21253;20333;-920;3601;3278;-323
2016-08-26T16:00:00+0200;16855;16248;-607;3636;3067;-569
2016-08-26T17:00:00+0200;11063;10846;-217;3628;2819;-809
2016-08-26T18:00:00+0200;5181;5096;-85;3725;2608;-1117
2016-08-26T19:00:00+0200;1196;1161;-35;4161;2542;-1619
2016-08-26T20:00:00+0200;48;51;3;4998;3192;-1806
2016-08-26T21:00:00+0200;0;0;0;5503;3958;-1545
2016-08-26T22:00:00+0200;0;0;0;5609;4161;-1448
2016-08-26T23:00:00+0200;0;0;0;5303;4170;-1133
2016-08-27T00:00:00+0200;0;0;0;4522;3746;-776
2016-08-27T01:00:00+0200;0;0;0;4092;3394;-698
2016-08-27T02:00:00+0200;0;0;0;3715;3102;-613
2016-08-27T03:00:00+0200;0;0;0;3354;2950;-404
2016-08-27T04:00:00+0200;0;0;0;3056;2707;-349
2016-08-27T05:00:00+0200;2;0;-2;2782;2584;-198
2016-08-27T06:00:00+0200;224;181;-43;2488;2581;93
2016-08-27T07:00:00+0200;2460;2430;-30;2092;2252;160
2016-08-27T08:00:00+0200;7427;7388;-39;1653;1377;-276
2016-08-27T09:00:00+0200;13282;13284;2;1197;839;-358
2016-08-27T10:00:00+0200;18445;18226;-219;854;636;-218
2016-08-27T11:00:00+0200;22149;21718;-431;720;635;-85
2016-08-27T12:00:00+0200;24217;23641;-576;743;739;-4
2016-08-27T13:00:00+0200;24619;23914;-705;837;864;27
2016-08-27T14:00:00+0200;23474;22769;-705;993;1038;45
2016-08-27T15:00:00+0200;20648;20001;-647;1248;1374;126
2016-08-27T16:00:00+0200;16272;15882;-390;1556;1936;380
2016-08-27T17:00:00+0200;10552;10353;-199;1976;2776;800
2016-08-27T18:00:00+0200;4805;4715;-90;2585;3199;614
2016-08-27T19:00:00+0200;1068;1056;-12;3375;4030;655
2016-08-27T20:00:00+0200;43;37;-6;4352;5870;1518
2016-08-27T21:00:00+0200;0;0;0;5378;7933;2555
2016-08-27T22:00:00+0200;0;0;0;6259;9571;3312
2016-08-27T23:00:00+0200;0;0;0;6891;11003;4112
2016-08-28T00:00:00+0200;0;0;0;9540;11104;1564
2016-08-28T01:00:00+0200;0;0;0;9642;10186;544
2016-08-28T02:00:00+0200;0;0;0;9747;8349;-1398
2016-08-28T03:00:00+0200;0;0;0;9421;7564;-1857
2016-08-28T04:00:00+0200;0;0;0;8933;8143;-790
2016-08-28T05:00:00+0200;1;0;-1;8646;8310;-336
2016-08-28T06:00:00+0200;216;170;-46;8443;8657;214
2016-08-28T07:00:00+0200;2542;2345;-197;8116;7682;-434
2016-08-28T08:00:00+0200;7458;6610;-848;7294;7252;-42
2016-08-28T09:00:00+0200;13229;11715;-1514;6131;6157;26
2016-08-28T10:00:00+0200;18225;16547;-1678;5140;4952;-188
2016-08-28T11:00:00+0200;21588;19971;-1617;4500;4338;-162
2016-08-28T12:00:00+0200;23148;21820;-1328;4429;5151;722
2016-08-28T13:00:00+0200;22847;21762;-1085;4701;6127;1426
2016-08-28T14:00:00+0200;20956;20170;-786;5377;7810;2433
2016-08-28T15:00:00+0200;17713;16559;-1154;6381;9312;2931
2016-08-28T16:00:00+0200;13365;12594;-771;7442;10568;3126
2016-08-28T17:00:00+0200;8410;7980;-430;8511;11495;2984
2016-08-28T18:00:00+0200;3887;3488;-399;9311;12166;2855
2016-08-28T19:00:00+0200;877;745;-132;10044;12640;2596
2016-08-28T20:00:00+0200;27;32;5;10730;13685;2955
2016-08-28T21:00:00+0200;0;0;0;11135;13678;2543
2016-08-28T22:00:00+0200;0;0;0;11566;11486;-80
2016-08-28T23:00:00+0200;0;0;0;11839;10658;-1181
2016-08-29T00:00:00+0200;0;0;0;12045;9752;-2293
2016-08-29T01:00:00+0200;0;0;0;11349;9544;-1805
2016-08-29T02:00:00+0200;0;0;0;10766;9791;-975
2016-08-29T03:00:00+0200;0;0;0;10320;9591;-729
2016-08-29T04:00:00+0200;0;0;0;10095;9589;-506
2016-08-29T05:00:00+0200;1;0;-1;10135;9744;-391
2016-08-29T06:00:00+0200;145;94;-51;10302;9578;-724
2016-08-29T07:00:00+0200;1642;1347;-295;10499;9656;-843
2016-08-29T08:00:00+0200;4629;4104;-525;10869;9512;-1357
2016-08-29T09:00:00+0200;8131;7630;-501;11621;10394;-1227
2016-08-29T10:00:00+0200;11456;10482;-974;12407;11282;-1125
2016-08-29T11:00:00+0200;13951;11806;-2145;12957;12163;-794
2016-08-29T12:00:00+0200;15333;12565;-2768;13321;12078;-1243
2016-08-29T13:00:00+0200;15680;13067;-2613;13606;12165;-1441
2016-08-29T14:00:00+0200;15240;13406;-1834;13724;12099;-1625
2016-08-29T15:00:00+0200;13667;12780;-887;13689;11933;-1756
2016-08-29T16:00:00+0200;11013;10793;-220;13471;11820;-1651
2016-08-29T17:00:00+0200;7456;7327;-129;12803;11247;-1556
2016-08-29T18:00:00+0200;3648;3577;-71;11554;10022;-1532
2016-08-29T19:00:00+0200;818;807;-11;10139;7995;-2144
2016-08-29T20:00:00+0200;22;24;2;9267;6879;-2388
2016-08-29T21:00:00+0200;0;0;0;8494;6580;-1914
2016-08-29T22:00:00+0200;0;0;0;7673;6284;-1389
2016-08-29T23:00:00+0200;0;0;0;7052;6269;-783
2016-08-30T00:00:00+0200;0;0;0;6045;6167;122
2016-08-30T01:00:00+0200;0;0;0;5830;5925;95
2016-08-30T02:00:00+0200;0;0;0;5693;5636;-57
2016-08-30T03:00:00+0200;0;0;0;5537;5760;223
2016-08-30T04:00:00+0200;0;0;0;5405;5984;579
2016-08-30T05:00:00+0200;0;0;0;5127;6170;1043
2016-08-30T06:00:00+0200;178;128;-50;4764;6061;1297
2016-08-30T07:00:00+0200;2260;2172;-88;4270;5537;1267
2016-08-30T08:00:00+0200;7139;6954;-185;3448;4004;556
2016-08-30T09:00:00+0200;12901;12668;-233;3059;3233;174
2016-08-30T10:00:00+0200;17711;17621;-90;3505;3376;-129
2016-08-30T11:00:00+0200;20897;20876;-21;3568;3250;-318
2016-08-30T12:00:00+0200;22423;22582;159;3461;3212;-249
2016-08-30T13:00:00+0200;22490;22550;60;3341;3295;-46
2016-08-30T14:00:00+0200;21339;21720;381;3213;3372;159
2016-08-30T15:00:00+0200;18756;19342;586;3064;3012;-52
2016-08-30T16:00:00+0200;15070;15713;643;2803;2538;-265
2016-08-30T17:00:00+0200;9828;10495;667;2466;2228;-238
2016-08-30T18:00:00+0200;4403;4822;419;2116;1771;-345
2016-08-30T19:00:00+0200;873;947;74;1865;1464;-401
2016-08-30T20:00:00+0200;22;27;5;1971;1922;-49
2016-08-30T21:00:00+0200;0;0;0;2231;2519;288
2016-08-30T22:00:00+0200;0;0;0;2484;2888;404
2016-08-30T23:00:00+0200;0;0;0;2659;3039;380
2016-08-31T00:00:00+0200;0;0;0;3138;3156;18
2016-08-31T01:00:00+0200;0;0;0;3371;3222;-149
2016-08-31T02:00:00+0200;0;0;0;3562;3250;-312
2016-08-31T03:00:00+0200;0;0;0;3677;3395;-282
2016-08-31T04:00:00+0200;0;0;0;3787;3394;-393
2016-08-31T05:00:00+0200;0;0;0;3891;3383;-508
2016-08-31T06:00:00+0200;173;126;-47;3999;3528;-471
2016-08-31T07:00:00+0200;2326;2300;-26;4056;3668;-388
2016-08-31T08:00:00+0200;7523;7483;-40;3675;2968;-707
2016-08-31T09:00:00+0200;13768;13598;-170;2818;1649;-1169
2016-08-31T10:00:00+0200;19105;18670;-435;2229;1387;-842
2016-08-31T11:00:00+0200;22699;22344;-355;2081;1982;-99
2016-08-31T12:00:00+0200;24403;24361;-42;1995;2218;223
2016-08-31T13:00:00+0200;24454;24667;213;1882;2336;454
2016-08-31T14:00:00+0200;22972;23215;243;1801;2341;540
2016-08-31T15:00:00+0200;20016;20364;348;1825;2424;599
2016-08-31T16:00:00+0200;15628;15886;258;1870;2250;380
2016-08-31T17:00:00+0200;9830;10163;333;1971;2142;171
2016-08-31T18:00:00+0200;4208;4433;225;2207;2069;-138
2016-08-31T19:00:00+0200;796;842;46;2613;1777;-836
2016-08-31T20:00:00+0200;18;14;-4;3369;2068;-1301
2016-08-31T21:00:00+0200;0;0;0;4216;2642;-1574
2016-08-31T22:00:00+0200;0;0;0;4891;2988;-1903
2016-08-31T23:00:00+0200;0;0;0;5180;3374;-1806
2016-09-01T00:00:00+0200;0;0;0;5202;3246;-1956
2016-09-01T01:00:00+0200;0;0;0;5341;1664;-3677
2016-09-01T02:00:00+0200;0;0;0;5253;1628;-3625
2016-09-01T03:00:00+0200;0;0;0;4886;1562;-3324
2016-09-01T04:00:00+0200;0;0;0;4652;2171;-2481
2016-09-01T05:00:00+0200;0;0;0;4491;2703;-1788
2016-09-01T06:00:00+0200;140;101;-39;4318;2595;-1723
2016-09-01T07:00:00+0200;1915;1849;-66;4072;2787;-1285
2016-09-01T08:00:00+0200;5786;5826;40;3518;2630;-888
2016-09-01T09:00:00+0200;10349;10376;27;2933;1698;-1235
2016-09-01T10:00:00+0200;14490;14536;46;2868;1641;-1227
2016-09-01T11:00:00+0200;17518;17966;448;3282;2663;-619
2016-09-01T12:00:00+0200;19206;19886;680;4155;4195;40
2016-09-01T13:00:00+0200;19161;19391;230;5148;4983;-165
2016-09-01T14:00:00+0200;17714;17667;-47;5836;5386;-450
2016-09-01T15:00:00+0200;15112;15250;138;6000;5249;-751
2016-09-01T16:00:00+0200;11802;11994;192;5851;4918;-933
2016-09-01T17:00:00+0200;7689;7868;179;5354;4842;-512
2016-09-01T18:00:00+0200;3524;3628;104;4595;4153;-442
2016-09-01T19:00:00+0200;682;742;60;3869;3772;-97
2016-09-01T20:00:00+0200;13;12;-1;3322;3150;-172
2016-09-01T21:00:00+0200;0;0;0;3001;2943;-58
2016-09-01T22:00:00+0200;0;0;0;2821;3071;250
2016-09-01T23:00:00+0200;0;0;0;2669;3306;637
2016-09-02T00:00:00+0200;0;0;0;2461;2912;451
2016-09-02T01:00:00+0200;0;0;0;2541;2988;447
2016-09-02T02:00:00+0200;0;0;0;2674;3260;586
2016-09-02T03:00:00+0200;0;0;0;2754;3062;308
2016-09-02T04:00:00+0200;0;0;0;2764;2795;31
2016-09-02T05:00:00+0200;0;0;0;2743;3026;283
2016-09-02T06:00:00+0200;131;96;-35;2792;3589;797
2016-09-02T07:00:00+0200;2010;1953;-57;2925;3946;1021
2016-09-02T08:00:00+0200;6400;6360;-40;2974;3884;910
2016-09-02T09:00:00+0200;11661;11894;233;3085;3735;650
2016-09-02T10:00:00+0200;16390;16675;285;3470;4208;738
2016-09-02T11:00:00+0200;19732;20137;405;3939;5011;1072
2016-09-02T12:00:00+0200;21515;21923;408;4339;5756;1417
2016-09-02T13:00:00+0200;21685;21628;-57;4663;5592;929
2016-09-02T14:00:00+0200;20341;20084;-257;4709;5027;318
2016-09-02T15:00:00+0200;17466;17568;102;4498;4924;426
2016-09-02T16:00:00+0200;13506;13715;209;4218;4716;498
2016-09-02T17:00:00+0200;8535;8382;-153;3896;4644;748
2016-09-02T18:00:00+0200;3698;3345;-353;3633;4309;676
2016-09-02T19:00:00+0200;668;541;-127;3477;4235;758
2016-09-02T20:00:00+0200;12;8;-4;3439;4662;1223
2016-09-02T21:00:00+0200;0;0;0;3803;4629;826
2016-09-02T22:00:00+0200;0;0;0;4414;4501;87
2016-09-02T23:00:00+0200;0;0;0;4988;4477;-511
2016-09-03T00:00:00+0200;0;0;0;5491;5263;-228
2016-09-03T01:00:00+0200;0;0;0;5610;5302;-308
2016-09-03T02:00:00+0200;0;0;0;5416;4638;-778
2016-09-03T03:00:00+0200;0;0;0;5004;4367;-637
2016-09-03T04:00:00+0200;0;0;0;4655;4509;-146
2016-09-03T05:00:00+0200;0;0;0;4402;4729;327
2016-09-03T06:00:00+0200;107;76;-31;4359;4430;71
2016-09-03T07:00:00+0200;1666;1502;-164;4366;4498;132
2016-09-03T08:00:00+0200;5189;4952;-237;4223;4305;82
2016-09-03T09:00:00+0200;9378;9535;157;3960;4168;208
2016-09-03T10:00:00+0200;13332;13340;8;3957;4982;1025
2016-09-03T11:00:00+0200;16322;15813;-509;4300;5012;712
2016-09-03T12:00:00+0200;18093;17262;-831;4790;5365;575
2016-09-03T13:00:00+0200;18207;18088;-119;5199;6003;804
2016-09-03T14:00:00+0200;16972;17270;298;5463;6303;840
2016-09-03T15:00:00+0200;14559;15160;601;5500;6238;738
2016-09-03T16:00:00+0200;11321;12022;701;5234;5461;227
2016-09-03T17:00:00+0200;7297;7606;309;4587;4573;-14
2016-09-03T18:00:00+0200;3270;3200;-70;3574;3506;-68
2016-09-03T19:00:00+0200;592;581;-11;2706;2352;-354
2016-09-03T20:00:00+0200;10;9;-1;2320;2407;87
2016-09-03T21:00:00+0200;0;0;0;2396;2890;494
2016-09-03T22:00:00+0200;0;0;0;2622;3564;942
2016-09-03T23:00:00+0200;0;0;0;2981;4042;1061
2016-09-04T00:00:00+0200;0;0;0;4416;4984;568
2016-09-04T01:00:00+0200;0;0;0;5717;6112;395
2016-09-04T02:00:00+0200;0;0;0;6826;6978;152
2016-09-04T03:00:00+0200;0;0;0;7693;7792;99
2016-09-04T04:00:00+0200;0;0;0;8444;9269;825
2016-09-04T05:00:00+0200;0;0;0;8973;9482;509
2016-09-04T06:00:00+0200;72;55;-17;9353;9495;142
2016-09-04T07:00:00+0200;1162;1177;15;9782;9190;-592
2016-09-04T08:00:00+0200;3588;3827;239;9921;9185;-736
2016-09-04T09:00:00+0200;6197;6552;355;9981;9486;-495
2016-09-04T10:00:00+0200;8101;8327;226;10520;9747;-773
2016-09-04T11:00:00+0200;9284;8968;-316;11289;11265;-24
2016-09-04T12:00:00+0200;9931;9520;-411;12267;11884;-383
2016-09-04T13:00:00+0200;9866;8977;-889;13135;11303;-1832
2016-09-04T14:00:00+0200;9118;8938;-180;13611;11566;-2045
2016-09-04T15:00:00+0200;7830;8335;505;13772;13529;-243
2016-09-04T16:00:00+0200;5972;6636;664;13884;15320;1436
2016-09-04T17:00:00+0200;3866;3973;107;13786;15566;1780
2016-09-04T18:00:00+0200;1765;1527;-238;13243;14575;1332
2016-09-04T19:00:00+0200;332;269;-63;12513;13646;1133
2016-09-04T20:00:00+0200;5;6;1;11617;13071;1454
2016-09-04T21:00:00+0200;0;0;0;11184;12364;1180
2016-09-04T22:00:00+0200;0;0;0;10941;11971;1030
2016-09-04T23:00:00+0200;0;0;0;10810;11978;1168
2016-09-05T00:00:00+0200;0;0;0;11697;12010;313
2016-09-05T01:00:00+0200;0;0;0;11601;11638;37
2016-09-05T02:00:00+0200;0;0;0;11196;11492;296
2016-09-05T03:00:00+0200;0;0;0;10672;11002;330
2016-09-05T04:00:00+0200;0;0;0;10186;10500;314
2016-09-05T05:00:00+0200;0;0;0;9696;10192;496
2016-09-05T06:00:00+0200;61;32;-29;9208;9475;267
2016-09-05T07:00:00+0200;992;847;-145;8698;8370;-328
2016-09-05T08:00:00+0200;3285;3080;-205;8140;7473;-667
2016-09-05T09:00:00+0200;5916;5849;-67;7686;7065;-621
2016-09-05T10:00:00+0200;8378;8279;-99;7416;6836;-580
2016-09-05T11:00:00+0200;10309;10480;171;7106;6418;-688
2016-09-05T12:00:00+0200;11568;11976;408;6702;5899;-803
2016-09-05T13:00:00+0200;11969;12308;339;6355;5450;-905
2016-09-05T14:00:00+0200;11589;11905;316;6085;5030;-1055
2016-09-05T15:00:00+0200;10300;10805;505;5916;4650;-1266
2016-09-05T16:00:00+0200;8118;8506;388;5703;4511;-1192
2016-09-05T17:00:00+0200;5334;5732;398;5302;3879;-1423
2016-09-05T18:00:00+0200;2397;2582;185;4656;3150;-1506
2016-09-05T19:00:00+0200;395;417;22;4037;2559;-1478
2016-09-05T20:00:00+0200;5;4;-1;3636;2625;-1011
2016-09-05T21:00:00+0200;0;0;0;3399;2640;-759
2016-09-05T22:00:00+0200;0;0;0;3231;2429;-802
2016-09-05T23:00:00+0200;0;0;0;2983;2142;-841
2016-09-06T00:00:00+0200;0;0;0;2178;1824;-354
2016-09-06T01:00:00+0200;0;0;0;1981;1703;-278
2016-09-06T02:00:00+0200;0;0;0;1843;1630;-213
2016-09-06T03:00:00+0200;0;0;0;1777;1641;-136
2016-09-06T04:00:00+0200;0;0;0;1719;1732;13
2016-09-06T05:00:00+0200;0;0;0;1632;1828;196
2016-09-06T06:00:00+0200;88;57;-31;1582;1724;142
2016-09-06T07:00:00+0200;1699;1473;-226;1503;1940;437
2016-09-06T08:00:00+0200;5929;5434;-495;1332;1764;432
2016-09-06T09:00:00+0200;11137;10749;-388;1163;1172;9
2016-09-06T10:00:00+0200;15824;15364;-460;1152;1159;7
2016-09-06T11:00:00+0200;19141;18416;-725;1210;1408;198
2016-09-06T12:00:00+0200;20975;20791;-184;1300;1590;290
2016-09-06T13:00:00+0200;21403;21509;106;1340;1502;162
2016-09-06T14:00:00+0200;20442;20311;-131;1310;1481;171
2016-09-06T15:00:00+0200;17970;18142;172;1230;1324;94
2016-09-06T16:00:00+0200;14018;14416;398;1127;1139;12
2016-09-06T17:00:00+0200;8707;9130;423;1080;973;-107
2016-09-06T18:00:00+0200;3503;3752;249;1206;872;-334
2016-09-06T19:00:00+0200;495;514;19;1533;1020;-513
2016-09-06T20:00:00+0200;6;5;-1;2179;1734;-445
2016-09-06T21:00:00+0200;0;0;0;3013;2869;-144
2016-09-06T22:00:00+0200;0;0;0;3878;4028;150
2016-09-06T23:00:00+0200;0;0;0;4555;5082;527
2016-09-07T00:00:00+0200;0;0;0;5389;5842;453
2016-09-07T01:00:00+0200;0;0;0;5512;6017;505
2016-09-07T02:00:00+0200;0;0;0;5405;5980;575
2016-09-07T03:00:00+0200;0;0;0;5080;5607;527
2016-09-07T04:00:00+0200;0;0;0;4743;4922;179
2016-09-07T05:00:00+0200;0;0;0;4469;4388;-81
2016-09-07T06:00:00+0200;88;52;-36;4317;4096;-221
2016-09-07T07:00:00+0200;1922;1626;-296;4121;3869;-252
2016-09-07T08:00:00+0200;6796;6026;-770;3448;3008;-440
2016-09-07T09:00:00+0200;12757;11818;-939;2231;1648;-583
2016-09-07T10:00:00+0200;18041;17314;-727;1628;1104;-524
2016-09-07T11:00:00+0200;21763;21346;-417;1475;1144;-331
2016-09-07T12:00:00+0200;23791;23588;-203;1453;1229;-224
2016-09-07T13:00:00+0200;24142;24247;105;1497;1258;-239
2016-09-07T14:00:00+0200;22864;23032;168;1533;1438;-95
2016-09-07T15:00:00+0200;19870;20116;246;1525;1526;1
2016-09-07T16:00:00+0200;15237;15604;367;1483;1642;159
2016-09-07T17:00:00+0200;9232;9605;373;1512;1750;238
2016-09-07T18:00:00+0200;3577;3767;190;1787;1818;31
2016-09-07T19:00:00+0200;472;479;7;2291;2121;-170
2016-09-07T20:00:00+0200;6;0;-6;3355;3420;65
2016-09-07T21:00:00+0200;0;0;0;4794;4766;-28
2016-09-07T22:00:00+0200;0;0;0;5860;5335;-525
2016-09-07T23:00:00+0200;0;0;0;6469;5534;-935
2016-09-08T00:00:00+0200;0;0;0;5263;5492;229
2016-09-08T01:00:00+0200;0;0;0;5158;5234;76
2016-09-08T02:00:00+0200;0;0;0;5074;5195;121
2016-09-08T03:00:00+0200;0;0;0;5068;5043;-25
2016-09-08T04:00:00+0200;0;0;0;5162;5235;73
2016-09-08T05:00:00+0200;0;0;0;5327;5302;-25
2016-09-08T06:00:00+0200;77;48;-29;5656;5498;-158
2016-09-08T07:00:00+0200;1862;1698;-164;5799;5948;149
2016-09-08T08:00:00+0200;6777;6421;-356;4947;5816;869
2016-09-08T09:00:00+0200;12854;12498;-356;3162;3690;528
2016-09-08T10:00:00+0200;18298;17874;-424;2806;2884;78
2016-09-08T11:00:00+0200;22078;21738;-340;2733;3010;277
2016-09-08T12:00:00+0200;24040;23751;-289;3004;3423;419
2016-09-08T13:00:00+0200;24268;23964;-304;3299;4266;967
2016-09-08T14:00:00+0200;22871;22590;-281;3560;4998;1438
2016-09-08T15:00:00+0200;19758;19539;-219;3783;5193;1410
2016-09-08T16:00:00+0200;15042;14934;-108;3857;5052;1195
2016-09-08T17:00:00+0200;8998;8988;-10;3633;4491;858
2016-09-08T18:00:00+0200;3403;3421;18;3504;3711;207
2016-09-08T19:00:00+0200;422;397;-25;3574;3475;-99
2016-09-08T20:00:00+0200;6;0;-6;4494;4194;-300
2016-09-08T21:00:00+0200;0;0;0;5344;5169;-175
2016-09-08T22:00:00+0200;0;0;0;5882;5578;-304
2016-09-08T23:00:00+0200;0;0;0;6011;5936;-75
2016-09-09T00:00:00+0200;0;0;0;6902;5666;-1236
2016-09-09T01:00:00+0200;0;0;0;6783;5566;-1217
2016-09-09T02:00:00+0200;0;0;0;6480;5258;-1222
2016-09-09T03:00:00+0200;0;0;0;6098;4700;-1398
2016-09-09T04:00:00+0200;0;0;0;5756;4207;-1549
2016-09-09T05:00:00+0200;0;0;0;5494;3920;-1574
2016-09-09T06:00:00+0200;62;34;-28;5292;3659;-1633
2016-09-09T07:00:00+0200;1600;1371;-229;4971;3688;-1283
2016-09-09T08:00:00+0200;5837;5212;-625;4098;2877;-1221
2016-09-09T09:00:00+0200;11058;10296;-762;2883;1995;-888
2016-09-09T10:00:00+0200;15939;15173;-766;2531;1784;-747
2016-09-09T11:00:00+0200;19448;18925;-523;2536;2245;-291
2016-09-09T12:00:00+0200;21397;20865;-532;2553;2788;235
2016-09-09T13:00:00+0200;21614;21070;-544;2519;2868;349
2016-09-09T14:00:00+0200;20197;19654;-543;2413;2684;271
2016-09-09T15:00:00+0200;17284;17066;-218;2170;2234;64
2016-09-09T16:00:00+0200;13160;13270;110;1878;1903;25
2016-09-09T17:00:00+0200;7983;8282;299;1652;1488;-164
2016-09-09T18:00:00+0200;3072;3208;136;1484;1186;-298
2016-09-09T19:00:00+0200;368;363;-5;1502;1034;-468
2016-09-09T20:00:00+0200;2;0;-2;1883;1258;-625
2016-09-09T21:00:00+0200;0;0;0;2307;1600;-707
2016-09-09T22:00:00+0200;0;0;0;2494;1868;-626
2016-09-09T23:00:00+0200;0;0;0;2716;2093;-623
2016-09-10T00:00:00+0200;0;0;0;2465;2379;-86
2016-09-10T01:00:00+0200;0;0;0;2697;2548;-149
2016-09-10T02:00:00+0200;0;0;0;2824;2741;-83
2016-09-10T03:00:00+0200;0;0;0;2831;2891;60
2016-09-10T04:00:00+0200;0;0;0;2817;2870;53
2016-09-10T05:00:00+0200;0;0;0;2799;2656;-143
2016-09-10T06:00:00+0200;59;33;-26;2758;2288;-470
2016-09-10T07:00:00+0200;1590;1430;-160;2678;2087;-591
2016-09-10T08:00:00+0200;6122;5766;-356;2349;1874;-475
2016-09-10T09:00:00+0200;12033;11610;-423;1623;1388;-235
2016-09-10T10:00:00+0200;17289;16698;-591;1294;1052;-242
2016-09-10T11:00:00+0200;20891;20389;-502;1233;1115;-118
2016-09-10T12:00:00+0200;22760;22178;-582;1228;1141;-87
2016-09-10T13:00:00+0200;22684;22109;-575;1203;1306;103
2016-09-10T14:00:00+0200;20932;20490;-442;1173;1368;195
2016-09-10T15:00:00+0200;17684;17422;-262;1177;1356;179
2016-09-10T16:00:00+0200;13288;13189;-99;1194;1221;27
2016-09-10T17:00:00+0200;7889;7921;32;1317;1146;-171
2016-09-10T18:00:00+0200;2950;2940;-10;1705;1177;-528
2016-09-10T19:00:00+0200;331;297;-34;2341;1736;-605
2016-09-10T20:00:00+0200;2;0;-2;3265;2942;-323
2016-09-10T21:00:00+0200;0;0;0;4105;3914;-191
2016-09-10T22:00:00+0200;0;0;0;4875;4493;-382
2016-09-10T23:00:00+0200;0;0;0;5328;5129;-199
2016-09-11T00:00:00+0200;0;0;0;6139;5808;-331
2016-09-11T01:00:00+0200;0;0;0;6428;6252;-176
2016-09-11T02:00:00+0200;0;0;0;6340;6587;247
2016-09-11T03:00:00+0200;0;0;0;6014;6696;682
2016-09-11T04:00:00+0200;0;0;0;5554;6562;1008
2016-09-11T05:00:00+0200;0;0;0;4985;6325;1340
2016-09-11T06:00:00+0200;46;27;-19;4390;5742;1352
2016-09-11T07:00:00+0200;1331;1229;-102;3839;5170;1331
2016-09-11T08:00:00+0200;4974;5094;120;3141;3932;791
2016-09-11T09:00:00+0200;9530;10234;704;2040;2374;334
2016-09-11T10:00:00+0200;13840;15032;1192;1366;1638;272
2016-09-11T11:00:00+0200;16835;18310;1475;1336;1205;-131
2016-09-11T12:00:00+0200;18275;20015;1740;1047;901;-146
2016-09-11T13:00:00+0200;18416;20026;1610;783;639;-144
2016-09-11T14:00:00+0200;17289;18334;1045;594;470;-124
2016-09-11T15:00:00+0200;14849;15779;930;535;441;-94
2016-09-11T16:00:00+0200;11262;12194;932;486;400;-86
2016-09-11T17:00:00+0200;6744;7493;749;542;504;-38
2016-09-11T18:00:00+0200;2544;2734;190;757;679;-78
2016-09-11T19:00:00+0200;272;260;-12;1106;976;-130
2016-09-11T20:00:00+0200;1;0;-1;1496;1600;104
2016-09-11T21:00:00+0200;0;0;0;1872;2430;558
2016-09-11T22:00:00+0200;0;0;0;2219;3202;983
2016-09-11T23:00:00+0200;0;0;0;2489;3759;1270
2016-09-12T00:00:00+0200;0;0;0;3953;4400;447
2016-09-12T01:00:00+0200;0;0;0;4211;5003;792
2016-09-12T02:00:00+0200;0;0;0;4421;5401;980
2016-09-12T03:00:00+0200;0;0;0;4543;5490;947
2016-09-12T04:00:00+0200;0;0;0;4711;5525;814
2016-09-12T05:00:00+0200;0;0;0;4851;5572;721
2016-09-12T06:00:00+0200;45;24;-21;4891;5077;186
2016-09-12T07:00:00+0200;1471;1339;-132;4751;4685;-66
2016-09-12T08:00:00+0200;6088;5851;-237;3882;3658;-224
2016-09-12T09:00:00+0200;12117;11769;-348;2487;2126;-361
2016-09-12T10:00:00+0200;17463;16992;-471;1925;1347;-578
2016-09-12T11:00:00+0200;21154;20470;-684;1641;1138;-503
2016-09-12T12:00:00+0200;23028;22300;-728;1749;1170;-579
2016-09-12T13:00:00+0200;23101;22555;-546;2222;1328;-894
2016-09-12T14:00:00+0200;21524;21076;-448;2232;1369;-863
2016-09-12T15:00:00+0200;18339;18138;-201;1786;1349;-437
2016-09-12T16:00:00+0200;13714;13567;-147;1521;1354;-167
2016-09-12T17:00:00+0200;7948;7919;-29;1650;1490;-160
2016-09-12T18:00:00+0200;2793;2744;-49;2163;1837;-326
2016-09-12T19:00:00+0200;273;232;-41;3189;2926;-263
2016-09-12T20:00:00+0200;0;0;0;4225;5006;781
2016-09-12T21:00:00+0200;0;0;0;5125;6567;1442
2016-09-12T22:00:00+0200;0;0;0;5768;6944;1176
2016-09-12T23:00:00+0200;0;0;0;5980;6802;822
2016-09-13T00:00:00+0200;0;0;0;6314;6476;162
2016-09-13T01:00:00+0200;0;0;0;6081;5924;-157
2016-09-13T02:00:00+0200;0;0;0;5793;5342;-451
2016-09-13T03:00:00+0200;0;0;0;5553;4872;-681
2016-09-13T04:00:00+0200;0;0;0;5370;4611;-759
2016-09-13T05:00:00+0200;0;0;0;5257;4563;-694
2016-09-13T06:00:00+0200;43;21;-22;5202;4626;-576
2016-09-13T07:00:00+0200;1566;1382;-184;5091;4631;-460
2016-09-13T08:00:00+0200;6397;5832;-565;4662;4132;-530
2016-09-13T09:00:00+0200;12436;11638;-798;3576;2677;-899
2016-09-13T10:00:00+0200;17786;16749;-1037;2697;1722;-975
2016-09-13T11:00:00+0200;21416;20317;-1099;2859;2205;-654
2016-09-13T12:00:00+0200;23290;22250;-1040;3602;3506;-96
2016-09-13T13:00:00+0200;23451;22407;-1044;4524;4861;337
2016-09-13T14:00:00+0200;21998;20966;-1032;5080;5281;201
2016-09-13T15:00:00+0200;18843;17992;-851;5129;5217;88
2016-09-13T16:00:00+0200;14057;13528;-529;5094;5177;83
2016-09-13T17:00:00+0200;8068;7843;-225;5393;5417;24
2016-09-13T18:00:00+0200;2743;2677;-66;6250;5882;-368
2016-09-13T19:00:00+0200;251;241;-10;7942;8052;110
2016-09-13T20:00:00+0200;0;0;0;9735;11722;1987
2016-09-13T21:00:00+0200;0;0;0;11009;13932;2923
2016-09-13T22:00:00+0200;0;0;0;11702;14398;2696
2016-09-13T23:00:00+0200;0;0;0;11798;13952;2154
2016-09-14T00:00:00+0200;0;0;0;11219;13025;1806
2016-09-14T01:00:00+0200;0;0;0;10825;11892;1067
2016-09-14T02:00:00+0200;0;0;0;10596;10758;162
2016-09-14T03:00:00+0200;0;0;0;10123;9904;-219
2016-09-14T04:00:00+0200;0;0;0;9730;9375;-355
2016-09-14T05:00:00+0200;0;0;0;9481;8645;-836
2016-09-14T06:00:00+0200;37;18;-19;9270;8404;-866
2016-09-14T07:00:00+0200;1480;1262;-218;8897;8254;-643
2016-09-14T08:00:00+0200;6220;5676;-544;8075;6938;-1137
2016-09-14T09:00:00+0200;12205;11406;-799;6768;4590;-2178
2016-09-14T10:00:00+0200;17548;16658;-890;5862;3610;-2252
2016-09-14T11:00:00+0200;21233;20380;-853;5784;3903;-1881
2016-09-14T12:00:00+0200;23180;22110;-1070;6572;5330;-1242
2016-09-14T13:00:00+0200;23392;22200;-1192;7573;7236;-337
2016-09-14T14:00:00+0200;21907;20739;-1168;8196;7892;-304
2016-09-14T15:00:00+0200;18736;17640;-1096;8457;7721;-736
2016-09-14T16:00:00+0200;13917;13105;-812;8730;7428;-1302
2016-09-14T17:00:00+0200;7925;7571;-354;9431;7566;-1865
2016-09-14T18:00:00+0200;2630;2482;-148;10813;8252;-2561
2016-09-14T19:00:00+0200;227;179;-48;12448;10533;-1915
2016-09-14T20:00:00+0200;0;0;0;13744;13806;62
2016-09-14T21:00:00+0200;0;0;0;14685;15708;1023
2016-09-14T22:00:00+0200;0;0;0;15120;15974;854
2016-09-14T23:00:00+0200;0;0;0;15018;15610;592
2016-09-15T00:00:00+0200;0;0;0;14403;14932;529
2016-09-15T01:00:00+0200;0;0;0;13652;14132;480
2016-09-15T02:00:00+0200;0;0;0;12990;13398;408
2016-09-15T03:00:00+0200;0;0;0;12441;12915;474
2016-09-15T04:00:00+0200;0;0;0;12080;12914;834
2016-09-15T05:00:00+0200;0;0;0;11896;12518;622
2016-09-15T06:00:00+0200;35;14;-21;11776;12394;618
2016-09-15T07:00:00+0200;1428;1246;-182;11518;11790;272
2016-09-15T08:00:00+0200;6134;5712;-422;10832;9790;-1042
2016-09-15T09:00:00+0200;12123;11664;-459;9912;7181;-2731
2016-09-15T10:00:00+0200;17318;16943;-375;9671;6961;-2710
2016-09-15T11:00:00+0200;20885;20236;-649;10049;9791;-258
2016-09-15T12:00:00+0200;22494;21634;-860;10474;11388;914
2016-09-15T13:00:00+0200;22246;21070;-1176;10672;10762;90
2016-09-15T14:00:00+0200;20220;19292;-928;10614;9992;-622
2016-09-15T15:00:00+0200;16695;15798;-897;10448;9687;-761
2016-09-15T16:00:00+0200;12027;11124;-903;10369;9934;-435
2016-09-15T17:00:00+0200;6630;6159;-471;10349;10460;111
2016-09-15T18:00:00+0200;2149;2010;-139;10501;10342;-159
2016-09-15T19:00:00+0200;175;136;-39;11245;11162;-83
2016-09-15T20:00:00+0200;0;0;0;12232;13092;860
2016-09-15T21:00:00+0200;0;0;0;12607;13493;886
2016-09-15T22:00:00+0200;0;0;0;12551;12708;157
2016-09-15T23:00:00+0200;0;0;0;12045;11837;-208
2016-09-16T00:00:00+0200;0;0;0;10814;10404;-410
2016-09-16T01:00:00+0200;0;0;0;9864;8936;-928
2016-09-16T02:00:00+0200;0;0;0;8961;7876;-1085
2016-09-16T03:00:00+0200;0;0;0;8089;6822;-1267
2016-09-16T04:00:00+0200;0;0;0;7242;6052;-1190
2016-09-16T05:00:00+0200;0;0;0;6493;5647;-846
2016-09-16T06:00:00+0200;20;9;-11;5898;5504;-394
2016-09-16T07:00:00+0200;876;856;-20;5328;5247;-81
2016-09-16T08:00:00+0200;3714;3642;-72;4652;4208;-444
2016-09-16T09:00:00+0200;7260;7381;121;3930;2876;-1054
2016-09-16T10:00:00+0200;10480;11225;745;3463;2476;-987
2016-09-16T11:00:00+0200;12753;14166;1413;3215;2415;-800
2016-09-16T12:00:00+0200;13947;15460;1513;3136;2754;-382
2016-09-16T13:00:00+0200;13908;14576;668;3031;2890;-141
2016-09-16T14:00:00+0200;12774;11886;-888;2867;3069;202
2016-09-16T15:00:00+0200;10693;9103;-1590;2643;2808;165
2016-09-16T16:00:00+0200;7785;6296;-1489;2444;2442;-2
2016-09-16T17:00:00+0200;4473;3448;-1025;2433;2285;-148
2016-09-16T18:00:00+0200;1479;1096;-383;2692;2019;-673
2016-09-16T19:00:00+0200;115;77;-38;3153;2195;-958
2016-09-16T20:00:00+0200;1;0;-1;3641;2460;-1181
2016-09-16T21:00:00+0200;0;0;0;3980;2734;-1246
2016-09-16T22:00:00+0200;0;0;0;4230;2977;-1253
2016-09-16T23:00:00+0200;0;0;0;4399;3102;-1297
2016-09-17T00:00:00+0200;0;0;0;3366;3227;-139
2016-09-17T01:00:00+0200;0;0;0;3417;3288;-129
2016-09-17T02:00:00+0200;0;0;0;3484;3400;-84
2016-09-17T03:00:00+0200;0;0;0;3542;3557;15
2016-09-17T04:00:00+0200;0;0;0;3650;3654;4
2016-09-17T05:00:00+0200;0;0;0;3850;3807;-43
2016-09-17T06:00:00+0200;10;6;-4;4247;4210;-37
2016-09-17T07:00:00+0200;382;260;-122;4746;4244;-502
2016-09-17T08:00:00+0200;1770;1296;-474;5290;4564;-726
2016-09-17T09:00:00+0200;3558;2992;-566;5819;4856;-963
2016-09-17T10:00:00+0200;5164;4805;-359;6345;5325;-1020
2016-09-17T11:00:00+0200;6393;6425;32;6946;6014;-932
2016-09-17T12:00:00+0200;7081;7834;753;7680;6612;-1068
2016-09-17T13:00:00+0200;6960;7743;783;8444;7533;-911
2016-09-17T14:00:00+0200;6306;6870;564;9097;8257;-840
2016-09-17T15:00:00+0200;5168;5305;137;9726;8612;-1114
2016-09-17T16:00:00+0200;3727;3546;-181;10215;8918;-1297
2016-09-17T17:00:00+0200;2135;1838;-297;10662;9578;-1084
2016-09-17T18:00:00+0200;713;510;-203;11206;10056;-1150
2016-09-17T19:00:00+0200;61;37;-24;11875;11198;-677
2016-09-17T20:00:00+0200;1;0;-1;12127;12172;45
2016-09-17T21:00:00+0200;0;0;0;12402;12266;-136
2016-09-17T22:00:00+0200;0;0;0;12497;11600;-897
2016-09-17T23:00:00+0200;0;0;0;12301;10994;-1307
2016-09-18T00:00:00+0200;0;0;0;12143;10630;-1513
2016-09-18T01:00:00+0200;0;0;0;11652;10205;-1447
2016-09-18T02:00:00+0200;0;0;0;11240;10080;-1160
2016-09-18T03:00:00+0200;0;0;0;11002;9962;-1040
2016-09-18T04:00:00+0200;0;0;0;10899;10267;-632
2016-09-18T05:00:00+0200;0;0;0;10799;10358;-441
2016-09-18T06:00:00+0200;9;5;-4;10597;10447;-150
2016-09-18T07:00:00+0200;524;431;-93;10288;10174;-114
2016-09-18T08:00:00+0200;2398;1951;-447;9896;9424;-472
2016-09-18T09:00:00+0200;4898;4313;-585;9602;8966;-636
2016-09-18T10:00:00+0200;7378;6630;-748;9395;9176;-219
2016-09-18T11:00:00+0200;9301;8638;-663;8908;9209;301
2016-09-18T12:00:00+0200;10477;9482;-995;8350;8728;378
2016-09-18T13:00:00+0200;10594;9583;-1011;7741;8129;388
2016-09-18T14:00:00+0200;9841;8514;-1327;7140;7754;614
2016-09-18T15:00:00+0200;8318;6889;-1429;6721;7423;702
2016-09-18T16:00:00+0200;6063;4785;-1278;6428;7120;692
2016-09-18T17:00:00+0200;3417;2541;-876;6182;7033;851
2016-09-18T18:00:00+0200;1064;832;-232;5983;6475;492
2016-09-18T19:00:00+0200;74;56;-18;5915;6081;166
2016-09-18T20:00:00+0200;1;0;-1;5993;6072;79
2016-09-18T21:00:00+0200;0;0;0;6085;5872;-213
2016-09-18T22:00:00+0200;0;0;0;5947;5290;-657
2016-09-18T23:00:00+0200;0;0;0;5500;4531;-969
2016-09-19T00:00:00+0200;0;0;0;4820;3991;-829
2016-09-19T01:00:00+0200;0;0;0;4352;3617;-735
2016-09-19T02:00:00+0200;0;0;0;3925;3189;-736
2016-09-19T03:00:00+0200;0;0;0;3584;2900;-684
2016-09-19T04:00:00+0200;0;0;0;3323;2843;-480
2016-09-19T05:00:00+0200;0;0;0;3138;2915;-223
2016-09-19T06:00:00+0200;9;7;-2;3019;2888;-131
2016-09-19T07:00:00+0200;492;314;-178;2848;2916;68
2016-09-19T08:00:00+0200;2358;1573;-785;2552;2642;90
2016-09-19T09:00:00+0200;4838;3693;-1145;2194;2068;-126
2016-09-19T10:00:00+0200;7241;6258;-983;1934;1964;30
2016-09-19T11:00:00+0200;9139;8380;-759;1835;2082;247
2016-09-19T12:00:00+0200;10248;9390;-858;1789;2240;451
2016-09-19T13:00:00+0200;10188;8969;-1219;1707;2050;343
2016-09-19T14:00:00+0200;9250;8262;-988;1618;1880;262
2016-09-19T15:00:00+0200;7621;6431;-1190;1593;1843;250
2016-09-19T16:00:00+0200;5453;4456;-997;1631;1772;141
2016-09-19T17:00:00+0200;3011;2458;-553;1741;1936;195
2016-09-19T18:00:00+0200;908;750;-158;1968;1926;-42
2016-09-19T19:00:00+0200;56;45;-11;2284;2168;-116
2016-09-19T20:00:00+0200;0;0;0;2596;2566;-30
2016-09-19T21:00:00+0200;0;0;0;2720;2691;-29
2016-09-19T22:00:00+0200;0;0;0;2730;2494;-236
2016-09-19T23:00:00+0200;0;0;0;2588;2085;-503
2016-09-20T00:00:00+0200;0;0;0;1816;1859;43
2016-09-20T01:00:00+0200;0;0;0;1529;1631;102
2016-09-20T02:00:00+0200;0;0;0;1309;1417;108
2016-09-20T03:00:00+0200;0;0;0;1180;1186;6
2016-09-20T04:00:00+0200;0;0;0;1102;1000;-102
2016-09-20T05:00:00+0200;0;0;0;1052;790;-262
2016-09-20T06:00:00+0200;8;6;-2;974;685;-289
2016-09-20T07:00:00+0200;526;421;-105;878;666;-212
2016-09-20T08:00:00+0200;2643;1766;-877;743;587;-156
2016-09-20T09:00:00+0200;5509;4292;-1217;561;493;-68
2016-09-20T10:00:00+0200;8464;7456;-1008;420;457;37
2016-09-20T11:00:00+0200;11074;10514;-560;395;540;145
2016-09-20T12:00:00+0200;12769;12060;-709;441;647;206
2016-09-20T13:00:00+0200;13008;11913;-1095;503;796;293
2016-09-20T14:00:00+0200;12134;10964;-1170;554;814;260
2016-09-20T15:00:00+0200;10258;8886;-1372;612;840;228
2016-09-20T16:00:00+0200;7375;6469;-906;680;882;202
2016-09-20T17:00:00+0200;4010;3515;-495;784;858;74
2016-09-20T18:00:00+0200;1112;965;-147;967;812;-155
2016-09-20T19:00:00+0200;63;41;-22;1241;942;-299
2016-09-20T20:00:00+0200;0;0;0;1566;1229;-337
2016-09-20T21:00:00+0200;0;0;0;1823;1530;-293
2016-09-20T22:00:00+0200;0;0;0;1985;1695;-290
2016-09-20T23:00:00+0200;0;0;0;1996;1780;-216
2016-09-21T00:00:00+0200;0;0;0;1887;1729;-158
2016-09-21T01:00:00+0200;0;0;0;1755;1737;-18
2016-09-21T02:00:00+0200;0;0;0;1621;1655;34
2016-09-21T03:00:00+0200;0;0;0;1530;1622;92
2016-09-21T04:00:00+0200;0;0;0;1483;1618;135
2016-09-21T05:00:00+0200;0;0;0;1475;1575;100
2016-09-21T06:00:00+0200;9;6;-3;1452;1470;18
2016-09-21T07:00:00+0200;636;587;-49;1376;1428;52
2016-09-21T08:00:00+0200;3553;3627;74;1200;1282;82
2016-09-21T09:00:00+0200;7944;8508;564;920;852;-68
2016-09-21T10:00:00+0200;12468;13545;1077;712;706;-6
2016-09-21T11:00:00+0200;16081;17281;1200;655;890;235
2016-09-21T12:00:00+0200;18133;18725;592;675;1006;331
2016-09-21T13:00:00+0200;18088;18522;434;692;968;276
2016-09-21T14:00:00+0200;16456;17123;667;715;962;247
2016-09-21T15:00:00+0200;13619;14362;743;764;1006;242
2016-09-21T16:00:00+0200;9760;10644;884;867;1144;277
2016-09-21T17:00:00+0200;5286;5815;529;1032;1009;-23
2016-09-21T18:00:00+0200;1451;1603;152;1260;994;-266
2016-09-21T19:00:00+0200;74;52;-22;1604;1516;-88
2016-09-21T20:00:00+0200;0;0;0;2020;2230;210
2016-09-21T21:00:00+0200;0;0;0;2361;2842;481
2016-09-21T22:00:00+0200;0;0;0;2639;2866;227
2016-09-21T23:00:00+0200;0;0;0;2760;2889;129
2016-09-22T00:00:00+0200;0;0;0;2329;2921;592
2016-09-22T01:00:00+0200;0;0;0;2229;2868;639
2016-09-22T02:00:00+0200;0;0;0;2058;2686;628
2016-09-22T03:00:00+0200;0;0;0;1877;2448;571
2016-09-22T04:00:00+0200;0;0;0;1737;2248;511
2016-09-22T05:00:00+0200;0;0;0;1626;2060;434
2016-09-22T06:00:00+0200;9;3;-6;1537;1815;278
2016-09-22T07:00:00+0200;760;756;-4;1436;1698;262
2016-09-22T08:00:00+0200;4525;4839;314;1272;1643;371
2016-09-22T09:00:00+0200;10214;10814;600;953;1040;87
2016-09-22T10:00:00+0200;15594;16468;874;613;474;-139
2016-09-22T11:00:00+0200;19413;20134;721;408;526;118
2016-09-22T12:00:00+0200;21139;21604;465;380;671;291
2016-09-22T13:00:00+0200;20837;20986;149;369;778;409
2016-09-22T14:00:00+0200;18741;18605;-136;345;717;372
2016-09-22T15:00:00+0200;15225;15189;-36;316;616;300
2016-09-22T16:00:00+0200;10651;10761;110;293;538;245
2016-09-22T17:00:00+0200;5533;5496;-37;291;566;275
2016-09-22T18:00:00+0200;1408;1297;-111;352;620;268
2016-09-22T19:00:00+0200;65;32;-33;508;802;294
2016-09-22T20:00:00+0200;0;0;0;743;928;185
2016-09-22T21:00:00+0200;0;0;0;1021;1124;103
2016-09-22T22:00:00+0200;0;0;0;1319;1410;91
2016-09-22T23:00:00+0200;0;0;0;1611;1792;181
2016-09-23T00:00:00+0200;0;0;0;2227;1984;-243
2016-09-23T01:00:00+0200;0;0;0;2384;2138;-246
2016-09-23T02:00:00+0200;0;0;0;2427;2037;-390
2016-09-23T03:00:00+0200;0;0;0;2441;2073;-368
2016-09-23T04:00:00+0200;0;0;0;2470;2142;-328
2016-09-23T05:00:00+0200;0;0;0;2543;2195;-348
2016-09-23T06:00:00+0200;5;2;-3;2682;2234;-448
2016-09-23T07:00:00+0200;662;546;-116;2779;2188;-591
2016-09-23T08:00:00+0200;3837;3613;-224;2698;2238;-460
2016-09-23T09:00:00+0200;8116;8556;440;2338;1791;-547
2016-09-23T10:00:00+0200;12315;13625;1310;1929;1322;-607
2016-09-23T11:00:00+0200;15505;17308;1803;1958;1833;-125
2016-09-23T12:00:00+0200;17089;18878;1789;2494;2948;454
2016-09-23T13:00:00+0200;16783;18163;1380;3101;3865;764
2016-09-23T14:00:00+0200;15004;15648;644;3588;4393;805
2016-09-23T15:00:00+0200;12182;12286;104;4003;5278;1275
2016-09-23T16:00:00+0200;8659;8735;76;4306;5202;896
2016-09-23T17:00:00+0200;4648;4856;208;4301;4965;664
2016-09-23T18:00:00+0200;1180;1283;103;3954;3989;35
2016-09-23T19:00:00+0200;50;34;-16;3667;3260;-407
2016-09-23T20:00:00+0200;0;0;0;3401;3485;84
2016-09-23T21:00:00+0200;0;0;0;3375;3381;6
2016-09-23T22:00:00+0200;0;0;0;3384;3383;-1
2016-09-23T23:00:00+0200;0;0;0;3301;3284;-17
2016-09-24T00:00:00+0200;0;0;0;4046;3422;-624
2016-09-24T01:00:00+0200;0;0;0;3880;3349;-531
2016-09-24T02:00:00+0200;0;0;0;3780;3325;-455
2016-09-24T03:00:00+0200;0;0;0;3718;3406;-312
2016-09-24T04:00:00+0200;0;0;0;3651;3497;-154
2016-09-24T05:00:00+0200;0;0;0;3520;3763;243
2016-09-24T06:00:00+0200;6;2;-4;3327;3650;323
2016-09-24T07:00:00+0200;794;603;-191;3114;3466;352
2016-09-24T08:00:00+0200;4756;4198;-558;2862;3330;468
2016-09-24T09:00:00+0200;10223;9879;-344;2547;2751;204
2016-09-24T10:00:00+0200;15288;15449;161;2205;2398;193
2016-09-24T11:00:00+0200;18912;19720;808;2050;2526;476
2016-09-24T12:00:00+0200;20852;21423;571;2245;2707;462
2016-09-24T13:00:00+0200;20895;21092;197;2483;3066;583
2016-09-24T14:00:00+0200;19208;19298;90;2572;3071;499
2016-09-24T15:00:00+0200;15960;16234;274;2353;2935;582
2016-09-24T16:00:00+0200;11331;11708;377;2079;2295;216
2016-09-24T17:00:00+0200;5919;6096;177;2071;1564;-507
2016-09-24T18:00:00+0200;1425;1513;88;2640;1406;-1234
2016-09-24T19:00:00+0200;50;33;-17;3669;1972;-1697
2016-09-24T20:00:00+0200;0;0;0;4734;3209;-1525
2016-09-24T21:00:00+0200;0;0;0;6228;4754;-1474
2016-09-24T22:00:00+0200;0;0;0;7707;6324;-1383
2016-09-24T23:00:00+0200;0;0;0;8591;7797;-794
2016-09-25T00:00:00+0200;0;0;0;8715;9042;327
2016-09-25T01:00:00+0200;0;0;0;9130;9514;384
2016-09-25T02:00:00+0200;0;0;0;9268;9743;475
2016-09-25T03:00:00+0200;0;0;0;9143;9876;733
2016-09-25T04:00:00+0200;0;0;0;9034;9691;657
2016-09-25T05:00:00+0200;0;0;0;9006;9457;451
2016-09-25T06:00:00+0200;6;2;-4;9185;9062;-123
2016-09-25T07:00:00+0200;741;608;-133;9291;9228;-63
2016-09-25T08:00:00+0200;4823;4500;-323;8843;8676;-167
2016-09-25T09:00:00+0200;10880;10535;-345;7585;6828;-757
2016-09-25T10:00:00+0200;16631;16230;-401;6238;5054;-1184
2016-09-25T11:00:00+0200;20562;19995;-567;5764;4907;-857
2016-09-25T12:00:00+0200;22524;22120;-404;6010;5821;-189
2016-09-25T13:00:00+0200;22567;22302;-265;6286;6819;533
2016-09-25T14:00:00+0200;20804;20633;-171;6294;7021;727
2016-09-25T15:00:00+0200;17312;17189;-123;5954;6369;415
2016-09-25T16:00:00+0200;12145;12066;-79;5556;5772;216
2016-09-25T17:00:00+0200;6124;6034;-90;5388;4962;-426
2016-09-25T18:00:00+0200;1383;1302;-81;5866;4908;-958
2016-09-25T19:00:00+0200;44;26;-18;6814;6617;-197
2016-09-25T20:00:00+0200;1;0;-1;7482;7895;413
2016-09-25T21:00:00+0200;0;0;0;7761;8496;735
2016-09-25T22:00:00+0200;0;0;0;7704;8216;512
2016-09-25T23:00:00+0200;0;0;0;7340;7596;256
2016-09-26T00:00:00+0200;0;0;0;7285;6880;-405
2016-09-26T01:00:00+0200;0;0;0;6435;6386;-49
2016-09-26T02:00:00+0200;0;0;0;5808;5373;-435
2016-09-26T03:00:00+0200;0;0;0;5435;4730;-705
2016-09-26T04:00:00+0200;0;0;0;5214;4799;-415
2016-09-26T05:00:00+0200;0;0;0;5072;4502;-570
2016-09-26T06:00:00+0200;6;2;-4;4767;3884;-883
2016-09-26T07:00:00+0200;581;446;-135;4268;3256;-1012
2016-09-26T08:00:00+0200;3586;3230;-356;3492;2556;-936
2016-09-26T09:00:00+0200;7761;7542;-219;2505;1522;-983
2016-09-26T10:00:00+0200;11684;11984;300;1663;836;-827
2016-09-26T11:00:00+0200;14519;15120;601;1212;504;-708
2016-09-26T12:00:00+0200;15984;16600;616;1080;466;-614
2016-09-26T13:00:00+0200;15827;16324;497;1004;574;-430
2016-09-26T14:00:00+0200;14273;14895;622;934;612;-322
2016-09-26T15:00:00+0200;11651;12154;503;907;538;-369
2016-09-26T16:00:00+0200;8085;8286;201;939;559;-380
2016-09-26T17:00:00+0200;4098;4063;-35;1032;700;-332
2016-09-26T18:00:00+0200;904;836;-68;1231;938;-293
2016-09-26T19:00:00+0200;25;17;-8;1537;1601;64
2016-09-26T20:00:00+0200;0;0;0;1816;2114;298
2016-09-26T21:00:00+0200;0;0;0;1952;2299;347
2016-09-26T22:00:00+0200;0;0;0;1989;2268;279
2016-09-26T23:00:00+0200;0;0;0;1942;1879;-63
2016-09-27T00:00:00+0200;0;0;0;1848;2719;871
2016-09-27T01:00:00+0200;0;0;0;1617;2746;1129
2016-09-27T02:00:00+0200;0;0;0;1449;2605;1156
2016-09-27T03:00:00+0200;0;0;0;1386;2431;1045
2016-09-27T04:00:00+0200;0;0;0;1343;2547;1204
2016-09-27T05:00:00+0200;0;0;0;1311;2734;1423
2016-09-27T06:00:00+0200;5;1;-4;1334;2652;1318
2016-09-27T07:00:00+0200;455;398;-57;1364;2787;1423
2016-09-27T08:00:00+0200;3117;3028;-89;1310;3107;1797
2016-09-27T09:00:00+0200;7142;7069;-73;1232;2900;1668
2016-09-27T10:00:00+0200;11353;11188;-165;1182;2860;1678
2016-09-27T11:00:00+0200;14835;15058;223;1270;3256;1986
2016-09-27T12:00:00+0200;17052;18287;1235;1558;4006;2448
2016-09-27T13:00:00+0200;17482;18950;1468;2000;4616;2616
2016-09-27T14:00:00+0200;16329;17789;1460;2533;5360;2827
2016-09-27T15:00:00+0200;13739;14878;1139;3049;6322;3273
2016-09-27T16:00:00+0200;9654;10427;773;3470;6678;3208
2016-09-27T17:00:00+0200;4878;5181;303;3816;6186;2370
2016-09-27T18:00:00+0200;1031;1074;43;4330;5847;1517
2016-09-27T19:00:00+0200;25;19;-6;5150;6866;1716
2016-09-27T20:00:00+0200;0;0;0;6077;8084;2007
2016-09-27T21:00:00+0200;0;0;0;7621;9456;1835
2016-09-27T22:00:00+0200;0;0;0;9343;10895;1552
2016-09-27T23:00:00+0200;0;0;0;10862;12132;1270
2016-09-28T00:00:00+0200;0;0;0;10995;12094;1099
2016-09-28T01:00:00+0200;0;0;0;12258;13050;792
2016-09-28T02:00:00+0200;0;0;0;13315;13778;463
2016-09-28T03:00:00+0200;0;0;0;14115;14505;390
2016-09-28T04:00:00+0200;0;0;0;14936;15394;458
2016-09-28T05:00:00+0200;0;0;0;15785;16420;635
2016-09-28T06:00:00+0200;4;2;-2;16819;17348;529
2016-09-28T07:00:00+0200;466;358;-108;17853;18530;677
2016-09-28T08:00:00+0200;3184;2736;-448;18490;19374;884
2016-09-28T09:00:00+0200;7165;6468;-697;18724;19126;402
2016-09-28T10:00:00+0200;11009;10429;-580;19262;19762;500
2016-09-28T11:00:00+0200;13898;14042;144;20443;22076;1633
2016-09-28T12:00:00+0200;15544;15757;213;21598;23832;2234
2016-09-28T13:00:00+0200;15667;15624;-43;22425;24708;2283
2016-09-28T14:00:00+0200;14431;13704;-727;23033;24758;1725
2016-09-28T15:00:00+0200;11951;11000;-951;23188;24458;1270
2016-09-28T16:00:00+0200;8310;7352;-958;22161;23184;1023
2016-09-28T17:00:00+0200;4211;3609;-602;20659;20942;283
2016-09-28T18:00:00+0200;913;709;-204;19075;18730;-345
2016-09-28T19:00:00+0200;25;15;-10;18117;18117;0
2016-09-28T20:00:00+0200;0;0;0;17721;18445;724
2016-09-28T21:00:00+0200;0;0;0;17823;18393;570
2016-09-28T22:00:00+0200;0;0;0;17943;18202;259
2016-09-28T23:00:00+0200;0;0;0;18094;18096;2
2016-09-29T00:00:00+0200;0;0;0;16683;17478;795
2016-09-29T01:00:00+0200;0;0;0;16559;17447;888
2016-09-29T02:00:00+0200;0;0;0;16596;17374;778
2016-09-29T03:00:00+0200;0;0;0;16819;17558;739
2016-09-29T04:00:00+0200;0;0;0;17320;18015;695
2016-09-29T05:00:00+0200;0;0;0;18119;18699;580
2016-09-29T06:00:00+0200;3;1;-2;19023;19800;777
2016-09-29T07:00:00+0200;466;373;-93;19816;20177;361
2016-09-29T08:00:00+0200;3434;3299;-135;20452;19934;-518
2016-09-29T09:00:00+0200;7904;8396;492;20852;19908;-944
2016-09-29T10:00:00+0200;12293;13439;1146;21399;20919;-480
2016-09-29T11:00:00+0200;15578;17133;1555;22301;22508;207
2016-09-29T12:00:00+0200;17411;19230;1819;23365;24071;706
2016-09-29T13:00:00+0200;17520;19092;1572;24314;24768;454
2016-09-29T14:00:00+0200;16038;17062;1024;24947;25760;813
2016-09-29T15:00:00+0200;13169;13960;791;25414;26685;1271
2016-09-29T16:00:00+0200;8999;9715;716;25247;26535;1288
2016-09-29T17:00:00+0200;4334;4660;326;24623;25525;902
2016-09-29T18:00:00+0200;842;822;-20;23659;24122;463
2016-09-29T19:00:00+0200;17;7;-10;22652;23248;596
2016-09-29T20:00:00+0200;0;0;0;21953;22538;585
2016-09-29T21:00:00+0200;0;0;0;21549;21989;440
2016-09-29T22:00:00+0200;0;0;0;20930;20620;-310
2016-09-29T23:00:00+0200;0;0;0;20088;19270;-818
2016-09-30T00:00:00+0200;0;0;0;17376;17942;566
2016-09-30T01:00:00+0200;0;0;0;16238;16552;314
2016-09-30T02:00:00+0200;0;0;0;15203;15035;-168
2016-09-30T03:00:00+0200;0;0;0;14358;13101;-1257
2016-09-30T04:00:00+0200;0;0;0;13686;11763;-1923
2016-09-30T05:00:00+0200;0;0;0;13056;10536;-2520
2016-09-30T06:00:00+0200;4;1;-3;12406;10196;-2210
2016-09-30T07:00:00+0200;386;294;-92;11782;9956;-1826
2016-09-30T08:00:00+0200;2749;2462;-287;11197;9466;-1731
2016-09-30T09:00:00+0200;6304;5955;-349;10546;8894;-1652
2016-09-30T10:00:00+0200;9676;9240;-436;10099;8512;-1587
2016-09-30T11:00:00+0200;12093;11988;-105;10155;9262;-893
2016-09-30T12:00:00+0200;13316;13325;9;10593;11169;576
2016-09-30T13:00:00+0200;13175;13119;-56;11005;12082;1077
2016-09-30T14:00:00+0200;11891;11571;-320;11092;11926;834
2016-09-30T15:00:00+0200;9691;9310;-381;10918;11300;382
2016-09-30T16:00:00+0200;6615;6582;-33;10506;10164;-342
2016-09-30T17:00:00+0200;3170;3248;78;9481;9301;-180
2016-09-30T18:00:00+0200;612;632;20;8257;7618;-639
2016-09-30T19:00:00+0200;9;7;-2;7349;7063;-286
2016-09-30T20:00:00+0200;0;0;0;6741;7100;359
2016-09-30T21:00:00+0200;0;0;0;6515;7148;633
2016-09-30T22:00:00+0200;0;0;0;6301;6713;412
2016-09-30T23:00:00+0200;0;0;0;6077;5734;-343
2016-10-01T00:00:00+0200;0;0;0;6768;5184;-1584
2016-10-01T01:00:00+0200;0;0;0;6215;4450;-1765
2016-10-01T02:00:00+0200;0;0;0;5609;3590;-2019
2016-10-01T03:00:00+0200;0;0;0;5111;2957;-2154
2016-10-01T04:00:00+0200;0;0;0;4731;3129;-1602
2016-10-01T05:00:00+0200;0;0;0;4514;3222;-1292
2016-10-01T06:00:00+0200;2;1;-1;4448;3513;-935
2016-10-01T07:00:00+0200;252;196;-56;4350;3906;-444
2016-10-01T08:00:00+0200;1855;1933;78;4182;4295;113
2016-10-01T09:00:00+0200;4296;4677;381;3822;4116;294
2016-10-01T10:00:00+0200;6706;7117;411;3414;3430;16
2016-10-01T11:00:00+0200;8577;8846;269;3373;3336;-37
2016-10-01T12:00:00+0200;9629;10147;518;3752;3444;-308
2016-10-01T13:00:00+0200;9571;10170;599;4208;3654;-554
2016-10-01T14:00:00+0200;8518;9209;691;4457;3553;-904
2016-10-01T15:00:00+0200;6778;6770;-8;4539;3482;-1057
2016-10-01T16:00:00+0200;4493;4092;-401;4582;3573;-1009
2016-10-01T17:00:00+0200;2132;1762;-370;4736;3871;-865
2016-10-01T18:00:00+0200;403;334;-69;5109;4452;-657
2016-10-01T19:00:00+0200;5;4;-1;5607;5518;-89
2016-10-01T20:00:00+0200;0;0;0;5757;6658;901
2016-10-01T21:00:00+0200;0;0;0;6097;7108;1011
2016-10-01T22:00:00+0200;0;0;0;6507;7866;1359
2016-10-01T23:00:00+0200;0;0;0;6851;7722;871
2016-10-02T00:00:00+0200;0;0;0;8375;7366;-1009
2016-10-02T01:00:00+0200;0;0;0;8725;7336;-1389
2016-10-02T02:00:00+0200;0;0;0;9005;7532;-1473
2016-10-02T03:00:00+0200;0;0;0;9149;7812;-1337
2016-10-02T04:00:00+0200;0;0;0;9230;7813;-1417
2016-10-02T05:00:00+0200;0;0;0;9364;7732;-1632
2016-10-02T06:00:00+0200;3;1;-2;9593;7840;-1753
2016-10-02T07:00:00+0200;281;183;-98;9827;8283;-1544
2016-10-02T08:00:00+0200;2336;2027;-309;10034;8083;-1951
2016-10-02T09:00:00+0200;5579;5087;-492;10278;7372;-2906
2016-10-02T10:00:00+0200;8449;7893;-556;10705;7442;-3263
2016-10-02T11:00:00+0200;10376;9650;-726;11153;8525;-2628
2016-10-02T12:00:00+0200;11239;9864;-1375;11385;9541;-1844
2016-10-02T13:00:00+0200;11108;9655;-1453;11574;9182;-2392
2016-10-02T14:00:00+0200;10074;9077;-997;11664;8946;-2718
2016-10-02T15:00:00+0200;8218;7535;-683;11402;8477;-2925
2016-10-02T16:00:00+0200;5594;5315;-279;10908;7794;-3114
2016-10-02T17:00:00+0200;2640;2743;103;10280;6830;-3450
2016-10-02T18:00:00+0200;457;490;33;9939;6038;-3901
2016-10-02T19:00:00+0200;5;6;1;10158;6536;-3622
2016-10-02T20:00:00+0200;0;0;0;11337;6825;-4512
2016-10-02T21:00:00+0200;0;0;0;12089;6818;-5271
2016-10-02T22:00:00+0200;0;0;0;12408;6817;-5591
2016-10-02T23:00:00+0200;0;0;0;12593;7188;-5405
2016-10-03T00:00:00+0200;0;0;0;6485;7059;574
2016-10-03T01:00:00+0200;0;0;0;6474;6949;475
2016-10-03T02:00:00+0200;0;0;0;6375;6952;577
2016-10-03T03:00:00+0200;0;0;0;6251;6818;567
2016-10-03T04:00:00+0200;0;0;0;6047;6781;734
2016-10-03T05:00:00+0200;0;0;0;5795;6486;691
2016-10-03T06:00:00+0200;1;0;-1;5627;6085;458
2016-10-03T07:00:00+0200;219;164;-55;5587;6060;473
2016-10-03T08:00:00+0200;1921;1633;-288;5534;6225;691
2016-10-03T09:00:00+0200;4782;4373;-409;5426;6326;900
2016-10-03T10:00:00+0200;7541;7122;-419;5339;6604;1265
2016-10-03T11:00:00+0200;9643;9044;-599;5455;6995;1540
2016-10-03T12:00:00+0200;10817;9837;-980;5873;7320;1447
2016-10-03T13:00:00+0200;10764;10118;-646;6441;7613;1172
2016-10-03T14:00:00+0200;9747;9389;-358;6919;8445;1526
2016-10-03T15:00:00+0200;7951;7479;-472;7374;8572;1198
2016-10-03T16:00:00+0200;5434;4900;-534;7750;8272;522
2016-10-03T17:00:00+0200;2598;2280;-318;8011;8179;168
2016-10-03T18:00:00+0200;448;359;-89;8169;8314;145
2016-10-03T19:00:00+0200;6;4;-2;8480;9324;844
2016-10-03T20:00:00+0200;0;0;0;9038;9806;768
2016-10-03T21:00:00+0200;0;0;0;9326;10202;876
2016-10-03T22:00:00+0200;0;0;0;9386;10376;990
2016-10-03T23:00:00+0200;0;0;0;9281;10516;1235
2016-10-04T00:00:00+0200;0;0;0;9924;10450;526
2016-10-04T01:00:00+0200;0;0;0;10306;10819;513
2016-10-04T02:00:00+0200;0;0;0;10822;11261;439
2016-10-04T03:00:00+0200;0;0;0;11316;11964;648
2016-10-04T04:00:00+0200;0;0;0;11775;12526;751
2016-10-04T05:00:00+0200;0;0;0;12041;13342;1301
2016-10-04T06:00:00+0200;0;0;0;12170;14166;1996
2016-10-04T07:00:00+0200;221;142;-79;12245;14618;2373
2016-10-04T08:00:00+0200;2112;1696;-416;12193;14740;2547
2016-10-04T09:00:00+0200;5282;4541;-741;12407;14752;2345
2016-10-04T10:00:00+0200;8309;7480;-829;13127;15603;2476
2016-10-04T11:00:00+0200;10561;9696;-865;13444;16046;2602
2016-10-04T12:00:00+0200;11796;11108;-688;13159;16072;2913
2016-10-04T13:00:00+0200;12046;11525;-521;12787;15804;3017
2016-10-04T14:00:00+0200;11324;11240;-84;12759;15794;3035
2016-10-04T15:00:00+0200;9474;9532;58;13112;15620;2508
2016-10-04T16:00:00+0200;6446;6692;246;13507;15650;2143
2016-10-04T17:00:00+0200;2980;3170;190;13663;15200;1537
2016-10-04T18:00:00+0200;460;442;-18;13857;14724;867
2016-10-04T19:00:00+0200;4;4;0;14532;15941;1409
2016-10-04T20:00:00+0200;0;0;0;15372;17074;1702
2016-10-04T21:00:00+0200;0;0;0;15737;17750;2013
2016-10-04T22:00:00+0200;0;0;0;15613;17496;1883
2016-10-04T23:00:00+0200;0;0;0;15035;16629;1594
2016-10-05T00:00:00+0200;0;0;0;14547;15584;1037
2016-10-05T01:00:00+0200;0;0;0;13668;14892;1224
2016-10-05T02:00:00+0200;0;0;0;12911;14731;1820
2016-10-05T03:00:00+0200;0;0;0;12399;14781;2382
2016-10-05T04:00:00+0200;0;0;0;12170;14479;2309
2016-10-05T05:00:00+0200;0;0;0;12114;14180;2066
2016-10-05T06:00:00+0200;1;0;-1;12203;14092;1889
2016-10-05T07:00:00+0200;344;241;-103;12356;14037;1681
2016-10-05T08:00:00+0200;3524;3394;-130;12700;13333;633
2016-10-05T09:00:00+0200;8751;8552;-199;13288;12406;-882
2016-10-05T10:00:00+0200;12993;13460;467;14264;13902;-362
2016-10-05T11:00:00+0200;15366;15966;600;15239;15442;203
2016-10-05T12:00:00+0200;16082;16054;-28;15690;15771;81
2016-10-05T13:00:00+0200;15284;15025;-259;15791;15110;-681
2016-10-05T14:00:00+0200;13247;13871;624;15879;14650;-1229
2016-10-05T15:00:00+0200;10358;11037;679;15973;15516;-457
2016-10-05T16:00:00+0200;6902;7349;447;15969;16128;159
2016-10-05T17:00:00+0200;3138;3325;187;15831;16609;778
2016-10-05T18:00:00+0200;485;483;-2;15712;15848;136
2016-10-05T19:00:00+0200;2;3;1;15910;16366;456
2016-10-05T20:00:00+0200;0;0;0;15959;17614;1655
2016-10-05T21:00:00+0200;0;0;0;16196;18272;2076
2016-10-05T22:00:00+0200;0;0;0;16262;18057;1795
2016-10-05T23:00:00+0200;0;0;0;16054;17797;1743
2016-10-06T00:00:00+0200;0;0;0;17531;17854;323
2016-10-06T01:00:00+0200;0;0;0;17485;18103;618
2016-10-06T02:00:00+0200;0;0;0;17490;17910;420
2016-10-06T03:00:00+0200;0;0;0;17369;17618;249
2016-10-06T04:00:00+0200;0;0;0;17119;17401;282
2016-10-06T05:00:00+0200;0;0;0;16992;17615;623
2016-10-06T06:00:00+0200;0;0;0;16839;17605;766
2016-10-06T07:00:00+0200;59;39;-20;16655;16879;224
2016-10-06T08:00:00+0200;632;655;23;16535;16009;-526
2016-10-06T09:00:00+0200;1796;1984;188;16434;14890;-1544
2016-10-06T10:00:00+0200;2924;3372;448;16349;14611;-1738
2016-10-06T11:00:00+0200;3676;4058;382;16335;14185;-2150
2016-10-06T12:00:00+0200;3990;4451;461;16267;13663;-2604
2016-10-06T13:00:00+0200;3959;4448;489;16138;13460;-2678
2016-10-06T14:00:00+0200;3576;3878;302;16021;13293;-2728
2016-10-06T15:00:00+0200;2860;3146;286;15719;13427;-2292
2016-10-06T16:00:00+0200;1845;2030;185;15209;13510;-1699
2016-10-06T17:00:00+0200;812;824;12;14737;13737;-1000
2016-10-06T18:00:00+0200;131;108;-23;14354;13696;-658
2016-10-06T19:00:00+0200;0;0;0;13998;13610;-388
2016-10-06T20:00:00+0200;0;0;0;13380;13158;-222
2016-10-06T21:00:00+0200;0;0;0;12565;12060;-505
2016-10-06T22:00:00+0200;0;0;0;11736;10845;-891
2016-10-06T23:00:00+0200;0;0;0;11024;9925;-1099
2016-10-07T00:00:00+0200;0;0;0;11458;8926;-2532
2016-10-07T01:00:00+0200;0;0;0;10934;8520;-2414
2016-10-07T02:00:00+0200;0;0;0;10327;8395;-1932
2016-10-07T03:00:00+0200;0;0;0;9701;7787;-1914
2016-10-07T04:00:00+0200;0;0;0;9193;7416;-1777
2016-10-07T05:00:00+0200;0;0;0;8817;7086;-1731
2016-10-07T06:00:00+0200;0;0;0;8565;6675;-1890
2016-10-07T07:00:00+0200;92;54;-38;8367;6620;-1747
2016-10-07T08:00:00+0200;919;764;-155;8174;6686;-1488
2016-10-07T09:00:00+0200;2467;2474;7;8038;6362;-1676
2016-10-07T10:00:00+0200;4285;4531;246;7953;6106;-1847
2016-10-07T11:00:00+0200;5994;6096;102;7679;5880;-1799
2016-10-07T12:00:00+0200;7239;6996;-243;7148;5502;-1646
2016-10-07T13:00:00+0200;7557;7198;-359;6762;5184;-1578
2016-10-07T14:00:00+0200;7076;6412;-664;6667;5190;-1477
2016-10-07T15:00:00+0200;5866;4973;-893;6553;5234;-1319
2016-10-07T16:00:00+0200;3894;3067;-827;6516;5115;-1401
2016-10-07T17:00:00+0200;1702;1255;-447;6538;4922;-1616
2016-10-07T18:00:00+0200;232;150;-82;6756;5200;-1556
2016-10-07T19:00:00+0200;1;0;-1;7083;5803;-1280
2016-10-07T20:00:00+0200;0;0;0;7150;6078;-1072
2016-10-07T21:00:00+0200;0;0;0;7112;6631;-481
2016-10-07T22:00:00+0200;0;0;0;7039;6365;-674
2016-10-07T23:00:00+0200;0;0;0;6856;5852;-1004
2016-10-08T00:00:00+0200;0;0;0;5690;5539;-151
2016-10-08T01:00:00+0200;0;0;0;5445;5605;160
2016-10-08T02:00:00+0200;0;0;0;5367;5526;159
2016-10-08T03:00:00+0200;0;0;0;5458;5646;188
2016-10-08T04:00:00+0200;0;0;0;5599;5675;76
2016-10-08T05:00:00+0200;0;0;0;5767;6278;511
2016-10-08T06:00:00+0200;0;0;0;5900;6216;316
2016-10-08T07:00:00+0200;121;69;-52;5942;5989;47
2016-10-08T08:00:00+0200;1421;1281;-140;5838;5736;-102
2016-10-08T09:00:00+0200;3932;3804;-128;5578;5602;24
2016-10-08T10:00:00+0200;6404;6359;-45;5380;5758;378
2016-10-08T11:00:00+0200;8373;8144;-229;5346;6150;804
2016-10-08T12:00:00+0200;9477;8857;-620;5246;6278;1032
2016-10-08T13:00:00+0200;9522;8154;-1368;5145;6050;905
2016-10-08T14:00:00+0200;8726;7424;-1302;5348;5837;489
2016-10-08T15:00:00+0200;7111;6196;-915;5588;5545;-43
2016-10-08T16:00:00+0200;4716;4164;-552;5795;5422;-373
2016-10-08T17:00:00+0200;2065;1797;-268;5797;4973;-824
2016-10-08T18:00:00+0200;273;206;-67;5729;5094;-635
2016-10-08T19:00:00+0200;1;0;-1;5863;5709;-154
2016-10-08T20:00:00+0200;0;0;0;5901;6196;295
2016-10-08T21:00:00+0200;0;0;0;5835;6146;311
2016-10-08T22:00:00+0200;0;0;0;5710;5782;72
2016-10-08T23:00:00+0200;0;0;0;5534;5424;-110
2016-10-09T00:00:00+0200;0;0;0;5480;4927;-553
2016-10-09T01:00:00+0200;0;0;0;5301;4705;-596
2016-10-09T02:00:00+0200;0;0;0;5165;4480;-685
2016-10-09T03:00:00+0200;0;0;0;5069;4400;-669
2016-10-09T04:00:00+0200;0;0;0;5029;4392;-637
2016-10-09T05:00:00+0200;0;0;0;4979;4517;-462
2016-10-09T06:00:00+0200;0;0;0;4933;4758;-175
2016-10-09T07:00:00+0200;119;66;-53;4880;4708;-172
2016-10-09T08:00:00+0200;1582;1376;-206;4749;4535;-214
2016-10-09T09:00:00+0200;4507;4042;-465;4474;3855;-619
2016-10-09T10:00:00+0200;7386;7122;-264;4226;3569;-657
2016-10-09T11:00:00+0200;9628;9492;-136;4025;3183;-842
2016-10-09T12:00:00+0200;10887;10651;-236;3840;2800;-1040
2016-10-09T13:00:00+0200;10912;10602;-310;3645;2626;-1019
2016-10-09T14:00:00+0200;9831;9718;-113;3495;2437;-1058
2016-10-09T15:00:00+0200;7822;7774;-48;3325;2322;-1003
2016-10-09T16:00:00+0200;5061;5123;62;3124;1944;-1180
2016-10-09T17:00:00+0200;2114;2196;82;2939;1426;-1513
2016-10-09T18:00:00+0200;243;216;-27;2820;1320;-1500
2016-10-09T19:00:00+0200;0;0;0;2738;1280;-1458
2016-10-09T20:00:00+0200;0;0;0;2500;1167;-1333
2016-10-09T21:00:00+0200;0;0;0;2318;1146;-1172
2016-10-09T22:00:00+0200;0;0;0;2196;955;-1241
2016-10-09T23:00:00+0200;0;0;0;2081;932;-1149
2016-10-10T00:00:00+0200;0;0;0;866;850;-16
2016-10-10T01:00:00+0200;0;0;0;796;645;-151
2016-10-10T02:00:00+0200;0;0;0;769;502;-267
2016-10-10T03:00:00+0200;0;0;0;802;563;-239
2016-10-10T04:00:00+0200;0;0;0;877;657;-220
2016-10-10T05:00:00+0200;0;0;0;952;616;-336
2016-10-10T06:00:00+0200;0;0;0;1033;572;-461
2016-10-10T07:00:00+0200;130;81;-49;1102;610;-492
2016-10-10T08:00:00+0200;1903;1362;-541;1113;767;-346
2016-10-10T09:00:00+0200;5462;3939;-1523;1036;907;-129
2016-10-10T10:00:00+0200;9067;6785;-2282;977;814;-163
2016-10-10T11:00:00+0200;11783;9254;-2529;941;663;-278
2016-10-10T12:00:00+0200;13162;10989;-2173;975;584;-391
2016-10-10T13:00:00+0200;12763;10882;-1881;1032;670;-362
2016-10-10T14:00:00+0200;10997;9159;-1838;1202;798;-404
2016-10-10T15:00:00+0200;8396;6518;-1878;1440;982;-458
2016-10-10T16:00:00+0200;5333;3924;-1409;1764;1211;-553
2016-10-10T17:00:00+0200;2179;1483;-696;2222;1596;-626
2016-10-10T18:00:00+0200;231;128;-103;2831;2006;-825
2016-10-10T19:00:00+0200;0;0;0;3412;2174;-1238
2016-10-10T20:00:00+0200;0;0;0;3658;2563;-1095
2016-10-10T21:00:00+0200;0;0;0;4015;2718;-1297
2016-10-10T22:00:00+0200;0;0;0;4452;2968;-1484
2016-10-10T23:00:00+0200;0;0;0;4817;3326;-1491
2016-10-11T00:00:00+0200;0;0;0;4930;3525;-1405
2016-10-11T01:00:00+0200;0;0;0;5334;3838;-1496
2016-10-11T02:00:00+0200;0;0;0;5789;4278;-1511
2016-10-11T03:00:00+0200;0;0;0;6278;4614;-1664
2016-10-11T04:00:00+0200;0;0;0;6724;4669;-2055
2016-10-11T05:00:00+0200;0;0;0;7053;5127;-1926
2016-10-11T06:00:00+0200;0;0;0;7189;5718;-1471
2016-10-11T07:00:00+0200;85;44;-41;7283;6164;-1119
2016-10-11T08:00:00+0200;1322;968;-354;7331;6318;-1013
2016-10-11T09:00:00+0200;3922;3120;-802;7301;6111;-1190
2016-10-11T10:00:00+0200;6397;5818;-579;7246;6119;-1127
2016-10-11T11:00:00+0200;8191;7924;-267;7293;6184;-1109
2016-10-11T12:00:00+0200;8941;8701;-240;7457;6324;-1133
2016-10-11T13:00:00+0200;8494;7905;-589;7730;6687;-1043
2016-10-11T14:00:00+0200;7150;6390;-760;8220;7295;-925
2016-10-11T15:00:00+0200;5313;4412;-901;8470;7753;-717
2016-10-11T16:00:00+0200;3318;2572;-746;8814;7885;-929
2016-10-11T17:00:00+0200;1327;914;-413;9123;8201;-922
2016-10-11T18:00:00+0200;149;73;-76;9307;8824;-483
2016-10-11T19:00:00+0200;0;0;0;9471;9711;240
2016-10-11T20:00:00+0200;0;0;0;9603;10359;756
2016-10-11T21:00:00+0200;0;0;0;9553;10583;1030
2016-10-11T22:00:00+0200;0;0;0;9419;10280;861
2016-10-11T23:00:00+0200;0;0;0;9239;9939;700
2016-10-12T00:00:00+0200;0;0;0;9052;9650;598
2016-10-12T01:00:00+0200;0;0;0;8790;9368;578
2016-10-12T02:00:00+0200;0;0;0;8520;9013;493
2016-10-12T03:00:00+0200;0;0;0;8402;8742;340
2016-10-12T04:00:00+0200;0;0;0;8432;8614;182
2016-10-12T05:00:00+0200;0;0;0;8502;8569;67
2016-10-12T06:00:00+0200;0;0;0;8519;8632;113
2016-10-12T07:00:00+0200;59;34;-25;8578;8380;-198
2016-10-12T08:00:00+0200;929;848;-81;8727;7928;-799
2016-10-12T09:00:00+0200;2863;2758;-105;8912;7634;-1278
2016-10-12T10:00:00+0200;4891;5098;207;9090;7626;-1464
2016-10-12T11:00:00+0200;6488;6822;334;9041;7346;-1695
2016-10-12T12:00:00+0200;7260;7670;410;8791;7401;-1390
2016-10-12T13:00:00+0200;7289;7422;133;8678;7368;-1310
2016-10-12T14:00:00+0200;6679;6762;83;8722;7586;-1136
2016-10-12T15:00:00+0200;5443;5335;-108;8627;7804;-823
2016-10-12T16:00:00+0200;3502;3512;10;8551;8146;-405
2016-10-12T17:00:00+0200;1396;1492;96;8546;8342;-204
2016-10-12T18:00:00+0200;146;115;-31;8714;8462;-252
2016-10-12T19:00:00+0200;0;0;0;9019;8885;-134
2016-10-12T20:00:00+0200;0;0;0;9332;8951;-381
2016-10-12T21:00:00+0200;0;0;0;9436;8668;-768
2016-10-12T22:00:00+0200;0;0;0;9502;8379;-1123
2016-10-12T23:00:00+0200;0;0;0;9498;8153;-1345
2016-10-13T00:00:00+0200;0;0;0;9154;8461;-693
2016-10-13T01:00:00+0200;0;0;0;9095;8368;-727
2016-10-13T02:00:00+0200;0;0;0;9127;8786;-341
2016-10-13T03:00:00+0200;0;0;0;9225;9140;-85
2016-10-13T04:00:00+0200;0;0;0;9531;9612;81
2016-10-13T05:00:00+0200;0;0;0;9976;9839;-137
2016-10-13T06:00:00+0200;0;0;0;10530;10240;-290
2016-10-13T07:00:00+0200;88;39;-49;11099;10447;-652
2016-10-13T08:00:00+0200;1540;1150;-390;11772;10821;-951
2016-10-13T09:00:00+0200;4637;3398;-1239;12618;11198;-1420
2016-10-13T10:00:00+0200;7795;6152;-1643;13641;11848;-1793
2016-10-13T11:00:00+0200;10155;7790;-2365;14668;13189;-1479
2016-10-13T12:00:00+0200;11206;8769;-2437;15526;13967;-1559
2016-10-13T13:00:00+0200;10993;8848;-2145;16201;14277;-1924
2016-10-13T14:00:00+0200;9610;7111;-2499;16781;14603;-2178
2016-10-13T15:00:00+0200;7306;5114;-2192;17337;14959;-2378
2016-10-13T16:00:00+0200;4454;3287;-1167;17840;15042;-2798
2016-10-13T17:00:00+0200;1634;1502;-132;18296;15684;-2612
2016-10-13T18:00:00+0200;131;91;-40;18832;16423;-2409
2016-10-13T19:00:00+0200;0;0;0;19414;16986;-2428
2016-10-13T20:00:00+0200;0;0;0;19845;16997;-2848
2016-10-13T21:00:00+0200;0;0;0;20288;17346;-2942
2016-10-13T22:00:00+0200;0;0;0;20250;17296;-2954
2016-10-13T23:00:00+0200;0;0;0;20065;17784;-2281
2016-10-14T00:00:00+0200;0;0;0;18460;17850;-610
2016-10-14T01:00:00+0200;0;0;0;18177;17308;-869
2016-10-14T02:00:00+0200;0;0;0;17971;16667;-1304
2016-10-14T03:00:00+0200;0;0;0;17670;16366;-1304
2016-10-14T04:00:00+0200;0;0;0;17657;16010;-1647
2016-10-14T05:00:00+0200;0;0;0;17818;16049;-1769
2016-10-14T06:00:00+0200;0;0;0;17975;16743;-1232
2016-10-14T07:00:00+0200;89;60;-29;17951;17449;-502
2016-10-14T08:00:00+0200;1894;1585;-309;17623;17759;136
2016-10-14T09:00:00+0200;5572;4779;-793;17076;16859;-217
2016-10-14T10:00:00+0200;9429;7906;-1523;16556;16222;-334
2016-10-14T11:00:00+0200;12413;10277;-2136;16210;16095;-115
2016-10-14T12:00:00+0200;13872;12052;-1820;16050;16380;330
2016-10-14T13:00:00+0200;13597;11724;-1873;15977;17002;1025
2016-10-14T14:00:00+0200;11910;9347;-2563;16001;17143;1142
2016-10-14T15:00:00+0200;9005;6756;-2249;16115;18210;2095
2016-10-14T16:00:00+0200;5391;3962;-1429;16142;18564;2422
2016-10-14T17:00:00+0200;1894;1251;-643;16412;18716;2304
2016-10-14T18:00:00+0200;128;84;-44;17152;19456;2304
2016-10-14T19:00:00+0200;0;0;0;17794;20290;2496
2016-10-14T20:00:00+0200;0;0;0;17822;20261;2439
2016-10-14T21:00:00+0200;0;0;0;17330;19574;2244
2016-10-14T22:00:00+0200;0;0;0;16526;18234;1708
2016-10-14T23:00:00+0200;0;0;0;15781;17074;1293
2016-10-15T00:00:00+0200;0;0;0;17178;16012;-1166
2016-10-15T01:00:00+0200;0;0;0;16812;16083;-729
2016-10-15T02:00:00+0200;0;0;0;16453;16616;163
2016-10-15T03:00:00+0200;0;0;0;15989;16414;425
2016-10-15T04:00:00+0200;0;0;0;15690;15748;58
2016-10-15T05:00:00+0200;0;0;0;15319;15345;26
2016-10-15T06:00:00+0200;0;0;0;14773;14980;207
2016-10-15T07:00:00+0200;47;28;-19;14180;14427;247
2016-10-15T08:00:00+0200;981;970;-11;13442;13442;0
2016-10-15T09:00:00+0200;2967;3346;379;12477;12691;214
2016-10-15T10:00:00+0200;4867;5882;1015;11420;11490;70
2016-10-15T11:00:00+0200;6345;7786;1441;10284;10848;564
2016-10-15T12:00:00+0200;7199;8917;1718;9052;9781;729
2016-10-15T13:00:00+0200;7219;9145;1926;7858;8308;450
2016-10-15T14:00:00+0200;6568;8365;1797;6778;7090;312
2016-10-15T15:00:00+0200;5286;6249;963;5834;6228;394
2016-10-15T16:00:00+0200;3371;3545;174;4971;5413;442
2016-10-15T17:00:00+0200;1247;1340;93;4357;4590;233
2016-10-15T18:00:00+0200;90;106;16;4214;4050;-164
2016-10-15T19:00:00+0200;0;0;0;4171;4028;-143
2016-10-15T20:00:00+0200;0;0;0;4071;4006;-65
2016-10-15T21:00:00+0200;0;0;0;3961;3665;-296
2016-10-15T22:00:00+0200;0;0;0;3685;3206;-479
2016-10-15T23:00:00+0200;0;0;0;3344;2921;-423
2016-10-16T00:00:00+0200;0;0;0;3307;2527;-780
2016-10-16T01:00:00+0200;0;0;0;2916;2286;-630
2016-10-16T02:00:00+0200;0;0;0;2644;2101;-543
2016-10-16T03:00:00+0200;0;0;0;2462;2002;-460
2016-10-16T04:00:00+0200;0;0;0;2322;2101;-221
2016-10-16T05:00:00+0200;0;0;0;2251;2248;-3
2016-10-16T06:00:00+0200;0;0;0;2291;2390;99
2016-10-16T07:00:00+0200;46;32;-14;2362;2629;267
2016-10-16T08:00:00+0200;1282;1415;133;2410;2880;470
2016-10-16T09:00:00+0200;4599;4929;330;2400;3103;703
2016-10-16T10:00:00+0200;8553;9447;894;2297;2478;181
2016-10-16T11:00:00+0200;12141;13144;1003;2109;2134;25
2016-10-16T12:00:00+0200;14314;15506;1192;1958;2411;453
2016-10-16T13:00:00+0200;14657;15888;1231;2001;2916;915
2016-10-16T14:00:00+0200;13337;14714;1377;2180;3296;1116
2016-10-16T15:00:00+0200;10467;11976;1509;2349;3640;1291
2016-10-16T16:00:00+0200;6458;7504;1046;2593;4347;1754
2016-10-16T17:00:00+0200;2305;2572;267;3314;5329;2015
2016-10-16T18:00:00+0200;157;106;-51;4899;7204;2305
2016-10-16T19:00:00+0200;0;0;0;6549;9208;2659
2016-10-16T20:00:00+0200;0;0;0;7687;10366;2679
2016-10-16T21:00:00+0200;0;0;0;8256;10950;2694
2016-10-16T22:00:00+0200;0;0;0;8539;10829;2290
2016-10-16T23:00:00+0200;0;0;0;8562;10610;2048
2016-10-17T00:00:00+0200;0;0;0;10556;10206;-350
2016-10-17T01:00:00+0200;0;0;0;10274;9978;-296
2016-10-17T02:00:00+0200;0;0;0;9946;9863;-83
2016-10-17T03:00:00+0200;0;0;0;9559;9758;199
2016-10-17T04:00:00+0200;0;0;0;9276;9528;252
2016-10-17T05:00:00+0200;0;0;0;9082;9360;278
2016-10-17T06:00:00+0200;0;0;0;8907;9143;236
2016-10-17T07:00:00+0200;34;32;-2;8638;8802;164
2016-10-17T08:00:00+0200;801;978;177;8097;8684;587
2016-10-17T09:00:00+0200;3105;3074;-31;7207;8072;865
2016-10-17T10:00:00+0200;5784;5294;-490;6254;6698;444
2016-10-17T11:00:00+0200;7679;7380;-299;5383;5370;-13
2016-10-17T12:00:00+0200;8528;8384;-144;4671;4420;-251
2016-10-17T13:00:00+0200;8023;7638;-385;4098;4018;-80
2016-10-17T14:00:00+0200;6606;6274;-332;3744;3753;9
2016-10-17T15:00:00+0200;4709;4488;-221;3499;3647;148
2016-10-17T16:00:00+0200;2714;2420;-294;3342;3336;-6
2016-10-17T17:00:00+0200;849;768;-81;3424;3234;-190
2016-10-17T18:00:00+0200;56;49;-7;3769;3338;-431
2016-10-17T19:00:00+0200;0;0;0;4056;3546;-510
2016-10-17T20:00:00+0200;0;0;0;4164;3617;-547
2016-10-17T21:00:00+0200;0;0;0;4072;3410;-662
2016-10-17T22:00:00+0200;0;0;0;3943;3116;-827
2016-10-17T23:00:00+0200;0;0;0;3883;2720;-1163
2016-10-18T00:00:00+0200;0;0;0;3510;2556;-954
2016-10-18T01:00:00+0200;0;0;0;3401;2601;-800
2016-10-18T02:00:00+0200;0;0;0;3294;2614;-680
2016-10-18T03:00:00+0200;0;0;0;3253;2839;-414
2016-10-18T04:00:00+0200;0;0;0;3263;2944;-319
2016-10-18T05:00:00+0200;0;0;0;3391;3192;-199
2016-10-18T06:00:00+0200;0;0;0;3693;3436;-257
2016-10-18T07:00:00+0200;19;8;-11;4033;3813;-220
2016-10-18T08:00:00+0200;629;455;-174;4284;4059;-225
2016-10-18T09:00:00+0200;2439;1932;-507;4422;3890;-532
2016-10-18T10:00:00+0200;4619;3653;-966;4517;4031;-486
2016-10-18T11:00:00+0200;6480;5571;-909;4688;4664;-24
2016-10-18T12:00:00+0200;7508;7070;-438;5212;5402;190
2016-10-18T13:00:00+0200;7552;7557;5;5835;6677;842
2016-10-18T14:00:00+0200;6768;7043;275;6247;7657;1410
2016-10-18T15:00:00+0200;5217;5320;103;6463;8041;1578
2016-10-18T16:00:00+0200;3112;2972;-140;6678;8669;1991
2016-10-18T17:00:00+0200;1002;813;-189;6953;9067;2114
2016-10-18T18:00:00+0200;69;34;-35;7395;9938;2543
2016-10-18T19:00:00+0200;0;0;0;7988;10833;2845
2016-10-18T20:00:00+0200;0;0;0;8444;11854;3410
2016-10-18T21:00:00+0200;0;0;0;8495;12105;3610
2016-10-18T22:00:00+0200;0;0;0;8440;10907;2467
2016-10-18T23:00:00+0200;0;0;0;8290;9794;1504
2016-10-19T00:00:00+0200;0;0;0;9004;9152;148
2016-10-19T01:00:00+0200;0;0;0;8571;8746;175
2016-10-19T02:00:00+0200;0;0;0;8138;8499;361
2016-10-19T03:00:00+0200;0;0;0;7692;8076;384
2016-10-19T04:00:00+0200;0;0;0;7320;7574;254
2016-10-19T05:00:00+0200;0;0;0;6993;7181;188
2016-10-19T06:00:00+0200;0;0;0;6732;7197;465
2016-10-19T07:00:00+0200;20;7;-13;6590;7381;791
2016-10-19T08:00:00+0200;779;510;-269;6569;7086;517
2016-10-19T09:00:00+0200;2817;2074;-743;6679;7129;450
2016-10-19T10:00:00+0200;4895;3811;-1084;6839;7476;637
2016-10-19T11:00:00+0200;6473;5387;-1086;6976;7906;930
2016-10-19T12:00:00+0200;7327;6031;-1296;7151;7646;495
2016-10-19T13:00:00+0200;7207;6319;-888;7407;8950;1543
2016-10-19T14:00:00+0200;6373;5941;-432;7572;8909;1337
2016-10-19T15:00:00+0200;4911;4661;-250;7397;8766;1369
2016-10-19T16:00:00+0200;2925;2652;-273;7146;8555;1409
2016-10-19T17:00:00+0200;896;739;-157;6928;8771;1843
2016-10-19T18:00:00+0200;49;38;-11;6805;9506;2701
2016-10-19T19:00:00+0200;0;0;0;6773;10212;3439
2016-10-19T20:00:00+0200;0;0;0;6662;10690;4028
2016-10-19T21:00:00+0200;0;0;0;6439;10204;3765
2016-10-19T22:00:00+0200;0;0;0;6180;9835;3655
2016-10-19T23:00:00+0200;0;0;0;5955;9319;3364
2016-10-20T00:00:00+0200;0;0;0;7958;8958;1000
2016-10-20T01:00:00+0200;0;0;0;7560;9021;1461
2016-10-20T02:00:00+0200;0;0;0;7361;8939;1578
2016-10-20T03:00:00+0200;0;0;0;7227;9140;1913
2016-10-20T04:00:00+0200;0;0;0;7011;9016;2005
2016-10-20T05:00:00+0200;0;0;0;6846;8753;1907
2016-10-20T06:00:00+0200;0;0;0;6646;8036;1390
2016-10-20T07:00:00+0200;18;8;-10;6447;7527;1080
2016-10-20T08:00:00+0200;699;522;-177;6236;7133;897
2016-10-20T09:00:00+0200;2530;2169;-361;5875;6553;678
2016-10-20T10:00:00+0200;4470;3890;-580;5477;5734;257
2016-10-20T11:00:00+0200;6063;5566;-497;5253;5360;107
2016-10-20T12:00:00+0200;6998;6415;-583;5207;5111;-96
2016-10-20T13:00:00+0200;6981;6245;-736;5077;5118;41
2016-10-20T14:00:00+0200;6207;5657;-550;4859;5289;430
2016-10-20T15:00:00+0200;4737;4454;-283;4467;5250;783
2016-10-20T16:00:00+0200;2751;2680;-71;4112;5157;1045
2016-10-20T17:00:00+0200;797;772;-25;3945;5308;1363
2016-10-20T18:00:00+0200;39;32;-7;4021;5771;1750
2016-10-20T19:00:00+0200;0;0;0;4234;5628;1394
2016-10-20T20:00:00+0200;0;0;0;4462;5571;1109
2016-10-20T21:00:00+0200;0;0;0;4522;5016;494
2016-10-20T22:00:00+0200;0;0;0;4439;4490;51
2016-10-20T23:00:00+0200;0;0;0;4360;3868;-492
2016-10-21T00:00:00+0200;0;0;0;3344;3609;265
2016-10-21T01:00:00+0200;0;0;0;3341;3386;45
2016-10-21T02:00:00+0200;0;0;0;3432;3044;-388
2016-10-21T03:00:00+0200;0;0;0;3625;2958;-667
2016-10-21T04:00:00+0200;0;0;0;3809;3154;-655
2016-10-21T05:00:00+0200;0;0;0;4082;3208;-874
2016-10-21T06:00:00+0200;0;0;0;4490;3397;-1093
2016-10-21T07:00:00+0200;14;5;-9;4875;3947;-928
2016-10-21T08:00:00+0200;520;368;-152;5286;4181;-1105
2016-10-21T09:00:00+0200;2031;1579;-452;5618;4601;-1017
2016-10-21T10:00:00+0200;3663;3109;-554;5929;4951;-978
2016-10-21T11:00:00+0200;4921;4198;-723;6195;5299;-896
2016-10-21T12:00:00+0200;5583;4858;-725;6454;5890;-564
2016-10-21T13:00:00+0200;5624;4864;-760;6780;6179;-601
2016-10-21T14:00:00+0200;5050;4372;-678;7136;6262;-874
2016-10-21T15:00:00+0200;3837;3239;-598;6995;6134;-861
2016-10-21T16:00:00+0200;2187;1852;-335;6743;5904;-839
2016-10-21T17:00:00+0200;625;512;-113;6547;6190;-357
2016-10-21T18:00:00+0200;31;23;-8;6453;6363;-90
2016-10-21T19:00:00+0200;0;0;0;6460;6484;24
2016-10-21T20:00:00+0200;0;0;0;6592;6399;-193
2016-10-21T21:00:00+0200;0;0;0;6564;6303;-261
2016-10-21T22:00:00+0200;0;0;0;6430;5941;-489
2016-10-21T23:00:00+0200;0;0;0;6226;5524;-702
2016-10-22T00:00:00+0200;0;0;0;5100;5314;214
2016-10-22T01:00:00+0200;0;0;0;5043;5407;364
2016-10-22T02:00:00+0200;0;0;0;5087;5444;357
2016-10-22T03:00:00+0200;0;0;0;5130;5410;280
2016-10-22T04:00:00+0200;0;0;0;5179;5285;106
2016-10-22T05:00:00+0200;0;0;0;5151;5250;99
2016-10-22T06:00:00+0200;0;0;0;5030;5116;86
2016-10-22T07:00:00+0200;17;6;-11;4898;5105;207
2016-10-22T08:00:00+0200;723;549;-174;4759;4956;197
2016-10-22T09:00:00+0200;2749;2356;-393;4481;4871;390
2016-10-22T10:00:00+0200;5033;4693;-340;4201;4332;131
2016-10-22T11:00:00+0200;6806;6508;-298;4057;3672;-385
2016-10-22T12:00:00+0200;7667;6838;-829;3864;3284;-580
2016-10-22T13:00:00+0200;7482;6559;-923;3693;3012;-681
2016-10-22T14:00:00+0200;6519;6111;-408;3564;2844;-720
2016-10-22T15:00:00+0200;4974;4866;-108;3251;2338;-913
2016-10-22T16:00:00+0200;2950;2935;-15;2874;2075;-799
2016-10-22T17:00:00+0200;861;874;13;2593;1924;-669
2016-10-22T18:00:00+0200;36;29;-7;2422;1682;-740
2016-10-22T19:00:00+0200;0;0;0;2283;1767;-516
2016-10-22T20:00:00+0200;0;0;0;1966;1596;-370
2016-10-22T21:00:00+0200;0;0;0;1764;1280;-484
2016-10-22T22:00:00+0200;0;0;0;1629;1128;-501
2016-10-22T23:00:00+0200;0;0;0;1532;935;-597
2016-10-23T00:00:00+0200;0;0;0;1081;736;-345
2016-10-23T01:00:00+0200;0;0;0;1088;666;-422
2016-10-23T02:00:00+0200;0;0;0;1105;608;-497
2016-10-23T03:00:00+0200;0;0;0;1100;682;-418
2016-10-23T04:00:00+0200;0;0;0;1160;766;-394
2016-10-23T05:00:00+0200;0;0;0;1280;758;-522
2016-10-23T06:00:00+0200;0;0;0;1438;857;-581
2016-10-23T07:00:00+0200;20;6;-14;1586;1188;-398
2016-10-23T08:00:00+0200;970;580;-390;1642;1730;88
2016-10-23T09:00:00+0200;3935;2682;-1253;1604;1993;389
2016-10-23T10:00:00+0200;7823;5704;-2119;1532;1962;430
2016-10-23T11:00:00+0200;10928;8493;-2435;1536;1763;227
2016-10-23T12:00:00+0200;12554;10310;-2244;1595;1808;213
2016-10-23T13:00:00+0200;12312;11042;-1270;1696;1820;124
2016-10-23T14:00:00+0200;10481;10109;-372;1737;1798;61
2016-10-23T15:00:00+0200;7625;7174;-451;1714;1863;149
2016-10-23T16:00:00+0200;4213;3522;-691;1783;2296;513
2016-10-23T17:00:00+0200;1071;850;-221;2176;3092;916
2016-10-23T18:00:00+0200;29;20;-9;3108;4555;1447
2016-10-23T19:00:00+0200;0;0;0;4098;5994;1896
2016-10-23T20:00:00+0200;0;0;0;4560;6927;2367
2016-10-23T21:00:00+0200;0;0;0;4850;7150;2300
2016-10-23T22:00:00+0200;0;0;0;5032;6864;1832
2016-10-23T23:00:00+0200;0;0;0;4940;6006;1066
2016-10-24T00:00:00+0200;0;0;0;4692;5387;695
2016-10-24T01:00:00+0200;0;0;0;4279;4962;683
2016-10-24T02:00:00+0200;0;0;0;3927;4786;859
2016-10-24T03:00:00+0200;0;0;0;3710;4528;818
2016-10-24T04:00:00+0200;0;0;0;3609;4506;897
2016-10-24T05:00:00+0200;0;0;0;3657;4956;1299
2016-10-24T06:00:00+0200;0;0;0;3844;4593;749
2016-10-24T07:00:00+0200;7;3;-4;3983;4450;467
2016-10-24T08:00:00+0200;475;426;-49;3978;4954;976
2016-10-24T09:00:00+0200;2055;2077;22;3737;4658;921
2016-10-24T10:00:00+0200;4249;4529;280;3438;4544;1106
2016-10-24T11:00:00+0200;6236;6120;-116;3218;4325;1107
2016-10-24T12:00:00+0200;7404;6082;-1322;3135;4354;1219
2016-10-24T13:00:00+0200;7285;5717;-1568;3288;4311;1023
2016-10-24T14:00:00+0200;6195;4736;-1459;3860;4418;558
2016-10-24T15:00:00+0200;4469;3068;-1401;4400;4579;179
2016-10-24T16:00:00+0200;2389;1605;-784;5028;4549;-479
2016-10-24T17:00:00+0200;602;566;-36;5769;4918;-851
2016-10-24T18:00:00+0200;29;13;-16;6458;5590;-868
2016-10-24T19:00:00+0200;0;0;0;7110;5898;-1212
2016-10-24T20:00:00+0200;0;0;0;7584;5632;-1952
2016-10-24T21:00:00+0200;0;0;0;7456;5257;-2199
2016-10-24T22:00:00+0200;0;0;0;7141;4715;-2426
2016-10-24T23:00:00+0200;0;0;0;6753;3982;-2771
2016-10-25T00:00:00+0200;0;0;0;4294;3797;-497
2016-10-25T01:00:00+0200;0;0;0;3850;3247;-603
2016-10-25T02:00:00+0200;0;0;0;3561;3008;-553
2016-10-25T03:00:00+0200;0;0;0;3366;3537;171
2016-10-25T04:00:00+0200;0;0;0;3250;3984;734
2016-10-25T05:00:00+0200;0;0;0;3123;4043;920
2016-10-25T06:00:00+0200;0;0;0;2955;3713;758
2016-10-25T07:00:00+0200;3;0;-3;2744;3511;767
2016-10-25T08:00:00+0200;277;142;-135;2437;3106;669
2016-10-25T09:00:00+0200;1258;910;-348;2035;2334;299
2016-10-25T10:00:00+0200;2554;2295;-259;1641;1600;-41
2016-10-25T11:00:00+0200;3737;3890;153;1336;1128;-208
2016-10-25T12:00:00+0200;4567;4664;97;1174;906;-268
2016-10-25T13:00:00+0200;4683;4410;-273;1081;814;-267
2016-10-25T14:00:00+0200;4140;3864;-276;1033;747;-286
2016-10-25T15:00:00+0200;3063;2681;-382;1033;719;-314
2016-10-25T16:00:00+0200;1635;1358;-277;1042;760;-282
2016-10-25T17:00:00+0200;408;314;-94;1078;818;-260
2016-10-25T18:00:00+0200;16;9;-7;1144;988;-156
2016-10-25T19:00:00+0200;0;0;0;1225;1190;-35
2016-10-25T20:00:00+0200;0;0;0;1230;1312;82
2016-10-25T21:00:00+0200;0;0;0;1187;1264;77
2016-10-25T22:00:00+0200;0;0;0;1085;1063;-22
2016-10-25T23:00:00+0200;0;0;0;995;893;-102
2016-10-26T00:00:00+0200;0;0;0;680;639;-41
2016-10-26T01:00:00+0200;0;0;0;614;478;-136
2016-10-26T02:00:00+0200;0;0;0;597;376;-221
2016-10-26T03:00:00+0200;0;0;0;606;374;-232
2016-10-26T04:00:00+0200;0;0;0;629;435;-194
2016-10-26T05:00:00+0200;0;0;0;654;594;-60
2016-10-26T06:00:00+0200;0;0;0;725;784;59
2016-10-26T07:00:00+0200;8;2;-6;871;851;-20
2016-10-26T08:00:00+0200;353;251;-102;1094;956;-138
2016-10-26T09:00:00+0200;1810;1537;-273;1324;1404;80
2016-10-26T10:00:00+0200;3877;3371;-506;1540;1441;-99
2016-10-26T11:00:00+0200;5845;5005;-840;1773;1442;-331
2016-10-26T12:00:00+0200;6996;6292;-704;2052;1522;-530
2016-10-26T13:00:00+0200;7030;6518;-512;2385;1797;-588
2016-10-26T14:00:00+0200;6152;5806;-346;2725;2326;-399
2016-10-26T15:00:00+0200;4535;4288;-247;3052;2881;-171
2016-10-26T16:00:00+0200;2433;2353;-80;3365;3132;-233
2016-10-26T17:00:00+0200;560;543;-17;3781;3684;-97
2016-10-26T18:00:00+0200;16;15;-1;4378;4525;147
2016-10-26T19:00:00+0200;0;0;0;5112;5523;411
2016-10-26T20:00:00+0200;0;0;0;6022;6204;182
2016-10-26T21:00:00+0200;0;0;0;6955;6860;-95
2016-10-26T22:00:00+0200;0;0;0;7828;7427;-401
2016-10-26T23:00:00+0200;0;0;0;8514;7882;-632
2016-10-27T00:00:00+0200;0;0;0;7970;8002;32
2016-10-27T01:00:00+0200;0;0;0;8182;7873;-309
2016-10-27T02:00:00+0200;0;0;0;8323;7727;-596
2016-10-27T03:00:00+0200;0;0;0;8285;7708;-577
2016-10-27T04:00:00+0200;0;0;0;8172;8053;-119
2016-10-27T05:00:00+0200;0;0;0;7937;7964;27
2016-10-27T06:00:00+0200;0;0;0;7673;7626;-47
2016-10-27T07:00:00+0200;8;0;-8;7492;7350;-142
2016-10-27T08:00:00+0200;447;320;-127;7350;6904;-446
2016-10-27T09:00:00+0200;2224;1965;-259;7216;6532;-684
2016-10-27T10:00:00+0200;4594;4316;-278;7109;6269;-840
2016-10-27T11:00:00+0200;6472;6479;7;7226;6311;-915
2016-10-27T12:00:00+0200;7494;7788;294;7709;6884;-825
2016-10-27T13:00:00+0200;7370;8429;1059;8459;7228;-1231
2016-10-27T14:00:00+0200;6328;7760;1432;9167;7416;-1751
2016-10-27T15:00:00+0200;4602;5611;1009;9201;8246;-955
2016-10-27T16:00:00+0200;2476;3002;526;9228;8648;-580
2016-10-27T17:00:00+0200;590;712;122;9669;9316;-353
2016-10-27T18:00:00+0200;14;10;-4;10585;10184;-401
2016-10-27T19:00:00+0200;0;0;0;11655;11256;-399
2016-10-27T20:00:00+0200;0;0;0;12696;12118;-578
2016-10-27T21:00:00+0200;0;0;0;13470;12944;-526
2016-10-27T22:00:00+0200;0;0;0;14145;13857;-288
2016-10-27T23:00:00+0200;0;0;0;14782;14332;-450
2016-10-28T00:00:00+0200;0;0;0;15256;14762;-494
2016-10-28T01:00:00+0200;0;0;0;15742;15508;-234
2016-10-28T02:00:00+0200;0;0;0;16172;15773;-399
2016-10-28T03:00:00+0200;0;0;0;16490;16274;-216
2016-10-28T04:00:00+0200;0;0;0;16805;17059;254
2016-10-28T05:00:00+0200;0;0;0;17036;17415;379
2016-10-28T06:00:00+0200;0;0;0;17220;18103;883
2016-10-28T07:00:00+0200;12;1;-11;17339;18466;1127
2016-10-28T08:00:00+0200;659;491;-168;17226;18605;1379
2016-10-28T09:00:00+0200;2980;2168;-812;16832;18418;1586
2016-10-28T10:00:00+0200;5524;4142;-1382;16437;18142;1705
2016-10-28T11:00:00+0200;7376;5664;-1712;16184;17759;1575
2016-10-28T12:00:00+0200;8168;6618;-1550;16106;18053;1947
2016-10-28T13:00:00+0200;7788;6799;-989;16068;18003;1935
2016-10-28T14:00:00+0200;6474;6131;-343;15879;17415;1536
2016-10-28T15:00:00+0200;4548;4770;222;15306;16128;822
2016-10-28T16:00:00+0200;2399;2665;266;14443;15140;697
2016-10-28T17:00:00+0200;552;581;29;13569;13997;428
2016-10-28T18:00:00+0200;8;12;4;12878;13668;790
2016-10-28T19:00:00+0200;0;0;0;12286;13472;1186
2016-10-28T20:00:00+0200;0;0;0;11690;13340;1650
2016-10-28T21:00:00+0200;0;0;0;11049;13255;2206
2016-10-28T22:00:00+0200;0;0;0;10358;12624;2266
2016-10-28T23:00:00+0200;0;0;0;9867;11812;1945
2016-10-29T00:00:00+0200;0;0;0;10644;11678;1034
2016-10-29T01:00:00+0200;0;0;0;10402;11175;773
2016-10-29T02:00:00+0200;0;0;0;10302;10782;480
2016-10-29T03:00:00+0200;0;0;0;10210;11046;836
2016-10-29T04:00:00+0200;0;0;0;10168;11395;1227
2016-10-29T05:00:00+0200;0;0;0;10134;11549;1415
2016-10-29T06:00:00+0200;0;0;0;10099;11833;1734
2016-10-29T07:00:00+0200;6;0;-6;10100;12196;2096
2016-10-29T08:00:00+0200;360;305;-55;10008;11583;1575
2016-10-29T09:00:00+0200;1999;1872;-127;9820;11468;1648
2016-10-29T10:00:00+0200;4147;4137;-10;9624;11081;1457
2016-10-29T11:00:00+0200;6166;6808;642;9886;11594;1708
2016-10-29T12:00:00+0200;7451;8808;1357;10790;12662;1872
2016-10-29T13:00:00+0200;7692;9249;1557;11742;14666;2924
2016-10-29T14:00:00+0200;6936;8171;1235;12251;15080;2829
2016-10-29T15:00:00+0200;5234;6400;1166;11832;14301;2469
2016-10-29T16:00:00+0200;2765;3512;747;11056;12999;1943
2016-10-29T17:00:00+0200;575;715;140;10407;11551;1144
2016-10-29T18:00:00+0200;10;12;2;10069;10847;778
2016-10-29T19:00:00+0200;0;0;0;9873;10351;478
2016-10-29T20:00:00+0200;0;0;0;9736;10065;329
2016-10-29T21:00:00+0200;0;0;0;9704;10113;409
2016-10-29T22:00:00+0200;0;0;0;9601;9814;213
2016-10-29T23:00:00+0200;0;0;0;9413;9342;-71
2016-10-30T00:00:00+0200;0;0;0;8386;8860;474
2016-10-30T01:00:00+0200;0;0;0;8097;8520;423
2016-10-30T02:00:00+0200;0;0;0;7749;8245;496
2016-10-30T03:00:00+0100;0;0;0;6996;7870;874
2016-10-30T04:00:00+0100;0;0;0;6629;7506;877
2016-10-30T05:00:00+0100;0;0;0;6262;7139;877
2016-10-30T06:00:00+0100;5;2;-3;5864;6892;1028
2016-10-30T07:00:00+0100;521;462;-59;5314;6019;705
2016-10-30T08:00:00+0100;2898;2916;18;4630;5021;391
2016-10-30T09:00:00+0100;5855;6260;405;3971;3964;-7
2016-10-30T10:00:00+0100;8274;9206;932;3493;3453;-40
2016-10-30T11:00:00+0100;9670;11174;1504;3158;3254;96
2016-10-30T12:00:00+0100;9666;11798;2132;2910;2871;-39
2016-10-30T13:00:00+0100;8366;10756;2390;2679;2619;-60
2016-10-30T14:00:00+0100;6063;8019;1956;2309;2387;78
2016-10-30T15:00:00+0100;3133;4059;926;1969;1977;8
2016-10-30T16:00:00+0100;649;738;89;1797;1765;-32
2016-10-30T17:00:00+0100;7;13;6;1831;2058;227
2016-10-30T18:00:00+0100;0;0;0;1931;2302;371
2016-10-30T19:00:00+0100;0;0;0;1944;2394;450
2016-10-30T20:00:00+0100;0;0;0;1879;2320;441
2016-10-30T21:00:00+0100;0;0;0;1733;2064;331
2016-10-30T22:00:00+0100;0;0;0;1575;1873;298
2016-10-30T23:00:00+0100;0;0;0;1441;1454;13
2016-10-31T00:00:00+0100;0;0;0;1331;1737;406
2016-10-31T01:00:00+0100;0;0;0;1205;1768;563
2016-10-31T02:00:00+0100;0;0;0;1113;1874;761
2016-10-31T03:00:00+0100;0;0;0;1045;1928;883
2016-10-31T04:00:00+0100;0;0;0;1015;2020;1005
2016-10-31T05:00:00+0100;0;0;0;1028;2020;992
2016-10-31T06:00:00+0100;5;3;-2;1045;2056;1011
2016-10-31T07:00:00+0100;613;453;-160;1040;2258;1218
2016-10-31T08:00:00+0100;3075;2725;-350;1020;2338;1318
2016-10-31T09:00:00+0100;6272;5533;-739;985;1936;951
2016-10-31T10:00:00+0100;9000;8210;-790;922;1522;600
2016-10-31T11:00:00+0100;10680;10195;-485;893;1321;428
2016-10-31T12:00:00+0100;11014;11257;243;954;1361;407
2016-10-31T13:00:00+0100;9927;10606;679;1070;1509;439
2016-10-31T14:00:00+0100;7464;8014;550;1208;1613;405
2016-10-31T15:00:00+0100;3969;4256;287;1390;1681;291
2016-10-31T16:00:00+0100;848;804;-44;1615;1654;39
2016-10-31T17:00:00+0100;8;8;0;1968;1952;-16
2016-10-31T18:00:00+0100;0;0;0;2346;2340;-6
2016-10-31T19:00:00+0100;0;0;0;2546;2752;206
2016-10-31T20:00:00+0100;0;0;0;2960;3145;185
2016-10-31T21:00:00+0100;0;0;0;3393;3640;247
2016-10-31T22:00:00+0100;0;0;0;3926;4271;345
2016-10-31T23:00:00+0100;0;0;0;4561;4816;255
2016-11-01T00:00:00+0100;0;0;0;5106;5516;410
2016-11-01T01:00:00+0100;0;0;0;5596;5909;313
2016-11-01T02:00:00+0100;0;0;0;6148;6431;283
2016-11-01T03:00:00+0100;0;0;0;6743;6615;-128
2016-11-01T04:00:00+0100;0;0;0;7223;6678;-545
2016-11-01T05:00:00+0100;0;0;0;7526;7034;-492
2016-11-01T06:00:00+0100;4;2;-2;7788;7856;68
2016-11-01T07:00:00+0100;583;471;-112;7962;7934;-28
2016-11-01T08:00:00+0100;3421;2689;-732;7990;7865;-125
2016-11-01T09:00:00+0100;7031;5720;-1311;8002;7592;-410
2016-11-01T10:00:00+0100;9957;8520;-1437;8101;7807;-294
2016-11-01T11:00:00+0100;11493;9659;-1834;8448;8220;-228
2016-11-01T12:00:00+0100;11324;9532;-1792;8938;9363;425
2016-11-01T13:00:00+0100;9655;8260;-1395;9499;9761;262
2016-11-01T14:00:00+0100;6834;5900;-934;10100;10104;4
2016-11-01T15:00:00+0100;3456;2826;-630;10647;10512;-135
2016-11-01T16:00:00+0100;694;472;-222;11274;11376;102
2016-11-01T17:00:00+0100;6;5;-1;11962;12178;216
2016-11-01T18:00:00+0100;0;0;0;12720;12919;199
2016-11-01T19:00:00+0100;0;0;0;13774;13902;128
2016-11-01T20:00:00+0100;0;0;0;14257;15115;858
2016-11-01T21:00:00+0100;0;0;0;14642;15776;1134
2016-11-01T22:00:00+0100;0;0;0;15085;15708;623
2016-11-01T23:00:00+0100;0;0;0;15583;16319;736
2016-11-02T00:00:00+0100;0;0;0;15656;16810;1154
2016-11-02T01:00:00+0100;0;0;0;16337;17488;1151
2016-11-02T02:00:00+0100;0;0;0;16992;18098;1106
2016-11-02T03:00:00+0100;0;0;0;17575;18442;867
2016-11-02T04:00:00+0100;0;0;0;18146;19007;861
2016-11-02T05:00:00+0100;0;0;0;19055;19337;282
2016-11-02T06:00:00+0100;1;1;0;19838;20183;345
2016-11-02T07:00:00+0100;338;285;-53;20390;20175;-215
2016-11-02T08:00:00+0100;2214;1916;-298;20828;20366;-462
2016-11-02T09:00:00+0100;4615;4236;-379;21251;20588;-663
2016-11-02T10:00:00+0100;6552;6010;-542;21547;21196;-351
2016-11-02T11:00:00+0100;7639;6688;-951;21557;21760;203
2016-11-02T12:00:00+0100;7821;6807;-1014;21488;21722;234
2016-11-02T13:00:00+0100;7131;6036;-1095;21091;22292;1201
2016-11-02T14:00:00+0100;5391;4745;-646;20141;21353;1212
2016-11-02T15:00:00+0100;2793;2644;-149;18625;19587;962
2016-11-02T16:00:00+0100;516;469;-47;17165;17716;551
2016-11-02T17:00:00+0100;4;1;-3;15805;16969;1164
2016-11-02T18:00:00+0100;0;0;0;14506;16890;2384
2016-11-02T19:00:00+0100;0;0;0;13321;15866;2545
2016-11-02T20:00:00+0100;0;0;0;12116;14493;2377
2016-11-02T21:00:00+0100;0;0;0;10861;12620;1759
2016-11-02T22:00:00+0100;0;0;0;9779;11233;1454
2016-11-02T23:00:00+0100;0;0;0;8982;9909;927
2016-11-03T00:00:00+0100;0;0;0;7559;8824;1265
2016-11-03T01:00:00+0100;0;0;0;7035;7957;922
2016-11-03T02:00:00+0100;0;0;0;6538;7426;888
2016-11-03T03:00:00+0100;0;0;0;6010;7069;1059
2016-11-03T04:00:00+0100;0;0;0;5461;6502;1041
2016-11-03T05:00:00+0100;0;0;0;4910;5675;765
2016-11-03T06:00:00+0100;1;1;0;4323;4922;599
2016-11-03T07:00:00+0100;420;352;-68;3630;4373;743
2016-11-03T08:00:00+0100;2951;2560;-391;2943;3615;672
2016-11-03T09:00:00+0100;6346;5958;-388;2373;2760;387
2016-11-03T10:00:00+0100;9024;8803;-221;2039;2255;216
2016-11-03T11:00:00+0100;10497;10240;-257;2062;2315;253
2016-11-03T12:00:00+0100;10494;9891;-603;2204;2453;249
2016-11-03T13:00:00+0100;9114;8080;-1034;2312;2368;56
2016-11-03T14:00:00+0100;6596;5602;-994;2482;2662;180
2016-11-03T15:00:00+0100;3306;2698;-608;2680;2708;28
2016-11-03T16:00:00+0100;559;441;-118;2950;3023;73
2016-11-03T17:00:00+0100;4;4;0;3451;3490;39
2016-11-03T18:00:00+0100;0;0;0;4123;4856;733
2016-11-03T19:00:00+0100;0;0;0;4933;6053;1120
2016-11-03T20:00:00+0100;0;0;0;6026;6640;614
2016-11-03T21:00:00+0100;0;0;0;7232;7242;10
2016-11-03T22:00:00+0100;0;0;0;8414;8104;-310
2016-11-03T23:00:00+0100;0;0;0;9377;9171;-206
2016-11-04T00:00:00+0100;0;0;0;9655;9850;195
2016-11-04T01:00:00+0100;0;0;0;10275;10279;4
2016-11-04T02:00:00+0100;0;0;0;10753;11374;621
2016-11-04T03:00:00+0100;0;0;0;11229;11690;461
2016-11-04T04:00:00+0100;0;0;0;11594;11694;100
2016-11-04T05:00:00+0100;0;0;0;11823;11801;-22
2016-11-04T06:00:00+0100;0;0;0;12041;12215;174
2016-11-04T07:00:00+0100;378;292;-86;12036;12429;393
2016-11-04T08:00:00+0100;2465;2154;-311;11858;12096;238
2016-11-04T09:00:00+0100;5238;4606;-632;11619;11768;149
2016-11-04T10:00:00+0100;7464;6818;-646;11351;11192;-159
2016-11-04T11:00:00+0100;8658;8387;-271;11107;10804;-303
2016-11-04T12:00:00+0100;8546;8731;185;10851;10494;-357
2016-11-04T13:00:00+0100;7252;7437;185;10442;10282;-160
2016-11-04T14:00:00+0100;5100;5156;56;9827;9234;-593
2016-11-04T15:00:00+0100;2432;2279;-153;9287;8785;-502
2016-11-04T16:00:00+0100;400;288;-112;9236;9181;-55
2016-11-04T17:00:00+0100;1;3;2;9779;9709;-70
2016-11-04T18:00:00+0100;0;0;0;10364;10817;453
2016-11-04T19:00:00+0100;0;0;0;10455;11262;807
2016-11-04T20:00:00+0100;0;0;0;10003;11054;1051
2016-11-04T21:00:00+0100;0;0;0;9427;10681;1254
2016-11-04T22:00:00+0100;0;0;0;8850;10018;1168
2016-11-04T23:00:00+0100;0;0;0;8228;9442;1214
2016-11-05T00:00:00+0100;0;0;0;7493;8442;949
2016-11-05T01:00:00+0100;0;0;0;7126;8128;1002
2016-11-05T02:00:00+0100;0;0;0;6898;8404;1506
2016-11-05T03:00:00+0100;0;0;0;6775;8412;1637
2016-11-05T04:00:00+0100;0;0;0;6765;8236;1471
2016-11-05T05:00:00+0100;0;0;0;6865;8239;1374
2016-11-05T06:00:00+0100;1;1;0;7060;8356;1296
2016-11-05T07:00:00+0100;161;124;-37;7152;8206;1054
2016-11-05T08:00:00+0100;936;805;-131;7035;8082;1047
2016-11-05T09:00:00+0100;1980;1812;-168;6836;7332;496
2016-11-05T10:00:00+0100;2729;3080;351;6541;6620;79
2016-11-05T11:00:00+0100;3127;3480;353;6344;6207;-137
2016-11-05T12:00:00+0100;3148;3194;46;6330;5812;-518
2016-11-05T13:00:00+0100;2760;2690;-70;6400;5671;-729
2016-11-05T14:00:00+0100;2009;2075;66;6551;5580;-971
2016-11-05T15:00:00+0100;976;1122;146;6828;5348;-1480
2016-11-05T16:00:00+0100;166;174;8;7297;5730;-1567
2016-11-05T17:00:00+0100;0;3;3;7962;6125;-1837
2016-11-05T18:00:00+0100;0;0;0;8781;7127;-1654
2016-11-05T19:00:00+0100;0;0;0;9651;7768;-1883
2016-11-05T20:00:00+0100;0;0;0;10408;8740;-1668
2016-11-05T21:00:00+0100;0;0;0;11126;9061;-2065
2016-11-05T22:00:00+0100;0;0;0;11701;9344;-2357
2016-11-05T23:00:00+0100;0;0;0;12008;9784;-2224
2016-11-06T00:00:00+0100;0;0;0;8578;9893;1315
2016-11-06T01:00:00+0100;0;0;0;8531;9642;1111
2016-11-06T02:00:00+0100;0;0;0;8375;9397;1022
2016-11-06T03:00:00+0100;0;0;0;8255;9276;1021
2016-11-06T04:00:00+0100;0;0;0;8096;8842;746
2016-11-06T05:00:00+0100;0;0;0;7963;8549;586
2016-11-06T06:00:00+0100;0;0;0;7914;8552;638
2016-11-06T07:00:00+0100;132;107;-25;7906;8115;209
2016-11-06T08:00:00+0100;1137;966;-171;7936;7663;-273
2016-11-06T09:00:00+0100;2657;2306;-351;7914;6991;-923
2016-11-06T10:00:00+0100;3982;3599;-383;7775;6638;-1137
2016-11-06T11:00:00+0100;4788;4417;-371;7456;6539;-917
2016-11-06T12:00:00+0100;4911;4328;-583;6973;6533;-440
2016-11-06T13:00:00+0100;4391;3670;-721;6430;6383;-47
2016-11-06T14:00:00+0100;3199;2493;-706;5960;6086;126
2016-11-06T15:00:00+0100;1507;1092;-415;5608;6506;898
2016-11-06T16:00:00+0100;241;148;-93;5699;7329;1630
2016-11-06T17:00:00+0100;1;2;1;6326;8272;1946
2016-11-06T18:00:00+0100;0;0;0;7010;9223;2213
2016-11-06T19:00:00+0100;0;0;0;7386;9774;2388
2016-11-06T20:00:00+0100;0;0;0;7661;10084;2423
2016-11-06T21:00:00+0100;0;0;0;7923;10265;2342
2016-11-06T22:00:00+0100;0;0;0;8143;10336;2193
2016-11-06T23:00:00+0100;0;0;0;8334;10405;2071
2016-11-07T00:00:00+0100;0;0;0;10109;10277;168
2016-11-07T01:00:00+0100;0;0;0;10187;10319;132
2016-11-07T02:00:00+0100;0;0;0;10125;10047;-78
2016-11-07T03:00:00+0100;0;0;0;9989;9635;-354
2016-11-07T04:00:00+0100;0;0;0;9858;9621;-237
2016-11-07T05:00:00+0100;0;0;0;9749;8959;-790
2016-11-07T06:00:00+0100;0;0;0;9654;9122;-532
2016-11-07T07:00:00+0100;167;118;-49;9560;9084;-476
2016-11-07T08:00:00+0100;1422;994;-428;9389;8805;-584
2016-11-07T09:00:00+0100;3403;2231;-1172;9138;8197;-941
2016-11-07T10:00:00+0100;4919;3299;-1620;8744;7845;-899
2016-11-07T11:00:00+0100;5626;4062;-1564;8175;7160;-1015
2016-11-07T12:00:00+0100;5529;4086;-1443;7462;6516;-946
2016-11-07T13:00:00+0100;4720;3742;-978;6694;5843;-851
2016-11-07T14:00:00+0100;3349;2750;-599;5885;5134;-751
2016-11-07T15:00:00+0100;1609;1415;-194;5225;4937;-288
2016-11-07T16:00:00+0100;252;176;-76;4812;4845;33
2016-11-07T17:00:00+0100;0;2;2;4699;4878;179
2016-11-07T18:00:00+0100;0;0;0;4661;5186;525
2016-11-07T19:00:00+0100;0;0;0;4551;4930;379
2016-11-07T20:00:00+0100;0;0;0;4219;5066;847
2016-11-07T21:00:00+0100;0;0;0;3828;4606;778
2016-11-07T22:00:00+0100;0;0;0;3447;4360;913
2016-11-07T23:00:00+0100;0;0;0;3104;4158;1054
2016-11-08T00:00:00+0100;0;0;0;3444;3897;453
2016-11-08T01:00:00+0100;0;0;0;3194;3688;494
2016-11-08T02:00:00+0100;0;0;0;3041;3651;610
2016-11-08T03:00:00+0100;0;0;0;2963;3776;813
2016-11-08T04:00:00+0100;0;0;0;2966;3984;1018
2016-11-08T05:00:00+0100;0;0;0;2998;4291;1293
2016-11-08T06:00:00+0100;0;0;0;3052;4318;1266
2016-11-08T07:00:00+0100;219;131;-88;3060;4318;1258
2016-11-08T08:00:00+0100;1653;1054;-599;2947;4224;1277
2016-11-08T09:00:00+0100;3892;2745;-1147;2792;4022;1230
2016-11-08T10:00:00+0100;5861;4256;-1605;2702;4038;1336
2016-11-08T11:00:00+0100;6805;4628;-2177;2711;4398;1687
2016-11-08T12:00:00+0100;6677;4603;-2074;2743;4631;1888
2016-11-08T13:00:00+0100;5605;4409;-1196;2717;4833;2116
2016-11-08T14:00:00+0100;3898;3460;-438;2633;4940;2307
2016-11-08T15:00:00+0100;1838;1580;-258;2564;4880;2316
2016-11-08T16:00:00+0100;265;173;-92;2643;5094;2451
2016-11-08T17:00:00+0100;0;2;2;2969;5411;2442
2016-11-08T18:00:00+0100;0;0;0;3470;5472;2002
2016-11-08T19:00:00+0100;0;0;0;3976;5572;1596
2016-11-08T20:00:00+0100;0;0;0;4221;5767;1546
2016-11-08T21:00:00+0100;0;0;0;4371;5610;1239
2016-11-08T22:00:00+0100;0;0;0;4498;5700;1202
2016-11-08T23:00:00+0100;0;0;0;4596;5716;1120
2016-11-09T00:00:00+0100;0;0;0;4575;5752;1177
2016-11-09T01:00:00+0100;0;0;0;4646;5467;821
2016-11-09T02:00:00+0100;0;0;0;4613;4966;353
2016-11-09T03:00:00+0100;0;0;0;4583;4592;9
2016-11-09T04:00:00+0100;0;0;0;4588;4512;-76
2016-11-09T05:00:00+0100;0;0;0;4621;4428;-193
2016-11-09T06:00:00+0100;0;0;0;4702;4487;-215
2016-11-09T07:00:00+0100;231;140;-91;4781;4744;-37
2016-11-09T08:00:00+0100;2230;1567;-663;4789;4705;-84
2016-11-09T09:00:00+0100;5449;3821;-1628;4722;4241;-481
2016-11-09T10:00:00+0100;7834;6191;-1643;4669;3648;-1021
2016-11-09T11:00:00+0100;8683;7700;-983;4695;3236;-1459
2016-11-09T12:00:00+0100;8110;7654;-456;4709;2909;-1800
2016-11-09T13:00:00+0100;6404;5951;-453;4627;2716;-1911
2016-11-09T14:00:00+0100;4135;3500;-635;4736;2890;-1846
2016-11-09T15:00:00+0100;1716;1262;-454;5090;3384;-1706
2016-11-09T16:00:00+0100;175;83;-92;5728;4398;-1330
2016-11-09T17:00:00+0100;0;0;0;6620;5656;-964
2016-11-09T18:00:00+0100;0;0;0;7445;7164;-281
2016-11-09T19:00:00+0100;0;0;0;7773;7882;109
2016-11-09T20:00:00+0100;0;0;0;7819;8282;463
2016-11-09T21:00:00+0100;0;0;0;7709;8548;839
2016-11-09T22:00:00+0100;0;0;0;7474;8529;1055
2016-11-09T23:00:00+0100;0;0;0;7248;8554;1306
2016-11-10T00:00:00+0100;0;0;0;6715;8076;1361
2016-11-10T01:00:00+0100;0;0;0;6505;8219;1714
2016-11-10T02:00:00+0100;0;0;0;6103;7972;1869
2016-11-10T03:00:00+0100;0;0;0;5737;7240;1503
2016-11-10T04:00:00+0100;0;0;0;5450;6757;1307
2016-11-10T05:00:00+0100;0;0;0;5204;6469;1265
2016-11-10T06:00:00+0100;0;0;0;4925;6324;1399
2016-11-10T07:00:00+0100;85;71;-14;4586;6119;1533
2016-11-10T08:00:00+0100;742;736;-6;4230;5494;1264
2016-11-10T09:00:00+0100;1819;1822;3;3906;5077;1171
2016-11-10T10:00:00+0100;2768;2709;-59;3627;4568;941
2016-11-10T11:00:00+0100;3360;3519;159;3438;4098;660
2016-11-10T12:00:00+0100;3415;3727;312;3268;3994;726
2016-11-10T13:00:00+0100;2953;3237;284;3056;3645;589
2016-11-10T14:00:00+0100;2065;2358;293;2806;3260;454
2016-11-10T15:00:00+0100;902;997;95;2630;3258;628
2016-11-10T16:00:00+0100;122;106;-16;2669;3710;1041
2016-11-10T17:00:00+0100;0;0;0;2956;4662;1706
2016-11-10T18:00:00+0100;0;0;0;3316;5378;2062
2016-11-10T19:00:00+0100;0;0;0;3652;5739;2087
2016-11-10T20:00:00+0100;0;0;0;3792;5985;2193
2016-11-10T21:00:00+0100;0;0;0;3838;5960;2122
2016-11-10T22:00:00+0100;0;0;0;3828;5790;1962
2016-11-10T23:00:00+0100;0;0;0;3773;5708;1935
2016-11-11T00:00:00+0100;0;0;0;4804;5826;1022
2016-11-11T01:00:00+0100;0;0;0;4833;5785;952
2016-11-11T02:00:00+0100;0;0;0;4855;5811;956
2016-11-11T03:00:00+0100;0;0;0;4916;5932;1016
2016-11-11T04:00:00+0100;0;0;0;5038;5859;821
2016-11-11T05:00:00+0100;0;0;0;5185;6382;1197
2016-11-11T06:00:00+0100;0;0;0;5282;7113;1831
2016-11-11T07:00:00+0100;82;55;-27;5214;7253;2039
2016-11-11T08:00:00+0100;881;584;-297;4896;7155;2259
2016-11-11T09:00:00+0100;2335;1685;-650;4449;6691;2242
2016-11-11T10:00:00+0100;3726;3000;-726;3958;5672;1714
2016-11-11T11:00:00+0100;4646;3868;-778;3509;4976;1467
2016-11-11T12:00:00+0100;4825;4143;-682;3148;4448;1300
2016-11-11T13:00:00+0100;4211;3886;-325;2909;3905;996
2016-11-11T14:00:00+0100;2921;2735;-186;2786;3644;858
2016-11-11T15:00:00+0100;1258;1060;-198;2726;3608;882
2016-11-11T16:00:00+0100;157;100;-57;2703;3430;727
2016-11-11T17:00:00+0100;0;0;0;2710;3487;777
2016-11-11T18:00:00+0100;0;0;0;2675;3593;918
2016-11-11T19:00:00+0100;0;0;0;2531;3344;813
2016-11-11T20:00:00+0100;0;0;0;2242;3071;829
2016-11-11T21:00:00+0100;0;0;0;1923;2876;953
2016-11-11T22:00:00+0100;0;0;0;1627;2572;945
2016-11-11T23:00:00+0100;0;0;0;1435;2280;845
2016-11-12T00:00:00+0100;0;0;0;1543;2038;495
2016-11-12T01:00:00+0100;0;0;0;1394;1942;548
2016-11-12T02:00:00+0100;0;0;0;1359;2032;673
2016-11-12T03:00:00+0100;0;0;0;1390;2352;962
2016-11-12T04:00:00+0100;0;0;0;1528;2549;1021
2016-11-12T05:00:00+0100;0;0;0;1802;2679;877
2016-11-12T06:00:00+0100;0;0;0;2169;2977;808
2016-11-12T07:00:00+0100;116;68;-48;2562;3349;787
2016-11-12T08:00:00+0100;1635;932;-703;2946;3940;994
2016-11-12T09:00:00+0100;4346;3038;-1308;3281;4135;854
2016-11-12T10:00:00+0100;6584;5170;-1414;3468;4302;834
2016-11-12T11:00:00+0100;7898;6544;-1354;3518;4388;870
2016-11-12T12:00:00+0100;8002;6636;-1366;3506;4379;873
2016-11-12T13:00:00+0100;6972;5828;-1144;3508;4294;786
2016-11-12T14:00:00+0100;4889;3897;-992;3645;4255;610
2016-11-12T15:00:00+0100;2114;1510;-604;3924;4568;644
2016-11-12T16:00:00+0100;231;133;-98;4489;5424;935
2016-11-12T17:00:00+0100;0;0;0;5355;6414;1059
2016-11-12T18:00:00+0100;0;0;0;6230;7458;1228
2016-11-12T19:00:00+0100;0;0;0;6963;7692;729
2016-11-12T20:00:00+0100;0;0;0;7191;7700;509
2016-11-12T21:00:00+0100;0;0;0;7183;7883;700
2016-11-12T22:00:00+0100;0;0;0;6996;7904;908
2016-11-12T23:00:00+0100;0;0;0;6679;7790;1111
2016-11-13T00:00:00+0100;0;0;0;6757;7936;1179
2016-11-13T01:00:00+0100;0;0;0;6431;7949;1518
2016-11-13T02:00:00+0100;0;0;0;6249;7909;1660
2016-11-13T03:00:00+0100;0;0;0;6173;7953;1780
2016-11-13T04:00:00+0100;0;0;0;6165;7998;1833
2016-11-13T05:00:00+0100;0;0;0;6208;8120;1912
2016-11-13T06:00:00+0100;0;0;0;6163;7932;1769
2016-11-13T07:00:00+0100;119;124;5;6011;7500;1489
2016-11-13T08:00:00+0100;1472;1512;40;5754;7280;1526
2016-11-13T09:00:00+0100;4286;4087;-199;5387;6773;1386
2016-11-13T10:00:00+0100;7082;6984;-98;4870;5833;963
2016-11-13T11:00:00+0100;8632;8639;7;4278;5270;992
2016-11-13T12:00:00+0100;8812;8316;-496;3729;4919;1190
2016-11-13T13:00:00+0100;7681;7936;255;3305;4220;915
2016-11-13T14:00:00+0100;5350;4922;-428;3207;3605;398
2016-11-13T15:00:00+0100;2286;1897;-389;3399;3596;197
2016-11-13T16:00:00+0100;227;125;-102;4017;4530;513
2016-11-13T17:00:00+0100;0;0;0;4911;5695;784
2016-11-13T18:00:00+0100;0;0;0;5711;6588;877
2016-11-13T19:00:00+0100;0;0;0;6176;7323;1147
2016-11-13T20:00:00+0100;0;0;0;6199;7708;1509
2016-11-13T21:00:00+0100;0;0;0;6049;7883;1834
2016-11-13T22:00:00+0100;0;0;0;5809;8280;2471
2016-11-13T23:00:00+0100;0;0;0;5547;8232;2685
2016-11-14T00:00:00+0100;0;0;0;5896;7756;1860
2016-11-14T01:00:00+0100;0;0;0;5852;7714;1862
2016-11-14T02:00:00+0100;0;0;0;5794;8103;2309
2016-11-14T03:00:00+0100;0;0;0;5774;8525;2751
2016-11-14T04:00:00+0100;0;0;0;5854;8898;3044
2016-11-14T05:00:00+0100;0;0;0;6090;9570;3480
2016-11-14T06:00:00+0100;0;0;0;6383;10040;3657
2016-11-14T07:00:00+0100;231;224;-7;6690;10517;3827
2016-11-14T08:00:00+0100;3276;3176;-100;7015;10952;3937
2016-11-14T09:00:00+0100;8161;7578;-583;7137;10308;3171
2016-11-14T10:00:00+0100;11853;11382;-471;6882;9120;2238
2016-11-14T11:00:00+0100;13591;13082;-509;6509;8587;2078
2016-11-14T12:00:00+0100;13398;12644;-754;6338;8654;2316
2016-11-14T13:00:00+0100;11331;10405;-926;6530;8706;2176
2016-11-14T14:00:00+0100;7707;6811;-896;7134;8398;1264
2016-11-14T15:00:00+0100;3262;2488;-774;8137;8683;546
2016-11-14T16:00:00+0100;307;172;-135;9421;9826;405
2016-11-14T17:00:00+0100;0;0;0;10733;11547;814
2016-11-14T18:00:00+0100;0;0;0;11906;13257;1351
2016-11-14T19:00:00+0100;0;0;0;12872;14588;1716
2016-11-14T20:00:00+0100;0;0;0;13543;16042;2499
2016-11-14T21:00:00+0100;0;0;0;14119;16852;2733
2016-11-14T22:00:00+0100;0;0;0;14584;16848;2264
2016-11-14T23:00:00+0100;0;0;0;14881;16486;1605
2016-11-15T00:00:00+0100;0;0;0;15271;16009;738
2016-11-15T01:00:00+0100;0;0;0;15153;15617;464
2016-11-15T02:00:00+0100;0;0;0;14900;15356;456
2016-11-15T03:00:00+0100;0;0;0;14664;15080;416
2016-11-15T04:00:00+0100;0;0;0;14470;15017;547
2016-11-15T05:00:00+0100;0;0;0;14489;15611;1122
2016-11-15T06:00:00+0100;0;0;0;14662;16652;1990
2016-11-15T07:00:00+0100;53;36;-17;14988;17274;2286
2016-11-15T08:00:00+0100;492;526;34;15395;17676;2281
2016-11-15T09:00:00+0100;1156;1567;411;15809;17214;1405
2016-11-15T10:00:00+0100;1611;2708;1097;16134;17706;1572
2016-11-15T11:00:00+0100;1782;3286;1504;16316;18282;1966
2016-11-15T12:00:00+0100;1604;3059;1455;16400;18204;1804
2016-11-15T13:00:00+0100;1182;2394;1212;16239;17535;1296
2016-11-15T14:00:00+0100;702;1366;664;15832;17137;1305
2016-11-15T15:00:00+0100;286;434;148;15335;16872;1537
2016-11-15T16:00:00+0100;39;36;-3;14876;16502;1626
2016-11-15T17:00:00+0100;0;0;0;14456;16260;1804
2016-11-15T18:00:00+0100;0;0;0;14112;16235;2123
2016-11-15T19:00:00+0100;0;0;0;13815;15878;2063
2016-11-15T20:00:00+0100;0;0;0;13364;15257;1893
2016-11-15T21:00:00+0100;0;0;0;12784;14628;1844
2016-11-15T22:00:00+0100;0;0;0;12118;13604;1486
2016-11-15T23:00:00+0100;0;0;0;11423;12648;1225
2016-11-16T00:00:00+0100;0;0;0;10646;11264;618
2016-11-16T01:00:00+0100;0;0;0;9834;10234;400
2016-11-16T02:00:00+0100;0;0;0;9236;9568;332
2016-11-16T03:00:00+0100;0;0;0;8897;9321;424
2016-11-16T04:00:00+0100;0;0;0;8822;9146;324
2016-11-16T05:00:00+0100;0;0;0;9152;9272;120
2016-11-16T06:00:00+0100;0;0;0;9727;9783;56
2016-11-16T07:00:00+0100;23;18;-5;10562;10574;12
2016-11-16T08:00:00+0100;288;329;41;11779;11562;-217
2016-11-16T09:00:00+0100;760;1040;280;13278;12510;-768
2016-11-16T10:00:00+0100;1173;1737;564;14950;13486;-1464
2016-11-16T11:00:00+0100;1405;2044;639;16641;15369;-1272
2016-11-16T12:00:00+0100;1454;2086;632;18283;17370;-913
2016-11-16T13:00:00+0100;1291;1874;583;19602;18516;-1086
2016-11-16T14:00:00+0100;925;1376;451;20674;19311;-1363
2016-11-16T15:00:00+0100;384;559;175;21623;19820;-1803
2016-11-16T16:00:00+0100;46;63;17;22058;20653;-1405
2016-11-16T17:00:00+0100;0;0;0;21960;21238;-722
2016-11-16T18:00:00+0100;0;0;0;21688;22212;524
2016-11-16T19:00:00+0100;0;0;0;21366;22792;1426
2016-11-16T20:00:00+0100;0;0;0;20697;22884;2187
2016-11-16T21:00:00+0100;0;0;0;19889;22192;2303
2016-11-16T22:00:00+0100;0;0;0;18996;21311;2315
2016-11-16T23:00:00+0100;0;0;0;18002;20631;2629
2016-11-17T00:00:00+0100;0;0;0;18794;19923;1129
2016-11-17T01:00:00+0100;0;0;0;18340;18836;496
2016-11-17T02:00:00+0100;0;0;0;17853;18110;257
2016-11-17T03:00:00+0100;0;0;0;17479;17783;304
2016-11-17T04:00:00+0100;0;0;0;17134;17783;649
2016-11-17T05:00:00+0100;0;0;0;16842;17091;249
2016-11-17T06:00:00+0100;0;0;0;16580;17540;960
2016-11-17T07:00:00+0100;32;27;-5;16501;17288;787
2016-11-17T08:00:00+0100;544;437;-107;16748;17146;398
2016-11-17T09:00:00+0100;1713;1564;-149;17213;17509;296
2016-11-17T10:00:00+0100;2859;2938;79;17953;18767;814
2016-11-17T11:00:00+0100;3566;4048;482;18908;19738;830
2016-11-17T12:00:00+0100;3654;4952;1298;19778;20432;654
2016-11-17T13:00:00+0100;3223;4421;1198;20550;21040;490
2016-11-17T14:00:00+0100;2229;3098;869;21544;21554;10
2016-11-17T15:00:00+0100;870;1238;368;22362;21574;-788
2016-11-17T16:00:00+0100;91;121;30;22992;22465;-527
2016-11-17T17:00:00+0100;0;0;0;23855;24672;817
2016-11-17T18:00:00+0100;0;0;0;25055;25850;795
2016-11-17T19:00:00+0100;0;0;0;26441;27016;575
2016-11-17T20:00:00+0100;0;0;0;27849;28657;808
2016-11-17T21:00:00+0100;0;0;0;29210;30103;893
2016-11-17T22:00:00+0100;0;0;0;30197;30112;-85
2016-11-17T23:00:00+0100;0;0;0;30549;30284;-265
2016-11-18T00:00:00+0100;0;0;0;30913;29616;-1297
2016-11-18T01:00:00+0100;0;0;0;30060;28730;-1330
2016-11-18T02:00:00+0100;0;0;0;28722;27546;-1176
2016-11-18T03:00:00+0100;0;0;0;27554;27001;-553
2016-11-18T04:00:00+0100;0;0;0;26524;26371;-153
2016-11-18T05:00:00+0100;0;0;0;25718;27096;1378
2016-11-18T06:00:00+0100;0;0;0;25213;27489;2276
2016-11-18T07:00:00+0100;55;78;23;25368;26828;1460
2016-11-18T08:00:00+0100;915;1036;121;26236;28224;1988
2016-11-18T09:00:00+0100;2580;2672;92;26848;27730;882
2016-11-18T10:00:00+0100;4129;4580;451;27149;28078;929
2016-11-18T11:00:00+0100;5107;5105;-2;27387;27630;243
2016-11-18T12:00:00+0100;5146;4573;-573;27704;27041;-663
2016-11-18T13:00:00+0100;4298;4058;-240;27262;26710;-552
2016-11-18T14:00:00+0100;2897;2888;-9;25905;25596;-309
2016-11-18T15:00:00+0100;1161;1160;-1;24352;24055;-297
2016-11-18T16:00:00+0100;102;114;12;23311;23878;567
2016-11-18T17:00:00+0100;0;0;0;23034;24954;1920
2016-11-18T18:00:00+0100;0;0;0;23157;25716;2559
2016-11-18T19:00:00+0100;0;0;0;23456;25957;2501
2016-11-18T20:00:00+0100;0;0;0;23746;25901;2155
2016-11-18T21:00:00+0100;0;0;0;23776;26066;2290
2016-11-18T22:00:00+0100;0;0;0;23574;25025;1451
2016-11-18T23:00:00+0100;0;0;0;23273;23935;662
2016-11-19T00:00:00+0100;0;0;0;24020;22910;-1110
2016-11-19T01:00:00+0100;0;0;0;22901;21401;-1500
2016-11-19T02:00:00+0100;0;0;0;21393;19229;-2164
2016-11-19T03:00:00+0100;0;0;0;20143;17954;-2189
2016-11-19T04:00:00+0100;0;0;0;19289;17567;-1722
2016-11-19T05:00:00+0100;0;0;0;18875;17627;-1248
2016-11-19T06:00:00+0100;0;0;0;18690;17986;-704
2016-11-19T07:00:00+0100;27;11;-16;18444;17666;-778
2016-11-19T08:00:00+0100;683;427;-256;18012;17219;-793
2016-11-19T09:00:00+0100;2179;1263;-916;17446;16429;-1017
2016-11-19T10:00:00+0100;3506;2038;-1468;16864;15503;-1361
2016-11-19T11:00:00+0100;4288;2605;-1683;16466;15208;-1258
2016-11-19T12:00:00+0100;4297;3025;-1272;16193;15780;-413
2016-11-19T13:00:00+0100;3572;3128;-444;15660;15635;-25
2016-11-19T14:00:00+0100;2372;2328;-44;14736;15210;474
2016-11-19T15:00:00+0100;916;1041;125;13863;14449;586
2016-11-19T16:00:00+0100;86;97;11;13492;14536;1044
2016-11-19T17:00:00+0100;0;0;0;13877;15041;1164
2016-11-19T18:00:00+0100;0;0;0;14622;16130;1508
2016-11-19T19:00:00+0100;0;0;0;15287;16894;1607
2016-11-19T20:00:00+0100;0;0;0;15799;17380;1581
2016-11-19T21:00:00+0100;0;0;0;16044;17641;1597
2016-11-19T22:00:00+0100;0;0;0;16149;17180;1031
2016-11-19T23:00:00+0100;0;0;0;16177;17354;1177
2016-11-20T00:00:00+0100;0;0;0;15847;17558;1711
2016-11-20T01:00:00+0100;0;0;0;16022;17646;1624
2016-11-20T02:00:00+0100;0;0;0;16464;18333;1869
2016-11-20T03:00:00+0100;0;0;0;17125;19491;2366
2016-11-20T04:00:00+0100;0;0;0;18206;21106;2900
2016-11-20T05:00:00+0100;0;0;0;19705;22902;3197
2016-11-20T06:00:00+0100;0;0;0;21357;25514;4157
2016-11-20T07:00:00+0100;63;65;2;23175;27787;4612
2016-11-20T08:00:00+0100;1614;1580;-34;24899;29432;4533
2016-11-20T09:00:00+0100;4683;4319;-364;26485;30218;3733
2016-11-20T10:00:00+0100;7142;7416;274;27793;30543;2750
2016-11-20T11:00:00+0100;8323;9166;843;28813;31450;2637
2016-11-20T12:00:00+0100;8272;9063;791;29779;31953;2174
2016-11-20T13:00:00+0100;6922;7853;931;30744;31958;1214
2016-11-20T14:00:00+0100;4566;5282;716;31603;32379;776
2016-11-20T15:00:00+0100;1734;1998;264;32353;32558;205
2016-11-20T16:00:00+0100;139;134;-5;32690;32844;154
2016-11-20T17:00:00+0100;0;0;0;32613;32379;-234
2016-11-20T18:00:00+0100;0;0;0;32317;31613;-704
2016-11-20T19:00:00+0100;0;0;0;31746;30277;-1469
2016-11-20T20:00:00+0100;0;0;0;30926;28403;-2523
2016-11-20T21:00:00+0100;0;0;0;29649;26047;-3602
2016-11-20T22:00:00+0100;0;0;0;28101;24210;-3891
2016-11-20T23:00:00+0100;0;0;0;26366;23186;-3180
2016-11-21T00:00:00+0100;0;0;0;21661;21607;-54
2016-11-21T01:00:00+0100;0;0;0;19800;20467;667
2016-11-21T02:00:00+0100;0;0;0;17986;18975;989
2016-11-21T03:00:00+0100;0;0;0;16496;17161;665
2016-11-21T04:00:00+0100;0;0;0;15546;15782;236
2016-11-21T05:00:00+0100;0;0;0;15224;14800;-424
2016-11-21T06:00:00+0100;0;0;0;15406;15246;-160
2016-11-21T07:00:00+0100;67;70;3;15823;16042;219
2016-11-21T08:00:00+0100;1472;1367;-105;16203;16310;107
2016-11-21T09:00:00+0100;4041;3802;-239;16356;16431;75
2016-11-21T10:00:00+0100;6129;5857;-272;15971;15502;-469
2016-11-21T11:00:00+0100;7183;6900;-283;15013;14252;-761
2016-11-21T12:00:00+0100;6915;6295;-620;14129;12936;-1193
2016-11-21T13:00:00+0100;5532;4723;-809;13653;11616;-2037
2016-11-21T14:00:00+0100;3430;2674;-756;13835;11631;-2204
2016-11-21T15:00:00+0100;1195;857;-338;14554;13429;-1125
2016-11-21T16:00:00+0100;75;63;-12;15558;16078;520
2016-11-21T17:00:00+0100;0;0;0;16583;18830;2247
2016-11-21T18:00:00+0100;0;0;0;17462;19815;2353
2016-11-21T19:00:00+0100;0;0;0;18091;19641;1550
2016-11-21T20:00:00+0100;0;0;0;18366;18613;247
2016-11-21T21:00:00+0100;0;0;0;18371;17646;-725
2016-11-21T22:00:00+0100;0;0;0;18291;16930;-1361
2016-11-21T23:00:00+0100;0;0;0;18190;16944;-1246
2016-11-22T00:00:00+0100;0;0;0;17637;17392;-245
2016-11-22T01:00:00+0100;0;0;0;16876;17048;172
2016-11-22T02:00:00+0100;0;0;0;16036;15885;-151
2016-11-22T03:00:00+0100;0;0;0;15264;15363;99
2016-11-22T04:00:00+0100;0;0;0;14585;15536;951
2016-11-22T05:00:00+0100;0;0;0;14036;14886;850
2016-11-22T06:00:00+0100;0;0;0;13527;14449;922
2016-11-22T07:00:00+0100;61;47;-14;12911;14131;1220
2016-11-22T08:00:00+0100;1557;971;-586;12089;13647;1558
2016-11-22T09:00:00+0100;4504;2618;-1886;11175;12752;1577
2016-11-22T10:00:00+0100;6940;4318;-2622;9933;11546;1613
2016-11-22T11:00:00+0100;8295;5194;-3101;8436;10037;1601
2016-11-22T12:00:00+0100;8258;4995;-3263;7112;8446;1334
2016-11-22T13:00:00+0100;6807;4258;-2549;6159;6869;710
2016-11-22T14:00:00+0100;4343;2926;-1417;5661;5772;111
2016-11-22T15:00:00+0100;1555;1114;-441;5502;5487;-15
2016-11-22T16:00:00+0100;102;88;-14;5623;6452;829
2016-11-22T17:00:00+0100;0;0;0;5899;7213;1314
2016-11-22T18:00:00+0100;0;0;0;6123;7682;1559
2016-11-22T19:00:00+0100;0;0;0;6132;7844;1712
2016-11-22T20:00:00+0100;0;0;0;5901;7793;1892
2016-11-22T21:00:00+0100;0;0;0;5543;7000;1457
2016-11-22T22:00:00+0100;0;0;0;5142;6150;1008
2016-11-22T23:00:00+0100;0;0;0;4732;5754;1022
2016-11-23T00:00:00+0100;0;0;0;5036;5257;221
2016-11-23T01:00:00+0100;0;0;0;4628;4359;-269
2016-11-23T02:00:00+0100;0;0;0;4223;3496;-727
2016-11-23T03:00:00+0100;0;0;0;3911;2779;-1132
2016-11-23T04:00:00+0100;0;0;0;3698;2450;-1248
2016-11-23T05:00:00+0100;0;0;0;3602;2428;-1174
2016-11-23T06:00:00+0100;0;0;0;3530;2541;-989
2016-11-23T07:00:00+0100;43;34;-9;3425;2677;-748
2016-11-23T08:00:00+0100;1178;1290;112;3240;3204;-36
2016-11-23T09:00:00+0100;3882;3871;-11;2995;3067;72
2016-11-23T10:00:00+0100;6356;5960;-396;2605;2756;151
2016-11-23T11:00:00+0100;7749;6947;-802;2132;2330;198
2016-11-23T12:00:00+0100;7853;7242;-611;1731;1702;-29
2016-11-23T13:00:00+0100;6687;6314;-373;1531;1448;-83
2016-11-23T14:00:00+0100;4361;3890;-471;1641;1362;-279
2016-11-23T15:00:00+0100;1546;1251;-295;1984;1662;-322
2016-11-23T16:00:00+0100;100;97;-3;2487;2456;-31
2016-11-23T17:00:00+0100;0;0;0;3071;3297;226
2016-11-23T18:00:00+0100;0;0;0;3653;4108;455
2016-11-23T19:00:00+0100;0;0;0;4214;4826;612
2016-11-23T20:00:00+0100;0;0;0;4718;5564;846
2016-11-23T21:00:00+0100;0;0;0;5200;6225;1025
2016-11-23T22:00:00+0100;0;0;0;5782;6608;826
2016-11-23T23:00:00+0100;0;0;0;6565;7414;849
2016-11-24T00:00:00+0100;0;0;0;7309;8813;1504
2016-11-24T01:00:00+0100;0;0;0;8088;10185;2097
2016-11-24T02:00:00+0100;0;0;0;8581;10981;2400
2016-11-24T03:00:00+0100;0;0;0;8877;11144;2267
2016-11-24T04:00:00+0100;0;0;0;9082;11100;2018
2016-11-24T05:00:00+0100;0;0;0;9225;10832;1607
2016-11-24T06:00:00+0100;0;0;0;9322;10669;1347
2016-11-24T07:00:00+0100;26;15;-11;9325;10888;1563
2016-11-24T08:00:00+0100;846;639;-207;9168;11105;1937
2016-11-24T09:00:00+0100;2947;2368;-579;8873;10392;1519
2016-11-24T10:00:00+0100;4969;4304;-665;8344;8222;-122
2016-11-24T11:00:00+0100;6260;5674;-586;7686;7600;-86
2016-11-24T12:00:00+0100;6541;6084;-457;7247;6952;-295
2016-11-24T13:00:00+0100;5737;5357;-380;7131;6550;-581
2016-11-24T14:00:00+0100;3903;3492;-411;7352;6690;-662
2016-11-24T15:00:00+0100;1461;1136;-325;7816;7603;-213
2016-11-24T16:00:00+0100;98;67;-31;8450;9260;810
2016-11-24T17:00:00+0100;0;0;0;9110;9456;346
2016-11-24T18:00:00+0100;0;0;0;9609;11208;1599
2016-11-24T19:00:00+0100;0;0;0;9802;11769;1967
2016-11-24T20:00:00+0100;0;0;0;9699;11671;1972
2016-11-24T21:00:00+0100;0;0;0;9405;11462;2057
2016-11-24T22:00:00+0100;0;0;0;9052;10658;1606
2016-11-24T23:00:00+0100;0;0;0;8735;10200;1465
2016-11-25T00:00:00+0100;0;0;0;8418;9721;1303
2016-11-25T01:00:00+0100;0;0;0;8216;9464;1248
2016-11-25T02:00:00+0100;0;0;0;8099;9293;1194
2016-11-25T03:00:00+0100;0;0;0;8022;9249;1227
2016-11-25T04:00:00+0100;0;0;0;7895;9124;1229
2016-11-25T05:00:00+0100;0;0;0;7782;9008;1226
2016-11-25T06:00:00+0100;0;0;0;7597;8978;1381
2016-11-25T07:00:00+0100;16;9;-7;7247;8573;1326
2016-11-25T08:00:00+0100;630;446;-184;6780;8025;1245
2016-11-25T09:00:00+0100;2381;2058;-323;6334;7158;824
2016-11-25T10:00:00+0100;4140;4143;3;5876;6359;483
2016-11-25T11:00:00+0100;5254;5775;521;5457;5577;120
2016-11-25T12:00:00+0100;5422;6145;723;5125;5003;-122
2016-11-25T13:00:00+0100;4658;5226;568;5033;4508;-525
2016-11-25T14:00:00+0100;3025;3197;172;5186;4176;-1010
2016-11-25T15:00:00+0100;1047;964;-83;5429;3959;-1470
2016-11-25T16:00:00+0100;58;58;0;5642;3977;-1665
2016-11-25T17:00:00+0100;0;0;0;5681;3892;-1789
2016-11-25T18:00:00+0100;0;0;0;5580;3499;-2081
2016-11-25T19:00:00+0100;0;0;0;5272;3086;-2186
2016-11-25T20:00:00+0100;0;0;0;4813;2783;-2030
2016-11-25T21:00:00+0100;0;0;0;4353;2606;-1747
2016-11-25T22:00:00+0100;0;0;0;3940;2467;-1473
2016-11-25T23:00:00+0100;0;0;0;3549;2387;-1162
2016-11-26T00:00:00+0100;0;0;0;3283;2302;-981
2016-11-26T01:00:00+0100;0;0;0;3083;2339;-744
2016-11-26T02:00:00+0100;0;0;0;2968;2186;-782
2016-11-26T03:00:00+0100;0;0;0;2916;2215;-701
2016-11-26T04:00:00+0100;0;0;0;2961;2392;-569
2016-11-26T05:00:00+0100;0;0;0;3098;2668;-430
2016-11-26T06:00:00+0100;0;0;0;3259;2799;-460
2016-11-26T07:00:00+0100;9;4;-5;3408;2948;-460
2016-11-26T08:00:00+0100;365;250;-115;3572;3003;-569
2016-11-26T09:00:00+0100;1464;1079;-385;3781;3102;-679
2016-11-26T10:00:00+0100;2625;2009;-616;4069;3330;-739
2016-11-26T11:00:00+0100;3362;2523;-839;4455;3894;-561
2016-11-26T12:00:00+0100;3423;2673;-750;4929;4588;-341
2016-11-26T13:00:00+0100;2874;2172;-702;5531;5234;-297
2016-11-26T14:00:00+0100;1797;1245;-552;6292;5971;-321
2016-11-26T15:00:00+0100;583;400;-183;7183;6373;-810
2016-11-26T16:00:00+0100;28;25;-3;8235;7198;-1037
2016-11-26T17:00:00+0100;0;0;0;9439;8356;-1083
2016-11-26T18:00:00+0100;0;0;0;10710;9518;-1192
2016-11-26T19:00:00+0100;0;0;0;11815;10558;-1257
2016-11-26T20:00:00+0100;0;0;0;12749;11240;-1509
2016-11-26T21:00:00+0100;0;0;0;13510;11872;-1638
2016-11-26T22:00:00+0100;0;0;0;14110;12876;-1234
2016-11-26T23:00:00+0100;0;0;0;14538;13508;-1030
2016-11-27T00:00:00+0100;0;0;0;15162;13915;-1247
2016-11-27T01:00:00+0100;0;0;0;15134;14112;-1022
2016-11-27T02:00:00+0100;0;0;0;14896;14025;-871
2016-11-27T03:00:00+0100;0;0;0;14603;13735;-868
2016-11-27T04:00:00+0100;0;0;0;14199;13352;-847
2016-11-27T05:00:00+0100;0;0;0;13557;12792;-765
2016-11-27T06:00:00+0100;0;0;0;12778;12470;-308
2016-11-27T07:00:00+0100;8;8;0;11903;11888;-15
2016-11-27T08:00:00+0100;404;476;72;10964;11255;291
2016-11-27T09:00:00+0100;1768;2282;514;9974;9803;-171
2016-11-27T10:00:00+0100;3342;4550;1208;8935;8460;-475
2016-11-27T11:00:00+0100;4543;5752;1209;8089;7728;-361
2016-11-27T12:00:00+0100;4888;5988;1100;7648;8084;436
2016-11-27T13:00:00+0100;4346;5322;976;7581;8088;507
2016-11-27T14:00:00+0100;2819;3189;370;7796;8310;514
2016-11-27T15:00:00+0100;897;920;23;8237;8281;44
2016-11-27T16:00:00+0100;45;46;1;9003;9444;441
2016-11-27T17:00:00+0100;0;0;0;9952;11145;1193
2016-11-27T18:00:00+0100;0;0;0;10784;12198;1414
2016-11-27T19:00:00+0100;0;0;0;11293;13672;2379
2016-11-27T20:00:00+0100;0;0;0;11420;14445;3025
2016-11-27T21:00:00+0100;0;0;0;11463;14134;2671
2016-11-27T22:00:00+0100;0;0;0;11464;14000;2536
2016-11-27T23:00:00+0100;0;0;0;11400;14410;3010
2016-11-28T00:00:00+0100;0;0;0;12668;14947;2279
2016-11-28T01:00:00+0100;0;0;0;12671;15316;2645
2016-11-28T02:00:00+0100;0;0;0;12500;15118;2618
2016-11-28T03:00:00+0100;0;0;0;12194;14817;2623
2016-11-28T04:00:00+0100;0;0;0;11752;14539;2787
2016-11-28T05:00:00+0100;0;0;0;11162;13757;2595
2016-11-28T06:00:00+0100;0;0;0;10487;13296;2809
2016-11-28T07:00:00+0100;27;12;-15;9706;12810;3104
2016-11-28T08:00:00+0100;1748;1371;-377;8816;11852;3036
2016-11-28T09:00:00+0100;6211;5762;-449;7803;9958;2155
2016-11-28T10:00:00+0100;9977;10309;332;6587;7900;1313
2016-11-28T11:00:00+0100;12060;12686;626;5516;6791;1275
2016-11-28T12:00:00+0100;12215;12798;583;4818;6279;1461
2016-11-28T13:00:00+0100;10491;10686;195;4455;5500;1045
2016-11-28T14:00:00+0100;6987;6774;-213;4305;4688;383
2016-11-28T15:00:00+0100;2458;2211;-247;4335;4272;-63
2016-11-28T16:00:00+0100;116;102;-14;4586;4502;-84
2016-11-28T17:00:00+0100;0;0;0;4996;5339;343
2016-11-28T18:00:00+0100;0;0;0;5306;5818;512
2016-11-28T19:00:00+0100;0;0;0;5319;5628;309
2016-11-28T20:00:00+0100;0;0;0;5090;5354;264
2016-11-28T21:00:00+0100;0;0;0;4873;4952;79
2016-11-28T22:00:00+0100;0;0;0;4834;4601;-233
2016-11-28T23:00:00+0100;0;0;0;5040;4560;-480
2016-11-29T00:00:00+0100;0;0;0;4972;4730;-242
2016-11-29T01:00:00+0100;0;0;0;5387;5122;-265
2016-11-29T02:00:00+0100;0;0;0;5857;5736;-121
2016-11-29T03:00:00+0100;0;0;0;6375;6302;-73
2016-11-29T04:00:00+0100;0;0;0;6852;6898;46
2016-11-29T05:00:00+0100;0;0;0;7275;7499;224
2016-11-29T06:00:00+0100;0;0;0;7692;8079;387
2016-11-29T07:00:00+0100;30;9;-21;8060;8621;561
2016-11-29T08:00:00+0100;1813;1766;-47;8299;9022;723
2016-11-29T09:00:00+0100;6516;6250;-266;8277;8790;513
2016-11-29T10:00:00+0100;10498;10892;394;7899;7892;-7
2016-11-29T11:00:00+0100;12600;13975;1375;7624;6933;-691
2016-11-29T12:00:00+0100;12715;14321;1606;7531;6652;-879
2016-11-29T13:00:00+0100;10969;12273;1304;7647;6378;-1269
2016-11-29T14:00:00+0100;7348;7996;648;8238;6404;-1834
2016-11-29T15:00:00+0100;2519;2756;237;9122;7120;-2002
2016-11-29T16:00:00+0100;107;140;33;10259;8705;-1554
2016-11-29T17:00:00+0100;0;0;0;11357;10518;-839
2016-11-29T18:00:00+0100;0;0;0;12197;12009;-188
2016-11-29T19:00:00+0100;0;0;0;12912;12932;20
2016-11-29T20:00:00+0100;0;0;0;13448;13689;241
2016-11-29T21:00:00+0100;0;0;0;13975;14375;400
2016-11-29T22:00:00+0100;0;0;0;14604;14708;104
2016-11-29T23:00:00+0100;0;0;0;15289;15397;108
2016-11-30T00:00:00+0100;0;0;0;16216;16154;-62
2016-11-30T01:00:00+0100;0;0;0;16983;16719;-264
2016-11-30T02:00:00+0100;0;0;0;17698;17282;-416
2016-11-30T03:00:00+0100;0;0;0;18326;17766;-560
2016-11-30T04:00:00+0100;0;0;0;18900;17944;-956
2016-11-30T05:00:00+0100;0;0;0;19388;18265;-1123
2016-11-30T06:00:00+0100;0;0;0;19764;18936;-828
2016-11-30T07:00:00+0100;23;5;-18;20014;19340;-674
2016-11-30T08:00:00+0100;1107;962;-145;20099;19385;-714
2016-11-30T09:00:00+0100;4025;3905;-120;20046;19690;-356
2016-11-30T10:00:00+0100;6531;7072;541;19997;19132;-865
2016-11-30T11:00:00+0100;7842;8918;1076;19958;18667;-1291
2016-11-30T12:00:00+0100;7744;8890;1146;19996;18710;-1286
2016-11-30T13:00:00+0100;6418;7267;849;20173;19582;-591
2016-11-30T14:00:00+0100;4072;4430;358;20502;19806;-696
2016-11-30T15:00:00+0100;1413;1548;135;20857;20144;-713
2016-11-30T16:00:00+0100;70;84;14;21238;21025;-213
2016-11-30T17:00:00+0100;0;0;0;21732;22428;696
2016-11-30T18:00:00+0100;0;0;0;22200;23602;1402
2016-11-30T19:00:00+0100;0;0;0;22643;23989;1346
2016-11-30T20:00:00+0100;0;0;0;23048;23949;901
2016-11-30T21:00:00+0100;0;0;0;23438;23895;457
2016-11-30T22:00:00+0100;0;0;0;23790;23732;-58
2016-11-30T23:00:00+0100;0;0;0;24155;24150;-5
2016-12-01T00:00:00+0100;0;0;0;24934;24214;-720
2016-12-01T01:00:00+0100;0;0;0;25363;24189;-1174
2016-12-01T02:00:00+0100;0;0;0;25631;24420;-1211
2016-12-01T03:00:00+0100;0;0;0;25974;24897;-1077
2016-12-01T04:00:00+0100;0;0;0;26373;25294;-1079
2016-12-01T05:00:00+0100;0;0;0;26755;25814;-941
2016-12-01T06:00:00+0100;0;0;0;27083;26863;-220
2016-12-01T07:00:00+0100;8;8;0;27313;27251;-62
2016-12-01T08:00:00+0100;385;308;-77;27580;27189;-391
2016-12-01T09:00:00+0100;1553;1153;-400;27870;26713;-1157
2016-12-01T10:00:00+0100;2770;2213;-557;28147;26814;-1333
2016-12-01T11:00:00+0100;3618;3042;-576;28431;27390;-1041
2016-12-01T12:00:00+0100;3845;3412;-433;28663;27753;-910
2016-12-01T13:00:00+0100;3377;3260;-117;28922;27974;-948
2016-12-01T14:00:00+0100;2228;2306;78;29708;28171;-1537
2016-12-01T15:00:00+0100;789;863;74;30057;28692;-1365
2016-12-01T16:00:00+0100;45;48;3;30334;29549;-785
2016-12-01T17:00:00+0100;0;0;0;30624;29961;-663
2016-12-01T18:00:00+0100;0;0;0;30910;30802;-108
2016-12-01T19:00:00+0100;0;0;0;31075;31082;7
2016-12-01T20:00:00+0100;0;0;0;31351;31207;-144
2016-12-01T21:00:00+0100;0;0;0;31442;31158;-284
2016-12-01T22:00:00+0100;0;0;0;31439;30359;-1080
2016-12-01T23:00:00+0100;0;0;0;31317;30223;-1094
2016-12-02T00:00:00+0100;0;0;0;30440;29434;-1006
2016-12-02T01:00:00+0100;0;0;0;30127;28953;-1174
2016-12-02T02:00:00+0100;0;0;0;29372;28243;-1129
2016-12-02T03:00:00+0100;0;0;0;28274;27271;-1003
2016-12-02T04:00:00+0100;0;0;0;26404;25854;-550
2016-12-02T05:00:00+0100;0;0;0;23814;24431;617
2016-12-02T06:00:00+0100;0;0;0;20949;22107;1158
2016-12-02T07:00:00+0100;7;2;-5;17925;18957;1032
2016-12-02T08:00:00+0100;686;550;-136;15163;15804;641
2016-12-02T09:00:00+0100;2887;2673;-214;12782;12662;-120
2016-12-02T10:00:00+0100;5017;5243;226;10703;10220;-483
2016-12-02T11:00:00+0100;6253;6894;641;9020;8675;-345
2016-12-02T12:00:00+0100;6345;7466;1121;7643;7784;141
2016-12-02T13:00:00+0100;5325;6233;908;6813;6921;108
2016-12-02T14:00:00+0100;3326;3792;466;6497;5840;-657
2016-12-02T15:00:00+0100;965;1055;90;6626;5312;-1314
2016-12-02T16:00:00+0100;35;34;-1;7062;5693;-1369
2016-12-02T17:00:00+0100;0;0;0;7608;6586;-1022
2016-12-02T18:00:00+0100;0;0;0;7798;7043;-755
2016-12-02T19:00:00+0100;0;0;0;7613;7180;-433
2016-12-02T20:00:00+0100;0;0;0;7160;6864;-296
2016-12-02T21:00:00+0100;0;0;0;6555;6374;-181
2016-12-02T22:00:00+0100;0;0;0;5910;6089;179
2016-12-02T23:00:00+0100;0;0;0;5401;5587;186
2016-12-03T00:00:00+0100;0;0;0;5147;4784;-363
2016-12-03T01:00:00+0100;0;0;0;4597;4124;-473
2016-12-03T02:00:00+0100;0;0;0;4035;3710;-325
2016-12-03T03:00:00+0100;0;0;0;3530;3497;-33
2016-12-03T04:00:00+0100;0;0;0;3081;3396;315
2016-12-03T05:00:00+0100;0;0;0;2676;3226;550
2016-12-03T06:00:00+0100;0;0;0;2338;3020;682
2016-12-03T07:00:00+0100;11;3;-8;2043;2784;741
2016-12-03T08:00:00+0100;807;826;19;1799;2582;783
2016-12-03T09:00:00+0100;4056;4169;113;1587;2238;651
2016-12-03T10:00:00+0100;7739;8346;607;1384;1776;392
2016-12-03T11:00:00+0100;9879;11260;1381;1239;1250;11
2016-12-03T12:00:00+0100;10259;12044;1785;1180;1058;-122
2016-12-03T13:00:00+0100;8879;10462;1583;1230;1147;-83
2016-12-03T14:00:00+0100;5799;6690;891;1474;1359;-115
2016-12-03T15:00:00+0100;1940;2149;209;1860;1746;-114
2016-12-03T16:00:00+0100;81;72;-9;2352;2443;91
2016-12-03T17:00:00+0100;3;0;-3;2853;3210;357
2016-12-03T18:00:00+0100;0;0;0;3252;3834;582
2016-12-03T19:00:00+0100;0;0;0;3467;4237;770
2016-12-03T20:00:00+0100;0;0;0;3519;4127;608
2016-12-03T21:00:00+0100;0;0;0;3510;4076;566
2016-12-03T22:00:00+0100;0;0;0;3493;4076;583
2016-12-03T23:00:00+0100;0;0;0;3523;4322;799
2016-12-04T00:00:00+0100;0;0;0;3616;4252;636
2016-12-04T01:00:00+0100;0;0;0;3547;4162;615
2016-12-04T02:00:00+0100;0;0;0;3571;4055;484
2016-12-04T03:00:00+0100;0;0;0;3569;3974;405
2016-12-04T04:00:00+0100;0;0;0;3456;3962;506
2016-12-04T05:00:00+0100;0;0;0;3333;3870;537
2016-12-04T06:00:00+0100;0;0;0;3227;3675;448
2016-12-04T07:00:00+0100;13;2;-11;3143;3394;251
2016-12-04T08:00:00+0100;1031;790;-241;3064;3324;260
2016-12-04T09:00:00+0100;4390;3826;-564;2949;3186;237
2016-12-04T10:00:00+0100;7900;7163;-737;2711;2868;157
2016-12-04T11:00:00+0100;10068;9759;-309;2351;2518;167
2016-12-04T12:00:00+0100;10445;10277;-168;2099;2201;102
2016-12-04T13:00:00+0100;8968;8807;-161;2041;2164;123
2016-12-04T14:00:00+0100;5825;5548;-277;2292;2310;18
2016-12-04T15:00:00+0100;1964;1799;-165;2766;2682;-84
2016-12-04T16:00:00+0100;77;68;-9;3378;3577;199
2016-12-04T17:00:00+0100;0;0;0;3811;4751;940
2016-12-04T18:00:00+0100;0;0;0;4099;5369;1270
2016-12-04T19:00:00+0100;0;0;0;4245;5550;1305
2016-12-04T20:00:00+0100;0;0;0;4254;5630;1376
2016-12-04T21:00:00+0100;0;0;0;4205;5584;1379
2016-12-04T22:00:00+0100;0;0;0;4074;5358;1284
2016-12-04T23:00:00+0100;0;0;0;3896;5278;1382
2016-12-05T00:00:00+0100;0;0;0;4173;5079;906
2016-12-05T01:00:00+0100;0;0;0;3925;4637;712
2016-12-05T02:00:00+0100;0;0;0;3702;4326;624
2016-12-05T03:00:00+0100;0;0;0;3488;4117;629
2016-12-05T04:00:00+0100;0;0;0;3318;3788;470
2016-12-05T05:00:00+0100;0;0;0;3212;3635;423
2016-12-05T06:00:00+0100;0;0;0;3119;3505;386
2016-12-05T07:00:00+0100;12;2;-10;3054;3250;196
2016-12-05T08:00:00+0100;812;558;-254;2991;3141;150
2016-12-05T09:00:00+0100;3953;3066;-887;2886;2948;62
2016-12-05T10:00:00+0100;7692;6174;-1518;2635;2606;-29
2016-12-05T11:00:00+0100;10234;8370;-1864;2332;2132;-200
2016-12-05T12:00:00+0100;10737;8805;-1932;2115;1698;-417
2016-12-05T13:00:00+0100;9458;7307;-2151;1978;1570;-408
2016-12-05T14:00:00+0100;6223;4472;-1751;2054;1746;-308
2016-12-05T15:00:00+0100;2067;1296;-771;2389;2160;-229
2016-12-05T16:00:00+0100;75;42;-33;2845;2717;-128
2016-12-05T17:00:00+0100;0;0;0;3337;3458;121
2016-12-05T18:00:00+0100;0;0;0;3788;3886;98
2016-12-05T19:00:00+0100;0;0;0;4209;4216;7
2016-12-05T20:00:00+0100;0;0;0;4516;4466;-50
2016-12-05T21:00:00+0100;0;0;0;4711;4654;-57
2016-12-05T22:00:00+0100;0;0;0;4847;4852;5
2016-12-05T23:00:00+0100;0;0;0;4986;5058;72
2016-12-06T00:00:00+0100;0;0;0;6237;5223;-1014
2016-12-06T01:00:00+0100;0;0;0;6203;5292;-911
2016-12-06T02:00:00+0100;0;0;0;5989;5093;-896
2016-12-06T03:00:00+0100;0;0;0;5584;4833;-751
2016-12-06T04:00:00+0100;0;0;0;5066;4538;-528
2016-12-06T05:00:00+0100;0;0;0;4519;4205;-314
2016-12-06T06:00:00+0100;0;0;0;4017;3979;-38
2016-12-06T07:00:00+0100;6;1;-5;3544;3774;230
2016-12-06T08:00:00+0100;498;364;-134;3107;3434;327
2016-12-06T09:00:00+0100;2401;2219;-182;2665;3033;368
2016-12-06T10:00:00+0100;4751;4606;-145;2223;2694;471
2016-12-06T11:00:00+0100;6359;6526;167;1827;2022;195
2016-12-06T12:00:00+0100;6887;6852;-35;1542;1762;220
2016-12-06T13:00:00+0100;5918;5695;-223;1370;1592;222
2016-12-06T14:00:00+0100;3903;3492;-411;1322;1333;11
2016-12-06T15:00:00+0100;1345;1062;-283;1351;1488;137
2016-12-06T16:00:00+0100;58;34;-24;1437;1537;100
2016-12-06T17:00:00+0100;0;0;0;1532;1807;275
2016-12-06T18:00:00+0100;0;0;0;1705;2037;332
2016-12-06T19:00:00+0100;0;0;0;2129;2491;362
2016-12-06T20:00:00+0100;0;0;0;2764;3077;313
2016-12-06T21:00:00+0100;0;0;0;3450;4199;749
2016-12-06T22:00:00+0100;0;0;0;4038;5181;1143
2016-12-06T23:00:00+0100;0;0;0;4580;5705;1125
2016-12-07T00:00:00+0100;0;0;0;5784;6039;255
2016-12-07T01:00:00+0100;0;0;0;6663;6258;-405
2016-12-07T02:00:00+0100;0;0;0;7140;6331;-809
2016-12-07T03:00:00+0100;0;0;0;7295;6893;-402
2016-12-07T04:00:00+0100;0;0;0;7622;7672;50
2016-12-07T05:00:00+0100;0;0;0;8119;8244;125
2016-12-07T06:00:00+0100;0;0;0;8622;8849;227
2016-12-07T07:00:00+0100;5;1;-4;9250;9971;721
2016-12-07T08:00:00+0100;381;286;-95;9983;10925;942
2016-12-07T09:00:00+0100;1877;1694;-183;10694;11838;1144
2016-12-07T10:00:00+0100;3641;3458;-183;11053;12276;1223
2016-12-07T11:00:00+0100;4934;4792;-142;11226;12041;815
2016-12-07T12:00:00+0100;5235;5308;73;11497;11868;371
2016-12-07T13:00:00+0100;4464;4218;-246;12136;12060;-76
2016-12-07T14:00:00+0100;2864;2401;-463;13191;12983;-208
2016-12-07T15:00:00+0100;932;671;-261;14553;13881;-672
2016-12-07T16:00:00+0100;48;27;-21;16024;15520;-504
2016-12-07T17:00:00+0100;0;0;0;17402;16850;-552
2016-12-07T18:00:00+0100;0;0;0;18592;18296;-296
2016-12-07T19:00:00+0100;0;0;0;19618;19536;-82
2016-12-07T20:00:00+0100;0;0;0;20502;20413;-89
2016-12-07T21:00:00+0100;0;0;0;21282;20840;-442
2016-12-07T22:00:00+0100;0;0;0;21973;20659;-1314
2016-12-07T23:00:00+0100;0;0;0;22521;21144;-1377
2016-12-08T00:00:00+0100;0;0;0;23729;21326;-2403
2016-12-08T01:00:00+0100;0;0;0;24029;21046;-2983
2016-12-08T02:00:00+0100;0;0;0;24074;21065;-3009
2016-12-08T03:00:00+0100;0;0;0;24147;21190;-2957
2016-12-08T04:00:00+0100;0;0;0;24128;21183;-2945
2016-12-08T05:00:00+0100;0;0;0;24039;21222;-2817
2016-12-08T06:00:00+0100;0;0;0;23914;21782;-2132
2016-12-08T07:00:00+0100;5;1;-4;23696;22545;-1151
2016-12-08T08:00:00+0100;482;498;16;23398;22796;-602
2016-12-08T09:00:00+0100;2793;3081;288;23027;21767;-1260
2016-12-08T10:00:00+0100;5840;6206;366;22441;20562;-1879
2016-12-08T11:00:00+0100;7613;8291;678;21673;19327;-2346
2016-12-08T12:00:00+0100;7784;8438;654;20960;18428;-2532
2016-12-08T13:00:00+0100;6471;7038;567;20548;17852;-2696
2016-12-08T14:00:00+0100;4087;4278;191;20592;17120;-3472
2016-12-08T15:00:00+0100;1360;1316;-44;20841;17457;-3384
2016-12-08T16:00:00+0100;63;50;-13;21225;18374;-2851
2016-12-08T17:00:00+0100;0;0;0;21703;19344;-2359
2016-12-08T18:00:00+0100;0;0;0;22145;20155;-1990
2016-12-08T19:00:00+0100;0;0;0;22320;20690;-1630
2016-12-08T20:00:00+0100;0;0;0;22106;21607;-499
2016-12-08T21:00:00+0100;0;0;0;21821;22002;181
2016-12-08T22:00:00+0100;0;0;0;21412;21105;-307
2016-12-08T23:00:00+0100;0;0;0;20871;20128;-743
2016-12-09T00:00:00+0100;0;0;0;19880;20134;254
2016-12-09T01:00:00+0100;0;0;0;19794;19979;185
2016-12-09T02:00:00+0100;0;0;0;19575;19020;-555
2016-12-09T03:00:00+0100;0;0;0;19257;17944;-1313
2016-12-09T04:00:00+0100;0;0;0;18859;17719;-1140
2016-12-09T05:00:00+0100;0;0;0;18448;18444;-4
2016-12-09T06:00:00+0100;0;0;0;18085;18755;670
2016-12-09T07:00:00+0100;3;1;-2;17705;18832;1127
2016-12-09T08:00:00+0100;357;437;80;17386;18964;1578
2016-12-09T09:00:00+0100;1559;1980;421;17207;18276;1069
2016-12-09T10:00:00+0100;2979;3527;548;17109;17846;737
2016-12-09T11:00:00+0100;4319;4395;76;16999;17812;813
2016-12-09T12:00:00+0100;4775;4363;-412;16808;17431;623
2016-12-09T13:00:00+0100;4093;3334;-759;16441;16513;72
2016-12-09T14:00:00+0100;2660;1989;-671;15973;15640;-333
2016-12-09T15:00:00+0100;916;563;-353;15405;14945;-460
2016-12-09T16:00:00+0100;46;22;-24;15068;15289;221
2016-12-09T17:00:00+0100;0;0;0;15135;16196;1061
2016-12-09T18:00:00+0100;0;0;0;15321;16984;1663
2016-12-09T19:00:00+0100;0;0;0;15639;17102;1463
2016-12-09T20:00:00+0100;0;0;0;16022;17272;1250
2016-12-09T21:00:00+0100;0;0;0;16465;18092;1627
2016-12-09T22:00:00+0100;0;0;0;17014;18414;1400
2016-12-09T23:00:00+0100;0;0;0;17641;19223;1582
2016-12-10T00:00:00+0100;0;0;0;19872;20040;168
2016-12-10T01:00:00+0100;0;0;0;20588;20903;315
2016-12-10T02:00:00+0100;0;0;0;21064;21192;128
2016-12-10T03:00:00+0100;0;0;0;21579;21438;-141
2016-12-10T04:00:00+0100;0;0;0;21933;21747;-186
2016-12-10T05:00:00+0100;0;0;0;22053;21558;-495
2016-12-10T06:00:00+0100;0;0;0;22003;21620;-383
2016-12-10T07:00:00+0100;7;1;-6;21718;21141;-577
2016-12-10T08:00:00+0100;648;624;-24;21251;20562;-689
2016-12-10T09:00:00+0100;3178;3156;-22;20745;20059;-686
2016-12-10T10:00:00+0100;5776;6045;269;20104;19514;-590
2016-12-10T11:00:00+0100;7301;8106;805;19263;18484;-779
2016-12-10T12:00:00+0100;7447;8781;1334;18360;17386;-974
2016-12-10T13:00:00+0100;6221;7387;1166;17443;16354;-1089
2016-12-10T14:00:00+0100;3956;4595;639;16621;14744;-1877
2016-12-10T15:00:00+0100;1367;1489;122;15802;13426;-2376
2016-12-10T16:00:00+0100;65;53;-12;15090;12825;-2265
2016-12-10T17:00:00+0100;0;0;0;14533;12312;-2221
2016-12-10T18:00:00+0100;0;0;0;14021;12111;-1910
2016-12-10T19:00:00+0100;0;0;0;13585;11752;-1833
2016-12-10T20:00:00+0100;0;0;0;13370;11401;-1969
2016-12-10T21:00:00+0100;0;0;0;13326;10688;-2638
2016-12-10T22:00:00+0100;0;0;0;13467;10369;-3098
2016-12-10T23:00:00+0100;0;0;0;13783;10230;-3553
2016-12-11T00:00:00+0100;0;0;0;11606;10392;-1214
2016-12-11T01:00:00+0100;0;0;0;11944;10660;-1284
2016-12-11T02:00:00+0100;0;0;0;12802;12149;-653
2016-12-11T03:00:00+0100;0;0;0;13895;14676;781
2016-12-11T04:00:00+0100;0;0;0;14977;17996;3019
2016-12-11T05:00:00+0100;0;0;0;15882;20913;5031
2016-12-11T06:00:00+0100;0;0;0;16914;23662;6748
2016-12-11T07:00:00+0100;3;1;-2;17692;24900;7208
2016-12-11T08:00:00+0100;188;205;17;18155;25806;7651
2016-12-11T09:00:00+0100;878;845;-33;19081;26681;7600
2016-12-11T10:00:00+0100;1653;1469;-184;20261;27283;7022
2016-12-11T11:00:00+0100;2213;2068;-145;21161;27314;6153
2016-12-11T12:00:00+0100;2362;2485;123;21813;27287;5474
2016-12-11T13:00:00+0100;2032;2237;205;22017;26584;4567
2016-12-11T14:00:00+0100;1261;1495;234;21727;25388;3661
2016-12-11T15:00:00+0100;377;542;165;21292;24779;3487
2016-12-11T16:00:00+0100;19;28;9;20885;24477;3592
2016-12-11T17:00:00+0100;0;0;0;20693;23936;3243
2016-12-11T18:00:00+0100;0;0;0;20637;23867;3230
2016-12-11T19:00:00+0100;0;0;0;20579;23792;3213
2016-12-11T20:00:00+0100;0;0;0;20463;23724;3261
2016-12-11T21:00:00+0100;0;0;0;20299;22854;2555
2016-12-11T22:00:00+0100;0;0;0;20053;21878;1825
2016-12-11T23:00:00+0100;0;0;0;19688;20910;1222
2016-12-12T00:00:00+0100;0;0;0;21401;20173;-1228
2016-12-12T01:00:00+0100;0;0;0;20264;18875;-1389
2016-12-12T02:00:00+0100;0;0;0;18624;17331;-1293
2016-12-12T03:00:00+0100;0;0;0;17214;16124;-1090
2016-12-12T04:00:00+0100;0;0;0;15640;14915;-725
2016-12-12T05:00:00+0100;0;0;0;13690;13111;-579
2016-12-12T06:00:00+0100;0;0;0;11706;11260;-446
2016-12-12T07:00:00+0100;3;1;-2;9803;9633;-170
2016-12-12T08:00:00+0100;184;95;-89;8064;8042;-22
2016-12-12T09:00:00+0100;1039;702;-337;6541;6424;-117
2016-12-12T10:00:00+0100;2169;1776;-393;5240;4901;-339
2016-12-12T11:00:00+0100;3016;2846;-170;4144;3914;-230
2016-12-12T12:00:00+0100;3256;3573;317;3282;3048;-234
2016-12-12T13:00:00+0100;2840;3310;470;2659;2084;-575
2016-12-12T14:00:00+0100;1805;2134;329;2270;1584;-686
2016-12-12T15:00:00+0100;572;596;24;2011;1365;-646
2016-12-12T16:00:00+0100;31;25;-6;1999;1510;-489
2016-12-12T17:00:00+0100;0;0;0;2358;2025;-333
2016-12-12T18:00:00+0100;0;0;0;2944;2570;-374
2016-12-12T19:00:00+0100;0;0;0;3536;2968;-568
2016-12-12T20:00:00+0100;0;0;0;4014;3488;-526
2016-12-12T21:00:00+0100;0;0;0;4520;3888;-632
2016-12-12T22:00:00+0100;0;0;0;4862;4124;-738
2016-12-12T23:00:00+0100;0;0;0;4962;4422;-540
2016-12-13T00:00:00+0100;0;0;0;5040;4872;-168
2016-12-13T01:00:00+0100;0;0;0;5190;4949;-241
2016-12-13T02:00:00+0100;0;0;0;5379;4711;-668
2016-12-13T03:00:00+0100;0;0;0;5528;4753;-775
2016-12-13T04:00:00+0100;0;0;0;5636;4694;-942
2016-12-13T05:00:00+0100;0;0;0;5706;4731;-975
2016-12-13T06:00:00+0100;0;0;0;5806;4845;-961
2016-12-13T07:00:00+0100;5;0;-5;5949;5254;-695
2016-12-13T08:00:00+0100;263;279;16;6104;5079;-1025
2016-12-13T09:00:00+0100;1368;1753;385;6180;4933;-1247
2016-12-13T10:00:00+0100;2798;3650;852;6051;4526;-1525
2016-12-13T11:00:00+0100;3782;4872;1090;5808;3922;-1886
2016-12-13T12:00:00+0100;3968;4933;965;5629;3495;-2134
2016-12-13T13:00:00+0100;3334;3800;466;5435;3202;-2233
2016-12-13T14:00:00+0100;2069;2030;-39;5326;3148;-2178
2016-12-13T15:00:00+0100;655;533;-122;5325;3245;-2080
2016-12-13T16:00:00+0100;32;22;-10;5518;3600;-1918
2016-12-13T17:00:00+0100;0;0;0;5836;4034;-1802
2016-12-13T18:00:00+0100;0;0;0;6123;4424;-1699
2016-12-13T19:00:00+0100;0;0;0;6296;4659;-1637
2016-12-13T20:00:00+0100;0;0;0;6280;4574;-1706
2016-12-13T21:00:00+0100;0;0;0;6170;4668;-1502
2016-12-13T22:00:00+0100;0;0;0;6011;4662;-1349
2016-12-13T23:00:00+0100;0;0;0;5744;4785;-959
2016-12-14T00:00:00+0100;0;0;0;4845;4790;-55
2016-12-14T01:00:00+0100;0;0;0;4617;4459;-158
2016-12-14T02:00:00+0100;0;0;0;4310;4248;-62
2016-12-14T03:00:00+0100;0;0;0;3941;3911;-30
2016-12-14T04:00:00+0100;0;0;0;3462;3535;73
2016-12-14T05:00:00+0100;0;0;0;2976;3150;174
2016-12-14T06:00:00+0100;0;0;0;2612;2823;211
2016-12-14T07:00:00+0100;3;0;-3;2355;2634;279
2016-12-14T08:00:00+0100;203;149;-54;2176;2414;238
2016-12-14T09:00:00+0100;1121;1008;-113;2016;1979;-37
2016-12-14T10:00:00+0100;2324;2254;-70;1786;1609;-177
2016-12-14T11:00:00+0100;3282;3214;-68;1497;1467;-30
2016-12-14T12:00:00+0100;3662;3590;-72;1289;1293;4
2016-12-14T13:00:00+0100;3278;3284;6;1198;1179;-19
2016-12-14T14:00:00+0100;2181;2226;45;1240;1306;66
2016-12-14T15:00:00+0100;771;688;-83;1394;1524;130
2016-12-14T16:00:00+0100;45;38;-7;1676;1930;254
2016-12-14T17:00:00+0100;0;0;0;2063;2403;340
2016-12-14T18:00:00+0100;0;0;0;2476;2593;117
2016-12-14T19:00:00+0100;0;0;0;2792;2614;-178
2016-12-14T20:00:00+0100;0;0;0;3007;2626;-381
2016-12-14T21:00:00+0100;0;0;0;3253;2747;-506
2016-12-14T22:00:00+0100;0;0;0;3516;2891;-625
2016-12-14T23:00:00+0100;0;0;0;3753;3095;-658
2016-12-15T00:00:00+0100;0;0;0;3903;3358;-545
2016-12-15T01:00:00+0100;0;0;0;4075;3579;-496
2016-12-15T02:00:00+0100;0;0;0;4196;3617;-579
2016-12-15T03:00:00+0100;0;0;0;4274;3856;-418
2016-12-15T04:00:00+0100;0;0;0;4469;4197;-272
2016-12-15T05:00:00+0100;0;0;0;4842;4445;-397
2016-12-15T06:00:00+0100;0;0;0;5363;4716;-647
2016-12-15T07:00:00+0100;4;0;-4;5993;5370;-623
2016-12-15T08:00:00+0100;297;174;-123;6676;6269;-407
2016-12-15T09:00:00+0100;1708;1143;-565;7313;6922;-391
2016-12-15T10:00:00+0100;3662;2461;-1201;7632;7533;-99
2016-12-15T11:00:00+0100;5058;3420;-1638;7618;7870;252
2016-12-15T12:00:00+0100;5363;3472;-1891;7604;7979;375
2016-12-15T13:00:00+0100;4583;2878;-1705;7759;7828;69
2016-12-15T14:00:00+0100;2909;1731;-1178;8147;8104;-43
2016-12-15T15:00:00+0100;947;475;-472;8722;8929;207
2016-12-15T16:00:00+0100;43;19;-24;9510;10116;606
2016-12-15T17:00:00+0100;0;0;0;10409;10869;460
2016-12-15T18:00:00+0100;0;0;0;11143;11546;403
2016-12-15T19:00:00+0100;0;0;0;11520;11816;296
2016-12-15T20:00:00+0100;0;0;0;11525;11706;181
2016-12-15T21:00:00+0100;0;0;0;11330;11189;-141
2016-12-15T22:00:00+0100;0;0;0;10947;10727;-220
2016-12-15T23:00:00+0100;0;0;0;10448;10748;300
2016-12-16T00:00:00+0100;0;0;0;9884;10515;631
2016-12-16T01:00:00+0100;0;0;0;9565;10002;437
2016-12-16T02:00:00+0100;0;0;0;9321;9834;513
2016-12-16T03:00:00+0100;0;0;0;8973;9876;903
2016-12-16T04:00:00+0100;0;0;0;8547;9734;1187
2016-12-16T05:00:00+0100;0;0;0;8151;9202;1051
2016-12-16T06:00:00+0100;0;0;0;7841;8689;848
2016-12-16T07:00:00+0100;4;0;-4;7581;8398;817
2016-12-16T08:00:00+0100;579;284;-295;7229;7916;687
2016-12-16T09:00:00+0100;3411;1922;-1489;6664;6930;266
2016-12-16T10:00:00+0100;6740;4153;-2587;5591;5650;59
2016-12-16T11:00:00+0100;8946;5714;-3232;4175;4356;181
2016-12-16T12:00:00+0100;9500;6365;-3135;3055;3318;263
2016-12-16T13:00:00+0100;8186;5652;-2534;2499;2654;155
2016-12-16T14:00:00+0100;5248;3654;-1594;2648;2272;-376
2016-12-16T15:00:00+0100;1700;1043;-657;3099;2234;-865
2016-12-16T16:00:00+0100;62;40;-22;3656;2886;-770
2016-12-16T17:00:00+0100;0;0;0;4053;3618;-435
2016-12-16T18:00:00+0100;0;0;0;4250;3898;-352
2016-12-16T19:00:00+0100;0;0;0;4134;3766;-368
2016-12-16T20:00:00+0100;0;0;0;3741;3545;-196
2016-12-16T21:00:00+0100;0;0;0;3335;3058;-277
2016-12-16T22:00:00+0100;0;0;0;2962;2747;-215
2016-12-16T23:00:00+0100;0;0;0;2688;2417;-271
2016-12-17T00:00:00+0100;0;0;0;1994;2076;82
2016-12-17T01:00:00+0100;0;0;0;1884;1996;112
2016-12-17T02:00:00+0100;0;0;0;1734;2168;434
2016-12-17T03:00:00+0100;0;0;0;1543;2262;719
2016-12-17T04:00:00+0100;0;0;0;1361;2204;843
2016-12-17T05:00:00+0100;0;0;0;1223;2112;889
2016-12-17T06:00:00+0100;0;0;0;1183;2067;884
2016-12-17T07:00:00+0100;4;0;-4;1209;2252;1043
2016-12-17T08:00:00+0100;392;126;-266;1270;2377;1107
2016-12-17T09:00:00+0100;2256;1238;-1018;1367;2438;1071
2016-12-17T10:00:00+0100;4388;2852;-1536;1424;2448;1024
2016-12-17T11:00:00+0100;5630;4039;-1591;1403;2237;834
2016-12-17T12:00:00+0100;5748;4229;-1519;1402;2127;725
2016-12-17T13:00:00+0100;4755;3307;-1448;1448;2273;825
2016-12-17T14:00:00+0100;2949;1866;-1083;1648;2279;631
2016-12-17T15:00:00+0100;945;533;-412;2027;2584;557
2016-12-17T16:00:00+0100;45;18;-27;2493;3146;653
2016-12-17T17:00:00+0100;0;0;0;2909;4104;1195
2016-12-17T18:00:00+0100;0;0;0;3315;5023;1708
2016-12-17T19:00:00+0100;0;0;0;3665;6130;2465
2016-12-17T20:00:00+0100;0;0;0;4014;7000;2986
2016-12-17T21:00:00+0100;0;0;0;4386;8074;3688
2016-12-17T22:00:00+0100;0;0;0;4737;9040;4303
2016-12-17T23:00:00+0100;0;0;0;5103;9616;4513
2016-12-18T00:00:00+0100;0;0;0;9379;9840;461
2016-12-18T01:00:00+0100;0;0;0;9890;9929;39
2016-12-18T02:00:00+0100;0;0;0;10283;10196;-87
2016-12-18T03:00:00+0100;0;0;0;10537;10410;-127
2016-12-18T04:00:00+0100;0;0;0;10700;10109;-591
2016-12-18T05:00:00+0100;0;0;0;10747;9682;-1065
2016-12-18T06:00:00+0100;0;0;0;10708;9582;-1126
2016-12-18T07:00:00+0100;1;0;-1;10484;9092;-1392
2016-12-18T08:00:00+0100;104;84;-20;10040;8673;-1367
2016-12-18T09:00:00+0100;560;578;18;9636;7814;-1822
2016-12-18T10:00:00+0100;1270;1329;59;9233;6851;-2382
2016-12-18T11:00:00+0100;1821;1847;26;8696;5938;-2758
2016-12-18T12:00:00+0100;1958;1955;-3;8070;5131;-2939
2016-12-18T13:00:00+0100;1649;1530;-119;7415;4278;-3137
2016-12-18T14:00:00+0100;1031;863;-168;6719;3462;-3257
2016-12-18T15:00:00+0100;342;243;-99;6010;2817;-3193
2016-12-18T16:00:00+0100;19;10;-9;5318;2274;-3044
2016-12-18T17:00:00+0100;0;0;0;4662;1827;-2835
2016-12-18T18:00:00+0100;0;0;0;4047;1509;-2538
2016-12-18T19:00:00+0100;0;0;0;3421;1161;-2260
2016-12-18T20:00:00+0100;0;0;0;2839;789;-2050
2016-12-18T21:00:00+0100;0;0;0;2387;581;-1806
2016-12-18T22:00:00+0100;0;0;0;2052;442;-1610
2016-12-18T23:00:00+0100;0;0;0;1873;384;-1489
2016-12-19T00:00:00+0100;0;0;0;688;412;-276
2016-12-19T01:00:00+0100;0;0;0;740;450;-290
2016-12-19T02:00:00+0100;0;0;0;828;612;-216
2016-12-19T03:00:00+0100;0;0;0;962;834;-128
2016-12-19T04:00:00+0100;0;0;0;1173;1128;-45
2016-12-19T05:00:00+0100;0;0;0;1454;1344;-110
2016-12-19T06:00:00+0100;0;0;0;1802;1576;-226
2016-12-19T07:00:00+0100;1;0;-1;2174;1893;-281
2016-12-19T08:00:00+0100;206;129;-77;2506;2236;-270
2016-12-19T09:00:00+0100;1249;923;-326;2800;2569;-231
2016-12-19T10:00:00+0100;2712;2250;-462;2919;3048;129
2016-12-19T11:00:00+0100;3943;3484;-459;2870;3268;398
2016-12-19T12:00:00+0100;4493;4123;-370;2897;3352;455
2016-12-19T13:00:00+0100;4150;3818;-332;2989;3593;604
2016-12-19T14:00:00+0100;2808;2466;-342;3185;3756;571
2016-12-19T15:00:00+0100;950;780;-170;3491;4097;606
2016-12-19T16:00:00+0100;47;28;-19;3879;4470;591
2016-12-19T17:00:00+0100;0;0;0;4324;4552;228
2016-12-19T18:00:00+0100;0;0;0;4757;4311;-446
2016-12-19T19:00:00+0100;0;0;0;4971;4332;-639
2016-12-19T20:00:00+0100;0;0;0;4947;4466;-481
2016-12-19T21:00:00+0100;0;0;0;4851;4411;-440
2016-12-19T22:00:00+0100;0;0;0;4703;4294;-409
2016-12-19T23:00:00+0100;0;0;0;4629;4390;-239
2016-12-20T00:00:00+0100;0;0;0;3760;4552;792
2016-12-20T01:00:00+0100;0;0;0;3953;4894;941
2016-12-20T02:00:00+0100;0;0;0;4340;5271;931
2016-12-20T03:00:00+0100;0;0;0;4689;5518;829
2016-12-20T04:00:00+0100;0;0;0;4909;5633;724
2016-12-20T05:00:00+0100;0;0;0;5034;5628;594
2016-12-20T06:00:00+0100;0;0;0;5165;5698;533
2016-12-20T07:00:00+0100;4;1;-3;5313;5923;610
2016-12-20T08:00:00+0100;426;204;-222;5450;6062;612
2016-12-20T09:00:00+0100;2420;1570;-850;5528;6146;618
2016-12-20T10:00:00+0100;5169;3726;-1443;5426;5770;344
2016-12-20T11:00:00+0100;7282;5462;-1820;5206;5334;128
2016-12-20T12:00:00+0100;7907;6111;-1796;5103;5033;-70
2016-12-20T13:00:00+0100;6885;5226;-1659;5252;5425;173
2016-12-20T14:00:00+0100;4469;3190;-1279;5782;5861;79
2016-12-20T15:00:00+0100;1530;935;-595;6495;6172;-323
2016-12-20T16:00:00+0100;71;30;-41;7272;6728;-544
2016-12-20T17:00:00+0100;0;0;0;7887;7433;-454
2016-12-20T18:00:00+0100;0;0;0;8347;7948;-399
2016-12-20T19:00:00+0100;0;0;0;8569;8748;179
2016-12-20T20:00:00+0100;0;0;0;8610;8831;221
2016-12-20T21:00:00+0100;0;0;0;8640;9272;632
2016-12-20T22:00:00+0100;0;0;0;8626;10019;1393
2016-12-20T23:00:00+0100;0;0;0;8470;10878;2408
2016-12-21T00:00:00+0100;0;0;0;9334;10947;1613
2016-12-21T01:00:00+0100;0;0;0;9187;10648;1461
2016-12-21T02:00:00+0100;0;0;0;8977;10240;1263
2016-12-21T03:00:00+0100;0;0;0;8944;9664;720
2016-12-21T04:00:00+0100;0;0;0;9202;9426;224
2016-12-21T05:00:00+0100;0;0;0;9842;10668;826
2016-12-21T06:00:00+0100;0;0;0;10671;12029;1358
2016-12-21T07:00:00+0100;4;1;-3;11469;13281;1812
2016-12-21T08:00:00+0100;414;162;-252;12128;13464;1336
2016-12-21T09:00:00+0100;2643;1415;-1228;12547;13454;907
2016-12-21T10:00:00+0100;5720;3326;-2394;12511;13057;546
2016-12-21T11:00:00+0100;7904;4802;-3102;12076;12910;834
2016-12-21T12:00:00+0100;8429;5254;-3175;11803;12582;779
2016-12-21T13:00:00+0100;7144;4505;-2639;11976;12470;494
2016-12-21T14:00:00+0100;4501;2741;-1760;12738;12204;-534
2016-12-21T15:00:00+0100;1459;742;-717;13847;12540;-1307
2016-12-21T16:00:00+0100;72;26;-46;15059;13777;-1282
2016-12-21T17:00:00+0100;0;0;0;16129;14928;-1201
2016-12-21T18:00:00+0100;0;0;0;16945;15220;-1725
2016-12-21T19:00:00+0100;0;0;0;17329;15512;-1817
2016-12-21T20:00:00+0100;0;0;0;17152;15220;-1932
2016-12-21T21:00:00+0100;0;0;0;16749;15130;-1619
2016-12-21T22:00:00+0100;0;0;0;16048;14471;-1577
2016-12-21T23:00:00+0100;0;0;0;14955;13770;-1185
2016-12-22T00:00:00+0100;0;0;0;13624;12903;-721
2016-12-22T01:00:00+0100;0;0;0;12829;12176;-653
2016-12-22T02:00:00+0100;0;0;0;12161;11658;-503
2016-12-22T03:00:00+0100;0;0;0;11545;11401;-144
2016-12-22T04:00:00+0100;0;0;0;11070;11679;609
2016-12-22T05:00:00+0100;0;0;0;10784;11468;684
2016-12-22T06:00:00+0100;0;0;0;10480;10938;458
2016-12-22T07:00:00+0100;3;1;-2;10249;10283;34
2016-12-22T08:00:00+0100;282;179;-103;10141;10042;-99
2016-12-22T09:00:00+0100;1509;1283;-226;10087;9727;-360
2016-12-22T10:00:00+0100;2986;2835;-151;9911;9144;-767
2016-12-22T11:00:00+0100;4039;4089;50;9533;9101;-432
2016-12-22T12:00:00+0100;4344;4610;266;9233;9010;-223
2016-12-22T13:00:00+0100;3719;3921;202;9027;8879;-148
2016-12-22T14:00:00+0100;2365;2413;48;9074;8765;-309
2016-12-22T15:00:00+0100;812;751;-61;9354;8616;-738
2016-12-22T16:00:00+0100;52;27;-25;9809;8993;-816
2016-12-22T17:00:00+0100;0;0;0;10389;9670;-719
2016-12-22T18:00:00+0100;0;0;0;10969;10352;-617
2016-12-22T19:00:00+0100;0;0;0;11519;10768;-751
2016-12-22T20:00:00+0100;0;0;0;12032;11763;-269
2016-12-22T21:00:00+0100;0;0;0;12529;12826;297
2016-12-22T22:00:00+0100;0;0;0;12890;12943;53
2016-12-22T23:00:00+0100;0;0;0;13159;13382;223
2016-12-23T00:00:00+0100;0;0;0;14396;13613;-783
2016-12-23T01:00:00+0100;0;0;0;14662;13922;-740
2016-12-23T02:00:00+0100;0;0;0;14941;14470;-471
2016-12-23T03:00:00+0100;0;0;0;15175;15200;25
2016-12-23T04:00:00+0100;0;0;0;15273;15674;401
2016-12-23T05:00:00+0100;0;0;0;15048;15547;499
2016-12-23T06:00:00+0100;0;0;0;14562;15234;672
2016-12-23T07:00:00+0100;0;0;0;13827;14261;434
2016-12-23T08:00:00+0100;135;115;-20;13015;13251;236
2016-12-23T09:00:00+0100;1054;990;-64;12498;12610;112
2016-12-23T10:00:00+0100;2415;2117;-298;12299;12807;508
2016-12-23T11:00:00+0100;3420;3181;-239;12311;12909;598
2016-12-23T12:00:00+0100;3726;3838;112;12385;13235;850
2016-12-23T13:00:00+0100;3255;3323;68;12603;13140;537
2016-12-23T14:00:00+0100;2098;1978;-120;13191;12802;-389
2016-12-23T15:00:00+0100;691;546;-145;14175;13338;-837
2016-12-23T16:00:00+0100;38;23;-15;15525;14714;-811
2016-12-23T17:00:00+0100;0;0;0;17351;16592;-759
2016-12-23T18:00:00+0100;0;0;0;19337;18086;-1251
2016-12-23T19:00:00+0100;0;0;0;21143;19490;-1653
2016-12-23T20:00:00+0100;0;0;0;22714;20934;-1780
2016-12-23T21:00:00+0100;0;0;0;24312;22486;-1826
2016-12-23T22:00:00+0100;0;0;0;25997;23391;-2606
2016-12-23T23:00:00+0100;0;0;0;27731;25115;-2616
2016-12-24T00:00:00+0100;0;0;0;28922;26088;-2834
2016-12-24T01:00:00+0100;0;0;0;29610;27095;-2515
2016-12-24T02:00:00+0100;0;0;0;29709;27197;-2512
2016-12-24T03:00:00+0100;0;0;0;29054;26802;-2252
2016-12-24T04:00:00+0100;0;0;0;27847;26380;-1467
2016-12-24T05:00:00+0100;0;0;0;26764;25322;-1442
2016-12-24T06:00:00+0100;0;0;0;25714;25228;-486
2016-12-24T07:00:00+0100;0;0;0;24831;25244;413
2016-12-24T08:00:00+0100;117;82;-35;24316;24554;238
2016-12-24T09:00:00+0100;774;664;-110;24275;23896;-379
2016-12-24T10:00:00+0100;1825;1738;-87;24580;24423;-157
2016-12-24T11:00:00+0100;2682;2656;-26;25259;26403;1144
2016-12-24T12:00:00+0100;3074;2726;-348;26137;27500;1363
2016-12-24T13:00:00+0100;2811;2661;-150;27017;28597;1580
2016-12-24T14:00:00+0100;1880;1726;-154;27838;28474;636
2016-12-24T15:00:00+0100;633;565;-68;28479;29033;554
2016-12-24T16:00:00+0100;30;25;-5;29217;30118;901
2016-12-24T17:00:00+0100;0;0;0;30061;30702;641
2016-12-24T18:00:00+0100;0;0;0;30773;31582;809
2016-12-24T19:00:00+0100;0;0;0;31336;32264;928
2016-12-24T20:00:00+0100;0;0;0;31885;32830;945
2016-12-24T21:00:00+0100;0;0;0;32161;32529;368
2016-12-24T22:00:00+0100;0;0;0;32121;31862;-259
2016-12-24T23:00:00+0100;0;0;0;31925;31904;-21
2016-12-25T00:00:00+0100;0;0;0;31558;31570;12
2016-12-25T01:00:00+0100;0;0;0;31223;30847;-376
2016-12-25T02:00:00+0100;0;0;0;30718;29627;-1091
2016-12-25T03:00:00+0100;0;0;0;30263;28783;-1480
2016-12-25T04:00:00+0100;0;0;0;30026;28570;-1456
2016-12-25T05:00:00+0100;0;0;0;29903;27767;-2136
2016-12-25T06:00:00+0100;0;0;0;29912;27758;-2154
2016-12-25T07:00:00+0100;0;0;0;30035;28512;-1523
2016-12-25T08:00:00+0100;63;46;-17;30418;29246;-1172
2016-12-25T09:00:00+0100;344;309;-35;30736;29832;-904
2016-12-25T10:00:00+0100;760;770;10;31019;30990;-29
2016-12-25T11:00:00+0100;1145;1208;63;31266;31708;442
2016-12-25T12:00:00+0100;1290;1438;148;31424;32501;1077
2016-12-25T13:00:00+0100;1154;1415;261;31321;32384;1063
2016-12-25T14:00:00+0100;763;1036;273;31042;31931;889
2016-12-25T15:00:00+0100;294;364;70;30753;31505;752
2016-12-25T16:00:00+0100;30;22;-8;30446;31088;642
2016-12-25T17:00:00+0100;0;0;0;30151;30436;285
2016-12-25T18:00:00+0100;0;0;0;29960;29885;-75
2016-12-25T19:00:00+0100;0;0;0;29783;30108;325
2016-12-25T20:00:00+0100;0;0;0;29496;29968;472
2016-12-25T21:00:00+0100;0;0;0;29373;29711;338
2016-12-25T22:00:00+0100;0;0;0;29343;29131;-212
2016-12-25T23:00:00+0100;0;0;0;29395;28970;-425
2016-12-26T00:00:00+0100;0;0;0;28649;28520;-129
2016-12-26T01:00:00+0100;0;0;0;28581;27718;-863
2016-12-26T02:00:00+0100;0;0;0;28661;27836;-825
2016-12-26T03:00:00+0100;0;0;0;28842;27875;-967
2016-12-26T04:00:00+0100;0;0;0;29077;27535;-1542
2016-12-26T05:00:00+0100;0;0;0;29350;26929;-2421
2016-12-26T06:00:00+0100;0;0;0;29620;27396;-2224
2016-12-26T07:00:00+0100;0;0;0;29947;28042;-1905
2016-12-26T08:00:00+0100;116;79;-37;30312;29038;-1274
2016-12-26T09:00:00+0100;666;800;134;30507;29403;-1104
2016-12-26T10:00:00+0100;1461;2140;679;30780;30247;-533
2016-12-26T11:00:00+0100;2022;3352;1330;31261;31372;111
2016-12-26T12:00:00+0100;2246;3569;1323;31741;32187;446
2016-12-26T13:00:00+0100;2068;2998;930;31798;32538;740
2016-12-26T14:00:00+0100;1458;1826;368;31052;31271;219
2016-12-26T15:00:00+0100;538;661;123;30439;30592;153
2016-12-26T16:00:00+0100;30;38;8;30128;30776;648
2016-12-26T17:00:00+0100;0;0;0;30047;30867;820
2016-12-26T18:00:00+0100;0;0;0;30244;30931;687
2016-12-26T19:00:00+0100;0;0;0;30478;31073;595
2016-12-26T20:00:00+0100;0;0;0;30971;31327;356
2016-12-26T21:00:00+0100;0;0;0;31432;31336;-96
2016-12-26T22:00:00+0100;0;0;0;31798;30586;-1212
2016-12-26T23:00:00+0100;0;0;0;32091;30674;-1417
2016-12-27T00:00:00+0100;0;0;0;31804;30611;-1193
2016-12-27T01:00:00+0100;0;0;0;31995;30854;-1141
2016-12-27T02:00:00+0100;0;0;0;32554;30788;-1766
2016-12-27T03:00:00+0100;0;0;0;32591;30681;-1910
2016-12-27T04:00:00+0100;0;0;0;32501;30741;-1760
2016-12-27T05:00:00+0100;0;0;0;32244;30184;-2060
2016-12-27T06:00:00+0100;0;0;0;31962;30122;-1840
2016-12-27T07:00:00+0100;2;1;-1;31573;30286;-1287
2016-12-27T08:00:00+0100;206;166;-40;31020;30087;-933
2016-12-27T09:00:00+0100;1385;1418;33;30508;29764;-744
2016-12-27T10:00:00+0100;3173;3410;237;30097;29632;-465
2016-12-27T11:00:00+0100;4406;5022;616;29578;29492;-86
2016-12-27T12:00:00+0100;4659;5410;751;29032;28862;-170
2016-12-27T13:00:00+0100;3900;4389;489;28423;28293;-130
2016-12-27T14:00:00+0100;2492;2654;162;27656;26973;-683
2016-12-27T15:00:00+0100;920;915;-5;26688;25522;-1166
2016-12-27T16:00:00+0100;76;63;-13;25747;24645;-1102
2016-12-27T17:00:00+0100;0;0;0;25002;24266;-736
2016-12-27T18:00:00+0100;0;0;0;24394;23514;-880
2016-12-27T19:00:00+0100;0;0;0;23813;23032;-781
2016-12-27T20:00:00+0100;0;0;0;23252;22002;-1250
2016-12-27T21:00:00+0100;0;0;0;22710;20840;-1870
2016-12-27T22:00:00+0100;0;0;0;22093;20409;-1684
2016-12-27T23:00:00+0100;0;0;0;21300;20225;-1075
2016-12-28T00:00:00+0100;0;0;0;18283;19681;1398
2016-12-28T01:00:00+0100;0;0;0;17681;19099;1418
2016-12-28T02:00:00+0100;0;0;0;16956;18198;1242
2016-12-28T03:00:00+0100;0;0;0;16157;17324;1167
2016-12-28T04:00:00+0100;0;0;0;15327;16279;952
2016-12-28T05:00:00+0100;0;0;0;14382;15285;903
2016-12-28T06:00:00+0100;0;0;0;13351;14704;1353
2016-12-28T07:00:00+0100;2;1;-1;12264;13526;1262
2016-12-28T08:00:00+0100;169;109;-60;11310;12351;1041
2016-12-28T09:00:00+0100;1061;1075;14;10637;10871;234
2016-12-28T10:00:00+0100;2370;2694;324;10115;9578;-537
2016-12-28T11:00:00+0100;3363;3870;507;9572;8012;-1560
2016-12-28T12:00:00+0100;3618;4283;665;8963;7227;-1736
2016-12-28T13:00:00+0100;3156;3798;642;8239;6587;-1652
2016-12-28T14:00:00+0100;2121;2591;470;7329;6024;-1305
2016-12-28T15:00:00+0100;841;960;119;6344;5322;-1022
2016-12-28T16:00:00+0100;75;69;-6;5605;4595;-1010
2016-12-28T17:00:00+0100;0;0;0;5222;4205;-1017
2016-12-28T18:00:00+0100;0;0;0;4935;3594;-1341
2016-12-28T19:00:00+0100;0;0;0;4606;3310;-1296
2016-12-28T20:00:00+0100;0;0;0;4204;3362;-842
2016-12-28T21:00:00+0100;0;0;0;3903;3378;-525
2016-12-28T22:00:00+0100;0;0;0;3746;3387;-359
2016-12-28T23:00:00+0100;0;0;0;3767;4053;286
2016-12-29T00:00:00+0100;0;0;0;4127;4719;592
2016-12-29T01:00:00+0100;0;0;0;4372;5050;678
2016-12-29T02:00:00+0100;0;0;0;4593;5243;650
2016-12-29T03:00:00+0100;0;0;0;4774;5244;470
2016-12-29T04:00:00+0100;0;0;0;4893;5023;130
2016-12-29T05:00:00+0100;0;0;0;4976;5150;174
2016-12-29T06:00:00+0100;0;0;0;5139;5926;787
2016-12-29T07:00:00+0100;3;1;-2;5252;6436;1184
2016-12-29T08:00:00+0100;338;238;-100;5352;6814;1462
2016-12-29T09:00:00+0100;2422;2460;38;5487;6899;1412
2016-12-29T10:00:00+0100;5352;5778;426;5517;6488;971
2016-12-29T11:00:00+0100;7488;8388;900;5073;6242;1169
2016-12-29T12:00:00+0100;8292;9310;1018;4999;6048;1049
2016-12-29T13:00:00+0100;7508;8471;963;5141;5932;791
2016-12-29T14:00:00+0100;5183;5844;661;5233;5786;553
2016-12-29T15:00:00+0100;2045;2286;241;5409;5776;367
2016-12-29T16:00:00+0100;138;134;-4;6174;6642;468
2016-12-29T17:00:00+0100;0;0;0;7230;8148;918
2016-12-29T18:00:00+0100;0;0;0;8092;9106;1014
2016-12-29T19:00:00+0100;0;0;0;8559;9396;837
2016-12-29T20:00:00+0100;0;0;0;8441;9516;1075
2016-12-29T21:00:00+0100;0;0;0;8262;9528;1266
2016-12-29T22:00:00+0100;0;0;0;8191;9128;937
2016-12-29T23:00:00+0100;0;0;0;8203;9211;1008
2016-12-30T00:00:00+0100;0;0;0;7998;8966;968
2016-12-30T01:00:00+0100;0;0;0;7922;8986;1064
2016-12-30T02:00:00+0100;0;0;0;8130;8860;730
2016-12-30T03:00:00+0100;0;0;0;8513;8900;387
2016-12-30T04:00:00+0100;0;0;0;8863;9237;374
2016-12-30T05:00:00+0100;0;0;0;9147;9738;591
2016-12-30T06:00:00+0100;0;0;0;9417;10388;971
2016-12-30T07:00:00+0100;4;1;-3;9769;10854;1085
2016-12-30T08:00:00+0100;367;295;-72;10050;11349;1299
2016-12-30T09:00:00+0100;2938;3076;138;10147;11554;1407
2016-12-30T10:00:00+0100;6839;6853;14;9371;10594;1223
2016-12-30T11:00:00+0100;9616;9676;60;8621;9181;560
2016-12-30T12:00:00+0100;10293;10794;501;8463;7989;-474
2016-12-30T13:00:00+0100;8962;9520;558;8382;7389;-993
2016-12-30T14:00:00+0100;6000;6129;129;8422;7055;-1367
2016-12-30T15:00:00+0100;2332;2106;-226;8681;7615;-1066
2016-12-30T16:00:00+0100;154;96;-58;9534;9178;-356
2016-12-30T17:00:00+0100;0;0;0;10726;10386;-340
2016-12-30T18:00:00+0100;0;0;0;11366;10775;-591
2016-12-30T19:00:00+0100;0;0;0;11632;11117;-515
2016-12-30T20:00:00+0100;0;0;0;11678;11422;-256
2016-12-30T21:00:00+0100;0;0;0;11771;11732;-39
2016-12-30T22:00:00+0100;0;0;0;11872;11626;-246
2016-12-30T23:00:00+0100;0;0;0;11933;11642;-291
2016-12-31T00:00:00+0100;0;0;0;11308;11690;382
2016-12-31T01:00:00+0100;0;0;0;11375;11799;424
2016-12-31T02:00:00+0100;0;0;0;11700;11696;-4
2016-12-31T03:00:00+0100;0;0;0;12072;11706;-366
2016-12-31T04:00:00+0100;0;0;0;12368;11588;-780
2016-12-31T05:00:00+0100;0;0;0;12608;11699;-909
2016-12-31T06:00:00+0100;0;0;0;12826;12179;-647
2016-12-31T07:00:00+0100;3;1;-2;13001;12408;-593
2016-12-31T08:00:00+0100;390;214;-176;13141;12941;-200
2016-12-31T09:00:00+0100;2667;2147;-520;13161;13026;-135
2016-12-31T10:00:00+0100;5643;4871;-772;12736;12803;67
2016-12-31T11:00:00+0100;7809;7038;-771;12154;12218;64
2016-12-31T12:00:00+0100;8450;7882;-568;11998;12017;19
2016-12-31T13:00:00+0100;7459;6680;-779;12043;11746;-297
2016-12-31T14:00:00+0100;5067;4236;-831;12407;11522;-885
2016-12-31T15:00:00+0100;2020;1443;-577;13039;12394;-645
2016-12-31T16:00:00+0100;147;68;-79;14004;13234;-770
2016-12-31T17:00:00+0100;0;0;0;14847;14072;-775
2016-12-31T18:00:00+0100;0;0;0;15440;14836;-604
2016-12-31T19:00:00+0100;0;0;0;15908;15196;-712
2016-12-31T20:00:00+0100;0;0;0;16207;15303;-904
2016-12-31T21:00:00+0100;0;0;0;16450;15354;-1096
2016-12-31T22:00:00+0100;0;0;0;16595;14848;-1747
2016-12-31T23:00:00+0100;0;0;0;16588;15056;-1532
2017-01-01T00:00:00+0100;0;0;0;16166;15422;-744
2017-01-01T01:00:00+0100;0;0;0;15968;15363;-605
2017-01-01T02:00:00+0100;0;0;0;15904;15080;-824
2017-01-01T03:00:00+0100;0;0;0;15786;14731;-1055
2017-01-01T04:00:00+0100;0;0;0;15720;14865;-855
2017-01-01T05:00:00+0100;0;0;0;15810;15254;-556
2017-01-01T06:00:00+0100;0;0;0;16042;15904;-138
2017-01-01T07:00:00+0100;2;1;-1;16317;15903;-414
2017-01-01T08:00:00+0100;427;274;-153;16562;15816;-746
2017-01-01T09:00:00+0100;2602;2083;-519;16703;15722;-981
2017-01-01T10:00:00+0100;5269;4679;-590;16437;14505;-1932
2017-01-01T11:00:00+0100;7180;6830;-350;15567;13300;-2267
2017-01-01T12:00:00+0100;7807;7926;119;14640;12236;-2404
2017-01-01T13:00:00+0100;6934;7084;150;14070;11020;-3050
2017-01-01T14:00:00+0100;4709;4635;-74;13818;9829;-3989
2017-01-01T15:00:00+0100;1878;1661;-217;13826;8994;-4832
2017-01-01T16:00:00+0100;148;118;-30;13990;9147;-4843
2017-01-01T17:00:00+0100;3;0;-3;14242;9738;-4504
2017-01-01T18:00:00+0100;0;0;0;14512;9876;-4636
2017-01-01T19:00:00+0100;0;0;0;14707;10227;-4480
2017-01-01T20:00:00+0100;0;0;0;14741;11094;-3647
2017-01-01T21:00:00+0100;0;0;0;14715;11533;-3182
2017-01-01T22:00:00+0100;0;0;0;14622;12339;-2283
2017-01-01T23:00:00+0100;0;0;0;14386;12260;-2126
2017-01-02T00:00:00+0100;0;0;0;13567;12389;-1178
2017-01-02T01:00:00+0100;0;0;0;13715;12910;-805
2017-01-02T02:00:00+0100;0;0;0;13806;12710;-1096
2017-01-02T03:00:00+0100;0;0;0;13852;12694;-1158
2017-01-02T04:00:00+0100;0;0;0;13733;11989;-1744
2017-01-02T05:00:00+0100;0;0;0;13440;11863;-1577
2017-01-02T06:00:00+0100;0;0;0;13164;12128;-1036
2017-01-02T07:00:00+0100;1;0;-1;12853;11925;-928
2017-01-02T08:00:00+0100;229;105;-124;12310;11406;-904
2017-01-02T09:00:00+0100;1238;774;-464;11805;10518;-1287
2017-01-02T10:00:00+0100;2623;1627;-996;11117;10322;-795
2017-01-02T11:00:00+0100;3608;2401;-1207;10479;9825;-654
2017-01-02T12:00:00+0100;3757;2868;-889;10273;10077;-196
2017-01-02T13:00:00+0100;3016;2528;-488;10243;10096;-147
2017-01-02T14:00:00+0100;1809;1572;-237;10306;10510;204
2017-01-02T15:00:00+0100;633;556;-77;10433;10562;129
2017-01-02T16:00:00+0100;53;48;-5;10654;11042;388
2017-01-02T17:00:00+0100;2;0;-2;11081;12126;1045
2017-01-02T18:00:00+0100;0;0;0;11464;13440;1976
2017-01-02T19:00:00+0100;0;0;0;11619;13900;2281
2017-01-02T20:00:00+0100;0;0;0;11655;13906;2251
2017-01-02T21:00:00+0100;0;0;0;11789;14249;2460
2017-01-02T22:00:00+0100;0;0;0;11921;14722;2801
2017-01-02T23:00:00+0100;0;0;0;11988;15678;3690
2017-01-03T00:00:00+0100;0;0;0;16171;16501;330
2017-01-03T01:00:00+0100;0;0;0;16666;16640;-26
2017-01-03T02:00:00+0100;0;0;0;17169;17128;-41
2017-01-03T03:00:00+0100;0;0;0;17716;18205;489
2017-01-03T04:00:00+0100;0;0;0;18244;18855;611
2017-01-03T05:00:00+0100;0;0;0;18684;19734;1050
2017-01-03T06:00:00+0100;0;0;0;19027;20756;1729
2017-01-03T07:00:00+0100;1;0;-1;19390;22145;2755
2017-01-03T08:00:00+0100;164;70;-94;20035;22753;2718
2017-01-03T09:00:00+0100;925;538;-387;21024;24081;3057
2017-01-03T10:00:00+0100;2120;1166;-954;22398;25909;3511
2017-01-03T11:00:00+0100;3075;1817;-1258;23950;27726;3776
2017-01-03T12:00:00+0100;3453;2147;-1306;25474;29098;3624
2017-01-03T13:00:00+0100;3118;1908;-1210;26885;30230;3345
2017-01-03T14:00:00+0100;2150;1220;-930;28068;30829;2761
2017-01-03T15:00:00+0100;906;439;-467;29127;31969;2842
2017-01-03T16:00:00+0100;98;46;-52;30201;33058;2857
2017-01-03T17:00:00+0100;3;0;-3;31256;33917;2661
2017-01-03T18:00:00+0100;0;0;0;32245;34739;2494
2017-01-03T19:00:00+0100;0;0;0;33038;35220;2182
2017-01-03T20:00:00+0100;0;0;0;33731;35692;1961
2017-01-03T21:00:00+0100;0;0;0;34165;35723;1558
2017-01-03T22:00:00+0100;0;0;0;34588;34704;116
2017-01-03T23:00:00+0100;0;0;0;34969;34412;-557
2017-01-04T00:00:00+0100;0;0;0;35375;32650;-2725
2017-01-04T01:00:00+0100;0;0;0;35389;31757;-3632
2017-01-04T02:00:00+0100;0;0;0;35155;30978;-4177
2017-01-04T03:00:00+0100;0;0;0;35048;30633;-4415
2017-01-04T04:00:00+0100;0;0;0;35089;30701;-4388
2017-01-04T05:00:00+0100;0;0;0;35122;30838;-4284
2017-01-04T06:00:00+0100;0;0;0;35195;31701;-3494
2017-01-04T07:00:00+0100;0;0;0;35327;32627;-2700
2017-01-04T08:00:00+0100;80;49;-31;35186;33379;-1807
2017-01-04T09:00:00+0100;621;675;54;34829;32921;-1908
2017-01-04T10:00:00+0100;1535;1747;212;34378;32260;-2118
2017-01-04T11:00:00+0100;2214;2619;405;33831;32198;-1633
2017-01-04T12:00:00+0100;2424;2968;544;33237;32234;-1003
2017-01-04T13:00:00+0100;2131;2560;429;32479;31422;-1057
2017-01-04T14:00:00+0100;1417;1596;179;31579;30136;-1443
2017-01-04T15:00:00+0100;562;556;-6;30525;29088;-1437
2017-01-04T16:00:00+0100;52;44;-8;29176;27927;-1249
2017-01-04T17:00:00+0100;0;0;0;27729;26062;-1667
2017-01-04T18:00:00+0100;0;0;0;26223;25478;-745
2017-01-04T19:00:00+0100;0;0;0;24650;25132;482
2017-01-04T20:00:00+0100;0;0;0;23206;23856;650
2017-01-04T21:00:00+0100;0;0;0;21939;23136;1197
2017-01-04T22:00:00+0100;0;0;0;20726;21622;896
2017-01-04T23:00:00+0100;0;0;0;19306;20924;1618
2017-01-05T00:00:00+0100;0;0;0;18083;19568;1485
2017-01-05T01:00:00+0100;0;0;0;16731;18151;1420
2017-01-05T02:00:00+0100;0;0;0;15424;17270;1846
2017-01-05T03:00:00+0100;0;0;0;14323;16276;1953
2017-01-05T04:00:00+0100;0;0;0;13432;15572;2140
2017-01-05T05:00:00+0100;0;0;0;12646;14819;2173
2017-01-05T06:00:00+0100;0;0;0;11887;13865;1978
2017-01-05T07:00:00+0100;1;0;-1;11121;13474;2353
2017-01-05T08:00:00+0100;168;116;-52;10276;13034;2758
2017-01-05T09:00:00+0100;1322;1267;-55;9522;12300;2778
2017-01-05T10:00:00+0100;3081;2991;-90;9067;11856;2789
2017-01-05T11:00:00+0100;4410;4276;-134;8993;11987;2994
2017-01-05T12:00:00+0100;4956;4453;-503;9093;12074;2981
2017-01-05T13:00:00+0100;4595;3876;-719;9011;11062;2051
2017-01-05T14:00:00+0100;3296;2642;-654;8561;9947;1386
2017-01-05T15:00:00+0100;1385;1079;-306;7928;9464;1536
2017-01-05T16:00:00+0100;123;97;-26;7477;8888;1411
2017-01-05T17:00:00+0100;2;0;-2;7258;8612;1354
2017-01-05T18:00:00+0100;0;0;0;7138;8174;1036
2017-01-05T19:00:00+0100;0;0;0;6760;7375;615
2017-01-05T20:00:00+0100;0;0;0;6088;6753;665
2017-01-05T21:00:00+0100;0;0;0;5380;6172;792
2017-01-05T22:00:00+0100;0;0;0;4797;5452;655
2017-01-05T23:00:00+0100;0;0;0;4343;4957;614
2017-01-06T00:00:00+0100;0;0;0;3777;4224;447
2017-01-06T01:00:00+0100;0;0;0;3436;3849;413
2017-01-06T02:00:00+0100;0;0;0;3151;3637;486
2017-01-06T03:00:00+0100;0;0;0;2891;3555;664
2017-01-06T04:00:00+0100;0;0;0;2771;3613;842
2017-01-06T05:00:00+0100;0;0;0;2772;3420;648
2017-01-06T06:00:00+0100;0;0;0;2797;3408;611
2017-01-06T07:00:00+0100;0;0;0;2789;3684;895
2017-01-06T08:00:00+0100;292;130;-162;2754;3519;765
2017-01-06T09:00:00+0100;2276;1675;-601;2753;3097;344
2017-01-06T10:00:00+0100;4821;4064;-757;2741;2724;-17
2017-01-06T11:00:00+0100;6436;6262;-174;2712;2534;-178
2017-01-06T12:00:00+0100;6895;7288;393;2760;2818;58
2017-01-06T13:00:00+0100;6110;6842;732;2908;3112;204
2017-01-06T14:00:00+0100;4266;4852;586;3168;3242;74
2017-01-06T15:00:00+0100;1812;2046;234;3488;3585;97
2017-01-06T16:00:00+0100;154;182;28;4020;4131;111
2017-01-06T17:00:00+0100;0;0;0;4869;5008;139
2017-01-06T18:00:00+0100;0;0;0;5827;6237;410
2017-01-06T19:00:00+0100;0;0;0;6654;7407;753
2017-01-06T20:00:00+0100;0;0;0;7275;7917;642
2017-01-06T21:00:00+0100;0;0;0;7890;8026;136
2017-01-06T22:00:00+0100;0;0;0;8449;8488;39
2017-01-06T23:00:00+0100;0;0;0;8917;9002;85
2017-01-07T00:00:00+0100;0;0;0;8566;9710;1144
2017-01-07T01:00:00+0100;0;0;0;9038;10204;1166
2017-01-07T02:00:00+0100;0;0;0;9589;10708;1119
2017-01-07T03:00:00+0100;0;0;0;10114;11015;901
2017-01-07T04:00:00+0100;0;0;0;10587;11440;853
2017-01-07T05:00:00+0100;0;0;0;11015;12010;995
2017-01-07T06:00:00+0100;0;0;0;11476;12347;871
2017-01-07T07:00:00+0100;1;0;-1;11846;12438;592
2017-01-07T08:00:00+0100;150;93;-57;11954;12838;884
2017-01-07T09:00:00+0100;837;657;-180;11973;12897;924
2017-01-07T10:00:00+0100;1681;1372;-309;11828;12279;451
2017-01-07T11:00:00+0100;2205;1773;-432;11555;11919;364
2017-01-07T12:00:00+0100;2194;1786;-408;11356;10919;-437
2017-01-07T13:00:00+0100;1753;1475;-278;11321;10527;-794
2017-01-07T14:00:00+0100;1099;876;-223;11390;10544;-846
2017-01-07T15:00:00+0100;445;326;-119;11556;10686;-870
2017-01-07T16:00:00+0100;52;29;-23;11600;10682;-918
2017-01-07T17:00:00+0100;1;0;-1;11483;10099;-1384
2017-01-07T18:00:00+0100;0;0;0;11462;9480;-1982
2017-01-07T19:00:00+0100;0;0;0;11389;8842;-2547
2017-01-07T20:00:00+0100;0;0;0;11192;8712;-2480
2017-01-07T21:00:00+0100;0;0;0;10890;8937;-1953
2017-01-07T22:00:00+0100;0;0;0;10416;8330;-2086
2017-01-07T23:00:00+0100;0;0;0;9796;7732;-2064
2017-01-08T00:00:00+0100;0;0;0;9572;6722;-2850
2017-01-08T01:00:00+0100;0;0;0;8799;5858;-2941
2017-01-08T02:00:00+0100;0;0;0;7900;4800;-3100
2017-01-08T03:00:00+0100;0;0;0;6924;3981;-2943
2017-01-08T04:00:00+0100;0;0;0;5889;3470;-2419
2017-01-08T05:00:00+0100;0;0;0;4901;2952;-1949
2017-01-08T06:00:00+0100;0;0;0;4071;2627;-1444
2017-01-08T07:00:00+0100;0;0;0;3393;2240;-1153
2017-01-08T08:00:00+0100;54;23;-31;2852;1608;-1244
2017-01-08T09:00:00+0100;368;239;-129;2370;1234;-1136
2017-01-08T10:00:00+0100;887;619;-268;1855;990;-865
2017-01-08T11:00:00+0100;1311;966;-345;1417;775;-642
2017-01-08T12:00:00+0100;1487;1114;-373;1112;625;-487
2017-01-08T13:00:00+0100;1361;1016;-345;901;495;-406
2017-01-08T14:00:00+0100;929;710;-219;783;349;-434
2017-01-08T15:00:00+0100;379;279;-100;681;284;-397
2017-01-08T16:00:00+0100;48;25;-23;659;287;-372
2017-01-08T17:00:00+0100;0;0;0;717;394;-323
2017-01-08T18:00:00+0100;0;0;0;837;509;-328
2017-01-08T19:00:00+0100;0;0;0;988;721;-267
2017-01-08T20:00:00+0100;0;0;0;1181;995;-186
2017-01-08T21:00:00+0100;0;0;0;1445;1221;-224
2017-01-08T22:00:00+0100;0;0;0;1732;1326;-406
2017-01-08T23:00:00+0100;0;0;0;1987;1602;-385
2017-01-09T00:00:00+0100;0;0;0;2657;1918;-739
2017-01-09T01:00:00+0100;0;0;0;2855;2169;-686
2017-01-09T02:00:00+0100;0;0;0;3096;2324;-772
2017-01-09T03:00:00+0100;0;0;0;3350;2677;-673
2017-01-09T04:00:00+0100;0;0;0;3675;3138;-537
2017-01-09T05:00:00+0100;0;0;0;4092;3484;-608
2017-01-09T06:00:00+0100;0;0;0;4597;3815;-782
2017-01-09T07:00:00+0100;0;0;0;5093;4496;-597
2017-01-09T08:00:00+0100;89;35;-54;5712;5285;-427
2017-01-09T09:00:00+0100;544;322;-222;6367;5674;-693
2017-01-09T10:00:00+0100;1191;819;-372;6883;5692;-1191
2017-01-09T11:00:00+0100;1681;1346;-335;7196;5730;-1466
2017-01-09T12:00:00+0100;1848;1640;-208;7486;5868;-1618
2017-01-09T13:00:00+0100;1662;1491;-171;7911;6206;-1705
2017-01-09T14:00:00+0100;1171;1022;-149;8598;6544;-2054
2017-01-09T15:00:00+0100;514;357;-157;9375;7264;-2111
2017-01-09T16:00:00+0100;65;38;-27;10402;8940;-1462
2017-01-09T17:00:00+0100;0;0;0;11717;10577;-1140
2017-01-09T18:00:00+0100;0;0;0;13102;11904;-1198
2017-01-09T19:00:00+0100;0;0;0;14256;13056;-1200
2017-01-09T20:00:00+0100;0;0;0;15147;14132;-1015
2017-01-09T21:00:00+0100;0;0;0;15968;14912;-1056
2017-01-09T22:00:00+0100;0;0;0;16571;15129;-1442
2017-01-09T23:00:00+0100;0;0;0;16923;15713;-1210
2017-01-10T00:00:00+0100;0;0;0;17720;16254;-1466
2017-01-10T01:00:00+0100;0;0;0;18020;16697;-1323
2017-01-10T02:00:00+0100;0;0;0;18135;16900;-1235
2017-01-10T03:00:00+0100;0;0;0;18033;17193;-840
2017-01-10T04:00:00+0100;0;0;0;17431;16838;-593
2017-01-10T05:00:00+0100;0;0;0;16399;16095;-304
2017-01-10T06:00:00+0100;0;0;0;15438;15918;480
2017-01-10T07:00:00+0100;0;0;0;14607;14517;-90
2017-01-10T08:00:00+0100;103;77;-26;13764;12422;-1342
2017-01-10T09:00:00+0100;641;722;81;12888;11518;-1370
2017-01-10T10:00:00+0100;1435;1838;403;11836;10564;-1272
2017-01-10T11:00:00+0100;2053;2573;520;10539;9864;-675
2017-01-10T12:00:00+0100;2263;2798;535;9301;9444;143
2017-01-10T13:00:00+0100;2021;2524;503;8505;8917;412
2017-01-10T14:00:00+0100;1365;1761;396;8389;8183;-206
2017-01-10T15:00:00+0100;541;694;153;8563;7752;-811
2017-01-10T16:00:00+0100;57;57;0;8954;7979;-975
2017-01-10T17:00:00+0100;0;1;1;9494;8780;-714
2017-01-10T18:00:00+0100;0;0;0;9890;9298;-592
2017-01-10T19:00:00+0100;0;0;0;10027;9522;-505
2017-01-10T20:00:00+0100;0;0;0;9991;9928;-63
2017-01-10T21:00:00+0100;0;0;0;9882;10382;500
2017-01-10T22:00:00+0100;0;0;0;9904;10218;314
2017-01-10T23:00:00+0100;0;0;0;10154;10404;250
2017-01-11T00:00:00+0100;0;0;0;10895;11040;145
2017-01-11T01:00:00+0100;0;0;0;11819;11893;74
2017-01-11T02:00:00+0100;0;0;0;13157;13018;-139
2017-01-11T03:00:00+0100;0;0;0;14746;14277;-469
2017-01-11T04:00:00+0100;0;0;0;16618;16040;-578
2017-01-11T05:00:00+0100;0;0;0;18953;18168;-785
2017-01-11T06:00:00+0100;0;0;0;21410;21544;134
2017-01-11T07:00:00+0100;1;0;-1;23981;24248;267
2017-01-11T08:00:00+0100;137;75;-62;26665;26608;-57
2017-01-11T09:00:00+0100;766;558;-208;29106;28345;-761
2017-01-11T10:00:00+0100;1471;1004;-467;31101;30334;-767
2017-01-11T11:00:00+0100;1856;1371;-485;32446;31573;-873
2017-01-11T12:00:00+0100;1808;1507;-301;33324;31707;-1617
2017-01-11T13:00:00+0100;1492;1382;-110;33852;31168;-2684
2017-01-11T14:00:00+0100;998;1004;6;33967;30396;-3571
2017-01-11T15:00:00+0100;411;430;19;33986;30732;-3254
2017-01-11T16:00:00+0100;43;46;3;33800;30638;-3162
2017-01-11T17:00:00+0100;0;2;2;33365;29780;-3585
2017-01-11T18:00:00+0100;0;0;0;32844;30127;-2717
2017-01-11T19:00:00+0100;0;0;0;32490;30444;-2046
2017-01-11T20:00:00+0100;0;0;0;32280;31447;-833
2017-01-11T21:00:00+0100;0;0;0;32307;31714;-593
2017-01-11T22:00:00+0100;0;0;0;32452;30808;-1644
2017-01-11T23:00:00+0100;0;0;0;32587;31043;-1544
2017-01-12T00:00:00+0100;0;0;0;32325;31207;-1118
2017-01-12T01:00:00+0100;0;0;0;32412;30839;-1573
2017-01-12T02:00:00+0100;0;0;0;32365;30415;-1950
2017-01-12T03:00:00+0100;0;0;0;32288;30150;-2138
2017-01-12T04:00:00+0100;0;0;0;32117;29882;-2235
2017-01-12T05:00:00+0100;0;0;0;31809;29579;-2230
2017-01-12T06:00:00+0100;0;0;0;31473;30768;-705
2017-01-12T07:00:00+0100;0;0;0;31128;30285;-843
2017-01-12T08:00:00+0100;113;84;-29;30881;30072;-809
2017-01-12T09:00:00+0100;804;904;100;30686;29740;-946
2017-01-12T10:00:00+0100;1839;2421;582;30626;29631;-995
2017-01-12T11:00:00+0100;2654;3475;821;30611;29776;-835
2017-01-12T12:00:00+0100;2963;4026;1063;30411;29506;-905
2017-01-12T13:00:00+0100;2649;3520;871;29556;28280;-1276
2017-01-12T14:00:00+0100;1818;2327;509;27913;25606;-2307
2017-01-12T15:00:00+0100;703;991;288;25978;23766;-2212
2017-01-12T16:00:00+0100;72;113;41;24183;21204;-2979
2017-01-12T17:00:00+0100;0;4;4;22839;18895;-3944
2017-01-12T18:00:00+0100;0;0;0;21644;16440;-5204
2017-01-12T19:00:00+0100;0;0;0;20440;15244;-5196
2017-01-12T20:00:00+0100;0;0;0;19383;15028;-4355
2017-01-12T21:00:00+0100;0;0;0;18389;14506;-3883
2017-01-12T22:00:00+0100;0;0;0;17705;14236;-3469
2017-01-12T23:00:00+0100;0;0;0;17523;14969;-2554
2017-01-13T00:00:00+0100;0;0;0;13145;15975;2830
2017-01-13T01:00:00+0100;0;0;0;13466;17101;3635
2017-01-13T02:00:00+0100;0;0;0;14542;17798;3256
2017-01-13T03:00:00+0100;0;0;0;15780;18515;2735
2017-01-13T04:00:00+0100;0;0;0;17305;20394;3089
2017-01-13T05:00:00+0100;0;0;0;19208;21590;2382
2017-01-13T06:00:00+0100;0;0;0;20897;22796;1899
2017-01-13T07:00:00+0100;0;0;0;21946;23583;1637
2017-01-13T08:00:00+0100;140;115;-25;22613;24386;1773
2017-01-13T09:00:00+0100;848;820;-28;23685;23648;-37
2017-01-13T10:00:00+0100;1753;1822;69;24678;23659;-1019
2017-01-13T11:00:00+0100;2404;2538;134;25375;23340;-2035
2017-01-13T12:00:00+0100;2668;2935;267;25906;22399;-3507
2017-01-13T13:00:00+0100;2453;2800;347;25712;22434;-3278
2017-01-13T14:00:00+0100;1776;2148;372;24938;22240;-2698
2017-01-13T15:00:00+0100;804;998;194;23972;21631;-2341
2017-01-13T16:00:00+0100;98;132;34;23175;21989;-1186
2017-01-13T17:00:00+0100;0;3;3;22969;22198;-771
2017-01-13T18:00:00+0100;0;0;0;23203;22674;-529
2017-01-13T19:00:00+0100;0;0;0;23326;21980;-1346
2017-01-13T20:00:00+0100;0;0;0;23265;21570;-1695
2017-01-13T21:00:00+0100;0;0;0;23330;20766;-2564
2017-01-13T22:00:00+0100;0;0;0;23521;20273;-3248
2017-01-13T23:00:00+0100;0;0;0;23389;20306;-3083
2017-01-14T00:00:00+0100;0;0;0;17283;21348;4065
2017-01-14T01:00:00+0100;0;0;0;17772;22732;4960
2017-01-14T02:00:00+0100;0;0;0;18109;23232;5123
2017-01-14T03:00:00+0100;0;0;0;18492;23108;4616
2017-01-14T04:00:00+0100;0;0;0;18942;22600;3658
2017-01-14T05:00:00+0100;0;0;0;19313;22154;2841
2017-01-14T06:00:00+0100;0;0;0;19934;22776;2842
2017-01-14T07:00:00+0100;0;0;0;20074;21898;1824
2017-01-14T08:00:00+0100;127;80;-47;19671;20533;862
2017-01-14T09:00:00+0100;893;787;-106;19325;19071;-254
2017-01-14T10:00:00+0100;1955;1800;-155;19185;18406;-779
2017-01-14T11:00:00+0100;2686;2872;186;19372;18538;-834
2017-01-14T12:00:00+0100;2913;3646;733;19790;19176;-614
2017-01-14T13:00:00+0100;2602;3640;1038;20300;19029;-1271
2017-01-14T14:00:00+0100;1848;2630;782;20483;19448;-1035
2017-01-14T15:00:00+0100;849;1169;320;20357;19361;-996
2017-01-14T16:00:00+0100;113;140;27;20248;19838;-410
2017-01-14T17:00:00+0100;0;3;3;20234;20118;-116
2017-01-14T18:00:00+0100;0;0;0;20532;21132;600
2017-01-14T19:00:00+0100;0;0;0;20573;20782;209
2017-01-14T20:00:00+0100;0;0;0;20156;19795;-361
2017-01-14T21:00:00+0100;0;0;0;19601;19300;-301
2017-01-14T22:00:00+0100;0;0;0;18900;18293;-607
2017-01-14T23:00:00+0100;0;0;0;18156;17955;-201
2017-01-15T00:00:00+0100;0;0;0;17893;17914;21
2017-01-15T01:00:00+0100;0;0;0;17380;17607;227
2017-01-15T02:00:00+0100;0;0;0;16863;17247;384
2017-01-15T03:00:00+0100;0;0;0;16283;17024;741
2017-01-15T04:00:00+0100;0;0;0;15476;16416;940
2017-01-15T05:00:00+0100;0;0;0;14436;15918;1482
2017-01-15T06:00:00+0100;0;0;0;13387;14995;1608
2017-01-15T07:00:00+0100;0;0;0;12145;13594;1449
2017-01-15T08:00:00+0100;145;67;-78;10838;12545;1707
2017-01-15T09:00:00+0100;982;570;-412;9646;11354;1708
2017-01-15T10:00:00+0100;2140;1593;-547;8509;10097;1588
2017-01-15T11:00:00+0100;2998;2736;-262;7619;9083;1464
2017-01-15T12:00:00+0100;3408;3394;-14;7002;8506;1504
2017-01-15T13:00:00+0100;3205;3445;240;6465;7633;1168
2017-01-15T14:00:00+0100;2400;2729;329;5930;7102;1172
2017-01-15T15:00:00+0100;1182;1376;194;5468;6265;797
2017-01-15T16:00:00+0100;176;192;16;5251;6038;787
2017-01-15T17:00:00+0100;0;3;3;5215;5786;571
2017-01-15T18:00:00+0100;0;0;0;5176;5623;447
2017-01-15T19:00:00+0100;0;0;0;4975;5489;514
2017-01-15T20:00:00+0100;0;0;0;4681;5072;391
2017-01-15T21:00:00+0100;0;0;0;4398;4535;137
2017-01-15T22:00:00+0100;0;0;0;4217;4240;23
2017-01-15T23:00:00+0100;0;0;0;4104;3897;-207
2017-01-16T00:00:00+0100;0;0;0;3829;3704;-125
2017-01-16T01:00:00+0100;0;0;0;3625;3659;34
2017-01-16T02:00:00+0100;0;0;0;3557;3739;182
2017-01-16T03:00:00+0100;0;0;0;3491;3875;384
2017-01-16T04:00:00+0100;0;0;0;3498;3739;241
2017-01-16T05:00:00+0100;0;0;0;3543;3477;-66
2017-01-16T06:00:00+0100;0;0;0;3585;3270;-315
2017-01-16T07:00:00+0100;0;0;0;3527;3220;-307
2017-01-16T08:00:00+0100;210;63;-147;3327;3082;-245
2017-01-16T09:00:00+0100;1365;656;-709;3033;2802;-231
2017-01-16T10:00:00+0100;2865;1801;-1064;2642;2377;-265
2017-01-16T11:00:00+0100;3917;2950;-967;2260;1963;-297
2017-01-16T12:00:00+0100;4301;3749;-552;2026;1568;-458
2017-01-16T13:00:00+0100;3998;3842;-156;1996;1530;-466
2017-01-16T14:00:00+0100;2996;2900;-96;2222;1715;-507
2017-01-16T15:00:00+0100;1511;1408;-103;2590;1864;-726
2017-01-16T16:00:00+0100;231;228;-3;3131;2168;-963
2017-01-16T17:00:00+0100;1;3;2;3782;2769;-1013
2017-01-16T18:00:00+0100;0;0;0;4311;3413;-898
2017-01-16T19:00:00+0100;0;0;0;4461;3507;-954
2017-01-16T20:00:00+0100;0;0;0;4197;3301;-896
2017-01-16T21:00:00+0100;0;0;0;3852;3062;-790
2017-01-16T22:00:00+0100;0;0;0;3509;2952;-557
2017-01-16T23:00:00+0100;0;0;0;3221;3070;-151
2017-01-17T00:00:00+0100;0;0;0;3491;3087;-404
2017-01-17T01:00:00+0100;0;0;0;3347;3196;-151
2017-01-17T02:00:00+0100;0;0;0;3236;3174;-62
2017-01-17T03:00:00+0100;0;0;0;3110;2925;-185
2017-01-17T04:00:00+0100;0;0;0;3011;2531;-480
2017-01-17T05:00:00+0100;0;0;0;2855;2494;-361
2017-01-17T06:00:00+0100;0;0;0;2702;2468;-234
2017-01-17T07:00:00+0100;0;0;0;2546;2358;-188
2017-01-17T08:00:00+0100;167;117;-50;2396;2306;-90
2017-01-17T09:00:00+0100;1087;1132;45;2324;2200;-124
2017-01-17T10:00:00+0100;2415;2786;371;2268;1884;-384
2017-01-17T11:00:00+0100;3460;4108;648;2226;1875;-351
2017-01-17T12:00:00+0100;3843;4955;1112;2240;1974;-266
2017-01-17T13:00:00+0100;3509;4626;1117;2304;2119;-185
2017-01-17T14:00:00+0100;2606;3340;734;2403;2464;61
2017-01-17T15:00:00+0100;1338;1589;251;2512;2904;392
2017-01-17T16:00:00+0100;222;253;31;2719;3360;641
2017-01-17T17:00:00+0100;2;3;1;3081;3787;706
2017-01-17T18:00:00+0100;0;0;0;3465;4303;838
2017-01-17T19:00:00+0100;0;0;0;3741;4593;852
2017-01-17T20:00:00+0100;0;0;0;3895;4840;945
2017-01-17T21:00:00+0100;0;0;0;4094;5044;950
2017-01-17T22:00:00+0100;0;0;0;4329;5172;843
2017-01-17T23:00:00+0100;0;0;0;4552;5547;995
2017-01-18T00:00:00+0100;0;0;0;4526;5845;1319
2017-01-18T01:00:00+0100;0;0;0;4694;6076;1382
2017-01-18T02:00:00+0100;0;0;0;4853;6130;1277
2017-01-18T03:00:00+0100;0;0;0;4924;6227;1303
2017-01-18T04:00:00+0100;0;0;0;4991;6296;1305
2017-01-18T05:00:00+0100;0;0;0;5087;6404;1317
2017-01-18T06:00:00+0100;0;0;0;5195;6425;1230
2017-01-18T07:00:00+0100;1;0;-1;5259;6309;1050
2017-01-18T08:00:00+0100;194;155;-39;5268;6482;1214
2017-01-18T09:00:00+0100;1190;1194;4;5254;6318;1064
2017-01-18T10:00:00+0100;2588;2654;66;5189;5969;780
2017-01-18T11:00:00+0100;3701;3883;182;5034;5777;743
2017-01-18T12:00:00+0100;4172;4570;398;4866;5324;458
2017-01-18T13:00:00+0100;3835;4563;728;4785;5274;489
2017-01-18T14:00:00+0100;2878;3534;656;4838;5232;394
2017-01-18T15:00:00+0100;1499;1818;319;4943;5164;221
2017-01-18T16:00:00+0100;280;334;54;5179;5248;69
2017-01-18T17:00:00+0100;2;4;2;5557;5741;184
2017-01-18T18:00:00+0100;0;0;0;5961;6331;370
2017-01-18T19:00:00+0100;0;0;0;6211;6805;594
2017-01-18T20:00:00+0100;0;0;0;6220;6876;656
2017-01-18T21:00:00+0100;0;0;0;6119;7151;1032
2017-01-18T22:00:00+0100;0;0;0;6010;7166;1156
2017-01-18T23:00:00+0100;0;0;0;5964;7226;1262
2017-01-19T00:00:00+0100;0;0;0;6174;6964;790
2017-01-19T01:00:00+0100;0;0;0;6033;6479;446
2017-01-19T02:00:00+0100;0;0;0;5923;6108;185
2017-01-19T03:00:00+0100;0;0;0;5794;5939;145
2017-01-19T04:00:00+0100;0;0;0;5722;6207;485
2017-01-19T05:00:00+0100;0;0;0;5712;6648;936
2017-01-19T06:00:00+0100;0;0;0;5696;6250;554
2017-01-19T07:00:00+0100;1;0;-1;5621;6185;564
2017-01-19T08:00:00+0100;312;304;-8;5492;6001;509
2017-01-19T09:00:00+0100;1677;2034;357;5325;5457;132
2017-01-19T10:00:00+0100;3408;4429;1021;5093;4848;-245
2017-01-19T11:00:00+0100;4658;6435;1777;4789;4085;-704
2017-01-19T12:00:00+0100;5112;7680;2568;4486;3715;-771
2017-01-19T13:00:00+0100;4711;7580;2869;4241;3316;-925
2017-01-19T14:00:00+0100;3578;6015;2437;4131;3070;-1061
2017-01-19T15:00:00+0100;1940;3151;1211;4115;3101;-1014
2017-01-19T16:00:00+0100;390;557;167;4272;3566;-706
2017-01-19T17:00:00+0100;3;6;3;4604;4442;-162
2017-01-19T18:00:00+0100;0;0;0;4922;4997;75
2017-01-19T19:00:00+0100;0;0;0;5075;5124;49
2017-01-19T20:00:00+0100;0;0;0;5059;5240;181
2017-01-19T21:00:00+0100;0;0;0;5041;5132;91
2017-01-19T22:00:00+0100;0;0;0;5023;4896;-127
2017-01-19T23:00:00+0100;0;0;0;4992;4630;-362
2017-01-20T00:00:00+0100;0;0;0;5725;5836;111
2017-01-20T01:00:00+0100;0;0;0;5604;5440;-164
2017-01-20T02:00:00+0100;0;0;0;5509;5336;-173
2017-01-20T03:00:00+0100;0;0;0;5400;5396;-4
2017-01-20T04:00:00+0100;0;0;0;5278;5420;142
2017-01-20T05:00:00+0100;0;0;0;5128;5300;172
2017-01-20T06:00:00+0100;0;0;0;4935;5184;249
2017-01-20T07:00:00+0100;3;0;-3;4758;5189;431
2017-01-20T08:00:00+0100;368;423;55;4552;5098;546
2017-01-20T09:00:00+0100;1922;2476;554;4315;4854;539
2017-01-20T10:00:00+0100;3740;5059;1319;3933;4211;278
2017-01-20T11:00:00+0100;5106;6922;1816;3489;3562;73
2017-01-20T12:00:00+0100;5677;7790;2113;3202;3127;-75
2017-01-20T13:00:00+0100;5263;7460;2197;3045;3094;49
2017-01-20T14:00:00+0100;3979;5805;1826;3062;3246;184
2017-01-20T15:00:00+0100;2125;3116;991;3204;3402;198
2017-01-20T16:00:00+0100;439;576;137;3494;3765;271
2017-01-20T17:00:00+0100;4;6;2;3871;4384;513
2017-01-20T18:00:00+0100;0;0;0;4177;4757;580
2017-01-20T19:00:00+0100;0;0;0;4269;4984;715
2017-01-20T20:00:00+0100;0;0;0;4132;5029;897
2017-01-20T21:00:00+0100;0;0;0;3961;4893;932
2017-01-20T22:00:00+0100;0;0;0;3804;4714;910
2017-01-20T23:00:00+0100;0;0;0;3668;4604;936
2017-01-21T00:00:00+0100;0;0;0;3811;4394;583
2017-01-21T01:00:00+0100;0;0;0;3520;4169;649
2017-01-21T02:00:00+0100;0;0;0;3306;3926;620
2017-01-21T03:00:00+0100;0;0;0;3102;3713;611
2017-01-21T04:00:00+0100;0;0;0;2943;3551;608
2017-01-21T05:00:00+0100;0;0;0;2778;3520;742
2017-01-21T06:00:00+0100;0;0;0;2619;3524;905
2017-01-21T07:00:00+0100;5;0;-5;2530;3482;952
2017-01-21T08:00:00+0100;534;391;-143;2497;3400;903
2017-01-21T09:00:00+0100;2531;2521;-10;2418;3080;662
2017-01-21T10:00:00+0100;4838;5489;651;2111;2624;513
2017-01-21T11:00:00+0100;6509;7915;1406;1641;2008;367
2017-01-21T12:00:00+0100;7204;9137;1933;1269;1473;204
2017-01-21T13:00:00+0100;6765;8866;2101;1065;1136;71
2017-01-21T14:00:00+0100;5151;6894;1743;1093;1055;-38
2017-01-21T15:00:00+0100;2777;3601;824;1229;1247;18
2017-01-21T16:00:00+0100;605;650;45;1562;1715;153
2017-01-21T17:00:00+0100;7;13;6;2135;2736;601
2017-01-21T18:00:00+0100;0;0;0;2738;3889;1151
2017-01-21T19:00:00+0100;0;0;0;3199;4656;1457
2017-01-21T20:00:00+0100;0;0;0;3415;4936;1521
2017-01-21T21:00:00+0100;0;0;0;3563;5104;1541
2017-01-21T22:00:00+0100;0;0;0;3629;4912;1283
2017-01-21T23:00:00+0100;0;0;0;3562;4593;1031
2017-01-22T00:00:00+0100;0;0;0;3871;4444;573
2017-01-22T01:00:00+0100;0;0;0;3541;4298;757
2017-01-22T02:00:00+0100;0;0;0;3346;3994;648
2017-01-22T03:00:00+0100;0;0;0;3184;4013;829
2017-01-22T04:00:00+0100;0;0;0;3160;4008;848
2017-01-22T05:00:00+0100;0;0;0;3143;3817;674
2017-01-22T06:00:00+0100;0;0;0;3100;3766;666
2017-01-22T07:00:00+0100;6;0;-6;3016;3685;669
2017-01-22T08:00:00+0100;590;461;-129;2809;3488;679
2017-01-22T09:00:00+0100;2916;2702;-214;2485;2950;465
2017-01-22T10:00:00+0100;5706;5835;129;1972;2168;196
2017-01-22T11:00:00+0100;7787;8241;454;1387;1334;-53
2017-01-22T12:00:00+0100;8609;9516;907;930;777;-153
2017-01-22T13:00:00+0100;8104;9210;1106;719;548;-171
2017-01-22T14:00:00+0100;6217;7064;847;756;490;-266
2017-01-22T15:00:00+0100;3269;3677;408;921;544;-377
2017-01-22T16:00:00+0100;691;664;-27;1223;767;-456
2017-01-22T17:00:00+0100;11;16;5;1629;1133;-496
2017-01-22T18:00:00+0100;0;0;0;1990;1350;-640
2017-01-22T19:00:00+0100;0;0;0;2200;1388;-812
2017-01-22T20:00:00+0100;0;0;0;2256;1398;-858
2017-01-22T21:00:00+0100;0;0;0;2239;1422;-817
2017-01-22T22:00:00+0100;0;0;0;2211;1302;-909
2017-01-22T23:00:00+0100;0;0;0;2252;1144;-1108
2017-01-23T00:00:00+0100;0;0;0;1920;990;-930
2017-01-23T01:00:00+0100;0;0;0;2059;931;-1128
2017-01-23T02:00:00+0100;0;0;0;2177;1331;-846
2017-01-23T03:00:00+0100;0;0;0;2287;1538;-749
2017-01-23T04:00:00+0100;0;0;0;2401;1560;-841
2017-01-23T05:00:00+0100;0;0;0;2502;1504;-998
2017-01-23T06:00:00+0100;0;0;0;2656;1464;-1192
2017-01-23T07:00:00+0100;8;1;-7;2764;1671;-1093
2017-01-23T08:00:00+0100;545;435;-110;2907;1858;-1049
2017-01-23T09:00:00+0100;2409;2033;-376;3169;1899;-1270
2017-01-23T10:00:00+0100;4513;4004;-509;3326;1932;-1394
2017-01-23T11:00:00+0100;5963;5496;-467;3302;1678;-1624
2017-01-23T12:00:00+0100;6446;6164;-282;3235;1674;-1561
2017-01-23T13:00:00+0100;5973;5762;-211;3270;1696;-1574
2017-01-23T14:00:00+0100;4478;4357;-121;3346;1532;-1814
2017-01-23T15:00:00+0100;2325;2230;-95;3485;1545;-1940
2017-01-23T16:00:00+0100;515;444;-71;3724;1593;-2131
2017-01-23T17:00:00+0100;8;13;5;3997;1728;-2269
2017-01-23T18:00:00+0100;0;0;0;4302;1902;-2400
2017-01-23T19:00:00+0100;0;0;0;4445;2135;-2310
2017-01-23T20:00:00+0100;0;0;0;4410;2097;-2313
2017-01-23T21:00:00+0100;0;0;0;4401;1971;-2430
2017-01-23T22:00:00+0100;0;0;0;4366;1702;-2664
2017-01-23T23:00:00+0100;0;0;0;4329;1490;-2839
2017-01-24T00:00:00+0100;0;0;0;2014;1279;-735
2017-01-24T01:00:00+0100;0;0;0;1821;1086;-735
2017-01-24T02:00:00+0100;0;0;0;1646;945;-701
2017-01-24T03:00:00+0100;0;0;0;1451;975;-476
2017-01-24T04:00:00+0100;0;0;0;1322;912;-410
2017-01-24T05:00:00+0100;0;0;0;1277;898;-379
2017-01-24T06:00:00+0100;0;0;0;1269;858;-411
2017-01-24T07:00:00+0100;4;0;-4;1259;778;-481
2017-01-24T08:00:00+0100;331;157;-174;1251;671;-580
2017-01-24T09:00:00+0100;1453;724;-729;1240;718;-522
2017-01-24T10:00:00+0100;2764;1436;-1328;1180;798;-382
2017-01-24T11:00:00+0100;3767;2002;-1765;1084;953;-131
2017-01-24T12:00:00+0100;4198;2067;-2131;1052;1024;-28
2017-01-24T13:00:00+0100;3948;1834;-2114;1117;1202;85
2017-01-24T14:00:00+0100;3035;1323;-1712;1264;1277;13
2017-01-24T15:00:00+0100;1645;636;-1009;1430;1442;12
2017-01-24T16:00:00+0100;353;113;-240;1607;1547;-60
2017-01-24T17:00:00+0100;9;8;-1;1814;1476;-338
2017-01-24T18:00:00+0100;0;0;0;2032;1526;-506
2017-01-24T19:00:00+0100;0;0;0;2204;1688;-516
2017-01-24T20:00:00+0100;0;0;0;2317;1813;-504
2017-01-24T21:00:00+0100;0;0;0;2468;1929;-539
2017-01-24T22:00:00+0100;0;0;0;2601;2100;-501
2017-01-24T23:00:00+0100;0;0;0;2715;2330;-385
2017-01-25T00:00:00+0100;0;0;0;2688;2429;-259
2017-01-25T01:00:00+0100;0;0;0;2720;2464;-256
2017-01-25T02:00:00+0100;0;0;0;2779;2252;-527
2017-01-25T03:00:00+0100;0;0;0;2774;1954;-820
2017-01-25T04:00:00+0100;0;0;0;2733;1812;-921
2017-01-25T05:00:00+0100;0;0;0;2640;1626;-1014
2017-01-25T06:00:00+0100;0;0;0;2542;1530;-1012
2017-01-25T07:00:00+0100;7;1;-6;2457;1510;-947
2017-01-25T08:00:00+0100;380;174;-206;2410;1692;-718
2017-01-25T09:00:00+0100;1738;942;-796;2434;1971;-463
2017-01-25T10:00:00+0100;3405;1966;-1439;2470;2242;-228
2017-01-25T11:00:00+0100;4680;2908;-1772;2443;2495;52
2017-01-25T12:00:00+0100;5250;3469;-1781;2351;2688;337
2017-01-25T13:00:00+0100;4996;3517;-1479;2278;2741;463
2017-01-25T14:00:00+0100;3882;2837;-1045;2252;2661;409
2017-01-25T15:00:00+0100;2143;1556;-587;2238;2537;299
2017-01-25T16:00:00+0100;509;337;-172;2429;2582;153
2017-01-25T17:00:00+0100;9;13;4;2923;2828;-95
2017-01-25T18:00:00+0100;0;0;0;3548;3171;-377
2017-01-25T19:00:00+0100;0;0;0;4077;3679;-398
2017-01-25T20:00:00+0100;0;0;0;4486;4250;-236
2017-01-25T21:00:00+0100;0;0;0;4843;4866;23
2017-01-25T22:00:00+0100;0;0;0;5188;5243;55
2017-01-25T23:00:00+0100;0;0;0;5523;5824;301
2017-01-26T00:00:00+0100;0;0;0;6438;6154;-284
2017-01-26T01:00:00+0100;0;0;0;6731;6468;-263
2017-01-26T02:00:00+0100;0;0;0;7051;6741;-310
2017-01-26T03:00:00+0100;0;0;0;7346;6966;-380
2017-01-26T04:00:00+0100;0;0;0;7675;7094;-581
2017-01-26T05:00:00+0100;0;0;0;8093;7082;-1011
2017-01-26T06:00:00+0100;0;0;0;8484;7152;-1332
2017-01-26T07:00:00+0100;6;2;-4;8884;7512;-1372
2017-01-26T08:00:00+0100;515;463;-52;9188;7916;-1272
2017-01-26T09:00:00+0100;2344;2854;510;9409;8001;-1408
2017-01-26T10:00:00+0100;4549;6392;1843;9400;7941;-1459
2017-01-26T11:00:00+0100;6346;9568;3222;8870;8436;-434
2017-01-26T12:00:00+0100;7318;11205;3887;8299;9202;903
2017-01-26T13:00:00+0100;7142;10967;3825;8102;9436;1334
2017-01-26T14:00:00+0100;5718;8876;3158;8177;9362;1185
2017-01-26T15:00:00+0100;3242;4990;1748;8917;9186;269
2017-01-26T16:00:00+0100;767;1148;381;10410;9983;-427
2017-01-26T17:00:00+0100;7;22;15;12466;12211;-255
2017-01-26T18:00:00+0100;0;0;0;14348;13694;-654
2017-01-26T19:00:00+0100;0;0;0;15287;14104;-1183
2017-01-26T20:00:00+0100;0;0;0;15282;14035;-1247
2017-01-26T21:00:00+0100;0;0;0;14942;13528;-1414
2017-01-26T22:00:00+0100;0;0;0;14550;12944;-1606
2017-01-26T23:00:00+0100;0;0;0;14297;13082;-1215
2017-01-27T00:00:00+0100;0;0;0;12990;13052;62
2017-01-27T01:00:00+0100;0;0;0;13019;12831;-188
2017-01-27T02:00:00+0100;0;0;0;13276;13059;-217
2017-01-27T03:00:00+0100;0;0;0;13540;13584;44
2017-01-27T04:00:00+0100;0;0;0;13720;14277;557
2017-01-27T05:00:00+0100;0;0;0;13941;15187;1246
2017-01-27T06:00:00+0100;0;0;0;14173;15672;1499
2017-01-27T07:00:00+0100;10;3;-7;14229;16000;1771
2017-01-27T08:00:00+0100;836;1106;270;13935;15222;1287
2017-01-27T09:00:00+0100;3531;4775;1244;13073;13977;904
2017-01-27T10:00:00+0100;6339;9120;2781;11435;11712;277
2017-01-27T11:00:00+0100;8350;12169;3819;9334;9381;47
2017-01-27T12:00:00+0100;9196;13292;4096;7437;7904;467
2017-01-27T13:00:00+0100;8677;12349;3672;6303;6932;629
2017-01-27T14:00:00+0100;6785;9464;2679;6082;6458;376
2017-01-27T15:00:00+0100;3852;5212;1360;6569;6402;-167
2017-01-27T16:00:00+0100;936;1111;175;7768;7044;-724
2017-01-27T17:00:00+0100;10;24;14;9300;8114;-1186
2017-01-27T18:00:00+0100;0;0;0;10344;8781;-1563
2017-01-27T19:00:00+0100;0;0;0;10704;8829;-1875
2017-01-27T20:00:00+0100;0;0;0;10526;9139;-1387
2017-01-27T21:00:00+0100;0;0;0;10098;8774;-1324
2017-01-27T22:00:00+0100;0;0;0;9656;8372;-1284
2017-01-27T23:00:00+0100;0;0;0;9324;8281;-1043
2017-01-28T00:00:00+0100;0;0;0;10284;8338;-1946
2017-01-28T01:00:00+0100;0;0;0;10067;7690;-2377
2017-01-28T02:00:00+0100;0;0;0;10035;7684;-2351
2017-01-28T03:00:00+0100;0;0;0;10069;8064;-2005
2017-01-28T04:00:00+0100;0;0;0;10235;8533;-1702
2017-01-28T05:00:00+0100;0;0;0;10569;8978;-1591
2017-01-28T06:00:00+0100;0;0;0;10904;9534;-1370
2017-01-28T07:00:00+0100;12;4;-8;10996;9648;-1348
2017-01-28T08:00:00+0100;1138;905;-233;10793;9329;-1464
2017-01-28T09:00:00+0100;4466;4236;-230;10215;8627;-1588
2017-01-28T10:00:00+0100;7840;8391;551;8776;7092;-1684
2017-01-28T11:00:00+0100;10219;11621;1402;6773;5701;-1072
2017-01-28T12:00:00+0100;11048;12875;1827;5426;4967;-459
2017-01-28T13:00:00+0100;10276;12275;1999;4909;4730;-179
2017-01-28T14:00:00+0100;7895;9407;1512;5071;4806;-265
2017-01-28T15:00:00+0100;4373;5070;697;5762;5141;-621
2017-01-28T16:00:00+0100;1049;1152;103;7113;6228;-885
2017-01-28T17:00:00+0100;11;28;17;8857;8458;-399
2017-01-28T18:00:00+0100;0;0;0;10578;10245;-333
2017-01-28T19:00:00+0100;0;0;0;11787;10858;-929
2017-01-28T20:00:00+0100;0;0;0;12454;11538;-916
2017-01-28T21:00:00+0100;0;0;0;13098;12182;-916
2017-01-28T22:00:00+0100;0;0;0;13703;12616;-1087
2017-01-28T23:00:00+0100;0;0;0;14020;13046;-974
2017-01-29T00:00:00+0100;0;0;0;12806;13132;326
2017-01-29T01:00:00+0100;0;0;0;13122;13424;302
2017-01-29T02:00:00+0100;0;0;0;13264;13890;626
2017-01-29T03:00:00+0100;0;0;0;13412;14306;894
2017-01-29T04:00:00+0100;0;0;0;13633;14021;388
2017-01-29T05:00:00+0100;0;0;0;13875;14363;488
2017-01-29T06:00:00+0100;0;0;0;14167;14139;-28
2017-01-29T07:00:00+0100;13;2;-11;14421;13784;-637
2017-01-29T08:00:00+0100;806;859;53;14499;13732;-767
2017-01-29T09:00:00+0100;2917;3789;872;14343;13642;-701
2017-01-29T10:00:00+0100;5257;7206;1949;13928;13592;-336
2017-01-29T11:00:00+0100;7251;9464;2213;13547;13386;-161
2017-01-29T12:00:00+0100;8139;10321;2182;13296;13370;74
2017-01-29T13:00:00+0100;7864;9576;1712;12953;13022;69
2017-01-29T14:00:00+0100;6196;7401;1205;12460;12552;92
2017-01-29T15:00:00+0100;3449;4173;724;12060;12163;103
2017-01-29T16:00:00+0100;862;1037;175;12004;11868;-136
2017-01-29T17:00:00+0100;11;26;15;12437;11571;-866
2017-01-29T18:00:00+0100;0;0;0;13037;11604;-1433
2017-01-29T19:00:00+0100;0;0;0;13418;11922;-1496
2017-01-29T20:00:00+0100;0;0;0;13359;11576;-1783
2017-01-29T21:00:00+0100;0;0;0;13102;11682;-1420
2017-01-29T22:00:00+0100;0;0;0;12700;10988;-1712
2017-01-29T23:00:00+0100;0;0;0;12116;10362;-1754
2017-01-30T00:00:00+0100;0;0;0;10949;9993;-956
2017-01-30T01:00:00+0100;0;0;0;10486;10057;-429
2017-01-30T02:00:00+0100;0;0;0;10309;10242;-67
2017-01-30T03:00:00+0100;0;0;0;10265;10290;25
2017-01-30T04:00:00+0100;0;0;0;10352;10494;142
2017-01-30T05:00:00+0100;0;0;0;10667;11138;471
2017-01-30T06:00:00+0100;0;0;0;11158;12628;1470
2017-01-30T07:00:00+0100;9;2;-7;11662;13835;2173
2017-01-30T08:00:00+0100;450;570;120;12016;14174;2158
2017-01-30T09:00:00+0100;1478;1856;378;12291;14410;2119
2017-01-30T10:00:00+0100;2467;3149;682;12315;13801;1486
2017-01-30T11:00:00+0100;3040;3685;645;12075;13862;1787
2017-01-30T12:00:00+0100;3002;3355;353;11835;14678;2843
2017-01-30T13:00:00+0100;2538;2675;137;11669;15283;3614
2017-01-30T14:00:00+0100;1782;1973;191;11762;15745;3983
2017-01-30T15:00:00+0100;906;1062;156;12015;16234;4219
2017-01-30T16:00:00+0100;236;240;4;12307;16566;4259
2017-01-30T17:00:00+0100;3;10;7;12539;17172;4633
2017-01-30T18:00:00+0100;0;0;0;12740;17186;4446
2017-01-30T19:00:00+0100;0;0;0;12747;17143;4396
2017-01-30T20:00:00+0100;0;0;0;12464;16601;4137
2017-01-30T21:00:00+0100;0;0;0;12100;15840;3740
2017-01-30T22:00:00+0100;0;0;0;11637;14722;3085
2017-01-30T23:00:00+0100;0;0;0;11036;13605;2569
2017-01-31T00:00:00+0100;0;0;0;13333;12586;-747
2017-01-31T01:00:00+0100;0;0;0;12270;11589;-681
2017-01-31T02:00:00+0100;0;0;0;11324;10843;-481
2017-01-31T03:00:00+0100;0;0;0;10337;10022;-315
2017-01-31T04:00:00+0100;0;0;0;9315;9071;-244
2017-01-31T05:00:00+0100;0;0;0;8283;8410;127
2017-01-31T06:00:00+0100;0;0;0;7370;7979;609
2017-01-31T07:00:00+0100;5;1;-4;6583;7507;924
2017-01-31T08:00:00+0100;222;160;-62;5873;6872;999
2017-01-31T09:00:00+0100;907;666;-241;5233;5940;707
2017-01-31T10:00:00+0100;1705;1366;-339;4651;5290;639
2017-01-31T11:00:00+0100;2341;2036;-305;4124;4474;350
2017-01-31T12:00:00+0100;2627;2388;-239;3635;3628;-7
2017-01-31T13:00:00+0100;2532;2296;-236;3140;3047;-93
2017-01-31T14:00:00+0100;2050;1836;-214;2676;2655;-21
2017-01-31T15:00:00+0100;1209;1035;-174;2342;2566;224
2017-01-31T16:00:00+0100;342;264;-78;2218;2499;281
2017-01-31T17:00:00+0100;7;16;9;2300;2618;318
2017-01-31T18:00:00+0100;0;0;0;2464;2709;245
2017-01-31T19:00:00+0100;0;0;0;2560;2663;103
2017-01-31T20:00:00+0100;0;0;0;2611;2627;16
2017-01-31T21:00:00+0100;0;0;0;2692;2636;-56
2017-01-31T22:00:00+0100;0;0;0;2766;2850;84
2017-01-31T23:00:00+0100;0;0;0;2908;3221;313
2017-02-01T00:00:00+0100;0;0;0;2633;3068;435
2017-02-01T01:00:00+0100;0;0;0;2820;3160;340
2017-02-01T02:00:00+0100;0;0;0;3076;3264;188
2017-02-01T03:00:00+0100;0;0;0;3374;3604;230
2017-02-01T04:00:00+0100;0;0;0;3734;3798;64
2017-02-01T05:00:00+0100;0;0;0;4231;4235;4
2017-02-01T06:00:00+0100;0;0;0;4916;5109;193
2017-02-01T07:00:00+0100;11;2;-9;5788;6040;252
2017-02-01T08:00:00+0100;472;266;-206;6734;7309;575
2017-02-01T09:00:00+0100;2025;1256;-769;7587;8166;579
2017-02-01T10:00:00+0100;3898;2637;-1261;8180;8892;712
2017-02-01T11:00:00+0100;5419;3956;-1463;8462;9112;650
2017-02-01T12:00:00+0100;6084;4805;-1279;8686;9081;395
2017-02-01T13:00:00+0100;5731;4616;-1115;8945;8742;-203
2017-02-01T14:00:00+0100;4539;3676;-863;9393;9065;-328
2017-02-01T15:00:00+0100;2680;2070;-610;9967;9809;-158
2017-02-01T16:00:00+0100;750;507;-243;10866;10970;104
2017-02-01T17:00:00+0100;12;26;14;12223;12494;271
2017-02-01T18:00:00+0100;0;0;0;13587;13696;109
2017-02-01T19:00:00+0100;0;0;0;14361;14638;277
2017-02-01T20:00:00+0100;0;0;0;14348;14778;430
2017-02-01T21:00:00+0100;0;0;0;14053;14818;765
2017-02-01T22:00:00+0100;0;0;0;13585;14113;528
2017-02-01T23:00:00+0100;0;0;0;12984;13638;654
2017-02-02T00:00:00+0100;0;0;0;13493;12765;-728
2017-02-02T01:00:00+0100;0;0;0;12926;12215;-711
2017-02-02T02:00:00+0100;0;0;0;12449;11960;-489
2017-02-02T03:00:00+0100;0;0;0;12089;11425;-664
2017-02-02T04:00:00+0100;0;0;0;11784;11246;-538
2017-02-02T05:00:00+0100;0;0;0;11521;11236;-285
2017-02-02T06:00:00+0100;0;0;0;11229;10991;-238
2017-02-02T07:00:00+0100;19;6;-13;10893;10814;-79
2017-02-02T08:00:00+0100;740;560;-180;10441;10441;0
2017-02-02T09:00:00+0100;2737;2364;-373;9784;9678;-106
2017-02-02T10:00:00+0100;4970;4958;-12;8936;8437;-499
2017-02-02T11:00:00+0100;6817;7616;799;7982;7572;-410
2017-02-02T12:00:00+0100;7714;8858;1144;7231;6536;-695
2017-02-02T13:00:00+0100;7406;8063;657;7016;6200;-816
2017-02-02T14:00:00+0100;6002;5716;-286;7599;6610;-989
2017-02-02T15:00:00+0100;3708;3133;-575;8750;7802;-948
2017-02-02T16:00:00+0100;1136;902;-234;10488;9616;-872
2017-02-02T17:00:00+0100;25;43;18;12433;11981;-452
2017-02-02T18:00:00+0100;0;0;0;14121;13535;-586
2017-02-02T19:00:00+0100;0;0;0;15092;13944;-1148
2017-02-02T20:00:00+0100;0;0;0;15194;13691;-1503
2017-02-02T21:00:00+0100;0;0;0;15030;13267;-1763
2017-02-02T22:00:00+0100;0;0;0;14867;12350;-2517
2017-02-02T23:00:00+0100;0;0;0;14810;11812;-2998
2017-02-03T00:00:00+0100;0;0;0;13315;11032;-2283
2017-02-03T01:00:00+0100;0;0;0;12962;10496;-2466
2017-02-03T02:00:00+0100;0;0;0;12604;10128;-2476
2017-02-03T03:00:00+0100;0;0;0;12232;10015;-2217
2017-02-03T04:00:00+0100;0;0;0;11840;9824;-2016
2017-02-03T05:00:00+0100;0;0;0;11451;9200;-2251
2017-02-03T06:00:00+0100;0;0;0;11051;8469;-2582
2017-02-03T07:00:00+0100;19;10;-9;10559;8308;-2251
2017-02-03T08:00:00+0100;624;456;-168;9942;7879;-2063
2017-02-03T09:00:00+0100;2018;1605;-413;9218;7487;-1731
2017-02-03T10:00:00+0100;3341;2791;-550;8113;6668;-1445
2017-02-03T11:00:00+0100;4205;3785;-420;6739;5379;-1360
2017-02-03T12:00:00+0100;4443;4488;45;5610;4596;-1014
2017-02-03T13:00:00+0100;4097;4548;451;4814;4566;-248
2017-02-03T14:00:00+0100;3209;3494;285;4433;4444;11
2017-02-03T15:00:00+0100;1964;2152;188;4358;4135;-223
2017-02-03T16:00:00+0100;613;844;231;4638;3944;-694
2017-02-03T17:00:00+0100;19;50;31;5369;4408;-961
2017-02-03T18:00:00+0100;0;0;0;6283;5647;-636
2017-02-03T19:00:00+0100;0;0;0;7185;7240;55
2017-02-03T20:00:00+0100;0;0;0;8038;8536;498
2017-02-03T21:00:00+0100;0;0;0;8909;10015;1106
2017-02-03T22:00:00+0100;0;0;0;9661;11293;1632
2017-02-03T23:00:00+0100;0;0;0;10223;12460;2237
2017-02-04T00:00:00+0100;0;0;0;12570;12901;331
2017-02-04T01:00:00+0100;0;0;0;13152;13401;249
2017-02-04T02:00:00+0100;0;0;0;13505;14283;778
2017-02-04T03:00:00+0100;0;0;0;13725;14553;828
2017-02-04T04:00:00+0100;0;0;0;13595;14119;524
2017-02-04T05:00:00+0100;0;0;0;13054;12866;-188
2017-02-04T06:00:00+0100;0;0;0;12360;11191;-1169
2017-02-04T07:00:00+0100;27;18;-9;11582;10189;-1393
2017-02-04T08:00:00+0100;1022;1236;214;10706;10203;-503
2017-02-04T09:00:00+0100;4106;4531;425;9746;9519;-227
2017-02-04T10:00:00+0100;7348;7667;319;8433;8104;-329
2017-02-04T11:00:00+0100;9355;9496;141;6940;6193;-747
2017-02-04T12:00:00+0100;9593;9182;-411;5788;5194;-594
2017-02-04T13:00:00+0100;8402;7788;-614;5108;4363;-745
2017-02-04T14:00:00+0100;6282;5473;-809;5126;4032;-1094
2017-02-04T15:00:00+0100;3684;3009;-675;5595;4020;-1575
2017-02-04T16:00:00+0100;1083;821;-262;6699;4369;-2330
2017-02-04T17:00:00+0100;22;36;14;8483;5291;-3192
2017-02-04T18:00:00+0100;0;0;0;10170;5994;-4176
2017-02-04T19:00:00+0100;0;0;0;11088;7152;-3936
2017-02-04T20:00:00+0100;0;0;0;11168;8309;-2859
2017-02-04T21:00:00+0100;0;0;0;11125;9279;-1846
2017-02-04T22:00:00+0100;0;0;0;11065;9631;-1434
2017-02-04T23:00:00+0100;0;0;0;11075;9833;-1242
2017-02-05T00:00:00+0100;0;0;0;11679;9365;-2314
2017-02-05T01:00:00+0100;0;0;0;11334;8666;-2668
2017-02-05T02:00:00+0100;0;0;0;10819;7798;-3021
2017-02-05T03:00:00+0100;0;0;0;10252;6889;-3363
2017-02-05T04:00:00+0100;0;0;0;9660;6206;-3454
2017-02-05T05:00:00+0100;0;0;0;9111;5433;-3678
2017-02-05T06:00:00+0100;0;0;0;8675;5484;-3191
2017-02-05T07:00:00+0100;46;30;-16;8143;5540;-2603
2017-02-05T08:00:00+0100;1347;1304;-43;7515;5784;-1731
2017-02-05T09:00:00+0100;3817;3940;123;6908;5619;-1289
2017-02-05T10:00:00+0100;6138;6287;149;6155;5319;-836
2017-02-05T11:00:00+0100;7735;7802;67;5323;4746;-577
2017-02-05T12:00:00+0100;8141;8010;-131;4595;4393;-202
2017-02-05T13:00:00+0100;7384;7659;275;3982;3847;-135
2017-02-05T14:00:00+0100;5733;6503;770;3556;3348;-208
2017-02-05T15:00:00+0100;3459;3681;222;3344;2983;-361
2017-02-05T16:00:00+0100;1104;964;-140;3425;2957;-468
2017-02-05T17:00:00+0100;30;36;6;3736;3621;-115
2017-02-05T18:00:00+0100;0;0;0;4150;4023;-127
2017-02-05T19:00:00+0100;0;0;0;4477;4092;-385
2017-02-05T20:00:00+0100;0;0;0;4551;4244;-307
2017-02-05T21:00:00+0100;0;0;0;4551;4291;-260
2017-02-05T22:00:00+0100;0;0;0;4498;4349;-149
2017-02-05T23:00:00+0100;0;0;0;4413;4366;-47
2017-02-06T00:00:00+0100;0;0;0;4412;4334;-78
2017-02-06T01:00:00+0100;0;0;0;4586;4508;-78
2017-02-06T02:00:00+0100;0;0;0;4959;4876;-83
2017-02-06T03:00:00+0100;0;0;0;5295;5628;333
2017-02-06T04:00:00+0100;0;0;0;5579;6365;786
2017-02-06T05:00:00+0100;0;0;0;5789;6192;403
2017-02-06T06:00:00+0100;0;0;0;5936;6202;266
2017-02-06T07:00:00+0100;23;11;-12;5904;6252;348
2017-02-06T08:00:00+0100;582;542;-40;5705;6062;357
2017-02-06T09:00:00+0100;1952;1791;-161;5496;5576;80
2017-02-06T10:00:00+0100;3414;3181;-233;5303;5518;215
2017-02-06T11:00:00+0100;4511;4443;-68;5213;5752;539
2017-02-06T12:00:00+0100;4847;5155;308;5212;6093;881
2017-02-06T13:00:00+0100;4498;5307;809;5329;6337;1008
2017-02-06T14:00:00+0100;3532;4470;938;5555;6073;518
2017-02-06T15:00:00+0100;2152;2715;563;5868;6244;376
2017-02-06T16:00:00+0100;719;900;181;6317;6458;141
2017-02-06T17:00:00+0100;37;61;24;6938;6715;-223
2017-02-06T18:00:00+0100;1;0;-1;7581;6748;-833
2017-02-06T19:00:00+0100;0;0;0;7960;6545;-1415
2017-02-06T20:00:00+0100;0;0;0;8036;6712;-1324
2017-02-06T21:00:00+0100;0;0;0;8051;7431;-620
2017-02-06T22:00:00+0100;0;0;0;8022;7646;-376
2017-02-06T23:00:00+0100;0;0;0;8072;8015;-57
2017-02-07T00:00:00+0100;0;0;0;8156;8171;15
2017-02-07T01:00:00+0100;0;0;0;8372;8337;-35
2017-02-07T02:00:00+0100;0;0;0;8718;8554;-164
2017-02-07T03:00:00+0100;0;0;0;9051;8280;-771
2017-02-07T04:00:00+0100;0;0;0;9407;8844;-563
2017-02-07T05:00:00+0100;0;0;0;9755;9646;-109
2017-02-07T06:00:00+0100;0;0;0;10058;10060;2
2017-02-07T07:00:00+0100;33;16;-17;10260;10586;326
2017-02-07T08:00:00+0100;762;558;-204;10342;10940;598
2017-02-07T09:00:00+0100;2472;1974;-498;10418;11138;720
2017-02-07T10:00:00+0100;4231;3608;-623;10510;11077;567
2017-02-07T11:00:00+0100;5409;5085;-324;10630;11567;937
2017-02-07T12:00:00+0100;5667;5776;109;10718;11465;747
2017-02-07T13:00:00+0100;5125;5358;233;10810;11247;437
2017-02-07T14:00:00+0100;3947;4062;115;11004;11264;260
2017-02-07T15:00:00+0100;2373;2190;-183;11282;11498;216
2017-02-07T16:00:00+0100;774;608;-166;11653;11467;-186
2017-02-07T17:00:00+0100;31;36;5;12133;11673;-460
2017-02-07T18:00:00+0100;0;0;0;12636;12094;-542
2017-02-07T19:00:00+0100;0;0;0;12894;12482;-412
2017-02-07T20:00:00+0100;0;0;0;12789;12932;143
2017-02-07T21:00:00+0100;0;0;0;12565;12874;309
2017-02-07T22:00:00+0100;0;0;0;12252;12400;148
2017-02-07T23:00:00+0100;0;0;0;11916;12034;118
2017-02-08T00:00:00+0100;0;0;0;11931;12054;123
2017-02-08T01:00:00+0100;0;0;0;11683;12288;605
2017-02-08T02:00:00+0100;0;0;0;11637;12108;471
2017-02-08T03:00:00+0100;0;0;0;11570;12064;494
2017-02-08T04:00:00+0100;0;0;0;11463;11960;497
2017-02-08T05:00:00+0100;0;0;0;11218;12003;785
2017-02-08T06:00:00+0100;0;0;0;10893;12300;1407
2017-02-08T07:00:00+0100;37;14;-23;10508;12420;1912
2017-02-08T08:00:00+0100;753;481;-272;10047;11723;1676
2017-02-08T09:00:00+0100;2824;1672;-1152;9552;10802;1250
2017-02-08T10:00:00+0100;5192;3222;-1970;8867;9685;818
2017-02-08T11:00:00+0100;7003;4787;-2216;8042;8924;882
2017-02-08T12:00:00+0100;7814;5867;-1947;7297;7981;684
2017-02-08T13:00:00+0100;7454;5994;-1460;6800;7561;761
2017-02-08T14:00:00+0100;6026;4926;-1100;6735;7307;572
2017-02-08T15:00:00+0100;3785;2969;-816;6863;7308;445
2017-02-08T16:00:00+0100;1355;1002;-353;7186;7468;282
2017-02-08T17:00:00+0100;61;62;1;7659;7678;19
2017-02-08T18:00:00+0100;0;0;0;8082;7989;-93
2017-02-08T19:00:00+0100;0;0;0;8091;7710;-381
2017-02-08T20:00:00+0100;0;0;0;7533;7207;-326
2017-02-08T21:00:00+0100;0;0;0;6847;6851;4
2017-02-08T22:00:00+0100;0;0;0;6195;6493;298
2017-02-08T23:00:00+0100;0;0;0;5703;6099;396
2017-02-09T00:00:00+0100;0;0;0;5236;5754;518
2017-02-09T01:00:00+0100;0;0;0;4954;5679;725
2017-02-09T02:00:00+0100;0;0;0;4907;5884;977
2017-02-09T03:00:00+0100;0;0;0;4873;6140;1267
2017-02-09T04:00:00+0100;0;0;0;4924;6157;1233
2017-02-09T05:00:00+0100;0;0;0;5038;6248;1210
2017-02-09T06:00:00+0100;0;0;0;5158;6064;906
2017-02-09T07:00:00+0100;67;34;-33;5239;6220;981
2017-02-09T08:00:00+0100;1402;1077;-325;5182;6332;1150
2017-02-09T09:00:00+0100;4313;3440;-873;5080;6162;1082
2017-02-09T10:00:00+0100;7057;5824;-1233;4947;6224;1277
2017-02-09T11:00:00+0100;8734;7378;-1356;4853;6286;1433
2017-02-09T12:00:00+0100;9207;8211;-996;4843;6494;1651
2017-02-09T13:00:00+0100;8531;8173;-358;5137;7296;2159
2017-02-09T14:00:00+0100;6797;6463;-334;5869;8153;2284
2017-02-09T15:00:00+0100;4257;3566;-691;6817;9321;2504
2017-02-09T16:00:00+0100;1583;1048;-535;7939;10298;2359
2017-02-09T17:00:00+0100;84;64;-20;9195;10738;1543
2017-02-09T18:00:00+0100;0;0;0;10363;11574;1211
2017-02-09T19:00:00+0100;0;0;0;11025;12412;1387
2017-02-09T20:00:00+0100;0;0;0;11055;13065;2010
2017-02-09T21:00:00+0100;0;0;0;10796;13260;2464
2017-02-09T22:00:00+0100;0;0;0;10400;12771;2371
2017-02-09T23:00:00+0100;0;0;0;10072;12620;2548
2017-02-10T00:00:00+0100;0;0;0;10994;12140;1146
2017-02-10T01:00:00+0100;0;0;0;10909;11920;1011
2017-02-10T02:00:00+0100;0;0;0;11237;12302;1065
2017-02-10T03:00:00+0100;0;0;0;11573;12479;906
2017-02-10T04:00:00+0100;0;0;0;12015;12564;549
2017-02-10T05:00:00+0100;0;0;0;12519;12843;324
2017-02-10T06:00:00+0100;0;0;0;12938;13134;196
2017-02-10T07:00:00+0100;82;48;-34;13010;12904;-106
2017-02-10T08:00:00+0100;1170;774;-396;12700;12379;-321
2017-02-10T09:00:00+0100;3514;2380;-1134;12341;12137;-204
2017-02-10T10:00:00+0100;5962;4039;-1923;11944;11742;-202
2017-02-10T11:00:00+0100;7741;5466;-2275;11654;10931;-723
2017-02-10T12:00:00+0100;8310;6184;-2126;11493;10793;-700
2017-02-10T13:00:00+0100;7780;6023;-1757;11637;10761;-876
2017-02-10T14:00:00+0100;6236;5010;-1226;12217;10912;-1305
2017-02-10T15:00:00+0100;3936;3006;-930;12907;11470;-1437
2017-02-10T16:00:00+0100;1468;910;-558;13708;11778;-1930
2017-02-10T17:00:00+0100;78;60;-18;14619;12561;-2058
2017-02-10T18:00:00+0100;0;0;0;15453;13043;-2410
2017-02-10T19:00:00+0100;0;0;0;15638;13483;-2155
2017-02-10T20:00:00+0100;0;0;0;14962;13077;-1885
2017-02-10T21:00:00+0100;0;0;0;14071;12185;-1886
2017-02-10T22:00:00+0100;0;0;0;13281;11998;-1283
2017-02-10T23:00:00+0100;0;0;0;12729;11816;-913
2017-02-11T00:00:00+0100;0;0;0;11906;11745;-161
2017-02-11T01:00:00+0100;0;0;0;11862;11846;-16
2017-02-11T02:00:00+0100;0;0;0;11981;11707;-274
2017-02-11T03:00:00+0100;0;0;0;12036;11558;-478
2017-02-11T04:00:00+0100;0;0;0;12125;12030;-95
2017-02-11T05:00:00+0100;0;0;0;12201;12174;-27
2017-02-11T06:00:00+0100;0;0;0;12234;12251;17
2017-02-11T07:00:00+0100;89;49;-40;12073;12396;323
2017-02-11T08:00:00+0100;1460;1276;-184;11685;12718;1033
2017-02-11T09:00:00+0100;3969;3929;-40;11267;12872;1605
2017-02-11T10:00:00+0100;6415;6889;474;10986;12874;1888
2017-02-11T11:00:00+0100;8290;9086;796;10934;12623;1689
2017-02-11T12:00:00+0100;9141;10200;1059;10993;12314;1321
2017-02-11T13:00:00+0100;8704;9898;1194;11278;12590;1312
2017-02-11T14:00:00+0100;7007;8218;1211;11918;13089;1171
2017-02-11T15:00:00+0100;4430;5080;650;12692;13912;1220
2017-02-11T16:00:00+0100;1706;1687;-19;13770;14791;1021
2017-02-11T17:00:00+0100;103;81;-22;15069;15667;598
2017-02-11T18:00:00+0100;0;0;0;16190;16667;477
2017-02-11T19:00:00+0100;0;0;0;16628;16835;207
2017-02-11T20:00:00+0100;0;0;0;16235;16503;268
2017-02-11T21:00:00+0100;0;0;0;15618;16445;827
2017-02-11T22:00:00+0100;0;0;0;15023;15517;494
2017-02-11T23:00:00+0100;0;0;0;14536;15068;532
2017-02-12T00:00:00+0100;0;0;0;15308;15204;-104
2017-02-12T01:00:00+0100;0;0;0;15241;15608;367
2017-02-12T02:00:00+0100;0;0;0;15392;15586;194
2017-02-12T03:00:00+0100;0;0;0;15445;15523;78
2017-02-12T04:00:00+0100;0;0;0;15505;15261;-244
2017-02-12T05:00:00+0100;0;0;0;15591;14712;-879
2017-02-12T06:00:00+0100;0;0;0;15614;14569;-1045
2017-02-12T07:00:00+0100;87;31;-56;15397;14348;-1049
2017-02-12T08:00:00+0100;1180;687;-493;14854;14112;-742
2017-02-12T09:00:00+0100;3670;2198;-1472;14288;13882;-406
2017-02-12T10:00:00+0100;6417;3967;-2450;13683;13434;-249
2017-02-12T11:00:00+0100;8682;5654;-3028;13090;13062;-28
2017-02-12T12:00:00+0100;9881;6672;-3209;12669;12839;170
2017-02-12T13:00:00+0100;9751;6898;-2853;12567;12964;397
2017-02-12T14:00:00+0100;8243;6024;-2219;12977;13270;293
2017-02-12T15:00:00+0100;5477;3940;-1537;13606;14040;434
2017-02-12T16:00:00+0100;2217;1465;-752;14655;14365;-290
2017-02-12T17:00:00+0100;147;131;-16;16149;15025;-1124
2017-02-12T18:00:00+0100;0;0;0;17452;15870;-1582
2017-02-12T19:00:00+0100;0;0;0;17808;16247;-1561
2017-02-12T20:00:00+0100;0;0;0;16911;16145;-766
2017-02-12T21:00:00+0100;0;0;0;15773;15960;187
2017-02-12T22:00:00+0100;0;0;0;14726;15073;347
2017-02-12T23:00:00+0100;0;0;0;14007;14440;433
2017-02-13T00:00:00+0100;0;0;0;13746;13936;190
2017-02-13T01:00:00+0100;0;0;0;13300;13608;308
2017-02-13T02:00:00+0100;0;0;0;13141;13623;482
2017-02-13T03:00:00+0100;0;0;0;13040;13944;904
2017-02-13T04:00:00+0100;0;0;0;13078;14168;1090
2017-02-13T05:00:00+0100;0;0;0;13213;14222;1009
2017-02-13T06:00:00+0100;0;0;0;13263;14292;1029
2017-02-13T07:00:00+0100;132;96;-36;13042;14393;1351
2017-02-13T08:00:00+0100;2021;1886;-135;12488;14218;1730
2017-02-13T09:00:00+0100;5624;5670;46;11862;13057;1195
2017-02-13T10:00:00+0100;9508;10232;724;11335;12166;831
2017-02-13T11:00:00+0100;12679;13882;1203;11081;11606;525
2017-02-13T12:00:00+0100;14430;15764;1334;10948;11002;54
2017-02-13T13:00:00+0100;14373;15820;1447;10965;10890;-75
2017-02-13T14:00:00+0100;12302;13440;1138;11325;10955;-370
2017-02-13T15:00:00+0100;8283;9052;769;11868;11155;-713
2017-02-13T16:00:00+0100;3470;3494;24;12927;12318;-609
2017-02-13T17:00:00+0100;237;246;9;14695;15682;987
2017-02-13T18:00:00+0100;0;0;0;16458;18176;1718
2017-02-13T19:00:00+0100;0;0;0;17168;18605;1437
2017-02-13T20:00:00+0100;0;0;0;16610;17772;1162
2017-02-13T21:00:00+0100;0;0;0;15707;17250;1543
2017-02-13T22:00:00+0100;0;0;0;14728;15987;1259
2017-02-13T23:00:00+0100;0;0;0;13722;14765;1043
2017-02-14T00:00:00+0100;0;0;0;13147;14332;1185
2017-02-14T01:00:00+0100;0;0;0;12474;13296;822
2017-02-14T02:00:00+0100;0;0;0;11991;12374;383
2017-02-14T03:00:00+0100;0;0;0;11555;12030;475
2017-02-14T04:00:00+0100;0;0;0;11340;11858;518
2017-02-14T05:00:00+0100;0;0;0;11347;11807;460
2017-02-14T06:00:00+0100;0;0;0;11307;11867;560
2017-02-14T07:00:00+0100;284;197;-87;10950;11859;909
2017-02-14T08:00:00+0100;3460;3062;-398;10111;11042;931
2017-02-14T09:00:00+0100;8681;8282;-399;9033;9108;75
2017-02-14T10:00:00+0100;13323;13672;349;7889;7272;-617
2017-02-14T11:00:00+0100;16402;17406;1004;6883;6214;-669
2017-02-14T12:00:00+0100;17495;19114;1619;6042;5138;-904
2017-02-14T13:00:00+0100;16656;18356;1700;5559;4835;-724
2017-02-14T14:00:00+0100;13904;15462;1558;5555;4744;-811
2017-02-14T15:00:00+0100;9456;10362;906;5926;4678;-1248
2017-02-14T16:00:00+0100;4122;4061;-61;6864;4868;-1996
2017-02-14T17:00:00+0100;312;314;2;8472;6152;-2320
2017-02-14T18:00:00+0100;0;0;0;10005;7844;-2161
2017-02-14T19:00:00+0100;0;0;0;10501;9095;-1406
2017-02-14T20:00:00+0100;0;0;0;9823;9246;-577
2017-02-14T21:00:00+0100;0;0;0;8939;8800;-139
2017-02-14T22:00:00+0100;0;0;0;7952;7902;-50
2017-02-14T23:00:00+0100;0;0;0;6963;6837;-126
2017-02-15T00:00:00+0100;0;0;0;5749;6223;474
2017-02-15T01:00:00+0100;0;0;0;4993;5354;361
2017-02-15T02:00:00+0100;0;0;0;4374;4715;341
2017-02-15T03:00:00+0100;0;0;0;3837;4079;242
2017-02-15T04:00:00+0100;0;0;0;3523;3500;-23
2017-02-15T05:00:00+0100;0;0;0;3434;3083;-351
2017-02-15T06:00:00+0100;0;0;0;3378;2923;-455
2017-02-15T07:00:00+0100;283;216;-67;3178;3048;-130
2017-02-15T08:00:00+0100;3455;3441;-14;2816;2999;183
2017-02-15T09:00:00+0100;8609;9482;873;2406;2564;158
2017-02-15T10:00:00+0100;13306;15047;1741;1871;1732;-139
2017-02-15T11:00:00+0100;16470;18361;1891;1348;1137;-211
2017-02-15T12:00:00+0100;17615;19457;1842;978;822;-156
2017-02-15T13:00:00+0100;16755;18388;1633;824;857;33
2017-02-15T14:00:00+0100;13896;15227;1331;875;834;-41
2017-02-15T15:00:00+0100;9400;10070;670;1065;1035;-30
2017-02-15T16:00:00+0100;4094;3894;-200;1589;1544;-45
2017-02-15T17:00:00+0100;343;322;-21;2630;2590;-40
2017-02-15T18:00:00+0100;0;0;0;3950;4090;140
2017-02-15T19:00:00+0100;0;0;0;5269;5536;267
2017-02-15T20:00:00+0100;0;0;0;6359;6962;603
2017-02-15T21:00:00+0100;0;0;0;7458;8384;926
2017-02-15T22:00:00+0100;0;0;0;8417;9670;1253
2017-02-15T23:00:00+0100;0;0;0;9100;10483;1383
2017-02-16T00:00:00+0100;0;0;0;11434;10938;-496
2017-02-16T01:00:00+0100;0;0;0;11616;11499;-117
2017-02-16T02:00:00+0100;0;0;0;11856;11973;117
2017-02-16T03:00:00+0100;0;0;0;12013;12348;335
2017-02-16T04:00:00+0100;0;0;0;12071;12253;182
2017-02-16T05:00:00+0100;0;0;0;12056;12303;247
2017-02-16T06:00:00+0100;0;0;0;12035;13048;1013
2017-02-16T07:00:00+0100;271;254;-17;11919;13588;1669
2017-02-16T08:00:00+0100;2935;3322;387;11695;13106;1411
2017-02-16T09:00:00+0100;6866;8278;1412;11434;12530;1096
2017-02-16T10:00:00+0100;10158;12595;2437;11042;10755;-287
2017-02-16T11:00:00+0100;12124;15050;2926;10503;9468;-1035
2017-02-16T12:00:00+0100;12419;15786;3367;10186;9474;-712
2017-02-16T13:00:00+0100;11424;14567;3143;9929;9676;-253
2017-02-16T14:00:00+0100;9328;11592;2264;9713;9900;187
2017-02-16T15:00:00+0100;6209;7699;1490;9609;10054;445
2017-02-16T16:00:00+0100;2666;3051;385;9815;10022;207
2017-02-16T17:00:00+0100;248;234;-14;10453;10413;-40
2017-02-16T18:00:00+0100;0;0;0;11332;11184;-148
2017-02-16T19:00:00+0100;0;0;0;12160;12118;-42
2017-02-16T20:00:00+0100;0;0;0;12802;12966;164
2017-02-16T21:00:00+0100;0;0;0;13400;13098;-302
2017-02-16T22:00:00+0100;0;0;0;13818;13486;-332
2017-02-16T23:00:00+0100;0;0;0;14050;13640;-410
2017-02-17T00:00:00+0100;0;0;0;13477;13502;25
2017-02-17T01:00:00+0100;0;0;0;13640;13671;31
2017-02-17T02:00:00+0100;0;0;0;13910;13819;-91
2017-02-17T03:00:00+0100;0;0;0;14192;14398;206
2017-02-17T04:00:00+0100;0;0;0;14403;13933;-470
2017-02-17T05:00:00+0100;0;0;0;14467;13696;-771
2017-02-17T06:00:00+0100;0;0;0;14449;13265;-1184
2017-02-17T07:00:00+0100;87;69;-18;14197;12728;-1469
2017-02-17T08:00:00+0100;852;967;115;13702;11982;-1720
2017-02-17T09:00:00+0100;2032;2880;848;13308;11165;-2143
2017-02-17T10:00:00+0100;3145;4519;1374;13064;10449;-2615
2017-02-17T11:00:00+0100;3915;5474;1559;12982;10175;-2807
2017-02-17T12:00:00+0100;4181;5405;1224;12915;9974;-2941
2017-02-17T13:00:00+0100;4048;4703;655;12556;9802;-2754
2017-02-17T14:00:00+0100;3561;3710;149;11793;9592;-2201
2017-02-17T15:00:00+0100;2483;2510;27;10946;9546;-1400
2017-02-17T16:00:00+0100;1125;1096;-29;10143;9460;-683
2017-02-17T17:00:00+0100;129;116;-13;9432;9286;-146
2017-02-17T18:00:00+0100;0;0;0;8855;9132;277
2017-02-17T19:00:00+0100;0;0;0;8145;8708;563
2017-02-17T20:00:00+0100;0;0;0;7306;8605;1299
2017-02-17T21:00:00+0100;0;0;0;6578;8724;2146
2017-02-17T22:00:00+0100;0;0;0;5952;8056;2104
2017-02-17T23:00:00+0100;0;0;0;5450;7862;2412
2017-02-18T00:00:00+0100;0;0;0;6302;7260;958
2017-02-18T01:00:00+0100;0;0;0;5957;6596;639
2017-02-18T02:00:00+0100;0;0;0;5798;6195;397
2017-02-18T03:00:00+0100;0;0;0;5582;6106;524
2017-02-18T04:00:00+0100;0;0;0;5217;5909;692
2017-02-18T05:00:00+0100;0;0;0;4699;5404;705
2017-02-18T06:00:00+0100;0;0;0;4195;4745;550
2017-02-18T07:00:00+0100;104;64;-40;3692;4187;495
2017-02-18T08:00:00+0100;1078;738;-340;3283;3776;493
2017-02-18T09:00:00+0100;2792;2064;-728;3043;3616;573
2017-02-18T10:00:00+0100;4694;3838;-856;3023;3792;769
2017-02-18T11:00:00+0100;6135;5588;-547;3436;4354;918
2017-02-18T12:00:00+0100;6799;6360;-439;4053;5087;1034
2017-02-18T13:00:00+0100;6675;6020;-655;4666;5544;878
2017-02-18T14:00:00+0100;5810;4806;-1004;5116;5460;344
2017-02-18T15:00:00+0100;4284;3316;-968;5448;5480;32
2017-02-18T16:00:00+0100;2103;1530;-573;5764;5488;-276
2017-02-18T17:00:00+0100;252;192;-60;6227;5719;-508
2017-02-18T18:00:00+0100;1;0;-1;6854;6424;-430
2017-02-18T19:00:00+0100;0;0;0;7635;7768;133
2017-02-18T20:00:00+0100;0;0;0;8450;9173;723
2017-02-18T21:00:00+0100;0;0;0;9258;10504;1246
2017-02-18T22:00:00+0100;0;0;0;9988;11892;1904
2017-02-18T23:00:00+0100;0;0;0;10664;12986;2322
2017-02-19T00:00:00+0100;0;0;0;12298;13958;1660
2017-02-19T01:00:00+0100;0;0;0;13079;14584;1505
2017-02-19T02:00:00+0100;0;0;0;13872;15469;1597
2017-02-19T03:00:00+0100;0;0;0;14633;16560;1927
2017-02-19T04:00:00+0100;0;0;0;15247;17038;1791
2017-02-19T05:00:00+0100;0;0;0;15673;17234;1561
2017-02-19T06:00:00+0100;1;0;-1;16015;18244;2229
2017-02-19T07:00:00+0100;221;245;24;15991;18641;2650
2017-02-19T08:00:00+0100;2090;2604;514;15453;18110;2657
2017-02-19T09:00:00+0100;5006;6257;1251;14855;16768;1913
2017-02-19T10:00:00+0100;7667;8833;1166;14428;15583;1155
2017-02-19T11:00:00+0100;9338;10168;830;14037;14058;21
2017-02-19T12:00:00+0100;9677;9794;117;13540;13056;-484
2017-02-19T13:00:00+0100;8882;8661;-221;13013;12617;-396
2017-02-19T14:00:00+0100;7110;6332;-778;12562;12492;-70
2017-02-19T15:00:00+0100;4650;3754;-896;12252;12734;482
2017-02-19T16:00:00+0100;2030;1578;-452;12208;12771;563
2017-02-19T17:00:00+0100;241;192;-49;12441;12471;30
2017-02-19T18:00:00+0100;0;2;2;12751;12448;-303
2017-02-19T19:00:00+0100;0;0;0;12997;12531;-466
2017-02-19T20:00:00+0100;0;0;0;13256;12834;-422
2017-02-19T21:00:00+0100;0;0;0;13453;12440;-1013
2017-02-19T22:00:00+0100;0;0;0;13738;12530;-1208
2017-02-19T23:00:00+0100;0;0;0;14344;13201;-1143
2017-02-20T00:00:00+0100;0;0;0;14479;14101;-378
2017-02-20T01:00:00+0100;0;0;0;15302;15141;-161
2017-02-20T02:00:00+0100;0;0;0;16321;16066;-255
2017-02-20T03:00:00+0100;0;0;0;17332;16804;-528
2017-02-20T04:00:00+0100;0;0;0;18510;16956;-1554
2017-02-20T05:00:00+0100;0;0;0;19971;18294;-1677
2017-02-20T06:00:00+0100;0;0;0;21554;20083;-1471
2017-02-20T07:00:00+0100;111;87;-24;22981;21829;-1152
2017-02-20T08:00:00+0100;894;966;72;24249;23448;-801
2017-02-20T09:00:00+0100;2082;2709;627;25492;25095;-397
2017-02-20T10:00:00+0100;3147;4604;1457;26634;27010;376
2017-02-20T11:00:00+0100;3856;6043;2187;27685;29076;1391
2017-02-20T12:00:00+0100;3943;6179;2236;28560;30490;1930
2017-02-20T13:00:00+0100;3511;4988;1477;29240;31368;2128
2017-02-20T14:00:00+0100;2686;3302;616;29669;31846;2177
2017-02-20T15:00:00+0100;1697;2014;317;30088;32439;2351
2017-02-20T16:00:00+0100;712;783;71;30521;32871;2350
2017-02-20T17:00:00+0100;96;91;-5;30933;33285;2352
2017-02-20T18:00:00+0100;0;2;2;31341;33672;2331
2017-02-20T19:00:00+0100;0;0;0;31591;33964;2373
2017-02-20T20:00:00+0100;0;0;0;31603;33866;2263
2017-02-20T21:00:00+0100;0;0;0;31453;32998;1545
2017-02-20T22:00:00+0100;0;0;0;30997;31830;833
2017-02-20T23:00:00+0100;0;0;0;30237;30714;477
2017-02-21T00:00:00+0100;0;0;0;28575;29662;1087
2017-02-21T01:00:00+0100;0;0;0;27726;28559;833
2017-02-21T02:00:00+0100;0;0;0;27056;27471;415
2017-02-21T03:00:00+0100;0;0;0;26373;26747;374
2017-02-21T04:00:00+0100;0;0;0;25799;26271;472
2017-02-21T05:00:00+0100;0;0;0;25384;25799;415
2017-02-21T06:00:00+0100;1;0;-1;25094;26214;1120
2017-02-21T07:00:00+0100;82;55;-27;24925;26034;1109
2017-02-21T08:00:00+0100;702;631;-71;24917;26127;1210
2017-02-21T09:00:00+0100;1750;2018;268;25089;26944;1855
2017-02-21T10:00:00+0100;2870;3532;662;25546;27446;1900
2017-02-21T11:00:00+0100;3842;4854;1012;26180;27764;1584
2017-02-21T12:00:00+0100;4367;6376;2009;26541;27250;709
2017-02-21T13:00:00+0100;4393;6517;2124;26060;26460;400
2017-02-21T14:00:00+0100;3914;5674;1760;24443;25323;880
2017-02-21T15:00:00+0100;2785;3886;1101;22550;23403;853
2017-02-21T16:00:00+0100;1289;1926;637;20678;20930;252
2017-02-21T17:00:00+0100;158;274;116;19272;18836;-436
2017-02-21T18:00:00+0100;0;3;3;18244;18139;-105
2017-02-21T19:00:00+0100;0;0;0;17674;18227;553
2017-02-21T20:00:00+0100;0;0;0;17722;19100;1378
2017-02-21T21:00:00+0100;0;0;0;18096;20200;2104
2017-02-21T22:00:00+0100;0;0;0;19035;21023;1988
2017-02-21T23:00:00+0100;0;0;0;20503;22387;1884
2017-02-22T00:00:00+0100;0;0;0;24376;24268;-108
2017-02-22T01:00:00+0100;0;0;0;26565;26394;-171
2017-02-22T02:00:00+0100;0;0;0;29094;28930;-164
2017-02-22T03:00:00+0100;0;0;0;31649;31704;55
2017-02-22T04:00:00+0100;0;0;0;33482;33588;106
2017-02-22T05:00:00+0100;0;0;0;34575;35349;774
2017-02-22T06:00:00+0100;0;0;0;35400;36981;1581
2017-02-22T07:00:00+0100;94;89;-5;35996;37503;1507
2017-02-22T08:00:00+0100;628;876;248;36175;37087;912
2017-02-22T09:00:00+0100;1449;2229;780;36172;37116;944
2017-02-22T10:00:00+0100;2302;3405;1103;36027;37134;1107
2017-02-22T11:00:00+0100;2956;3821;865;35855;37044;1189
2017-02-22T12:00:00+0100;3289;4040;751;35716;36966;1250
2017-02-22T13:00:00+0100;3299;3950;651;35494;36496;1002
2017-02-22T14:00:00+0100;2999;3279;280;35005;35744;739
2017-02-22T15:00:00+0100;2215;2290;75;34479;35404;925
2017-02-22T16:00:00+0100;1081;1135;54;33901;35508;1607
2017-02-22T17:00:00+0100;156;161;5;33360;35255;1895
2017-02-22T18:00:00+0100;0;3;3;32900;34996;2096
2017-02-22T19:00:00+0100;0;0;0;32571;34780;2209
2017-02-22T20:00:00+0100;0;0;0;32436;34260;1824
2017-02-22T21:00:00+0100;0;0;0;32284;33023;739
2017-02-22T22:00:00+0100;0;0;0;31954;32013;59
2017-02-22T23:00:00+0100;0;0;0;31402;31781;379
2017-02-23T00:00:00+0100;0;0;0;33961;31222;-2739
2017-02-23T01:00:00+0100;0;0;0;33251;30408;-2843
2017-02-23T02:00:00+0100;0;0;0;31897;29069;-2828
2017-02-23T03:00:00+0100;0;0;0;30142;27152;-2990
2017-02-23T04:00:00+0100;0;0;0;27620;24663;-2957
2017-02-23T05:00:00+0100;0;0;0;24252;23451;-801
2017-02-23T06:00:00+0100;0;0;0;20862;22237;1375
2017-02-23T07:00:00+0100;233;213;-20;17802;20624;2822
2017-02-23T08:00:00+0100;1718;1838;120;15979;19605;3626
2017-02-23T09:00:00+0100;3929;4656;727;15077;19785;4708
2017-02-23T10:00:00+0100;6139;6718;579;14966;21376;6410
2017-02-23T11:00:00+0100;7725;7930;205;16458;23483;7025
2017-02-23T12:00:00+0100;8382;8223;-159;18920;26362;7442
2017-02-23T13:00:00+0100;8061;7505;-556;21227;28955;7728
2017-02-23T14:00:00+0100;6859;6215;-644;23273;30929;7656
2017-02-23T15:00:00+0100;4885;4701;-184;25379;32368;6989
2017-02-23T16:00:00+0100;2442;2318;-124;27004;33792;6788
2017-02-23T17:00:00+0100;400;400;0;27981;35235;7254
2017-02-23T18:00:00+0100;1;4;3;28872;35822;6950
2017-02-23T19:00:00+0100;0;0;0;29195;36294;7099
2017-02-23T20:00:00+0100;0;0;0;29078;36823;7745
2017-02-23T21:00:00+0100;0;0;0;29287;37275;7988
2017-02-23T22:00:00+0100;0;0;0;29356;36846;7490
2017-02-23T23:00:00+0100;0;0;0;29437;36397;6960
2017-02-24T00:00:00+0100;0;0;0;36467;36452;-15
2017-02-24T01:00:00+0100;0;0;0;36295;36655;360
2017-02-24T02:00:00+0100;0;0;0;35797;35752;-45
2017-02-24T03:00:00+0100;0;0;0;35018;35000;-18
2017-02-24T04:00:00+0100;0;0;0;33686;33656;-30
2017-02-24T05:00:00+0100;0;0;0;32043;32615;572
2017-02-24T06:00:00+0100;1;0;-1;30182;31908;1726
2017-02-24T07:00:00+0100;366;238;-128;27685;29887;2202
2017-02-24T08:00:00+0100;2620;1978;-642;24702;25965;1263
2017-02-24T09:00:00+0100;5792;4848;-944;21934;22794;860
2017-02-24T10:00:00+0100;8912;7851;-1061;19866;20790;924
2017-02-24T11:00:00+0100;10988;9802;-1186;18523;20014;1491
2017-02-24T12:00:00+0100;11766;11338;-428;17190;19364;2174
2017-02-24T13:00:00+0100;11396;11501;105;15994;18532;2538
2017-02-24T14:00:00+0100;9842;10554;712;15021;17462;2441
2017-02-24T15:00:00+0100;7107;7760;653;13954;16123;2169
2017-02-24T16:00:00+0100;3595;4017;422;12795;14347;1552
2017-02-24T17:00:00+0100;561;648;87;11862;12273;411
2017-02-24T18:00:00+0100;1;5;4;11490;12688;1198
2017-02-24T19:00:00+0100;0;0;0;11606;14256;2650
2017-02-24T20:00:00+0100;0;0;0;11993;14507;2514
2017-02-24T21:00:00+0100;0;0;0;12388;14530;2142
2017-02-24T22:00:00+0100;0;0;0;12538;14690;2152
2017-02-24T23:00:00+0100;0;0;0;12366;14337;1971
2017-02-25T00:00:00+0100;0;0;0;12568;13964;1396
2017-02-25T01:00:00+0100;0;0;0;12116;13840;1724
2017-02-25T02:00:00+0100;0;0;0;11651;13328;1677
2017-02-25T03:00:00+0100;0;0;0;11125;12525;1400
2017-02-25T04:00:00+0100;0;0;0;10684;12185;1501
2017-02-25T05:00:00+0100;0;0;0;10355;11572;1217
2017-02-25T06:00:00+0100;2;0;-2;10048;11441;1393
2017-02-25T07:00:00+0100;646;600;-46;9656;11586;1930
2017-02-25T08:00:00+0100;3817;4174;357;9334;11551;2217
2017-02-25T09:00:00+0100;7922;9016;1094;9406;11324;1918
2017-02-25T10:00:00+0100;11537;13366;1829;10215;11364;1149
2017-02-25T11:00:00+0100;13914;15972;2058;11736;13003;1267
2017-02-25T12:00:00+0100;14500;15982;1482;13463;15358;1895
2017-02-25T13:00:00+0100;13266;14674;1408;15099;16958;1859
2017-02-25T14:00:00+0100;10719;11645;926;16337;18204;1867
2017-02-25T15:00:00+0100;7425;7821;396;17168;19036;1868
2017-02-25T16:00:00+0100;3637;3744;107;17994;18724;730
2017-02-25T17:00:00+0100;593;581;-12;19061;19117;56
2017-02-25T18:00:00+0100;0;4;4;20566;21164;598
2017-02-25T19:00:00+0100;0;0;0;22042;23268;1226
2017-02-25T20:00:00+0100;0;0;0;23088;24468;1380
2017-02-25T21:00:00+0100;0;0;0;24068;25673;1605
2017-02-25T22:00:00+0100;0;0;0;24766;26012;1246
2017-02-25T23:00:00+0100;0;0;0;25111;26037;926
2017-02-26T00:00:00+0100;0;0;0;26968;26033;-935
2017-02-26T01:00:00+0100;0;0;0;26670;26204;-466
2017-02-26T02:00:00+0100;0;0;0;26243;26186;-57
2017-02-26T03:00:00+0100;0;0;0;25726;25910;184
2017-02-26T04:00:00+0100;0;0;0;25238;25350;112
2017-02-26T05:00:00+0100;0;0;0;24836;24508;-328
2017-02-26T06:00:00+0100;0;0;0;24484;24284;-200
2017-02-26T07:00:00+0100;292;270;-22;24191;23873;-318
2017-02-26T08:00:00+0100;1655;1880;225;23963;24420;457
2017-02-26T09:00:00+0100;3378;3983;605;23795;24337;542
2017-02-26T10:00:00+0100;4878;6381;1503;23583;24288;705
2017-02-26T11:00:00+0100;5960;8716;2756;23309;24138;829
2017-02-26T12:00:00+0100;6545;9908;3363;22945;24553;1608
2017-02-26T13:00:00+0100;6422;9847;3425;22323;23604;1281
2017-02-26T14:00:00+0100;5569;8540;2971;21419;24017;2598
2017-02-26T15:00:00+0100;4084;6107;2023;20564;22522;1958
2017-02-26T16:00:00+0100;2120;3190;1070;20006;20577;571
2017-02-26T17:00:00+0100;397;634;237;20022;19006;-1016
2017-02-26T18:00:00+0100;0;4;4;20359;18836;-1523
2017-02-26T19:00:00+0100;0;0;0;20923;19529;-1394
2017-02-26T20:00:00+0100;0;0;0;21467;20213;-1254
2017-02-26T21:00:00+0100;0;0;0;21847;20638;-1209
2017-02-26T22:00:00+0100;0;0;0;21968;19626;-2342
2017-02-26T23:00:00+0100;0;0;0;21815;19394;-2421
2017-02-27T00:00:00+0100;0;0;0;22040;19128;-2912
2017-02-27T01:00:00+0100;0;0;0;21764;18887;-2877
2017-02-27T02:00:00+0100;0;0;0;21481;19232;-2249
2017-02-27T03:00:00+0100;0;0;0;21032;19042;-1990
2017-02-27T04:00:00+0100;0;0;0;20632;18674;-1958
2017-02-27T05:00:00+0100;0;0;0;20380;18676;-1704
2017-02-27T06:00:00+0100;1;0;-1;20073;19593;-480
2017-02-27T07:00:00+0100;537;550;13;19816;19578;-238
2017-02-27T08:00:00+0100;3015;3026;11;19687;19860;173
2017-02-27T09:00:00+0100;6111;6483;372;19700;19660;-40
2017-02-27T10:00:00+0100;8741;9654;913;20412;19750;-662
2017-02-27T11:00:00+0100;10457;12284;1827;21790;21716;-74
2017-02-27T12:00:00+0100;11035;14033;2998;23282;23704;422
2017-02-27T13:00:00+0100;10440;13748;3308;24334;23784;-550
2017-02-27T14:00:00+0100;8880;12219;3339;24301;23557;-744
2017-02-27T15:00:00+0100;6291;9058;2767;24127;24159;32
2017-02-27T16:00:00+0100;3042;4591;1549;24242;24222;-20
2017-02-27T17:00:00+0100;517;739;222;24974;23879;-1095
2017-02-27T18:00:00+0100;0;5;5;26174;24944;-1230
2017-02-27T19:00:00+0100;0;0;0;27618;27906;288
2017-02-27T20:00:00+0100;0;0;0;28793;29175;382
2017-02-27T21:00:00+0100;0;0;0;29670;30014;344
2017-02-27T22:00:00+0100;0;0;0;30204;29549;-655
2017-02-27T23:00:00+0100;0;0;0;30273;29643;-630
2017-02-28T00:00:00+0100;0;0;0;31193;29201;-1992
2017-02-28T01:00:00+0100;0;0;0;30595;28028;-2567
2017-02-28T02:00:00+0100;0;0;0;29699;27440;-2259
2017-02-28T03:00:00+0100;0;0;0;29101;27099;-2002
2017-02-28T04:00:00+0100;0;0;0;28694;27210;-1484
2017-02-28T05:00:00+0100;0;0;0;28481;28665;184
2017-02-28T06:00:00+0100;1;0;-1;28393;30790;2397
2017-02-28T07:00:00+0100;454;266;-188;28250;30239;1989
2017-02-28T08:00:00+0100;2659;1564;-1095;28069;30229;2160
2017-02-28T09:00:00+0100;5779;3630;-2149;27972;30624;2652
2017-02-28T10:00:00+0100;8829;6359;-2470;27559;31574;4015
2017-02-28T11:00:00+0100;10389;8362;-2027;26328;31755;5427
2017-02-28T12:00:00+0100;9728;8822;-906;24652;30290;5638
2017-02-28T13:00:00+0100;8047;7887;-160;22526;27656;5130
2017-02-28T14:00:00+0100;5983;6419;436;20381;24243;3862
2017-02-28T15:00:00+0100;3886;3975;89;18648;21219;2571
2017-02-28T16:00:00+0100;1880;1574;-306;17441;18656;1215
2017-02-28T17:00:00+0100;350;244;-106;17228;17438;210
2017-02-28T18:00:00+0100;1;6;5;17635;17874;239
2017-02-28T19:00:00+0100;0;0;0;18315;17651;-664
2017-02-28T20:00:00+0100;0;0;0;19473;18565;-908
2017-02-28T21:00:00+0100;0;0;0;20887;19960;-927
2017-02-28T22:00:00+0100;0;0;0;21888;20272;-1616
2017-02-28T23:00:00+0100;0;0;0;22367;21614;-753
2017-03-01T00:00:00+0100;0;0;0;19996;23133;3137
2017-03-01T01:00:00+0100;0;0;0;20693;23311;2618
2017-03-01T02:00:00+0100;0;0;0;21116;22889;1773
2017-03-01T03:00:00+0100;0;0;0;21157;21722;565
2017-03-01T04:00:00+0100;0;0;0;20806;20952;146
2017-03-01T05:00:00+0100;0;0;0;20190;20562;372
2017-03-01T06:00:00+0100;3;1;-2;19770;20950;1180
2017-03-01T07:00:00+0100;503;409;-94;19634;20343;709
2017-03-01T08:00:00+0100;2468;2397;-71;19902;19491;-411
2017-03-01T09:00:00+0100;4811;4912;101;20536;20004;-532
2017-03-01T10:00:00+0100;6757;6971;214;21378;21257;-121
2017-03-01T11:00:00+0100;8589;8420;-169;22395;21716;-679
2017-03-01T12:00:00+0100;10097;8852;-1245;23355;22106;-1249
2017-03-01T13:00:00+0100;10083;8159;-1924;23951;22471;-1480
2017-03-01T14:00:00+0100;8653;6982;-1671;23885;22040;-1845
2017-03-01T15:00:00+0100;6148;5094;-1054;23236;21319;-1917
2017-03-01T16:00:00+0100;3111;2460;-651;21859;19363;-2496
2017-03-01T17:00:00+0100;568;503;-65;20037;15742;-4295
2017-03-01T18:00:00+0100;2;12;10;18735;14711;-4024
2017-03-01T19:00:00+0100;0;0;0;18225;14443;-3782
2017-03-01T20:00:00+0100;0;0;0;18378;14526;-3852
2017-03-01T21:00:00+0100;0;0;0;18682;15178;-3504
2017-03-01T22:00:00+0100;0;0;0;19168;15781;-3387
2017-03-01T23:00:00+0100;0;0;0;19947;16180;-3767
2017-03-02T00:00:00+0100;0;0;0;17493;16484;-1009
2017-03-02T01:00:00+0100;0;0;0;18192;16758;-1434
2017-03-02T02:00:00+0100;0;0;0;19303;17646;-1657
2017-03-02T03:00:00+0100;0;0;0;20739;18626;-2113
2017-03-02T04:00:00+0100;0;0;0;22343;19739;-2604
2017-03-02T05:00:00+0100;0;0;0;24490;21166;-3324
2017-03-02T06:00:00+0100;2;1;-1;26595;23329;-3266
2017-03-02T07:00:00+0100;499;492;-7;28393;25980;-2413
2017-03-02T08:00:00+0100;2776;2933;157;30234;28177;-2057
2017-03-02T09:00:00+0100;5716;6718;1002;31911;29877;-2034
2017-03-02T10:00:00+0100;8705;10055;1350;33197;31628;-1569
2017-03-02T11:00:00+0100;11300;12309;1009;33928;32819;-1109
2017-03-02T12:00:00+0100;12480;12936;456;34445;33580;-865
2017-03-02T13:00:00+0100;11993;11949;-44;34470;34714;244
2017-03-02T14:00:00+0100;10459;9859;-600;33921;34892;971
2017-03-02T15:00:00+0100;7815;7257;-558;33020;34402;1382
2017-03-02T16:00:00+0100;4187;3791;-396;31616;32626;1010
2017-03-02T17:00:00+0100;869;846;-23;29899;30352;453
2017-03-02T18:00:00+0100;6;13;7;28262;27818;-444
2017-03-02T19:00:00+0100;0;0;0;26960;26666;-294
2017-03-02T20:00:00+0100;0;0;0;26218;25963;-255
2017-03-02T21:00:00+0100;0;0;0;25577;25393;-184
2017-03-02T22:00:00+0100;0;0;0;24815;24428;-387
2017-03-02T23:00:00+0100;0;0;0;23867;22854;-1013
2017-03-03T00:00:00+0100;0;0;0;21233;21359;126
2017-03-03T01:00:00+0100;0;0;0;19798;19239;-559
2017-03-03T02:00:00+0100;0;0;0;18191;17259;-932
2017-03-03T03:00:00+0100;0;0;0;16786;15915;-871
2017-03-03T04:00:00+0100;0;0;0;15824;15106;-718
2017-03-03T05:00:00+0100;0;0;0;15445;16103;658
2017-03-03T06:00:00+0100;6;4;-2;15289;17804;2515
2017-03-03T07:00:00+0100;1216;1284;68;14845;18240;3395
2017-03-03T08:00:00+0100;5129;5738;609;13725;16994;3269
2017-03-03T09:00:00+0100;9087;10260;1173;12351;13997;1646
2017-03-03T10:00:00+0100;11983;13521;1538;11255;11985;730
2017-03-03T11:00:00+0100;13473;15120;1647;10473;11612;1139
2017-03-03T12:00:00+0100;13333;14907;1574;9720;11750;2030
2017-03-03T13:00:00+0100;11774;13020;1246;8898;11153;2255
2017-03-03T14:00:00+0100;9396;10112;716;8111;9460;1349
2017-03-03T15:00:00+0100;6574;6939;365;7657;8663;1006
2017-03-03T16:00:00+0100;3352;3164;-188;8205;8230;25
2017-03-03T17:00:00+0100;683;584;-99;10131;8664;-1467
2017-03-03T18:00:00+0100;4;10;6;12444;10432;-2012
2017-03-03T19:00:00+0100;0;0;0;14179;11776;-2403
2017-03-03T20:00:00+0100;0;0;0;14932;12844;-2088
2017-03-03T21:00:00+0100;0;0;0;15263;13761;-1502
2017-03-03T22:00:00+0100;0;0;0;15209;14150;-1059
2017-03-03T23:00:00+0100;0;0;0;14849;14454;-395
2017-03-04T00:00:00+0100;0;0;0;13013;14288;1275
2017-03-04T01:00:00+0100;0;0;0;12904;14285;1381
2017-03-04T02:00:00+0100;0;0;0;12809;13766;957
2017-03-04T03:00:00+0100;0;0;0;12740;12844;104
2017-03-04T04:00:00+0100;0;0;0;12755;12821;66
2017-03-04T05:00:00+0100;0;0;0;12833;12738;-95
2017-03-04T06:00:00+0100;9;8;-1;12847;12373;-474
2017-03-04T07:00:00+0100;1542;1532;-10;12439;11973;-466
2017-03-04T08:00:00+0100;6244;5998;-246;11478;11198;-280
2017-03-04T09:00:00+0100;11261;11232;-29;10343;8594;-1749
2017-03-04T10:00:00+0100;15133;14607;-526;9086;6180;-2906
2017-03-04T11:00:00+0100;17094;15456;-1638;7963;5167;-2796
2017-03-04T12:00:00+0100;16948;15705;-1243;7193;4649;-2544
2017-03-04T13:00:00+0100;15044;13890;-1154;6918;4729;-2189
2017-03-04T14:00:00+0100;11882;10514;-1368;7323;4770;-2553
2017-03-04T15:00:00+0100;7929;6929;-1000;8127;5024;-3103
2017-03-04T16:00:00+0100;3909;3337;-572;9439;6308;-3131
2017-03-04T17:00:00+0100;790;730;-60;11583;8726;-2857
2017-03-04T18:00:00+0100;6;11;5;13602;11753;-1849
2017-03-04T19:00:00+0100;0;0;0;14796;13085;-1711
2017-03-04T20:00:00+0100;0;0;0;15763;13003;-2760
2017-03-04T21:00:00+0100;0;0;0;16714;13627;-3087
2017-03-04T22:00:00+0100;0;0;0;17457;13842;-3615
2017-03-04T23:00:00+0100;0;0;0;18357;14844;-3513
2017-03-05T00:00:00+0100;0;0;0;16385;16955;570
2017-03-05T01:00:00+0100;0;0;0;17804;19394;1590
2017-03-05T02:00:00+0100;0;0;0;18829;21624;2795
2017-03-05T03:00:00+0100;0;0;0;19774;20732;958
2017-03-05T04:00:00+0100;0;0;0;20214;20184;-30
2017-03-05T05:00:00+0100;0;0;0;20052;19193;-859
2017-03-05T06:00:00+0100;8;6;-2;20022;18922;-1100
2017-03-05T07:00:00+0100;789;593;-196;20330;19652;-678
2017-03-05T08:00:00+0100;3207;2520;-687;20899;18862;-2037
2017-03-05T09:00:00+0100;6142;5420;-722;21556;18185;-3371
2017-03-05T10:00:00+0100;8976;8489;-487;21903;19028;-2875
2017-03-05T11:00:00+0100;11307;11353;46;21290;19358;-1932
2017-03-05T12:00:00+0100;12632;12430;-202;20187;19409;-778
2017-03-05T13:00:00+0100;12523;11781;-742;18527;17500;-1027
2017-03-05T14:00:00+0100;10774;10290;-484;16319;14735;-1584
2017-03-05T15:00:00+0100;7582;7583;1;14311;12188;-2123
2017-03-05T16:00:00+0100;3816;3840;24;13015;9570;-3445
2017-03-05T17:00:00+0100;790;723;-67;12965;8303;-4662
2017-03-05T18:00:00+0100;6;18;12;13902;9259;-4643
2017-03-05T19:00:00+0100;0;0;0;15076;10656;-4420
2017-03-05T20:00:00+0100;0;0;0;15769;11463;-4306
2017-03-05T21:00:00+0100;0;0;0;15997;12466;-3531
2017-03-05T22:00:00+0100;0;0;0;15633;12256;-3377
2017-03-05T23:00:00+0100;0;0;0;14814;11787;-3027
2017-03-06T00:00:00+0100;0;0;0;11353;11059;-294
2017-03-06T01:00:00+0100;0;0;0;10718;10505;-213
2017-03-06T02:00:00+0100;0;0;0;10352;9874;-478
2017-03-06T03:00:00+0100;0;0;0;10083;9949;-134
2017-03-06T04:00:00+0100;0;0;0;9853;10048;195
2017-03-06T05:00:00+0100;0;0;0;9630;10012;382
2017-03-06T06:00:00+0100;8;10;2;9547;10542;995
2017-03-06T07:00:00+0100;720;673;-47;9633;10443;810
2017-03-06T08:00:00+0100;2720;2572;-148;9782;10359;577
2017-03-06T09:00:00+0100;4857;5155;298;9935;9922;-13
2017-03-06T10:00:00+0100;6674;7026;352;9902;9891;-11
2017-03-06T11:00:00+0100;8127;7532;-595;9540;9774;234
2017-03-06T12:00:00+0100;8896;7672;-1224;9158;9646;488
2017-03-06T13:00:00+0100;8771;7448;-1323;8753;9278;525
2017-03-06T14:00:00+0100;7651;6289;-1362;8401;8893;492
2017-03-06T15:00:00+0100;5639;4557;-1082;8176;9243;1067
2017-03-06T16:00:00+0100;3040;2549;-491;8118;9506;1388
2017-03-06T17:00:00+0100;698;656;-42;8234;10148;1914
2017-03-06T18:00:00+0100;8;18;10;8519;10564;2045
2017-03-06T19:00:00+0100;0;0;0;8772;11362;2590
2017-03-06T20:00:00+0100;0;0;0;8766;11781;3015
2017-03-06T21:00:00+0100;0;0;0;8591;11751;3160
2017-03-06T22:00:00+0100;0;0;0;8315;11106;2791
2017-03-06T23:00:00+0100;0;0;0;7972;10423;2451
2017-03-07T00:00:00+0100;0;0;0;8693;9759;1066
2017-03-07T01:00:00+0100;0;0;0;8468;9292;824
2017-03-07T02:00:00+0100;0;0;0;8419;9153;734
2017-03-07T03:00:00+0100;0;0;0;8215;8576;361
2017-03-07T04:00:00+0100;0;0;0;7936;8165;229
2017-03-07T05:00:00+0100;0;0;0;7504;7714;210
2017-03-07T06:00:00+0100;5;7;2;7016;7197;181
2017-03-07T07:00:00+0100;384;311;-73;6431;6395;-36
2017-03-07T08:00:00+0100;1513;1409;-104;5768;5295;-473
2017-03-07T09:00:00+0100;2928;2866;-62;5120;4198;-922
2017-03-07T10:00:00+0100;4218;4100;-118;4532;3279;-1253
2017-03-07T11:00:00+0100;5251;5182;-69;4039;2730;-1309
2017-03-07T12:00:00+0100;5782;5984;202;3679;2466;-1213
2017-03-07T13:00:00+0100;5732;6582;850;3496;2172;-1324
2017-03-07T14:00:00+0100;5093;6324;1231;3397;2248;-1149
2017-03-07T15:00:00+0100;3958;4950;992;3285;2190;-1095
2017-03-07T16:00:00+0100;2286;2850;564;3001;1892;-1109
2017-03-07T17:00:00+0100;591;774;183;2563;1783;-780
2017-03-07T18:00:00+0100;10;20;10;2174;1414;-760
2017-03-07T19:00:00+0100;0;0;0;1920;1356;-564
2017-03-07T20:00:00+0100;0;0;0;1798;1580;-218
2017-03-07T21:00:00+0100;0;0;0;1780;1887;107
2017-03-07T22:00:00+0100;0;0;0;1885;2224;339
2017-03-07T23:00:00+0100;0;0;0;2112;2744;632
2017-03-08T00:00:00+0100;0;0;0;2411;3013;602
2017-03-08T01:00:00+0100;0;0;0;2698;3438;740
2017-03-08T02:00:00+0100;0;0;0;3214;4121;907
2017-03-08T03:00:00+0100;0;0;0;3804;5172;1368
2017-03-08T04:00:00+0100;0;0;0;4639;6519;1880
2017-03-08T05:00:00+0100;0;0;0;5873;7665;1792
2017-03-08T06:00:00+0100;15;16;1;7293;9412;2119
2017-03-08T07:00:00+0100;886;958;72;8724;11041;2317
2017-03-08T08:00:00+0100;3489;3526;37;10082;12800;2718
2017-03-08T09:00:00+0100;6136;6396;260;11669;14164;2495
2017-03-08T10:00:00+0100;7939;8325;386;13880;15752;1872
2017-03-08T11:00:00+0100;8440;9462;1022;16739;18236;1497
2017-03-08T12:00:00+0100;7712;8708;996;19727;20324;597
2017-03-08T13:00:00+0100;6151;6707;556;21854;22813;959
2017-03-08T14:00:00+0100;4224;4992;768;22491;24263;1772
2017-03-08T15:00:00+0100;2587;3224;637;22816;24001;1185
2017-03-08T16:00:00+0100;1241;1402;161;22767;22985;218
2017-03-08T17:00:00+0100;297;243;-54;22493;22294;-199
2017-03-08T18:00:00+0100;3;1;-2;22469;21456;-1013
2017-03-08T19:00:00+0100;0;0;0;21991;19614;-2377
2017-03-08T20:00:00+0100;0;0;0;21047;18321;-2726
2017-03-08T21:00:00+0100;0;0;0;20169;16692;-3477
2017-03-08T22:00:00+0100;0;0;0;19052;15187;-3865
2017-03-08T23:00:00+0100;0;0;0;17704;14130;-3574
2017-03-09T00:00:00+0100;0;0;0;12502;12236;-266
2017-03-09T01:00:00+0100;0;0;0;11265;10208;-1057
2017-03-09T02:00:00+0100;0;0;0;10452;9090;-1362
2017-03-09T03:00:00+0100;0;0;0;9845;8352;-1493
2017-03-09T04:00:00+0100;0;0;0;9346;7960;-1386
2017-03-09T05:00:00+0100;0;0;0;8788;7397;-1391
2017-03-09T06:00:00+0100;12;10;-2;8220;6793;-1427
2017-03-09T07:00:00+0100;527;636;109;7699;6334;-1365
2017-03-09T08:00:00+0100;1902;2374;472;7336;6383;-953
2017-03-09T09:00:00+0100;3738;4715;977;7181;6452;-729
2017-03-09T10:00:00+0100;5641;6057;416;7445;7143;-302
2017-03-09T11:00:00+0100;7285;6390;-895;8194;8096;-98
2017-03-09T12:00:00+0100;8025;6774;-1251;9061;9163;102
2017-03-09T13:00:00+0100;7759;6884;-875;9967;10502;535
2017-03-09T14:00:00+0100;6476;6026;-450;10963;12770;1807
2017-03-09T15:00:00+0100;4577;4816;239;11969;15945;3976
2017-03-09T16:00:00+0100;2508;2807;299;12885;18118;5233
2017-03-09T17:00:00+0100;649;917;268;13905;20004;6099
2017-03-09T18:00:00+0100;10;20;10;15135;21940;6805
2017-03-09T19:00:00+0100;0;0;0;16466;24498;8032
2017-03-09T20:00:00+0100;0;0;0;17886;26524;8638
2017-03-09T21:00:00+0100;0;0;0;19267;27336;8069
2017-03-09T22:00:00+0100;0;0;0;20058;26691;6633
2017-03-09T23:00:00+0100;0;0;0;20159;25754;5595
2017-03-10T00:00:00+0100;0;0;0;23139;25142;2003
2017-03-10T01:00:00+0100;0;0;0;22439;24283;1844
2017-03-10T02:00:00+0100;0;0;0;21796;23327;1531
2017-03-10T03:00:00+0100;0;0;0;21006;22441;1435
2017-03-10T04:00:00+0100;0;0;0;19934;21304;1370
2017-03-10T05:00:00+0100;0;0;0;18761;19378;617
2017-03-10T06:00:00+0100;21;19;-2;17708;18373;665
2017-03-10T07:00:00+0100;1006;1057;51;17048;16938;-110
2017-03-10T08:00:00+0100;3745;4213;468;16849;15601;-1248
2017-03-10T09:00:00+0100;7033;8058;1025;16837;14821;-2016
2017-03-10T10:00:00+0100;9933;11109;1176;16718;14833;-1885
2017-03-10T11:00:00+0100;12152;13840;1688;16283;14543;-1740
2017-03-10T12:00:00+0100;13588;15813;2225;15626;14194;-1432
2017-03-10T13:00:00+0100;13799;16071;2272;14829;13644;-1185
2017-03-10T14:00:00+0100;12693;14348;1655;13713;12908;-805
2017-03-10T15:00:00+0100;9702;10864;1162;12308;11336;-972
2017-03-10T16:00:00+0100;5559;6312;753;10586;9479;-1107
2017-03-10T17:00:00+0100;1513;1812;299;8655;6518;-2137
2017-03-10T18:00:00+0100;30;30;0;7014;4634;-2380
2017-03-10T19:00:00+0100;0;0;0;5978;4242;-1736
2017-03-10T20:00:00+0100;0;0;0;5479;3939;-1540
2017-03-10T21:00:00+0100;0;0;0;5022;3825;-1197
2017-03-10T22:00:00+0100;0;0;0;4549;3744;-805
2017-03-10T23:00:00+0100;0;0;0;4125;3780;-345
2017-03-11T00:00:00+0100;0;0;0;3440;3844;404
2017-03-11T01:00:00+0100;0;0;0;3332;3812;480
2017-03-11T02:00:00+0100;0;0;0;3245;3935;690
2017-03-11T03:00:00+0100;0;0;0;3180;3767;587
2017-03-11T04:00:00+0100;0;0;0;3119;3826;707
2017-03-11T05:00:00+0100;0;0;0;3036;3871;835
2017-03-11T06:00:00+0100;59;52;-7;2943;3885;942
2017-03-11T07:00:00+0100;2125;1806;-319;2753;3840;1087
2017-03-11T08:00:00+0100;6735;5856;-879;2446;3347;901
2017-03-11T09:00:00+0100;11322;11132;-190;2141;2535;394
2017-03-11T10:00:00+0100;14875;15066;191;1947;2074;127
2017-03-11T11:00:00+0100;16946;17694;748;1918;2231;313
2017-03-11T12:00:00+0100;17628;18492;864;1963;2349;386
2017-03-11T13:00:00+0100;16907;17269;362;2073;2384;311
2017-03-11T14:00:00+0100;14725;14472;-253;2269;2688;419
2017-03-11T15:00:00+0100;11008;10284;-724;2533;3491;958
2017-03-11T16:00:00+0100;6168;5553;-615;3180;4361;1181
2017-03-11T17:00:00+0100;1666;1562;-104;4556;5091;535
2017-03-11T18:00:00+0100;32;32;0;6323;7361;1038
2017-03-11T19:00:00+0100;0;0;0;8042;9719;1677
2017-03-11T20:00:00+0100;0;0;0;9228;11622;2394
2017-03-11T21:00:00+0100;0;0;0;10117;13499;3382
2017-03-11T22:00:00+0100;0;0;0;10576;14338;3762
2017-03-11T23:00:00+0100;0;0;0;10603;14570;3967
2017-03-12T00:00:00+0100;0;0;0;12280;14373;2093
2017-03-12T01:00:00+0100;0;0;0;12002;13631;1629
2017-03-12T02:00:00+0100;0;0;0;11882;13864;1982
2017-03-12T03:00:00+0100;0;0;0;11849;14361;2512
2017-03-12T04:00:00+0100;0;0;0;12047;14731;2684
2017-03-12T05:00:00+0100;0;0;0;12477;14833;2356
2017-03-12T06:00:00+0100;85;85;0;12869;15235;2366
2017-03-12T07:00:00+0100;2434;2786;352;12788;15197;2409
2017-03-12T08:00:00+0100;7838;8495;657;11995;13721;1726
2017-03-12T09:00:00+0100;13451;14407;956;11207;11505;298
2017-03-12T10:00:00+0100;17660;18596;936;10861;10743;-118
2017-03-12T11:00:00+0100;20044;20784;740;11021;11990;969
2017-03-12T12:00:00+0100;20679;21356;677;11222;13048;1826
2017-03-12T13:00:00+0100;19553;20152;599;11223;12821;1598
2017-03-12T14:00:00+0100;16697;17332;635;10983;12443;1460
2017-03-12T15:00:00+0100;12413;12680;267;10853;12274;1421
2017-03-12T16:00:00+0100;7025;7061;36;11196;12101;905
2017-03-12T17:00:00+0100;1973;1963;-10;12215;12138;-77
2017-03-12T18:00:00+0100;42;44;2;13512;13672;160
2017-03-12T19:00:00+0100;0;0;0;14289;15471;1182
2017-03-12T20:00:00+0100;0;0;0;14172;15600;1428
2017-03-12T21:00:00+0100;0;0;0;13736;15054;1318
2017-03-12T22:00:00+0100;0;0;0;12973;13869;896
2017-03-12T23:00:00+0100;0;0;0;11856;12480;624
2017-03-13T00:00:00+0100;0;0;0;11252;11350;98
2017-03-13T01:00:00+0100;0;0;0;9840;10464;624
2017-03-13T02:00:00+0100;0;0;0;8616;9507;891
2017-03-13T03:00:00+0100;0;0;0;7499;8314;815
2017-03-13T04:00:00+0100;0;0;0;6598;7522;924
2017-03-13T05:00:00+0100;0;0;0;5948;6948;1000
2017-03-13T06:00:00+0100;116;114;-2;5262;6660;1398
2017-03-13T07:00:00+0100;2902;2856;-46;4345;6153;1808
2017-03-13T08:00:00+0100;8559;8212;-347;3191;4706;1515
2017-03-13T09:00:00+0100;14206;14030;-176;2120;2720;600
2017-03-13T10:00:00+0100;18472;18227;-245;1418;1795;377
2017-03-13T11:00:00+0100;20706;20542;-164;1222;1450;228
2017-03-13T12:00:00+0100;20730;21035;305;1131;1513;382
2017-03-13T13:00:00+0100;18932;19134;202;1100;1472;372
2017-03-13T14:00:00+0100;15654;15073;-581;1188;1508;320
2017-03-13T15:00:00+0100;11191;9434;-1757;1348;1936;588
2017-03-13T16:00:00+0100;6144;4848;-1296;1589;2099;510
2017-03-13T17:00:00+0100;1784;1508;-276;1974;2480;506
2017-03-13T18:00:00+0100;45;38;-7;2438;3090;652
2017-03-13T19:00:00+0100;0;0;0;3003;3854;851
2017-03-13T20:00:00+0100;0;0;0;3619;4376;757
2017-03-13T21:00:00+0100;0;0;0;4149;4621;472
2017-03-13T22:00:00+0100;0;0;0;4493;4604;111
2017-03-13T23:00:00+0100;0;0;0;4693;5004;311
2017-03-14T00:00:00+0100;0;0;0;5846;5200;-646
2017-03-14T01:00:00+0100;0;0;0;6407;5503;-904
2017-03-14T02:00:00+0100;0;0;0;6987;6379;-608
2017-03-14T03:00:00+0100;0;0;0;7325;7152;-173
2017-03-14T04:00:00+0100;0;0;0;7551;7627;76
2017-03-14T05:00:00+0100;0;0;0;7711;7989;278
2017-03-14T06:00:00+0100;75;86;11;7854;8500;646
2017-03-14T07:00:00+0100;1677;1755;78;7851;8797;946
2017-03-14T08:00:00+0100;5044;5024;-20;7702;7918;216
2017-03-14T09:00:00+0100;8718;9313;595;7686;7171;-515
2017-03-14T10:00:00+0100;12087;13241;1154;8141;7812;-329
2017-03-14T11:00:00+0100;14528;16255;1727;9181;9072;-109
2017-03-14T12:00:00+0100;15644;17120;1476;10409;10660;251
2017-03-14T13:00:00+0100;15420;16270;850;11598;11966;368
2017-03-14T14:00:00+0100;13614;13868;254;12327;13196;869
2017-03-14T15:00:00+0100;10197;9717;-480;12762;13984;1222
2017-03-14T16:00:00+0100;5819;5239;-580;13065;13721;656
2017-03-14T17:00:00+0100;1769;1590;-179;13435;13508;73
2017-03-14T18:00:00+0100;47;42;-5;14096;14530;434
2017-03-14T19:00:00+0100;0;0;0;15127;16248;1121
2017-03-14T20:00:00+0100;0;0;0;16342;17536;1194
2017-03-14T21:00:00+0100;0;0;0;17407;18390;983
2017-03-14T22:00:00+0100;0;0;0;17963;18474;511
2017-03-14T23:00:00+0100;0;0;0;18043;18185;142
2017-03-15T00:00:00+0100;0;0;0;17384;17846;462
2017-03-15T01:00:00+0100;0;0;0;16915;17373;458
2017-03-15T02:00:00+0100;0;0;0;16283;17212;929
2017-03-15T03:00:00+0100;0;0;0;15625;17028;1403
2017-03-15T04:00:00+0100;0;0;0;14819;16626;1807
2017-03-15T05:00:00+0100;0;0;0;13768;15354;1586
2017-03-15T06:00:00+0100;92;104;12;12778;14066;1288
2017-03-15T07:00:00+0100;1701;1912;211;12064;12033;-31
2017-03-15T08:00:00+0100;4811;5118;307;11774;11106;-668
2017-03-15T09:00:00+0100;8015;8923;908;11884;10814;-1070
2017-03-15T10:00:00+0100;10672;12763;2091;12495;10756;-1739
2017-03-15T11:00:00+0100;12467;15690;3223;13572;11368;-2204
2017-03-15T12:00:00+0100;13069;16950;3881;14724;12772;-1952
2017-03-15T13:00:00+0100;12562;16896;4334;15393;14075;-1318
2017-03-15T14:00:00+0100;10901;15033;4132;15299;14756;-543
2017-03-15T15:00:00+0100;8191;11318;3127;14766;14464;-302
2017-03-15T16:00:00+0100;4864;6752;1888;13767;13337;-430
2017-03-15T17:00:00+0100;1582;2124;542;12400;11162;-1238
2017-03-15T18:00:00+0100;53;78;25;11325;9978;-1347
2017-03-15T19:00:00+0100;0;0;0;10840;10376;-464
2017-03-15T20:00:00+0100;0;0;0;10689;11258;569
2017-03-15T21:00:00+0100;0;0;0;10588;11433;845
2017-03-15T22:00:00+0100;0;0;0;10517;11217;700
2017-03-15T23:00:00+0100;0;0;0;10464;11208;744
2017-03-16T00:00:00+0100;0;0;0;9371;10353;982
2017-03-16T01:00:00+0100;0;0;0;9252;9785;533
2017-03-16T02:00:00+0100;0;0;0;9226;10052;826
2017-03-16T03:00:00+0100;0;0;0;9183;10031;848
2017-03-16T04:00:00+0100;0;0;0;9210;9742;532
2017-03-16T05:00:00+0100;0;0;0;9255;9686;431
2017-03-16T06:00:00+0100;166;121;-45;9089;9246;157
2017-03-16T07:00:00+0100;2889;2620;-269;8551;8220;-331
2017-03-16T08:00:00+0100;7888;8086;198;7594;6846;-748
2017-03-16T09:00:00+0100;13140;14411;1271;6625;5730;-895
2017-03-16T10:00:00+0100;17541;19408;1867;6328;5737;-591
2017-03-16T11:00:00+0100;20407;21900;1493;6739;6336;-403
2017-03-16T12:00:00+0100;21338;22409;1071;7416;7378;-38
2017-03-16T13:00:00+0100;20415;21348;933;8086;8224;138
2017-03-16T14:00:00+0100;17761;18460;699;8623;8717;94
2017-03-16T15:00:00+0100;13438;13910;472;8879;8687;-192
2017-03-16T16:00:00+0100;7825;8093;268;8663;8049;-614
2017-03-16T17:00:00+0100;2459;2573;114;8527;7042;-1485
2017-03-16T18:00:00+0100;87;113;26;9015;7704;-1311
2017-03-16T19:00:00+0100;0;0;0;10139;9324;-815
2017-03-16T20:00:00+0100;0;0;0;11915;11726;-189
2017-03-16T21:00:00+0100;0;0;0;13896;14550;654
2017-03-16T22:00:00+0100;0;0;0;15571;16592;1021
2017-03-16T23:00:00+0100;0;0;0;16707;17821;1114
2017-03-17T00:00:00+0100;0;0;0;18685;18635;-50
2017-03-17T01:00:00+0100;0;0;0;19116;19977;861
2017-03-17T02:00:00+0100;0;0;0;19035;20646;1611
2017-03-17T03:00:00+0100;0;0;0;18823;20526;1703
2017-03-17T04:00:00+0100;0;0;0;18507;19644;1137
2017-03-17T05:00:00+0100;0;0;0;18089;19081;992
2017-03-17T06:00:00+0100;161;168;7;17616;19249;1633
2017-03-17T07:00:00+0100;2388;2633;245;17222;17995;773
2017-03-17T08:00:00+0100;5990;6888;898;17161;17976;815
2017-03-17T09:00:00+0100;9243;10692;1449;17523;17609;86
2017-03-17T10:00:00+0100;11601;13660;2059;18481;19058;577
2017-03-17T11:00:00+0100;12861;14099;1238;20030;20672;642
2017-03-17T12:00:00+0100;12699;12966;267;21675;22820;1145
2017-03-17T13:00:00+0100;11470;11522;52;23212;24860;1648
2017-03-17T14:00:00+0100;9573;9762;189;24154;25597;1443
2017-03-17T15:00:00+0100;7120;6970;-150;24680;26350;1670
2017-03-17T16:00:00+0100;4081;3500;-581;24305;25806;1501
2017-03-17T17:00:00+0100;1318;1071;-247;22878;23996;1118
2017-03-17T18:00:00+0100;59;32;-27;21532;22000;468
2017-03-17T19:00:00+0100;0;0;0;21142;20876;-266
2017-03-17T20:00:00+0100;0;0;0;21980;20669;-1311
2017-03-17T21:00:00+0100;0;0;0;23169;21554;-1615
2017-03-17T22:00:00+0100;0;0;0;24472;22806;-1666
2017-03-17T23:00:00+0100;0;0;0;25616;24462;-1154
2017-03-18T00:00:00+0100;0;0;0;27610;26562;-1048
2017-03-18T01:00:00+0100;0;0;0;28949;28068;-881
2017-03-18T02:00:00+0100;0;0;0;29824;29313;-511
2017-03-18T03:00:00+0100;0;0;0;30620;30353;-267
2017-03-18T04:00:00+0100;0;0;0;30832;31871;1039
2017-03-18T05:00:00+0100;0;0;0;30336;33328;2992
2017-03-18T06:00:00+0100;39;22;-17;29898;35255;5357
2017-03-18T07:00:00+0100;402;372;-30;29290;36614;7324
2017-03-18T08:00:00+0100;981;1231;250;28408;37982;9574
2017-03-18T09:00:00+0100;1676;2582;906;27688;38008;10320
2017-03-18T10:00:00+0100;2473;4011;1538;27174;36682;9508
2017-03-18T11:00:00+0100;3316;5396;2080;26759;35304;8545
2017-03-18T12:00:00+0100;4101;6498;2397;26459;34070;7611
2017-03-18T13:00:00+0100;4508;6713;2205;26230;33086;6856
2017-03-18T14:00:00+0100;4254;5730;1476;25638;32186;6548
2017-03-18T15:00:00+0100;3271;4142;871;24789;30812;6023
2017-03-18T16:00:00+0100;1947;2299;352;23134;28360;5226
2017-03-18T17:00:00+0100;653;672;19;20483;25254;4771
2017-03-18T18:00:00+0100;32;22;-10;17684;21419;3735
2017-03-18T19:00:00+0100;0;0;0;15554;19099;3545
2017-03-18T20:00:00+0100;0;0;0;14443;17348;2905
2017-03-18T21:00:00+0100;0;0;0;13416;15679;2263
2017-03-18T22:00:00+0100;0;0;0;12348;13560;1212
2017-03-18T23:00:00+0100;0;0;0;11296;12128;832
2017-03-19T00:00:00+0100;0;0;0;11729;10880;-849
2017-03-19T01:00:00+0100;0;0;0;10428;10042;-386
2017-03-19T02:00:00+0100;0;0;0;9452;9379;-73
2017-03-19T03:00:00+0100;0;0;0;8559;9024;465
2017-03-19T04:00:00+0100;0;0;0;8173;8826;653
2017-03-19T05:00:00+0100;0;0;0;8667;9716;1049
2017-03-19T06:00:00+0100;102;94;-8;9571;12148;2577
2017-03-19T07:00:00+0100;880;1053;173;11111;14534;3423
2017-03-19T08:00:00+0100;1908;2238;330;13087;17188;4101
2017-03-19T09:00:00+0100;2759;3379;620;15179;20053;4874
2017-03-19T10:00:00+0100;3436;4280;844;17292;21878;4586
2017-03-19T11:00:00+0100;3842;4945;1103;19541;22874;3333
2017-03-19T12:00:00+0100;3923;4920;997;21796;23604;1808
2017-03-19T13:00:00+0100;3785;4764;979;23528;25120;1592
2017-03-19T14:00:00+0100;3347;4220;873;24801;26797;1996
2017-03-19T15:00:00+0100;2511;3414;903;26304;27608;1304
2017-03-19T16:00:00+0100;1506;2149;643;27170;28889;1719
2017-03-19T17:00:00+0100;559;774;215;27198;30065;2867
2017-03-19T18:00:00+0100;33;30;-3;27386;30809;3423
2017-03-19T19:00:00+0100;0;0;0;27403;30962;3559
2017-03-19T20:00:00+0100;0;0;0;27110;31163;4053
2017-03-19T21:00:00+0100;0;0;0;26675;31304;4629
2017-03-19T22:00:00+0100;0;0;0;25868;29889;4021
2017-03-19T23:00:00+0100;0;0;0;24705;28720;4015
2017-03-20T00:00:00+0100;0;0;0;23058;26538;3480
2017-03-20T01:00:00+0100;0;0;0;21349;24436;3087
2017-03-20T02:00:00+0100;0;0;0;19780;22628;2848
2017-03-20T03:00:00+0100;0;0;0;18319;19667;1348
2017-03-20T04:00:00+0100;0;0;0;16945;17473;528
2017-03-20T05:00:00+0100;0;0;0;16165;16170;5
2017-03-20T06:00:00+0100;88;67;-21;15789;15457;-332
2017-03-20T07:00:00+0100;988;968;-20;16132;15548;-584
2017-03-20T08:00:00+0100;2552;2704;152;17149;16564;-585
2017-03-20T09:00:00+0100;4386;4748;362;18225;17738;-487
2017-03-20T10:00:00+0100;6013;6774;761;19375;19826;451
2017-03-20T11:00:00+0100;7225;8396;1171;20471;21361;890
2017-03-20T12:00:00+0100;7868;9052;1184;21377;22072;695
2017-03-20T13:00:00+0100;7796;8864;1068;21993;23056;1063
2017-03-20T14:00:00+0100;7028;7920;892;22212;23568;1356
2017-03-20T15:00:00+0100;5433;6504;1071;22425;23835;1410
2017-03-20T16:00:00+0100;3256;4250;994;22696;24211;1515
2017-03-20T17:00:00+0100;1128;1496;368;23037;25072;2035
2017-03-20T18:00:00+0100;59;58;-1;23472;25614;2142
2017-03-20T19:00:00+0100;0;0;0;24099;26685;2586
2017-03-20T20:00:00+0100;0;0;0;24758;28165;3407
2017-03-20T21:00:00+0100;0;0;0;25174;28671;3497
2017-03-20T22:00:00+0100;0;0;0;25034;27996;2962
2017-03-20T23:00:00+0100;0;0;0;24316;27788;3472
2017-03-21T00:00:00+0100;0;0;0;26034;26777;743
2017-03-21T01:00:00+0100;0;0;0;24849;25026;177
2017-03-21T02:00:00+0100;0;0;0;23522;22584;-938
2017-03-21T03:00:00+0100;0;0;0;22126;20794;-1332
2017-03-21T04:00:00+0100;0;0;0;20783;19556;-1227
2017-03-21T05:00:00+0100;0;0;0;19904;18490;-1414
2017-03-21T06:00:00+0100;187;134;-53;19428;18352;-1076
2017-03-21T07:00:00+0100;1867;1569;-298;19385;17740;-1645
2017-03-21T08:00:00+0100;4508;4258;-250;19962;17448;-2514
2017-03-21T09:00:00+0100;7230;7283;53;21201;17782;-3419
2017-03-21T10:00:00+0100;9371;8978;-393;21962;18822;-3140
2017-03-21T11:00:00+0100;10619;9807;-812;22778;18444;-4334
2017-03-21T12:00:00+0100;10615;10000;-615;23239;18750;-4489
2017-03-21T13:00:00+0100;9710;9655;-55;23296;18425;-4871
2017-03-21T14:00:00+0100;8173;8136;-37;22783;18034;-4749
2017-03-21T15:00:00+0100;6094;5828;-266;21978;18098;-3880
2017-03-21T16:00:00+0100;3678;3324;-354;20378;17952;-2426
2017-03-21T17:00:00+0100;1364;1214;-150;18056;16385;-1671
2017-03-21T18:00:00+0100;95;108;13;15730;13816;-1914
2017-03-21T19:00:00+0100;0;0;0;14089;12890;-1199
2017-03-21T20:00:00+0100;0;0;0;13160;12132;-1028
2017-03-21T21:00:00+0100;0;0;0;12508;11592;-916
2017-03-21T22:00:00+0100;0;0;0;11910;10812;-1098
2017-03-21T23:00:00+0100;0;0;0;11341;10745;-596
2017-03-22T00:00:00+0100;0;0;0;11567;10647;-920
2017-03-22T01:00:00+0100;0;0;0;11051;10146;-905
2017-03-22T02:00:00+0100;0;0;0;10560;9481;-1079
2017-03-22T03:00:00+0100;0;0;0;9982;9460;-522
2017-03-22T04:00:00+0100;0;0;0;9528;9064;-464
2017-03-22T05:00:00+0100;0;0;0;9126;9068;-58
2017-03-22T06:00:00+0100;290;242;-48;8731;8849;118
2017-03-22T07:00:00+0100;2646;2228;-418;7926;7758;-168
2017-03-22T08:00:00+0100;6385;5602;-783;6411;5805;-606
2017-03-22T09:00:00+0100;10007;9263;-744;5081;4989;-92
2017-03-22T10:00:00+0100;12506;11939;-567;4756;5386;630
2017-03-22T11:00:00+0100;13698;12910;-788;4781;5701;920
2017-03-22T12:00:00+0100;13526;12776;-750;4469;5095;626
2017-03-22T13:00:00+0100;12288;11712;-576;4113;3891;-222
2017-03-22T14:00:00+0100;10255;9426;-829;4043;3456;-587
2017-03-22T15:00:00+0100;7731;6587;-1144;4248;3608;-640
2017-03-22T16:00:00+0100;4753;3610;-1143;4713;3844;-869
2017-03-22T17:00:00+0100;1759;1225;-534;5394;4212;-1182
2017-03-22T18:00:00+0100;128;85;-43;6611;4840;-1771
2017-03-22T19:00:00+0100;0;0;0;8491;6411;-2080
2017-03-22T20:00:00+0100;0;0;0;10073;8036;-2037
2017-03-22T21:00:00+0100;0;0;0;10800;9176;-1624
2017-03-22T22:00:00+0100;0;0;0;10811;9926;-885
2017-03-22T23:00:00+0100;0;0;0;10457;10236;-221
2017-03-23T00:00:00+0100;0;0;0;10896;9941;-955
2017-03-23T01:00:00+0100;0;0;0;10649;9438;-1211
2017-03-23T02:00:00+0100;0;0;0;10298;9224;-1074
2017-03-23T03:00:00+0100;0;0;0;9929;9060;-869
2017-03-23T04:00:00+0100;0;0;0;9767;8928;-839
2017-03-23T05:00:00+0100;0;0;0;9810;8711;-1099
2017-03-23T06:00:00+0100;217;132;-85;9830;9082;-748
2017-03-23T07:00:00+0100;2062;1552;-510;9787;8562;-1225
2017-03-23T08:00:00+0100;5138;4296;-842;9393;7693;-1700
2017-03-23T09:00:00+0100;8424;7964;-460;8822;7254;-1568
2017-03-23T10:00:00+0100;11244;11145;-99;8545;7251;-1294
2017-03-23T11:00:00+0100;13101;13292;191;8471;7626;-845
2017-03-23T12:00:00+0100;13878;14387;509;8417;8119;-298
2017-03-23T13:00:00+0100;13589;13906;317;8311;8186;-125
2017-03-23T14:00:00+0100;12288;12152;-136;8074;8848;774
2017-03-23T15:00:00+0100;9755;9300;-455;7942;9332;1390
2017-03-23T16:00:00+0100;6158;5682;-476;8151;9126;975
2017-03-23T17:00:00+0100;2357;2039;-318;8692;9141;449
2017-03-23T18:00:00+0100;174;150;-24;9473;9341;-132
2017-03-23T19:00:00+0100;0;0;0;10186;9947;-239
2017-03-23T20:00:00+0100;0;0;0;10295;10005;-290
2017-03-23T21:00:00+0100;0;0;0;9912;9782;-130
2017-03-23T22:00:00+0100;0;0;0;9193;9497;304
2017-03-23T23:00:00+0100;0;0;0;8235;8911;676
2017-03-24T00:00:00+0100;0;0;0;8011;8065;54
2017-03-24T01:00:00+0100;0;0;0;7430;7380;-50
2017-03-24T02:00:00+0100;0;0;0;7182;6962;-220
2017-03-24T03:00:00+0100;0;0;0;6957;6940;-17
2017-03-24T04:00:00+0100;0;0;0;7004;7131;127
2017-03-24T05:00:00+0100;0;0;0;7116;7112;-4
2017-03-24T06:00:00+0100;427;369;-58;6950;7493;543
2017-03-24T07:00:00+0100;3459;2818;-641;6505;7702;1197
2017-03-24T08:00:00+0100;8023;6651;-1372;5691;6404;713
2017-03-24T09:00:00+0100;12884;10461;-2423;4680;5578;898
2017-03-24T10:00:00+0100;16977;13468;-3509;4175;5518;1343
2017-03-24T11:00:00+0100;19725;15608;-4117;4467;5252;785
2017-03-24T12:00:00+0100;20690;16750;-3940;4762;4470;-292
2017-03-24T13:00:00+0100;20013;16631;-3382;4938;3963;-975
2017-03-24T14:00:00+0100;17632;15202;-2430;5106;4095;-1011
2017-03-24T15:00:00+0100;13521;12154;-1367;5385;4662;-723
2017-03-24T16:00:00+0100;8178;7421;-757;5851;5266;-585
2017-03-24T17:00:00+0100;2990;2682;-308;6418;5471;-947
2017-03-24T18:00:00+0100;223;212;-11;7006;6048;-958
2017-03-24T19:00:00+0100;0;0;0;7651;7618;-33
2017-03-24T20:00:00+0100;0;0;0;8262;8123;-139
2017-03-24T21:00:00+0100;0;0;0;8360;7820;-540
2017-03-24T22:00:00+0100;0;0;0;7921;7368;-553
2017-03-24T23:00:00+0100;0;0;0;7188;7113;-75
2017-03-25T00:00:00+0100;0;0;0;6090;6881;791
2017-03-25T01:00:00+0100;0;0;0;5886;6799;913
2017-03-25T02:00:00+0100;0;0;0;6028;6702;674
2017-03-25T03:00:00+0100;0;0;0;6306;7094;788
2017-03-25T04:00:00+0100;0;0;0;6614;7452;838
2017-03-25T05:00:00+0100;0;0;0;6862;7640;778
2017-03-25T06:00:00+0100;524;550;26;7015;7860;845
2017-03-25T07:00:00+0100;4235;4118;-117;6847;7366;519
2017-03-25T08:00:00+0100;10040;9551;-489;6125;6210;85
2017-03-25T09:00:00+0100;15918;15478;-440;5294;5542;248
2017-03-25T10:00:00+0100;20438;20143;-295;5280;6858;1578
2017-03-25T11:00:00+0100;22872;22659;-213;6095;8386;2291
2017-03-25T12:00:00+0100;23270;23570;300;6941;9414;2473
2017-03-25T13:00:00+0100;22118;22967;849;7588;10034;2446
2017-03-25T14:00:00+0100;19419;20352;933;8077;10474;2397
2017-03-25T15:00:00+0100;15113;15606;493;8511;10337;1826
2017-03-25T16:00:00+0100;9238;9536;298;8832;9732;900
2017-03-25T17:00:00+0100;3411;3534;123;9032;8850;-182
2017-03-25T18:00:00+0100;274;296;22;9292;8554;-738
2017-03-25T19:00:00+0100;0;0;0;9857;9690;-167
2017-03-25T20:00:00+0100;0;0;0;10064;10590;526
2017-03-25T21:00:00+0100;0;0;0;9895;10298;403
2017-03-25T22:00:00+0100;0;0;0;9362;9423;61
2017-03-25T23:00:00+0100;0;0;0;8524;9225;701
2017-03-26T00:00:00+0100;0;0;0;7084;8505;1421
2017-03-26T01:00:00+0100;0;0;0;6516;7559;1043
2017-03-26T02:00:00+0100;0;0;0;0;0;0
2017-03-26T03:00:00+0200;0;0;0;5880;6547;667
2017-03-26T04:00:00+0200;0;0;0;5199;5877;678
2017-03-26T05:00:00+0200;0;0;0;4481;5222;741
2017-03-26T06:00:00+0200;0;0;0;3725;4294;569
2017-03-26T07:00:00+0200;671;678;7;3026;3430;404
2017-03-26T08:00:00+0200;4440;4456;16;2401;2628;227
2017-03-26T09:00:00+0200;9767;10204;437;1820;1633;-187
2017-03-26T10:00:00+0200;14949;15644;695;1374;1120;-254
2017-03-26T11:00:00+0200;18983;20197;1214;1131;892;-239
2017-03-26T12:00:00+0200;21524;23112;1588;1147;743;-404
2017-03-26T13:00:00+0200;22376;24096;1720;1227;867;-360
2017-03-26T14:00:00+0200;21406;23259;1853;1348;1186;-162
2017-03-26T15:00:00+0200;18676;20512;1836;1527;1615;88
2017-03-26T16:00:00+0200;14285;15886;1601;1730;2094;364
2017-03-26T17:00:00+0200;8677;9797;1120;2044;2368;324
2017-03-26T18:00:00+0200;3230;3649;419;2518;2559;41
2017-03-26T19:00:00+0200;290;316;26;3085;2723;-362
2017-03-26T20:00:00+0200;0;0;0;3750;3646;-104
2017-03-26T21:00:00+0200;0;0;0;4299;4356;57
2017-03-26T22:00:00+0200;0;0;0;4781;4384;-397
2017-03-26T23:00:00+0200;0;0;0;5086;4428;-658
2017-03-27T00:00:00+0200;0;0;0;4757;4648;-109
2017-03-27T01:00:00+0200;0;0;0;4798;4507;-291
2017-03-27T02:00:00+0200;0;0;0;4707;4183;-524
2017-03-27T03:00:00+0200;0;0;0;4557;3933;-624
2017-03-27T04:00:00+0200;0;0;0;4373;3820;-553
2017-03-27T05:00:00+0200;0;0;0;4227;3784;-443
2017-03-27T06:00:00+0200;1;1;0;4112;4086;-26
2017-03-27T07:00:00+0200;901;927;26;3999;4402;403
2017-03-27T08:00:00+0200;5660;5869;209;3649;4188;539
2017-03-27T09:00:00+0200;12246;12746;500;2938;2871;-67
2017-03-27T10:00:00+0200;18325;18982;657;2272;1951;-321
2017-03-27T11:00:00+0200;22648;23276;628;2006;2025;19
2017-03-27T12:00:00+0200;25028;25567;539;2111;2069;-42
2017-03-27T13:00:00+0200;25559;26099;540;2180;1858;-322
2017-03-27T14:00:00+0200;24317;24828;511;2151;1673;-478
2017-03-27T15:00:00+0200;21311;21755;444;2072;1633;-439
2017-03-27T16:00:00+0200;16466;16972;506;1989;1554;-435
2017-03-27T17:00:00+0200;10119;10501;382;2023;1496;-527
2017-03-27T18:00:00+0200;3830;3964;134;2306;1449;-857
2017-03-27T19:00:00+0200;372;356;-16;2825;1718;-1107
2017-03-27T20:00:00+0200;0;0;0;3429;2644;-785
2017-03-27T21:00:00+0200;0;0;0;3936;3630;-306
2017-03-27T22:00:00+0200;0;0;0;4294;4084;-210
2017-03-27T23:00:00+0200;0;0;0;4402;4206;-196
2017-03-28T00:00:00+0200;0;0;0;4109;4051;-58
2017-03-28T01:00:00+0200;0;0;0;3973;3908;-65
2017-03-28T02:00:00+0200;0;0;0;3818;3753;-65
2017-03-28T03:00:00+0200;0;0;0;3714;3488;-226
2017-03-28T04:00:00+0200;0;0;0;3626;3233;-393
2017-03-28T05:00:00+0200;0;0;0;3538;3210;-328
2017-03-28T06:00:00+0200;2;2;0;3486;3211;-275
2017-03-28T07:00:00+0200;963;993;30;3448;3252;-196
2017-03-28T08:00:00+0200;5655;5914;259;3169;3073;-96
2017-03-28T09:00:00+0200;12107;12744;637;2459;2164;-295
2017-03-28T10:00:00+0200;18065;18679;614;1558;926;-632
2017-03-28T11:00:00+0200;22274;22829;555;1004;637;-367
2017-03-28T12:00:00+0200;24550;24964;414;1270;855;-415
2017-03-28T13:00:00+0200;24932;25286;354;1775;1748;-27
2017-03-28T14:00:00+0200;23508;23976;468;2479;2980;501
2017-03-28T15:00:00+0200;20320;20778;458;3315;4142;827
2017-03-28T16:00:00+0200;15406;15714;308;3994;4927;933
2017-03-28T17:00:00+0200;9228;9478;250;4468;5402;934
2017-03-28T18:00:00+0200;3434;3525;91;4698;5485;787
2017-03-28T19:00:00+0200;352;349;-3;5130;4870;-260
2017-03-28T20:00:00+0200;0;0;0;6124;5840;-284
2017-03-28T21:00:00+0200;0;0;0;7983;7216;-767
2017-03-28T22:00:00+0200;0;0;0;10157;8419;-1738
2017-03-28T23:00:00+0200;0;0;0;12111;9580;-2531
2017-03-29T00:00:00+0200;0;0;0;12219;10689;-1530
2017-03-29T01:00:00+0200;0;0;0;12974;12091;-883
2017-03-29T02:00:00+0200;0;0;0;14017;12696;-1321
2017-03-29T03:00:00+0200;0;0;0;15319;13438;-1881
2017-03-29T04:00:00+0200;0;0;0;16470;15359;-1111
2017-03-29T05:00:00+0200;0;0;0;17516;17720;204
2017-03-29T06:00:00+0200;3;2;-1;18321;20311;1990
2017-03-29T07:00:00+0200;884;751;-133;19047;21334;2287
2017-03-29T08:00:00+0200;4780;4203;-577;19568;20712;1144
2017-03-29T09:00:00+0200;9787;9074;-713;19974;19782;-192
2017-03-29T10:00:00+0200;13971;13347;-624;20551;20644;93
2017-03-29T11:00:00+0200;16566;15710;-856;21177;22494;1317
2017-03-29T12:00:00+0200;17566;15754;-1812;21627;23368;1741
2017-03-29T13:00:00+0200;16962;14622;-2340;21595;21338;-257
2017-03-29T14:00:00+0200;14629;13114;-1515;20813;18656;-2157
2017-03-29T15:00:00+0200;11679;11501;-178;19183;16270;-2913
2017-03-29T16:00:00+0200;8402;9023;621;17295;14046;-3249
2017-03-29T17:00:00+0200;5099;5546;447;15142;12320;-2822
2017-03-29T18:00:00+0200;2033;2173;140;12879;10216;-2663
2017-03-29T19:00:00+0200;246;236;-10;10864;8681;-2183
2017-03-29T20:00:00+0200;0;0;0;9249;7477;-1772
2017-03-29T21:00:00+0200;0;0;0;8265;7012;-1253
2017-03-29T22:00:00+0200;0;0;0;7540;6404;-1136
2017-03-29T23:00:00+0200;0;0;0;6951;5910;-1041
2017-03-30T00:00:00+0200;0;0;0;6651;5829;-822
2017-03-30T01:00:00+0200;0;0;0;6344;5680;-664
2017-03-30T02:00:00+0200;0;0;0;6135;5584;-551
2017-03-30T03:00:00+0200;0;0;0;6147;5780;-367
2017-03-30T04:00:00+0200;0;0;0;6246;5918;-328
2017-03-30T05:00:00+0200;0;0;0;6445;6326;-119
2017-03-30T06:00:00+0200;2;1;-1;6766;7001;235
2017-03-30T07:00:00+0200;490;523;33;7078;7766;688
2017-03-30T08:00:00+0200;2761;3121;360;7242;8048;806
2017-03-30T09:00:00+0200;6063;7396;1333;7248;7696;448
2017-03-30T10:00:00+0200;9577;12344;2767;7242;7600;358
2017-03-30T11:00:00+0200;12538;16687;4149;7418;8072;654
2017-03-30T12:00:00+0200;14480;19126;4646;7852;8638;786
2017-03-30T13:00:00+0200;15246;20040;4794;8337;9272;935
2017-03-30T14:00:00+0200;14926;19404;4478;8517;10070;1553
2017-03-30T15:00:00+0200;13496;17487;3991;8310;10412;2102
2017-03-30T16:00:00+0200;10892;13646;2754;8052;10289;2237
2017-03-30T17:00:00+0200;7161;8737;1576;8000;9333;1333
2017-03-30T18:00:00+0200;2969;3496;527;8397;8318;-79
2017-03-30T19:00:00+0200;354;395;41;9076;8321;-755
2017-03-30T20:00:00+0200;0;0;0;10134;9510;-624
2017-03-30T21:00:00+0200;0;0;0;11448;10635;-813
2017-03-30T22:00:00+0200;0;0;0;12564;11457;-1107
2017-03-30T23:00:00+0200;0;0;0;13452;11893;-1559
2017-03-31T00:00:00+0200;0;0;0;13913;12340;-1573
2017-03-31T01:00:00+0200;0;0;0;14051;12930;-1121
2017-03-31T02:00:00+0200;0;0;0;13924;13368;-556
2017-03-31T03:00:00+0200;0;0;0;13646;13612;-34
2017-03-31T04:00:00+0200;0;0;0;13381;13582;201
2017-03-31T05:00:00+0200;0;0;0;13215;14048;833
2017-03-31T06:00:00+0200;9;6;-3;13146;14165;1019
2017-03-31T07:00:00+0200;1141;1132;-9;13036;14047;1011
2017-03-31T08:00:00+0200;5766;5826;60;12312;12975;663
2017-03-31T09:00:00+0200;11767;12090;323;10489;10238;-251
2017-03-31T10:00:00+0200;17303;17543;240;8828;7779;-1049
2017-03-31T11:00:00+0200;21265;21171;-94;8387;7488;-899
2017-03-31T12:00:00+0200;23426;22856;-570;9090;8487;-603
2017-03-31T13:00:00+0200;23827;23016;-811;9690;9860;170
2017-03-31T14:00:00+0200;22621;21852;-769;9986;10946;960
2017-03-31T15:00:00+0200;19764;18589;-1175;9825;11313;1488
2017-03-31T16:00:00+0200;15308;13955;-1353;9349;11145;1796
2017-03-31T17:00:00+0200;9553;8292;-1261;8815;10939;2124
2017-03-31T18:00:00+0200;3762;3166;-596;8825;10353;1528
2017-03-31T19:00:00+0200;432;355;-77;9371;9964;593
2017-03-31T20:00:00+0200;0;0;0;9889;10722;833
2017-03-31T21:00:00+0200;0;0;0;9986;10866;880
2017-03-31T22:00:00+0200;0;0;0;9757;10626;869
2017-03-31T23:00:00+0200;0;0;0;9095;9449;354
2017-04-01T00:00:00+0200;0;0;0;8469;8018;-451
2017-04-01T01:00:00+0200;0;0;0;7105;6818;-287
2017-04-01T02:00:00+0200;0;0;0;5973;5954;-19
2017-04-01T03:00:00+0200;0;0;0;5090;5231;141
2017-04-01T04:00:00+0200;0;0;0;4382;5272;890
2017-04-01T05:00:00+0200;0;0;0;3829;4852;1023
2017-04-01T06:00:00+0200;12;8;-4;3467;4060;593
2017-04-01T07:00:00+0200;1114;1176;62;3196;3170;-26
2017-04-01T08:00:00+0200;5211;5499;288;2832;2468;-364
2017-04-01T09:00:00+0200;10620;10798;178;2227;1543;-684
2017-04-01T10:00:00+0200;15463;15410;-53;1662;929;-733
2017-04-01T11:00:00+0200;18995;18453;-542;1414;766;-648
2017-04-01T12:00:00+0200;20997;19886;-1111;1342;732;-610
2017-04-01T13:00:00+0200;21165;19784;-1381;1280;725;-555
2017-04-01T14:00:00+0200;19634;18204;-1430;1267;811;-456
2017-04-01T15:00:00+0200;16543;15152;-1391;1272;1086;-186
2017-04-01T16:00:00+0200;12383;10894;-1489;1353;1597;244
2017-04-01T17:00:00+0200;7497;6485;-1012;1561;2202;641
2017-04-01T18:00:00+0200;2880;2708;-172;1936;2973;1037
2017-04-01T19:00:00+0200;376;344;-32;2361;4485;2124
2017-04-01T20:00:00+0200;0;0;0;2520;6038;3518
2017-04-01T21:00:00+0200;0;0;0;2679;6776;4097
2017-04-01T22:00:00+0200;0;0;0;2877;6061;3184
2017-04-01T23:00:00+0200;0;0;0;3009;4968;1959
2017-04-02T00:00:00+0200;0;0;0;4405;4640;235
2017-04-02T01:00:00+0200;0;0;0;4488;5173;685
2017-04-02T02:00:00+0200;0;0;0;4704;5476;772
2017-04-02T03:00:00+0200;0;0;0;4939;5485;546
2017-04-02T04:00:00+0200;0;0;0;5149;5313;164
2017-04-02T05:00:00+0200;0;0;0;5356;4744;-612
2017-04-02T06:00:00+0200;12;8;-4;5431;4370;-1061
2017-04-02T07:00:00+0200;916;766;-150;5430;4442;-988
2017-04-02T08:00:00+0200;4201;3662;-539;5256;3775;-1481
2017-04-02T09:00:00+0200;8447;7874;-573;4946;3203;-1743
2017-04-02T10:00:00+0200;12579;12496;-83;4877;3060;-1817
2017-04-02T11:00:00+0200;15722;15863;141;5109;3231;-1878
2017-04-02T12:00:00+0200;17537;17690;153;5629;3914;-1715
2017-04-02T13:00:00+0200;17781;18359;578;6183;4383;-1800
2017-04-02T14:00:00+0200;16712;17914;1202;6653;4843;-1810
2017-04-02T15:00:00+0200;14495;15975;1480;6906;4885;-2021
2017-04-02T16:00:00+0200;11315;12354;1039;7011;5011;-2000
2017-04-02T17:00:00+0200;7277;7897;620;6809;4820;-1989
2017-04-02T18:00:00+0200;3060;3371;311;6330;4455;-1875
2017-04-02T19:00:00+0200;416;445;29;5935;4449;-1486
2017-04-02T20:00:00+0200;0;0;0;5777;4978;-799
2017-04-02T21:00:00+0200;0;0;0;5705;5424;-281
2017-04-02T22:00:00+0200;0;0;0;5693;5498;-195
2017-04-02T23:00:00+0200;0;0;0;5628;5235;-393
2017-04-03T00:00:00+0200;0;0;0;4201;4887;686
2017-04-03T01:00:00+0200;0;0;0;4043;4630;587
2017-04-03T02:00:00+0200;0;0;0;3893;4201;308
2017-04-03T03:00:00+0200;0;0;0;3685;4099;414
2017-04-03T04:00:00+0200;0;0;0;3438;3877;439
2017-04-03T05:00:00+0200;0;0;0;3154;3533;379
2017-04-03T06:00:00+0200;12;9;-3;2809;3305;496
2017-04-03T07:00:00+0200;727;768;41;2446;2943;497
2017-04-03T08:00:00+0200;3200;3481;281;2013;2477;464
2017-04-03T09:00:00+0200;6376;7200;824;1542;1850;308
2017-04-03T10:00:00+0200;9638;11282;1644;1177;1546;369
2017-04-03T11:00:00+0200;12491;14256;1765;962;1330;368
2017-04-03T12:00:00+0200;14573;15822;1249;903;1131;228
2017-04-03T13:00:00+0200;15527;16140;613;906;1043;137
2017-04-03T14:00:00+0200;15266;15513;247;979;1124;145
2017-04-03T15:00:00+0200;13709;14072;363;1110;1329;219
2017-04-03T16:00:00+0200;10869;10910;41;1278;1385;107
2017-04-03T17:00:00+0200;7127;6879;-248;1488;1392;-96
2017-04-03T18:00:00+0200;3129;2954;-175;1790;1458;-332
2017-04-03T19:00:00+0200;470;448;-22;2160;1819;-341
2017-04-03T20:00:00+0200;0;1;1;2487;2355;-132
2017-04-03T21:00:00+0200;0;0;0;2648;2907;259
2017-04-03T22:00:00+0200;0;0;0;2755;3272;517
2017-04-03T23:00:00+0200;0;0;0;2786;3360;574
2017-04-04T00:00:00+0200;0;0;0;2964;3281;317
2017-04-04T01:00:00+0200;0;0;0;2819;3190;371
2017-04-04T02:00:00+0200;0;0;0;2633;2928;295
2017-04-04T03:00:00+0200;0;0;0;2403;2816;413
2017-04-04T04:00:00+0200;0;0;0;2174;2794;620
2017-04-04T05:00:00+0200;0;0;0;2003;2636;633
2017-04-04T06:00:00+0200;18;11;-7;1921;2566;645
2017-04-04T07:00:00+0200;996;937;-59;1848;2514;666
2017-04-04T08:00:00+0200;4445;4180;-265;1649;2103;454
2017-04-04T09:00:00+0200;8839;8591;-248;1342;1292;-50
2017-04-04T10:00:00+0200;13053;12734;-319;1100;1017;-83
2017-04-04T11:00:00+0200;16326;15573;-753;983;938;-45
2017-04-04T12:00:00+0200;18117;16203;-1914;945;888;-57
2017-04-04T13:00:00+0200;18210;15634;-2576;924;832;-92
2017-04-04T14:00:00+0200;17015;14596;-2419;942;869;-73
2017-04-04T15:00:00+0200;14644;12818;-1826;1019;997;-22
2017-04-04T16:00:00+0200;11348;10130;-1218;1092;1114;22
2017-04-04T17:00:00+0200;7333;6614;-719;1225;1150;-75
2017-04-04T18:00:00+0200;3181;2976;-205;1452;1224;-228
2017-04-04T19:00:00+0200;467;488;21;1803;1318;-485
2017-04-04T20:00:00+0200;2;1;-1;2158;1638;-520
2017-04-04T21:00:00+0200;0;0;0;2349;1840;-509
2017-04-04T22:00:00+0200;0;0;0;2452;1780;-672
2017-04-04T23:00:00+0200;0;0;0;2575;1696;-879
2017-04-05T00:00:00+0200;0;0;0;2223;1799;-424
2017-04-05T01:00:00+0200;0;0;0;2410;1920;-490
2017-04-05T02:00:00+0200;0;0;0;2727;2225;-502
2017-04-05T03:00:00+0200;0;0;0;3284;2583;-701
2017-04-05T04:00:00+0200;0;0;0;4015;2994;-1021
2017-04-05T05:00:00+0200;0;0;0;4831;3960;-871
2017-04-05T06:00:00+0200;25;18;-7;5702;5078;-624
2017-04-05T07:00:00+0200;1106;1078;-28;6702;5896;-806
2017-04-05T08:00:00+0200;4608;4769;161;7410;6432;-978
2017-04-05T09:00:00+0200;8905;9564;659;7764;6292;-1472
2017-04-05T10:00:00+0200;12652;14040;1388;8395;7554;-841
2017-04-05T11:00:00+0200;15039;16662;1623;9587;9357;-230
2017-04-05T12:00:00+0200;15938;16982;1044;11294;10989;-305
2017-04-05T13:00:00+0200;15089;15786;697;13384;13484;100
2017-04-05T14:00:00+0200;13179;13865;686;15741;15648;-93
2017-04-05T15:00:00+0200;10663;10920;257;18066;18182;116
2017-04-05T16:00:00+0200;7802;7565;-237;20169;20035;-134
2017-04-05T17:00:00+0200;4860;4414;-446;21791;22160;369
2017-04-05T18:00:00+0200;2149;1932;-217;22388;23185;797
2017-04-05T19:00:00+0200;348;318;-30;22686;22513;-173
2017-04-05T20:00:00+0200;0;0;0;22973;22446;-527
2017-04-05T21:00:00+0200;0;0;0;23291;23006;-285
2017-04-05T22:00:00+0200;0;0;0;23694;22993;-701
2017-04-05T23:00:00+0200;0;0;0;23878;22496;-1382
2017-04-06T00:00:00+0200;0;0;0;23277;22433;-844
2017-04-06T01:00:00+0200;0;0;0;22698;21584;-1114
2017-04-06T02:00:00+0200;0;0;0;22049;20149;-1900
2017-04-06T03:00:00+0200;0;0;0;21200;19407;-1793
2017-04-06T04:00:00+0200;0;0;0;20276;18638;-1638
2017-04-06T05:00:00+0200;0;0;0;19124;17424;-1700
2017-04-06T06:00:00+0200;39;36;-3;17899;15998;-1901
2017-04-06T07:00:00+0200;1261;1306;45;16734;14363;-2371
2017-04-06T08:00:00+0200;4762;4912;150;15984;13110;-2874
2017-04-06T09:00:00+0200;8913;9088;175;15911;14577;-1334
2017-04-06T10:00:00+0200;12347;11657;-690;15777;14072;-1705
2017-04-06T11:00:00+0200;14587;13718;-869;15612;13464;-2148
2017-04-06T12:00:00+0200;15668;14876;-792;15495;13609;-1886
2017-04-06T13:00:00+0200;15746;15876;130;15490;13989;-1501
2017-04-06T14:00:00+0200;14852;16051;1199;15776;14076;-1700
2017-04-06T15:00:00+0200;12974;14778;1804;16394;15547;-847
2017-04-06T16:00:00+0200;10131;12148;2017;17088;16890;-198
2017-04-06T17:00:00+0200;6559;7986;1427;17294;17990;696
2017-04-06T18:00:00+0200;2883;3740;857;16793;17982;1189
2017-04-06T19:00:00+0200;452;684;232;16161;17061;900
2017-04-06T20:00:00+0200;3;2;-1;16071;16892;821
2017-04-06T21:00:00+0200;0;0;0;16676;17371;695
2017-04-06T22:00:00+0200;0;0;0;17606;17958;352
2017-04-06T23:00:00+0200;0;0;0;18685;18587;-98
2017-04-07T00:00:00+0200;0;0;0;19244;19363;119
2017-04-07T01:00:00+0200;0;0;0;19980;19886;-94
2017-04-07T02:00:00+0200;0;0;0;20496;19675;-821
2017-04-07T03:00:00+0200;0;0;0;20623;19008;-1615
2017-04-07T04:00:00+0200;0;0;0;20693;18572;-2121
2017-04-07T05:00:00+0200;0;0;0;20511;19097;-1414
2017-04-07T06:00:00+0200;17;12;-5;20097;19652;-445
2017-04-07T07:00:00+0200;665;635;-30;19676;19673;-3
2017-04-07T08:00:00+0200;2774;2814;40;19244;19330;86
2017-04-07T09:00:00+0200;5386;5768;382;18952;19126;174
2017-04-07T10:00:00+0200;7603;8980;1377;18870;19272;402
2017-04-07T11:00:00+0200;8985;11662;2677;18907;19233;326
2017-04-07T12:00:00+0200;9617;13137;3520;18982;19411;429
2017-04-07T13:00:00+0200;9535;13290;3755;19036;19990;954
2017-04-07T14:00:00+0200;8837;12697;3860;19002;20082;1080
2017-04-07T15:00:00+0200;7597;11334;3737;18745;19769;1024
2017-04-07T16:00:00+0200;5909;8718;2809;18266;19147;881
2017-04-07T17:00:00+0200;3892;5712;1820;17405;17794;389
2017-04-07T18:00:00+0200;1812;2639;827;16141;16180;39
2017-04-07T19:00:00+0200;310;480;170;14816;14512;-304
2017-04-07T20:00:00+0200;1;1;0;13658;13430;-228
2017-04-07T21:00:00+0200;0;0;0;12780;12109;-671
2017-04-07T22:00:00+0200;0;0;0;12045;11179;-866
2017-04-07T23:00:00+0200;0;0;0;11286;10560;-726
2017-04-08T00:00:00+0200;0;0;0;10189;9403;-786
2017-04-08T01:00:00+0200;0;0;0;8971;8529;-442
2017-04-08T02:00:00+0200;0;0;0;7794;7565;-229
2017-04-08T03:00:00+0200;0;0;0;6756;6520;-236
2017-04-08T04:00:00+0200;0;0;0;5793;5534;-259
2017-04-08T05:00:00+0200;0;0;0;4993;4610;-383
2017-04-08T06:00:00+0200;33;25;-8;4372;3696;-676
2017-04-08T07:00:00+0200;975;895;-80;3841;3281;-560
2017-04-08T08:00:00+0200;3714;3482;-232;3365;2984;-381
2017-04-08T09:00:00+0200;7231;6934;-297;2975;2810;-165
2017-04-08T10:00:00+0200;10832;10718;-114;2689;2498;-191
2017-04-08T11:00:00+0200;13695;14152;457;2575;2423;-152
2017-04-08T12:00:00+0200;15414;16597;1183;2690;2569;-121
2017-04-08T13:00:00+0200;15842;17553;1711;2896;2713;-183
2017-04-08T14:00:00+0200;15310;16941;1631;3082;2681;-401
2017-04-08T15:00:00+0200;13794;15125;1331;3133;2522;-611
2017-04-08T16:00:00+0200;11186;12288;1102;3027;2194;-833
2017-04-08T17:00:00+0200;7601;8287;686;2750;1700;-1050
2017-04-08T18:00:00+0200;3482;3886;404;2362;1290;-1072
2017-04-08T19:00:00+0200;571;728;157;2067;1133;-934
2017-04-08T20:00:00+0200;6;4;-2;1944;1101;-843
2017-04-08T21:00:00+0200;0;0;0;1926;1184;-742
2017-04-08T22:00:00+0200;0;0;0;1981;1267;-714
2017-04-08T23:00:00+0200;0;0;0;2043;1234;-809
2017-04-09T00:00:00+0200;0;0;0;1325;1237;-88
2017-04-09T01:00:00+0200;0;0;0;1315;1211;-104
2017-04-09T02:00:00+0200;0;0;0;1283;1354;71
2017-04-09T03:00:00+0200;0;0;0;1266;1505;239
2017-04-09T04:00:00+0200;0;0;0;1270;1675;405
2017-04-09T05:00:00+0200;0;0;0;1283;1934;651
2017-04-09T06:00:00+0200;69;73;4;1334;2076;742
2017-04-09T07:00:00+0200;1808;1981;173;1447;2262;815
2017-04-09T08:00:00+0200;6761;7123;362;1565;2220;655
2017-04-09T09:00:00+0200;12809;13674;865;1585;1930;345
2017-04-09T10:00:00+0200;18272;19532;1260;1631;2116;485
2017-04-09T11:00:00+0200;22262;23246;984;1850;2422;572
2017-04-09T12:00:00+0200;24432;25270;838;2026;2358;332
2017-04-09T13:00:00+0200;24913;25695;782;2127;2200;73
2017-04-09T14:00:00+0200;23881;24711;830;2182;2102;-80
2017-04-09T15:00:00+0200;21198;21917;719;2214;1985;-229
2017-04-09T16:00:00+0200;16974;17478;504;2250;1787;-463
2017-04-09T17:00:00+0200;11136;11410;274;2407;1690;-717
2017-04-09T18:00:00+0200;4880;5058;178;2661;1579;-1082
2017-04-09T19:00:00+0200;820;908;88;3389;1910;-1479
2017-04-09T20:00:00+0200;7;6;-1;5159;3342;-1817
2017-04-09T21:00:00+0200;0;0;0;7868;6009;-1859
2017-04-09T22:00:00+0200;0;0;0;10353;9424;-929
2017-04-09T23:00:00+0200;0;0;0;12530;12059;-471
2017-04-10T00:00:00+0200;0;0;0;14195;14242;47
2017-04-10T01:00:00+0200;0;0;0;15564;15865;301
2017-04-10T02:00:00+0200;0;0;0;16477;17731;1254
2017-04-10T03:00:00+0200;0;0;0;16942;19280;2338
2017-04-10T04:00:00+0200;0;0;0;17341;19892;2551
2017-04-10T05:00:00+0200;0;0;0;17492;19864;2372
2017-04-10T06:00:00+0200;93;96;3;17352;20024;2672
2017-04-10T07:00:00+0200;2049;2258;209;16973;20381;3408
2017-04-10T08:00:00+0200;7011;7316;305;16097;18700;2603
2017-04-10T09:00:00+0200;12574;12714;140;14814;17122;2308
2017-04-10T10:00:00+0200;17018;16825;-193;14678;17540;2862
2017-04-10T11:00:00+0200;19770;19285;-485;15669;19138;3469
2017-04-10T12:00:00+0200;20769;20246;-523;17258;21545;4287
2017-04-10T13:00:00+0200;20423;19772;-651;19144;23708;4564
2017-04-10T14:00:00+0200;18855;18510;-345;20778;24392;3614
2017-04-10T15:00:00+0200;16070;15712;-358;22032;25457;3425
2017-04-10T16:00:00+0200;12245;11854;-391;22964;26230;3266
2017-04-10T17:00:00+0200;7796;7344;-452;23277;26712;3435
2017-04-10T18:00:00+0200;3502;3255;-247;22727;25793;3066
2017-04-10T19:00:00+0200;646;690;44;21820;23708;1888
2017-04-10T20:00:00+0200;7;5;-2;21103;21478;375
2017-04-10T21:00:00+0200;0;0;0;20452;19968;-484
2017-04-10T22:00:00+0200;0;0;0;19933;18942;-991
2017-04-10T23:00:00+0200;0;0;0;19593;18425;-1168
2017-04-11T00:00:00+0200;0;0;0;19060;18177;-883
2017-04-11T01:00:00+0200;0;0;0;18747;17466;-1281
2017-04-11T02:00:00+0200;0;0;0;18590;16823;-1767
2017-04-11T03:00:00+0200;0;0;0;18587;17159;-1428
2017-04-11T04:00:00+0200;0;0;0;18606;17727;-879
2017-04-11T05:00:00+0200;0;0;0;18416;17752;-664
2017-04-11T06:00:00+0200;79;87;8;17927;16958;-969
2017-04-11T07:00:00+0200;1453;1669;216;17469;15446;-2023
2017-04-11T08:00:00+0200;4722;5080;358;17330;15162;-2168
2017-04-11T09:00:00+0200;8618;9490;872;17896;16598;-1298
2017-04-11T10:00:00+0200;12307;13265;958;18586;16894;-1692
2017-04-11T11:00:00+0200;15130;15730;600;18724;16484;-2240
2017-04-11T12:00:00+0200;16694;17192;498;18311;15731;-2580
2017-04-11T13:00:00+0200;16994;17912;918;17894;14928;-2966
2017-04-11T14:00:00+0200;16155;16844;689;17702;14778;-2924
2017-04-11T15:00:00+0200;14142;14630;488;17660;14860;-2800
2017-04-11T16:00:00+0200;11093;11596;503;17415;14258;-3157
2017-04-11T17:00:00+0200;7362;7654;292;16554;13954;-2600
2017-04-11T18:00:00+0200;3409;3528;119;14977;12724;-2253
2017-04-11T19:00:00+0200;637;731;94;13389;11837;-1552
2017-04-11T20:00:00+0200;8;6;-2;12730;11746;-984
2017-04-11T21:00:00+0200;0;0;0;13257;11978;-1279
2017-04-11T22:00:00+0200;0;0;0;14345;13215;-1130
2017-04-11T23:00:00+0200;0;0;0;15762;14391;-1371
2017-04-12T00:00:00+0200;0;0;0;17265;15763;-1502
2017-04-12T01:00:00+0200;0;0;0;18775;16694;-2081
2017-04-12T02:00:00+0200;0;0;0;20058;17208;-2850
2017-04-12T03:00:00+0200;0;0;0;20847;18340;-2507
2017-04-12T04:00:00+0200;0;0;0;21530;19340;-2190
2017-04-12T05:00:00+0200;0;0;0;22010;20130;-1880
2017-04-12T06:00:00+0200;57;51;-6;22338;21443;-895
2017-04-12T07:00:00+0200;1170;1245;75;22698;21743;-955
2017-04-12T08:00:00+0200;3945;3964;19;23346;22168;-1178
2017-04-12T09:00:00+0200;7256;7235;-21;24489;22429;-2060
2017-04-12T10:00:00+0200;10433;10775;342;25790;23758;-2032
2017-04-12T11:00:00+0200;12895;13706;811;26862;25982;-880
2017-04-12T12:00:00+0200;14387;15578;1191;27509;27379;-130
2017-04-12T13:00:00+0200;14587;15850;1263;27893;28136;243
2017-04-12T14:00:00+0200;13731;15027;1296;28011;28403;392
2017-04-12T15:00:00+0200;11745;12910;1165;27912;27925;13
2017-04-12T16:00:00+0200;8776;9567;791;27536;27134;-402
2017-04-12T17:00:00+0200;5435;5466;31;26657;26434;-223
2017-04-12T18:00:00+0200;2410;2344;-66;25648;25719;71
2017-04-12T19:00:00+0200;460;502;42;24863;24122;-741
2017-04-12T20:00:00+0200;5;3;-2;24218;23468;-750
2017-04-12T21:00:00+0200;0;0;0;23817;22923;-894
2017-04-12T22:00:00+0200;0;0;0;23651;22748;-903
2017-04-12T23:00:00+0200;0;0;0;23402;22159;-1243
2017-04-13T00:00:00+0200;0;0;0;22531;21354;-1177
2017-04-13T01:00:00+0200;0;0;0;22093;20684;-1409
2017-04-13T02:00:00+0200;0;0;0;21811;19947;-1864
2017-04-13T03:00:00+0200;0;0;0;21496;19153;-2343
2017-04-13T04:00:00+0200;0;0;0;21304;18375;-2929
2017-04-13T05:00:00+0200;0;0;0;21018;18218;-2800
2017-04-13T06:00:00+0200;99;80;-19;20759;18653;-2106
2017-04-13T07:00:00+0200;1382;1170;-212;20574;18297;-2277
2017-04-13T08:00:00+0200;4106;3641;-465;20787;18662;-2125
2017-04-13T09:00:00+0200;7289;6854;-435;21656;20319;-1337
2017-04-13T10:00:00+0200;10295;9420;-875;22642;22154;-488
2017-04-13T11:00:00+0200;12506;10985;-1521;23592;23475;-117
2017-04-13T12:00:00+0200;13773;12058;-1715;24500;24436;-64
2017-04-13T13:00:00+0200;13845;12657;-1188;25241;24436;-805
2017-04-13T14:00:00+0200;13016;12162;-854;25612;24222;-1390
2017-04-13T15:00:00+0200;11368;11338;-30;25399;23594;-1805
2017-04-13T16:00:00+0200;9016;9305;289;24860;22926;-1934
2017-04-13T17:00:00+0200;6239;6439;200;23637;22086;-1551
2017-04-13T18:00:00+0200;3121;3238;117;21544;20255;-1289
2017-04-13T19:00:00+0200;642;854;212;19169;18493;-676
2017-04-13T20:00:00+0200;9;16;7;17335;17089;-246
2017-04-13T21:00:00+0200;0;0;0;16326;16197;-129
2017-04-13T22:00:00+0200;0;0;0;15868;15378;-490
2017-04-13T23:00:00+0200;0;0;0;15756;14933;-823
2017-04-14T00:00:00+0200;0;0;0;14249;14472;223
2017-04-14T01:00:00+0200;0;0;0;14198;14457;259
2017-04-14T02:00:00+0200;0;0;0;14126;14230;104
2017-04-14T03:00:00+0200;0;0;0;14089;13747;-342
2017-04-14T04:00:00+0200;0;0;0;13928;13262;-666
2017-04-14T05:00:00+0200;0;0;0;13565;13396;-169
2017-04-14T06:00:00+0200;131;121;-10;12927;13515;588
2017-04-14T07:00:00+0200;1856;1785;-71;12215;11932;-283
2017-04-14T08:00:00+0200;5582;5254;-328;11703;10891;-812
2017-04-14T09:00:00+0200;9762;9285;-477;11581;11278;-303
2017-04-14T10:00:00+0200;13011;12682;-329;11512;11486;-26
2017-04-14T11:00:00+0200;14839;14742;-97;11421;11423;2
2017-04-14T12:00:00+0200;15530;14914;-616;11313;11931;618
2017-04-14T13:00:00+0200;15346;13832;-1514;11181;12204;1023
2017-04-14T14:00:00+0200;14341;12691;-1650;11093;12320;1227
2017-04-14T15:00:00+0200;12497;11002;-1495;10942;12236;1294
2017-04-14T16:00:00+0200;9940;8488;-1452;10568;11370;802
2017-04-14T17:00:00+0200;6762;5577;-1185;9870;10895;1025
2017-04-14T18:00:00+0200;3224;2694;-530;8763;9641;878
2017-04-14T19:00:00+0200;640;551;-89;7562;8054;492
2017-04-14T20:00:00+0200;9;6;-3;6885;7518;633
2017-04-14T21:00:00+0200;0;0;0;6972;7239;267
2017-04-14T22:00:00+0200;0;0;0;7416;7183;-233
2017-04-14T23:00:00+0200;0;0;0;8190;7692;-498
2017-04-15T00:00:00+0200;0;0;0;8302;8522;220
2017-04-15T01:00:00+0200;0;0;0;9372;9509;137
2017-04-15T02:00:00+0200;0;0;0;10437;10623;186
2017-04-15T03:00:00+0200;0;0;0;11631;11709;78
2017-04-15T04:00:00+0200;0;0;0;12851;13458;607
2017-04-15T05:00:00+0200;0;0;0;13949;14092;143
2017-04-15T06:00:00+0200;85;94;9;15021;15166;145
2017-04-15T07:00:00+0200;1067;1274;207;16386;17092;706
2017-04-15T08:00:00+0200;3037;3749;712;18321;18214;-107
2017-04-15T09:00:00+0200;5226;6693;1467;20922;20444;-478
2017-04-15T10:00:00+0200;7086;9468;2382;23607;23404;-203
2017-04-15T11:00:00+0200;8558;10268;1710;25698;26088;390
2017-04-15T12:00:00+0200;9598;10294;696;27158;27530;372
2017-04-15T13:00:00+0200;10199;10184;-15;28231;28582;351
2017-04-15T14:00:00+0200;10245;9380;-865;28785;29337;552
2017-04-15T15:00:00+0200;9470;8630;-840;28882;30212;1330
2017-04-15T16:00:00+0200;7750;7083;-667;28858;30521;1663
2017-04-15T17:00:00+0200;5397;5006;-391;28170;29745;1575
2017-04-15T18:00:00+0200;2823;2609;-214;26683;28604;1921
2017-04-15T19:00:00+0200;670;694;24;25027;26179;1152
2017-04-15T20:00:00+0200;16;19;3;23646;23818;172
2017-04-15T21:00:00+0200;0;0;0;22880;22810;-70
2017-04-15T22:00:00+0200;0;0;0;22574;22312;-262
2017-04-15T23:00:00+0200;0;0;0;22512;22615;103
2017-04-16T00:00:00+0200;0;0;0;22734;22678;-56
2017-04-16T01:00:00+0200;0;0;0;23013;22325;-688
2017-04-16T02:00:00+0200;0;0;0;22965;21849;-1116
2017-04-16T03:00:00+0200;0;0;0;22193;20909;-1284
2017-04-16T04:00:00+0200;0;0;0;21085;19569;-1516
2017-04-16T05:00:00+0200;0;0;0;19465;18045;-1420
2017-04-16T06:00:00+0200;152;144;-8;17389;16857;-532
2017-04-16T07:00:00+0200;1733;1766;33;15292;14753;-539
2017-04-16T08:00:00+0200;4757;4553;-204;13683;13079;-604
2017-04-16T09:00:00+0200;8007;7624;-383;13007;12631;-376
2017-04-16T10:00:00+0200;10642;10060;-582;12653;12526;-127
2017-04-16T11:00:00+0200;12320;11938;-382;12332;11839;-493
2017-04-16T12:00:00+0200;13046;12605;-441;12015;12205;190
2017-04-16T13:00:00+0200;12655;12323;-332;11676;12499;823
2017-04-16T14:00:00+0200;11556;11996;440;11672;12434;762
2017-04-16T15:00:00+0200;9826;10828;1002;11875;12235;360
2017-04-16T16:00:00+0200;7554;8487;933;11981;12104;123
2017-04-16T17:00:00+0200;5028;5432;404;11699;10950;-749
2017-04-16T18:00:00+0200;2503;2901;398;10872;9713;-1159
2017-04-16T19:00:00+0200;594;747;153;10071;8496;-1575
2017-04-16T20:00:00+0200;16;15;-1;9519;7356;-2163
2017-04-16T21:00:00+0200;0;0;0;9261;6708;-2553
2017-04-16T22:00:00+0200;0;0;0;9148;6377;-2771
2017-04-16T23:00:00+0200;0;0;0;9240;6426;-2814
2017-04-17T00:00:00+0200;0;0;0;6766;6373;-393
2017-04-17T01:00:00+0200;0;0;0;6982;6411;-571
2017-04-17T02:00:00+0200;0;0;0;7170;6634;-536
2017-04-17T03:00:00+0200;0;0;0;7427;6825;-602
2017-04-17T04:00:00+0200;0;0;0;7571;6598;-973
2017-04-17T05:00:00+0200;0;0;0;7532;6804;-728
2017-04-17T06:00:00+0200;160;141;-19;7359;6902;-457
2017-04-17T07:00:00+0200;1581;1413;-168;7206;6754;-452
2017-04-17T08:00:00+0200;4226;3775;-451;7024;6150;-874
2017-04-17T09:00:00+0200;7454;6474;-980;7061;6152;-909
2017-04-17T10:00:00+0200;10541;8268;-2273;7398;6662;-736
2017-04-17T11:00:00+0200;12869;9600;-3269;7823;7384;-439
2017-04-17T12:00:00+0200;13916;10808;-3108;8494;8171;-323
2017-04-17T13:00:00+0200;14148;11568;-2580;9385;9192;-193
2017-04-17T14:00:00+0200;13813;11392;-2421;10392;10862;470
2017-04-17T15:00:00+0200;12590;10340;-2250;11491;11704;213
2017-04-17T16:00:00+0200;10497;8754;-1743;12384;12560;176
2017-04-17T17:00:00+0200;7628;6211;-1417;12757;12707;-50
2017-04-17T18:00:00+0200;3966;3320;-646;12307;11820;-487
2017-04-17T19:00:00+0200;963;866;-97;11488;11067;-421
2017-04-17T20:00:00+0200;30;23;-7;10488;10394;-94
2017-04-17T21:00:00+0200;0;0;0;9685;9961;276
2017-04-17T22:00:00+0200;0;0;0;9163;10000;837
2017-04-17T23:00:00+0200;0;0;0;8740;9587;847
2017-04-18T00:00:00+0200;0;0;0;9838;8765;-1073
2017-04-18T01:00:00+0200;0;0;0;9386;7878;-1508
2017-04-18T02:00:00+0200;0;0;0;9150;8014;-1136
2017-04-18T03:00:00+0200;0;0;0;9255;8958;-297
2017-04-18T04:00:00+0200;0;0;0;9386;10109;723
2017-04-18T05:00:00+0200;0;0;0;9644;10250;606
2017-04-18T06:00:00+0200;171;130;-41;10093;11122;1029
2017-04-18T07:00:00+0200;1777;1363;-414;10830;11436;606
2017-04-18T08:00:00+0200;4874;3584;-1290;11745;12529;784
2017-04-18T09:00:00+0200;8502;6250;-2252;12668;13619;951
2017-04-18T10:00:00+0200;11876;8242;-3634;13542;14365;823
2017-04-18T11:00:00+0200;14430;9799;-4631;14144;14425;281
2017-04-18T12:00:00+0200;15988;10993;-4995;14420;14336;-84
2017-04-18T13:00:00+0200;16452;12161;-4291;14777;13539;-1238
2017-04-18T14:00:00+0200;16044;12975;-3069;15366;13619;-1747
2017-04-18T15:00:00+0200;14362;12906;-1456;16361;14151;-2210
2017-04-18T16:00:00+0200;11511;10924;-587;17427;14419;-3008
2017-04-18T17:00:00+0200;7992;7714;-278;17874;14916;-2958
2017-04-18T18:00:00+0200;4105;4045;-60;17494;14738;-2756
2017-04-18T19:00:00+0200;1036;1093;57;16766;13437;-3329
2017-04-18T20:00:00+0200;36;36;0;15677;12150;-3527
2017-04-18T21:00:00+0200;0;0;0;14593;10925;-3668
2017-04-18T22:00:00+0200;0;0;0;13646;10294;-3352
2017-04-18T23:00:00+0200;0;0;0;12725;9610;-3115
2017-04-19T00:00:00+0200;0;0;0;9782;8954;-828
2017-04-19T01:00:00+0200;0;0;0;9071;8345;-726
2017-04-19T02:00:00+0200;0;0;0;8551;7794;-757
2017-04-19T03:00:00+0200;0;0;0;8383;7751;-632
2017-04-19T04:00:00+0200;0;0;0;8279;7608;-671
2017-04-19T05:00:00+0200;0;0;0;8078;7569;-509
2017-04-19T06:00:00+0200;269;241;-28;7772;7595;-177
2017-04-19T07:00:00+0200;2597;2376;-221;7191;6834;-357
2017-04-19T08:00:00+0200;7055;6514;-541;6457;5720;-737
2017-04-19T09:00:00+0200;11983;11072;-911;6853;6982;129
2017-04-19T10:00:00+0200;15672;13010;-2662;8484;8865;381
2017-04-19T11:00:00+0200;17443;13294;-4149;9364;8734;-630
2017-04-19T12:00:00+0200;17591;13528;-4063;9145;8514;-631
2017-04-19T13:00:00+0200;16799;14022;-2777;8803;8268;-535
2017-04-19T14:00:00+0200;15441;13953;-1488;8713;8103;-610
2017-04-19T15:00:00+0200;13354;12692;-662;8834;7989;-845
2017-04-19T16:00:00+0200;10770;10359;-411;8962;8021;-941
2017-04-19T17:00:00+0200;7418;7293;-125;8877;7966;-911
2017-04-19T18:00:00+0200;3885;3899;14;8362;7335;-1027
2017-04-19T19:00:00+0200;1027;1132;105;7500;6101;-1399
2017-04-19T20:00:00+0200;39;31;-8;6840;5180;-1660
2017-04-19T21:00:00+0200;0;0;0;6458;5055;-1403
2017-04-19T22:00:00+0200;0;0;0;6006;5046;-960
2017-04-19T23:00:00+0200;0;0;0;5428;4556;-872
2017-04-20T00:00:00+0200;0;0;0;3890;3887;-3
2017-04-20T01:00:00+0200;0;0;0;3292;3154;-138
2017-04-20T02:00:00+0200;0;0;0;2850;2725;-125
2017-04-20T03:00:00+0200;0;0;0;2660;2562;-98
2017-04-20T04:00:00+0200;0;0;0;2547;2696;149
2017-04-20T05:00:00+0200;0;0;0;2482;2824;342
2017-04-20T06:00:00+0200;309;310;1;2461;3028;567
2017-04-20T07:00:00+0200;2960;3136;176;2432;3046;614
2017-04-20T08:00:00+0200;8106;8680;574;2410;2458;48
2017-04-20T09:00:00+0200;13496;14405;909;2507;2503;-4
2017-04-20T10:00:00+0200;17369;16847;-522;2876;3443;567
2017-04-20T11:00:00+0200;19524;18496;-1028;3259;3930;671
2017-04-20T12:00:00+0200;20425;20258;-167;3635;4110;475
2017-04-20T13:00:00+0200;20466;21493;1027;4075;4444;369
2017-04-20T14:00:00+0200;19515;21382;1867;4612;4962;350
2017-04-20T15:00:00+0200;17327;19346;2019;5199;5522;323
2017-04-20T16:00:00+0200;13893;15456;1563;5751;6249;498
2017-04-20T17:00:00+0200;9486;10464;978;6159;6793;634
2017-04-20T18:00:00+0200;4689;5294;605;6340;6592;252
2017-04-20T19:00:00+0200;1194;1420;226;6408;6227;-181
2017-04-20T20:00:00+0200;52;45;-7;6757;5992;-765
2017-04-20T21:00:00+0200;0;0;0;7506;6298;-1208
2017-04-20T22:00:00+0200;0;0;0;8488;7298;-1190
2017-04-20T23:00:00+0200;0;0;0;9428;8397;-1031
2017-04-21T00:00:00+0200;0;0;0;10361;9588;-773
2017-04-21T01:00:00+0200;0;0;0;11185;10435;-750
2017-04-21T02:00:00+0200;0;0;0;11788;11021;-767
2017-04-21T03:00:00+0200;0;0;0;12189;11202;-987
2017-04-21T04:00:00+0200;0;0;0;12452;11392;-1060
2017-04-21T05:00:00+0200;0;1;1;12666;11490;-1176
2017-04-21T06:00:00+0200;259;242;-17;12831;11684;-1147
2017-04-21T07:00:00+0200;2327;2346;19;12985;11947;-1038
2017-04-21T08:00:00+0200;6127;6272;145;13155;11712;-1443
2017-04-21T09:00:00+0200;10141;10783;642;13844;11705;-2139
2017-04-21T10:00:00+0200;13402;15237;1835;15038;12916;-2122
2017-04-21T11:00:00+0200;15496;18706;3210;16303;14792;-1511
2017-04-21T12:00:00+0200;16401;19832;3431;17796;17556;-240
2017-04-21T13:00:00+0200;16026;19241;3215;19366;19612;246
2017-04-21T14:00:00+0200;14601;18136;3535;20879;21507;628
2017-04-21T15:00:00+0200;12355;15130;2775;22079;23314;1235
2017-04-21T16:00:00+0200;9434;11315;1881;23008;23880;872
2017-04-21T17:00:00+0200;6124;7176;1052;23582;24230;648
2017-04-21T18:00:00+0200;2937;3369;432;23635;24630;995
2017-04-21T19:00:00+0200;757;800;43;23659;24678;1019
2017-04-21T20:00:00+0200;32;16;-16;23923;25036;1113
2017-04-21T21:00:00+0200;0;0;0;24303;25486;1183
2017-04-21T22:00:00+0200;0;0;0;24714;25355;641
2017-04-21T23:00:00+0200;0;0;0;24733;24933;200
2017-04-22T00:00:00+0200;0;0;0;23954;24159;205
2017-04-22T01:00:00+0200;0;0;0;23129;23490;361
2017-04-22T02:00:00+0200;0;0;0;22452;22671;219
2017-04-22T03:00:00+0200;0;0;0;21901;21990;89
2017-04-22T04:00:00+0200;0;0;0;21460;21436;-24
2017-04-22T05:00:00+0200;0;2;2;20970;20456;-514
2017-04-22T06:00:00+0200;262;239;-23;20587;19618;-969
2017-04-22T07:00:00+0200;1880;1840;-40;20610;18857;-1753
2017-04-22T08:00:00+0200;4608;4631;23;21592;20799;-793
2017-04-22T09:00:00+0200;7505;7339;-166;23453;23371;-82
2017-04-22T10:00:00+0200;9907;9190;-717;25147;24669;-478
2017-04-22T11:00:00+0200;11605;10570;-1035;26330;25511;-819
2017-04-22T12:00:00+0200;12539;11493;-1046;26899;26154;-745
2017-04-22T13:00:00+0200;12565;11933;-632;27370;26758;-612
2017-04-22T14:00:00+0200;11946;11267;-679;27695;26948;-747
2017-04-22T15:00:00+0200;10661;9763;-898;27902;27509;-393
2017-04-22T16:00:00+0200;8696;8056;-640;27890;27400;-490
2017-04-22T17:00:00+0200;6168;5549;-619;27291;26628;-663
2017-04-22T18:00:00+0200;3309;3096;-213;25898;24804;-1094
2017-04-22T19:00:00+0200;961;926;-35;24059;23470;-589
2017-04-22T20:00:00+0200;48;40;-8;22236;21666;-570
2017-04-22T21:00:00+0200;0;0;0;21105;20227;-878
2017-04-22T22:00:00+0200;0;0;0;20388;19170;-1218
2017-04-22T23:00:00+0200;0;0;0;20019;19169;-850
2017-04-23T00:00:00+0200;0;0;0;20055;18382;-1673
2017-04-23T01:00:00+0200;0;0;0;19785;18234;-1551
2017-04-23T02:00:00+0200;0;0;0;19595;18209;-1386
2017-04-23T03:00:00+0200;0;0;0;19302;17823;-1479
2017-04-23T04:00:00+0200;0;0;0;19015;16952;-2063
2017-04-23T05:00:00+0200;1;2;1;18890;16237;-2653
2017-04-23T06:00:00+0200;335;306;-29;19009;15844;-3165
2017-04-23T07:00:00+0200;2561;2454;-107;19167;14541;-4626
2017-04-23T08:00:00+0200;6505;6208;-297;19065;14676;-4389
2017-04-23T09:00:00+0200;10790;9712;-1078;19119;16341;-2778
2017-04-23T10:00:00+0200;14314;11794;-2520;19872;17811;-2061
2017-04-23T11:00:00+0200;16221;13120;-3101;20843;18959;-1884
2017-04-23T12:00:00+0200;16876;14752;-2124;21348;19665;-1683
2017-04-23T13:00:00+0200;16948;15257;-1691;21792;20706;-1086
2017-04-23T14:00:00+0200;16257;15369;-888;22049;21228;-821
2017-04-23T15:00:00+0200;14532;14333;-199;21942;21654;-288
2017-04-23T16:00:00+0200;11679;12004;325;21424;21747;323
2017-04-23T17:00:00+0200;8058;8641;583;20068;20660;592
2017-04-23T18:00:00+0200;4174;4667;493;17758;18868;1110
2017-04-23T19:00:00+0200;1169;1423;254;14916;15246;330
2017-04-23T20:00:00+0200;60;69;9;12411;12040;-371
2017-04-23T21:00:00+0200;0;0;0;11033;10575;-458
2017-04-23T22:00:00+0200;0;0;0;10373;10180;-193
2017-04-23T23:00:00+0200;0;0;0;10256;10585;329
2017-04-24T00:00:00+0200;0;0;0;10421;11424;1003
2017-04-24T01:00:00+0200;0;0;0;10977;11942;965
2017-04-24T02:00:00+0200;0;0;0;11642;12470;828
2017-04-24T03:00:00+0200;0;0;0;12448;12694;246
2017-04-24T04:00:00+0200;0;0;0;13242;13696;454
2017-04-24T05:00:00+0200;5;3;-2;14009;14740;731
2017-04-24T06:00:00+0200;581;481;-100;14688;15696;1008
2017-04-24T07:00:00+0200;3466;3731;265;15336;16156;820
2017-04-24T08:00:00+0200;8599;9294;695;15956;16047;91
2017-04-24T09:00:00+0200;14192;15027;835;17136;17459;323
2017-04-24T10:00:00+0200;18461;19857;1396;19094;20074;980
2017-04-24T11:00:00+0200;20989;22941;1952;20699;21900;1201
2017-04-24T12:00:00+0200;22066;24237;2171;21805;22384;579
2017-04-24T13:00:00+0200;21851;23940;2089;22384;22436;52
2017-04-24T14:00:00+0200;20361;22184;1823;22011;21212;-799
2017-04-24T15:00:00+0200;17597;19213;1616;20522;19250;-1272
2017-04-24T16:00:00+0200;13958;15214;1256;18543;17350;-1193
2017-04-24T17:00:00+0200;9515;9961;446;15958;14527;-1431
2017-04-24T18:00:00+0200;4866;4808;-58;12969;11700;-1269
2017-04-24T19:00:00+0200;1460;1319;-141;10167;8174;-1993
2017-04-24T20:00:00+0200;140;50;-90;8113;5957;-2156
2017-04-24T21:00:00+0200;0;0;0;6935;4954;-1981
2017-04-24T22:00:00+0200;0;0;0;6149;4516;-1633
2017-04-24T23:00:00+0200;0;0;0;5706;4024;-1682
2017-04-25T00:00:00+0200;0;0;0;4835;3706;-1129
2017-04-25T01:00:00+0200;0;0;0;4931;3976;-955
2017-04-25T02:00:00+0200;0;0;0;5156;4532;-624
2017-04-25T03:00:00+0200;0;0;0;5514;5558;44
2017-04-25T04:00:00+0200;0;0;0;5975;6932;957
2017-04-25T05:00:00+0200;1;3;2;6380;8456;2076
2017-04-25T06:00:00+0200;321;315;-6;6661;9839;3178
2017-04-25T07:00:00+0200;2060;2041;-19;6894;9846;2952
2017-04-25T08:00:00+0200;4893;4825;-68;7112;9817;2705
2017-04-25T09:00:00+0200;7948;7409;-539;7499;11440;3941
2017-04-25T10:00:00+0200;10427;9054;-1373;8306;13410;5104
2017-04-25T11:00:00+0200;12122;10187;-1935;9238;14394;5156
2017-04-25T12:00:00+0200;12975;11721;-1254;9937;14744;4807
2017-04-25T13:00:00+0200;12806;12515;-291;10717;15263;4546
2017-04-25T14:00:00+0200;11912;11790;-122;11437;15425;3988
2017-04-25T15:00:00+0200;10328;10046;-282;11854;15512;3658
2017-04-25T16:00:00+0200;7973;8425;452;11866;15250;3384
2017-04-25T17:00:00+0200;5399;6139;740;11260;13896;2636
2017-04-25T18:00:00+0200;2896;3536;640;9965;12149;2184
2017-04-25T19:00:00+0200;890;1178;288;8406;9268;862
2017-04-25T20:00:00+0200;61;87;26;6952;7471;519
2017-04-25T21:00:00+0200;0;0;0;6230;6840;610
2017-04-25T22:00:00+0200;0;0;0;6010;6167;157
2017-04-25T23:00:00+0200;0;0;0;5869;5521;-348
2017-04-26T00:00:00+0200;0;0;0;4219;5196;977
2017-04-26T01:00:00+0200;0;0;0;3962;4721;759
2017-04-26T02:00:00+0200;0;0;0;3734;4377;643
2017-04-26T03:00:00+0200;0;0;0;3498;3829;331
2017-04-26T04:00:00+0200;0;0;0;3204;3726;522
2017-04-26T05:00:00+0200;3;5;2;2834;3397;563
2017-04-26T06:00:00+0200;344;334;-10;2335;2828;493
2017-04-26T07:00:00+0200;2060;2007;-53;1759;1985;226
2017-04-26T08:00:00+0200;4983;4919;-64;1220;942;-278
2017-04-26T09:00:00+0200;8394;8334;-60;952;630;-322
2017-04-26T10:00:00+0200;11280;10537;-743;801;896;95
2017-04-26T11:00:00+0200;13140;11799;-1341;715;1202;487
2017-04-26T12:00:00+0200;13990;12316;-1674;709;1400;691
2017-04-26T13:00:00+0200;13918;12631;-1287;758;1382;624
2017-04-26T14:00:00+0200;13059;12229;-830;905;1670;765
2017-04-26T15:00:00+0200;11445;10441;-1004;1146;1795;649
2017-04-26T16:00:00+0200;9283;8286;-997;1406;2173;767
2017-04-26T17:00:00+0200;6531;5982;-549;1618;2560;942
2017-04-26T18:00:00+0200;3618;3454;-164;1831;2813;982
2017-04-26T19:00:00+0200;1176;1202;26;2097;2700;603
2017-04-26T20:00:00+0200;83;83;0;2271;2441;170
2017-04-26T21:00:00+0200;0;0;0;2411;2396;-15
2017-04-26T22:00:00+0200;0;0;0;2453;2252;-201
2017-04-26T23:00:00+0200;0;0;0;2379;2214;-165
2017-04-27T00:00:00+0200;0;0;0;2244;2285;41
2017-04-27T01:00:00+0200;0;0;0;2271;2331;60
2017-04-27T02:00:00+0200;0;0;0;2386;2624;238
2017-04-27T03:00:00+0200;0;0;0;2613;2763;150
2017-04-27T04:00:00+0200;0;0;0;2778;2718;-60
2017-04-27T05:00:00+0200;5;7;2;2798;2662;-136
2017-04-27T06:00:00+0200;435;400;-35;2588;2488;-100
2017-04-27T07:00:00+0200;2554;2382;-172;2309;2520;211
2017-04-27T08:00:00+0200;6135;5710;-425;2130;2153;23
2017-04-27T09:00:00+0200;10127;9569;-558;2339;2513;174
2017-04-27T10:00:00+0200;13152;12148;-1004;2872;3730;858
2017-04-27T11:00:00+0200;14932;13369;-1563;3603;4430;827
2017-04-27T12:00:00+0200;15637;13240;-2397;4536;5771;1235
2017-04-27T13:00:00+0200;15433;12598;-2835;5431;6749;1318
2017-04-27T14:00:00+0200;14423;11856;-2567;6165;7814;1649
2017-04-27T15:00:00+0200;12657;10744;-1913;6573;8055;1482
2017-04-27T16:00:00+0200;10145;8855;-1290;6716;8532;1816
2017-04-27T17:00:00+0200;7086;6147;-939;6512;8261;1749
2017-04-27T18:00:00+0200;3910;3412;-498;5943;7359;1416
2017-04-27T19:00:00+0200;1267;1137;-130;5328;6448;1120
2017-04-27T20:00:00+0200;95;89;-6;4825;5992;1167
2017-04-27T21:00:00+0200;0;0;0;4570;5424;854
2017-04-27T22:00:00+0200;0;0;0;4491;5078;587
2017-04-27T23:00:00+0200;0;0;0;4459;5267;808
2017-04-28T00:00:00+0200;0;0;0;5192;5216;24
2017-04-28T01:00:00+0200;0;0;0;5034;4825;-209
2017-04-28T02:00:00+0200;0;0;0;4853;4738;-115
2017-04-28T03:00:00+0200;0;0;0;4688;4810;122
2017-04-28T04:00:00+0200;0;0;0;4554;4604;50
2017-04-28T05:00:00+0200;5;7;2;4334;4306;-28
2017-04-28T06:00:00+0200;422;401;-21;3923;4107;184
2017-04-28T07:00:00+0200;2317;2498;181;3482;3210;-272
2017-04-28T08:00:00+0200;5442;5912;470;3086;2395;-691
2017-04-28T09:00:00+0200;8879;9600;721;2871;2053;-818
2017-04-28T10:00:00+0200;11422;12045;623;2842;2408;-434
2017-04-28T11:00:00+0200;12958;12339;-619;2924;2636;-288
2017-04-28T12:00:00+0200;13639;11735;-1904;3034;3036;2
2017-04-28T13:00:00+0200;13474;11733;-1741;3226;3336;110
2017-04-28T14:00:00+0200;12659;10616;-2043;3597;3595;-2
2017-04-28T15:00:00+0200;11154;9273;-1881;4129;3944;-185
2017-04-28T16:00:00+0200;9140;7820;-1320;4633;4129;-504
2017-04-28T17:00:00+0200;6641;5961;-680;4849;4794;-55
2017-04-28T18:00:00+0200;3810;3628;-182;4767;5000;233
2017-04-28T19:00:00+0200;1271;1394;123;4710;4768;58
2017-04-28T20:00:00+0200;103;112;9;4546;3928;-618
2017-04-28T21:00:00+0200;0;0;0;4575;4188;-387
2017-04-28T22:00:00+0200;0;0;0;4745;4414;-331
2017-04-28T23:00:00+0200;0;0;0;5005;4474;-531
2017-04-29T00:00:00+0200;0;0;0;4975;4628;-347
2017-04-29T01:00:00+0200;0;0;0;5333;4966;-367
2017-04-29T02:00:00+0200;0;0;0;5725;5292;-433
2017-04-29T03:00:00+0200;0;0;0;6039;5718;-321
2017-04-29T04:00:00+0200;0;0;0;6225;6346;121
2017-04-29T05:00:00+0200;6;8;2;6159;6419;260
2017-04-29T06:00:00+0200;505;518;13;5820;6304;484
2017-04-29T07:00:00+0200;2856;2956;100;5314;5447;133
2017-04-29T08:00:00+0200;6791;7028;237;4924;4247;-677
2017-04-29T09:00:00+0200;11143;11630;487;4928;4756;-172
2017-04-29T10:00:00+0200;14710;14142;-568;5143;5155;12
2017-04-29T11:00:00+0200;16905;15127;-1778;5209;4971;-238
2017-04-29T12:00:00+0200;18019;15937;-2082;4954;4816;-138
2017-04-29T13:00:00+0200;18147;16735;-1412;4577;4441;-136
2017-04-29T14:00:00+0200;17380;16335;-1045;4145;3818;-327
2017-04-29T15:00:00+0200;15699;15505;-194;3648;3415;-233
2017-04-29T16:00:00+0200;13096;13213;117;3091;2806;-285
2017-04-29T17:00:00+0200;9445;9808;363;2517;2220;-297
2017-04-29T18:00:00+0200;5139;5702;563;2005;1593;-412
2017-04-29T19:00:00+0200;1611;1939;328;1724;1193;-531
2017-04-29T20:00:00+0200;134;159;25;1928;1487;-441
2017-04-29T21:00:00+0200;0;0;0;2784;2994;210
2017-04-29T22:00:00+0200;0;0;0;3890;4412;522
2017-04-29T23:00:00+0200;0;0;0;4913;5795;882
2017-04-30T00:00:00+0200;0;0;0;5618;7285;1667
2017-04-30T01:00:00+0200;0;0;0;6499;8210;1711
2017-04-30T02:00:00+0200;0;0;0;7130;9075;1945
2017-04-30T03:00:00+0200;0;0;0;7716;9968;2252
2017-04-30T04:00:00+0200;0;0;0;8370;11053;2683
2017-04-30T05:00:00+0200;12;11;-1;8832;12070;3238
2017-04-30T06:00:00+0200;635;780;145;8955;12720;3765
2017-04-30T07:00:00+0200;3954;4582;628;8888;12268;3380
2017-04-30T08:00:00+0200;9900;11076;1176;8839;9778;939
2017-04-30T09:00:00+0200;16286;17655;1369;9776;11138;1362
2017-04-30T10:00:00+0200;21174;22892;1718;11611;14851;3240
2017-04-30T11:00:00+0200;24284;26073;1789;13759;16462;2703
2017-04-30T12:00:00+0200;25811;27375;1564;15838;16527;689
2017-04-30T13:00:00+0200;25999;27500;1501;17663;15428;-2235
2017-04-30T14:00:00+0200;24758;26626;1868;19142;15456;-3686
2017-04-30T15:00:00+0200;22010;24208;2198;20295;16558;-3737
2017-04-30T16:00:00+0200;17772;19829;2057;21292;18518;-2774
2017-04-30T17:00:00+0200;12011;13718;1707;22046;21952;-94
2017-04-30T18:00:00+0200;5931;7067;1136;22372;24157;1785
2017-04-30T19:00:00+0200;1657;2079;422;22653;25870;3217
2017-04-30T20:00:00+0200;155;172;17;23463;26165;2702
2017-04-30T21:00:00+0200;0;0;0;24484;27403;2919
2017-04-30T22:00:00+0200;0;0;0;25389;27472;2083
2017-04-30T23:00:00+0200;0;0;0;25693;26762;1069
2017-05-01T00:00:00+0200;0;0;0;27168;27360;192
2017-05-01T01:00:00+0200;0;0;0;26701;26476;-225
2017-05-01T02:00:00+0200;0;0;0;26093;25572;-521
2017-05-01T03:00:00+0200;0;0;0;25403;24278;-1125
2017-05-01T04:00:00+0200;0;0;0;24635;22768;-1867
2017-05-01T05:00:00+0200;15;13;-2;23696;21870;-1826
2017-05-01T06:00:00+0200;649;763;114;22523;21073;-1450
2017-05-01T07:00:00+0200;3482;3759;277;21315;19966;-1349
2017-05-01T08:00:00+0200;7887;7974;87;20428;18252;-2176
2017-05-01T09:00:00+0200;12140;11750;-390;19897;17685;-2212
2017-05-01T10:00:00+0200;14904;14256;-648;19635;18063;-1572
2017-05-01T11:00:00+0200;16215;15383;-832;19654;18425;-1229
2017-05-01T12:00:00+0200;16256;15042;-1214;19719;18483;-1236
2017-05-01T13:00:00+0200;14836;13710;-1126;19643;18684;-959
2017-05-01T14:00:00+0200;12664;11906;-758;19394;18207;-1187
2017-05-01T15:00:00+0200;10252;9758;-494;18920;17488;-1432
2017-05-01T16:00:00+0200;7695;7372;-323;18421;16942;-1479
2017-05-01T17:00:00+0200;5103;4671;-432;17985;17022;-963
2017-05-01T18:00:00+0200;2754;2468;-286;17650;16698;-952
2017-05-01T19:00:00+0200;937;846;-91;17550;15992;-1558
2017-05-01T20:00:00+0200;83;67;-16;17699;15986;-1713
2017-05-01T21:00:00+0200;0;0;0;17790;16080;-1710
2017-05-01T22:00:00+0200;0;0;0;17762;15852;-1910
2017-05-01T23:00:00+0200;0;0;0;17593;15444;-2149
2017-05-02T00:00:00+0200;0;0;0;17381;15016;-2365
2017-05-02T01:00:00+0200;0;0;0;16926;14867;-2059
2017-05-02T02:00:00+0200;0;0;0;16494;15098;-1396
2017-05-02T03:00:00+0200;0;0;0;16257;15590;-667
2017-05-02T04:00:00+0200;0;0;0;16162;16079;-83
2017-05-02T05:00:00+0200;9;10;1;16131;16568;437
2017-05-02T06:00:00+0200;355;339;-16;16095;16929;834
2017-05-02T07:00:00+0200;1668;1604;-64;16137;16986;849
2017-05-02T08:00:00+0200;3766;3446;-320;16464;17596;1132
2017-05-02T09:00:00+0200;6118;5639;-479;17120;18116;996
2017-05-02T10:00:00+0200;8197;7956;-241;17793;18696;903
2017-05-02T11:00:00+0200;9846;10002;156;18425;19577;1152
2017-05-02T12:00:00+0200;10966;11444;478;18921;20424;1503
2017-05-02T13:00:00+0200;11410;11714;304;19110;20452;1342
2017-05-02T14:00:00+0200;11194;11300;106;18856;19884;1028
2017-05-02T15:00:00+0200;10257;9900;-357;18142;19167;1025
2017-05-02T16:00:00+0200;8577;8096;-481;17394;17542;148
2017-05-02T17:00:00+0200;6200;5680;-520;16770;16592;-178
2017-05-02T18:00:00+0200;3408;2943;-465;16350;15987;-363
2017-05-02T19:00:00+0200;1084;945;-139;16101;15306;-795
2017-05-02T20:00:00+0200;101;52;-49;15924;14936;-988
2017-05-02T21:00:00+0200;0;0;0;15685;15312;-373
2017-05-02T22:00:00+0200;0;0;0;15483;14582;-901
2017-05-02T23:00:00+0200;0;0;0;15183;14580;-603
2017-05-03T00:00:00+0200;0;0;0;15306;13982;-1324
2017-05-03T01:00:00+0200;0;0;0;14630;13359;-1271
2017-05-03T02:00:00+0200;0;0;0;13945;12688;-1257
2017-05-03T03:00:00+0200;0;0;0;13213;11924;-1289
2017-05-03T04:00:00+0200;0;0;0;12484;10938;-1546
2017-05-03T05:00:00+0200;17;16;-1;11792;10514;-1278
2017-05-03T06:00:00+0200;639;574;-65;11138;10479;-659
2017-05-03T07:00:00+0200;2862;2591;-271;10559;10294;-265
2017-05-03T08:00:00+0200;6219;5501;-718;10109;9721;-388
2017-05-03T09:00:00+0200;9822;8900;-922;9919;9102;-817
2017-05-03T10:00:00+0200;12635;12207;-428;9919;9032;-887
2017-05-03T11:00:00+0200;14419;14263;-156;10146;9600;-546
2017-05-03T12:00:00+0200;15275;15071;-204;10579;10519;-60
2017-05-03T13:00:00+0200;15052;15004;-48;11200;11300;100
2017-05-03T14:00:00+0200;13954;14327;373;11997;12662;665
2017-05-03T15:00:00+0200;12064;12933;869;12913;13984;1071
2017-05-03T16:00:00+0200;9628;10822;1194;13742;15088;1346
2017-05-03T17:00:00+0200;6810;7821;1011;14423;16172;1749
2017-05-03T18:00:00+0200;3855;4437;582;14907;16399;1492
2017-05-03T19:00:00+0200;1359;1514;155;15279;15829;550
2017-05-03T20:00:00+0200;134;116;-18;15627;15713;86
2017-05-03T21:00:00+0200;0;0;0;15854;16387;533
2017-05-03T22:00:00+0200;0;0;0;15917;16167;250
2017-05-03T23:00:00+0200;0;0;0;15830;15928;98
2017-05-04T00:00:00+0200;0;0;0;18006;15951;-2055
2017-05-04T01:00:00+0200;0;0;0;17681;15811;-1870
2017-05-04T02:00:00+0200;0;0;0;17468;15566;-1902
2017-05-04T03:00:00+0200;0;0;0;17445;15401;-2044
2017-05-04T04:00:00+0200;0;0;0;17455;15154;-2301
2017-05-04T05:00:00+0200;10;8;-2;17490;14877;-2613
2017-05-04T06:00:00+0200;405;410;5;17515;15108;-2407
2017-05-04T07:00:00+0200;1861;2026;165;17573;14848;-2725
2017-05-04T08:00:00+0200;3947;4276;329;17788;14511;-3277
2017-05-04T09:00:00+0200;6114;6568;454;18191;14112;-4079
2017-05-04T10:00:00+0200;7813;8742;929;18602;14036;-4566
2017-05-04T11:00:00+0200;8967;10120;1153;18977;14787;-4190
2017-05-04T12:00:00+0200;9669;10666;997;19317;15428;-3889
2017-05-04T13:00:00+0200;9816;10457;641;19581;16068;-3513
2017-05-04T14:00:00+0200;9352;9639;287;19668;16483;-3185
2017-05-04T15:00:00+0200;8294;7992;-302;19554;17169;-2385
2017-05-04T16:00:00+0200;6674;6040;-634;19472;17648;-1824
2017-05-04T17:00:00+0200;4719;4145;-574;19391;17302;-2089
2017-05-04T18:00:00+0200;2664;2339;-325;19276;16964;-2312
2017-05-04T19:00:00+0200;930;861;-69;19159;17049;-2110
2017-05-04T20:00:00+0200;98;68;-30;18913;16308;-2605
2017-05-04T21:00:00+0200;0;0;0;18402;15251;-3151
2017-05-04T22:00:00+0200;0;0;0;17640;13938;-3702
2017-05-04T23:00:00+0200;0;0;0;16643;13643;-3000
2017-05-05T00:00:00+0200;0;0;0;13779;13209;-570
2017-05-05T01:00:00+0200;0;0;0;13163;12555;-608
2017-05-05T02:00:00+0200;0;0;0;12603;11878;-725
2017-05-05T03:00:00+0200;0;0;0;12185;11430;-755
2017-05-05T04:00:00+0200;0;0;0;11787;10711;-1076
2017-05-05T05:00:00+0200;11;8;-3;11345;9964;-1381
2017-05-05T06:00:00+0200;376;220;-156;10832;9868;-964
2017-05-05T07:00:00+0200;1660;1226;-434;10356;9098;-1258
2017-05-05T08:00:00+0200;3459;2870;-589;9887;8471;-1416
2017-05-05T09:00:00+0200;5352;4728;-624;9443;7938;-1505
2017-05-05T10:00:00+0200;7213;6592;-621;9019;7236;-1783
2017-05-05T11:00:00+0200;8950;8136;-814;8588;6240;-2348
2017-05-05T12:00:00+0200;10477;9150;-1327;8132;5542;-2590
2017-05-05T13:00:00+0200;11420;9933;-1487;7601;4706;-2895
2017-05-05T14:00:00+0200;11613;9942;-1671;6972;4003;-2969
2017-05-05T15:00:00+0200;10949;9686;-1263;6359;3810;-2549
2017-05-05T16:00:00+0200;9323;8598;-725;5873;2974;-2899
2017-05-05T17:00:00+0200;6871;6764;-107;5547;2659;-2888
2017-05-05T18:00:00+0200;3932;4180;248;5391;2668;-2723
2017-05-05T19:00:00+0200;1406;1604;198;5299;2994;-2305
2017-05-05T20:00:00+0200;156;162;6;5246;3326;-1920
2017-05-05T21:00:00+0200;0;0;0;5249;3997;-1252
2017-05-05T22:00:00+0200;0;0;0;5226;4225;-1001
2017-05-05T23:00:00+0200;0;0;0;5004;4364;-640
2017-05-06T00:00:00+0200;0;0;0;4151;4678;527
2017-05-06T01:00:00+0200;0;0;0;3982;4648;666
2017-05-06T02:00:00+0200;0;0;0;3872;4606;734
2017-05-06T03:00:00+0200;0;0;0;3890;4601;711
2017-05-06T04:00:00+0200;0;0;0;3938;4468;530
2017-05-06T05:00:00+0200;26;17;-9;3884;4438;554
2017-05-06T06:00:00+0200;792;764;-28;3708;4410;702
2017-05-06T07:00:00+0200;3481;3412;-69;3433;4147;714
2017-05-06T08:00:00+0200;7462;7509;47;3089;3410;321
2017-05-06T09:00:00+0200;11584;12136;552;2966;3188;222
2017-05-06T10:00:00+0200;14710;16056;1346;3087;3413;326
2017-05-06T11:00:00+0200;16547;18763;2216;3305;3769;464
2017-05-06T12:00:00+0200;17289;20242;2953;3532;3991;459
2017-05-06T13:00:00+0200;17122;20218;3096;3694;4003;309
2017-05-06T14:00:00+0200;15830;18997;3167;3742;4178;436
2017-05-06T15:00:00+0200;13671;16486;2815;3820;4342;522
2017-05-06T16:00:00+0200;10804;12928;2124;4054;4484;430
2017-05-06T17:00:00+0200;7379;9091;1712;4411;4527;116
2017-05-06T18:00:00+0200;4040;4996;956;4844;4376;-468
2017-05-06T19:00:00+0200;1507;1827;320;5381;4450;-931
2017-05-06T20:00:00+0200;191;189;-2;5910;4608;-1302
2017-05-06T21:00:00+0200;0;0;0;6316;5425;-891
2017-05-06T22:00:00+0200;0;0;0;6481;5776;-705
2017-05-06T23:00:00+0200;0;0;0;6165;5396;-769
2017-05-07T00:00:00+0200;0;0;0;4555;4835;280
2017-05-07T01:00:00+0200;0;0;0;3892;4033;141
2017-05-07T02:00:00+0200;0;0;0;3339;3207;-132
2017-05-07T03:00:00+0200;0;0;0;2906;2458;-448
2017-05-07T04:00:00+0200;0;0;0;2576;2055;-521
2017-05-07T05:00:00+0200;31;22;-9;2250;1783;-467
2017-05-07T06:00:00+0200;646;588;-58;1918;1672;-246
2017-05-07T07:00:00+0200;2369;2248;-121;1623;1332;-291
2017-05-07T08:00:00+0200;4631;4511;-120;1430;1072;-358
2017-05-07T09:00:00+0200;6937;7216;279;1465;1096;-369
2017-05-07T10:00:00+0200;9026;9765;739;1676;1455;-221
2017-05-07T11:00:00+0200;10717;11528;811;2024;1916;-108
2017-05-07T12:00:00+0200;11644;12952;1308;2488;2352;-136
2017-05-07T13:00:00+0200;11758;13745;1987;3025;2682;-343
2017-05-07T14:00:00+0200;11295;13494;2199;3634;3301;-333
2017-05-07T15:00:00+0200;10143;12062;1919;4289;4235;-54
2017-05-07T16:00:00+0200;8282;9890;1608;4869;5378;509
2017-05-07T17:00:00+0200;5895;7004;1109;5335;6292;957
2017-05-07T18:00:00+0200;3357;3854;497;5562;6753;1191
2017-05-07T19:00:00+0200;1271;1357;86;5692;7043;1351
2017-05-07T20:00:00+0200;172;160;-12;5852;7404;1552
2017-05-07T21:00:00+0200;0;0;0;6162;7855;1693
2017-05-07T22:00:00+0200;0;0;0;6534;8130;1596
2017-05-07T23:00:00+0200;0;0;0;6743;8084;1341
2017-05-08T00:00:00+0200;0;0;0;5688;7739;2051
2017-05-08T01:00:00+0200;0;0;0;5612;7083;1471
2017-05-08T02:00:00+0200;0;0;0;5609;6774;1165
2017-05-08T03:00:00+0200;0;0;0;5834;6840;1006
2017-05-08T04:00:00+0200;0;0;0;6299;7071;772
2017-05-08T05:00:00+0200;26;18;-8;7025;8232;1207
2017-05-08T06:00:00+0200;520;343;-177;7930;10000;2070
2017-05-08T07:00:00+0200;1841;1358;-483;8874;11544;2670
2017-05-08T08:00:00+0200;3535;2755;-780;9697;12614;2917
2017-05-08T09:00:00+0200;5329;4173;-1156;10318;13272;2954
2017-05-08T10:00:00+0200;7013;5400;-1613;10892;14015;3123
2017-05-08T11:00:00+0200;8511;6486;-2025;11346;14436;3090
2017-05-08T12:00:00+0200;9627;7246;-2381;11635;14676;3041
2017-05-08T13:00:00+0200;9941;7430;-2511;12005;14300;2295
2017-05-08T14:00:00+0200;9656;7289;-2367;12408;14398;1990
2017-05-08T15:00:00+0200;8880;6827;-2053;12771;14756;1985
2017-05-08T16:00:00+0200;7492;5988;-1504;13062;14732;1670
2017-05-08T17:00:00+0200;5617;4551;-1066;13041;14828;1787
2017-05-08T18:00:00+0200;3422;2739;-683;12532;14285;1753
2017-05-08T19:00:00+0200;1402;1144;-258;11807;12873;1066
2017-05-08T20:00:00+0200;203;180;-23;10892;10926;34
2017-05-08T21:00:00+0200;0;1;1;10001;9496;-505
2017-05-08T22:00:00+0200;0;0;0;9267;8696;-571
2017-05-08T23:00:00+0200;0;0;0;8495;7869;-626
2017-05-09T00:00:00+0200;0;0;0;6427;6426;-1
2017-05-09T01:00:00+0200;0;0;0;5122;4880;-242
2017-05-09T02:00:00+0200;0;0;0;4147;3910;-237
2017-05-09T03:00:00+0200;0;0;0;3455;3006;-449
2017-05-09T04:00:00+0200;0;0;0;2945;2390;-555
2017-05-09T05:00:00+0200;45;34;-11;2516;2063;-453
2017-05-09T06:00:00+0200;884;915;31;2219;1764;-455
2017-05-09T07:00:00+0200;3552;3592;40;1967;1326;-641
2017-05-09T08:00:00+0200;7486;7746;260;1882;944;-938
2017-05-09T09:00:00+0200;11689;12514;825;2316;1314;-1002
2017-05-09T10:00:00+0200;14848;16053;1205;3010;1703;-1307
2017-05-09T11:00:00+0200;16776;17382;606;3690;2043;-1647
2017-05-09T12:00:00+0200;17601;16760;-841;4350;2424;-1926
2017-05-09T13:00:00+0200;17611;16056;-1555;5030;2932;-2098
2017-05-09T14:00:00+0200;16631;15741;-890;5713;3370;-2343
2017-05-09T15:00:00+0200;14698;14537;-161;6450;3960;-2490
2017-05-09T16:00:00+0200;11973;12283;310;7173;4424;-2749
2017-05-09T17:00:00+0200;8610;8960;350;7535;4528;-3007
2017-05-09T18:00:00+0200;4993;5460;467;7495;4090;-3405
2017-05-09T19:00:00+0200;1981;2225;244;7144;3614;-3530
2017-05-09T20:00:00+0200;280;303;23;6704;3278;-3426
2017-05-09T21:00:00+0200;0;0;0;6423;3282;-3141
2017-05-09T22:00:00+0200;0;0;0;6341;3976;-2365
2017-05-09T23:00:00+0200;0;0;0;6381;4849;-1532
2017-05-10T00:00:00+0200;0;0;0;6904;5625;-1279
2017-05-10T01:00:00+0200;0;0;0;7501;6237;-1264
2017-05-10T02:00:00+0200;0;0;0;7996;6604;-1392
2017-05-10T03:00:00+0200;0;0;0;8368;7014;-1354
2017-05-10T04:00:00+0200;0;0;0;8633;6834;-1799
2017-05-10T05:00:00+0200;39;34;-5;8606;6707;-1899
2017-05-10T06:00:00+0200;894;1102;208;8144;6160;-1984
2017-05-10T07:00:00+0200;3855;4405;550;7603;5038;-2565
2017-05-10T08:00:00+0200;8471;9508;1037;7377;4500;-2877
2017-05-10T09:00:00+0200;13213;14798;1585;7394;4232;-3162
2017-05-10T10:00:00+0200;16816;19063;2247;7364;4512;-2852
2017-05-10T11:00:00+0200;19034;21958;2924;7156;4898;-2258
2017-05-10T12:00:00+0200;20096;23298;3202;6782;5246;-1536
2017-05-10T13:00:00+0200;20520;24009;3489;6430;5273;-1157
2017-05-10T14:00:00+0200;19802;23541;3739;6176;5104;-1072
2017-05-10T15:00:00+0200;17996;21636;3640;5882;4879;-1003
2017-05-10T16:00:00+0200;15078;18076;2998;5338;4273;-1065
2017-05-10T17:00:00+0200;10959;13085;2126;4545;3321;-1224
2017-05-10T18:00:00+0200;6197;7346;1149;3578;2458;-1120
2017-05-10T19:00:00+0200;2328;2669;341;2750;1989;-761
2017-05-10T20:00:00+0200;328;372;44;2325;1926;-399
2017-05-10T21:00:00+0200;0;1;1;2467;2422;-45
2017-05-10T22:00:00+0200;0;0;0;2826;3007;181
2017-05-10T23:00:00+0200;0;0;0;3047;3475;428
2017-05-11T00:00:00+0200;0;0;0;3397;3636;239
2017-05-11T01:00:00+0200;0;0;0;3772;3738;-34
2017-05-11T02:00:00+0200;0;0;0;3986;4024;38
2017-05-11T03:00:00+0200;0;0;0;3982;4409;427
2017-05-11T04:00:00+0200;0;0;0;3944;4665;721
2017-05-11T05:00:00+0200;58;54;-4;4001;5058;1057
2017-05-11T06:00:00+0200;1090;1311;221;3996;5556;1560
2017-05-11T07:00:00+0200;4438;5210;772;3775;5058;1283
2017-05-11T08:00:00+0200;9346;10853;1507;3290;3398;108
2017-05-11T09:00:00+0200;14333;16370;2037;2940;3108;168
2017-05-11T10:00:00+0200;18191;20539;2348;3135;3183;48
2017-05-11T11:00:00+0200;20461;23613;3152;3473;3473;0
2017-05-11T12:00:00+0200;21166;25119;3953;4002;4423;421
2017-05-11T13:00:00+0200;20864;24766;3902;4571;5647;1076
2017-05-11T14:00:00+0200;19355;22420;3065;5135;6728;1593
2017-05-11T15:00:00+0200;16711;18245;1534;5792;7750;1958
2017-05-11T16:00:00+0200;12969;13489;520;6498;8744;2246
2017-05-11T17:00:00+0200;8706;8702;-4;7565;10070;2505
2017-05-11T18:00:00+0200;4687;4636;-51;9223;11714;2491
2017-05-11T19:00:00+0200;1773;1746;-27;11220;12547;1327
2017-05-11T20:00:00+0200;270;250;-20;13384;13497;113
2017-05-11T21:00:00+0200;1;1;0;15178;15918;740
2017-05-11T22:00:00+0200;0;0;0;16167;16334;167
2017-05-11T23:00:00+0200;0;0;0;16392;15465;-927
2017-05-12T00:00:00+0200;0;0;0;16248;14744;-1504
2017-05-12T01:00:00+0200;0;0;0;15410;13723;-1687
2017-05-12T02:00:00+0200;0;0;0;14546;12982;-1564
2017-05-12T03:00:00+0200;0;0;0;13821;12393;-1428
2017-05-12T04:00:00+0200;0;0;0;13161;11894;-1267
2017-05-12T05:00:00+0200;56;52;-4;12412;11120;-1292
2017-05-12T06:00:00+0200;871;824;-47;11510;10464;-1046
2017-05-12T07:00:00+0200;3017;2885;-132;10561;9287;-1274
2017-05-12T08:00:00+0200;5865;6163;298;9808;7854;-1954
2017-05-12T09:00:00+0200;8957;10102;1145;9366;6638;-2728
2017-05-12T10:00:00+0200;11835;13716;1881;9119;6058;-3061
2017-05-12T11:00:00+0200;14184;16587;2403;9057;6055;-3002
2017-05-12T12:00:00+0200;15649;18257;2608;9153;6489;-2664
2017-05-12T13:00:00+0200;16048;18450;2402;9205;7042;-2163
2017-05-12T14:00:00+0200;15428;17472;2044;9014;7540;-1474
2017-05-12T15:00:00+0200;13911;15399;1488;8538;8003;-535
2017-05-12T16:00:00+0200;11528;12459;931;8058;8148;90
2017-05-12T17:00:00+0200;8367;8406;39;7590;8034;444
2017-05-12T18:00:00+0200;4903;4715;-188;7126;7758;632
2017-05-12T19:00:00+0200;2009;2144;135;6863;6910;47
2017-05-12T20:00:00+0200;326;342;16;6898;6702;-196
2017-05-12T21:00:00+0200;1;1;0;7125;6352;-773
2017-05-12T22:00:00+0200;0;0;0;7275;6250;-1025
2017-05-12T23:00:00+0200;0;0;0;7183;6285;-898
2017-05-13T00:00:00+0200;0;0;0;6756;6067;-689
2017-05-13T01:00:00+0200;0;0;0;6334;5975;-359
2017-05-13T02:00:00+0200;0;0;0;5887;5371;-516
2017-05-13T03:00:00+0200;0;0;0;5452;4992;-460
2017-05-13T04:00:00+0200;0;0;0;5080;4821;-259
2017-05-13T05:00:00+0200;64;51;-13;4732;4852;120
2017-05-13T06:00:00+0200;1066;1055;-11;4398;4820;422
2017-05-13T07:00:00+0200;3772;3819;47;3982;4211;229
2017-05-13T08:00:00+0200;7546;7772;226;3525;2943;-582
2017-05-13T09:00:00+0200;11434;11798;364;3137;2264;-873
2017-05-13T10:00:00+0200;14611;14956;345;2911;1855;-1056
2017-05-13T11:00:00+0200;16965;17617;652;2871;2133;-738
2017-05-13T12:00:00+0200;18176;18692;516;2988;2732;-256
2017-05-13T13:00:00+0200;18451;18069;-382;3176;3028;-148
2017-05-13T14:00:00+0200;17643;16733;-910;3274;3099;-175
2017-05-13T15:00:00+0200;15759;15685;-74;3246;3063;-183
2017-05-13T16:00:00+0200;12882;12674;-208;3217;2815;-402
2017-05-13T17:00:00+0200;9181;8968;-213;3070;2806;-264
2017-05-13T18:00:00+0200;5360;5229;-131;2773;2665;-108
2017-05-13T19:00:00+0200;2207;2004;-203;2567;2768;201
2017-05-13T20:00:00+0200;370;302;-68;2482;2786;304
2017-05-13T21:00:00+0200;1;4;3;2601;2587;-14
2017-05-13T22:00:00+0200;0;0;0;2842;2724;-118
2017-05-13T23:00:00+0200;0;0;0;3113;2765;-348
2017-05-14T00:00:00+0200;0;0;0;2956;2712;-244
2017-05-14T01:00:00+0200;0;0;0;3204;2924;-280
2017-05-14T02:00:00+0200;0;0;0;3455;3406;-49
2017-05-14T03:00:00+0200;0;0;0;3531;3690;159
2017-05-14T04:00:00+0200;0;0;0;3498;4195;697
2017-05-14T05:00:00+0200;75;67;-8;3365;4208;843
2017-05-14T06:00:00+0200;1105;1156;51;3045;4002;957
2017-05-14T07:00:00+0200;3868;3845;-23;2683;3692;1009
2017-05-14T08:00:00+0200;7785;7759;-26;2387;2872;485
2017-05-14T09:00:00+0200;11779;12337;558;2321;2828;507
2017-05-14T10:00:00+0200;14840;16257;1417;2458;3289;831
2017-05-14T11:00:00+0200;16803;17831;1028;2701;3763;1062
2017-05-14T12:00:00+0200;17565;17798;233;2987;4212;1225
2017-05-14T13:00:00+0200;17619;16854;-765;3312;4365;1053
2017-05-14T14:00:00+0200;16638;15816;-822;3545;4544;999
2017-05-14T15:00:00+0200;14644;14064;-580;3591;4666;1075
2017-05-14T16:00:00+0200;11978;11580;-398;3700;4089;389
2017-05-14T17:00:00+0200;8686;8394;-292;3655;3709;54
2017-05-14T18:00:00+0200;5134;5012;-122;3284;3343;59
2017-05-14T19:00:00+0200;2193;2238;45;2876;3059;183
2017-05-14T20:00:00+0200;381;408;27;2625;2896;271
2017-05-14T21:00:00+0200;2;2;0;2530;2767;237
2017-05-14T22:00:00+0200;0;0;0;2610;2864;254
2017-05-14T23:00:00+0200;0;0;0;2851;3369;518
2017-05-15T00:00:00+0200;0;0;0;3636;3641;5
2017-05-15T01:00:00+0200;0;0;0;4040;4119;79
2017-05-15T02:00:00+0200;0;0;0;4166;4460;294
2017-05-15T03:00:00+0200;0;0;0;3967;4394;427
2017-05-15T04:00:00+0200;0;0;0;3741;3971;230
2017-05-15T05:00:00+0200;80;67;-13;3304;3630;326
2017-05-15T06:00:00+0200;1194;1246;52;2677;3147;470
2017-05-15T07:00:00+0200;4213;4493;280;2036;2474;438
2017-05-15T08:00:00+0200;8589;9307;718;1619;1742;123
2017-05-15T09:00:00+0200;13189;14206;1017;1566;1482;-84
2017-05-15T10:00:00+0200;16997;18006;1009;1675;1430;-245
2017-05-15T11:00:00+0200;19536;20522;986;1859;1827;-32
2017-05-15T12:00:00+0200;20848;21898;1050;2140;2468;328
2017-05-15T13:00:00+0200;21134;22120;986;2448;3023;575
2017-05-15T14:00:00+0200;20294;21700;1406;2684;3252;568
2017-05-15T15:00:00+0200;18282;19846;1564;2758;3221;463
2017-05-15T16:00:00+0200;15054;16804;1750;2748;3086;338
2017-05-15T17:00:00+0200;10751;12267;1516;2560;2668;108
2017-05-15T18:00:00+0200;6097;7189;1092;2164;2110;-54
2017-05-15T19:00:00+0200;2431;2786;355;1787;1632;-155
2017-05-15T20:00:00+0200;442;464;22;1643;1864;221
2017-05-15T21:00:00+0200;2;1;-1;1861;2320;459
2017-05-15T22:00:00+0200;0;0;0;2305;2907;602
2017-05-15T23:00:00+0200;0;0;0;2956;3793;837
2017-05-16T00:00:00+0200;0;0;0;4261;4710;449
2017-05-16T01:00:00+0200;0;0;0;4910;5668;758
2017-05-16T02:00:00+0200;0;0;0;5373;5886;513
2017-05-16T03:00:00+0200;0;0;0;5529;5640;111
2017-05-16T04:00:00+0200;0;0;0;5608;5698;90
2017-05-16T05:00:00+0200;77;74;-3;5684;6226;542
2017-05-16T06:00:00+0200;1094;1252;158;5804;6644;840
2017-05-16T07:00:00+0200;3738;4286;548;5944;7020;1076
2017-05-16T08:00:00+0200;7415;8921;1506;6048;6594;546
2017-05-16T09:00:00+0200;11241;13693;2452;6061;6031;-30
2017-05-16T10:00:00+0200;14468;17353;2885;6035;5836;-199
2017-05-16T11:00:00+0200;16849;19638;2789;5965;5587;-378
2017-05-16T12:00:00+0200;18281;20955;2674;5845;5332;-513
2017-05-16T13:00:00+0200;18665;21102;2437;5717;5008;-709
2017-05-16T14:00:00+0200;17987;20147;2160;5466;4676;-790
2017-05-16T15:00:00+0200;16196;17856;1660;5132;4544;-588
2017-05-16T16:00:00+0200;13332;14806;1474;4885;4254;-631
2017-05-16T17:00:00+0200;9497;10680;1183;4771;4103;-668
2017-05-16T18:00:00+0200;5322;6036;714;4937;3970;-967
2017-05-16T19:00:00+0200;2102;2381;279;5259;4082;-1177
2017-05-16T20:00:00+0200;388;388;0;5757;4385;-1372
2017-05-16T21:00:00+0200;3;1;-2;6440;4570;-1870
2017-05-16T22:00:00+0200;0;0;0;7192;4756;-2436
2017-05-16T23:00:00+0200;0;0;0;7679;4952;-2727
2017-05-17T00:00:00+0200;0;0;0;5694;4636;-1058
2017-05-17T01:00:00+0200;0;0;0;5566;4471;-1095
2017-05-17T02:00:00+0200;0;0;0;5391;4230;-1161
2017-05-17T03:00:00+0200;0;0;0;5213;4078;-1135
2017-05-17T04:00:00+0200;0;0;0;5052;3931;-1121
2017-05-17T05:00:00+0200;83;78;-5;4864;3842;-1022
2017-05-17T06:00:00+0200;1166;1311;145;4571;3956;-615
2017-05-17T07:00:00+0200;4308;4688;380;4165;3286;-879
2017-05-17T08:00:00+0200;9026;10059;1033;3594;2232;-1362
2017-05-17T09:00:00+0200;14117;15807;1690;2953;1742;-1211
2017-05-17T10:00:00+0200;18464;20611;2147;2581;1888;-693
2017-05-17T11:00:00+0200;21735;24090;2355;2677;2252;-425
2017-05-17T12:00:00+0200;23766;25930;2164;3143;2776;-367
2017-05-17T13:00:00+0200;24313;26290;1977;3669;3527;-142
2017-05-17T14:00:00+0200;23411;25307;1896;4191;4453;262
2017-05-17T15:00:00+0200;21109;22865;1756;4753;5465;712
2017-05-17T16:00:00+0200;17481;18914;1433;5336;6540;1204
2017-05-17T17:00:00+0200;12514;13531;1017;6164;8100;1936
2017-05-17T18:00:00+0200;6992;7616;624;7348;9527;2179
2017-05-17T19:00:00+0200;2746;2908;162;8851;10408;1557
2017-05-17T20:00:00+0200;541;500;-41;10933;11710;777
2017-05-17T21:00:00+0200;5;3;-2;13430;15544;2114
2017-05-17T22:00:00+0200;0;0;0;15608;18677;3069
2017-05-17T23:00:00+0200;0;0;0;16891;20028;3137
2017-05-18T00:00:00+0200;0;0;0;18270;19970;1700
2017-05-18T01:00:00+0200;0;0;0;18207;19394;1187
2017-05-18T02:00:00+0200;0;0;0;17970;18920;950
2017-05-18T03:00:00+0200;0;0;0;17464;18018;554
2017-05-18T04:00:00+0200;0;0;0;16883;17497;614
2017-05-18T05:00:00+0200;122;114;-8;16027;15939;-88
2017-05-18T06:00:00+0200;1406;1616;210;14732;14342;-390
2017-05-18T07:00:00+0200;4987;5319;332;13041;11390;-1651
2017-05-18T08:00:00+0200;9909;10492;583;11305;8317;-2988
2017-05-18T09:00:00+0200;14635;15132;497;10063;7529;-2534
2017-05-18T10:00:00+0200;18098;18544;446;9151;7617;-1534
2017-05-18T11:00:00+0200;20195;20485;290;8472;7747;-725
2017-05-18T12:00:00+0200;21040;20797;-243;7961;7256;-705
2017-05-18T13:00:00+0200;20461;20265;-196;7494;5895;-1599
2017-05-18T14:00:00+0200;18732;18802;70;6927;4784;-2143
2017-05-18T15:00:00+0200;16067;16628;561;6324;4369;-1955
2017-05-18T16:00:00+0200;12617;13251;634;5726;4005;-1721
2017-05-18T17:00:00+0200;8597;9258;661;5158;3622;-1536
2017-05-18T18:00:00+0200;4756;5393;637;4618;3342;-1276
2017-05-18T19:00:00+0200;1957;2317;360;4248;3583;-665
2017-05-18T20:00:00+0200;393;441;48;4095;3773;-322
2017-05-18T21:00:00+0200;3;6;3;4089;3736;-353
2017-05-18T22:00:00+0200;0;0;0;4147;4343;196
2017-05-18T23:00:00+0200;0;0;0;4119;4395;276
2017-05-19T00:00:00+0200;0;0;0;3790;4550;760
2017-05-19T01:00:00+0200;0;0;0;3755;4910;1155
2017-05-19T02:00:00+0200;0;0;0;3798;5082;1284
2017-05-19T03:00:00+0200;0;0;0;3933;5065;1132
2017-05-19T04:00:00+0200;0;0;0;4262;5183;921
2017-05-19T05:00:00+0200;116;106;-10;4536;5589;1053
2017-05-19T06:00:00+0200;1230;1237;7;4617;5926;1309
2017-05-19T07:00:00+0200;3857;3782;-75;4772;5552;780
2017-05-19T08:00:00+0200;7281;7368;87;4890;5052;162
2017-05-19T09:00:00+0200;10600;10872;272;5029;4944;-85
2017-05-19T10:00:00+0200;13048;13742;694;5364;4847;-517
2017-05-19T11:00:00+0200;14560;15388;828;5680;5352;-328
2017-05-19T12:00:00+0200;15204;15624;420;5828;6355;527
2017-05-19T13:00:00+0200;14711;14628;-83;6037;6864;827
2017-05-19T14:00:00+0200;13362;13022;-340;6308;7258;950
2017-05-19T15:00:00+0200;11360;10620;-740;6729;8036;1307
2017-05-19T16:00:00+0200;8855;7788;-1067;7376;9364;1988
2017-05-19T17:00:00+0200;6114;4896;-1218;7940;11290;3350
2017-05-19T18:00:00+0200;3491;2559;-932;8260;13213;4953
2017-05-19T19:00:00+0200;1457;1055;-402;8730;13911;5181
2017-05-19T20:00:00+0200;288;195;-93;9256;13913;4657
2017-05-19T21:00:00+0200;2;2;0;9661;14408;4747
2017-05-19T22:00:00+0200;0;0;0;10005;15055;5050
2017-05-19T23:00:00+0200;0;0;0;10038;15064;5026
2017-05-20T00:00:00+0200;0;0;0;11066;14389;3323
2017-05-20T01:00:00+0200;0;0;0;10916;13772;2856
2017-05-20T02:00:00+0200;0;0;0;10701;13560;2859
2017-05-20T03:00:00+0200;0;0;0;10301;12622;2321
2017-05-20T04:00:00+0200;0;0;0;9868;11514;1646
2017-05-20T05:00:00+0200;81;109;28;9304;10176;872
2017-05-20T06:00:00+0200;1037;1337;300;8655;8991;336
2017-05-20T07:00:00+0200;3527;4639;1112;8007;7914;-93
2017-05-20T08:00:00+0200;7160;9598;2438;7561;7627;66
2017-05-20T09:00:00+0200;10907;14517;3610;7333;7630;297
2017-05-20T10:00:00+0200;13547;17884;4337;7176;7212;36
2017-05-20T11:00:00+0200;15038;19193;4155;6949;7238;289
2017-05-20T12:00:00+0200;15599;18921;3322;6492;6960;468
2017-05-20T13:00:00+0200;15461;18438;2977;6014;6508;494
2017-05-20T14:00:00+0200;14577;17501;2924;5593;6094;501
2017-05-20T15:00:00+0200;13016;15835;2819;5154;5671;517
2017-05-20T16:00:00+0200;10922;13536;2614;4656;5296;640
2017-05-20T17:00:00+0200;8188;10111;1923;4120;4763;643
2017-05-20T18:00:00+0200;5096;6298;1202;3596;4057;461
2017-05-20T19:00:00+0200;2342;2924;582;3149;3207;58
2017-05-20T20:00:00+0200;522;628;106;2833;2444;-389
2017-05-20T21:00:00+0200;8;10;2;2766;2406;-360
2017-05-20T22:00:00+0200;0;0;0;2870;2498;-372
2017-05-20T23:00:00+0200;0;0;0;3029;2730;-299
2017-05-21T00:00:00+0200;0;0;0;3156;3139;-17
2017-05-21T01:00:00+0200;0;0;0;3347;3539;192
2017-05-21T02:00:00+0200;0;0;0;3624;3910;286
2017-05-21T03:00:00+0200;0;0;0;3880;4280;400
2017-05-21T04:00:00+0200;0;0;0;4113;4498;385
2017-05-21T05:00:00+0200;147;255;108;4124;4579;455
2017-05-21T06:00:00+0200;1524;1854;330;3745;4303;558
2017-05-21T07:00:00+0200;5404;5810;406;3243;3269;26
2017-05-21T08:00:00+0200;11017;11573;556;2753;2148;-605
2017-05-21T09:00:00+0200;16611;17392;781;2560;2332;-228
2017-05-21T10:00:00+0200;20304;21279;975;2708;3024;316
2017-05-21T11:00:00+0200;21881;21684;-197;2787;2898;111
2017-05-21T12:00:00+0200;22192;21308;-884;2709;2608;-101
2017-05-21T13:00:00+0200;21514;20837;-677;2579;2489;-90
2017-05-21T14:00:00+0200;19797;19999;202;2437;2400;-37
2017-05-21T15:00:00+0200;17238;18423;1185;2278;2243;-35
2017-05-21T16:00:00+0200;14098;15628;1530;2135;2000;-135
2017-05-21T17:00:00+0200;10202;11583;1381;2027;1863;-164
2017-05-21T18:00:00+0200;6006;7098;1092;1922;1800;-122
2017-05-21T19:00:00+0200;2608;3137;529;1915;1625;-290
2017-05-21T20:00:00+0200;582;696;114;2084;1813;-271
2017-05-21T21:00:00+0200;10;16;6;2440;2406;-34
2017-05-21T22:00:00+0200;0;0;0;2884;3173;289
2017-05-21T23:00:00+0200;0;0;0;3194;3784;590
2017-05-22T00:00:00+0200;0;0;0;3190;4290;1100
2017-05-22T01:00:00+0200;0;0;0;3269;4620;1351
2017-05-22T02:00:00+0200;0;0;0;3360;4510;1150
2017-05-22T03:00:00+0200;0;0;0;3322;4226;904
2017-05-22T04:00:00+0200;0;0;0;3225;4024;799
2017-05-22T05:00:00+0200;154;168;14;3078;4055;977
2017-05-22T06:00:00+0200;1558;1760;202;2829;3810;981
2017-05-22T07:00:00+0200;5211;5452;241;2455;3079;624
2017-05-22T08:00:00+0200;10454;10776;322;1908;1900;-8
2017-05-22T09:00:00+0200;15804;16439;635;1403;1458;55
2017-05-22T10:00:00+0200;19918;21138;1220;1242;1449;207
2017-05-22T11:00:00+0200;22133;23514;1381;1268;1518;250
2017-05-22T12:00:00+0200;22762;23990;1228;1266;1374;108
2017-05-22T13:00:00+0200;22239;23230;991;1224;1207;-17
2017-05-22T14:00:00+0200;20724;22067;1343;1228;1029;-199
2017-05-22T15:00:00+0200;18278;20215;1937;1336;934;-402
2017-05-22T16:00:00+0200;15293;17344;2051;1400;944;-456
2017-05-22T17:00:00+0200;11316;12938;1622;1540;1103;-437
2017-05-22T18:00:00+0200;6684;7712;1028;1774;1352;-422
2017-05-22T19:00:00+0200;2821;3172;351;2209;1728;-481
2017-05-22T20:00:00+0200;641;662;21;2895;2328;-567
2017-05-22T21:00:00+0200;10;8;-2;3696;3317;-379
2017-05-22T22:00:00+0200;0;0;0;4574;4437;-137
2017-05-22T23:00:00+0200;0;0;0;5166;5302;136
2017-05-23T00:00:00+0200;0;0;0;5593;5863;270
2017-05-23T01:00:00+0200;0;0;0;5635;6181;546
2017-05-23T02:00:00+0200;0;0;0;5563;6156;593
2017-05-23T03:00:00+0200;0;0;0;5440;6000;560
2017-05-23T04:00:00+0200;0;0;0;5340;5615;275
2017-05-23T05:00:00+0200;170;174;4;5206;5466;260
2017-05-23T06:00:00+0200;1644;1777;133;4892;5216;324
2017-05-23T07:00:00+0200;5230;5558;328;4416;4226;-190
2017-05-23T08:00:00+0200;10353;10928;575;3668;2335;-1333
2017-05-23T09:00:00+0200;15616;16354;738;3017;1432;-1585
2017-05-23T10:00:00+0200;19833;20676;843;2861;1563;-1298
2017-05-23T11:00:00+0200;22395;23267;872;3299;2656;-643
2017-05-23T12:00:00+0200;23353;23932;579;4553;4970;417
2017-05-23T13:00:00+0200;22990;23243;253;6222;7461;1239
2017-05-23T14:00:00+0200;21589;21332;-257;8077;10430;2353
2017-05-23T15:00:00+0200;18953;18560;-393;9677;13039;3362
2017-05-23T16:00:00+0200;15351;14824;-527;11078;14666;3588
2017-05-23T17:00:00+0200;10930;10280;-650;12095;15433;3338
2017-05-23T18:00:00+0200;6354;5978;-376;12567;16907;4340
2017-05-23T19:00:00+0200;2801;2748;-53;12842;16978;4136
2017-05-23T20:00:00+0200;648;616;-32;12977;16642;3665
2017-05-23T21:00:00+0200;12;12;0;13113;16250;3137
2017-05-23T22:00:00+0200;0;0;0;13432;16057;2625
2017-05-23T23:00:00+0200;0;0;0;13706;15896;2190
2017-05-24T00:00:00+0200;0;0;0;15754;16124;370
2017-05-24T01:00:00+0200;0;0;0;16122;16248;126
2017-05-24T02:00:00+0200;0;0;0;16276;16190;-86
2017-05-24T03:00:00+0200;0;0;0;16155;14734;-1421
2017-05-24T04:00:00+0200;0;0;0;15835;13758;-2077
2017-05-24T05:00:00+0200;129;158;29;15375;12777;-2598
2017-05-24T06:00:00+0200;1307;1492;185;14918;11426;-3492
2017-05-24T07:00:00+0200;4195;4480;285;14682;10978;-3704
2017-05-24T08:00:00+0200;8268;8682;414;14609;12034;-2575
2017-05-24T09:00:00+0200;12295;12992;697;14645;12199;-2446
2017-05-24T10:00:00+0200;15339;16110;771;14639;12574;-2065
2017-05-24T11:00:00+0200;17314;17490;176;14566;13107;-1459
2017-05-24T12:00:00+0200;18148;17468;-680;14501;12999;-1502
2017-05-24T13:00:00+0200;17715;16528;-1187;14383;13012;-1371
2017-05-24T14:00:00+0200;16323;14198;-2125;14119;13035;-1084
2017-05-24T15:00:00+0200;14281;11764;-2517;13574;12618;-956
2017-05-24T16:00:00+0200;11646;9290;-2356;12772;11940;-832
2017-05-24T17:00:00+0200;8411;6863;-1548;11684;11263;-421
2017-05-24T18:00:00+0200;5075;4490;-585;10231;9878;-353
2017-05-24T19:00:00+0200;2347;2263;-84;8630;7901;-729
2017-05-24T20:00:00+0200;563;521;-42;7482;6129;-1353
2017-05-24T21:00:00+0200;11;14;3;6888;5360;-1528
2017-05-24T22:00:00+0200;0;0;0;6712;5226;-1486
2017-05-24T23:00:00+0200;0;0;0;6728;5391;-1337
2017-05-25T00:00:00+0200;0;0;0;6128;5777;-351
2017-05-25T01:00:00+0200;0;0;0;6211;5979;-232
2017-05-25T02:00:00+0200;0;0;0;6316;6192;-124
2017-05-25T03:00:00+0200;0;0;0;6369;6261;-108
2017-05-25T04:00:00+0200;0;1;1;6355;6256;-99
2017-05-25T05:00:00+0200;174;160;-14;6167;5942;-225
2017-05-25T06:00:00+0200;1516;1609;93;5795;5548;-247
2017-05-25T07:00:00+0200;4732;4764;32;5513;5412;-101
2017-05-25T08:00:00+0200;9146;9079;-67;5693;6021;328
2017-05-25T09:00:00+0200;13667;13816;149;6122;6384;262
2017-05-25T10:00:00+0200;17192;17289;97;6703;6655;-48
2017-05-25T11:00:00+0200;19365;19118;-247;7241;6768;-473
2017-05-25T12:00:00+0200;20343;20333;-10;7836;7058;-778
2017-05-25T13:00:00+0200;20253;20788;535;8467;7066;-1401
2017-05-25T14:00:00+0200;19177;20903;1726;9058;6888;-2170
2017-05-25T15:00:00+0200;17002;19512;2510;9612;7184;-2428
2017-05-25T16:00:00+0200;13743;16432;2689;9942;7368;-2574
2017-05-25T17:00:00+0200;9923;12346;2423;9836;7343;-2493
2017-05-25T18:00:00+0200;5999;7579;1580;9219;6908;-2311
2017-05-25T19:00:00+0200;2722;3345;623;8360;5904;-2456
2017-05-25T20:00:00+0200;662;779;117;7645;4975;-2670
2017-05-25T21:00:00+0200;17;18;1;7397;5139;-2258
2017-05-25T22:00:00+0200;0;0;0;7511;5664;-1847
2017-05-25T23:00:00+0200;0;0;0;7598;5981;-1617
2017-05-26T00:00:00+0200;0;0;0;6625;6074;-551
2017-05-26T01:00:00+0200;0;0;0;6496;5760;-736
2017-05-26T02:00:00+0200;0;0;0;6392;5682;-710
2017-05-26T03:00:00+0200;0;0;0;6221;5501;-720
2017-05-26T04:00:00+0200;0;1;1;5955;5201;-754
2017-05-26T05:00:00+0200;186;172;-14;5476;4893;-583
2017-05-26T06:00:00+0200;1580;1736;156;4691;4429;-262
2017-05-26T07:00:00+0200;5184;5577;393;3795;3370;-425
2017-05-26T08:00:00+0200;10254;10661;407;3126;2426;-700
2017-05-26T09:00:00+0200;15191;16177;986;2787;2287;-500
2017-05-26T10:00:00+0200;19036;20950;1914;2534;2230;-304
2017-05-26T11:00:00+0200;21640;24663;3023;2387;2366;-21
2017-05-26T12:00:00+0200;23134;26864;3730;2359;2483;124
2017-05-26T13:00:00+0200;23619;27281;3662;2366;2558;192
2017-05-26T14:00:00+0200;22986;26228;3242;2409;2643;234
2017-05-26T15:00:00+0200;21157;23627;2470;2442;2638;196
2017-05-26T16:00:00+0200;17956;19839;1883;2480;2589;109
2017-05-26T17:00:00+0200;13241;14594;1353;2501;2547;46
2017-05-26T18:00:00+0200;7613;8460;847;2540;2548;8
2017-05-26T19:00:00+0200;3046;3432;386;2612;2556;-56
2017-05-26T20:00:00+0200;764;753;-11;2856;2709;-147
2017-05-26T21:00:00+0200;22;20;-2;3379;3696;317
2017-05-26T22:00:00+0200;0;0;0;3962;4554;592
2017-05-26T23:00:00+0200;0;0;0;4307;5460;1153
2017-05-27T00:00:00+0200;0;0;0;5704;6328;624
2017-05-27T01:00:00+0200;0;0;0;5832;7022;1190
2017-05-27T02:00:00+0200;0;0;0;5914;7689;1775
2017-05-27T03:00:00+0200;0;0;0;5956;8321;2365
2017-05-27T04:00:00+0200;0;1;1;6018;8707;2689
2017-05-27T05:00:00+0200;210;197;-13;5971;8710;2739
2017-05-27T06:00:00+0200;1745;1895;150;5653;8376;2723
2017-05-27T07:00:00+0200;5968;6300;332;4883;6540;1657
2017-05-27T08:00:00+0200;12109;12492;383;3922;4407;485
2017-05-27T09:00:00+0200;18088;18453;365;3671;3977;306
2017-05-27T10:00:00+0200;22737;23024;287;3943;4384;441
2017-05-27T11:00:00+0200;25798;25976;178;4405;5102;697
2017-05-27T12:00:00+0200;27378;27488;110;4981;6044;1063
2017-05-27T13:00:00+0200;27523;27634;111;5574;7223;1649
2017-05-27T14:00:00+0200;26346;26486;140;6131;8156;2025
2017-05-27T15:00:00+0200;23760;24030;270;6650;8607;1957
2017-05-27T16:00:00+0200;19750;20117;367;7158;8692;1534
2017-05-27T17:00:00+0200;14290;14713;423;7586;8513;927
2017-05-27T18:00:00+0200;8182;8609;427;7967;8592;625
2017-05-27T19:00:00+0200;3334;3380;46;8519;8334;-185
2017-05-27T20:00:00+0200;817;767;-50;9758;8529;-1229
2017-05-27T21:00:00+0200;26;18;-8;11883;11388;-495
2017-05-27T22:00:00+0200;0;0;0;14030;14019;-11
2017-05-27T23:00:00+0200;0;0;0;15081;15292;211
2017-05-28T00:00:00+0200;0;0;0;15555;15224;-331
2017-05-28T01:00:00+0200;0;0;0;14914;14348;-566
2017-05-28T02:00:00+0200;0;0;0;14095;13002;-1093
2017-05-28T03:00:00+0200;0;0;0;12979;11497;-1482
2017-05-28T04:00:00+0200;0;2;2;11760;10604;-1156
2017-05-28T05:00:00+0200;214;209;-5;10523;10166;-357
2017-05-28T06:00:00+0200;1697;1834;137;9020;9201;181
2017-05-28T07:00:00+0200;5766;5698;-68;7171;7455;284
2017-05-28T08:00:00+0200;11401;11185;-216;5779;5830;51
2017-05-28T09:00:00+0200;16807;16733;-74;5248;5011;-237
2017-05-28T10:00:00+0200;21124;20704;-420;5017;5184;167
2017-05-28T11:00:00+0200;24024;23334;-690;5040;5868;828
2017-05-28T12:00:00+0200;25458;24948;-510;5299;7042;1743
2017-05-28T13:00:00+0200;25382;25070;-312;5581;7797;2216
2017-05-28T14:00:00+0200;24012;23885;-127;5759;7956;2197
2017-05-28T15:00:00+0200;21338;21469;131;5772;7417;1645
2017-05-28T16:00:00+0200;17426;17481;55;5730;6750;1020
2017-05-28T17:00:00+0200;12441;12571;130;5451;6513;1062
2017-05-28T18:00:00+0200;7042;7325;283;5007;5805;798
2017-05-28T19:00:00+0200;2929;3166;237;4692;4702;10
2017-05-28T20:00:00+0200;753;807;54;4566;4183;-383
2017-05-28T21:00:00+0200;24;30;6;4693;4601;-92
2017-05-28T22:00:00+0200;0;0;0;4933;4383;-550
2017-05-28T23:00:00+0200;0;0;0;5025;4023;-1002
2017-05-29T00:00:00+0200;0;0;0;4190;3564;-626
2017-05-29T01:00:00+0200;0;0;0;3873;3357;-516
2017-05-29T02:00:00+0200;0;0;0;3518;3236;-282
2017-05-29T03:00:00+0200;0;0;0;3195;2940;-255
2017-05-29T04:00:00+0200;0;2;2;2902;2845;-57
2017-05-29T05:00:00+0200;210;194;-16;2565;2994;429
2017-05-29T06:00:00+0200;1636;1686;50;2234;2568;334
2017-05-29T07:00:00+0200;5358;4869;-489;1887;1820;-67
2017-05-29T08:00:00+0200;10388;9306;-1082;1582;1172;-410
2017-05-29T09:00:00+0200;15382;14381;-1001;1383;1111;-272
2017-05-29T10:00:00+0200;19676;19014;-662;1293;1319;26
2017-05-29T11:00:00+0200;22748;22638;-110;1336;1037;-299
2017-05-29T12:00:00+0200;24485;24666;181;1479;1160;-319
2017-05-29T13:00:00+0200;24754;24880;126;1668;1428;-240
2017-05-29T14:00:00+0200;23698;24032;334;1856;1621;-235
2017-05-29T15:00:00+0200;21165;21540;375;2002;1983;-19
2017-05-29T16:00:00+0200;17336;17693;357;2127;2118;-9
2017-05-29T17:00:00+0200;12431;12606;175;2199;2211;12
2017-05-29T18:00:00+0200;7173;7270;97;2309;2491;182
2017-05-29T19:00:00+0200;3081;3104;23;2749;2419;-330
2017-05-29T20:00:00+0200;800;799;-1;3431;2241;-1190
2017-05-29T21:00:00+0200;29;26;-3;4191;2554;-1637
2017-05-29T22:00:00+0200;0;0;0;5139;3124;-2015
2017-05-29T23:00:00+0200;0;0;0;5776;3629;-2147
2017-05-30T00:00:00+0200;0;0;0;4608;3808;-800
2017-05-30T01:00:00+0200;0;0;0;4760;3813;-947
2017-05-30T02:00:00+0200;0;0;0;4924;4281;-643
2017-05-30T03:00:00+0200;0;0;0;5124;4900;-224
2017-05-30T04:00:00+0200;1;2;1;5434;5332;-102
2017-05-30T05:00:00+0200;225;200;-25;5577;5602;25
2017-05-30T06:00:00+0200;1691;1692;1;5389;5299;-90
2017-05-30T07:00:00+0200;5176;4845;-331;5047;4848;-199
2017-05-30T08:00:00+0200;9869;9075;-794;4838;4460;-378
2017-05-30T09:00:00+0200;14472;13063;-1409;5200;5283;83
2017-05-30T10:00:00+0200;18182;16120;-2062;6148;7304;1156
2017-05-30T11:00:00+0200;20643;17939;-2704;7573;8836;1263
2017-05-30T12:00:00+0200;21780;18747;-3033;9324;9038;-286
2017-05-30T13:00:00+0200;21609;18778;-2831;11130;9898;-1232
2017-05-30T14:00:00+0200;20431;18054;-2377;12423;10447;-1976
2017-05-30T15:00:00+0200;18174;16628;-1546;12854;9626;-3228
2017-05-30T16:00:00+0200;14892;13369;-1523;12962;10206;-2756
2017-05-30T17:00:00+0200;10739;9272;-1467;12736;9960;-2776
2017-05-30T18:00:00+0200;6362;5377;-985;12130;9858;-2272
2017-05-30T19:00:00+0200;2905;2510;-395;11505;10393;-1112
2017-05-30T20:00:00+0200;761;734;-27;11029;10643;-386
2017-05-30T21:00:00+0200;27;26;-1;10945;11956;1011
2017-05-30T22:00:00+0200;0;0;0;11283;13043;1760
2017-05-30T23:00:00+0200;0;0;0;11785;13415;1630
2017-05-31T00:00:00+0200;0;0;0;12261;13837;1576
2017-05-31T01:00:00+0200;0;0;0;12979;14032;1053
2017-05-31T02:00:00+0200;0;0;0;13403;13490;87
2017-05-31T03:00:00+0200;0;0;0;13518;13633;115
2017-05-31T04:00:00+0200;1;2;1;13506;13547;41
2017-05-31T05:00:00+0200;216;200;-16;13350;13407;57
2017-05-31T06:00:00+0200;1660;1714;54;13117;13128;11
2017-05-31T07:00:00+0200;4854;4948;94;13156;12974;-182
2017-05-31T08:00:00+0200;9286;9637;351;13578;13243;-335
2017-05-31T09:00:00+0200;13725;14646;921;14177;13482;-695
2017-05-31T10:00:00+0200;17323;18322;999;14795;14168;-627
2017-05-31T11:00:00+0200;19853;20462;609;15281;15326;45
2017-05-31T12:00:00+0200;21375;21690;315;15630;15516;-114
2017-05-31T13:00:00+0200;21888;21781;-107;15863;15596;-267
2017-05-31T14:00:00+0200;21265;21323;58;15984;15142;-842
2017-05-31T15:00:00+0200;19441;20027;586;15959;14747;-1212
2017-05-31T16:00:00+0200;16332;17051;719;15787;14498;-1289
2017-05-31T17:00:00+0200;12056;12938;882;15281;13958;-1323
2017-05-31T18:00:00+0200;7139;7966;827;14300;13506;-794
2017-05-31T19:00:00+0200;3099;3560;461;13032;12251;-781
2017-05-31T20:00:00+0200;824;915;91;11723;10423;-1300
2017-05-31T21:00:00+0200;35;37;2;10612;9329;-1283
2017-05-31T22:00:00+0200;0;0;0;9749;8999;-750
2017-05-31T23:00:00+0200;0;0;0;9051;8602;-449
2017-06-01T00:00:00+0200;0;0;0;7489;7902;413
2017-06-01T01:00:00+0200;0;0;0;6988;7233;245
2017-06-01T02:00:00+0200;0;0;0;6609;6642;33
2017-06-01T03:00:00+0200;0;0;0;6270;6174;-96
2017-06-01T04:00:00+0200;1;3;2;5969;6160;191
2017-06-01T05:00:00+0200;247;238;-9;5599;5821;222
2017-06-01T06:00:00+0200;1793;2016;223;5151;4987;-164
2017-06-01T07:00:00+0200;5736;5950;214;4734;4103;-631
2017-06-01T08:00:00+0200;11296;11070;-226;4372;4424;52
2017-06-01T09:00:00+0200;16710;16493;-217;4028;4196;168
2017-06-01T10:00:00+0200;21106;21298;192;3721;3880;159
2017-06-01T11:00:00+0200;24101;24244;143;3487;3955;468
2017-06-01T12:00:00+0200;25655;25473;-182;3327;3783;456
2017-06-01T13:00:00+0200;25741;25483;-258;3238;3577;339
2017-06-01T14:00:00+0200;24597;24452;-145;3212;3412;200
2017-06-01T15:00:00+0200;22205;22407;202;3181;3156;-25
2017-06-01T16:00:00+0200;18430;18871;441;3050;2977;-73
2017-06-01T17:00:00+0200;13362;13955;593;2830;2885;55
2017-06-01T18:00:00+0200;7708;8321;613;2518;2721;203
2017-06-01T19:00:00+0200;3187;3680;493;2247;2404;157
2017-06-01T20:00:00+0200;845;990;145;2177;1874;-303
2017-06-01T21:00:00+0200;39;40;1;2383;2088;-295
2017-06-01T22:00:00+0200;0;0;0;2741;2450;-291
2017-06-01T23:00:00+0200;0;0;0;2964;2485;-479
2017-06-02T00:00:00+0200;0;0;0;2863;2280;-583
2017-06-02T01:00:00+0200;0;0;0;2639;2124;-515
2017-06-02T02:00:00+0200;0;0;0;2457;1824;-633
2017-06-02T03:00:00+0200;0;0;0;2271;1619;-652
2017-06-02T04:00:00+0200;1;4;3;2037;1400;-637
2017-06-02T05:00:00+0200;252;242;-10;1799;1320;-479
2017-06-02T06:00:00+0200;1813;2049;236;1552;1248;-304
2017-06-02T07:00:00+0200;5744;6091;347;1269;992;-277
2017-06-02T08:00:00+0200;11194;11312;118;972;568;-404
2017-06-02T09:00:00+0200;16489;16531;42;758;424;-334
2017-06-02T10:00:00+0200;20612;20722;110;684;410;-274
2017-06-02T11:00:00+0200;23269;23736;467;664;484;-180
2017-06-02T12:00:00+0200;24353;24694;341;674;651;-23
2017-06-02T13:00:00+0200;23893;23812;-81;687;806;119
2017-06-02T14:00:00+0200;22401;21991;-410;713;886;173
2017-06-02T15:00:00+0200;19854;19243;-611;758;918;160
2017-06-02T16:00:00+0200;16256;15822;-434;805;1055;250
2017-06-02T17:00:00+0200;11724;11719;-5;909;1105;196
2017-06-02T18:00:00+0200;6869;7046;177;1136;1520;384
2017-06-02T19:00:00+0200;3018;3169;151;1522;2020;498
2017-06-02T20:00:00+0200;808;784;-24;2179;2308;129
2017-06-02T21:00:00+0200;38;26;-12;3077;3615;538
2017-06-02T22:00:00+0200;0;0;0;4028;5198;1170
2017-06-02T23:00:00+0200;0;0;0;4764;6364;1600
2017-06-03T00:00:00+0200;0;0;0;5692;6986;1294
2017-06-03T01:00:00+0200;0;0;0;5574;7095;1521
2017-06-03T02:00:00+0200;0;0;0;5434;7090;1656
2017-06-03T03:00:00+0200;0;0;0;5284;7247;1963
2017-06-03T04:00:00+0200;1;4;3;5132;7175;2043
2017-06-03T05:00:00+0200;251;216;-35;4867;6893;2026
2017-06-03T06:00:00+0200;1796;1656;-140;4394;6326;1932
2017-06-03T07:00:00+0200;5117;4748;-369;3705;5006;1301
2017-06-03T08:00:00+0200;9607;8898;-709;3054;3893;839
2017-06-03T09:00:00+0200;14059;13212;-847;2639;3306;667
2017-06-03T10:00:00+0200;17653;17069;-584;2479;3032;553
2017-06-03T11:00:00+0200;20061;19557;-504;2726;3425;699
2017-06-03T12:00:00+0200;21224;20205;-1019;3183;3762;579
2017-06-03T13:00:00+0200;20807;19155;-1652;3574;3762;188
2017-06-03T14:00:00+0200;19277;17234;-2043;3715;3546;-169
2017-06-03T15:00:00+0200;16839;14757;-2082;3690;3170;-520
2017-06-03T16:00:00+0200;13342;11736;-1606;3660;2951;-709
2017-06-03T17:00:00+0200;9234;8747;-487;3690;2770;-920
2017-06-03T18:00:00+0200;5455;5077;-378;3929;2436;-1493
2017-06-03T19:00:00+0200;2515;2277;-238;4367;2610;-1757
2017-06-03T20:00:00+0200;636;522;-114;4852;2928;-1924
2017-06-03T21:00:00+0200;27;14;-13;5438;2896;-2542
2017-06-03T22:00:00+0200;0;0;0;6138;2848;-3290
2017-06-03T23:00:00+0200;0;0;0;6680;3332;-3348
2017-06-04T00:00:00+0200;0;0;0;4487;3406;-1081
2017-06-04T01:00:00+0200;0;0;0;4826;3941;-885
2017-06-04T02:00:00+0200;0;0;0;5222;4430;-792
2017-06-04T03:00:00+0200;0;0;0;5594;5191;-403
2017-06-04T04:00:00+0200;1;3;2;6046;5827;-219
2017-06-04T05:00:00+0200;111;89;-22;6522;6382;-140
2017-06-04T06:00:00+0200;763;660;-103;6903;6912;9
2017-06-04T07:00:00+0200;2095;1698;-397;7329;7252;-77
2017-06-04T08:00:00+0200;3859;3200;-659;7749;7843;94
2017-06-04T09:00:00+0200;5935;5435;-500;8254;8947;693
2017-06-04T10:00:00+0200;8460;8344;-116;8936;10570;1634
2017-06-04T11:00:00+0200;11113;10774;-339;9751;12006;2255
2017-06-04T12:00:00+0200;13373;12496;-877;10760;13640;2880
2017-06-04T13:00:00+0200;14691;13703;-988;11847;15684;3837
2017-06-04T14:00:00+0200;15162;14377;-785;12660;16376;3716
2017-06-04T15:00:00+0200;14795;14605;-190;12836;16922;4086
2017-06-04T16:00:00+0200;13141;13439;298;12506;16150;3644
2017-06-04T17:00:00+0200;10343;10976;633;11612;15144;3532
2017-06-04T18:00:00+0200;6617;7184;567;10081;13655;3574
2017-06-04T19:00:00+0200;3109;3389;280;8355;11138;2783
2017-06-04T20:00:00+0200;892;900;8;7004;8508;1504
2017-06-04T21:00:00+0200;45;49;4;6144;6900;756
2017-06-04T22:00:00+0200;0;0;0;5653;6391;738
2017-06-04T23:00:00+0200;0;0;0;5247;5964;717
2017-06-05T00:00:00+0200;0;0;0;6040;5167;-873
2017-06-05T01:00:00+0200;0;0;0;5482;4532;-950
2017-06-05T02:00:00+0200;0;0;0;4996;4525;-471
2017-06-05T03:00:00+0200;0;0;0;4603;4396;-207
2017-06-05T04:00:00+0200;2;4;2;4316;4243;-73
2017-06-05T05:00:00+0200;263;267;4;4142;4279;137
2017-06-05T06:00:00+0200;1794;1924;130;4062;4482;420
2017-06-05T07:00:00+0200;4969;4945;-24;4010;4198;188
2017-06-05T08:00:00+0200;9092;8804;-288;4195;4181;-14
2017-06-05T09:00:00+0200;13112;12582;-530;4732;4702;-30
2017-06-05T10:00:00+0200;16100;15722;-378;5389;5035;-354
2017-06-05T11:00:00+0200;17895;17649;-246;5833;4948;-885
2017-06-05T12:00:00+0200;18544;18634;90;5834;4919;-915
2017-06-05T13:00:00+0200;18075;18448;373;5528;4760;-768
2017-06-05T14:00:00+0200;16690;17370;680;5020;4524;-496
2017-06-05T15:00:00+0200;14541;15252;711;4326;3718;-608
2017-06-05T16:00:00+0200;11986;12212;226;3556;3195;-361
2017-06-05T17:00:00+0200;8970;9114;144;2776;3166;390
2017-06-05T18:00:00+0200;5673;5917;244;2173;2958;785
2017-06-05T19:00:00+0200;2763;2978;215;1977;3009;1032
2017-06-05T20:00:00+0200;802;876;74;2430;3138;708
2017-06-05T21:00:00+0200;41;45;4;3716;4082;366
2017-06-05T22:00:00+0200;0;0;0;5456;5912;456
2017-06-05T23:00:00+0200;0;0;0;7220;8584;1364
2017-06-06T00:00:00+0200;0;0;0;9906;11356;1450
2017-06-06T01:00:00+0200;0;0;0;11054;13250;2196
2017-06-06T02:00:00+0200;0;0;0;11790;14337;2547
2017-06-06T03:00:00+0200;0;0;0;12209;13954;1745
2017-06-06T04:00:00+0200;2;4;2;12518;13730;1212
2017-06-06T05:00:00+0200;258;256;-2;12619;13586;967
2017-06-06T06:00:00+0200;1744;1804;60;12377;13183;806
2017-06-06T07:00:00+0200;4631;4676;45;11985;12270;285
2017-06-06T08:00:00+0200;8173;8062;-111;12140;12058;-82
2017-06-06T09:00:00+0200;11509;11124;-385;13215;13411;196
2017-06-06T10:00:00+0200;13871;12975;-896;14772;16114;1342
2017-06-06T11:00:00+0200;15049;13061;-1988;16673;18574;1901
2017-06-06T12:00:00+0200;15320;13500;-1820;18667;21135;2468
2017-06-06T13:00:00+0200;14574;13507;-1067;20447;22902;2455
2017-06-06T14:00:00+0200;13359;12510;-849;21558;24410;2852
2017-06-06T15:00:00+0200;11724;10514;-1210;22216;24778;2562
2017-06-06T16:00:00+0200;9782;8634;-1148;22814;24610;1796
2017-06-06T17:00:00+0200;7500;7063;-437;23103;23161;58
2017-06-06T18:00:00+0200;4941;4924;-17;23023;21720;-1303
2017-06-06T19:00:00+0200;2546;2702;156;22904;21850;-1054
2017-06-06T20:00:00+0200;735;843;108;22516;21142;-1374
2017-06-06T21:00:00+0200;36;50;14;22320;20331;-1989
2017-06-06T22:00:00+0200;0;0;0;22662;19965;-2697
2017-06-06T23:00:00+0200;0;0;0;23193;20331;-2862
2017-06-07T00:00:00+0200;0;0;0;22981;22098;-883
2017-06-07T01:00:00+0200;0;0;0;23814;22963;-851
2017-06-07T02:00:00+0200;0;0;0;24628;24256;-372
2017-06-07T03:00:00+0200;0;0;0;25199;24658;-541
2017-06-07T04:00:00+0200;2;4;2;25924;25194;-730
2017-06-07T05:00:00+0200;272;243;-29;26780;25705;-1075
2017-06-07T06:00:00+0200;1808;1831;23;28004;27133;-871
2017-06-07T07:00:00+0200;5063;4998;-65;29562;28574;-988
2017-06-07T08:00:00+0200;9098;8855;-243;31082;30485;-597
2017-06-07T09:00:00+0200;12812;12208;-604;32070;31242;-828
2017-06-07T10:00:00+0200;15701;14320;-1381;32727;31614;-1113
2017-06-07T11:00:00+0200;17587;16320;-1267;33225;32705;-520
2017-06-07T12:00:00+0200;18551;17336;-1215;33519;32887;-632
2017-06-07T13:00:00+0200;18605;18995;390;33672;32947;-725
2017-06-07T14:00:00+0200;17992;18218;226;33538;33108;-430
2017-06-07T15:00:00+0200;16613;16315;-298;33090;32900;-190
2017-06-07T16:00:00+0200;14159;14230;71;32435;32096;-339
2017-06-07T17:00:00+0200;10764;10689;-75;31316;31268;-48
2017-06-07T18:00:00+0200;6736;6770;34;29536;29584;48
2017-06-07T19:00:00+0200;3161;3066;-95;27298;26929;-369
2017-06-07T20:00:00+0200;897;858;-39;25158;24219;-939
2017-06-07T21:00:00+0200;39;37;-2;23623;23025;-598
2017-06-07T22:00:00+0200;0;0;0;22719;22380;-339
2017-06-07T23:00:00+0200;0;0;0;22186;22477;291
2017-06-08T00:00:00+0200;0;0;0;21753;22059;306
2017-06-08T01:00:00+0200;0;0;0;21373;21774;401
2017-06-08T02:00:00+0200;0;0;0;20749;20924;175
2017-06-08T03:00:00+0200;0;0;0;19780;19428;-352
2017-06-08T04:00:00+0200;2;2;0;18560;17621;-939
2017-06-08T05:00:00+0200;280;258;-22;16978;15918;-1060
2017-06-08T06:00:00+0200;1824;1894;70;15157;13831;-1326
2017-06-08T07:00:00+0200;4948;5294;346;13469;12259;-1210
2017-06-08T08:00:00+0200;8990;9809;819;12391;11280;-1111
2017-06-08T09:00:00+0200;12875;13988;1113;12036;11148;-888
2017-06-08T10:00:00+0200;16168;16811;643;12172;11714;-458
2017-06-08T11:00:00+0200;18617;19268;651;12289;12695;406
2017-06-08T12:00:00+0200;19950;20629;679;12195;13462;1267
2017-06-08T13:00:00+0200;20117;21157;1040;11968;13402;1434
2017-06-08T14:00:00+0200;19371;21021;1650;11454;12744;1290
2017-06-08T15:00:00+0200;17664;19489;1825;10610;11436;826
2017-06-08T16:00:00+0200;15016;16886;1870;9608;10330;722
2017-06-08T17:00:00+0200;11324;12780;1456;8303;8734;431
2017-06-08T18:00:00+0200;6926;7878;952;6789;7272;483
2017-06-08T19:00:00+0200;3205;3642;437;5621;6272;651
2017-06-08T20:00:00+0200;923;988;65;5446;6321;875
2017-06-08T21:00:00+0200;45;46;1;6661;7271;610
2017-06-08T22:00:00+0200;0;0;0;8579;8770;191
2017-06-08T23:00:00+0200;0;0;0;10185;9666;-519
2017-06-09T00:00:00+0200;0;0;0;12078;10180;-1898
2017-06-09T01:00:00+0200;0;0;0;12303;10074;-2229
2017-06-09T02:00:00+0200;0;0;0;12305;10305;-2000
2017-06-09T03:00:00+0200;0;0;0;12051;10820;-1231
2017-06-09T04:00:00+0200;2;2;0;11640;11332;-308
2017-06-09T05:00:00+0200;296;306;10;10957;10791;-166
2017-06-09T06:00:00+0200;1874;2174;300;9865;8964;-901
2017-06-09T07:00:00+0200;5282;6058;776;8511;6743;-1768
2017-06-09T08:00:00+0200;9707;10985;1278;7265;4554;-2711
2017-06-09T09:00:00+0200;13641;15433;1792;6666;4313;-2353
2017-06-09T10:00:00+0200;16234;18019;1785;6820;5305;-1515
2017-06-09T11:00:00+0200;17535;18779;1244;7478;7724;246
2017-06-09T12:00:00+0200;17831;18570;739;8670;10170;1500
2017-06-09T13:00:00+0200;17122;17380;258;10048;12814;2766
2017-06-09T14:00:00+0200;15667;15395;-272;11038;14140;3102
2017-06-09T15:00:00+0200;13655;13235;-420;11465;14368;2903
2017-06-09T16:00:00+0200;11206;10736;-470;11733;14629;2896
2017-06-09T17:00:00+0200;8493;8094;-399;11509;14936;3427
2017-06-09T18:00:00+0200;5587;5508;-79;10825;14014;3189
2017-06-09T19:00:00+0200;2817;2835;18;9913;12663;2750
2017-06-09T20:00:00+0200;878;838;-40;8852;11317;2465
2017-06-09T21:00:00+0200;54;59;5;7846;10114;2268
2017-06-09T22:00:00+0200;0;0;0;7244;7986;742
2017-06-09T23:00:00+0200;0;0;0;7159;6692;-467
2017-06-10T00:00:00+0200;0;0;0;6299;5954;-345
2017-06-10T01:00:00+0200;0;0;0;6181;5471;-710
2017-06-10T02:00:00+0200;0;0;0;6072;5093;-979
2017-06-10T03:00:00+0200;0;0;0;5867;5105;-762
2017-06-10T04:00:00+0200;2;2;0;5593;4854;-739
2017-06-10T05:00:00+0200;316;281;-35;5133;4551;-582
2017-06-10T06:00:00+0200;1988;2033;45;4494;3911;-583
2017-06-10T07:00:00+0200;5633;5952;319;3817;2523;-1294
2017-06-10T08:00:00+0200;10720;11524;804;3431;2294;-1137
2017-06-10T09:00:00+0200;15820;17047;1227;3645;2989;-656
2017-06-10T10:00:00+0200;19829;21012;1183;4121;3857;-264
2017-06-10T11:00:00+0200;22451;22560;109;4576;4312;-264
2017-06-10T12:00:00+0200;23653;23240;-413;4805;4734;-71
2017-06-10T13:00:00+0200;23536;23660;124;4832;5013;181
2017-06-10T14:00:00+0200;22226;23038;812;4691;4692;1
2017-06-10T15:00:00+0200;19737;20927;1190;4318;4100;-218
2017-06-10T16:00:00+0200;16277;17442;1165;3783;3156;-627
2017-06-10T17:00:00+0200;11991;12986;995;3108;2397;-711
2017-06-10T18:00:00+0200;7302;7946;644;2371;1919;-452
2017-06-10T19:00:00+0200;3424;3671;247;1756;1697;-59
2017-06-10T20:00:00+0200;1075;1048;-27;1485;1322;-163
2017-06-10T21:00:00+0200;69;57;-12;1645;1354;-291
2017-06-10T22:00:00+0200;0;0;0;2186;2126;-60
2017-06-10T23:00:00+0200;0;0;0;3074;3781;707
2017-06-11T00:00:00+0200;0;0;0;5387;5902;515
2017-06-11T01:00:00+0200;0;0;0;6910;7792;882
2017-06-11T02:00:00+0200;0;0;0;8153;9248;1095
2017-06-11T03:00:00+0200;0;0;0;8881;10054;1173
2017-06-11T04:00:00+0200;2;2;0;9315;10717;1402
2017-06-11T05:00:00+0200;297;285;-12;9315;10731;1416
2017-06-11T06:00:00+0200;1963;2088;125;8684;10320;1636
2017-06-11T07:00:00+0200;5977;6246;269;7728;8292;564
2017-06-11T08:00:00+0200;11555;11938;383;6646;6089;-557
2017-06-11T09:00:00+0200;16876;17430;554;6004;5684;-320
2017-06-11T10:00:00+0200;21052;21924;872;5733;6001;268
2017-06-11T11:00:00+0200;24036;24786;750;5680;6503;823
2017-06-11T12:00:00+0200;25558;26265;707;5849;6648;799
2017-06-11T13:00:00+0200;25584;26220;636;6154;6808;654
2017-06-11T14:00:00+0200;24287;24785;498;6474;7026;552
2017-06-11T15:00:00+0200;21657;21530;-127;6726;7177;451
2017-06-11T16:00:00+0200;17615;16915;-700;6896;6876;-20
2017-06-11T17:00:00+0200;12542;11658;-884;6873;6910;37
2017-06-11T18:00:00+0200;7297;6462;-835;6790;6872;82
2017-06-11T19:00:00+0200;3237;2634;-603;7123;7085;-38
2017-06-11T20:00:00+0200;973;750;-223;8031;7987;-44
2017-06-11T21:00:00+0200;67;44;-23;9425;7911;-1514
2017-06-11T22:00:00+0200;0;0;0;11045;8661;-2384
2017-06-11T23:00:00+0200;0;0;0;11917;10344;-1573
2017-06-12T00:00:00+0200;0;0;0;12158;10695;-1463
2017-06-12T01:00:00+0200;0;0;0;12825;11630;-1195
2017-06-12T02:00:00+0200;0;0;0;13578;13472;-106
2017-06-12T03:00:00+0200;0;0;0;14067;15066;999
2017-06-12T04:00:00+0200;2;1;-1;14585;15974;1389
2017-06-12T05:00:00+0200;261;209;-52;15071;16190;1119
2017-06-12T06:00:00+0200;1704;1643;-61;15364;16041;677
2017-06-12T07:00:00+0200;4631;4470;-161;15635;16328;693
2017-06-12T08:00:00+0200;8501;8145;-356;16361;18290;1929
2017-06-12T09:00:00+0200;12455;11920;-535;18332;19828;1496
2017-06-12T10:00:00+0200;15712;14973;-739;20599;22125;1526
2017-06-12T11:00:00+0200;18023;16427;-1596;22455;24630;2175
2017-06-12T12:00:00+0200;19477;17926;-1551;24185;26778;2593
2017-06-12T13:00:00+0200;20123;19070;-1053;25694;27498;1804
2017-06-12T14:00:00+0200;19763;19600;-163;26752;27599;847
2017-06-12T15:00:00+0200;18111;18370;259;27213;27614;401
2017-06-12T16:00:00+0200;15186;15562;376;27293;27156;-137
2017-06-12T17:00:00+0200;11319;11816;497;26694;26699;5
2017-06-12T18:00:00+0200;6909;7258;349;25258;25817;559
2017-06-12T19:00:00+0200;3192;3313;121;23424;24368;944
2017-06-12T20:00:00+0200;1005;979;-26;21698;22114;416
2017-06-12T21:00:00+0200;70;47;-23;20299;20625;326
2017-06-12T22:00:00+0200;0;0;0;19547;19299;-248
2017-06-12T23:00:00+0200;0;0;0;19051;19078;27
2017-06-13T00:00:00+0200;0;0;0;18706;18334;-372
2017-06-13T01:00:00+0200;0;0;0;18454;17841;-613
2017-06-13T02:00:00+0200;0;0;0;18114;17276;-838
2017-06-13T03:00:00+0200;0;0;0;17483;16690;-793
2017-06-13T04:00:00+0200;2;2;0;16889;15966;-923
2017-06-13T05:00:00+0200;309;268;-41;16327;15396;-931
2017-06-13T06:00:00+0200;1889;1901;12;16067;15077;-990
2017-06-13T07:00:00+0200;5375;5334;-41;15729;14355;-1374
2017-06-13T08:00:00+0200;10170;9770;-400;15603;14478;-1125
2017-06-13T09:00:00+0200;14786;13936;-850;16342;15165;-1177
2017-06-13T10:00:00+0200;18109;16161;-1948;16686;15128;-1558
2017-06-13T11:00:00+0200;20022;17356;-2666;16780;14984;-1796
2017-06-13T12:00:00+0200;20816;18284;-2532;16617;15205;-1412
2017-06-13T13:00:00+0200;20813;18992;-1821;16321;14768;-1553
2017-06-13T14:00:00+0200;19916;18698;-1218;15967;14339;-1628
2017-06-13T15:00:00+0200;18113;17302;-811;15487;14208;-1279
2017-06-13T16:00:00+0200;15273;15276;3;14773;13936;-837
2017-06-13T17:00:00+0200;11454;11693;239;13671;13174;-497
2017-06-13T18:00:00+0200;7094;7356;262;12143;12639;496
2017-06-13T19:00:00+0200;3354;3655;301;10330;10856;526
2017-06-13T20:00:00+0200;1084;1136;52;8728;9013;285
2017-06-13T21:00:00+0200;81;81;0;7660;7550;-110
2017-06-13T22:00:00+0200;0;0;0;6964;7018;54
2017-06-13T23:00:00+0200;0;0;0;6359;6822;463
2017-06-14T00:00:00+0200;0;0;0;5628;6482;854
2017-06-14T01:00:00+0200;0;0;0;5340;5990;650
2017-06-14T02:00:00+0200;0;0;0;5105;5486;381
2017-06-14T03:00:00+0200;0;0;0;4858;4763;-95
2017-06-14T04:00:00+0200;2;3;1;4611;4267;-344
2017-06-14T05:00:00+0200;338;319;-19;4280;4162;-118
2017-06-14T06:00:00+0200;2010;2206;196;3846;3927;81
2017-06-14T07:00:00+0200;5714;6304;590;3329;3171;-158
2017-06-14T08:00:00+0200;10893;11664;771;2997;3118;121
2017-06-14T09:00:00+0200;15875;16545;670;2786;2831;45
2017-06-14T10:00:00+0200;19773;20564;791;2563;2319;-244
2017-06-14T11:00:00+0200;22350;23560;1210;2438;2057;-381
2017-06-14T12:00:00+0200;23643;25594;1951;2396;1955;-441
2017-06-14T13:00:00+0200;23745;26237;2492;2401;2050;-351
2017-06-14T14:00:00+0200;22712;25464;2752;2396;2020;-376
2017-06-14T15:00:00+0200;20517;23370;2853;2371;2012;-359
2017-06-14T16:00:00+0200;17250;19734;2484;2316;1803;-513
2017-06-14T17:00:00+0200;12912;14903;1991;2198;1642;-556
2017-06-14T18:00:00+0200;7902;9113;1211;2051;1414;-637
2017-06-14T19:00:00+0200;3606;4032;426;1956;1396;-560
2017-06-14T20:00:00+0200;1156;1151;-5;1985;1634;-351
2017-06-14T21:00:00+0200;89;73;-16;2318;2333;15
2017-06-14T22:00:00+0200;0;0;0;2806;3118;312
2017-06-14T23:00:00+0200;0;0;0;3102;3367;265
2017-06-15T00:00:00+0200;0;0;0;3756;3518;-238
2017-06-15T01:00:00+0200;0;0;0;3885;3595;-290
2017-06-15T02:00:00+0200;0;0;0;4009;3849;-160
2017-06-15T03:00:00+0200;0;0;0;4162;3950;-212
2017-06-15T04:00:00+0200;3;3;0;4285;4211;-74
2017-06-15T05:00:00+0200;329;318;-11;4250;4618;368
2017-06-15T06:00:00+0200;2030;2160;130;3966;4854;888
2017-06-15T07:00:00+0200;6179;6292;113;3402;3980;578
2017-06-15T08:00:00+0200;12078;11964;-114;2809;2935;126
2017-06-15T09:00:00+0200;17715;17452;-263;2787;2899;112
2017-06-15T10:00:00+0200;21960;21616;-344;3011;3090;79
2017-06-15T11:00:00+0200;24596;24376;-220;3334;3193;-141
2017-06-15T12:00:00+0200;25762;25504;-258;3735;3650;-85
2017-06-15T13:00:00+0200;25333;25216;-117;4119;4258;139
2017-06-15T14:00:00+0200;23619;22978;-641;4342;4431;89
2017-06-15T15:00:00+0200;20659;19374;-1285;4340;4515;175
2017-06-15T16:00:00+0200;16420;14818;-1602;4309;4958;649
2017-06-15T17:00:00+0200;11443;9781;-1662;4321;6295;1974
2017-06-15T18:00:00+0200;6600;5695;-905;4592;8223;3631
2017-06-15T19:00:00+0200;2946;2750;-196;5279;9163;3884
2017-06-15T20:00:00+0200;871;850;-21;6231;9571;3340
2017-06-15T21:00:00+0200;66;80;14;7304;10692;3388
2017-06-15T22:00:00+0200;0;0;0;8449;11797;3348
2017-06-15T23:00:00+0200;0;0;0;9475;12157;2682
2017-06-16T00:00:00+0200;0;0;0;11615;11960;345
2017-06-16T01:00:00+0200;0;0;0;12047;10602;-1445
2017-06-16T02:00:00+0200;0;0;0;12419;10472;-1947
2017-06-16T03:00:00+0200;0;0;0;12708;11708;-1000
2017-06-16T04:00:00+0200;2;2;0;13243;12824;-419
2017-06-16T05:00:00+0200;263;244;-19;13935;13611;-324
2017-06-16T06:00:00+0200;1681;1817;136;14624;14094;-530
2017-06-16T07:00:00+0200;4658;4699;41;15310;14322;-988
2017-06-16T08:00:00+0200;8827;8341;-486;16399;15815;-584
2017-06-16T09:00:00+0200;13287;12760;-527;17842;18064;222
2017-06-16T10:00:00+0200;16979;16324;-655;19427;19872;445
2017-06-16T11:00:00+0200;19507;17810;-1697;21084;21862;778
2017-06-16T12:00:00+0200;20777;18468;-2309;22728;23706;978
2017-06-16T13:00:00+0200;20788;18466;-2322;24132;24784;652
2017-06-16T14:00:00+0200;19765;17681;-2084;25287;26328;1041
2017-06-16T15:00:00+0200;17582;15732;-1850;25907;27161;1254
2017-06-16T16:00:00+0200;14500;13325;-1175;26238;27747;1509
2017-06-16T17:00:00+0200;10700;9629;-1071;25905;27559;1654
2017-06-16T18:00:00+0200;6682;5916;-766;24786;26440;1654
2017-06-16T19:00:00+0200;3229;3008;-221;23269;24948;1679
2017-06-16T20:00:00+0200;989;1032;43;21694;22756;1062
2017-06-16T21:00:00+0200;71;90;19;20333;20651;318
2017-06-16T22:00:00+0200;0;0;0;19402;19093;-309
2017-06-16T23:00:00+0200;0;0;0;18892;18960;68
2017-06-17T00:00:00+0200;0;0;0;18043;19055;1012
2017-06-17T01:00:00+0200;0;0;0;17775;19308;1533
2017-06-17T02:00:00+0200;0;0;0;17370;18829;1459
2017-06-17T03:00:00+0200;0;0;0;16755;18197;1442
2017-06-17T04:00:00+0200;1;2;1;16196;17345;1149
2017-06-17T05:00:00+0200;259;238;-21;15652;16249;597
2017-06-17T06:00:00+0200;1712;1692;-20;15210;14648;-562
2017-06-17T07:00:00+0200;4717;4333;-384;14964;13485;-1479
2017-06-17T08:00:00+0200;8628;7694;-934;14710;13079;-1631
2017-06-17T09:00:00+0200;12389;10800;-1589;14347;13034;-1313
2017-06-17T10:00:00+0200;15455;13316;-2139;13774;13160;-614
2017-06-17T11:00:00+0200;17558;15835;-1723;13224;12961;-263
2017-06-17T12:00:00+0200;18687;17637;-1050;12751;12479;-272
2017-06-17T13:00:00+0200;18805;18505;-300;12303;11976;-327
2017-06-17T14:00:00+0200;18038;18064;26;11734;11549;-185
2017-06-17T15:00:00+0200;16365;16186;-179;11076;10940;-136
2017-06-17T16:00:00+0200;13753;13420;-333;10273;9650;-623
2017-06-17T17:00:00+0200;10376;10126;-250;9187;8420;-767
2017-06-17T18:00:00+0200;6546;6405;-141;7788;7030;-758
2017-06-17T19:00:00+0200;3055;3125;70;6368;5526;-842
2017-06-17T20:00:00+0200;959;924;-35;5207;4480;-727
2017-06-17T21:00:00+0200;76;56;-20;4497;3934;-563
2017-06-17T22:00:00+0200;0;0;0;4083;3938;-145
2017-06-17T23:00:00+0200;0;0;0;3752;3999;247
2017-06-18T00:00:00+0200;0;0;0;3700;3931;231
2017-06-18T01:00:00+0200;0;0;0;3395;3743;348
2017-06-18T02:00:00+0200;0;0;0;3159;3389;230
2017-06-18T03:00:00+0200;0;0;0;2966;3034;68
2017-06-18T04:00:00+0200;3;3;0;2735;2714;-21
2017-06-18T05:00:00+0200;282;258;-24;2390;2190;-200
2017-06-18T06:00:00+0200;1798;1889;91;1954;1658;-296
2017-06-18T07:00:00+0200;5322;5411;89;1560;1172;-388
2017-06-18T08:00:00+0200;10302;10524;222;1351;1056;-295
2017-06-18T09:00:00+0200;15178;15772;594;1356;1196;-160
2017-06-18T10:00:00+0200;18907;19360;453;1474;1322;-152
2017-06-18T11:00:00+0200;21316;21607;291;1637;1412;-225
2017-06-18T12:00:00+0200;22620;23693;1073;1799;1478;-321
2017-06-18T13:00:00+0200;23077;24730;1653;1957;1606;-351
2017-06-18T14:00:00+0200;22580;24412;1832;2095;1752;-343
2017-06-18T15:00:00+0200;20880;22608;1728;2185;1880;-305
2017-06-18T16:00:00+0200;17829;19469;1640;2228;1835;-393
2017-06-18T17:00:00+0200;13473;14812;1339;2162;1669;-493
2017-06-18T18:00:00+0200;8261;9202;941;2035;1635;-400
2017-06-18T19:00:00+0200;3714;4150;436;1953;1637;-316
2017-06-18T20:00:00+0200;1195;1195;0;1965;1536;-429
2017-06-18T21:00:00+0200;95;85;-10;2110;1826;-284
2017-06-18T22:00:00+0200;0;0;0;2315;2297;-18
2017-06-18T23:00:00+0200;0;0;0;2408;2610;202
2017-06-19T00:00:00+0200;0;0;0;2560;2585;25
2017-06-19T01:00:00+0200;0;0;0;2447;2511;64
2017-06-19T02:00:00+0200;0;0;0;2317;2324;7
2017-06-19T03:00:00+0200;0;0;0;2132;2071;-61
2017-06-19T04:00:00+0200;3;3;0;1966;1961;-5
2017-06-19T05:00:00+0200;308;295;-13;1804;1917;113
2017-06-19T06:00:00+0200;1916;2070;154;1651;1762;111
2017-06-19T07:00:00+0200;6095;6348;253;1428;1466;38
2017-06-19T08:00:00+0200;12089;12284;195;1150;899;-251
2017-06-19T09:00:00+0200;17853;17987;134;982;790;-192
2017-06-19T10:00:00+0200;22348;22373;25;1072;966;-106
2017-06-19T11:00:00+0200;25291;25018;-273;1162;1184;22
2017-06-19T12:00:00+0200;26858;26386;-472;1201;1130;-71
2017-06-19T13:00:00+0200;27064;26536;-528;1200;987;-213
2017-06-19T14:00:00+0200;25995;25596;-399;1191;882;-309
2017-06-19T15:00:00+0200;23563;23455;-108;1168;827;-341
2017-06-19T16:00:00+0200;19804;19930;126;1154;798;-356
2017-06-19T17:00:00+0200;14771;14993;222;1147;758;-389
2017-06-19T18:00:00+0200;8890;9242;352;1162;828;-334
2017-06-19T19:00:00+0200;3858;4060;202;1247;841;-406
2017-06-19T20:00:00+0200;1221;1177;-44;1401;868;-533
2017-06-19T21:00:00+0200;105;88;-17;1636;1069;-567
2017-06-19T22:00:00+0200;0;0;0;1944;1274;-670
2017-06-19T23:00:00+0200;0;0;0;2192;1608;-584
2017-06-20T00:00:00+0200;0;0;0;1904;1857;-47
2017-06-20T01:00:00+0200;0;0;0;2153;2120;-33
2017-06-20T02:00:00+0200;0;0;0;2458;2627;169
2017-06-20T03:00:00+0200;0;0;0;2816;3030;214
2017-06-20T04:00:00+0200;3;2;-1;3199;3848;649
2017-06-20T05:00:00+0200;309;292;-17;3447;4617;1170
2017-06-20T06:00:00+0200;1931;2063;132;3407;4978;1571
2017-06-20T07:00:00+0200;6001;5984;-17;3254;4475;1221
2017-06-20T08:00:00+0200;11751;11341;-410;3163;3528;365
2017-06-20T09:00:00+0200;17275;16756;-519;3273;3227;-46
2017-06-20T10:00:00+0200;21628;20961;-667;3625;3260;-365
2017-06-20T11:00:00+0200;24481;23815;-666;4228;4005;-223
2017-06-20T12:00:00+0200;25898;24927;-971;5162;4830;-332
2017-06-20T13:00:00+0200;26011;24476;-1535;6308;5781;-527
2017-06-20T14:00:00+0200;24687;22984;-1703;7535;7037;-498
2017-06-20T15:00:00+0200;22164;20708;-1456;8629;7978;-651
2017-06-20T16:00:00+0200;18538;17412;-1126;9539;8803;-736
2017-06-20T17:00:00+0200;13764;13016;-748;10041;9209;-832
2017-06-20T18:00:00+0200;8303;8020;-283;10152;9662;-490
2017-06-20T19:00:00+0200;3735;3904;169;10066;9691;-375
2017-06-20T20:00:00+0200;1251;1254;3;9770;9292;-478
2017-06-20T21:00:00+0200;110;108;-2;9205;8508;-697
2017-06-20T22:00:00+0200;0;0;0;8631;8242;-389
2017-06-20T23:00:00+0200;0;0;0;7960;7986;26
2017-06-21T00:00:00+0200;0;0;0;5947;7394;1447
2017-06-21T01:00:00+0200;0;0;0;5252;6460;1208
2017-06-21T02:00:00+0200;0;0;0;4724;5894;1170
2017-06-21T03:00:00+0200;0;0;0;4282;5472;1190
2017-06-21T04:00:00+0200;3;3;0;3831;5008;1177
2017-06-21T05:00:00+0200;309;303;-6;3336;4602;1266
2017-06-21T06:00:00+0200;1943;2095;152;2800;3688;888
2017-06-21T07:00:00+0200;5952;5926;-26;2247;2113;-134
2017-06-21T08:00:00+0200;11764;11142;-622;1806;1482;-324
2017-06-21T09:00:00+0200;17275;16371;-904;1500;1357;-143
2017-06-21T10:00:00+0200;21615;20532;-1083;1330;1433;103
2017-06-21T11:00:00+0200;24576;23605;-971;1289;1579;290
2017-06-21T12:00:00+0200;26042;25016;-1026;1328;1649;321
2017-06-21T13:00:00+0200;26120;24559;-1561;1388;1649;261
2017-06-21T14:00:00+0200;24885;23135;-1750;1461;1568;107
2017-06-21T15:00:00+0200;22390;21010;-1380;1490;1514;24
2017-06-21T16:00:00+0200;18779;17896;-883;1500;1364;-136
2017-06-21T17:00:00+0200;13879;13387;-492;1498;1332;-166
2017-06-21T18:00:00+0200;8294;8149;-145;1463;1250;-213
2017-06-21T19:00:00+0200;3681;3776;95;1478;1148;-330
2017-06-21T20:00:00+0200;1233;1309;76;1617;1232;-385
2017-06-21T21:00:00+0200;114;109;-5;1936;1189;-747
2017-06-21T22:00:00+0200;0;0;0;2419;1226;-1193
2017-06-21T23:00:00+0200;0;0;0;2910;1416;-1494
2017-06-22T00:00:00+0200;0;0;0;2562;1700;-862
2017-06-22T01:00:00+0200;0;0;0;3003;2190;-813
2017-06-22T02:00:00+0200;0;0;0;3493;2436;-1057
2017-06-22T03:00:00+0200;0;0;0;3947;2734;-1213
2017-06-22T04:00:00+0200;2;3;1;4467;3638;-829
2017-06-22T05:00:00+0200;309;284;-25;4930;4252;-678
2017-06-22T06:00:00+0200;1951;2002;51;5338;5233;-105
2017-06-22T07:00:00+0200;5627;5728;101;5604;5268;-336
2017-06-22T08:00:00+0200;10745;10898;153;5324;4185;-1139
2017-06-22T09:00:00+0200;15736;15683;-53;5015;4500;-515
2017-06-22T10:00:00+0200;19560;19237;-323;5422;6415;993
2017-06-22T11:00:00+0200;22173;21878;-295;6358;9865;3507
2017-06-22T12:00:00+0200;23495;23248;-247;7758;10782;3024
2017-06-22T13:00:00+0200;23349;22742;-607;9439;12479;3040
2017-06-22T14:00:00+0200;21933;20493;-1440;10735;14249;3514
2017-06-22T15:00:00+0200;19558;17064;-2494;11385;14907;3522
2017-06-22T16:00:00+0200;16166;12801;-3365;11958;15333;3375
2017-06-22T17:00:00+0200;11769;8416;-3353;12240;15112;2872
2017-06-22T18:00:00+0200;7066;4658;-2408;11994;16220;4226
2017-06-22T19:00:00+0200;3286;2236;-1050;11434;16201;4767
2017-06-22T20:00:00+0200;1046;822;-224;10839;16910;6071
2017-06-22T21:00:00+0200;83;80;-3;10426;18415;7989
2017-06-22T22:00:00+0200;0;0;0;10424;18022;7598
2017-06-22T23:00:00+0200;0;0;0;10591;19198;8607
2017-06-23T00:00:00+0200;0;0;0;17642;18364;722
2017-06-23T01:00:00+0200;0;0;0;18037;17423;-614
2017-06-23T02:00:00+0200;0;0;0;18435;18391;-44
2017-06-23T03:00:00+0200;0;0;0;18616;20199;1583
2017-06-23T04:00:00+0200;1;2;1;18599;20706;2107
2017-06-23T05:00:00+0200;242;169;-73;18163;19684;1521
2017-06-23T06:00:00+0200;1658;1385;-273;17367;19695;2328
2017-06-23T07:00:00+0200;4460;3836;-624;16545;18422;1877
2017-06-23T08:00:00+0200;8305;6816;-1489;15972;17452;1480
2017-06-23T09:00:00+0200;12336;9870;-2466;15676;17762;2086
2017-06-23T10:00:00+0200;15993;12868;-3125;15612;19592;3980
2017-06-23T11:00:00+0200;18868;15968;-2900;15785;20604;4819
2017-06-23T12:00:00+0200;20676;18521;-2155;16181;20848;4667
2017-06-23T13:00:00+0200;21303;20046;-1257;16698;21138;4440
2017-06-23T14:00:00+0200;20851;20241;-610;17139;21470;4331
2017-06-23T15:00:00+0200;19183;18728;-455;17273;22341;5068
2017-06-23T16:00:00+0200;16281;15790;-491;16931;21058;4127
2017-06-23T17:00:00+0200;12291;12286;-5;15806;19850;4044
2017-06-23T18:00:00+0200;7610;7889;279;13921;18126;4205
2017-06-23T19:00:00+0200;3549;3772;223;11953;15288;3335
2017-06-23T20:00:00+0200;1143;1148;5;10361;13210;2849
2017-06-23T21:00:00+0200;93;76;-17;9380;12460;3080
2017-06-23T22:00:00+0200;0;0;0;8987;12273;3286
2017-06-23T23:00:00+0200;0;0;0;9076;12329;3253
2017-06-24T00:00:00+0200;0;0;0;9727;12429;2702
2017-06-24T01:00:00+0200;0;0;0;10585;12369;1784
2017-06-24T02:00:00+0200;0;0;0;11430;12480;1050
2017-06-24T03:00:00+0200;0;0;0;12084;12806;722
2017-06-24T04:00:00+0200;1;1;0;12668;13272;604
2017-06-24T05:00:00+0200;220;178;-42;13048;13420;372
2017-06-24T06:00:00+0200;1517;1532;15;13259;13639;380
2017-06-24T07:00:00+0200;4572;4338;-234;13524;14115;591
2017-06-24T08:00:00+0200;8843;8026;-817;14218;15614;1396
2017-06-24T09:00:00+0200;12977;11704;-1273;15416;17869;2453
2017-06-24T10:00:00+0200;16253;14971;-1282;16739;19869;3130
2017-06-24T11:00:00+0200;18526;17030;-1496;17782;21134;3352
2017-06-24T12:00:00+0200;19845;18557;-1288;18332;22149;3817
2017-06-24T13:00:00+0200;20195;19520;-675;18554;22720;4166
2017-06-24T14:00:00+0200;19460;19550;90;18503;22463;3960
2017-06-24T15:00:00+0200;17665;18150;485;18045;22120;4075
2017-06-24T16:00:00+0200;14899;15287;388;17403;21966;4563
2017-06-24T17:00:00+0200;11151;11236;85;16477;19900;3423
2017-06-24T18:00:00+0200;6773;7045;272;15106;17881;2775
2017-06-24T19:00:00+0200;3014;3332;318;13561;15282;1721
2017-06-24T20:00:00+0200;916;1004;88;12130;12212;82
2017-06-24T21:00:00+0200;71;60;-11;10948;10480;-468
2017-06-24T22:00:00+0200;0;0;0;10227;9692;-535
2017-06-24T23:00:00+0200;0;0;0;10006;9174;-832
2017-06-25T00:00:00+0200;0;0;0;10106;8921;-1185
2017-06-25T01:00:00+0200;0;0;0;10438;9040;-1398
2017-06-25T02:00:00+0200;0;0;0;10857;9360;-1497
2017-06-25T03:00:00+0200;0;0;0;11205;9989;-1216
2017-06-25T04:00:00+0200;1;1;0;11557;10638;-919
2017-06-25T05:00:00+0200;211;190;-21;11938;11760;-178
2017-06-25T06:00:00+0200;1391;1408;17;12279;12398;119
2017-06-25T07:00:00+0200;3739;3662;-77;12692;12307;-385
2017-06-25T08:00:00+0200;6703;6177;-526;13739;13353;-386
2017-06-25T09:00:00+0200;9602;8634;-968;15509;15962;453
2017-06-25T10:00:00+0200;12048;11194;-854;17450;18264;814
2017-06-25T11:00:00+0200;13983;13016;-967;19022;20126;1104
2017-06-25T12:00:00+0200;15237;13577;-1660;20034;21112;1078
2017-06-25T13:00:00+0200;15466;13227;-2239;20726;21296;570
2017-06-25T14:00:00+0200;14882;12655;-2227;20946;20516;-430
2017-06-25T15:00:00+0200;13536;11676;-1860;20565;19894;-671
2017-06-25T16:00:00+0200;11399;10334;-1065;19857;19003;-854
2017-06-25T17:00:00+0200;8602;7748;-854;18522;17714;-808
2017-06-25T18:00:00+0200;5460;4884;-576;16575;15912;-663
2017-06-25T19:00:00+0200;2678;2481;-197;14546;13316;-1230
2017-06-25T20:00:00+0200;839;775;-64;12928;11942;-986
2017-06-25T21:00:00+0200;64;48;-16;11903;11553;-350
2017-06-25T22:00:00+0200;0;0;0;11448;10607;-841
2017-06-25T23:00:00+0200;0;0;0;11562;10011;-1551
2017-06-26T00:00:00+0200;0;0;0;11035;9476;-1559
2017-06-26T01:00:00+0200;0;0;0;11655;9868;-1787
2017-06-26T02:00:00+0200;0;0;0;12190;10744;-1446
2017-06-26T03:00:00+0200;0;0;0;12518;11256;-1262
2017-06-26T04:00:00+0200;1;1;0;12886;11126;-1760
2017-06-26T05:00:00+0200;225;186;-39;13072;10814;-2258
2017-06-26T06:00:00+0200;1583;1504;-79;13093;10684;-2409
2017-06-26T07:00:00+0200;4561;4579;18;13160;9809;-3351
2017-06-26T08:00:00+0200;8774;9133;359;13258;10296;-2962
2017-06-26T09:00:00+0200;13135;13495;360;13321;11330;-1991
2017-06-26T10:00:00+0200;16584;17106;522;13309;11668;-1641
2017-06-26T11:00:00+0200;19034;19360;326;13246;11459;-1787
2017-06-26T12:00:00+0200;20641;20873;232;13035;11420;-1615
2017-06-26T13:00:00+0200;21351;21433;82;12657;11324;-1333
2017-06-26T14:00:00+0200;21063;20976;-87;12166;11104;-1062
2017-06-26T15:00:00+0200;19560;19552;-8;11581;10518;-1063
2017-06-26T16:00:00+0200;16894;16782;-112;10880;9389;-1491
2017-06-26T17:00:00+0200;12971;13026;55;9959;8372;-1587
2017-06-26T18:00:00+0200;8056;8373;317;8752;7508;-1244
2017-06-26T19:00:00+0200;3677;3965;288;7549;6672;-877
2017-06-26T20:00:00+0200;1181;1171;-10;6564;5897;-667
2017-06-26T21:00:00+0200;102;97;-5;5896;5418;-478
2017-06-26T22:00:00+0200;0;0;0;5502;5414;-88
2017-06-26T23:00:00+0200;0;0;0;5167;4852;-315
2017-06-27T00:00:00+0200;0;0;0;4697;4762;65
2017-06-27T01:00:00+0200;0;0;0;4383;4582;199
2017-06-27T02:00:00+0200;0;0;0;4078;4297;219
2017-06-27T03:00:00+0200;0;0;0;3742;3815;73
2017-06-27T04:00:00+0200;2;2;0;3400;3272;-128
2017-06-27T05:00:00+0200;251;224;-27;3018;2793;-225
2017-06-27T06:00:00+0200;1581;1405;-176;2569;2278;-291
2017-06-27T07:00:00+0200;4402;3748;-654;2110;1741;-369
2017-06-27T08:00:00+0200;8114;6850;-1264;1753;1277;-476
2017-06-27T09:00:00+0200;11806;10326;-1480;1568;1109;-459
2017-06-27T10:00:00+0200;14942;13120;-1822;1495;1018;-477
2017-06-27T11:00:00+0200;17217;15406;-1811;1513;982;-531
2017-06-27T12:00:00+0200;18419;17017;-1402;1622;1112;-510
2017-06-27T13:00:00+0200;18562;17688;-874;1775;1281;-494
2017-06-27T14:00:00+0200;17892;17364;-528;2012;1565;-447
2017-06-27T15:00:00+0200;16221;15874;-347;2426;1948;-478
2017-06-27T16:00:00+0200;13422;13100;-322;3009;2534;-475
2017-06-27T17:00:00+0200;9862;9742;-120;3738;3161;-577
2017-06-27T18:00:00+0200;6044;5803;-241;4643;3824;-819
2017-06-27T19:00:00+0200;2837;2697;-140;5720;4554;-1166
2017-06-27T20:00:00+0200;895;824;-71;6950;5523;-1427
2017-06-27T21:00:00+0200;75;48;-27;8261;7116;-1145
2017-06-27T22:00:00+0200;0;0;0;9549;8876;-673
2017-06-27T23:00:00+0200;0;0;0;10463;10419;-44
2017-06-28T00:00:00+0200;0;0;0;11903;11381;-522
2017-06-28T01:00:00+0200;0;0;0;12282;11848;-434
2017-06-28T02:00:00+0200;0;0;0;12587;12200;-387
2017-06-28T03:00:00+0200;0;0;0;12701;12372;-329
2017-06-28T04:00:00+0200;2;2;0;12713;12644;-69
2017-06-28T05:00:00+0200;234;222;-12;12523;12913;390
2017-06-28T06:00:00+0200;1487;1487;0;12033;13187;1154
2017-06-28T07:00:00+0200;4149;3659;-490;11420;11809;389
2017-06-28T08:00:00+0200;7578;6455;-1123;10921;11394;473
2017-06-28T09:00:00+0200;10914;9237;-1677;10715;11824;1109
2017-06-28T10:00:00+0200;13537;12101;-1436;10816;12435;1619
2017-06-28T11:00:00+0200;15274;14348;-926;11010;12890;1880
2017-06-28T12:00:00+0200;16028;15748;-280;11194;13545;2351
2017-06-28T13:00:00+0200;15829;16100;271;11376;13291;1915
2017-06-28T14:00:00+0200;15034;16071;1037;11139;12880;1741
2017-06-28T15:00:00+0200;13717;15088;1371;10441;12057;1616
2017-06-28T16:00:00+0200;11669;12488;819;9863;11270;1407
2017-06-28T17:00:00+0200;8844;9214;370;9473;10356;883
2017-06-28T18:00:00+0200;5584;5900;316;9330;9491;161
2017-06-28T19:00:00+0200;2748;2992;244;9338;8908;-430
2017-06-28T20:00:00+0200;877;976;99;9347;8168;-1179
2017-06-28T21:00:00+0200;68;69;1;9261;7726;-1535
2017-06-28T22:00:00+0200;0;0;0;9139;7080;-2059
2017-06-28T23:00:00+0200;0;0;0;8737;5969;-2768
2017-06-29T00:00:00+0200;0;0;0;7769;4941;-2828
2017-06-29T01:00:00+0200;0;0;0;7112;4851;-2261
2017-06-29T02:00:00+0200;0;0;0;6568;4628;-1940
2017-06-29T03:00:00+0200;0;0;0;6011;4482;-1529
2017-06-29T04:00:00+0200;1;1;0;5618;4296;-1322
2017-06-29T05:00:00+0200;148;142;-6;5376;3968;-1408
2017-06-29T06:00:00+0200;962;981;19;5188;4003;-1185
2017-06-29T07:00:00+0200;2438;2404;-34;5019;4032;-987
2017-06-29T08:00:00+0200;4164;4066;-98;4914;3983;-931
2017-06-29T09:00:00+0200;5872;5869;-3;4934;4134;-800
2017-06-29T10:00:00+0200;7602;7790;188;5077;4368;-709
2017-06-29T11:00:00+0200;9256;10334;1078;5279;5127;-152
2017-06-29T12:00:00+0200;10459;12138;1679;5584;6070;486
2017-06-29T13:00:00+0200;10962;12766;1804;5986;7013;1027
2017-06-29T14:00:00+0200;11086;12707;1621;6490;7965;1475
2017-06-29T15:00:00+0200;10384;11795;1411;7079;9380;2301
2017-06-29T16:00:00+0200;8677;9933;1256;7708;10671;2963
2017-06-29T17:00:00+0200;6534;7425;891;8196;11964;3768
2017-06-29T18:00:00+0200;4189;4427;238;8366;11870;3504
2017-06-29T19:00:00+0200;2081;2122;41;8500;11703;3203
2017-06-29T20:00:00+0200;658;650;-8;8835;11226;2391
2017-06-29T21:00:00+0200;48;33;-15;9202;11526;2324
2017-06-29T22:00:00+0200;0;0;0;9736;11615;1879
2017-06-29T23:00:00+0200;0;0;0;10384;12225;1841
2017-06-30T00:00:00+0200;0;0;0;10389;13248;2859
2017-06-30T01:00:00+0200;0;0;0;11005;14201;3196
2017-06-30T02:00:00+0200;0;0;0;11603;15144;3541
2017-06-30T03:00:00+0200;0;0;0;12111;15836;3725
2017-06-30T04:00:00+0200;0;0;0;12644;16190;3546
2017-06-30T05:00:00+0200;151;98;-53;13117;16340;3223
2017-06-30T06:00:00+0200;1281;1059;-222;13606;16185;2579
2017-06-30T07:00:00+0200;3699;3124;-575;14230;15964;1734
2017-06-30T08:00:00+0200;7034;6584;-450;14919;16900;1981
2017-06-30T09:00:00+0200;10446;10382;-64;15618;18348;2730
2017-06-30T10:00:00+0200;13491;13291;-200;16231;19510;3279
2017-06-30T11:00:00+0200;15897;15548;-349;16678;21084;4406
2017-06-30T12:00:00+0200;17446;16797;-649;16919;21806;4887
2017-06-30T13:00:00+0200;18050;17175;-875;16994;21882;4888
2017-06-30T14:00:00+0200;17712;17103;-609;16772;21019;4247
2017-06-30T15:00:00+0200;16291;15791;-500;16143;19750;3607
2017-06-30T16:00:00+0200;13714;13186;-528;15280;18520;3240
2017-06-30T17:00:00+0200;10270;9996;-274;14105;16860;2755
2017-06-30T18:00:00+0200;6412;6314;-98;12691;14826;2135
2017-06-30T19:00:00+0200;3120;3010;-110;11276;12646;1370
2017-06-30T20:00:00+0200;1022;876;-146;10277;10976;699
2017-06-30T21:00:00+0200;71;40;-31;10092;9854;-238
2017-06-30T22:00:00+0200;0;0;0;10445;9544;-901
2017-06-30T23:00:00+0200;0;0;0;11024;9620;-1404
2017-07-01T00:00:00+0200;0;0;0;10077;9971;-106
2017-07-01T01:00:00+0200;0;0;0;10577;10535;-42
2017-07-01T02:00:00+0200;0;0;0;11001;10886;-115
2017-07-01T03:00:00+0200;0;0;0;11226;11317;91
2017-07-01T04:00:00+0200;0;0;0;11505;11498;-7
2017-07-01T05:00:00+0200;143;124;-19;11795;12108;313
2017-07-01T06:00:00+0200;1099;1088;-11;12039;12442;403
2017-07-01T07:00:00+0200;3003;3040;37;12366;12307;-59
2017-07-01T08:00:00+0200;5421;5501;80;12873;12838;-35
2017-07-01T09:00:00+0200;7677;7813;136;13410;13790;380
2017-07-01T10:00:00+0200;9369;9853;484;13918;14922;1004
2017-07-01T11:00:00+0200;10530;11141;611;14245;15713;1468
2017-07-01T12:00:00+0200;11222;12213;991;14466;16293;1827
2017-07-01T13:00:00+0200;11389;12537;1148;14691;16628;1937
2017-07-01T14:00:00+0200;11075;11899;824;14837;16209;1372
2017-07-01T15:00:00+0200;10093;10865;772;14842;16321;1479
2017-07-01T16:00:00+0200;8411;9270;859;14842;16648;1806
2017-07-01T17:00:00+0200;6310;7103;793;14555;15719;1164
2017-07-01T18:00:00+0200;4009;4564;555;13936;14411;475
2017-07-01T19:00:00+0200;1932;2245;313;13199;13035;-164
2017-07-01T20:00:00+0200;610;676;66;12588;12041;-547
2017-07-01T21:00:00+0200;51;59;8;12195;12281;86
2017-07-01T22:00:00+0200;0;0;0;12093;12551;458
2017-07-01T23:00:00+0200;0;0;0;12093;12486;393
2017-07-02T00:00:00+0200;0;0;0;11792;12043;251
2017-07-02T01:00:00+0200;0;0;0;11514;11938;424
2017-07-02T02:00:00+0200;0;0;0;11310;11884;574
2017-07-02T03:00:00+0200;0;0;0;11138;12408;1270
2017-07-02T04:00:00+0200;1;1;0;11018;13116;2098
2017-07-02T05:00:00+0200;168;136;-32;10802;13310;2508
2017-07-02T06:00:00+0200;1034;992;-42;10543;12804;2261
2017-07-02T07:00:00+0200;2940;2754;-186;10544;12262;1718
2017-07-02T08:00:00+0200;5605;5034;-571;10869;11872;1003
2017-07-02T09:00:00+0200;8365;7473;-892;11385;11700;315
2017-07-02T10:00:00+0200;10613;9736;-877;12077;11627;-450
2017-07-02T11:00:00+0200;12389;11517;-872;12740;12734;-6
2017-07-02T12:00:00+0200;13409;12371;-1038;13340;13114;-226
2017-07-02T13:00:00+0200;13377;12106;-1271;13919;13874;-45
2017-07-02T14:00:00+0200;12817;11109;-1708;14148;14778;630
2017-07-02T15:00:00+0200;11611;9734;-1877;14004;15636;1632
2017-07-02T16:00:00+0200;9664;8467;-1197;13656;15989;2333
2017-07-02T17:00:00+0200;7299;6812;-487;13125;15752;2627
2017-07-02T18:00:00+0200;4712;4646;-66;12407;15320;2913
2017-07-02T19:00:00+0200;2331;2562;231;11547;14526;2979
2017-07-02T20:00:00+0200;777;840;63;10630;12536;1906
2017-07-02T21:00:00+0200;71;72;1;9745;11698;1953
2017-07-02T22:00:00+0200;0;0;0;9050;11761;2711
2017-07-02T23:00:00+0200;0;0;0;8512;11699;3187
2017-07-03T00:00:00+0200;0;0;0;10905;11292;387
2017-07-03T01:00:00+0200;0;0;0;10774;11192;418
2017-07-03T02:00:00+0200;0;0;0;10586;10734;148
2017-07-03T03:00:00+0200;0;0;0;10277;9894;-383
2017-07-03T04:00:00+0200;1;1;0;9896;9537;-359
2017-07-03T05:00:00+0200;222;172;-50;9460;8914;-546
2017-07-03T06:00:00+0200;1445;1524;79;8962;8097;-865
2017-07-03T07:00:00+0200;4462;4830;368;8562;6880;-1682
2017-07-03T08:00:00+0200;8851;9374;523;8684;7300;-1384
2017-07-03T09:00:00+0200;13424;14073;649;9445;9296;-149
2017-07-03T10:00:00+0200;17388;18204;816;10336;10844;508
2017-07-03T11:00:00+0200;20322;21030;708;11213;11779;566
2017-07-03T12:00:00+0200;21876;22598;722;12038;12648;610
2017-07-03T13:00:00+0200;21983;23080;1097;12778;13102;324
2017-07-03T14:00:00+0200;20980;22033;1053;13381;13492;111
2017-07-03T15:00:00+0200;18894;19701;807;13820;14134;314
2017-07-03T16:00:00+0200;15643;16051;408;14092;14766;674
2017-07-03T17:00:00+0200;11579;11980;401;13888;14924;1036
2017-07-03T18:00:00+0200;7079;7390;311;13136;14597;1461
2017-07-03T19:00:00+0200;3269;3489;220;12265;13280;1015
2017-07-03T20:00:00+0200;1048;1018;-30;11524;11480;-44
2017-07-03T21:00:00+0200;89;54;-35;11091;11313;222
2017-07-03T22:00:00+0200;0;0;0;11114;11832;718
2017-07-03T23:00:00+0200;0;0;0;11247;12263;1016
2017-07-04T00:00:00+0200;0;0;0;11803;11773;-30
2017-07-04T01:00:00+0200;0;0;0;11910;11728;-182
2017-07-04T02:00:00+0200;0;0;0;11961;11458;-503
2017-07-04T03:00:00+0200;0;0;0;11924;10987;-937
2017-07-04T04:00:00+0200;1;1;0;11828;10618;-1210
2017-07-04T05:00:00+0200;213;180;-33;11398;9955;-1443
2017-07-04T06:00:00+0200;1512;1599;87;10675;9117;-1558
2017-07-04T07:00:00+0200;4528;4648;120;10065;8400;-1665
2017-07-04T08:00:00+0200;8800;8796;-4;9886;9008;-878
2017-07-04T09:00:00+0200;13234;13286;52;9963;9592;-371
2017-07-04T10:00:00+0200;16792;17455;663;10153;9844;-309
2017-07-04T11:00:00+0200;19175;20150;975;10328;10270;-58
2017-07-04T12:00:00+0200;20440;21152;712;10341;10602;261
2017-07-04T13:00:00+0200;20872;21476;604;10153;10545;392
2017-07-04T14:00:00+0200;20442;21082;640;9840;9913;73
2017-07-04T15:00:00+0200;18956;19722;766;9298;8995;-303
2017-07-04T16:00:00+0200;16317;17241;924;8546;7701;-845
2017-07-04T17:00:00+0200;12489;13345;856;7572;6316;-1256
2017-07-04T18:00:00+0200;7753;8478;725;6357;4909;-1448
2017-07-04T19:00:00+0200;3533;3925;392;5151;3528;-1623
2017-07-04T20:00:00+0200;1166;1132;-34;4227;2424;-1803
2017-07-04T21:00:00+0200;108;60;-48;3695;1928;-1767
2017-07-04T22:00:00+0200;0;0;0;3436;1794;-1642
2017-07-04T23:00:00+0200;0;0;0;3224;1594;-1630
2017-07-05T00:00:00+0200;0;0;0;2329;1357;-972
2017-07-05T01:00:00+0200;0;0;0;2155;1276;-879
2017-07-05T02:00:00+0200;0;0;0;2031;1205;-826
2017-07-05T03:00:00+0200;0;0;0;1927;1113;-814
2017-07-05T04:00:00+0200;0;0;0;1836;1208;-628
2017-07-05T05:00:00+0200;192;138;-54;1707;1509;-198
2017-07-05T06:00:00+0200;1428;1425;-3;1556;1634;78
2017-07-05T07:00:00+0200;4463;4512;49;1392;1341;-51
2017-07-05T08:00:00+0200;8956;9058;102;1239;1098;-141
2017-07-05T09:00:00+0200;13584;13778;194;1105;1018;-87
2017-07-05T10:00:00+0200;17453;17892;439;1063;1056;-7
2017-07-05T11:00:00+0200;20269;21084;815;1093;1100;7
2017-07-05T12:00:00+0200;21861;22878;1017;1200;1104;-96
2017-07-05T13:00:00+0200;22101;23586;1485;1345;1169;-176
2017-07-05T14:00:00+0200;21187;22858;1671;1522;1298;-224
2017-07-05T15:00:00+0200;19174;20603;1429;1702;1440;-262
2017-07-05T16:00:00+0200;16118;17239;1121;1846;1544;-302
2017-07-05T17:00:00+0200;12114;12923;809;1913;1568;-345
2017-07-05T18:00:00+0200;7508;8288;780;1892;1563;-329
2017-07-05T19:00:00+0200;3542;3938;396;1887;1522;-365
2017-07-05T20:00:00+0200;1178;1165;-13;1945;1575;-370
2017-07-05T21:00:00+0200;102;75;-27;2078;1770;-308
2017-07-05T22:00:00+0200;0;0;0;2260;2066;-194
2017-07-05T23:00:00+0200;0;0;0;2288;1896;-392
2017-07-06T00:00:00+0200;0;0;0;1795;1592;-203
2017-07-06T01:00:00+0200;0;0;0;1573;1474;-99
2017-07-06T02:00:00+0200;0;0;0;1389;1298;-91
2017-07-06T03:00:00+0200;0;0;0;1279;1142;-137
2017-07-06T04:00:00+0200;1;0;-1;1164;1087;-77
2017-07-06T05:00:00+0200;233;188;-45;1011;1052;41
2017-07-06T06:00:00+0200;1655;1721;66;798;913;115
2017-07-06T07:00:00+0200;5313;5434;121;547;591;44
2017-07-06T08:00:00+0200;10762;11034;272;381;233;-148
2017-07-06T09:00:00+0200;16350;16662;312;342;165;-177
2017-07-06T10:00:00+0200;20776;21171;395;321;207;-114
2017-07-06T11:00:00+0200;23802;23874;72;332;243;-89
2017-07-06T12:00:00+0200;25425;25222;-203;380;327;-53
2017-07-06T13:00:00+0200;25658;25289;-369;438;477;39
2017-07-06T14:00:00+0200;24579;24184;-395;506;608;102
2017-07-06T15:00:00+0200;22223;21152;-1071;596;1007;411
2017-07-06T16:00:00+0200;18637;17094;-1543;700;1026;326
2017-07-06T17:00:00+0200;13736;12460;-1276;802;1033;231
2017-07-06T18:00:00+0200;8161;7501;-660;970;1269;299
2017-07-06T19:00:00+0200;3514;3352;-162;1294;1695;401
2017-07-06T20:00:00+0200;1103;954;-149;1938;2591;653
2017-07-06T21:00:00+0200;100;54;-46;3020;3556;536
2017-07-06T22:00:00+0200;0;0;0;4285;5511;1226
2017-07-06T23:00:00+0200;0;0;0;5158;7250;2092
2017-07-07T00:00:00+0200;0;0;0;5737;8642;2905
2017-07-07T01:00:00+0200;0;0;0;5788;9265;3477
2017-07-07T02:00:00+0200;0;0;0;5772;8359;2587
2017-07-07T03:00:00+0200;0;0;0;5631;7042;1411
2017-07-07T04:00:00+0200;0;0;0;5520;6416;896
2017-07-07T05:00:00+0200;175;124;-51;5241;6372;1131
2017-07-07T06:00:00+0200;1363;1207;-156;4703;5515;812
2017-07-07T07:00:00+0200;4173;3489;-684;4237;4836;599
2017-07-07T08:00:00+0200;8157;6934;-1223;3913;3834;-79
2017-07-07T09:00:00+0200;12291;10944;-1347;3950;3421;-529
2017-07-07T10:00:00+0200;15992;14660;-1332;4236;3300;-936
2017-07-07T11:00:00+0200;18861;17530;-1331;4716;3718;-998
2017-07-07T12:00:00+0200;20585;19716;-869;5344;3888;-1456
2017-07-07T13:00:00+0200;21108;21162;54;6098;4481;-1617
2017-07-07T14:00:00+0200;20583;20996;413;6846;5546;-1300
2017-07-07T15:00:00+0200;18858;18590;-268;7386;6580;-806
2017-07-07T16:00:00+0200;16049;15442;-607;7825;7241;-584
2017-07-07T17:00:00+0200;12159;11379;-780;7873;7441;-432
2017-07-07T18:00:00+0200;7534;7114;-420;7292;7104;-188
2017-07-07T19:00:00+0200;3500;3356;-144;6471;5813;-658
2017-07-07T20:00:00+0200;1138;1074;-64;5668;4738;-930
2017-07-07T21:00:00+0200;94;71;-23;5171;4001;-1170
2017-07-07T22:00:00+0200;0;0;0;4953;3636;-1317
2017-07-07T23:00:00+0200;0;0;0;4874;3489;-1385
2017-07-08T00:00:00+0200;0;0;0;4475;3233;-1242
2017-07-08T01:00:00+0200;0;0;0;4538;3187;-1351
2017-07-08T02:00:00+0200;0;0;0;4699;3524;-1175
2017-07-08T03:00:00+0200;0;0;0;4897;3919;-978
2017-07-08T04:00:00+0200;0;0;0;5044;3988;-1056
2017-07-08T05:00:00+0200;196;141;-55;5058;4126;-932
2017-07-08T06:00:00+0200;1495;1460;-35;4986;4444;-542
2017-07-08T07:00:00+0200;4595;4456;-139;4948;4658;-290
2017-07-08T08:00:00+0200;8964;8748;-216;5150;4463;-687
2017-07-08T09:00:00+0200;13409;12791;-618;5601;4834;-767
2017-07-08T10:00:00+0200;16984;16714;-270;6201;5793;-408
2017-07-08T11:00:00+0200;19349;19594;245;6768;6982;214
2017-07-08T12:00:00+0200;20529;20767;238;7265;7856;591
2017-07-08T13:00:00+0200;20575;21217;642;7673;8337;664
2017-07-08T14:00:00+0200;19627;20107;480;7914;8935;1021
2017-07-08T15:00:00+0200;17771;17688;-83;7940;8737;797
2017-07-08T16:00:00+0200;15134;14715;-419;7874;8241;367
2017-07-08T17:00:00+0200;11649;11483;-166;7421;7755;334
2017-07-08T18:00:00+0200;7403;7212;-191;6495;6998;503
2017-07-08T19:00:00+0200;3510;3475;-35;5547;6034;487
2017-07-08T20:00:00+0200;1160;1040;-120;4757;4750;-7
2017-07-08T21:00:00+0200;92;63;-29;4137;4129;-8
2017-07-08T22:00:00+0200;0;0;0;3681;3838;157
2017-07-08T23:00:00+0200;0;0;0;3306;3498;192
2017-07-09T00:00:00+0200;0;0;0;3130;3178;48
2017-07-09T01:00:00+0200;0;0;0;2888;3098;210
2017-07-09T02:00:00+0200;0;0;0;2660;2759;99
2017-07-09T03:00:00+0200;0;0;0;2366;2582;216
2017-07-09T04:00:00+0200;0;0;0;2006;2456;450
2017-07-09T05:00:00+0200;202;144;-58;1625;2137;512
2017-07-09T06:00:00+0200;1477;1440;-37;1262;2030;768
2017-07-09T07:00:00+0200;4666;4114;-552;930;1416;486
2017-07-09T08:00:00+0200;9215;7905;-1310;695;1086;391
2017-07-09T09:00:00+0200;13887;12014;-1873;598;1072;474
2017-07-09T10:00:00+0200;17798;15466;-2332;551;968;417
2017-07-09T11:00:00+0200;20654;18439;-2215;552;875;323
2017-07-09T12:00:00+0200;22199;20692;-1507;595;875;280
2017-07-09T13:00:00+0200;22273;22243;-30;633;870;237
2017-07-09T14:00:00+0200;21064;21753;689;681;843;162
2017-07-09T15:00:00+0200;18720;19594;874;736;791;55
2017-07-09T16:00:00+0200;15298;15514;216;791;867;76
2017-07-09T17:00:00+0200;10994;10972;-22;868;951;83
2017-07-09T18:00:00+0200;6570;6260;-310;1037;1102;65
2017-07-09T19:00:00+0200;3055;3062;7;1332;1393;61
2017-07-09T20:00:00+0200;984;975;-9;1794;1842;48
2017-07-09T21:00:00+0200;80;64;-16;2469;2867;398
2017-07-09T22:00:00+0200;0;0;0;3256;4128;872
2017-07-09T23:00:00+0200;0;0;0;3731;5006;1275
2017-07-10T00:00:00+0200;0;0;0;3706;5160;1454
2017-07-10T01:00:00+0200;0;0;0;3622;5008;1386
2017-07-10T02:00:00+0200;0;0;0;3508;4774;1266
2017-07-10T03:00:00+0200;0;0;0;3406;4414;1008
2017-07-10T04:00:00+0200;0;0;0;3386;3807;421
2017-07-10T05:00:00+0200;145;109;-36;3311;3597;286
2017-07-10T06:00:00+0200;1082;950;-132;3075;3420;345
2017-07-10T07:00:00+0200;3142;2690;-452;2754;2674;-80
2017-07-10T08:00:00+0200;5748;4638;-1110;2462;2058;-404
2017-07-10T09:00:00+0200;8402;6656;-1746;2321;1813;-508
2017-07-10T10:00:00+0200;10825;8990;-1835;2396;1920;-476
2017-07-10T11:00:00+0200;12832;11725;-1107;2646;2232;-414
2017-07-10T12:00:00+0200;14297;14612;315;3026;2640;-386
2017-07-10T13:00:00+0200;14990;16020;1030;3460;3115;-345
2017-07-10T14:00:00+0200;14998;16038;1040;3798;3613;-185
2017-07-10T15:00:00+0200;13933;14766;833;4023;4129;106
2017-07-10T16:00:00+0200;11755;12146;391;4182;4552;370
2017-07-10T17:00:00+0200;8905;8782;-123;4244;4506;262
2017-07-10T18:00:00+0200;5580;5362;-218;4155;4196;41
2017-07-10T19:00:00+0200;2617;2653;36;4198;3944;-254
2017-07-10T20:00:00+0200;794;831;37;4482;3613;-869
2017-07-10T21:00:00+0200;55;39;-16;5047;3546;-1501
2017-07-10T22:00:00+0200;0;0;0;5814;3596;-2218
2017-07-10T23:00:00+0200;0;0;0;6493;3879;-2614
2017-07-11T00:00:00+0200;0;0;0;4506;4732;226
2017-07-11T01:00:00+0200;0;0;0;4703;5112;409
2017-07-11T02:00:00+0200;0;0;0;4903;5612;709
2017-07-11T03:00:00+0200;0;0;0;5039;6166;1127
2017-07-11T04:00:00+0200;0;0;0;5214;6172;958
2017-07-11T05:00:00+0200;130;94;-36;5404;5962;558
2017-07-11T06:00:00+0200;1086;990;-96;5523;5876;353
2017-07-11T07:00:00+0200;3235;3186;-49;5725;5414;-311
2017-07-11T08:00:00+0200;6227;6253;26;6138;5399;-739
2017-07-11T09:00:00+0200;9513;9866;353;6719;6156;-563
2017-07-11T10:00:00+0200;12725;13228;503;7447;7450;3
2017-07-11T11:00:00+0200;15634;16098;464;8309;9074;765
2017-07-11T12:00:00+0200;17545;18198;653;9189;9902;713
2017-07-11T13:00:00+0200;17934;18735;801;10078;10750;672
2017-07-11T14:00:00+0200;17249;17682;433;10740;11359;619
2017-07-11T15:00:00+0200;15488;15644;156;10934;11698;764
2017-07-11T16:00:00+0200;12694;12572;-122;10854;11685;831
2017-07-11T17:00:00+0200;9421;9680;259;10288;10749;461
2017-07-11T18:00:00+0200;5931;6219;288;9176;8961;-215
2017-07-11T19:00:00+0200;2899;3170;271;7868;6953;-915
2017-07-11T20:00:00+0200;884;938;54;6819;5350;-1469
2017-07-11T21:00:00+0200;60;37;-23;6229;4910;-1319
2017-07-11T22:00:00+0200;0;0;0;6092;4814;-1278
2017-07-11T23:00:00+0200;0;0;0;6148;4253;-1895
2017-07-12T00:00:00+0200;0;0;0;4642;4032;-610
2017-07-12T01:00:00+0200;0;0;0;4694;4122;-572
2017-07-12T02:00:00+0200;0;0;0;4649;4046;-603
2017-07-12T03:00:00+0200;0;0;0;4560;4142;-418
2017-07-12T04:00:00+0200;0;0;0;4541;4884;343
2017-07-12T05:00:00+0200;124;101;-23;4633;5864;1231
2017-07-12T06:00:00+0200;965;980;15;4923;6450;1527
2017-07-12T07:00:00+0200;2696;2693;-3;5416;6733;1317
2017-07-12T08:00:00+0200;4861;4470;-391;6025;7109;1084
2017-07-12T09:00:00+0200;7019;6368;-651;6980;8551;1571
2017-07-12T10:00:00+0200;8697;7688;-1009;8222;9715;1493
2017-07-12T11:00:00+0200;9735;8200;-1535;9534;10717;1183
2017-07-12T12:00:00+0200;10139;8674;-1465;11048;12678;1630
2017-07-12T13:00:00+0200;9937;9011;-926;12709;14388;1679
2017-07-12T14:00:00+0200;9284;8716;-568;14241;16346;2105
2017-07-12T15:00:00+0200;8481;8675;194;15696;18321;2625
2017-07-12T16:00:00+0200;7533;8818;1285;17369;20409;3040
2017-07-12T17:00:00+0200;6234;7519;1285;18686;21493;2807
2017-07-12T18:00:00+0200;4397;5345;948;19865;22470;2605
2017-07-12T19:00:00+0200;2272;2610;338;21100;23288;2188
2017-07-12T20:00:00+0200;712;745;33;21727;24000;2273
2017-07-12T21:00:00+0200;51;45;-6;21739;23825;2086
2017-07-12T22:00:00+0200;0;0;0;21604;22930;1326
2017-07-12T23:00:00+0200;0;0;0;21338;22811;1473
2017-07-13T00:00:00+0200;0;0;0;20305;22048;1743
2017-07-13T01:00:00+0200;0;0;0;19374;20455;1081
2017-07-13T02:00:00+0200;0;0;0;18377;18320;-57
2017-07-13T03:00:00+0200;0;0;0;17227;16644;-583
2017-07-13T04:00:00+0200;0;0;0;16104;14974;-1130
2017-07-13T05:00:00+0200;156;117;-39;15081;13550;-1531
2017-07-13T06:00:00+0200;1361;1429;68;14148;12485;-1663
2017-07-13T07:00:00+0200;4386;4629;243;13319;10920;-2399
2017-07-13T08:00:00+0200;8806;9370;564;12707;10398;-2309
2017-07-13T09:00:00+0200;13493;13661;168;12125;10501;-1624
2017-07-13T10:00:00+0200;17742;16834;-908;11301;10148;-1153
2017-07-13T11:00:00+0200;21087;19410;-1677;10380;9134;-1246
2017-07-13T12:00:00+0200;23214;21436;-1778;9515;8388;-1127
2017-07-13T13:00:00+0200;24095;22562;-1533;8777;7933;-844
2017-07-13T14:00:00+0200;23799;22656;-1143;8149;7355;-794
2017-07-13T15:00:00+0200;22074;21476;-598;7488;6561;-927
2017-07-13T16:00:00+0200;18747;18521;-226;6793;5776;-1017
2017-07-13T17:00:00+0200;14055;14233;178;5953;4853;-1100
2017-07-13T18:00:00+0200;8478;8890;412;5003;3844;-1159
2017-07-13T19:00:00+0200;3644;3984;340;4073;2606;-1467
2017-07-13T20:00:00+0200;1084;1148;64;3389;1794;-1595
2017-07-13T21:00:00+0200;74;52;-22;3034;1530;-1504
2017-07-13T22:00:00+0200;0;0;0;2887;1512;-1375
2017-07-13T23:00:00+0200;0;0;0;2791;1538;-1253
2017-07-14T00:00:00+0200;0;0;0;2236;1508;-728
2017-07-14T01:00:00+0200;0;0;0;2112;1535;-577
2017-07-14T02:00:00+0200;0;0;0;2134;1495;-639
2017-07-14T03:00:00+0200;0;0;0;2292;1518;-774
2017-07-14T04:00:00+0200;0;0;0;2522;1773;-749
2017-07-14T05:00:00+0200;150;129;-21;2741;2192;-549
2017-07-14T06:00:00+0200;1196;1192;-4;2905;2478;-427
2017-07-14T07:00:00+0200;3737;3718;-19;2974;2509;-465
2017-07-14T08:00:00+0200;7438;7482;44;2999;2182;-817
2017-07-14T09:00:00+0200;11471;12067;596;3119;1934;-1185
2017-07-14T10:00:00+0200;14884;16169;1285;3436;2046;-1390
2017-07-14T11:00:00+0200;17304;17791;487;3900;2030;-1870
2017-07-14T12:00:00+0200;18565;17316;-1249;4355;2606;-1749
2017-07-14T13:00:00+0200;18581;16548;-2033;4868;3246;-1622
2017-07-14T14:00:00+0200;17572;15098;-2474;5417;3892;-1525
2017-07-14T15:00:00+0200;15719;13292;-2427;6033;4188;-1845
2017-07-14T16:00:00+0200;13247;11531;-1716;6709;4783;-1926
2017-07-14T17:00:00+0200;10126;8530;-1596;7181;5673;-1508
2017-07-14T18:00:00+0200;6387;5234;-1153;7492;5591;-1901
2017-07-14T19:00:00+0200;3005;2545;-460;7958;4664;-3294
2017-07-14T20:00:00+0200;911;798;-113;8398;4322;-4076
2017-07-14T21:00:00+0200;56;38;-18;8546;4304;-4242
2017-07-14T22:00:00+0200;0;0;0;8838;5172;-3666
2017-07-14T23:00:00+0200;0;0;0;9225;5726;-3499
2017-07-15T00:00:00+0200;0;0;0;5541;5835;294
2017-07-15T01:00:00+0200;0;0;0;5718;5570;-148
2017-07-15T02:00:00+0200;0;0;0;5892;5461;-431
2017-07-15T03:00:00+0200;0;0;0;5881;5616;-265
2017-07-15T04:00:00+0200;0;0;0;5899;5418;-481
2017-07-15T05:00:00+0200;124;94;-30;5807;5116;-691
2017-07-15T06:00:00+0200;1112;1154;42;5541;4532;-1009
2017-07-15T07:00:00+0200;3635;3858;223;5153;3666;-1487
2017-07-15T08:00:00+0200;7285;7793;508;4634;3067;-1567
2017-07-15T09:00:00+0200;11237;11669;432;4067;2738;-1329
2017-07-15T10:00:00+0200;14634;14644;10;3548;2480;-1068
2017-07-15T11:00:00+0200;17209;16244;-965;3239;2317;-922
2017-07-15T12:00:00+0200;18729;16786;-1943;3163;2428;-735
2017-07-15T13:00:00+0200;18995;16762;-2233;3237;2750;-487
2017-07-15T14:00:00+0200;18251;16672;-1579;3447;3216;-231
2017-07-15T15:00:00+0200;16458;15363;-1095;3626;3564;-62
2017-07-15T16:00:00+0200;13728;12900;-828;3761;3678;-83
2017-07-15T17:00:00+0200;10253;9983;-270;3654;3454;-200
2017-07-15T18:00:00+0200;6380;6619;239;3225;2896;-329
2017-07-15T19:00:00+0200;2990;3245;255;2741;2286;-455
2017-07-15T20:00:00+0200;885;907;22;2371;1985;-386
2017-07-15T21:00:00+0200;54;39;-15;2252;1824;-428
2017-07-15T22:00:00+0200;0;0;0;2348;2130;-218
2017-07-15T23:00:00+0200;0;0;0;2633;2856;223
2017-07-16T00:00:00+0200;0;0;0;2825;3655;830
2017-07-16T01:00:00+0200;0;0;0;3722;4621;899
2017-07-16T02:00:00+0200;0;0;0;4693;5496;803
2017-07-16T03:00:00+0200;0;0;0;5413;6330;917
2017-07-16T04:00:00+0200;0;0;0;5947;6825;878
2017-07-16T05:00:00+0200;141;104;-37;6306;6876;570
2017-07-16T06:00:00+0200;1198;1253;55;6505;7228;723
2017-07-16T07:00:00+0200;3542;4120;578;6681;7270;589
2017-07-16T08:00:00+0200;6597;8192;1595;6812;7274;462
2017-07-16T09:00:00+0200;9595;12143;2548;6940;7384;444
2017-07-16T10:00:00+0200;11889;14968;3079;7178;7623;445
2017-07-16T11:00:00+0200;13399;16460;3061;7479;7987;508
2017-07-16T12:00:00+0200;14143;17220;3077;7718;8347;629
2017-07-16T13:00:00+0200;14146;17339;3193;7903;8681;778
2017-07-16T14:00:00+0200;13518;16473;2955;7943;8368;425
2017-07-16T15:00:00+0200;12227;14589;2362;7732;8294;562
2017-07-16T16:00:00+0200;10249;11992;1743;7469;8463;994
2017-07-16T17:00:00+0200;7727;8916;1189;7069;7634;565
2017-07-16T18:00:00+0200;4846;5479;633;6577;6602;25
2017-07-16T19:00:00+0200;2256;2540;284;6139;5873;-266
2017-07-16T20:00:00+0200;640;672;32;5799;5112;-687
2017-07-16T21:00:00+0200;36;20;-16;5556;4592;-964
2017-07-16T22:00:00+0200;0;0;0;5414;4586;-828
2017-07-16T23:00:00+0200;0;0;0;5295;4794;-501
2017-07-17T00:00:00+0200;0;0;0;5589;4608;-981
2017-07-17T01:00:00+0200;0;0;0;5457;4666;-791
2017-07-17T02:00:00+0200;0;0;0;5420;4625;-795
2017-07-17T03:00:00+0200;0;0;0;5310;4826;-484
2017-07-17T04:00:00+0200;0;0;0;5141;4656;-485
2017-07-17T05:00:00+0200;101;73;-28;4858;4377;-481
2017-07-17T06:00:00+0200;1019;1076;57;4455;3996;-459
2017-07-17T07:00:00+0200;3456;3743;287;4062;3150;-912
2017-07-17T08:00:00+0200;7082;7887;805;3897;2748;-1149
2017-07-17T09:00:00+0200;11103;12407;1304;4010;3178;-832
2017-07-17T10:00:00+0200;14669;16143;1474;4310;3357;-953
2017-07-17T11:00:00+0200;17457;18537;1080;4635;3632;-1003
2017-07-17T12:00:00+0200;19314;19848;534;4905;4233;-672
2017-07-17T13:00:00+0200;19967;20179;212;5144;4790;-354
2017-07-17T14:00:00+0200;19405;19452;47;5352;5177;-175
2017-07-17T15:00:00+0200;17732;17913;181;5433;5488;55
2017-07-17T16:00:00+0200;15044;15596;552;5445;5657;212
2017-07-17T17:00:00+0200;11368;12135;767;5304;5221;-83
2017-07-17T18:00:00+0200;7016;7808;792;4962;4398;-564
2017-07-17T19:00:00+0200;3190;3723;533;4511;3890;-621
2017-07-17T20:00:00+0200;941;993;52;4089;3202;-887
2017-07-17T21:00:00+0200;55;38;-17;3879;3148;-731
2017-07-17T22:00:00+0200;0;0;0;3847;3652;-195
2017-07-17T23:00:00+0200;0;0;0;3768;3817;49
2017-07-18T00:00:00+0200;0;0;0;3417;3712;295
2017-07-18T01:00:00+0200;0;0;0;3360;3610;250
2017-07-18T02:00:00+0200;0;0;0;3380;3481;101
2017-07-18T03:00:00+0200;0;0;0;3312;3297;-15
2017-07-18T04:00:00+0200;0;0;0;3137;2924;-213
2017-07-18T05:00:00+0200;141;93;-48;2841;2667;-174
2017-07-18T06:00:00+0200;1363;1362;-1;2403;2465;62
2017-07-18T07:00:00+0200;4985;4914;-71;1818;1903;85
2017-07-18T08:00:00+0200;10493;10228;-265;1321;1031;-290
2017-07-18T09:00:00+0200;16188;15769;-419;1149;771;-378
2017-07-18T10:00:00+0200;20783;20214;-569;1156;842;-314
2017-07-18T11:00:00+0200;23842;23242;-600;1239;1050;-189
2017-07-18T12:00:00+0200;25459;24722;-737;1345;1052;-293
2017-07-18T13:00:00+0200;25645;24876;-769;1402;1032;-370
2017-07-18T14:00:00+0200;24381;23836;-545;1483;1107;-376
2017-07-18T15:00:00+0200;21860;21750;-110;1577;1212;-365
2017-07-18T16:00:00+0200;18243;18402;159;1708;1346;-362
2017-07-18T17:00:00+0200;13403;13696;293;1985;1617;-368
2017-07-18T18:00:00+0200;7939;8416;477;2449;2034;-415
2017-07-18T19:00:00+0200;3433;3762;329;3091;2516;-575
2017-07-18T20:00:00+0200;1003;993;-10;3983;3329;-654
2017-07-18T21:00:00+0200;58;38;-20;5294;5682;388
2017-07-18T22:00:00+0200;0;0;0;6617;8196;1579
2017-07-18T23:00:00+0200;0;0;0;7376;9700;2324
2017-07-19T00:00:00+0200;0;0;0;7508;10107;2599
2017-07-19T01:00:00+0200;0;0;0;7600;10028;2428
2017-07-19T02:00:00+0200;0;0;0;7639;10132;2493
2017-07-19T03:00:00+0200;0;0;0;7672;10023;2351
2017-07-19T04:00:00+0200;0;0;0;7630;9684;2054
2017-07-19T05:00:00+0200;126;83;-43;7512;9534;2022
2017-07-19T06:00:00+0200;1277;1308;31;7222;8897;1675
2017-07-19T07:00:00+0200;4919;4840;-79;6588;7351;763
2017-07-19T08:00:00+0200;10563;10227;-336;5936;5944;8
2017-07-19T09:00:00+0200;16325;15876;-449;5736;5760;24
2017-07-19T10:00:00+0200;21057;20695;-362;5817;6197;380
2017-07-19T11:00:00+0200;24269;24065;-204;6086;7409;1323
2017-07-19T12:00:00+0200;25667;25677;10;6707;8904;2197
2017-07-19T13:00:00+0200;25419;25576;157;7342;9026;1684
2017-07-19T14:00:00+0200;23824;23953;129;7691;9241;1550
2017-07-19T15:00:00+0200;21036;20922;-114;7653;9401;1748
2017-07-19T16:00:00+0200;17419;16790;-629;7558;9596;2038
2017-07-19T17:00:00+0200;12709;11854;-855;7741;9712;1971
2017-07-19T18:00:00+0200;7432;6699;-733;8374;10148;1774
2017-07-19T19:00:00+0200;3189;2882;-307;9354;10854;1500
2017-07-19T20:00:00+0200;897;760;-137;10279;12163;1884
2017-07-19T21:00:00+0200;47;31;-16;11029;13788;2759
2017-07-19T22:00:00+0200;0;0;0;11480;14425;2945
2017-07-19T23:00:00+0200;0;0;0;11155;13675;2520
2017-07-20T00:00:00+0200;0;0;0;11118;12077;959
2017-07-20T01:00:00+0200;0;0;0;10191;10066;-125
2017-07-20T02:00:00+0200;0;0;0;9259;8801;-458
2017-07-20T03:00:00+0200;0;0;0;8499;8180;-319
2017-07-20T04:00:00+0200;0;0;0;7884;8095;211
2017-07-20T05:00:00+0200;91;60;-31;7329;7303;-26
2017-07-20T06:00:00+0200;975;920;-55;6826;6468;-358
2017-07-20T07:00:00+0200;3294;3013;-281;6302;5643;-659
2017-07-20T08:00:00+0200;6444;6482;38;5850;5405;-445
2017-07-20T09:00:00+0200;9629;10187;558;5642;4709;-933
2017-07-20T10:00:00+0200;12305;12593;288;5655;4498;-1157
2017-07-20T11:00:00+0200;14337;14338;1;5900;5020;-880
2017-07-20T12:00:00+0200;15602;15342;-260;6211;5374;-837
2017-07-20T13:00:00+0200;16099;14808;-1291;6535;5539;-996
2017-07-20T14:00:00+0200;15930;13855;-2075;6808;6014;-794
2017-07-20T15:00:00+0200;14795;12783;-2012;6910;6310;-600
2017-07-20T16:00:00+0200;12623;11084;-1539;6739;6644;-95
2017-07-20T17:00:00+0200;9637;8915;-722;6347;7154;807
2017-07-20T18:00:00+0200;6077;5855;-222;5754;7408;1654
2017-07-20T19:00:00+0200;2858;2931;73;5156;7120;1964
2017-07-20T20:00:00+0200;808;767;-41;5007;5930;923
2017-07-20T21:00:00+0200;39;21;-18;5307;6192;885
2017-07-20T22:00:00+0200;0;0;0;6073;7444;1371
2017-07-20T23:00:00+0200;0;0;0;6684;9176;2492
2017-07-21T00:00:00+0200;0;0;0;9575;9623;48
2017-07-21T01:00:00+0200;0;0;0;10015;9648;-367
2017-07-21T02:00:00+0200;0;0;0;10028;8877;-1151
2017-07-21T03:00:00+0200;0;0;0;9307;8125;-1182
2017-07-21T04:00:00+0200;0;0;0;8106;7585;-521
2017-07-21T05:00:00+0200;100;66;-34;6760;6438;-322
2017-07-21T06:00:00+0200;1162;1213;51;5345;5308;-37
2017-07-21T07:00:00+0200;4203;4497;294;4160;3948;-212
2017-07-21T08:00:00+0200;8906;9394;488;3274;3014;-260
2017-07-21T09:00:00+0200;13917;14592;675;2758;2400;-358
2017-07-21T10:00:00+0200;18094;19340;1246;2461;1989;-472
2017-07-21T11:00:00+0200;21021;22382;1361;2153;1772;-381
2017-07-21T12:00:00+0200;22689;23805;1116;1914;1520;-394
2017-07-21T13:00:00+0200;23064;23836;772;1672;1366;-306
2017-07-21T14:00:00+0200;22155;22708;553;1453;1226;-227
2017-07-21T15:00:00+0200;19980;20360;380;1278;1150;-128
2017-07-21T16:00:00+0200;16594;17037;443;1148;1201;53
2017-07-21T17:00:00+0200;12135;12828;693;1153;1396;243
2017-07-21T18:00:00+0200;7241;7928;687;1368;1682;314
2017-07-21T19:00:00+0200;3169;3452;283;1840;2195;355
2017-07-21T20:00:00+0200;879;804;-75;2757;3130;373
2017-07-21T21:00:00+0200;42;22;-20;4269;4932;663
2017-07-21T22:00:00+0200;0;0;0;5881;7274;1393
2017-07-21T23:00:00+0200;0;0;0;7073;10176;3103
2017-07-22T00:00:00+0200;0;0;0;7276;11865;4589
2017-07-22T01:00:00+0200;0;0;0;7535;12030;4495
2017-07-22T02:00:00+0200;0;0;0;7654;10780;3126
2017-07-22T03:00:00+0200;0;0;0;7508;10182;2674
2017-07-22T04:00:00+0200;0;0;0;7284;9659;2375
2017-07-22T05:00:00+0200;82;60;-22;7035;9201;2166
2017-07-22T06:00:00+0200;953;921;-32;6625;8080;1455
2017-07-22T07:00:00+0200;3451;3073;-378;5941;6350;409
2017-07-22T08:00:00+0200;7122;6135;-987;5318;5132;-186
2017-07-22T09:00:00+0200;11101;10361;-740;5050;4408;-642
2017-07-22T10:00:00+0200;14673;14397;-276;4896;4281;-615
2017-07-22T11:00:00+0200;17541;17566;25;4905;4226;-679
2017-07-22T12:00:00+0200;19247;19150;-97;4992;4502;-490
2017-07-22T13:00:00+0200;19518;19547;29;5102;4882;-220
2017-07-22T14:00:00+0200;18803;18844;41;5132;5666;534
2017-07-22T15:00:00+0200;17079;16886;-193;5003;6376;1373
2017-07-22T16:00:00+0200;14424;13818;-606;4931;6419;1488
2017-07-22T17:00:00+0200;10806;10314;-492;4971;6408;1437
2017-07-22T18:00:00+0200;6601;6458;-143;5157;6518;1361
2017-07-22T19:00:00+0200;2954;2970;16;5540;6621;1081
2017-07-22T20:00:00+0200;802;726;-76;5995;6595;600
2017-07-22T21:00:00+0200;35;16;-19;6573;6394;-179
2017-07-22T22:00:00+0200;0;0;0;7123;7365;242
2017-07-22T23:00:00+0200;0;0;0;7400;8401;1001
2017-07-23T00:00:00+0200;0;0;0;5768;8806;3038
2017-07-23T01:00:00+0200;0;0;0;6012;8764;2752
2017-07-23T02:00:00+0200;0;0;0;6271;8453;2182
2017-07-23T03:00:00+0200;0;0;0;6430;8328;1898
2017-07-23T04:00:00+0200;0;0;0;6659;8004;1345
2017-07-23T05:00:00+0200;65;42;-23;6675;7790;1115
2017-07-23T06:00:00+0200;857;684;-173;6559;7578;1019
2017-07-23T07:00:00+0200;3116;2581;-535;6735;7389;654
2017-07-23T08:00:00+0200;6364;5374;-990;7240;8680;1440
2017-07-23T09:00:00+0200;9782;8487;-1295;7868;10104;2236
2017-07-23T10:00:00+0200;12853;11800;-1053;8694;12042;3348
2017-07-23T11:00:00+0200;15441;14144;-1297;9598;13445;3847
2017-07-23T12:00:00+0200;17211;15838;-1373;10470;14514;4044
2017-07-23T13:00:00+0200;17904;16602;-1302;11325;15189;3864
2017-07-23T14:00:00+0200;17665;16254;-1411;11846;14800;2954
2017-07-23T15:00:00+0200;16411;15428;-983;11744;14153;2409
2017-07-23T16:00:00+0200;13941;13659;-282;11260;12699;1439
2017-07-23T17:00:00+0200;10478;10461;-17;10149;11235;1086
2017-07-23T18:00:00+0200;6435;6378;-57;8430;8914;484
2017-07-23T19:00:00+0200;2895;2928;33;6670;6180;-490
2017-07-23T20:00:00+0200;788;666;-122;5320;3970;-1350
2017-07-23T21:00:00+0200;30;13;-17;4651;3086;-1565
2017-07-23T22:00:00+0200;0;0;0;4472;3104;-1368
2017-07-23T23:00:00+0200;0;0;0;4439;2981;-1458
2017-07-24T00:00:00+0200;0;0;0;3422;2749;-673
2017-07-24T01:00:00+0200;0;0;0;3324;2415;-909
2017-07-24T02:00:00+0200;0;0;0;3228;2120;-1108
2017-07-24T03:00:00+0200;0;0;0;2891;1502;-1389
2017-07-24T04:00:00+0200;0;0;0;2497;996;-1501
2017-07-24T05:00:00+0200;70;47;-23;2186;1097;-1089
2017-07-24T06:00:00+0200;805;765;-40;1987;1203;-784
2017-07-24T07:00:00+0200;2756;2671;-85;1831;1360;-471
2017-07-24T08:00:00+0200;5408;5109;-299;1756;1406;-350
2017-07-24T09:00:00+0200;7999;7363;-636;1873;1664;-209
2017-07-24T10:00:00+0200;9871;9271;-600;2162;1909;-253
2017-07-24T11:00:00+0200;10958;10358;-600;2418;2256;-162
2017-07-24T12:00:00+0200;11405;10652;-753;2570;2874;304
2017-07-24T13:00:00+0200;11197;10204;-993;2673;3544;871
2017-07-24T14:00:00+0200;10524;9948;-576;2742;3959;1217
2017-07-24T15:00:00+0200;9321;8988;-333;2956;4198;1242
2017-07-24T16:00:00+0200;7583;7737;154;3286;4285;999
2017-07-24T17:00:00+0200;5577;6118;541;3686;4468;782
2017-07-24T18:00:00+0200;3487;4062;575;4123;4730;607
2017-07-24T19:00:00+0200;1636;1908;272;4490;4982;492
2017-07-24T20:00:00+0200;442;481;39;4813;5202;389
2017-07-24T21:00:00+0200;15;12;-3;5068;5776;708
2017-07-24T22:00:00+0200;0;0;0;5246;6124;878
2017-07-24T23:00:00+0200;0;0;0;5337;6377;1040
2017-07-25T00:00:00+0200;0;0;0;5697;6687;990
2017-07-25T01:00:00+0200;0;0;0;5814;7101;1287
2017-07-25T02:00:00+0200;0;0;0;6102;7436;1334
2017-07-25T03:00:00+0200;0;0;0;6357;7808;1451
2017-07-25T04:00:00+0200;0;0;0;6682;8171;1489
2017-07-25T05:00:00+0200;29;15;-14;7082;8733;1651
2017-07-25T06:00:00+0200;448;374;-74;7452;9335;1883
2017-07-25T07:00:00+0200;1731;1414;-317;7750;9948;2198
2017-07-25T08:00:00+0200;3543;2856;-687;8067;10246;2179
2017-07-25T09:00:00+0200;5456;4663;-793;8354;10157;1803
2017-07-25T10:00:00+0200;7123;6290;-833;8628;10455;1827
2017-07-25T11:00:00+0200;8346;8207;-139;8817;10632;1815
2017-07-25T12:00:00+0200;9091;9192;101;8961;11589;2628
2017-07-25T13:00:00+0200;9077;9202;125;9017;12550;3533
2017-07-25T14:00:00+0200;8575;8444;-131;9203;12888;3685
2017-07-25T15:00:00+0200;7661;7212;-449;9388;14009;4621
2017-07-25T16:00:00+0200;6128;6004;-124;9656;14390;4734
2017-07-25T17:00:00+0200;4409;4333;-76;9763;15074;5311
2017-07-25T18:00:00+0200;2690;2562;-128;9617;15243;5626
2017-07-25T19:00:00+0200;1183;1070;-113;9450;15251;5801
2017-07-25T20:00:00+0200;283;201;-82;9415;15102;5687
2017-07-25T21:00:00+0200;9;2;-7;9502;14755;5253
2017-07-25T22:00:00+0200;0;0;0;9676;14387;4711
2017-07-25T23:00:00+0200;0;0;0;9810;14117;4307
2017-07-26T00:00:00+0200;0;0;0;14306;13836;-470
2017-07-26T01:00:00+0200;0;0;0;14494;13508;-986
2017-07-26T02:00:00+0200;0;0;0;14682;13307;-1375
2017-07-26T03:00:00+0200;0;0;0;14582;13295;-1287
2017-07-26T04:00:00+0200;0;0;0;14440;12940;-1500
2017-07-26T05:00:00+0200;20;11;-9;14168;12713;-1455
2017-07-26T06:00:00+0200;284;260;-24;13705;13109;-596
2017-07-26T07:00:00+0200;1118;1178;60;13173;13048;-125
2017-07-26T08:00:00+0200;2619;2708;89;12688;12152;-536
2017-07-26T09:00:00+0200;4593;4631;38;12375;11452;-923
2017-07-26T10:00:00+0200;6451;6624;173;12106;11073;-1033
2017-07-26T11:00:00+0200;8087;8051;-36;11770;11074;-696
2017-07-26T12:00:00+0200;9044;9063;19;11464;11179;-285
2017-07-26T13:00:00+0200;9340;9541;201;11087;11366;279
2017-07-26T14:00:00+0200;9295;9554;259;10748;11111;363
2017-07-26T15:00:00+0200;8673;9152;479;10366;10584;218
2017-07-26T16:00:00+0200;7455;8372;917;9932;10200;268
2017-07-26T17:00:00+0200;5856;6756;900;9334;9549;215
2017-07-26T18:00:00+0200;3839;4452;613;8505;8231;-274
2017-07-26T19:00:00+0200;1773;2134;361;7676;6838;-838
2017-07-26T20:00:00+0200;492;530;38;7103;5974;-1129
2017-07-26T21:00:00+0200;20;16;-4;6938;6299;-639
2017-07-26T22:00:00+0200;0;0;0;7026;6715;-311
2017-07-26T23:00:00+0200;0;0;0;7204;7865;661
2017-07-27T00:00:00+0200;0;0;0;7456;8892;1436
2017-07-27T01:00:00+0200;0;0;0;8320;9727;1407
2017-07-27T02:00:00+0200;0;0;0;9058;10047;989
2017-07-27T03:00:00+0200;0;0;0;9375;10335;960
2017-07-27T04:00:00+0200;0;0;0;9384;10340;956
2017-07-27T05:00:00+0200;46;28;-18;9055;10228;1173
2017-07-27T06:00:00+0200;647;726;79;8493;9420;927
2017-07-27T07:00:00+0200;2297;2780;483;7883;7868;-15
2017-07-27T08:00:00+0200;4607;5550;943;7388;6968;-420
2017-07-27T09:00:00+0200;7056;7716;660;7260;7208;-52
2017-07-27T10:00:00+0200;9046;9370;324;8048;7491;-557
2017-07-27T11:00:00+0200;10552;10406;-146;8689;8046;-643
2017-07-27T12:00:00+0200;11348;11016;-332;9044;8251;-793
2017-07-27T13:00:00+0200;11325;11490;165;9311;8514;-797
2017-07-27T14:00:00+0200;10931;11355;424;9442;8519;-923
2017-07-27T15:00:00+0200;10001;10646;645;9239;8172;-1067
2017-07-27T16:00:00+0200;8363;9386;1023;8907;7449;-1458
2017-07-27T17:00:00+0200;6246;7239;993;8518;6283;-2235
2017-07-27T18:00:00+0200;3954;4638;684;7797;5438;-2359
2017-07-27T19:00:00+0200;1848;2000;152;6653;4669;-1984
2017-07-27T20:00:00+0200;467;389;-78;5769;4089;-1680
2017-07-27T21:00:00+0200;14;7;-7;5564;4516;-1048
2017-07-27T22:00:00+0200;0;0;0;5853;4794;-1059
2017-07-27T23:00:00+0200;0;0;0;6165;5378;-787
2017-07-28T00:00:00+0200;0;0;0;6316;5895;-421
2017-07-28T01:00:00+0200;0;0;0;6595;6132;-463
2017-07-28T02:00:00+0200;0;0;0;6987;6426;-561
2017-07-28T03:00:00+0200;0;0;0;7265;7124;-141
2017-07-28T04:00:00+0200;0;0;0;7478;7706;228
2017-07-28T05:00:00+0200;45;32;-13;7618;8238;620
2017-07-28T06:00:00+0200;778;847;69;7857;8770;913
2017-07-28T07:00:00+0200;3102;3626;524;8147;7666;-481
2017-07-28T08:00:00+0200;6718;7730;1012;8873;7787;-1086
2017-07-28T09:00:00+0200;10751;12081;1330;10567;9678;-889
2017-07-28T10:00:00+0200;14244;15664;1420;12741;12199;-542
2017-07-28T11:00:00+0200;16746;17680;934;14724;15526;802
2017-07-28T12:00:00+0200;18104;17918;-186;16239;18518;2279
2017-07-28T13:00:00+0200;18322;17336;-986;17298;19652;2354
2017-07-28T14:00:00+0200;17578;16858;-720;17927;19869;1942
2017-07-28T15:00:00+0200;15762;15937;175;18065;19443;1378
2017-07-28T16:00:00+0200;13249;13968;719;17698;18874;1176
2017-07-28T17:00:00+0200;9951;10594;643;16457;17543;1086
2017-07-28T18:00:00+0200;5934;6542;608;14362;14870;508
2017-07-28T19:00:00+0200;2487;2754;267;12168;11969;-199
2017-07-28T20:00:00+0200;583;526;-57;10598;9278;-1320
2017-07-28T21:00:00+0200;14;4;-10;9862;8495;-1367
2017-07-28T22:00:00+0200;0;0;0;9730;8289;-1441
2017-07-28T23:00:00+0200;0;0;0;9931;9070;-861
2017-07-29T00:00:00+0200;0;0;0;10367;9737;-630
2017-07-29T01:00:00+0200;0;0;0;11073;10584;-489
2017-07-29T02:00:00+0200;0;0;0;11877;11908;31
2017-07-29T03:00:00+0200;0;0;0;12641;12720;79
2017-07-29T04:00:00+0200;0;0;0;13422;13263;-159
2017-07-29T05:00:00+0200;41;23;-18;14283;14114;-169
2017-07-29T06:00:00+0200;783;690;-93;15135;15690;555
2017-07-29T07:00:00+0200;3305;3166;-139;15953;16750;797
2017-07-29T08:00:00+0200;7294;7312;18;16697;17080;383
2017-07-29T09:00:00+0200;11611;11930;319;17376;18080;704
2017-07-29T10:00:00+0200;15218;15639;421;18369;19724;1355
2017-07-29T11:00:00+0200;17677;17654;-23;19239;20280;1041
2017-07-29T12:00:00+0200;18792;18969;177;19668;19795;127
2017-07-29T13:00:00+0200;18649;19650;1001;19531;18932;-599
2017-07-29T14:00:00+0200;17536;19563;2027;18604;17116;-1488
2017-07-29T15:00:00+0200;15597;17666;2069;16848;14272;-2576
2017-07-29T16:00:00+0200;13031;14752;1721;14481;11396;-3085
2017-07-29T17:00:00+0200;9650;11184;1534;11948;8885;-3063
2017-07-29T18:00:00+0200;5787;6800;1013;9457;6653;-2804
2017-07-29T19:00:00+0200;2482;2858;376;7192;4456;-2736
2017-07-29T20:00:00+0200;583;532;-51;5607;3031;-2576
2017-07-29T21:00:00+0200;12;2;-10;4787;3154;-1633
2017-07-29T22:00:00+0200;0;0;0;4481;4312;-169
2017-07-29T23:00:00+0200;0;0;0;4685;5782;1097
2017-07-30T00:00:00+0200;0;0;0;5694;7402;1708
2017-07-30T01:00:00+0200;0;0;0;6994;8828;1834
2017-07-30T02:00:00+0200;0;0;0;8545;10003;1458
2017-07-30T03:00:00+0200;0;0;0;10118;10523;405
2017-07-30T04:00:00+0200;0;0;0;11802;10438;-1364
2017-07-30T05:00:00+0200;42;26;-16;13298;11907;-1391
2017-07-30T06:00:00+0200;883;897;14;14435;13524;-911
2017-07-30T07:00:00+0200;3817;3792;-25;15143;14080;-1063
2017-07-30T08:00:00+0200;8529;8204;-325;15419;13372;-2047
2017-07-30T09:00:00+0200;13782;13163;-619;16165;14230;-1935
2017-07-30T10:00:00+0200;18255;17251;-1004;17307;17327;20
2017-07-30T11:00:00+0200;21373;20846;-527;18482;19857;1375
2017-07-30T12:00:00+0200;22836;22454;-382;19394;20680;1286
2017-07-30T13:00:00+0200;22380;22988;608;20046;17971;-2075
2017-07-30T14:00:00+0200;20506;21289;783;19953;17374;-2579
2017-07-30T15:00:00+0200;17654;18268;614;18712;19100;388
2017-07-30T16:00:00+0200;14223;14131;-92;16823;21250;4427
2017-07-30T17:00:00+0200;10127;10414;287;14543;20671;6128
2017-07-30T18:00:00+0200;5941;6280;339;12016;18255;6239
2017-07-30T19:00:00+0200;2557;2643;86;9681;13686;4005
2017-07-30T20:00:00+0200;578;568;-10;7901;9974;2073
2017-07-30T21:00:00+0200;10;8;-2;7150;8409;1259
2017-07-30T22:00:00+0200;0;0;0;6960;7145;185
2017-07-30T23:00:00+0200;0;0;0;6886;6260;-626
2017-07-31T00:00:00+0200;0;0;0;6759;5745;-1014
2017-07-31T01:00:00+0200;0;0;0;6597;5314;-1283
2017-07-31T02:00:00+0200;0;0;0;6689;5366;-1323
2017-07-31T03:00:00+0200;0;0;0;6825;5624;-1201
2017-07-31T04:00:00+0200;0;0;0;7077;6027;-1050
2017-07-31T05:00:00+0200;36;20;-16;7210;6215;-995
2017-07-31T06:00:00+0200;845;784;-61;7173;6392;-781
2017-07-31T07:00:00+0200;3825;3715;-110;6885;6097;-788
2017-07-31T08:00:00+0200;8723;8888;165;6498;5376;-1122
2017-07-31T09:00:00+0200;13968;14588;620;6529;5490;-1039
2017-07-31T10:00:00+0200;18179;19272;1093;7209;5894;-1315
2017-07-31T11:00:00+0200;20985;21664;679;7800;6772;-1028
2017-07-31T12:00:00+0200;22264;22138;-126;8492;7304;-1188
2017-07-31T13:00:00+0200;22260;21680;-580;8994;7640;-1354
2017-07-31T14:00:00+0200;21105;20250;-855;8879;7564;-1315
2017-07-31T15:00:00+0200;18798;17419;-1379;7952;6922;-1030
2017-07-31T16:00:00+0200;15581;14014;-1567;6556;5982;-574
2017-07-31T17:00:00+0200;11355;9814;-1541;4943;4742;-201
2017-07-31T18:00:00+0200;6630;5889;-741;3538;3551;13
2017-07-31T19:00:00+0200;2712;2660;-52;2640;2683;43
2017-07-31T20:00:00+0200;594;508;-86;2307;2430;123
2017-07-31T21:00:00+0200;10;4;-6;2549;2705;156
2017-07-31T22:00:00+0200;0;0;0;3074;3080;6
2017-07-31T23:00:00+0200;0;0;0;3557;3556;-1
2017-08-01T00:00:00+0200;0;0;0;3090;3809;719
2017-08-01T01:00:00+0200;0;0;0;3226;3975;749
2017-08-01T02:00:00+0200;0;0;0;3317;4049;732
2017-08-01T03:00:00+0200;0;0;0;3280;4174;894
2017-08-01T04:00:00+0200;0;0;0;3289;4616;1327
2017-08-01T05:00:00+0200;28;17;-11;3187;4750;1563
2017-08-01T06:00:00+0200;710;674;-36;2999;5829;2830
2017-08-01T07:00:00+0200;3297;3040;-257;2725;6538;3813
2017-08-01T08:00:00+0200;7444;6904;-540;2172;5894;3722
2017-08-01T09:00:00+0200;11905;11650;-255;1673;3639;1966
2017-08-01T10:00:00+0200;15742;15994;252;1429;2841;1412
2017-08-01T11:00:00+0200;18533;18945;412;1332;2689;1357
2017-08-01T12:00:00+0200;20149;20349;200;1405;2878;1473
2017-08-01T13:00:00+0200;20515;20410;-105;1575;3484;1909
2017-08-01T14:00:00+0200;19639;18673;-966;1709;3364;1655
2017-08-01T15:00:00+0200;17364;15952;-1412;1817;3581;1764
2017-08-01T16:00:00+0200;13962;12468;-1494;2010;4040;2030
2017-08-01T17:00:00+0200;9702;8355;-1347;2157;4300;2143
2017-08-01T18:00:00+0200;5319;4451;-868;2337;4587;2250
2017-08-01T19:00:00+0200;2056;1682;-374;2629;5155;2526
2017-08-01T20:00:00+0200;408;320;-88;3053;5146;2093
2017-08-01T21:00:00+0200;5;5;0;3734;4443;709
2017-08-01T22:00:00+0200;0;0;0;4459;3871;-588
2017-08-01T23:00:00+0200;0;0;0;4976;3760;-1216
2017-08-02T00:00:00+0200;0;0;0;5130;3364;-1766
2017-08-02T01:00:00+0200;0;0;0;5176;3088;-2088
2017-08-02T02:00:00+0200;0;0;0;5427;3548;-1879
2017-08-02T03:00:00+0200;0;0;0;5688;4129;-1559
2017-08-02T04:00:00+0200;0;0;0;5889;4654;-1235
2017-08-02T05:00:00+0200;25;16;-9;5935;4815;-1120
2017-08-02T06:00:00+0200;696;619;-77;5726;5070;-656
2017-08-02T07:00:00+0200;3183;3113;-70;5330;4301;-1029
2017-08-02T08:00:00+0200;7157;7078;-79;4783;3088;-1695
2017-08-02T09:00:00+0200;11590;11370;-220;4442;2406;-2036
2017-08-02T10:00:00+0200;15542;15335;-207;4536;2593;-1943
2017-08-02T11:00:00+0200;18572;18250;-322;4844;3318;-1526
2017-08-02T12:00:00+0200;20277;19419;-858;5204;4446;-758
2017-08-02T13:00:00+0200;20429;19805;-624;5474;5758;284
2017-08-02T14:00:00+0200;19498;19553;55;5532;6108;576
2017-08-02T15:00:00+0200;17480;18005;525;5156;6504;1348
2017-08-02T16:00:00+0200;14383;14652;269;4460;6078;1618
2017-08-02T17:00:00+0200;10363;10302;-61;3529;4957;1428
2017-08-02T18:00:00+0200;5957;5604;-353;2561;3599;1038
2017-08-02T19:00:00+0200;2385;2149;-236;1851;2339;488
2017-08-02T20:00:00+0200;473;321;-152;1611;2148;537
2017-08-02T21:00:00+0200;6;0;-6;1924;2485;561
2017-08-02T22:00:00+0200;0;0;0;2651;3740;1089
2017-08-02T23:00:00+0200;0;0;0;3669;5057;1388
2017-08-03T00:00:00+0200;0;0;0;5922;5912;-10
2017-08-03T01:00:00+0200;0;0;0;7123;6438;-685
2017-08-03T02:00:00+0200;0;0;0;8108;7304;-804
2017-08-03T03:00:00+0200;0;0;0;8657;8170;-487
2017-08-03T04:00:00+0200;0;0;0;9220;8900;-320
2017-08-03T05:00:00+0200;15;10;-5;10051;9709;-342
2017-08-03T06:00:00+0200;510;478;-32;10953;11003;50
2017-08-03T07:00:00+0200;2376;2130;-246;11828;11784;-44
2017-08-03T08:00:00+0200;5229;4308;-921;12565;11991;-574
2017-08-03T09:00:00+0200;8298;6993;-1305;13287;12280;-1007
2017-08-03T10:00:00+0200;10956;9427;-1529;14355;13570;-785
2017-08-03T11:00:00+0200;12954;10431;-2523;15834;15728;-106
2017-08-03T12:00:00+0200;14273;12079;-2194;17622;18012;390
2017-08-03T13:00:00+0200;14906;13552;-1354;19557;21134;1577
2017-08-03T14:00:00+0200;15067;14570;-497;21286;24152;2866
2017-08-03T15:00:00+0200;14434;14271;-163;22599;26184;3585
2017-08-03T16:00:00+0200;12900;12745;-155;23649;27223;3574
2017-08-03T17:00:00+0200;10206;9987;-219;23703;26843;3140
2017-08-03T18:00:00+0200;6315;6205;-110;22447;25318;2871
2017-08-03T19:00:00+0200;2557;2549;-8;20363;21853;1490
2017-08-03T20:00:00+0200;521;430;-91;18303;19335;1032
2017-08-03T21:00:00+0200;6;2;-4;17102;18034;932
2017-08-03T22:00:00+0200;0;0;0;16493;17044;551
2017-08-03T23:00:00+0200;0;0;0;16010;16270;260
2017-08-04T00:00:00+0200;0;0;0;15737;15563;-174
2017-08-04T01:00:00+0200;0;0;0;15501;14957;-544
2017-08-04T02:00:00+0200;0;0;0;15399;14869;-530
2017-08-04T03:00:00+0200;0;0;0;15364;14686;-678
2017-08-04T04:00:00+0200;0;0;0;15399;14901;-498
2017-08-04T05:00:00+0200;19;15;-4;15419;15169;-250
2017-08-04T06:00:00+0200;628;564;-64;15593;15237;-356
2017-08-04T07:00:00+0200;2852;2646;-206;16070;15171;-899
2017-08-04T08:00:00+0200;6223;5768;-455;17236;15672;-1564
2017-08-04T09:00:00+0200;10092;9485;-607;19626;18075;-1551
2017-08-04T10:00:00+0200;13447;13236;-211;22664;21619;-1045
2017-08-04T11:00:00+0200;15825;15869;44;25137;24339;-798
2017-08-04T12:00:00+0200;17317;17233;-84;26713;26528;-185
2017-08-04T13:00:00+0200;17933;17371;-562;27488;27185;-303
2017-08-04T14:00:00+0200;17532;16818;-714;27718;26907;-811
2017-08-04T15:00:00+0200;16091;15249;-842;27188;26513;-675
2017-08-04T16:00:00+0200;13625;12965;-660;26241;25972;-269
2017-08-04T17:00:00+0200;10026;9733;-293;24606;24853;247
2017-08-04T18:00:00+0200;5857;5895;38;22076;22880;804
2017-08-04T19:00:00+0200;2302;2400;98;19244;19779;535
2017-08-04T20:00:00+0200;441;382;-59;16900;16199;-701
2017-08-04T21:00:00+0200;6;2;-4;15214;14655;-559
2017-08-04T22:00:00+0200;0;0;0;14244;14073;-171
2017-08-04T23:00:00+0200;0;0;0;13713;14026;313
2017-08-05T00:00:00+0200;0;0;0;14070;13299;-771
2017-08-05T01:00:00+0200;0;0;0;13410;12772;-638
2017-08-05T02:00:00+0200;0;0;0;12823;12253;-570
2017-08-05T03:00:00+0200;0;0;0;12024;11756;-268
2017-08-05T04:00:00+0200;0;0;0;11126;10968;-158
2017-08-05T05:00:00+0200;18;14;-4;10113;10373;260
2017-08-05T06:00:00+0200;607;638;31;8982;9672;690
2017-08-05T07:00:00+0200;2913;3358;445;7852;8362;510
2017-08-05T08:00:00+0200;6587;7733;1146;7072;7086;14
2017-08-05T09:00:00+0200;10568;12310;1742;6956;7123;167
2017-08-05T10:00:00+0200;13715;15476;1761;7263;8030;767
2017-08-05T11:00:00+0200;15821;17145;1324;7659;8674;1015
2017-08-05T12:00:00+0200;16865;17562;697;8087;9344;1257
2017-08-05T13:00:00+0200;16853;17211;358;8299;9846;1547
2017-08-05T14:00:00+0200;15979;16019;40;8329;10876;2547
2017-08-05T15:00:00+0200;14255;14012;-243;8123;11843;3720
2017-08-05T16:00:00+0200;11907;11173;-734;7941;11694;3753
2017-08-05T17:00:00+0200;8834;8298;-536;7596;11328;3732
2017-08-05T18:00:00+0200;5251;5158;-93;7006;10414;3408
2017-08-05T19:00:00+0200;2114;2165;51;6498;8934;2436
2017-08-05T20:00:00+0200;392;338;-54;6254;8098;1844
2017-08-05T21:00:00+0200;3;1;-2;6327;8100;1773
2017-08-05T22:00:00+0200;0;0;0;6567;8644;2077
2017-08-05T23:00:00+0200;0;0;0;6974;9018;2044
2017-08-06T00:00:00+0200;0;0;0;9335;9872;537
2017-08-06T01:00:00+0200;0;0;0;9670;10573;903
2017-08-06T02:00:00+0200;0;0;0;9916;11359;1443
2017-08-06T03:00:00+0200;0;0;0;9813;11297;1484
2017-08-06T04:00:00+0200;0;0;0;9534;11086;1552
2017-08-06T05:00:00+0200;16;12;-4;8995;10152;1157
2017-08-06T06:00:00+0200;592;588;-4;8182;9507;1325
2017-08-06T07:00:00+0200;3140;3249;109;7329;8260;931
2017-08-06T08:00:00+0200;7403;7736;333;6790;7208;418
2017-08-06T09:00:00+0200;12025;13133;1108;6828;7896;1068
2017-08-06T10:00:00+0200;15570;16913;1343;7203;8822;1619
2017-08-06T11:00:00+0200;17840;18732;892;7633;9539;1906
2017-08-06T12:00:00+0200;18877;19124;247;7917;9405;1488
2017-08-06T13:00:00+0200;18796;18368;-428;8006;9497;1491
2017-08-06T14:00:00+0200;17756;17738;-18;7908;9203;1295
2017-08-06T15:00:00+0200;15805;15954;149;7580;8931;1351
2017-08-06T16:00:00+0200;13133;13479;346;7099;7774;675
2017-08-06T17:00:00+0200;9647;10061;414;6324;6628;304
2017-08-06T18:00:00+0200;5664;6357;693;5257;5347;90
2017-08-06T19:00:00+0200;2233;2609;376;4156;3956;-200
2017-08-06T20:00:00+0200;408;404;-4;3285;2541;-744
2017-08-06T21:00:00+0200;3;1;-2;2872;2006;-866
2017-08-06T22:00:00+0200;0;0;0;2706;1820;-886
2017-08-06T23:00:00+0200;0;0;0;2634;1825;-809
2017-08-07T00:00:00+0200;0;0;0;2469;1962;-507
2017-08-07T01:00:00+0200;0;0;0;2568;2399;-169
2017-08-07T02:00:00+0200;0;0;0;2843;2932;89
2017-08-07T03:00:00+0200;0;0;0;3208;3509;301
2017-08-07T04:00:00+0200;0;0;0;3743;4292;549
2017-08-07T05:00:00+0200;15;11;-4;4251;5159;908
2017-08-07T06:00:00+0200;655;668;13;4646;6239;1593
2017-08-07T07:00:00+0200;3919;4030;111;4870;6537;1667
2017-08-07T08:00:00+0200;9656;9645;-11;4653;5225;572
2017-08-07T09:00:00+0200;15902;16068;166;4344;4295;-49
2017-08-07T10:00:00+0200;20823;21215;392;4465;5009;544
2017-08-07T11:00:00+0200;23995;24165;170;4697;5890;1193
2017-08-07T12:00:00+0200;25566;24884;-682;4834;6499;1665
2017-08-07T13:00:00+0200;25855;25183;-672;4794;6202;1408
2017-08-07T14:00:00+0200;24779;24532;-247;4435;5354;919
2017-08-07T15:00:00+0200;22298;22394;96;3767;4602;835
2017-08-07T16:00:00+0200;18594;18945;351;3051;3802;751
2017-08-07T17:00:00+0200;13442;13763;321;2499;2951;452
2017-08-07T18:00:00+0200;7343;7616;273;2329;2318;-11
2017-08-07T19:00:00+0200;2487;2651;164;2632;2007;-625
2017-08-07T20:00:00+0200;439;347;-92;3543;2707;-836
2017-08-07T21:00:00+0200;3;0;-3;5175;4846;-329
2017-08-07T22:00:00+0200;0;0;0;6948;7271;323
2017-08-07T23:00:00+0200;0;0;0;8301;8652;351
2017-08-08T00:00:00+0200;0;0;0;7706;8964;1258
2017-08-08T01:00:00+0200;0;0;0;7876;8581;705
2017-08-08T02:00:00+0200;0;0;0;7999;8083;84
2017-08-08T03:00:00+0200;0;0;0;8109;7870;-239
2017-08-08T04:00:00+0200;0;0;0;8303;7899;-404
2017-08-08T05:00:00+0200;13;8;-5;8447;8204;-243
2017-08-08T06:00:00+0200;617;657;40;8425;9314;889
2017-08-08T07:00:00+0200;3460;3697;237;7930;8904;974
2017-08-08T08:00:00+0200;8176;8175;-1;7078;6987;-91
2017-08-08T09:00:00+0200;13166;12451;-715;6614;6073;-541
2017-08-08T10:00:00+0200;17063;15981;-1082;6793;7514;721
2017-08-08T11:00:00+0200;19443;17590;-1853;7644;9388;1744
2017-08-08T12:00:00+0200;20326;17732;-2594;8952;10880;1928
2017-08-08T13:00:00+0200;19781;17442;-2339;10248;11724;1476
2017-08-08T14:00:00+0200;18057;15417;-2640;11172;11521;349
2017-08-08T15:00:00+0200;15397;12675;-2722;11874;12403;529
2017-08-08T16:00:00+0200;11950;9837;-2113;12311;13629;1318
2017-08-08T17:00:00+0200;7959;6654;-1305;12307;14024;1717
2017-08-08T18:00:00+0200;4221;3706;-515;12150;13697;1547
2017-08-08T19:00:00+0200;1518;1514;-4;12345;10832;-1513
2017-08-08T20:00:00+0200;246;206;-40;12934;9412;-3522
2017-08-08T21:00:00+0200;1;0;-1;13764;10639;-3125
2017-08-08T22:00:00+0200;0;0;0;14271;11690;-2581
2017-08-08T23:00:00+0200;0;0;0;14160;12045;-2115
2017-08-09T00:00:00+0200;0;0;0;11515;12304;789
2017-08-09T01:00:00+0200;0;0;0;11410;12432;1022
2017-08-09T02:00:00+0200;0;0;0;11595;13224;1629
2017-08-09T03:00:00+0200;0;0;0;11693;12938;1245
2017-08-09T04:00:00+0200;0;0;0;11872;12436;564
2017-08-09T05:00:00+0200;6;4;-2;11941;11960;19
2017-08-09T06:00:00+0200;460;378;-82;11777;12003;226
2017-08-09T07:00:00+0200;2720;2608;-112;11624;10839;-785
2017-08-09T08:00:00+0200;6634;6555;-79;11781;10121;-1660
2017-08-09T09:00:00+0200;11184;11485;301;12314;10586;-1728
2017-08-09T10:00:00+0200;15436;16154;718;12750;11100;-1650
2017-08-09T11:00:00+0200;18744;19702;958;12793;11490;-1303
2017-08-09T12:00:00+0200;20791;21611;820;12492;11008;-1484
2017-08-09T13:00:00+0200;21013;21581;568;12099;10309;-1790
2017-08-09T14:00:00+0200;19901;19829;-72;11593;9274;-2319
2017-08-09T15:00:00+0200;17570;17418;-152;10869;8444;-2425
2017-08-09T16:00:00+0200;14227;14148;-79;9965;7780;-2185
2017-08-09T17:00:00+0200;10003;10015;12;8828;6894;-1934
2017-08-09T18:00:00+0200;5450;5391;-59;7535;5636;-1899
2017-08-09T19:00:00+0200;1908;1897;-11;6385;4389;-1996
2017-08-09T20:00:00+0200;315;258;-57;5767;3673;-2094
2017-08-09T21:00:00+0200;1;0;-1;5716;3919;-1797
2017-08-09T22:00:00+0200;0;0;0;5808;4622;-1186
2017-08-09T23:00:00+0200;0;0;0;5693;5348;-345
2017-08-10T00:00:00+0200;0;0;0;4105;5399;1294
2017-08-10T01:00:00+0200;0;0;0;3985;5432;1447
2017-08-10T02:00:00+0200;0;0;0;3960;5050;1090
2017-08-10T03:00:00+0200;0;0;0;3811;4861;1050
2017-08-10T04:00:00+0200;0;0;0;3669;4331;662
2017-08-10T05:00:00+0200;4;2;-2;3480;3959;479
2017-08-10T06:00:00+0200;265;253;-12;3284;3609;325
2017-08-10T07:00:00+0200;1430;1540;110;3032;2988;-44
2017-08-10T08:00:00+0200;3319;3428;109;2737;2653;-84
2017-08-10T09:00:00+0200;5317;4954;-363;2573;2352;-221
2017-08-10T10:00:00+0200;7002;6706;-296;2559;2255;-304
2017-08-10T11:00:00+0200;8242;8126;-116;2703;2125;-578
2017-08-10T12:00:00+0200;8974;8930;-44;2966;2088;-878
2017-08-10T13:00:00+0200;9048;9054;6;3286;2416;-870
2017-08-10T14:00:00+0200;8606;8527;-79;3606;2812;-794
2017-08-10T15:00:00+0200;7625;7234;-391;3887;3436;-451
2017-08-10T16:00:00+0200;6093;5584;-509;4163;4198;35
2017-08-10T17:00:00+0200;4285;3811;-474;4412;4712;300
2017-08-10T18:00:00+0200;2428;2165;-263;4633;5042;409
2017-08-10T19:00:00+0200;911;748;-163;4815;5110;295
2017-08-10T20:00:00+0200;149;98;-51;4955;5136;181
2017-08-10T21:00:00+0200;1;0;-1;5105;5822;717
2017-08-10T22:00:00+0200;0;0;0;5219;6525;1306
2017-08-10T23:00:00+0200;0;0;0;5214;6615;1401
2017-08-11T00:00:00+0200;0;0;0;5226;6080;854
2017-08-11T01:00:00+0200;0;0;0;5185;6099;914
2017-08-11T02:00:00+0200;0;0;0;5196;5974;778
2017-08-11T03:00:00+0200;0;0;0;5017;5266;249
2017-08-11T04:00:00+0200;0;0;0;4898;4945;47
2017-08-11T05:00:00+0200;2;2;0;4805;4922;117
2017-08-11T06:00:00+0200;161;167;6;4577;4842;265
2017-08-11T07:00:00+0200;848;935;87;4296;4445;149
2017-08-11T08:00:00+0200;1911;1966;55;3998;3745;-253
2017-08-11T09:00:00+0200;3011;3324;313;3789;3215;-574
2017-08-11T10:00:00+0200;3875;4508;633;3703;2890;-813
2017-08-11T11:00:00+0200;4485;4730;245;3759;2547;-1212
2017-08-11T12:00:00+0200;4901;5275;374;3944;2704;-1240
2017-08-11T13:00:00+0200;4978;5273;295;4196;3140;-1056
2017-08-11T14:00:00+0200;4845;4790;-55;4425;3432;-993
2017-08-11T15:00:00+0200;4500;3568;-932;4622;3597;-1025
2017-08-11T16:00:00+0200;3778;2933;-845;4878;3727;-1151
2017-08-11T17:00:00+0200;2806;2362;-444;5124;4026;-1098
2017-08-11T18:00:00+0200;1688;1707;19;5183;4584;-599
2017-08-11T19:00:00+0200;634;608;-26;5214;5065;-149
2017-08-11T20:00:00+0200;87;50;-37;5326;5186;-140
2017-08-11T21:00:00+0200;0;0;0;5682;5110;-572
2017-08-11T22:00:00+0200;0;0;0;6039;5351;-688
2017-08-11T23:00:00+0200;0;0;0;6459;5909;-550
2017-08-12T00:00:00+0200;0;0;0;8150;6394;-1756
2017-08-12T01:00:00+0200;0;0;0;8936;7561;-1375
2017-08-12T02:00:00+0200;0;0;0;9720;8624;-1096
2017-08-12T03:00:00+0200;0;0;0;10217;9098;-1119
2017-08-12T04:00:00+0200;0;0;0;10574;9669;-905
2017-08-12T05:00:00+0200;1;2;1;10739;9962;-777
2017-08-12T06:00:00+0200;193;230;37;10812;10070;-742
2017-08-12T07:00:00+0200;1106;1379;273;10815;9732;-1083
2017-08-12T08:00:00+0200;2590;3088;498;10975;9555;-1420
2017-08-12T09:00:00+0200;4208;4870;662;11497;10026;-1471
2017-08-12T10:00:00+0200;5710;6672;962;12255;10997;-1258
2017-08-12T11:00:00+0200;6996;8498;1502;13064;12260;-804
2017-08-12T12:00:00+0200;7829;9904;2075;13903;13852;-51
2017-08-12T13:00:00+0200;7974;10163;2189;14589;14668;79
2017-08-12T14:00:00+0200;7627;9827;2200;14849;15497;648
2017-08-12T15:00:00+0200;6824;9164;2340;14782;16220;1438
2017-08-12T16:00:00+0200;5499;7460;1961;14689;16142;1453
2017-08-12T17:00:00+0200;3972;5232;1260;14423;16270;1847
2017-08-12T18:00:00+0200;2315;3129;814;14014;15079;1065
2017-08-12T19:00:00+0200;872;1174;302;13701;14330;629
2017-08-12T20:00:00+0200;121;114;-7;13623;14235;612
2017-08-12T21:00:00+0200;0;0;0;13764;14696;932
2017-08-12T22:00:00+0200;0;0;0;13953;14805;852
2017-08-12T23:00:00+0200;0;0;0;14005;14458;453
2017-08-13T00:00:00+0200;0;0;0;12721;13482;761
2017-08-13T01:00:00+0200;0;0;0;11878;12181;303
2017-08-13T02:00:00+0200;0;0;0;11043;11012;-31
2017-08-13T03:00:00+0200;0;0;0;9931;9708;-223
2017-08-13T04:00:00+0200;0;0;0;8966;8451;-515
2017-08-13T05:00:00+0200;3;2;-1;7986;7612;-374
2017-08-13T06:00:00+0200;295;275;-20;7005;6423;-582
2017-08-13T07:00:00+0200;1797;1888;91;6084;5303;-781
2017-08-13T08:00:00+0200;4457;4776;319;5348;4236;-1112
2017-08-13T09:00:00+0200;7640;8640;1000;4947;3837;-1110
2017-08-13T10:00:00+0200;10705;12446;1741;4709;3788;-921
2017-08-13T11:00:00+0200;13309;15154;1845;4603;3935;-668
2017-08-13T12:00:00+0200;15214;16415;1201;4587;4217;-370
2017-08-13T13:00:00+0200;16023;16810;787;4620;4518;-102
2017-08-13T14:00:00+0200;15944;16777;833;4589;4609;20
2017-08-13T15:00:00+0200;14730;15708;978;4393;4344;-49
2017-08-13T16:00:00+0200;12459;13682;1223;4091;3813;-278
2017-08-13T17:00:00+0200;9254;10248;994;3539;3247;-292
2017-08-13T18:00:00+0200;5288;6064;776;2808;2419;-389
2017-08-13T19:00:00+0200;1815;2089;274;2107;1696;-411
2017-08-13T20:00:00+0200;232;183;-49;1664;1231;-433
2017-08-13T21:00:00+0200;0;0;0;1560;1210;-350
2017-08-13T22:00:00+0200;0;0;0;1573;1312;-261
2017-08-13T23:00:00+0200;0;0;0;1600;1364;-236
2017-08-14T00:00:00+0200;0;0;0;1464;1450;-14
2017-08-14T01:00:00+0200;0;0;0;1498;1531;33
2017-08-14T02:00:00+0200;0;0;0;1728;1660;-68
2017-08-14T03:00:00+0200;0;0;0;1882;1973;91
2017-08-14T04:00:00+0200;0;0;0;2128;2316;188
2017-08-14T05:00:00+0200;2;2;0;2411;2928;517
2017-08-14T06:00:00+0200;454;448;-6;2596;3862;1266
2017-08-14T07:00:00+0200;3192;3419;227;2654;4380;1726
2017-08-14T08:00:00+0200;8212;8784;572;2406;3488;1082
2017-08-14T09:00:00+0200;13844;15068;1224;2081;2903;822
2017-08-14T10:00:00+0200;18505;20216;1711;2038;3034;996
2017-08-14T11:00:00+0200;21643;23553;1910;2156;2981;825
2017-08-14T12:00:00+0200;23157;24704;1547;2419;2850;431
2017-08-14T13:00:00+0200;23039;24450;1411;2565;2917;352
2017-08-14T14:00:00+0200;21492;22778;1286;2616;3164;548
2017-08-14T15:00:00+0200;18764;20188;1424;2688;3763;1075
2017-08-14T16:00:00+0200;15283;16630;1347;2914;4423;1509
2017-08-14T17:00:00+0200;10740;11940;1200;3380;5024;1644
2017-08-14T18:00:00+0200;5736;6538;802;4218;5512;1294
2017-08-14T19:00:00+0200;1854;2131;277;5487;5849;362
2017-08-14T20:00:00+0200;223;178;-45;7212;7542;330
2017-08-14T21:00:00+0200;0;0;0;9235;11071;1836
2017-08-14T22:00:00+0200;0;0;0;10920;13396;2476
2017-08-14T23:00:00+0200;0;0;0;11845;14250;2405
2017-08-15T00:00:00+0200;0;0;0;13053;14020;967
2017-08-15T01:00:00+0200;0;0;0;12849;13110;261
2017-08-15T02:00:00+0200;0;0;0;12563;12302;-261
2017-08-15T03:00:00+0200;0;0;0;11952;11381;-571
2017-08-15T04:00:00+0200;0;0;0;11331;10324;-1007
2017-08-15T05:00:00+0200;2;2;0;10838;9588;-1250
2017-08-15T06:00:00+0200;435;415;-20;10426;9535;-891
2017-08-15T07:00:00+0200;3225;3369;144;9658;8658;-1000
2017-08-15T08:00:00+0200;8400;8685;285;8305;6445;-1860
2017-08-15T09:00:00+0200;14093;14312;219;6788;5008;-1780
2017-08-15T10:00:00+0200;18818;18420;-398;5772;4960;-812
2017-08-15T11:00:00+0200;22099;20720;-1379;5511;5683;172
2017-08-15T12:00:00+0200;23603;21897;-1706;5874;6113;239
2017-08-15T13:00:00+0200;23430;22263;-1167;6465;6424;-41
2017-08-15T14:00:00+0200;21922;20596;-1326;6951;6160;-791
2017-08-15T15:00:00+0200;19124;17085;-2039;7165;5798;-1367
2017-08-15T16:00:00+0200;15041;12235;-2806;7275;6336;-939
2017-08-15T17:00:00+0200;9922;7459;-2463;7182;5970;-1212
2017-08-15T18:00:00+0200;4909;3638;-1271;6963;6446;-517
2017-08-15T19:00:00+0200;1462;1029;-433;7183;7171;-12
2017-08-15T20:00:00+0200;159;80;-79;7572;8431;859
2017-08-15T21:00:00+0200;0;0;0;7905;8968;1063
2017-08-15T22:00:00+0200;0;0;0;8295;8558;263
2017-08-15T23:00:00+0200;0;0;0;8460;7885;-575
2017-08-16T00:00:00+0200;0;0;0;8919;7450;-1469
2017-08-16T01:00:00+0200;0;0;0;8907;6470;-2437
2017-08-16T02:00:00+0200;0;0;0;9031;5896;-3135
2017-08-16T03:00:00+0200;0;0;0;8671;5626;-3045
2017-08-16T04:00:00+0200;0;0;0;8161;4993;-3168
2017-08-16T05:00:00+0200;0;0;0;7400;4192;-3208
2017-08-16T06:00:00+0200;246;162;-84;6474;3941;-2533
2017-08-16T07:00:00+0200;1871;1447;-424;5473;3666;-1807
2017-08-16T08:00:00+0200;5019;3931;-1088;4635;2414;-2221
2017-08-16T09:00:00+0200;8944;7991;-953;4077;2109;-1968
2017-08-16T10:00:00+0200;12988;12616;-372;3718;1664;-2054
2017-08-16T11:00:00+0200;16512;16915;403;3407;1323;-2084
2017-08-16T12:00:00+0200;18940;19314;374;3093;1109;-1984
2017-08-16T13:00:00+0200;19955;19999;44;2753;1064;-1689
2017-08-16T14:00:00+0200;19757;19361;-396;2423;861;-1562
2017-08-16T15:00:00+0200;18071;17676;-395;2070;752;-1318
2017-08-16T16:00:00+0200;14749;14370;-379;1708;625;-1083
2017-08-16T17:00:00+0200;10238;9819;-419;1334;560;-774
2017-08-16T18:00:00+0200;5434;5216;-218;1058;586;-472
2017-08-16T19:00:00+0200;1741;1708;-33;947;986;39
2017-08-16T20:00:00+0200;185;152;-33;1119;1632;513
2017-08-16T21:00:00+0200;0;0;0;1661;2628;967
2017-08-16T22:00:00+0200;0;0;0;2447;3991;1544
2017-08-16T23:00:00+0200;0;0;0;3344;5386;2042
2017-08-17T00:00:00+0200;0;0;0;3730;6114;2384
2017-08-17T01:00:00+0200;0;0;0;4301;6474;2173
2017-08-17T02:00:00+0200;0;0;0;4919;6574;1655
2017-08-17T03:00:00+0200;0;0;0;5214;7068;1854
2017-08-17T04:00:00+0200;0;0;0;5458;7097;1639
2017-08-17T05:00:00+0200;1;0;-1;5814;7061;1247
2017-08-17T06:00:00+0200;368;362;-6;6212;7611;1399
2017-08-17T07:00:00+0200;2804;3044;240;6404;7520;1116
2017-08-17T08:00:00+0200;7180;7446;266;6040;6208;168
2017-08-17T09:00:00+0200;11952;12222;270;5615;5124;-491
2017-08-17T10:00:00+0200;15742;16029;287;6106;5870;-236
2017-08-17T11:00:00+0200;18191;18259;68;6990;7436;446
2017-08-17T12:00:00+0200;19156;18805;-351;7998;9384;1386
2017-08-17T13:00:00+0200;18470;17892;-578;8993;10551;1558
2017-08-17T14:00:00+0200;16664;15383;-1281;9604;11184;1580
2017-08-17T15:00:00+0200;14104;12714;-1390;9781;11890;2109
2017-08-17T16:00:00+0200;11075;9831;-1244;9795;12020;2225
2017-08-17T17:00:00+0200;7528;6542;-986;9522;12178;2656
2017-08-17T18:00:00+0200;3953;3520;-433;9022;11073;2051
2017-08-17T19:00:00+0200;1220;1056;-164;8653;10078;1425
2017-08-17T20:00:00+0200;114;88;-26;8425;9281;856
2017-08-17T21:00:00+0200;0;0;0;8175;8842;667
2017-08-17T22:00:00+0200;0;0;0;7924;8847;923
2017-08-17T23:00:00+0200;0;0;0;7672;8689;1017
2017-08-18T00:00:00+0200;0;0;0;7740;8210;470
2017-08-18T01:00:00+0200;0;0;0;7202;7964;762
2017-08-18T02:00:00+0200;0;0;0;7007;7336;329
2017-08-18T03:00:00+0200;0;0;0;6769;7126;357
2017-08-18T04:00:00+0200;0;0;0;6598;6914;316
2017-08-18T05:00:00+0200;0;0;0;6638;6952;314
2017-08-18T06:00:00+0200;303;292;-11;6851;7714;863
2017-08-18T07:00:00+0200;2253;2448;195;7198;8247;1049
2017-08-18T08:00:00+0200;5713;6080;367;7629;7684;55
2017-08-18T09:00:00+0200;9476;9864;388;8216;7115;-1101
2017-08-18T10:00:00+0200;12425;12902;477;9105;6948;-2157
2017-08-18T11:00:00+0200;14406;14840;434;9934;7206;-2728
2017-08-18T12:00:00+0200;15356;15940;584;10537;7339;-3198
2017-08-18T13:00:00+0200;15135;16364;1229;10923;7551;-3372
2017-08-18T14:00:00+0200;14079;15065;986;10969;7868;-3101
2017-08-18T15:00:00+0200;12261;12797;536;10661;7814;-2847
2017-08-18T16:00:00+0200;9575;9870;295;10336;7610;-2726
2017-08-18T17:00:00+0200;6390;6004;-386;9898;7076;-2822
2017-08-18T18:00:00+0200;3240;2467;-773;9284;7865;-1419
2017-08-18T19:00:00+0200;953;648;-305;8586;8338;-248
2017-08-18T20:00:00+0200;82;58;-24;7913;8096;183
2017-08-18T21:00:00+0200;0;0;0;7453;8143;690
2017-08-18T22:00:00+0200;0;0;0;7367;8476;1109
2017-08-18T23:00:00+0200;0;0;0;7658;9550;1892
2017-08-19T00:00:00+0200;0;0;0;11321;9923;-1398
2017-08-19T01:00:00+0200;0;0;0;12254;11901;-353
2017-08-19T02:00:00+0200;0;0;0;13106;13204;98
2017-08-19T03:00:00+0200;0;0;0;13475;13887;412
2017-08-19T04:00:00+0200;0;0;0;13597;14738;1141
2017-08-19T05:00:00+0200;0;0;0;13608;14677;1069
2017-08-19T06:00:00+0200;255;208;-47;13762;14592;830
2017-08-19T07:00:00+0200;2104;1960;-144;14242;14335;93
2017-08-19T08:00:00+0200;5687;5010;-677;15196;15127;-69
2017-08-19T09:00:00+0200;9808;8456;-1352;16693;16125;-568
2017-08-19T10:00:00+0200;13428;12034;-1394;18180;18105;-75
2017-08-19T11:00:00+0200;16207;14998;-1209;19225;18976;-249
2017-08-19T12:00:00+0200;17924;17070;-854;19585;19400;-185
2017-08-19T13:00:00+0200;18412;18188;-224;19677;19199;-478
2017-08-19T14:00:00+0200;17876;17659;-217;19532;18925;-607
2017-08-19T15:00:00+0200;16234;15986;-248;19174;18216;-958
2017-08-19T16:00:00+0200;13539;13089;-450;18639;17893;-746
2017-08-19T17:00:00+0200;9673;9270;-403;17536;16000;-1536
2017-08-19T18:00:00+0200;5114;4940;-174;15820;14258;-1562
2017-08-19T19:00:00+0200;1478;1417;-61;13818;11897;-1921
2017-08-19T20:00:00+0200;131;83;-48;12436;11062;-1374
2017-08-19T21:00:00+0200;0;0;0;11978;10836;-1142
2017-08-19T22:00:00+0200;0;0;0;12011;12062;51
2017-08-19T23:00:00+0200;0;0;0;12234;12772;538
2017-08-20T00:00:00+0200;0;0;0;11644;12948;1304
2017-08-20T01:00:00+0200;0;0;0;11889;12799;910
2017-08-20T02:00:00+0200;0;0;0;12095;12928;833
2017-08-20T03:00:00+0200;0;0;0;12123;13161;1038
2017-08-20T04:00:00+0200;0;0;0;12169;13214;1045
2017-08-20T05:00:00+0200;0;0;0;11985;13186;1201
2017-08-20T06:00:00+0200;272;269;-3;11663;13444;1781
2017-08-20T07:00:00+0200;2659;2772;113;11228;12326;1098
2017-08-20T08:00:00+0200;7519;7757;238;10766;10974;208
2017-08-20T09:00:00+0200;13018;13660;642;10609;10999;390
2017-08-20T10:00:00+0200;17254;17780;526;11439;12367;928
2017-08-20T11:00:00+0200;19630;19367;-263;12622;14274;1652
2017-08-20T12:00:00+0200;20482;19030;-1452;13361;15021;1660
2017-08-20T13:00:00+0200;20096;17771;-2325;13766;15306;1540
2017-08-20T14:00:00+0200;18820;16509;-2311;14078;15976;1898
2017-08-20T15:00:00+0200;16530;14881;-1649;14282;16025;1743
2017-08-20T16:00:00+0200;13378;12370;-1008;14230;15704;1474
2017-08-20T17:00:00+0200;9314;8714;-600;13727;14886;1159
2017-08-20T18:00:00+0200;4854;4590;-264;12640;13665;1025
2017-08-20T19:00:00+0200;1365;1324;-41;11273;12382;1109
2017-08-20T20:00:00+0200;104;74;-30;10330;11368;1038
2017-08-20T21:00:00+0200;0;0;0;9952;11692;1740
2017-08-20T22:00:00+0200;0;0;0;9692;11622;1930
2017-08-20T23:00:00+0200;0;0;0;9492;11332;1840
2017-08-21T00:00:00+0200;0;0;0;11021;11191;170
2017-08-21T01:00:00+0200;0;0;0;11092;11015;-77
2017-08-21T02:00:00+0200;0;0;0;11192;11059;-133
2017-08-21T03:00:00+0200;0;0;0;11068;11211;143
2017-08-21T04:00:00+0200;0;0;0;10990;11178;188
2017-08-21T05:00:00+0200;0;0;0;10864;10944;80
2017-08-21T06:00:00+0200;242;248;6;10657;10722;65
2017-08-21T07:00:00+0200;2287;2393;106;10406;10143;-263
2017-08-21T08:00:00+0200;6324;6615;291;9939;9306;-633
2017-08-21T09:00:00+0200;10901;11669;768;9560;9455;-105
2017-08-21T10:00:00+0200;14709;15789;1080;9958;10366;408
2017-08-21T11:00:00+0200;17245;18085;840;10388;10696;308
2017-08-21T12:00:00+0200;18364;18746;382;10551;10562;11
2017-08-21T13:00:00+0200;18521;19279;758;10597;10448;-149
2017-08-21T14:00:00+0200;17733;18774;1041;10551;10544;-7
2017-08-21T15:00:00+0200;15898;16912;1014;10328;10325;-3
2017-08-21T16:00:00+0200;13103;13795;692;9826;10079;253
2017-08-21T17:00:00+0200;9203;9654;451;8988;9762;774
2017-08-21T18:00:00+0200;4773;4958;185;7798;8644;846
2017-08-21T19:00:00+0200;1281;1372;91;6366;6822;456
2017-08-21T20:00:00+0200;93;68;-25;5449;5458;9
2017-08-21T21:00:00+0200;0;0;0;4929;5235;306
2017-08-21T22:00:00+0200;0;0;0;4669;4946;277
2017-08-21T23:00:00+0200;0;0;0;4506;4796;290
2017-08-22T00:00:00+0200;0;0;0;4255;4611;356
2017-08-22T01:00:00+0200;0;0;0;4159;4559;400
2017-08-22T02:00:00+0200;0;0;0;4187;4734;547
2017-08-22T03:00:00+0200;0;0;0;4098;4754;656
2017-08-22T04:00:00+0200;0;0;0;4001;4666;665
2017-08-22T05:00:00+0200;0;0;0;3872;4392;520
2017-08-22T06:00:00+0200;252;249;-3;3652;3940;288
2017-08-22T07:00:00+0200;2534;2580;46;3367;3607;240
2017-08-22T08:00:00+0200;7209;7124;-85;3003;3130;127
2017-08-22T09:00:00+0200;12448;12545;97;2860;2780;-80
2017-08-22T10:00:00+0200;16751;17219;468;3318;3397;79
2017-08-22T11:00:00+0200;19647;20443;796;3779;3871;92
2017-08-22T12:00:00+0200;21003;21532;529;4060;4417;357
2017-08-22T13:00:00+0200;21096;20974;-122;4197;4628;431
2017-08-22T14:00:00+0200;20034;20316;282;4176;4604;428
2017-08-22T15:00:00+0200;17774;18240;466;3932;4634;702
2017-08-22T16:00:00+0200;14455;14974;519;3557;4356;799
2017-08-22T17:00:00+0200;9991;10478;487;3108;3728;620
2017-08-22T18:00:00+0200;5079;5311;232;2655;2814;159
2017-08-22T19:00:00+0200;1351;1336;-15;2308;2074;-234
2017-08-22T20:00:00+0200;97;54;-43;2304;2175;-129
2017-08-22T21:00:00+0200;0;0;0;2591;2595;4
2017-08-22T22:00:00+0200;0;0;0;2906;2913;7
2017-08-22T23:00:00+0200;0;0;0;3041;3060;19
2017-08-23T00:00:00+0200;0;0;0;3152;3026;-126
2017-08-23T01:00:00+0200;0;0;0;2949;2849;-100
2017-08-23T02:00:00+0200;0;0;0;2874;2665;-209
2017-08-23T03:00:00+0200;0;0;0;2619;2426;-193
2017-08-23T04:00:00+0200;0;0;0;2458;2159;-299
2017-08-23T05:00:00+0200;0;0;0;2414;2140;-274
2017-08-23T06:00:00+0200;263;263;0;2365;2340;-25
2017-08-23T07:00:00+0200;2729;2852;123;2244;2330;86
2017-08-23T08:00:00+0200;7874;8046;172;1780;1810;30
2017-08-23T09:00:00+0200;13816;14141;325;1219;880;-339
2017-08-23T10:00:00+0200;18826;19503;677;1052;836;-216
2017-08-23T11:00:00+0200;22268;23200;932;1051;1151;100
2017-08-23T12:00:00+0200;24016;24913;897;1150;1234;84
2017-08-23T13:00:00+0200;24455;25365;910;1275;1315;40
2017-08-23T14:00:00+0200;23575;24362;787;1367;1521;154
2017-08-23T15:00:00+0200;21156;21662;506;1419;1886;467
2017-08-23T16:00:00+0200;17237;17237;0;1519;2217;698
2017-08-23T17:00:00+0200;11691;11338;-353;1757;2457;700
2017-08-23T18:00:00+0200;5604;5115;-489;2261;2623;362
2017-08-23T19:00:00+0200;1344;1162;-182;3084;3132;48
2017-08-23T20:00:00+0200;93;34;-59;4445;4847;402
2017-08-23T21:00:00+0200;0;0;0;6248;6883;635
2017-08-23T22:00:00+0200;0;0;0;7842;8342;500
2017-08-23T23:00:00+0200;0;0;0;8881;9127;246
2017-08-24T00:00:00+0200;0;0;0;8538;9516;978
2017-08-24T01:00:00+0200;0;0;0;8661;9594;933
2017-08-24T02:00:00+0200;0;0;0;8756;9070;314
2017-08-24T03:00:00+0200;0;0;0;8371;8674;303
2017-08-24T04:00:00+0200;0;0;0;7955;8241;286
2017-08-24T05:00:00+0200;0;0;0;7676;8341;665
2017-08-24T06:00:00+0200;195;186;-9;7629;8734;1105
2017-08-24T07:00:00+0200;2081;2158;77;7489;8811;1322
2017-08-24T08:00:00+0200;5829;5857;28;6890;7892;1002
2017-08-24T09:00:00+0200;10127;9790;-337;6345;6869;524
2017-08-24T10:00:00+0200;13936;13326;-610;6821;6855;34
2017-08-24T11:00:00+0200;16759;16257;-502;7605;7746;141
2017-08-24T12:00:00+0200;18387;17998;-389;8386;8485;99
2017-08-24T13:00:00+0200;18808;18735;-73;9386;8656;-730
2017-08-24T14:00:00+0200;18119;18431;312;10135;8945;-1190
2017-08-24T15:00:00+0200;16137;16748;611;10453;9430;-1023
2017-08-24T16:00:00+0200;13042;13356;314;10387;9400;-987
2017-08-24T17:00:00+0200;8941;8577;-364;9831;9195;-636
2017-08-24T18:00:00+0200;4473;3978;-495;8761;8498;-263
2017-08-24T19:00:00+0200;1122;919;-203;7613;7162;-451
2017-08-24T20:00:00+0200;65;25;-40;6882;6594;-288
2017-08-24T21:00:00+0200;0;0;0;6490;6572;82
2017-08-24T22:00:00+0200;0;0;0;6236;6618;382
2017-08-24T23:00:00+0200;0;0;0;6032;6304;272
2017-08-25T00:00:00+0200;0;0;0;5308;5881;573
2017-08-25T01:00:00+0200;0;0;0;5032;5662;630
2017-08-25T02:00:00+0200;0;0;0;4935;5124;189
2017-08-25T03:00:00+0200;0;0;0;4703;4868;165
2017-08-25T04:00:00+0200;0;0;0;4530;4778;248
2017-08-25T05:00:00+0200;0;0;0;4330;4806;476
2017-08-25T06:00:00+0200;202;194;-8;4061;4951;890
2017-08-25T07:00:00+0200;2315;2345;30;3772;4721;949
2017-08-25T08:00:00+0200;6777;6474;-303;3407;3932;525
2017-08-25T09:00:00+0200;12016;11964;-52;3177;3376;199
2017-08-25T10:00:00+0200;16616;17047;431;3393;3956;563
2017-08-25T11:00:00+0200;19791;20864;1073;3653;4826;1173
2017-08-25T12:00:00+0200;21338;22536;1198;3815;5111;1296
2017-08-25T13:00:00+0200;21380;22852;1472;3806;5086;1280
2017-08-25T14:00:00+0200;20072;21422;1350;3652;4588;936
2017-08-25T15:00:00+0200;17577;18454;877;3342;3770;428
2017-08-25T16:00:00+0200;14090;14133;43;2915;3039;124
2017-08-25T17:00:00+0200;9535;8845;-690;2440;2464;24
2017-08-25T18:00:00+0200;4645;3946;-699;2015;2012;-3
2017-08-25T19:00:00+0200;1096;811;-285;1780;1373;-407
2017-08-25T20:00:00+0200;56;18;-38;1877;1528;-349
2017-08-25T21:00:00+0200;0;0;0;2231;1789;-442
2017-08-25T22:00:00+0200;0;0;0;2621;2058;-563
2017-08-25T23:00:00+0200;0;0;0;2910;2118;-792
2017-08-26T00:00:00+0200;0;0;0;2499;2075;-424
2017-08-26T01:00:00+0200;0;0;0;2531;2232;-299
2017-08-26T02:00:00+0200;0;0;0;2642;2580;-62
2017-08-26T03:00:00+0200;0;0;0;2661;2707;46
2017-08-26T04:00:00+0200;0;0;0;2702;2711;9
2017-08-26T05:00:00+0200;0;0;0;2732;2761;29
2017-08-26T06:00:00+0200;165;142;-23;2704;3020;316
2017-08-26T07:00:00+0200;2074;2016;-58;2556;3216;660
2017-08-26T08:00:00+0200;6250;5791;-459;2078;2850;772
2017-08-26T09:00:00+0200;11021;10272;-749;1410;1558;148
2017-08-26T10:00:00+0200;15145;14342;-803;1124;1009;-115
2017-08-26T11:00:00+0200;18108;17322;-786;1248;906;-342
2017-08-26T12:00:00+0200;19703;19524;-179;1450;926;-524
2017-08-26T13:00:00+0200;19711;20352;641;1635;1075;-560
2017-08-26T14:00:00+0200;18541;19435;894;1790;1242;-548
2017-08-26T15:00:00+0200;16279;16767;488;1918;1416;-502
2017-08-26T16:00:00+0200;12983;12924;-59;1984;1454;-530
2017-08-26T17:00:00+0200;8667;8404;-263;1879;1478;-401
2017-08-26T18:00:00+0200;4140;3914;-226;1717;1366;-351
2017-08-26T19:00:00+0200;925;797;-128;1705;1577;-128
2017-08-26T20:00:00+0200;45;18;-27;1800;1942;142
2017-08-26T21:00:00+0200;0;0;0;1965;1939;-26
2017-08-26T22:00:00+0200;0;0;0;2188;2212;24
2017-08-26T23:00:00+0200;0;0;0;2481;2706;225
2017-08-27T00:00:00+0200;0;0;0;2751;3634;883
2017-08-27T01:00:00+0200;0;0;0;3333;4992;1659
2017-08-27T02:00:00+0200;0;0;0;4104;6595;2491
2017-08-27T03:00:00+0200;0;0;0;4533;7304;2771
2017-08-27T04:00:00+0200;0;0;0;4683;7824;3141
2017-08-27T05:00:00+0200;0;0;0;4670;7935;3265
2017-08-27T06:00:00+0200;153;150;-3;4471;7579;3108
2017-08-27T07:00:00+0200;1936;2046;110;4152;6565;2413
2017-08-27T08:00:00+0200;5732;5714;-18;3741;5326;1585
2017-08-27T09:00:00+0200;9992;10513;521;3408;5330;1922
2017-08-27T10:00:00+0200;13569;14941;1372;3663;6152;2489
2017-08-27T11:00:00+0200;16009;17904;1895;4233;6292;2059
2017-08-27T12:00:00+0200;17437;18935;1498;4790;6597;1807
2017-08-27T13:00:00+0200;17774;18954;1180;5343;7231;1888
2017-08-27T14:00:00+0200;16951;17510;559;5726;7486;1760
2017-08-27T15:00:00+0200;14820;15148;328;5868;7277;1409
2017-08-27T16:00:00+0200;11875;12597;722;5698;6688;990
2017-08-27T17:00:00+0200;8096;8493;397;5195;5876;681
2017-08-27T18:00:00+0200;3949;4062;113;4318;4534;216
2017-08-27T19:00:00+0200;878;861;-17;3385;3029;-356
2017-08-27T20:00:00+0200;37;17;-20;2889;2692;-197
2017-08-27T21:00:00+0200;0;0;0;2678;2561;-117
2017-08-27T22:00:00+0200;0;0;0;2564;2432;-132
2017-08-27T23:00:00+0200;0;0;0;2446;2370;-76
2017-08-28T00:00:00+0200;0;0;0;2341;2225;-116
2017-08-28T01:00:00+0200;0;0;0;2221;2155;-66
2017-08-28T02:00:00+0200;0;0;0;2180;2168;-12
2017-08-28T03:00:00+0200;0;0;0;1939;2045;106
2017-08-28T04:00:00+0200;0;0;0;1768;1917;149
2017-08-28T05:00:00+0200;0;0;0;1621;1741;120
2017-08-28T06:00:00+0200;156;148;-8;1505;1619;114
2017-08-28T07:00:00+0200;2147;2279;132;1416;1552;136
2017-08-28T08:00:00+0200;6707;6911;204;1090;1324;234
2017-08-28T09:00:00+0200;12154;12737;583;602;762;160
2017-08-28T10:00:00+0200;16852;17716;864;402;606;204
2017-08-28T11:00:00+0200;20150;21011;861;397;598;201
2017-08-28T12:00:00+0200;21740;22546;806;440;559;119
2017-08-28T13:00:00+0200;21789;22866;1077;467;509;42
2017-08-28T14:00:00+0200;20600;21850;1250;487;546;59
2017-08-28T15:00:00+0200;18185;19333;1148;487;571;84
2017-08-28T16:00:00+0200;14696;15510;814;513;583;70
2017-08-28T17:00:00+0200;9891;10252;361;575;500;-75
2017-08-28T18:00:00+0200;4626;4616;-10;720;364;-356
2017-08-28T19:00:00+0200;940;842;-98;1078;542;-536
2017-08-28T20:00:00+0200;39;14;-25;1757;1366;-391
2017-08-28T21:00:00+0200;0;0;0;2796;2723;-73
2017-08-28T22:00:00+0200;0;0;0;3838;4330;492
2017-08-28T23:00:00+0200;0;0;0;4597;5520;923
2017-08-29T00:00:00+0200;0;0;0;5398;6291;893
2017-08-29T01:00:00+0200;0;0;0;5854;6488;634
2017-08-29T02:00:00+0200;0;0;0;6138;6748;610
2017-08-29T03:00:00+0200;0;0;0;6110;6756;646
2017-08-29T04:00:00+0200;0;0;0;6028;6291;263
2017-08-29T05:00:00+0200;0;0;0;5954;5929;-25
2017-08-29T06:00:00+0200;146;124;-22;5816;5896;80
2017-08-29T07:00:00+0200;2279;2441;162;5468;5602;134
2017-08-29T08:00:00+0200;7647;7685;38;4475;4386;-89
2017-08-29T09:00:00+0200;13986;13949;-37;3076;2172;-904
2017-08-29T10:00:00+0200;19375;19354;-21;2427;1640;-787
2017-08-29T11:00:00+0200;23088;23062;-26;2482;2158;-324
2017-08-29T12:00:00+0200;25019;24866;-153;2774;2850;76
2017-08-29T13:00:00+0200;25327;25087;-240;3083;3523;440
2017-08-29T14:00:00+0200;24136;23750;-386;3149;3864;715
2017-08-29T15:00:00+0200;21305;20920;-385;3030;3784;754
2017-08-29T16:00:00+0200;16983;16464;-519;2812;3155;343
2017-08-29T17:00:00+0200;11163;10620;-543;2546;2612;66
2017-08-29T18:00:00+0200;4993;4548;-445;2391;2064;-327
2017-08-29T19:00:00+0200;946;712;-234;2561;1740;-821
2017-08-29T20:00:00+0200;33;3;-30;3112;2294;-818
2017-08-29T21:00:00+0200;0;0;0;3959;3331;-628
2017-08-29T22:00:00+0200;0;0;0;4947;4315;-632
2017-08-29T23:00:00+0200;0;0;0;5828;5157;-671
2017-08-30T00:00:00+0200;0;0;0;5247;5672;425
2017-08-30T01:00:00+0200;0;0;0;5545;6222;677
2017-08-30T02:00:00+0200;0;0;0;5767;6504;737
2017-08-30T03:00:00+0200;0;0;0;5649;6580;931
2017-08-30T04:00:00+0200;0;0;0;5557;6192;635
2017-08-30T05:00:00+0200;0;0;0;5611;5730;119
2017-08-30T06:00:00+0200;144;134;-10;5713;5834;121
2017-08-30T07:00:00+0200;2209;2354;145;5729;6182;453
2017-08-30T08:00:00+0200;7053;6992;-61;5234;5714;480
2017-08-30T09:00:00+0200;12752;12239;-513;4321;4168;-153
2017-08-30T10:00:00+0200;17552;16237;-1315;3995;3467;-528
2017-08-30T11:00:00+0200;20739;18703;-2036;4320;4260;-60
2017-08-30T12:00:00+0200;22207;20162;-2045;4927;5538;611
2017-08-30T13:00:00+0200;22007;19999;-2008;5724;6872;1148
2017-08-30T14:00:00+0200;20413;18296;-2117;6539;7788;1249
2017-08-30T15:00:00+0200;17459;15521;-1938;7234;7898;664
2017-08-30T16:00:00+0200;13477;11546;-1931;7990;7864;-126
2017-08-30T17:00:00+0200;8475;6751;-1724;8774;8236;-538
2017-08-30T18:00:00+0200;3580;2772;-808;9620;8953;-667
2017-08-30T19:00:00+0200;643;415;-228;10590;9816;-774
2017-08-30T20:00:00+0200;16;3;-13;11296;11477;181
2017-08-30T21:00:00+0200;0;0;0;11859;12199;340
2017-08-30T22:00:00+0200;0;0;0;12061;12341;280
2017-08-30T23:00:00+0200;0;0;0;11824;12128;304
2017-08-31T00:00:00+0200;0;0;0;8406;12310;3904
2017-08-31T01:00:00+0200;0;0;0;7757;12384;4627
2017-08-31T02:00:00+0200;0;0;0;7563;12420;4857
2017-08-31T03:00:00+0200;0;0;0;7499;12775;5276
2017-08-31T04:00:00+0200;0;0;0;7553;12302;4749
2017-08-31T05:00:00+0200;0;0;0;7658;10884;3226
2017-08-31T06:00:00+0200;89;78;-11;7757;9992;2235
2017-08-31T07:00:00+0200;1172;1274;102;7921;9640;1719
2017-08-31T08:00:00+0200;3503;3802;299;8209;9112;903
2017-08-31T09:00:00+0200;6105;6587;482;8774;9222;448
2017-08-31T10:00:00+0200;8144;8517;373;9809;10530;721
2017-08-31T11:00:00+0200;9574;9024;-550;10624;10893;269
2017-08-31T12:00:00+0200;10284;9348;-936;11219;10632;-587
2017-08-31T13:00:00+0200;10182;8827;-1355;12007;10612;-1395
2017-08-31T14:00:00+0200;9444;7156;-2288;12164;10815;-1349
2017-08-31T15:00:00+0200;8089;5958;-2131;11531;10790;-741
2017-08-31T16:00:00+0200;6142;4774;-1368;10845;10451;-394
2017-08-31T17:00:00+0200;3880;3260;-620;9884;9483;-401
2017-08-31T18:00:00+0200;1766;1754;-12;8610;7918;-692
2017-08-31T19:00:00+0200;370;430;60;7359;6251;-1108
2017-08-31T20:00:00+0200;9;5;-4;6421;5126;-1295
2017-08-31T21:00:00+0200;0;0;0;5922;4252;-1670
2017-08-31T22:00:00+0200;0;0;0;5511;3976;-1535
2017-08-31T23:00:00+0200;0;0;0;5132;3743;-1389
2017-09-01T00:00:00+0200;0;0;0;3559;3489;-70
2017-09-01T01:00:00+0200;0;0;0;3263;3189;-74
2017-09-01T02:00:00+0200;0;0;0;3040;3106;66
2017-09-01T03:00:00+0200;0;0;0;2679;2847;168
2017-09-01T04:00:00+0200;0;0;0;2329;2565;236
2017-09-01T05:00:00+0200;0;0;0;2027;2204;177
2017-09-01T06:00:00+0200;54;42;-12;1730;1950;220
2017-09-01T07:00:00+0200;855;929;74;1414;1616;202
2017-09-01T08:00:00+0200;3056;3090;34;1068;1259;191
2017-09-01T09:00:00+0200;5710;5769;59;792;794;2
2017-09-01T10:00:00+0200;8199;8650;451;696;638;-58
2017-09-01T11:00:00+0200;10068;9962;-106;693;634;-59
2017-09-01T12:00:00+0200;11120;10298;-822;743;665;-78
2017-09-01T13:00:00+0200;11212;10258;-954;796;744;-52
2017-09-01T14:00:00+0200;10609;9967;-642;844;856;12
2017-09-01T15:00:00+0200;9337;8847;-490;907;1066;159
2017-09-01T16:00:00+0200;7445;7583;138;1017;1227;210
2017-09-01T17:00:00+0200;5010;5262;252;1113;1290;177
2017-09-01T18:00:00+0200;2367;2350;-17;1176;1360;184
2017-09-01T19:00:00+0200;469;398;-71;1288;1326;38
2017-09-01T20:00:00+0200;10;2;-8;1424;1515;91
2017-09-01T21:00:00+0200;0;0;0;1554;1529;-25
2017-09-01T22:00:00+0200;0;0;0;1606;1394;-212
2017-09-01T23:00:00+0200;0;0;0;1612;1237;-375
2017-09-02T00:00:00+0200;0;0;0;1526;1191;-335
2017-09-02T01:00:00+0200;0;0;0;1528;1220;-308
2017-09-02T02:00:00+0200;0;0;0;1689;1257;-432
2017-09-02T03:00:00+0200;0;0;0;1745;1271;-474
2017-09-02T04:00:00+0200;0;0;0;1801;1252;-549
2017-09-02T05:00:00+0200;0;0;0;1841;1219;-622
2017-09-02T06:00:00+0200;65;56;-9;1803;1255;-548
2017-09-02T07:00:00+0200;1288;1307;19;1669;1300;-369
2017-09-02T08:00:00+0200;4475;4280;-195;1430;1121;-309
2017-09-02T09:00:00+0200;8353;8176;-177;1203;642;-561
2017-09-02T10:00:00+0200;11740;11566;-174;1225;646;-579
2017-09-02T11:00:00+0200;14081;13440;-641;1385;1020;-365
2017-09-02T12:00:00+0200;15297;13562;-1735;1578;1536;-42
2017-09-02T13:00:00+0200;15373;12914;-2459;1791;1882;91
2017-09-02T14:00:00+0200;14385;12370;-2015;2053;2271;218
2017-09-02T15:00:00+0200;12370;10702;-1668;2355;2449;94
2017-09-02T16:00:00+0200;9745;8655;-1090;2647;2378;-269
2017-09-02T17:00:00+0200;6463;5895;-568;2727;2533;-194
2017-09-02T18:00:00+0200;2965;2794;-171;2583;2246;-337
2017-09-02T19:00:00+0200;544;468;-76;2427;1822;-605
2017-09-02T20:00:00+0200;10;4;-6;2288;1742;-546
2017-09-02T21:00:00+0200;0;0;0;2233;1789;-444
2017-09-02T22:00:00+0200;0;0;0;2154;1677;-477
2017-09-02T23:00:00+0200;0;0;0;2050;1448;-602
2017-09-03T00:00:00+0200;0;0;0;1822;1303;-519
2017-09-03T01:00:00+0200;0;0;0;1620;1314;-306
2017-09-03T02:00:00+0200;0;0;0;1583;1468;-115
2017-09-03T03:00:00+0200;0;0;0;1495;1503;8
2017-09-03T04:00:00+0200;0;0;0;1419;1413;-6
2017-09-03T05:00:00+0200;0;0;0;1342;1273;-69
2017-09-03T06:00:00+0200;83;61;-22;1263;1288;25
2017-09-03T07:00:00+0200;1687;1499;-188;1179;1224;45
2017-09-03T08:00:00+0200;5914;4956;-958;994;866;-128
2017-09-03T09:00:00+0200;11068;9722;-1346;793;420;-373
2017-09-03T10:00:00+0200;15405;14326;-1079;756;344;-412
2017-09-03T11:00:00+0200;18237;17315;-922;848;435;-413
2017-09-03T12:00:00+0200;19642;18107;-1535;973;564;-409
2017-09-03T13:00:00+0200;19693;18145;-1548;1080;749;-331
2017-09-03T14:00:00+0200;18350;17195;-1155;1170;973;-197
2017-09-03T15:00:00+0200;15803;15200;-603;1210;1171;-39
2017-09-03T16:00:00+0200;12472;11979;-493;1292;1214;-78
2017-09-03T17:00:00+0200;8173;7785;-388;1322;1026;-296
2017-09-03T18:00:00+0200;3606;3426;-180;1216;798;-418
2017-09-03T19:00:00+0200;606;477;-129;1125;576;-549
2017-09-03T20:00:00+0200;9;1;-8;1147;743;-404
2017-09-03T21:00:00+0200;0;0;0;1292;1106;-186
2017-09-03T22:00:00+0200;0;0;0;1428;1392;-36
2017-09-03T23:00:00+0200;0;0;0;1515;1684;169
2017-09-04T00:00:00+0200;0;0;0;1783;1918;135
2017-09-04T01:00:00+0200;0;0;0;1868;2031;163
2017-09-04T02:00:00+0200;0;0;0;2027;2228;201
2017-09-04T03:00:00+0200;0;0;0;2079;2396;317
2017-09-04T04:00:00+0200;0;0;0;2166;2596;430
2017-09-04T05:00:00+0200;0;0;0;2293;2673;380
2017-09-04T06:00:00+0200;84;69;-15;2367;2836;469
2017-09-04T07:00:00+0200;1845;1930;85;2339;3092;753
2017-09-04T08:00:00+0200;7002;6778;-224;2188;2630;442
2017-09-04T09:00:00+0200;13293;12743;-550;2070;1840;-230
2017-09-04T10:00:00+0200;18368;18062;-306;2237;2087;-150
2017-09-04T11:00:00+0200;21500;21832;332;2599;2851;252
2017-09-04T12:00:00+0200;22814;23142;328;2979;3534;555
2017-09-04T13:00:00+0200;22278;22297;19;3360;4125;765
2017-09-04T14:00:00+0200;20274;20313;39;3639;4542;903
2017-09-04T15:00:00+0200;17247;16968;-279;3777;4822;1045
2017-09-04T16:00:00+0200;13522;12853;-669;3764;4934;1170
2017-09-04T17:00:00+0200;8606;7793;-813;3585;4605;1020
2017-09-04T18:00:00+0200;3599;2983;-616;3314;3975;661
2017-09-04T19:00:00+0200;559;360;-199;3117;3248;131
2017-09-04T20:00:00+0200;7;0;-7;3176;3372;196
2017-09-04T21:00:00+0200;0;0;0;3472;3458;-14
2017-09-04T22:00:00+0200;0;0;0;3770;3532;-238
2017-09-04T23:00:00+0200;0;0;0;4011;3774;-237
2017-09-05T00:00:00+0200;0;0;0;3456;3950;494
2017-09-05T01:00:00+0200;0;0;0;3549;3942;393
2017-09-05T02:00:00+0200;0;0;0;3780;3930;150
2017-09-05T03:00:00+0200;0;0;0;3753;4304;551
2017-09-05T04:00:00+0200;0;0;0;3711;4842;1131
2017-09-05T05:00:00+0200;0;0;0;3764;4930;1166
2017-09-05T06:00:00+0200;70;56;-14;3890;4992;1102
2017-09-05T07:00:00+0200;1578;1551;-27;3985;5087;1102
2017-09-05T08:00:00+0200;5533;5143;-390;3898;4476;578
2017-09-05T09:00:00+0200;10235;9974;-261;3519;3448;-71
2017-09-05T10:00:00+0200;14311;14637;326;3247;2911;-336
2017-09-05T11:00:00+0200;17145;18120;975;3372;3348;-24
2017-09-05T12:00:00+0200;18575;19696;1121;3742;3883;141
2017-09-05T13:00:00+0200;18464;18800;336;4050;4203;153
2017-09-05T14:00:00+0200;16962;16546;-416;4178;4232;54
2017-09-05T15:00:00+0200;14219;13266;-953;4141;4220;79
2017-09-05T16:00:00+0200;10619;9712;-907;3973;4022;49
2017-09-05T17:00:00+0200;6418;5654;-764;3671;3937;266
2017-09-05T18:00:00+0200;2547;2156;-391;3517;3936;419
2017-09-05T19:00:00+0200;381;230;-151;3625;4046;421
2017-09-05T20:00:00+0200;2;0;-2;4031;4858;827
2017-09-05T21:00:00+0200;0;0;0;4532;5506;974
2017-09-05T22:00:00+0200;0;0;0;4960;5760;800
2017-09-05T23:00:00+0200;0;0;0;5309;5819;510
2017-09-06T00:00:00+0200;0;0;0;5404;5633;229
2017-09-06T01:00:00+0200;0;0;0;5543;5281;-262
2017-09-06T02:00:00+0200;0;0;0;5840;5365;-475
2017-09-06T03:00:00+0200;0;0;0;6107;5510;-597
2017-09-06T04:00:00+0200;0;0;0;6444;5839;-605
2017-09-06T05:00:00+0200;0;0;0;6809;6484;-325
2017-09-06T06:00:00+0200;31;24;-7;7211;7022;-189
2017-09-06T07:00:00+0200;704;678;-26;7790;8000;210
2017-09-06T08:00:00+0200;2667;2564;-103;8511;9651;1140
2017-09-06T09:00:00+0200;5233;5122;-111;9543;11274;1731
2017-09-06T10:00:00+0200;7806;7903;97;10847;14275;3428
2017-09-06T11:00:00+0200;9940;9960;20;12201;18035;5834
2017-09-06T12:00:00+0200;11498;11692;194;13707;20491;6784
2017-09-06T13:00:00+0200;12235;13175;940;15592;21870;6278
2017-09-06T14:00:00+0200;12144;12941;797;17381;24064;6683
2017-09-06T15:00:00+0200;10986;11581;595;18918;25405;6487
2017-09-06T16:00:00+0200;8695;8639;-56;20530;26496;5966
2017-09-06T17:00:00+0200;5651;5398;-253;21331;25628;4297
2017-09-06T18:00:00+0200;2398;2117;-281;21077;24713;3636
2017-09-06T19:00:00+0200;361;208;-153;20216;23523;3307
2017-09-06T20:00:00+0200;2;0;-2;19198;22996;3798
2017-09-06T21:00:00+0200;0;0;0;18510;21919;3409
2017-09-06T22:00:00+0200;0;0;0;18049;20598;2549
2017-09-06T23:00:00+0200;0;0;0;17784;20312;2528
2017-09-07T00:00:00+0200;0;0;0;18809;20638;1829
2017-09-07T01:00:00+0200;0;0;0;18509;19801;1292
2017-09-07T02:00:00+0200;0;0;0;18291;18880;589
2017-09-07T03:00:00+0200;0;0;0;17874;17835;-39
2017-09-07T04:00:00+0200;0;0;0;17372;17136;-236
2017-09-07T05:00:00+0200;0;0;0;16851;16559;-292
2017-09-07T06:00:00+0200;34;27;-7;16337;16302;-35
2017-09-07T07:00:00+0200;941;900;-41;15853;16054;201
2017-09-07T08:00:00+0200;3707;3584;-123;15568;14638;-930
2017-09-07T09:00:00+0200;7229;7020;-209;15528;14644;-884
2017-09-07T10:00:00+0200;10362;10404;42;15636;14806;-830
2017-09-07T11:00:00+0200;12336;12462;126;15556;15306;-250
2017-09-07T12:00:00+0200;13192;13048;-144;15273;15290;17
2017-09-07T13:00:00+0200;13012;12566;-446;14560;14764;204
2017-09-07T14:00:00+0200;12086;12094;8;13807;13984;177
2017-09-07T15:00:00+0200;10426;10815;389;12970;13430;460
2017-09-07T16:00:00+0200;8100;8878;778;12011;12871;860
2017-09-07T17:00:00+0200;5188;5973;785;10701;11418;717
2017-09-07T18:00:00+0200;2137;2461;324;9136;9342;206
2017-09-07T19:00:00+0200;302;265;-37;7918;8518;600
2017-09-07T20:00:00+0200;1;0;-1;7454;9141;1687
2017-09-07T21:00:00+0200;0;0;0;7649;9852;2203
2017-09-07T22:00:00+0200;0;0;0;8287;10278;1991
2017-09-07T23:00:00+0200;0;0;0;9278;11223;1945
2017-09-08T00:00:00+0200;0;0;0;10605;12403;1798
2017-09-08T01:00:00+0200;0;0;0;11891;13654;1763
2017-09-08T02:00:00+0200;0;0;0;13306;14542;1236
2017-09-08T03:00:00+0200;0;0;0;14480;15096;616
2017-09-08T04:00:00+0200;0;0;0;15557;16018;461
2017-09-08T05:00:00+0200;0;0;0;16617;17650;1033
2017-09-08T06:00:00+0200;30;24;-6;17872;19748;1876
2017-09-08T07:00:00+0200;958;975;17;19324;21232;1908
2017-09-08T08:00:00+0200;3573;3370;-203;20860;22538;1678
2017-09-08T09:00:00+0200;6641;6494;-147;22345;23515;1170
2017-09-08T10:00:00+0200;9213;9375;162;23942;25417;1475
2017-09-08T11:00:00+0200;10812;10808;-4;25409;27758;2349
2017-09-08T12:00:00+0200;11464;10558;-906;26418;29417;2999
2017-09-08T13:00:00+0200;11157;10226;-931;26991;29948;2957
2017-09-08T14:00:00+0200;10130;9749;-381;26620;29698;3078
2017-09-08T15:00:00+0200;8491;8559;68;25125;27166;2041
2017-09-08T16:00:00+0200;6496;6594;98;22876;24432;1556
2017-09-08T17:00:00+0200;4107;4061;-46;20528;21750;1222
2017-09-08T18:00:00+0200;1641;1483;-158;18598;19844;1246
2017-09-08T19:00:00+0200;214;117;-97;16947;19288;2341
2017-09-08T20:00:00+0200;1;0;-1;15785;18863;3078
2017-09-08T21:00:00+0200;0;0;0;15313;18707;3394
2017-09-08T22:00:00+0200;0;0;0;15160;18641;3481
2017-09-08T23:00:00+0200;0;0;0;15219;18589;3370
2017-09-09T00:00:00+0200;0;0;0;16202;18716;2514
2017-09-09T01:00:00+0200;0;0;0;15689;18097;2408
2017-09-09T02:00:00+0200;0;0;0;15170;16842;1672
2017-09-09T03:00:00+0200;0;0;0;14421;15053;632
2017-09-09T04:00:00+0200;0;0;0;13775;13919;144
2017-09-09T05:00:00+0200;0;0;0;13230;12755;-475
2017-09-09T06:00:00+0200;25;20;-5;12658;12488;-170
2017-09-09T07:00:00+0200;802;775;-27;12156;12402;246
2017-09-09T08:00:00+0200;2898;2570;-328;11674;12472;798
2017-09-09T09:00:00+0200;5322;4451;-871;11207;12608;1401
2017-09-09T10:00:00+0200;7262;5680;-1582;10944;12854;1910
2017-09-09T11:00:00+0200;8416;6915;-1501;10779;14058;3279
2017-09-09T12:00:00+0200;8996;8059;-937;10613;15166;4553
2017-09-09T13:00:00+0200;8991;8442;-549;10606;16065;5459
2017-09-09T14:00:00+0200;8512;8416;-96;10403;15456;5053
2017-09-09T15:00:00+0200;7474;7700;226;9749;13878;4129
2017-09-09T16:00:00+0200;5789;5604;-185;8902;11926;3024
2017-09-09T17:00:00+0200;3617;3242;-375;7976;9897;1921
2017-09-09T18:00:00+0200;1410;1223;-187;6970;7986;1016
2017-09-09T19:00:00+0200;178;162;-16;6183;6870;687
2017-09-09T20:00:00+0200;1;0;-1;5835;6998;1163
2017-09-09T21:00:00+0200;0;0;0;5621;7519;1898
2017-09-09T22:00:00+0200;0;0;0;5434;7914;2480
2017-09-09T23:00:00+0200;0;0;0;5147;7384;2237
2017-09-10T00:00:00+0200;0;0;0;4866;6992;2126
2017-09-10T01:00:00+0200;0;0;0;4558;6552;1994
2017-09-10T02:00:00+0200;0;0;0;4460;6702;2242
2017-09-10T03:00:00+0200;0;0;0;4349;6402;2053
2017-09-10T04:00:00+0200;0;0;0;4324;5936;1612
2017-09-10T05:00:00+0200;0;0;0;4366;6346;1980
2017-09-10T06:00:00+0200;16;14;-2;4478;7082;2604
2017-09-10T07:00:00+0200;696;714;18;4678;7340;2662
2017-09-10T08:00:00+0200;3139;3119;-20;4819;6327;1508
2017-09-10T09:00:00+0200;6506;6672;166;4978;5658;680
2017-09-10T10:00:00+0200;9927;10632;705;5537;6424;887
2017-09-10T11:00:00+0200;12680;13808;1128;6740;8357;1617
2017-09-10T12:00:00+0200;14399;15456;1057;8368;10658;2290
2017-09-10T13:00:00+0200;14785;16010;1225;9985;12228;2243
2017-09-10T14:00:00+0200;14116;14610;494;11306;13609;2303
2017-09-10T15:00:00+0200;12392;12935;543;12139;14906;2767
2017-09-10T16:00:00+0200;9696;10192;496;12783;16103;3320
2017-09-10T17:00:00+0200;6126;6483;357;12985;16205;3220
2017-09-10T18:00:00+0200;2409;2477;68;12794;14953;2159
2017-09-10T19:00:00+0200;273;208;-65;12891;14300;1409
2017-09-10T20:00:00+0200;0;0;0;13877;16263;2386
2017-09-10T21:00:00+0200;0;0;0;15873;18845;2972
2017-09-10T22:00:00+0200;0;0;0;17975;20976;3001
2017-09-10T23:00:00+0200;0;0;0;19736;23162;3426
2017-09-11T00:00:00+0200;0;0;0;21285;24025;2740
2017-09-11T01:00:00+0200;0;0;0;22356;24967;2611
2017-09-11T02:00:00+0200;0;0;0;23344;25576;2232
2017-09-11T03:00:00+0200;0;0;0;23660;26112;2452
2017-09-11T04:00:00+0200;0;0;0;23988;26299;2311
2017-09-11T05:00:00+0200;0;0;0;23994;25932;1938
2017-09-11T06:00:00+0200;22;19;-3;23737;25832;2095
2017-09-11T07:00:00+0200;944;1042;98;23206;25124;1918
2017-09-11T08:00:00+0200;3675;4063;388;22341;23780;1439
2017-09-11T09:00:00+0200;6954;7660;706;21535;22579;1044
2017-09-11T10:00:00+0200;9738;10336;598;21371;22411;1040
2017-09-11T11:00:00+0200;11650;12052;402;21613;22403;790
2017-09-11T12:00:00+0200;12550;12887;337;21960;23089;1129
2017-09-11T13:00:00+0200;12435;13257;822;22342;23478;1136
2017-09-11T14:00:00+0200;11662;12862;1200;22713;24070;1357
2017-09-11T15:00:00+0200;10012;11370;1358;22768;24033;1265
2017-09-11T16:00:00+0200;7654;8912;1258;22344;23612;1268
2017-09-11T17:00:00+0200;4837;5564;727;21782;23064;1282
2017-09-11T18:00:00+0200;1861;2252;391;21154;21535;381
2017-09-11T19:00:00+0200;201;186;-15;21064;21748;684
2017-09-11T20:00:00+0200;0;0;0;21619;22510;891
2017-09-11T21:00:00+0200;0;0;0;22531;24411;1880
2017-09-11T22:00:00+0200;0;0;0;23432;25201;1769
2017-09-11T23:00:00+0200;0;0;0;23977;25213;1236
2017-09-12T00:00:00+0200;0;0;0;26601;24594;-2007
2017-09-12T01:00:00+0200;0;0;0;25908;23654;-2254
2017-09-12T02:00:00+0200;0;0;0;24904;22092;-2812
2017-09-12T03:00:00+0200;0;0;0;23406;20438;-2968
2017-09-12T04:00:00+0200;0;0;0;22064;19074;-2990
2017-09-12T05:00:00+0200;0;0;0;21087;18073;-3014
2017-09-12T06:00:00+0200;17;12;-5;20292;17809;-2483
2017-09-12T07:00:00+0200;862;882;20;19808;18462;-1346
2017-09-12T08:00:00+0200;3560;3272;-288;19756;17779;-1977
2017-09-12T09:00:00+0200;6820;6256;-564;20021;17965;-2056
2017-09-12T10:00:00+0200;9825;9672;-153;20751;19464;-1287
2017-09-12T11:00:00+0200;12059;11927;-132;21335;21486;151
2017-09-12T12:00:00+0200;13275;12986;-289;21274;21375;101
2017-09-12T13:00:00+0200;13843;13406;-437;20896;20966;70
2017-09-12T14:00:00+0200;13684;12969;-715;20661;20485;-176
2017-09-12T15:00:00+0200;12222;12277;55;20541;19184;-1357
2017-09-12T16:00:00+0200;9507;10248;741;20298;18971;-1327
2017-09-12T17:00:00+0200;5926;6529;603;19425;18779;-646
2017-09-12T18:00:00+0200;2214;2412;198;17866;17296;-570
2017-09-12T19:00:00+0200;222;183;-39;16597;16761;164
2017-09-12T20:00:00+0200;0;0;0;16041;17094;1053
2017-09-12T21:00:00+0200;0;0;0;16378;17797;1419
2017-09-12T22:00:00+0200;0;0;0;16866;18097;1231
2017-09-12T23:00:00+0200;0;0;0;17504;19350;1846
2017-09-13T00:00:00+0200;0;0;0;18080;20356;2276
2017-09-13T01:00:00+0200;0;0;0;19047;21655;2608
2017-09-13T02:00:00+0200;0;0;0;20697;22678;1981
2017-09-13T03:00:00+0200;0;0;0;22404;23824;1420
2017-09-13T04:00:00+0200;0;0;0;24446;25756;1310
2017-09-13T05:00:00+0200;0;0;0;27184;27973;789
2017-09-13T06:00:00+0200;12;6;-6;29998;31118;1120
2017-09-13T07:00:00+0200;560;683;123;32408;33643;1235
2017-09-13T08:00:00+0200;2157;2438;281;34071;34628;557
2017-09-13T09:00:00+0200;3929;3856;-73;35298;35332;34
2017-09-13T10:00:00+0200;5769;5808;39;36549;36526;-23
2017-09-13T11:00:00+0200;7542;8064;522;37353;37809;456
2017-09-13T12:00:00+0200;8965;10052;1087;37834;37384;-450
2017-09-13T13:00:00+0200;9532;11986;2454;37902;36932;-970
2017-09-13T14:00:00+0200;9301;11818;2517;37848;36106;-1742
2017-09-13T15:00:00+0200;8277;9504;1227;37534;35714;-1820
2017-09-13T16:00:00+0200;6355;6850;495;37124;35466;-1658
2017-09-13T17:00:00+0200;3785;4198;413;36218;35019;-1199
2017-09-13T18:00:00+0200;1346;1461;115;35061;34264;-797
2017-09-13T19:00:00+0200;132;97;-35;33998;33071;-927
2017-09-13T20:00:00+0200;0;0;0;33219;30926;-2293
2017-09-13T21:00:00+0200;0;0;0;32355;29674;-2681
2017-09-13T22:00:00+0200;0;0;0;31969;27666;-4303
2017-09-13T23:00:00+0200;0;0;0;31385;27127;-4258
2017-09-14T00:00:00+0200;0;0;0;32458;26686;-5772
2017-09-14T01:00:00+0200;0;0;0;31741;26429;-5312
2017-09-14T02:00:00+0200;0;0;0;31138;25953;-5185
2017-09-14T03:00:00+0200;0;0;0;30136;25175;-4961
2017-09-14T04:00:00+0200;0;0;0;29044;24508;-4536
2017-09-14T05:00:00+0200;0;0;0;27769;23798;-3971
2017-09-14T06:00:00+0200;11;4;-7;26465;24038;-2427
2017-09-14T07:00:00+0200;668;591;-77;25471;23257;-2214
2017-09-14T08:00:00+0200;2854;2730;-124;24932;23650;-1282
2017-09-14T09:00:00+0200;5456;4989;-467;25131;24042;-1089
2017-09-14T10:00:00+0200;7489;6290;-1199;26121;25342;-779
2017-09-14T11:00:00+0200;8819;7180;-1639;27079;26914;-165
2017-09-14T12:00:00+0200;9453;8258;-1195;27470;28459;989
2017-09-14T13:00:00+0200;9247;8185;-1062;27544;29483;1939
2017-09-14T14:00:00+0200;8551;8010;-541;27421;29776;2355
2017-09-14T15:00:00+0200;7364;7476;112;27224;30410;3186
2017-09-14T16:00:00+0200;5570;5913;343;26997;30580;3583
2017-09-14T17:00:00+0200;3397;3522;125;26412;29199;2787
2017-09-14T18:00:00+0200;1200;1266;66;25590;27497;1907
2017-09-14T19:00:00+0200;111;66;-45;25118;26648;1530
2017-09-14T20:00:00+0200;0;0;0;24918;26752;1834
2017-09-14T21:00:00+0200;0;0;0;24767;27426;2659
2017-09-14T22:00:00+0200;0;0;0;24702;26720;2018
2017-09-14T23:00:00+0200;0;0;0;24271;25751;1480
2017-09-15T00:00:00+0200;0;0;0;24410;24381;-29
2017-09-15T01:00:00+0200;0;0;0;23268;23599;331
2017-09-15T02:00:00+0200;0;0;0;22337;22577;240
2017-09-15T03:00:00+0200;0;0;0;21109;21228;119
2017-09-15T04:00:00+0200;0;0;0;19818;20198;380
2017-09-15T05:00:00+0200;0;0;0;18448;18589;141
2017-09-15T06:00:00+0200;12;6;-6;17083;17628;545
2017-09-15T07:00:00+0200;991;955;-36;15907;16006;99
2017-09-15T08:00:00+0200;4566;4718;152;15040;14574;-466
2017-09-15T09:00:00+0200;9032;9622;590;14537;13413;-1124
2017-09-15T10:00:00+0200;12875;13597;722;14430;13770;-660
2017-09-15T11:00:00+0200;15200;16038;838;14243;14667;424
2017-09-15T12:00:00+0200;16262;16291;29;13952;15030;1078
2017-09-15T13:00:00+0200;16210;15204;-1006;13513;14200;687
2017-09-15T14:00:00+0200;15027;13895;-1132;12818;13037;219
2017-09-15T15:00:00+0200;12771;12456;-315;11842;12761;919
2017-09-15T16:00:00+0200;9539;9925;386;10731;11667;936
2017-09-15T17:00:00+0200;5657;5963;306;9348;9623;275
2017-09-15T18:00:00+0200;1901;2137;236;7947;7962;15
2017-09-15T19:00:00+0200;154;133;-21;7133;7651;518
2017-09-15T20:00:00+0200;0;0;0;6951;8214;1263
2017-09-15T21:00:00+0200;0;0;0;7033;9250;2217
2017-09-15T22:00:00+0200;0;0;0;7322;9054;1732
2017-09-15T23:00:00+0200;0;0;0;7570;8892;1322
2017-09-16T00:00:00+0200;0;0;0;7804;8472;668
2017-09-16T01:00:00+0200;0;0;0;7451;7882;431
2017-09-16T02:00:00+0200;0;0;0;7155;7273;118
2017-09-16T03:00:00+0200;0;0;0;6732;6360;-372
2017-09-16T04:00:00+0200;0;0;0;6319;5806;-513
2017-09-16T05:00:00+0200;0;0;0;5929;5497;-432
2017-09-16T06:00:00+0200;10;6;-4;5616;5037;-579
2017-09-16T07:00:00+0200;871;735;-136;5239;4336;-903
2017-09-16T08:00:00+0200;4073;3573;-500;4673;3384;-1289
2017-09-16T09:00:00+0200;8098;7284;-814;4113;2200;-1913
2017-09-16T10:00:00+0200;11558;10803;-755;3888;2021;-1867
2017-09-16T11:00:00+0200;13765;12550;-1215;3917;2324;-1593
2017-09-16T12:00:00+0200;14635;13273;-1362;3953;2616;-1337
2017-09-16T13:00:00+0200;14298;13439;-859;3912;2564;-1348
2017-09-16T14:00:00+0200;13020;12341;-679;3623;2175;-1448
2017-09-16T15:00:00+0200;10928;10524;-404;3075;1885;-1190
2017-09-16T16:00:00+0200;8172;8166;-6;2532;1750;-782
2017-09-16T17:00:00+0200;4845;5062;217;2017;1613;-404
2017-09-16T18:00:00+0200;1602;1616;14;1634;1529;-105
2017-09-16T19:00:00+0200;125;76;-49;1394;1592;198
2017-09-16T20:00:00+0200;0;0;0;1366;1631;265
2017-09-16T21:00:00+0200;0;0;0;1528;1585;57
2017-09-16T22:00:00+0200;0;0;0;1711;1438;-273
2017-09-16T23:00:00+0200;0;0;0;1840;1392;-448
2017-09-17T00:00:00+0200;0;0;0;1511;1431;-80
2017-09-17T01:00:00+0200;0;0;0;1412;1470;58
2017-09-17T02:00:00+0200;0;0;0;1488;1296;-192
2017-09-17T03:00:00+0200;0;0;0;1403;983;-420
2017-09-17T04:00:00+0200;0;0;0;1217;816;-401
2017-09-17T05:00:00+0200;0;0;0;1118;704;-414
2017-09-17T06:00:00+0200;7;5;-2;1107;720;-387
2017-09-17T07:00:00+0200;806;770;-36;1102;772;-330
2017-09-17T08:00:00+0200;3991;3684;-307;957;776;-181
2017-09-17T09:00:00+0200;8241;7588;-653;738;707;-31
2017-09-17T10:00:00+0200;12172;12277;105;643;422;-221
2017-09-17T11:00:00+0200;15005;16708;1703;692;328;-364
2017-09-17T12:00:00+0200;16268;18605;2337;809;460;-349
2017-09-17T13:00:00+0200;15981;17688;1707;832;637;-195
2017-09-17T14:00:00+0200;14659;15149;490;779;720;-59
2017-09-17T15:00:00+0200;12438;12062;-376;727;791;64
2017-09-17T16:00:00+0200;9200;8536;-664;788;810;22
2017-09-17T17:00:00+0200;5261;5152;-109;873;871;-2
2017-09-17T18:00:00+0200;1614;1633;19;957;988;31
2017-09-17T19:00:00+0200;109;70;-39;1071;1150;79
2017-09-17T20:00:00+0200;0;0;0;1226;1280;54
2017-09-17T21:00:00+0200;0;0;0;1407;1353;-54
2017-09-17T22:00:00+0200;0;0;0;1544;1824;280
2017-09-17T23:00:00+0200;0;0;0;1645;2353;708
2017-09-18T00:00:00+0200;0;0;0;1496;2252;756
2017-09-18T01:00:00+0200;0;0;0;1709;2417;708
2017-09-18T02:00:00+0200;0;0;0;2016;2389;373
2017-09-18T03:00:00+0200;0;0;0;2112;2451;339
2017-09-18T04:00:00+0200;0;0;0;2196;2416;220
2017-09-18T05:00:00+0200;0;0;0;2302;2355;53
2017-09-18T06:00:00+0200;5;4;-1;2413;2432;19
2017-09-18T07:00:00+0200;626;664;38;2504;2553;49
2017-09-18T08:00:00+0200;3468;3420;-48;2379;2295;-84
2017-09-18T09:00:00+0200;7246;7148;-98;2037;1671;-366
2017-09-18T10:00:00+0200;10800;10552;-248;1829;1498;-331
2017-09-18T11:00:00+0200;13568;13057;-511;1858;1714;-144
2017-09-18T12:00:00+0200;15241;14513;-728;2039;1830;-209
2017-09-18T13:00:00+0200;15564;14907;-657;2268;2194;-74
2017-09-18T14:00:00+0200;14741;14032;-709;2352;2510;158
2017-09-18T15:00:00+0200;12554;12539;-15;2284;2552;268
2017-09-18T16:00:00+0200;9298;9108;-190;2204;2317;113
2017-09-18T17:00:00+0200;5309;5352;43;2074;2016;-58
2017-09-18T18:00:00+0200;1576;1639;63;1953;1782;-171
2017-09-18T19:00:00+0200;94;56;-38;1942;2031;89
2017-09-18T20:00:00+0200;0;0;0;2104;2464;360
2017-09-18T21:00:00+0200;0;0;0;2415;2666;251
2017-09-18T22:00:00+0200;0;0;0;2651;2712;61
2017-09-18T23:00:00+0200;0;0;0;2816;2860;44
2017-09-19T00:00:00+0200;0;0;0;2308;2901;593
2017-09-19T01:00:00+0200;0;0;0;2322;2767;445
2017-09-19T02:00:00+0200;0;0;0;2370;2667;297
2017-09-19T03:00:00+0200;0;0;0;2205;2442;237
2017-09-19T04:00:00+0200;0;0;0;2046;2255;209
2017-09-19T05:00:00+0200;0;0;0;1928;2232;304
2017-09-19T06:00:00+0200;4;2;-2;1837;2180;343
2017-09-19T07:00:00+0200;575;560;-15;1696;2182;486
2017-09-19T08:00:00+0200;3208;3040;-168;1447;1988;541
2017-09-19T09:00:00+0200;6811;6337;-474;1085;1229;144
2017-09-19T10:00:00+0200;10136;9603;-533;851;1049;198
2017-09-19T11:00:00+0200;12520;12018;-502;920;1236;316
2017-09-19T12:00:00+0200;13805;13297;-508;1094;1546;452
2017-09-19T13:00:00+0200;13794;12828;-966;1326;2052;726
2017-09-19T14:00:00+0200;12679;12032;-647;1624;2554;930
2017-09-19T15:00:00+0200;10677;10441;-236;1960;3016;1056
2017-09-19T16:00:00+0200;7898;7763;-135;2321;3259;938
2017-09-19T17:00:00+0200;4505;4609;104;2617;3213;596
2017-09-19T18:00:00+0200;1298;1417;119;2801;3662;861
2017-09-19T19:00:00+0200;66;42;-24;3027;4681;1654
2017-09-19T20:00:00+0200;0;0;0;3289;5756;2467
2017-09-19T21:00:00+0200;0;0;0;3540;6549;3009
2017-09-19T22:00:00+0200;0;0;0;3800;6974;3174
2017-09-19T23:00:00+0200;0;0;0;4165;7110;2945
2017-09-20T00:00:00+0200;0;0;0;6824;7836;1012
2017-09-20T01:00:00+0200;0;0;0;7186;8610;1424
2017-09-20T02:00:00+0200;0;0;0;7629;8836;1207
2017-09-20T03:00:00+0200;0;0;0;7828;9056;1228
2017-09-20T04:00:00+0200;0;0;0;7895;8730;835
2017-09-20T05:00:00+0200;0;0;0;7724;8329;605
2017-09-20T06:00:00+0200;2;2;0;7340;7870;530
2017-09-20T07:00:00+0200;572;390;-182;6887;7522;635
2017-09-20T08:00:00+0200;3079;2210;-869;6201;6472;271
2017-09-20T09:00:00+0200;6367;5018;-1349;5366;4895;-471
2017-09-20T10:00:00+0200;9468;8041;-1427;4869;4423;-446
2017-09-20T11:00:00+0200;11943;10758;-1185;4827;5015;188
2017-09-20T12:00:00+0200;13286;12528;-758;5057;5733;676
2017-09-20T13:00:00+0200;13240;13114;-126;5296;6502;1206
2017-09-20T14:00:00+0200;12196;11822;-374;5380;6106;726
2017-09-20T15:00:00+0200;10318;9570;-748;5103;5630;527
2017-09-20T16:00:00+0200;7615;6764;-851;4654;5265;611
2017-09-20T17:00:00+0200;4337;3794;-543;4052;4647;595
2017-09-20T18:00:00+0200;1198;1162;-36;3403;3726;323
2017-09-20T19:00:00+0200;61;34;-27;2966;3120;154
2017-09-20T20:00:00+0200;0;0;0;2798;3478;680
2017-09-20T21:00:00+0200;0;0;0;2833;3800;967
2017-09-20T22:00:00+0200;0;0;0;2966;4062;1096
2017-09-20T23:00:00+0200;0;0;0;3111;4482;1371
2017-09-21T00:00:00+0200;0;0;0;3409;4991;1582
2017-09-21T01:00:00+0200;0;0;0;3571;4876;1305
2017-09-21T02:00:00+0200;0;0;0;3703;4486;783
2017-09-21T03:00:00+0200;0;0;0;3564;4058;494
2017-09-21T04:00:00+0200;0;0;0;3321;3665;344
2017-09-21T05:00:00+0200;0;0;0;3072;3338;266
2017-09-21T06:00:00+0200;2;2;0;2902;3006;104
2017-09-21T07:00:00+0200;648;699;51;2753;2796;43
2017-09-21T08:00:00+0200;3977;3663;-314;2410;2402;-8
2017-09-21T09:00:00+0200;8700;7834;-866;1896;1528;-368
2017-09-21T10:00:00+0200;13135;12394;-741;1474;1014;-460
2017-09-21T11:00:00+0200;16413;16214;-199;1238;1016;-222
2017-09-21T12:00:00+0200;18184;18452;268;1151;1125;-26
2017-09-21T13:00:00+0200;17954;18274;320;1081;1288;207
2017-09-21T14:00:00+0200;16159;16212;53;969;1158;189
2017-09-21T15:00:00+0200;13416;13441;25;849;961;112
2017-09-21T16:00:00+0200;9882;9750;-132;812;848;36
2017-09-21T17:00:00+0200;5533;5361;-172;875;791;-84
2017-09-21T18:00:00+0200;1498;1450;-48;1087;851;-236
2017-09-21T19:00:00+0200;67;29;-38;1453;1119;-334
2017-09-21T20:00:00+0200;0;0;0;1887;1604;-283
2017-09-21T21:00:00+0200;0;0;0;2299;1748;-551
2017-09-21T22:00:00+0200;0;0;0;2627;1866;-761
2017-09-21T23:00:00+0200;0;0;0;2787;1717;-1070
2017-09-22T00:00:00+0200;0;0;0;2612;1502;-1110
2017-09-22T01:00:00+0200;0;0;0;2564;1323;-1241
2017-09-22T02:00:00+0200;0;0;0;2607;1222;-1385
2017-09-22T03:00:00+0200;0;0;0;2444;1122;-1322
2017-09-22T04:00:00+0200;0;0;0;2282;1052;-1230
2017-09-22T05:00:00+0200;0;0;0;2132;1095;-1037
2017-09-22T06:00:00+0200;1;1;0;1997;1052;-945
2017-09-22T07:00:00+0200;593;595;2;1861;929;-932
2017-09-22T08:00:00+0200;3937;3423;-514;1616;800;-816
2017-09-22T09:00:00+0200;8560;7224;-1336;1238;583;-655
2017-09-22T10:00:00+0200;12728;10773;-1955;939;414;-525
2017-09-22T11:00:00+0200;15790;13683;-2107;785;421;-364
2017-09-22T12:00:00+0200;17426;15940;-1486;731;432;-299
2017-09-22T13:00:00+0200;17512;17078;-434;693;470;-223
2017-09-22T14:00:00+0200;16223;16225;2;648;451;-197
2017-09-22T15:00:00+0200;13630;13286;-344;626;384;-242
2017-09-22T16:00:00+0200;9882;9486;-396;647;316;-331
2017-09-22T17:00:00+0200;5398;4956;-442;720;319;-401
2017-09-22T18:00:00+0200;1372;1203;-169;875;440;-435
2017-09-22T19:00:00+0200;47;18;-29;1124;590;-534
2017-09-22T20:00:00+0200;0;0;0;1371;732;-639
2017-09-22T21:00:00+0200;0;0;0;1508;782;-726
2017-09-22T22:00:00+0200;0;0;0;1558;772;-786
2017-09-22T23:00:00+0200;0;0;0;1556;704;-852
2017-09-23T00:00:00+0200;0;0;0;936;688;-248
2017-09-23T01:00:00+0200;0;0;0;953;708;-245
2017-09-23T02:00:00+0200;0;0;0;1111;606;-505
2017-09-23T03:00:00+0200;0;0;0;1076;584;-492
2017-09-23T04:00:00+0200;0;0;0;1049;626;-423
2017-09-23T05:00:00+0200;0;0;0;1027;719;-308
2017-09-23T06:00:00+0200;2;1;-1;991;793;-198
2017-09-23T07:00:00+0200;644;599;-45;970;720;-250
2017-09-23T08:00:00+0200;4137;3363;-774;840;729;-111
2017-09-23T09:00:00+0200;8840;7457;-1383;613;629;16
2017-09-23T10:00:00+0200;13205;11984;-1221;455;458;3
2017-09-23T11:00:00+0200;16494;15692;-802;447;419;-28
2017-09-23T12:00:00+0200;18073;17858;-215;559;446;-113
2017-09-23T13:00:00+0200;17634;17681;47;683;616;-67
2017-09-23T14:00:00+0200;15825;15528;-297;794;784;-10
2017-09-23T15:00:00+0200;13110;12400;-710;913;866;-47
2017-09-23T16:00:00+0200;9558;8704;-854;1077;980;-97
2017-09-23T17:00:00+0200;5283;4686;-597;1295;1104;-191
2017-09-23T18:00:00+0200;1315;1213;-102;1630;1330;-300
2017-09-23T19:00:00+0200;39;20;-19;2099;1980;-119
2017-09-23T20:00:00+0200;0;0;0;2516;2478;-38
2017-09-23T21:00:00+0200;0;0;0;2696;2663;-33
2017-09-23T22:00:00+0200;0;0;0;2727;2649;-78
2017-09-23T23:00:00+0200;0;0;0;2574;2422;-152
2017-09-24T00:00:00+0200;0;0;0;2460;2314;-146
2017-09-24T01:00:00+0200;0;0;0;2261;1963;-298
2017-09-24T02:00:00+0200;0;0;0;2195;1579;-616
2017-09-24T03:00:00+0200;0;0;0;2061;1500;-561
2017-09-24T04:00:00+0200;0;0;0;1971;1436;-535
2017-09-24T05:00:00+0200;0;0;0;1929;1442;-487
2017-09-24T06:00:00+0200;0;0;0;1914;1465;-449
2017-09-24T07:00:00+0200;340;312;-28;1904;1548;-356
2017-09-24T08:00:00+0200;2351;2207;-144;1796;1638;-158
2017-09-24T09:00:00+0200;5323;5460;137;1610;1426;-184
2017-09-24T10:00:00+0200;8237;9304;1067;1463;1052;-411
2017-09-24T11:00:00+0200;10446;12593;2147;1419;996;-423
2017-09-24T12:00:00+0200;11595;14120;2525;1478;1260;-218
2017-09-24T13:00:00+0200;11448;13471;2023;1559;1258;-301
2017-09-24T14:00:00+0200;10392;11747;1355;1650;1344;-306
2017-09-24T15:00:00+0200;8612;9490;878;1754;1499;-255
2017-09-24T16:00:00+0200;6150;6238;88;1918;1653;-265
2017-09-24T17:00:00+0200;3280;3102;-178;2138;1677;-461
2017-09-24T18:00:00+0200;775;805;30;2460;2102;-358
2017-09-24T19:00:00+0200;22;12;-10;2957;2739;-218
2017-09-24T20:00:00+0200;0;0;0;3518;3748;230
2017-09-24T21:00:00+0200;0;0;0;3946;4450;504
2017-09-24T22:00:00+0200;0;0;0;4241;4690;449
2017-09-24T23:00:00+0200;0;0;0;4413;4642;229
2017-09-25T00:00:00+0200;0;0;0;4072;4257;185
2017-09-25T01:00:00+0200;0;0;0;3986;4073;87
2017-09-25T02:00:00+0200;0;0;0;4007;3551;-456
2017-09-25T03:00:00+0200;0;0;0;3946;3164;-782
2017-09-25T04:00:00+0200;0;0;0;3925;2824;-1101
2017-09-25T05:00:00+0200;0;0;0;3960;2860;-1100
2017-09-25T06:00:00+0200;0;0;0;4083;2805;-1278
2017-09-25T07:00:00+0200;382;318;-64;4308;3123;-1185
2017-09-25T08:00:00+0200;2664;2329;-335;4453;3337;-1116
2017-09-25T09:00:00+0200;6092;5426;-666;4505;3545;-960
2017-09-25T10:00:00+0200;9462;9030;-432;4692;3864;-828
2017-09-25T11:00:00+0200;12122;11878;-244;4934;4029;-905
2017-09-25T12:00:00+0200;13643;13682;39;5196;4468;-728
2017-09-25T13:00:00+0200;13667;13709;42;5422;4488;-934
2017-09-25T14:00:00+0200;12588;12202;-386;5534;4226;-1308
2017-09-25T15:00:00+0200;10598;10274;-324;5542;4382;-1160
2017-09-25T16:00:00+0200;7757;7493;-264;5748;4528;-1220
2017-09-25T17:00:00+0200;4202;4088;-114;6126;4336;-1790
2017-09-25T18:00:00+0200;956;1016;60;6689;4425;-2264
2017-09-25T19:00:00+0200;23;8;-15;7409;5016;-2393
2017-09-25T20:00:00+0200;0;0;0;8029;6000;-2029
2017-09-25T21:00:00+0200;0;0;0;8189;6383;-1806
2017-09-25T22:00:00+0200;0;0;0;8049;6398;-1651
2017-09-25T23:00:00+0200;0;0;0;7762;6026;-1736
2017-09-26T00:00:00+0200;0;0;0;6199;5622;-577
2017-09-26T01:00:00+0200;0;0;0;5747;5191;-556
2017-09-26T02:00:00+0200;0;0;0;5455;4778;-677
2017-09-26T03:00:00+0200;0;0;0;5271;4495;-776
2017-09-26T04:00:00+0200;0;0;0;5151;4307;-844
2017-09-26T05:00:00+0200;0;0;0;5126;3956;-1170
2017-09-26T06:00:00+0200;0;0;0;5263;3836;-1427
2017-09-26T07:00:00+0200;418;321;-97;5388;4112;-1276
2017-09-26T08:00:00+0200;3006;2430;-576;5392;4310;-1082
2017-09-26T09:00:00+0200;7025;5958;-1067;5332;4306;-1026
2017-09-26T10:00:00+0200;11070;9884;-1186;5433;4467;-966
2017-09-26T11:00:00+0200;14229;13212;-1017;5654;4782;-872
2017-09-26T12:00:00+0200;15928;15376;-552;5819;5248;-571
2017-09-26T13:00:00+0200;16008;15572;-436;5961;5303;-658
2017-09-26T14:00:00+0200;14776;14168;-608;6031;5292;-739
2017-09-26T15:00:00+0200;12375;11907;-468;5983;5518;-465
2017-09-26T16:00:00+0200;8866;8368;-498;5952;5824;-128
2017-09-26T17:00:00+0200;4645;4176;-469;6157;6188;31
2017-09-26T18:00:00+0200;1000;857;-143;6784;6871;87
2017-09-26T19:00:00+0200;19;9;-10;7683;7626;-57
2017-09-26T20:00:00+0200;0;0;0;8444;8508;64
2017-09-26T21:00:00+0200;0;0;0;8727;8945;218
2017-09-26T22:00:00+0200;0;0;0;8645;8605;-40
2017-09-26T23:00:00+0200;0;0;0;8237;8332;95
2017-09-27T00:00:00+0200;0;0;0;7683;7270;-413
2017-09-27T01:00:00+0200;0;0;0;7284;6222;-1062
2017-09-27T02:00:00+0200;0;0;0;7010;5644;-1366
2017-09-27T03:00:00+0200;0;0;0;6704;5365;-1339
2017-09-27T04:00:00+0200;0;0;0;6450;5156;-1294
2017-09-27T05:00:00+0200;0;0;0;6410;5138;-1272
2017-09-27T06:00:00+0200;0;0;0;6520;5155;-1365
2017-09-27T07:00:00+0200;444;293;-151;6620;5264;-1356
2017-09-27T08:00:00+0200;3259;2276;-983;6531;5740;-791
2017-09-27T09:00:00+0200;7831;5574;-2257;6229;5750;-479
2017-09-27T10:00:00+0200;12437;9575;-2862;5959;5535;-424
2017-09-27T11:00:00+0200;16035;13356;-2679;5902;5321;-581
2017-09-27T12:00:00+0200;18097;16124;-1973;6003;5008;-995
2017-09-27T13:00:00+0200;18412;16994;-1418;6069;5114;-955
2017-09-27T14:00:00+0200;17110;15805;-1305;6047;4948;-1099
2017-09-27T15:00:00+0200;14313;13210;-1103;5960;5085;-875
2017-09-27T16:00:00+0200;10170;9272;-898;5970;5285;-685
2017-09-27T17:00:00+0200;5252;4631;-621;6324;5378;-946
2017-09-27T18:00:00+0200;1076;920;-156;7201;5829;-1372
2017-09-27T19:00:00+0200;17;4;-13;8318;7086;-1232
2017-09-27T20:00:00+0200;0;1;1;9278;8144;-1134
2017-09-27T21:00:00+0200;0;1;1;9699;8168;-1531
2017-09-27T22:00:00+0200;0;1;1;9785;7760;-2025
2017-09-27T23:00:00+0200;0;0;0;9646;7694;-1952
2017-09-28T00:00:00+0200;0;0;0;8032;7618;-414
2017-09-28T01:00:00+0200;0;0;0;7741;7362;-379
2017-09-28T02:00:00+0200;0;0;0;7526;6944;-582
2017-09-28T03:00:00+0200;0;0;0;7292;6477;-815
2017-09-28T04:00:00+0200;0;0;0;7102;5885;-1217
2017-09-28T05:00:00+0200;0;0;0;7042;5866;-1176
2017-09-28T06:00:00+0200;0;0;0;7108;6070;-1038
2017-09-28T07:00:00+0200;350;322;-28;7116;6319;-797
2017-09-28T08:00:00+0200;2624;2433;-191;6839;6334;-505
2017-09-28T09:00:00+0200;6162;5723;-439;6282;5730;-552
2017-09-28T10:00:00+0200;9476;8630;-846;5756;4920;-836
2017-09-28T11:00:00+0200;12022;11078;-944;5402;4350;-1052
2017-09-28T12:00:00+0200;13394;12303;-1091;5196;4088;-1108
2017-09-28T13:00:00+0200;13255;12649;-606;5010;4282;-728
2017-09-28T14:00:00+0200;11910;11629;-281;4765;4483;-282
2017-09-28T15:00:00+0200;9640;9331;-309;4457;4617;160
2017-09-28T16:00:00+0200;6684;6591;-93;4295;4577;282
2017-09-28T17:00:00+0200;3355;3293;-62;4431;4605;174
2017-09-28T18:00:00+0200;638;612;-26;5004;4870;-134
2017-09-28T19:00:00+0200;10;1;-9;5796;5564;-232
2017-09-28T20:00:00+0200;0;0;0;6297;6006;-291
2017-09-28T21:00:00+0200;0;0;0;6458;6287;-171
2017-09-28T22:00:00+0200;0;0;0;6412;6385;-27
2017-09-28T23:00:00+0200;0;0;0;6227;6245;18
2017-09-29T00:00:00+0200;0;0;0;6041;5994;-47
2017-09-29T01:00:00+0200;0;0;0;5737;5609;-128
2017-09-29T02:00:00+0200;0;0;0;5543;4993;-550
2017-09-29T03:00:00+0200;0;0;0;5390;4763;-627
2017-09-29T04:00:00+0200;0;0;0;5274;4731;-543
2017-09-29T05:00:00+0200;0;0;0;5262;4891;-371
2017-09-29T06:00:00+0200;0;0;0;5378;4812;-566
2017-09-29T07:00:00+0200;337;352;15;5506;4842;-664
2017-09-29T08:00:00+0200;2691;2678;-13;5363;4755;-608
2017-09-29T09:00:00+0200;6451;6255;-196;4884;4070;-814
2017-09-29T10:00:00+0200;10271;10083;-188;4468;3232;-1236
2017-09-29T11:00:00+0200;13346;13022;-324;4381;3315;-1066
2017-09-29T12:00:00+0200;15072;14948;-124;4572;3785;-787
2017-09-29T13:00:00+0200;15164;15216;52;4921;4387;-534
2017-09-29T14:00:00+0200;13893;13933;40;5197;4933;-264
2017-09-29T15:00:00+0200;11371;11441;70;5421;5381;-40
2017-09-29T16:00:00+0200;7789;7744;-45;5770;6014;244
2017-09-29T17:00:00+0200;3813;3643;-170;6504;6925;421
2017-09-29T18:00:00+0200;661;640;-21;7894;8470;576
2017-09-29T19:00:00+0200;7;3;-4;9559;11391;1832
2017-09-29T20:00:00+0200;0;0;0;10858;14213;3355
2017-09-29T21:00:00+0200;0;0;0;11640;15517;3877
2017-09-29T22:00:00+0200;0;0;0;11987;15638;3651
2017-09-29T23:00:00+0200;0;0;0;11845;13994;2149
2017-09-30T00:00:00+0200;0;0;0;11264;11898;634
2017-09-30T01:00:00+0200;0;0;0;10295;10439;144
2017-09-30T02:00:00+0200;0;0;0;9307;9079;-228
2017-09-30T03:00:00+0200;0;0;0;8324;7870;-454
2017-09-30T04:00:00+0200;0;0;0;7458;7246;-212
2017-09-30T05:00:00+0200;0;0;0;6780;6514;-266
2017-09-30T06:00:00+0200;0;0;0;6303;6069;-234
2017-09-30T07:00:00+0200;355;400;45;5783;5541;-242
2017-09-30T08:00:00+0200;2643;3078;435;5131;5370;239
2017-09-30T09:00:00+0200;6096;6697;601;4277;4620;343
2017-09-30T10:00:00+0200;9439;10299;860;3578;3654;76
2017-09-30T11:00:00+0200;11951;13131;1180;3316;3507;191
2017-09-30T12:00:00+0200;13231;14324;1093;3374;3764;390
2017-09-30T13:00:00+0200;12967;13656;689;3616;4825;1209
2017-09-30T14:00:00+0200;11518;11998;480;4004;6269;2265
2017-09-30T15:00:00+0200;9095;9186;91;4558;7712;3154
2017-09-30T16:00:00+0200;6007;5646;-361;5286;9048;3762
2017-09-30T17:00:00+0200;2771;2331;-440;6012;11624;5612
2017-09-30T18:00:00+0200;438;317;-121;6844;13435;6591
2017-09-30T19:00:00+0200;4;3;-1;7913;14717;6804
2017-09-30T20:00:00+0200;0;0;0;8710;14643;5933
2017-09-30T21:00:00+0200;0;0;0;9095;13456;4361
2017-09-30T22:00:00+0200;0;0;0;9175;11528;2353
2017-09-30T23:00:00+0200;0;0;0;8978;10362;1384
2017-10-01T00:00:00+0200;0;0;0;10598;9114;-1484
2017-10-01T01:00:00+0200;0;0;0;9783;8341;-1442
2017-10-01T02:00:00+0200;0;0;0;9042;7883;-1159
2017-10-01T03:00:00+0200;0;0;0;8191;7270;-921
2017-10-01T04:00:00+0200;0;0;0;7402;6748;-654
2017-10-01T05:00:00+0200;0;0;0;6812;6348;-464
2017-10-01T06:00:00+0200;0;0;0;6385;6037;-348
2017-10-01T07:00:00+0200;166;140;-26;6077;5466;-611
2017-10-01T08:00:00+0200;1679;1679;0;5559;4898;-661
2017-10-01T09:00:00+0200;4374;4714;340;4890;4082;-808
2017-10-01T10:00:00+0200;7279;8178;899;4424;3545;-879
2017-10-01T11:00:00+0200;9893;11220;1327;4353;3715;-638
2017-10-01T12:00:00+0200;11570;13229;1659;4736;4532;-204
2017-10-01T13:00:00+0200;11975;13793;1818;5247;5597;350
2017-10-01T14:00:00+0200;11285;12816;1531;5807;6685;878
2017-10-01T15:00:00+0200;9554;10487;933;6282;7738;1456
2017-10-01T16:00:00+0200;6763;6974;211;6755;8087;1332
2017-10-01T17:00:00+0200;3384;3434;50;7383;7997;614
2017-10-01T18:00:00+0200;630;530;-100;8482;9025;543
2017-10-01T19:00:00+0200;7;0;-7;10074;11626;1552
2017-10-01T20:00:00+0200;0;0;0;11821;13921;2100
2017-10-01T21:00:00+0200;0;0;0;13596;15205;1609
2017-10-01T22:00:00+0200;0;0;0;15298;16348;1050
2017-10-01T23:00:00+0200;0;0;0;16844;17729;885
2017-10-02T00:00:00+0200;0;0;0;16826;18422;1596
2017-10-02T01:00:00+0200;0;0;0;18134;19336;1202
2017-10-02T02:00:00+0200;0;0;0;19371;20534;1163
2017-10-02T03:00:00+0200;0;0;0;20479;21622;1143
2017-10-02T04:00:00+0200;0;0;0;21674;22016;342
2017-10-02T05:00:00+0200;0;0;0;22925;23570;645
2017-10-02T06:00:00+0200;0;0;0;24159;25674;1515
2017-10-02T07:00:00+0200;239;207;-32;25178;26727;1549
2017-10-02T08:00:00+0200;1781;1987;206;25538;26992;1454
2017-10-02T09:00:00+0200;3834;4269;435;25312;26646;1334
2017-10-02T10:00:00+0200;5455;6584;1129;25166;26817;1651
2017-10-02T11:00:00+0200;6515;8077;1562;25230;26859;1629
2017-10-02T12:00:00+0200;7067;8766;1699;25591;26471;880
2017-10-02T13:00:00+0200;6741;8383;1642;25950;26819;869
2017-10-02T14:00:00+0200;5734;6982;1248;26210;26346;136
2017-10-02T15:00:00+0200;4359;5055;696;26080;25275;-805
2017-10-02T16:00:00+0200;2793;3328;535;25643;24399;-1244
2017-10-02T17:00:00+0200;1255;1500;245;24956;23356;-1600
2017-10-02T18:00:00+0200;214;206;-8;24137;23404;-733
2017-10-02T19:00:00+0200;1;0;-1;23562;23389;-173
2017-10-02T20:00:00+0200;0;0;0;23170;22908;-262
2017-10-02T21:00:00+0200;0;0;0;23034;22074;-960
2017-10-02T22:00:00+0200;0;0;0;22810;21055;-1755
2017-10-02T23:00:00+0200;0;0;0;22430;21000;-1430
2017-10-03T00:00:00+0200;0;0;0;20607;20814;207
2017-10-03T01:00:00+0200;0;0;0;19751;19992;241
2017-10-03T02:00:00+0200;0;0;0;18916;18333;-583
2017-10-03T03:00:00+0200;0;0;0;18032;17048;-984
2017-10-03T04:00:00+0200;0;0;0;17389;15782;-1607
2017-10-03T05:00:00+0200;0;0;0;16916;15466;-1450
2017-10-03T06:00:00+0200;0;0;0;16609;15900;-709
2017-10-03T07:00:00+0200;114;61;-53;16608;15994;-614
2017-10-03T08:00:00+0200;1288;1104;-184;16988;15581;-1407
2017-10-03T09:00:00+0200;3457;3284;-173;17535;16480;-1055
2017-10-03T10:00:00+0200;6047;6135;88;18418;17330;-1088
2017-10-03T11:00:00+0200;8745;8886;141;19363;19275;-88
2017-10-03T12:00:00+0200;10729;11391;662;20272;21006;734
2017-10-03T13:00:00+0200;11386;12700;1314;21018;22446;1428
2017-10-03T14:00:00+0200;11084;12558;1474;21672;23290;1618
2017-10-03T15:00:00+0200;9649;11048;1399;21865;23187;1322
2017-10-03T16:00:00+0200;6890;7938;1048;21480;22219;739
2017-10-03T17:00:00+0200;3364;3880;516;20488;21180;692
2017-10-03T18:00:00+0200;523;568;45;19290;19983;693
2017-10-03T19:00:00+0200;4;0;-4;18494;20138;1644
2017-10-03T20:00:00+0200;0;0;0;18259;20331;2072
2017-10-03T21:00:00+0200;0;0;0;18481;20128;1647
2017-10-03T22:00:00+0200;0;0;0;18634;19929;1295
2017-10-03T23:00:00+0200;0;0;0;18574;19850;1276
2017-10-04T00:00:00+0200;0;0;0;18804;19096;292
2017-10-04T01:00:00+0200;0;0;0;18738;19163;425
2017-10-04T02:00:00+0200;0;0;0;18859;19162;303
2017-10-04T03:00:00+0200;0;0;0;18885;19020;135
2017-10-04T04:00:00+0200;0;0;0;18948;19456;508
2017-10-04T05:00:00+0200;0;0;0;19099;19792;693
2017-10-04T06:00:00+0200;0;0;0;19537;20898;1361
2017-10-04T07:00:00+0200;199;172;-27;20194;21838;1644
2017-10-04T08:00:00+0200;2006;2295;289;20854;22400;1546
2017-10-04T09:00:00+0200;5131;5490;359;21724;22718;994
2017-10-04T10:00:00+0200;8167;7960;-207;23263;23920;657
2017-10-04T11:00:00+0200;10576;10481;-95;25358;25790;432
2017-10-04T12:00:00+0200;11919;11624;-295;27343;28236;893
2017-10-04T13:00:00+0200;11953;10924;-1029;28857;29702;845
2017-10-04T14:00:00+0200;10871;9464;-1407;29749;30602;853
2017-10-04T15:00:00+0200;8781;7831;-950;29799;30432;633
2017-10-04T16:00:00+0200;5840;5429;-411;29316;30708;1392
2017-10-04T17:00:00+0200;2571;2314;-257;28577;30240;1663
2017-10-04T18:00:00+0200;365;282;-83;27998;30160;2162
2017-10-04T19:00:00+0200;2;0;-2;27946;30486;2540
2017-10-04T20:00:00+0200;0;0;0;28203;31917;3714
2017-10-04T21:00:00+0200;0;0;0;28643;32700;4057
2017-10-04T22:00:00+0200;0;0;0;29213;32130;2917
2017-10-04T23:00:00+0200;0;0;0;29609;31486;1877
2017-10-05T00:00:00+0200;0;0;0;28122;30056;1934
2017-10-05T01:00:00+0200;0;0;0;27824;28904;1080
2017-10-05T02:00:00+0200;0;0;0;27703;28945;1242
2017-10-05T03:00:00+0200;0;0;0;27444;27851;407
2017-10-05T04:00:00+0200;0;0;0;27273;26979;-294
2017-10-05T05:00:00+0200;0;0;0;27403;26693;-710
2017-10-05T06:00:00+0200;0;0;0;28097;26768;-1329
2017-10-05T07:00:00+0200;136;90;-46;29360;27176;-2184
2017-10-05T08:00:00+0200;1601;1519;-82;30647;28835;-1812
2017-10-05T09:00:00+0200;4199;4382;183;31800;30859;-941
2017-10-05T10:00:00+0200;6739;7210;471;33225;33749;524
2017-10-05T11:00:00+0200;8616;9593;977;34299;36166;1867
2017-10-05T12:00:00+0200;9554;11075;1521;35209;37283;2074
2017-10-05T13:00:00+0200;9425;10804;1379;36409;37724;1315
2017-10-05T14:00:00+0200;8445;9650;1205;37057;36855;-202
2017-10-05T15:00:00+0200;6749;8434;1685;37169;34646;-2523
2017-10-05T16:00:00+0200;4369;5264;895;36473;33264;-3209
2017-10-05T17:00:00+0200;1858;2010;152;35102;32429;-2673
2017-10-05T18:00:00+0200;265;254;-11;33452;31782;-1670
2017-10-05T19:00:00+0200;0;0;0;31879;30672;-1207
2017-10-05T20:00:00+0200;0;0;0;30628;30086;-542
2017-10-05T21:00:00+0200;0;0;0;29576;30020;444
2017-10-05T22:00:00+0200;0;0;0;28882;29500;618
2017-10-05T23:00:00+0200;0;0;0;28374;28815;441
2017-10-06T00:00:00+0200;0;0;0;27878;27970;92
2017-10-06T01:00:00+0200;0;0;0;27468;27179;-289
2017-10-06T02:00:00+0200;0;0;0;27342;26788;-554
2017-10-06T03:00:00+0200;0;0;0;27153;26475;-678
2017-10-06T04:00:00+0200;0;0;0;27037;25977;-1060
2017-10-06T05:00:00+0200;0;0;0;26924;26062;-862
2017-10-06T06:00:00+0200;0;0;0;26779;26616;-163
2017-10-06T07:00:00+0200;135;115;-20;26504;26432;-72
2017-10-06T08:00:00+0200;1571;1790;219;26227;25706;-521
2017-10-06T09:00:00+0200;4255;4682;427;26134;25377;-757
2017-10-06T10:00:00+0200;6751;7191;440;26227;25107;-1120
2017-10-06T11:00:00+0200;8627;8764;137;26121;25812;-309
2017-10-06T12:00:00+0200;9568;9606;38;25744;26285;541
2017-10-06T13:00:00+0200;9687;9988;301;25299;26937;1638
2017-10-06T14:00:00+0200;9039;9574;535;24966;26617;1651
2017-10-06T15:00:00+0200;7594;8197;603;24623;25709;1086
2017-10-06T16:00:00+0200;5255;5698;443;24019;24792;773
2017-10-06T17:00:00+0200;2361;2460;99;22895;23724;829
2017-10-06T18:00:00+0200;324;301;-23;21684;22280;596
2017-10-06T19:00:00+0200;1;0;-1;20891;21984;1093
2017-10-06T20:00:00+0200;0;0;0;20313;21764;1451
2017-10-06T21:00:00+0200;0;0;0;19722;21500;1778
2017-10-06T22:00:00+0200;0;0;0;19248;20276;1028
2017-10-06T23:00:00+0200;0;0;0;18958;19739;781
2017-10-07T00:00:00+0200;0;0;0;18444;19756;1312
2017-10-07T01:00:00+0200;0;0;0;18278;19148;870
2017-10-07T02:00:00+0200;0;0;0;18376;18142;-234
2017-10-07T03:00:00+0200;0;0;0;18401;18527;126
2017-10-07T04:00:00+0200;0;0;0;18455;19313;858
2017-10-07T05:00:00+0200;0;0;0;18458;18932;474
2017-10-07T06:00:00+0200;0;0;0;18410;19764;1354
2017-10-07T07:00:00+0200;84;71;-13;18489;20431;1942
2017-10-07T08:00:00+0200;1117;1422;305;18981;21532;2551
2017-10-07T09:00:00+0200;3269;3946;677;19958;22510;2552
2017-10-07T10:00:00+0200;5514;6366;852;21535;24387;2852
2017-10-07T11:00:00+0200;7198;8417;1219;23511;27091;3580
2017-10-07T12:00:00+0200;7916;8704;788;25577;29310;3733
2017-10-07T13:00:00+0200;7457;7864;407;27403;30920;3517
2017-10-07T14:00:00+0200;6273;6727;454;28804;31825;3021
2017-10-07T15:00:00+0200;4634;5063;429;29528;32521;2993
2017-10-07T16:00:00+0200;2788;2778;-10;30168;33658;3490
2017-10-07T17:00:00+0200;1073;914;-159;30577;33936;3359
2017-10-07T18:00:00+0200;124;56;-68;30810;33952;3142
2017-10-07T19:00:00+0200;0;0;0;31207;34044;2837
2017-10-07T20:00:00+0200;0;0;0;31365;33526;2161
2017-10-07T21:00:00+0200;0;0;0;31013;32071;1058
2017-10-07T22:00:00+0200;0;0;0;30149;30179;30
2017-10-07T23:00:00+0200;0;0;0;28866;28891;25
2017-10-08T00:00:00+0200;0;0;0;26522;26740;218
2017-10-08T01:00:00+0200;0;0;0;25071;24434;-637
2017-10-08T02:00:00+0200;0;0;0;23757;22786;-971
2017-10-08T03:00:00+0200;0;0;0;22426;21941;-485
2017-10-08T04:00:00+0200;0;0;0;21211;20619;-592
2017-10-08T05:00:00+0200;0;0;0;19733;19144;-589
2017-10-08T06:00:00+0200;0;0;0;17841;18137;296
2017-10-08T07:00:00+0200;50;35;-15;15926;16754;828
2017-10-08T08:00:00+0200;829;913;84;14174;14985;811
2017-10-08T09:00:00+0200;2504;3093;589;12659;12688;29
2017-10-08T10:00:00+0200;4574;5674;1100;11589;11533;-56
2017-10-08T11:00:00+0200;6592;7754;1162;11229;11326;97
2017-10-08T12:00:00+0200;8096;9153;1057;11354;12088;734
2017-10-08T13:00:00+0200;8730;9558;828;11621;12490;869
2017-10-08T14:00:00+0200;8540;9146;606;11848;12850;1002
2017-10-08T15:00:00+0200;7308;7826;518;11660;12928;1268
2017-10-08T16:00:00+0200;4868;5413;545;11028;12453;1425
2017-10-08T17:00:00+0200;2008;2251;243;10011;10499;488
2017-10-08T18:00:00+0200;224;188;-36;9094;8848;-246
2017-10-08T19:00:00+0200;0;0;0;8555;8339;-216
2017-10-08T20:00:00+0200;0;0;0;8160;8006;-154
2017-10-08T21:00:00+0200;0;0;0;7786;7658;-128
2017-10-08T22:00:00+0200;0;0;0;7410;7122;-288
2017-10-08T23:00:00+0200;0;0;0;7055;6631;-424
2017-10-09T00:00:00+0200;0;0;0;5270;6466;1196
2017-10-09T01:00:00+0200;0;0;0;5142;6564;1422
2017-10-09T02:00:00+0200;0;0;0;5196;6431;1235
2017-10-09T03:00:00+0200;0;0;0;5318;6658;1340
2017-10-09T04:00:00+0200;0;0;0;5455;6820;1365
2017-10-09T05:00:00+0200;0;0;0;5564;6824;1260
2017-10-09T06:00:00+0200;0;0;0;5580;6892;1312
2017-10-09T07:00:00+0200;102;91;-11;5469;7034;1565
2017-10-09T08:00:00+0200;1593;1686;93;5121;6726;1605
2017-10-09T09:00:00+0200;4352;4762;410;4547;5604;1057
2017-10-09T10:00:00+0200;6945;7895;950;4174;4742;568
2017-10-09T11:00:00+0200;8839;10376;1537;4446;5463;1017
2017-10-09T12:00:00+0200;9737;11399;1662;5123;6813;1690
2017-10-09T13:00:00+0200;9425;10730;1305;5822;7970;2148
2017-10-09T14:00:00+0200;8269;9262;993;6169;8062;1893
2017-10-09T15:00:00+0200;6407;6884;477;6058;7416;1358
2017-10-09T16:00:00+0200;4006;4035;29;5623;6547;924
2017-10-09T17:00:00+0200;1516;1489;-27;5233;5755;522
2017-10-09T18:00:00+0200;158;102;-56;5090;5592;502
2017-10-09T19:00:00+0200;0;0;0;5191;6035;844
2017-10-09T20:00:00+0200;0;0;0;5390;6902;1512
2017-10-09T21:00:00+0200;0;0;0;5680;7568;1888
2017-10-09T22:00:00+0200;0;0;0;6018;8205;2187
2017-10-09T23:00:00+0200;0;0;0;6345;8244;1899
2017-10-10T00:00:00+0200;0;0;0;7600;8251;651
2017-10-10T01:00:00+0200;0;0;0;7871;8224;353
2017-10-10T02:00:00+0200;0;0;0;8221;8089;-132
2017-10-10T03:00:00+0200;0;0;0;8443;7664;-779
2017-10-10T04:00:00+0200;0;0;0;8702;7840;-862
2017-10-10T05:00:00+0200;0;0;0;8792;7779;-1013
2017-10-10T06:00:00+0200;0;0;0;8830;7993;-837
2017-10-10T07:00:00+0200;42;23;-19;9058;7966;-1092
2017-10-10T08:00:00+0200;700;680;-20;9701;8183;-1518
2017-10-10T09:00:00+0200;2213;2330;117;10862;8755;-2107
2017-10-10T10:00:00+0200;3780;4182;402;12284;9832;-2452
2017-10-10T11:00:00+0200;4973;5502;529;13973;11198;-2775
2017-10-10T12:00:00+0200;5553;6406;853;15729;13254;-2475
2017-10-10T13:00:00+0200;5328;6462;1134;17171;14684;-2487
2017-10-10T14:00:00+0200;4566;4958;392;18062;14997;-3065
2017-10-10T15:00:00+0200;3390;3352;-38;18133;15378;-2755
2017-10-10T16:00:00+0200;1988;1912;-76;18051;16206;-1845
2017-10-10T17:00:00+0200;728;763;35;17958;16470;-1488
2017-10-10T18:00:00+0200;82;64;-18;17893;17475;-418
2017-10-10T19:00:00+0200;0;0;0;18160;18323;163
2017-10-10T20:00:00+0200;0;0;0;18492;19501;1009
2017-10-10T21:00:00+0200;0;0;0;18693;20502;1809
2017-10-10T22:00:00+0200;0;0;0;18526;20312;1786
2017-10-10T23:00:00+0200;0;0;0;18118;20370;2252
2017-10-11T00:00:00+0200;0;0;0;17596;19706;2110
2017-10-11T01:00:00+0200;0;0;0;16665;19009;2344
2017-10-11T02:00:00+0200;0;0;0;16195;19055;2860
2017-10-11T03:00:00+0200;0;0;0;16047;19071;3024
2017-10-11T04:00:00+0200;0;0;0;16108;19620;3512
2017-10-11T05:00:00+0200;0;0;0;16451;20218;3767
2017-10-11T06:00:00+0200;0;0;0;17128;21137;4009
2017-10-11T07:00:00+0200;50;45;-5;18056;20949;2893
2017-10-11T08:00:00+0200;1019;1165;146;18892;21346;2454
2017-10-11T09:00:00+0200;3301;3785;484;19606;21596;1990
2017-10-11T10:00:00+0200;5786;6643;857;20603;22370;1767
2017-10-11T11:00:00+0200;7869;9237;1368;21649;23232;1583
2017-10-11T12:00:00+0200;9089;10172;1083;22374;23928;1554
2017-10-11T13:00:00+0200;9193;9519;326;22657;24333;1676
2017-10-11T14:00:00+0200;8432;8452;20;22491;23314;823
2017-10-11T15:00:00+0200;6861;7114;253;21743;21905;162
2017-10-11T16:00:00+0200;4483;4811;328;20725;21461;736
2017-10-11T17:00:00+0200;1741;1954;213;19987;20930;943
2017-10-11T18:00:00+0200;163;140;-23;19724;21030;1306
2017-10-11T19:00:00+0200;0;0;0;19955;21176;1221
2017-10-11T20:00:00+0200;0;0;0;20492;21685;1193
2017-10-11T21:00:00+0200;0;0;0;21327;22246;919
2017-10-11T22:00:00+0200;0;0;0;22178;21736;-442
2017-10-11T23:00:00+0200;0;0;0;22932;22337;-595
2017-10-12T00:00:00+0200;0;0;0;23469;22958;-511
2017-10-12T01:00:00+0200;0;0;0;24043;23983;-60
2017-10-12T02:00:00+0200;0;0;0;25140;25458;318
2017-10-12T03:00:00+0200;0;0;0;26180;27051;871
2017-10-12T04:00:00+0200;0;0;0;27144;27515;371
2017-10-12T05:00:00+0200;0;0;0;27756;27952;196
2017-10-12T06:00:00+0200;0;0;0;28009;29482;1473
2017-10-12T07:00:00+0200;66;50;-16;28380;30250;1870
2017-10-12T08:00:00+0200;1548;1603;55;28839;29466;627
2017-10-12T09:00:00+0200;4842;5073;231;29252;29148;-104
2017-10-12T10:00:00+0200;8166;8460;294;29808;30056;248
2017-10-12T11:00:00+0200;10776;10907;131;30645;30901;256
2017-10-12T12:00:00+0200;12168;11653;-515;31261;31530;269
2017-10-12T13:00:00+0200;11910;11778;-132;31465;31691;226
2017-10-12T14:00:00+0200;10508;11110;602;31177;30622;-555
2017-10-12T15:00:00+0200;8282;9186;904;30083;29622;-461
2017-10-12T16:00:00+0200;5271;6054;783;28329;27503;-826
2017-10-12T17:00:00+0200;1923;2452;529;26161;23987;-2174
2017-10-12T18:00:00+0200;155;161;6;23623;21498;-2125
2017-10-12T19:00:00+0200;0;0;0;21552;20380;-1172
2017-10-12T20:00:00+0200;0;0;0;19880;20763;883
2017-10-12T21:00:00+0200;0;0;0;18476;20387;1911
2017-10-12T22:00:00+0200;0;0;0;17062;19083;2021
2017-10-12T23:00:00+0200;0;0;0;15796;18333;2537
2017-10-13T00:00:00+0200;0;0;0;15477;17520;2043
2017-10-13T01:00:00+0200;0;0;0;14704;16736;2032
2017-10-13T02:00:00+0200;0;0;0;14033;16051;2018
2017-10-13T03:00:00+0200;0;0;0;13230;14766;1536
2017-10-13T04:00:00+0200;0;0;0;12602;13995;1393
2017-10-13T05:00:00+0200;0;0;0;12110;13621;1511
2017-10-13T06:00:00+0200;0;0;0;11602;12914;1312
2017-10-13T07:00:00+0200;56;57;1;11039;12195;1156
2017-10-13T08:00:00+0200;1630;1802;172;10355;11748;1393
2017-10-13T09:00:00+0200;5213;5410;197;9552;10584;1032
2017-10-13T10:00:00+0200;8854;9598;744;8996;9477;481
2017-10-13T11:00:00+0200;11699;13201;1502;9226;9500;274
2017-10-13T12:00:00+0200;13272;15035;1763;10116;10689;573
2017-10-13T13:00:00+0200;13369;14552;1183;11048;11923;875
2017-10-13T14:00:00+0200;12145;12938;793;11555;12436;881
2017-10-13T15:00:00+0200;9670;10128;458;11362;12115;753
2017-10-13T16:00:00+0200;6113;6338;225;10851;10873;22
2017-10-13T17:00:00+0200;2221;2346;125;10483;10028;-455
2017-10-13T18:00:00+0200;174;120;-54;10654;10552;-102
2017-10-13T19:00:00+0200;0;0;0;11240;11370;130
2017-10-13T20:00:00+0200;0;0;0;11949;12521;572
2017-10-13T21:00:00+0200;0;0;0;12741;13378;637
2017-10-13T22:00:00+0200;0;0;0;13508;13787;279
2017-10-13T23:00:00+0200;0;0;0;14090;14311;221
2017-10-14T00:00:00+0200;0;0;0;13998;14498;500
2017-10-14T01:00:00+0200;0;0;0;14164;14384;220
2017-10-14T02:00:00+0200;0;0;0;14377;14592;215
2017-10-14T03:00:00+0200;0;0;0;14391;14617;226
2017-10-14T04:00:00+0200;0;0;0;14389;14314;-75
2017-10-14T05:00:00+0200;0;0;0;14377;14392;15
2017-10-14T06:00:00+0200;0;0;0;14369;14804;435
2017-10-14T07:00:00+0200;59;43;-16;14315;14876;561
2017-10-14T08:00:00+0200;1946;1843;-103;14139;14741;602
2017-10-14T09:00:00+0200;6244;6083;-161;13831;14249;418
2017-10-14T10:00:00+0200;10659;11075;416;13631;13563;-68
2017-10-14T11:00:00+0200;14096;15324;1228;13652;13669;17
2017-10-14T12:00:00+0200;15933;17609;1676;13694;13902;208
2017-10-14T13:00:00+0200;16120;17874;1754;13569;13708;139
2017-10-14T14:00:00+0200;14736;16373;1637;13077;13160;83
2017-10-14T15:00:00+0200;11887;13136;1249;12068;12397;329
2017-10-14T16:00:00+0200;7613;8280;667;10928;10877;-51
2017-10-14T17:00:00+0200;2802;2869;67;10002;9936;-66
2017-10-14T18:00:00+0200;202;124;-78;9528;9838;310
2017-10-14T19:00:00+0200;0;0;0;9421;10379;958
2017-10-14T20:00:00+0200;0;0;0;9428;10645;1217
2017-10-14T21:00:00+0200;0;0;0;9220;10370;1150
2017-10-14T22:00:00+0200;0;0;0;8803;9486;683
2017-10-14T23:00:00+0200;0;0;0;8264;8902;638
2017-10-15T00:00:00+0200;0;0;0;7135;8197;1062
2017-10-15T01:00:00+0200;0;0;0;6677;7868;1191
2017-10-15T02:00:00+0200;0;0;0;6378;7374;996
2017-10-15T03:00:00+0200;0;0;0;6012;6834;822
2017-10-15T04:00:00+0200;0;0;0;5750;6491;741
2017-10-15T05:00:00+0200;0;0;0;5657;5804;147
2017-10-15T06:00:00+0200;0;0;0;5768;5475;-293
2017-10-15T07:00:00+0200;59;47;-12;5924;5593;-331
2017-10-15T08:00:00+0200;2253;2148;-105;5977;5854;-123
2017-10-15T09:00:00+0200;7380;7123;-257;5800;6160;360
2017-10-15T10:00:00+0200;12634;12812;178;5471;5819;348
2017-10-15T11:00:00+0200;16704;16969;265;5312;5270;-42
2017-10-15T12:00:00+0200;18956;19424;468;5613;4936;-677
2017-10-15T13:00:00+0200;19308;19902;594;6040;5374;-666
2017-10-15T14:00:00+0200;17780;18407;627;6447;5742;-705
2017-10-15T15:00:00+0200;14421;14700;279;6642;6168;-474
2017-10-15T16:00:00+0200;9260;9096;-164;6943;6369;-574
2017-10-15T17:00:00+0200;3352;2982;-370;7704;7111;-593
2017-10-15T18:00:00+0200;213;105;-108;9811;10387;576
2017-10-15T19:00:00+0200;0;0;0;12427;14193;1766
2017-10-15T20:00:00+0200;0;0;0;14381;16088;1707
2017-10-15T21:00:00+0200;0;0;0;15392;17554;2162
2017-10-15T22:00:00+0200;0;0;0;15745;18127;2382
2017-10-15T23:00:00+0200;0;0;0;15562;18100;2538
2017-10-16T00:00:00+0200;0;0;0;16051;17264;1213
2017-10-16T01:00:00+0200;0;0;0;15461;16193;732
2017-10-16T02:00:00+0200;0;0;0;14877;15353;476
2017-10-16T03:00:00+0200;0;0;0;14030;14306;276
2017-10-16T04:00:00+0200;0;0;0;13213;13276;63
2017-10-16T05:00:00+0200;0;0;0;12552;12565;13
2017-10-16T06:00:00+0200;0;0;0;12103;11902;-201
2017-10-16T07:00:00+0200;54;48;-6;11659;11066;-593
2017-10-16T08:00:00+0200;2385;2284;-101;10852;10422;-430
2017-10-16T09:00:00+0200;7798;7328;-470;9559;8918;-641
2017-10-16T10:00:00+0200;13094;12794;-300;8001;6200;-1801
2017-10-16T11:00:00+0200;16949;17028;79;6843;4187;-2656
2017-10-16T12:00:00+0200;18900;19122;222;6381;3402;-2979
2017-10-16T13:00:00+0200;19109;19054;-55;6003;3242;-2761
2017-10-16T14:00:00+0200;17493;17132;-361;5378;3310;-2068
2017-10-16T15:00:00+0200;14087;13313;-774;4616;3652;-964
2017-10-16T16:00:00+0200;8965;7927;-1038;4211;4232;21
2017-10-16T17:00:00+0200;3099;2450;-649;4551;5653;1102
2017-10-16T18:00:00+0200;168;74;-94;6096;9065;2969
2017-10-16T19:00:00+0200;0;0;0;8327;12940;4613
2017-10-16T20:00:00+0200;0;0;0;10578;15242;4664
2017-10-16T21:00:00+0200;0;0;0;12141;15972;3831
2017-10-16T22:00:00+0200;0;0;0;13252;16390;3138
2017-10-16T23:00:00+0200;0;0;0;13895;16596;2701
2017-10-17T00:00:00+0200;0;0;0;15509;16906;1397
2017-10-17T01:00:00+0200;0;0;0;15253;16644;1391
2017-10-17T02:00:00+0200;0;0;0;15031;15490;459
2017-10-17T03:00:00+0200;0;0;0;14541;14663;122
2017-10-17T04:00:00+0200;0;0;0;14063;14644;581
2017-10-17T05:00:00+0200;0;0;0;13748;14836;1088
2017-10-17T06:00:00+0200;0;0;0;13602;14707;1105
2017-10-17T07:00:00+0200;40;36;-4;13378;14240;862
2017-10-17T08:00:00+0200;2161;1995;-166;12951;13594;643
2017-10-17T09:00:00+0200;7433;6646;-787;12241;12383;142
2017-10-17T10:00:00+0200;12674;11545;-1129;11120;10978;-142
2017-10-17T11:00:00+0200;16596;15288;-1308;10373;10163;-210
2017-10-17T12:00:00+0200;18675;17253;-1422;10602;9876;-726
2017-10-17T13:00:00+0200;18925;17343;-1582;11020;9802;-1218
2017-10-17T14:00:00+0200;17327;15576;-1751;11010;9522;-1488
2017-10-17T15:00:00+0200;13876;11901;-1975;10534;8990;-1544
2017-10-17T16:00:00+0200;8678;6858;-1820;9923;8537;-1386
2017-10-17T17:00:00+0200;2892;2060;-832;9397;8586;-811
2017-10-17T18:00:00+0200;144;55;-89;9465;9068;-397
2017-10-17T19:00:00+0200;0;0;0;9987;9333;-654
2017-10-17T20:00:00+0200;0;0;0;10115;9354;-761
2017-10-17T21:00:00+0200;0;0;0;9834;8824;-1010
2017-10-17T22:00:00+0200;0;0;0;9136;8665;-471
2017-10-17T23:00:00+0200;0;0;0;8282;8564;282
2017-10-18T00:00:00+0200;0;0;0;7771;8092;321
2017-10-18T01:00:00+0200;0;0;0;7117;7104;-13
2017-10-18T02:00:00+0200;0;0;0;6577;6242;-335
2017-10-18T03:00:00+0200;0;0;0;5867;5804;-63
2017-10-18T04:00:00+0200;0;0;0;5242;5095;-147
2017-10-18T05:00:00+0200;0;0;0;4712;4590;-122
2017-10-18T06:00:00+0200;0;0;0;4299;4225;-74
2017-10-18T07:00:00+0200;24;18;-6;3886;3746;-140
2017-10-18T08:00:00+0200;1554;1364;-190;3334;3193;-141
2017-10-18T09:00:00+0200;5694;5023;-671;2601;2523;-78
2017-10-18T10:00:00+0200;10259;9458;-801;1823;1612;-211
2017-10-18T11:00:00+0200;14060;13631;-429;1298;970;-328
2017-10-18T12:00:00+0200;16231;16051;-180;1139;641;-498
2017-10-18T13:00:00+0200;16519;16644;125;1030;526;-504
2017-10-18T14:00:00+0200;15128;15312;184;870;502;-368
2017-10-18T15:00:00+0200;12041;11890;-151;728;578;-150
2017-10-18T16:00:00+0200;7456;6987;-469;772;632;-140
2017-10-18T17:00:00+0200;2441;2077;-364;1044;714;-330
2017-10-18T18:00:00+0200;122;45;-77;1732;1280;-452
2017-10-18T19:00:00+0200;0;0;0;2501;2019;-482
2017-10-18T20:00:00+0200;0;0;0;3025;2554;-471
2017-10-18T21:00:00+0200;0;0;0;3345;2861;-484
2017-10-18T22:00:00+0200;0;0;0;3611;3024;-587
2017-10-18T23:00:00+0200;0;0;0;3767;3343;-424
2017-10-19T00:00:00+0200;0;0;0;3515;3692;177
2017-10-19T01:00:00+0200;0;0;0;3625;3890;265
2017-10-19T02:00:00+0200;0;0;0;3851;4250;399
2017-10-19T03:00:00+0200;0;0;0;3760;4204;444
2017-10-19T04:00:00+0200;0;0;0;3742;3987;245
2017-10-19T05:00:00+0200;0;0;0;3814;3917;103
2017-10-19T06:00:00+0200;0;0;0;3881;3899;18
2017-10-19T07:00:00+0200;20;14;-6;3857;3781;-76
2017-10-19T08:00:00+0200;1446;1374;-72;3708;3904;196
2017-10-19T09:00:00+0200;5330;5442;112;3366;3918;552
2017-10-19T10:00:00+0200;9629;9789;160;2992;3496;504
2017-10-19T11:00:00+0200;13237;13291;54;2740;3260;520
2017-10-19T12:00:00+0200;15298;15165;-133;2629;3266;637
2017-10-19T13:00:00+0200;15737;15596;-141;2609;2966;357
2017-10-19T14:00:00+0200;14567;14394;-173;2588;2756;168
2017-10-19T15:00:00+0200;11586;11438;-148;2634;3050;416
2017-10-19T16:00:00+0200;7113;6742;-371;3079;3604;525
2017-10-19T17:00:00+0200;2228;1895;-333;4333;5496;1163
2017-10-19T18:00:00+0200;92;38;-54;6805;8832;2027
2017-10-19T19:00:00+0200;0;0;0;9700;11912;2212
2017-10-19T20:00:00+0200;0;0;0;11722;13476;1754
2017-10-19T21:00:00+0200;0;0;0;12686;13804;1118
2017-10-19T22:00:00+0200;0;0;0;13163;13567;404
2017-10-19T23:00:00+0200;0;0;0;13279;13424;145
2017-10-20T00:00:00+0200;0;0;0;13316;13119;-197
2017-10-20T01:00:00+0200;0;0;0;13172;12786;-386
2017-10-20T02:00:00+0200;0;0;0;13077;12641;-436
2017-10-20T03:00:00+0200;0;0;0;12831;12635;-196
2017-10-20T04:00:00+0200;0;0;0;12661;12232;-429
2017-10-20T05:00:00+0200;0;0;0;12795;12214;-581
2017-10-20T06:00:00+0200;0;0;0;13224;13360;136
2017-10-20T07:00:00+0200;15;10;-5;13713;14076;363
2017-10-20T08:00:00+0200;1262;1082;-180;14158;15441;1283
2017-10-20T09:00:00+0200;4450;3903;-547;14345;16044;1699
2017-10-20T10:00:00+0200;7575;6872;-703;14230;15754;1524
2017-10-20T11:00:00+0200;9793;9148;-645;14218;16049;1831
2017-10-20T12:00:00+0200;10855;10688;-167;14363;16048;1685
2017-10-20T13:00:00+0200;10612;10672;60;14719;16073;1354
2017-10-20T14:00:00+0200;9325;9186;-139;14906;16099;1193
2017-10-20T15:00:00+0200;7170;6756;-414;14746;15716;970
2017-10-20T16:00:00+0200;4207;3643;-564;14619;15603;984
2017-10-20T17:00:00+0200;1218;942;-276;14540;15239;699
2017-10-20T18:00:00+0200;49;17;-32;14586;16295;1709
2017-10-20T19:00:00+0200;0;0;0;14765;16946;2181
2017-10-20T20:00:00+0200;0;0;0;14876;16751;1875
2017-10-20T21:00:00+0200;0;0;0;14585;15974;1389
2017-10-20T22:00:00+0200;0;0;0;14035;14532;497
2017-10-20T23:00:00+0200;0;0;0;13342;13030;-312
2017-10-21T00:00:00+0200;0;0;0;11760;11867;107
2017-10-21T01:00:00+0200;0;0;0;10920;10964;44
2017-10-21T02:00:00+0200;0;0;0;10349;10175;-174
2017-10-21T03:00:00+0200;0;0;0;9806;9642;-164
2017-10-21T04:00:00+0200;0;0;0;9329;9507;178
2017-10-21T05:00:00+0200;0;0;0;9004;9213;209
2017-10-21T06:00:00+0200;0;0;0;9046;9831;785
2017-10-21T07:00:00+0200;6;5;-1;9243;9969;726
2017-10-21T08:00:00+0200;609;618;9;9254;10040;786
2017-10-21T09:00:00+0200;2637;2583;-54;9071;10425;1354
2017-10-21T10:00:00+0200;4946;5108;162;8914;10612;1698
2017-10-21T11:00:00+0200;6894;7286;392;9112;10869;1757
2017-10-21T12:00:00+0200;7913;8342;429;9906;11313;1407
2017-10-21T13:00:00+0200;7479;7470;-9;10678;11186;508
2017-10-21T14:00:00+0200;6185;5885;-300;11123;11212;89
2017-10-21T15:00:00+0200;4445;4291;-154;11128;10894;-234
2017-10-21T16:00:00+0200;2480;2359;-121;11222;10530;-692
2017-10-21T17:00:00+0200;685;661;-24;11500;10225;-1275
2017-10-21T18:00:00+0200;28;18;-10;12092;11282;-810
2017-10-21T19:00:00+0200;0;0;0;12940;12298;-642
2017-10-21T20:00:00+0200;0;0;0;13700;13794;94
2017-10-21T21:00:00+0200;0;0;0;14487;15042;555
2017-10-21T22:00:00+0200;0;0;0;15346;15608;262
2017-10-21T23:00:00+0200;0;0;0;16243;16870;627
2017-10-22T00:00:00+0200;0;0;0;16424;17044;620
2017-10-22T01:00:00+0200;0;0;0;17297;17840;543
2017-10-22T02:00:00+0200;0;0;0;18344;18715;371
2017-10-22T03:00:00+0200;0;0;0;19184;19602;418
2017-10-22T04:00:00+0200;0;0;0;19991;21120;1129
2017-10-22T05:00:00+0200;0;0;0;20542;21945;1403
2017-10-22T06:00:00+0200;0;0;0;20890;22860;1970
2017-10-22T07:00:00+0200;5;3;-2;21234;22980;1746
2017-10-22T08:00:00+0200;719;702;-17;21382;22439;1057
2017-10-22T09:00:00+0200;3085;3148;63;21284;22028;744
2017-10-22T10:00:00+0200;5607;5581;-26;21334;22152;818
2017-10-22T11:00:00+0200;7488;7292;-196;21384;21883;499
2017-10-22T12:00:00+0200;8293;7841;-452;20926;20247;-679
2017-10-22T13:00:00+0200;7968;7500;-468;20060;18438;-1622
2017-10-22T14:00:00+0200;6811;6222;-589;18847;16863;-1984
2017-10-22T15:00:00+0200;4959;4442;-517;17349;15544;-1805
2017-10-22T16:00:00+0200;2683;2595;-88;15867;14810;-1057
2017-10-22T17:00:00+0200;672;744;72;14620;14203;-417
2017-10-22T18:00:00+0200;22;10;-12;14058;14032;-26
2017-10-22T19:00:00+0200;0;0;0;13937;14300;363
2017-10-22T20:00:00+0200;0;0;0;13886;14386;500
2017-10-22T21:00:00+0200;0;0;0;13787;14114;327
2017-10-22T22:00:00+0200;0;0;0;13735;13315;-420
2017-10-22T23:00:00+0200;0;0;0;13579;12977;-602
2017-10-23T00:00:00+0200;0;0;0;13221;12804;-417
2017-10-23T01:00:00+0200;0;0;0;13155;13010;-145
2017-10-23T02:00:00+0200;0;0;0;13182;13660;478
2017-10-23T03:00:00+0200;0;0;0;13105;13836;731
2017-10-23T04:00:00+0200;0;0;0;13016;13797;781
2017-10-23T05:00:00+0200;0;0;0;12948;13834;886
2017-10-23T06:00:00+0200;0;0;0;13041;14215;1174
2017-10-23T07:00:00+0200;4;2;-2;13179;14290;1111
2017-10-23T08:00:00+0200;361;376;15;13130;14293;1163
2017-10-23T09:00:00+0200;1625;1804;179;12884;14170;1286
2017-10-23T10:00:00+0200;3043;3588;545;12834;13954;1120
2017-10-23T11:00:00+0200;4075;4747;672;12670;14273;1603
2017-10-23T12:00:00+0200;4594;5368;774;12288;13657;1369
2017-10-23T13:00:00+0200;4620;5091;471;11904;12721;817
2017-10-23T14:00:00+0200;4213;4137;-76;11200;11987;787
2017-10-23T15:00:00+0200;3320;3043;-277;9957;10794;837
2017-10-23T16:00:00+0200;1878;1751;-127;8671;9580;909
2017-10-23T17:00:00+0200;474;431;-43;7543;8254;711
2017-10-23T18:00:00+0200;14;5;-9;6846;7271;425
2017-10-23T19:00:00+0200;0;0;0;6466;7098;632
2017-10-23T20:00:00+0200;0;0;0;6141;7060;919
2017-10-23T21:00:00+0200;0;0;0;5807;6784;977
2017-10-23T22:00:00+0200;0;0;0;5432;6432;1000
2017-10-23T23:00:00+0200;0;0;0;5109;6154;1045
2017-10-24T00:00:00+0200;0;0;0;5083;5608;525
2017-10-24T01:00:00+0200;0;0;0;5010;5270;260
2017-10-24T02:00:00+0200;0;0;0;5230;5159;-71
2017-10-24T03:00:00+0200;0;0;0;5510;5319;-191
2017-10-24T04:00:00+0200;0;0;0;5791;5699;-92
2017-10-24T05:00:00+0200;0;0;0;6038;5904;-134
2017-10-24T06:00:00+0200;0;0;0;6233;6400;167
2017-10-24T07:00:00+0200;3;1;-2;6466;6938;472
2017-10-24T08:00:00+0200;277;415;138;6661;8199;1538
2017-10-24T09:00:00+0200;1204;2146;942;6850;8843;1993
2017-10-24T10:00:00+0200;2360;4311;1951;7188;9394;2206
2017-10-24T11:00:00+0200;3340;6090;2750;7783;9504;1721
2017-10-24T12:00:00+0200;3917;6896;2979;8627;10460;1833
2017-10-24T13:00:00+0200;3835;6995;3160;9583;11204;1621
2017-10-24T14:00:00+0200;3307;6576;3269;10219;11351;1132
2017-10-24T15:00:00+0200;2385;4994;2609;10395;11868;1473
2017-10-24T16:00:00+0200;1227;2498;1271;10720;13108;2388
2017-10-24T17:00:00+0200;307;556;249;11458;14404;2946
2017-10-24T18:00:00+0200;10;1;-9;12722;16199;3477
2017-10-24T19:00:00+0200;0;0;0;14340;18127;3787
2017-10-24T20:00:00+0200;0;0;0;15805;18875;3070
2017-10-24T21:00:00+0200;0;0;0;16967;19298;2331
2017-10-24T22:00:00+0200;0;0;0;17955;18701;746
2017-10-24T23:00:00+0200;0;0;0;18588;18384;-204
2017-10-25T00:00:00+0200;0;0;0;18628;18604;-24
2017-10-25T01:00:00+0200;0;0;0;18379;18458;79
2017-10-25T02:00:00+0200;0;0;0;18200;17980;-220
2017-10-25T03:00:00+0200;0;0;0;17859;17683;-176
2017-10-25T04:00:00+0200;0;0;0;17599;17640;41
2017-10-25T05:00:00+0200;0;0;0;17826;18341;515
2017-10-25T06:00:00+0200;0;0;0;18704;18689;-15
2017-10-25T07:00:00+0200;1;0;-1;19708;19118;-590
2017-10-25T08:00:00+0200;326;418;92;20895;20229;-666
2017-10-25T09:00:00+0200;1710;2284;574;22099;21254;-845
2017-10-25T10:00:00+0200;3736;4899;1163;23464;22784;-680
2017-10-25T11:00:00+0200;5822;7210;1388;24763;24477;-286
2017-10-25T12:00:00+0200;7316;8470;1154;25506;25550;44
2017-10-25T13:00:00+0200;7682;8728;1046;26000;25550;-450
2017-10-25T14:00:00+0200;7149;8676;1527;25509;24590;-919
2017-10-25T15:00:00+0200;5641;6906;1265;23709;22736;-973
2017-10-25T16:00:00+0200;3192;3906;714;21395;20072;-1323
2017-10-25T17:00:00+0200;789;861;72;18868;17900;-968
2017-10-25T18:00:00+0200;22;3;-19;16982;17060;78
2017-10-25T19:00:00+0200;0;0;0;15599;16702;1103
2017-10-25T20:00:00+0200;0;0;0;14507;16241;1734
2017-10-25T21:00:00+0200;0;0;0;13635;15533;1898
2017-10-25T22:00:00+0200;0;0;0;12666;14528;1862
2017-10-25T23:00:00+0200;0;0;0;11780;13879;2099
2017-10-26T00:00:00+0200;0;0;0;11707;13338;1631
2017-10-26T01:00:00+0200;0;0;0;11127;13085;1958
2017-10-26T02:00:00+0200;0;0;0;10743;13000;2257
2017-10-26T03:00:00+0200;0;0;0;10383;12442;2059
2017-10-26T04:00:00+0200;0;0;0;10134;11984;1850
2017-10-26T05:00:00+0200;0;0;0;10012;11199;1187
2017-10-26T06:00:00+0200;0;0;0;10056;10994;938
2017-10-26T07:00:00+0200;3;1;-2;10124;11116;992
2017-10-26T08:00:00+0200;539;464;-75;10169;11165;996
2017-10-26T09:00:00+0200;2839;2554;-285;10214;11312;1098
2017-10-26T10:00:00+0200;5836;5107;-729;10520;11211;691
2017-10-26T11:00:00+0200;8416;7620;-796;11281;12028;747
2017-10-26T12:00:00+0200;10068;9305;-763;12468;12902;434
2017-10-26T13:00:00+0200;10312;9681;-631;13594;13846;252
2017-10-26T14:00:00+0200;9221;8990;-231;14118;14755;637
2017-10-26T15:00:00+0200;6916;6792;-124;13797;14610;813
2017-10-26T16:00:00+0200;3766;3581;-185;13062;14153;1091
2017-10-26T17:00:00+0200;910;738;-172;12577;13865;1288
2017-10-26T18:00:00+0200;20;3;-17;12613;14250;1637
2017-10-26T19:00:00+0200;0;1;1;13155;14530;1375
2017-10-26T20:00:00+0200;0;1;1;13849;14957;1108
2017-10-26T21:00:00+0200;0;1;1;14405;15936;1531
2017-10-26T22:00:00+0200;0;0;0;14916;16064;1148
2017-10-26T23:00:00+0200;0;0;0;15444;16388;944
2017-10-27T00:00:00+0200;0;0;0;18157;17206;-951
2017-10-27T01:00:00+0200;0;0;0;18963;17797;-1166
2017-10-27T02:00:00+0200;0;0;0;19774;18762;-1012
2017-10-27T03:00:00+0200;0;0;0;20525;19623;-902
2017-10-27T04:00:00+0200;0;0;0;21291;20473;-818
2017-10-27T05:00:00+0200;0;0;0;22019;21535;-484
2017-10-27T06:00:00+0200;0;0;0;22861;22884;23
2017-10-27T07:00:00+0200;1;0;-1;23671;23464;-207
2017-10-27T08:00:00+0200;351;308;-43;24178;23500;-678
2017-10-27T09:00:00+0200;2072;2120;48;24456;23260;-1196
2017-10-27T10:00:00+0200;4447;4834;387;24888;24293;-595
2017-10-27T11:00:00+0200;6801;6943;142;25559;25686;127
2017-10-27T12:00:00+0200;8590;8451;-139;26281;27558;1277
2017-10-27T13:00:00+0200;9351;9568;217;26667;27536;869
2017-10-27T14:00:00+0200;9057;8822;-235;26435;26549;114
2017-10-27T15:00:00+0200;7302;6746;-556;25273;25324;51
2017-10-27T16:00:00+0200;4105;3776;-329;23668;23396;-272
2017-10-27T17:00:00+0200;969;796;-173;21893;21060;-833
2017-10-27T18:00:00+0200;19;4;-15;20149;19544;-605
2017-10-27T19:00:00+0200;0;1;1;18873;17705;-1168
2017-10-27T20:00:00+0200;0;1;1;18107;17738;-369
2017-10-27T21:00:00+0200;0;1;1;17839;18252;413
2017-10-27T22:00:00+0200;0;0;0;18040;18407;367
2017-10-27T23:00:00+0200;0;0;0;18569;19522;953
2017-10-28T00:00:00+0200;0;0;0;21557;20406;-1151
2017-10-28T01:00:00+0200;0;0;0;22759;21714;-1045
2017-10-28T02:00:00+0200;0;0;0;24078;23265;-813
2017-10-28T03:00:00+0200;0;0;0;25275;24701;-574
2017-10-28T04:00:00+0200;0;0;0;26463;25774;-689
2017-10-28T05:00:00+0200;0;0;0;27593;26810;-783
2017-10-28T06:00:00+0200;0;0;0;28719;29086;367
2017-10-28T07:00:00+0200;1;0;-1;29949;30814;865
2017-10-28T08:00:00+0200;315;316;1;31286;31695;409
2017-10-28T09:00:00+0200;1778;1614;-164;32792;32976;184
2017-10-28T10:00:00+0200;3578;3143;-435;34450;34766;316
2017-10-28T11:00:00+0200;4896;4268;-628;35871;36562;691
2017-10-28T12:00:00+0200;5503;4782;-721;36802;38020;1218
2017-10-28T13:00:00+0200;5265;4608;-657;37458;38382;924
2017-10-28T14:00:00+0200;4353;3894;-459;37746;38343;597
2017-10-28T15:00:00+0200;2990;2679;-311;37722;38527;805
2017-10-28T16:00:00+0200;1480;1291;-189;37497;38356;859
2017-10-28T17:00:00+0200;332;204;-128;37318;38495;1177
2017-10-28T18:00:00+0200;7;0;-7;37380;38854;1474
2017-10-28T19:00:00+0200;0;0;0;37610;39231;1621
2017-10-28T20:00:00+0200;0;0;0;37922;39149;1227
2017-10-28T21:00:00+0200;0;0;0;38265;38978;713
2017-10-28T22:00:00+0200;0;0;0;38851;37810;-1041
2017-10-28T23:00:00+0200;0;0;0;39417;36509;-2908
2017-10-29T00:00:00+0200;0;0;0;40368;32698;-7670
2017-10-29T01:00:00+0200;0;0;0;40366;30017;-10349
2017-10-29T02:00:00+0200;0;0;0;40532;27867;-12665
2017-10-29T03:00:00+0100;0;0;0;40347;26860;-13487
2017-10-29T04:00:00+0100;0;0;0;40136;28501;-11635
2017-10-29T05:00:00+0100;0;0;0;40103;30998;-9105
2017-10-29T06:00:00+0100;0;0;0;39986;31718;-8268
2017-10-29T07:00:00+0100;284;274;-10;39689;33321;-6368
2017-10-29T08:00:00+0100;1800;1834;34;39280;33737;-5543
2017-10-29T09:00:00+0100;3876;4047;171;38829;35713;-3116
2017-10-29T10:00:00+0100;6039;6399;360;38435;36335;-2100
2017-10-29T11:00:00+0100;7757;8672;915;37916;35803;-2113
2017-10-29T12:00:00+0100;8675;9543;868;37280;35161;-2119
2017-10-29T13:00:00+0100;8562;9367;805;36296;32975;-3321
2017-10-29T14:00:00+0100;6925;7330;405;34900;32988;-1912
2017-10-29T15:00:00+0100;3798;4014;216;33245;31166;-2079
2017-10-29T16:00:00+0100;779;740;-39;31218;28716;-2502
2017-10-29T17:00:00+0100;12;2;-10;29377;28515;-862
2017-10-29T18:00:00+0100;0;0;0;28032;28332;300
2017-10-29T19:00:00+0100;0;0;0;27049;27922;873
2017-10-29T20:00:00+0100;0;0;0;26218;27292;1074
2017-10-29T21:00:00+0100;0;0;0;25419;26109;690
2017-10-29T22:00:00+0100;0;0;0;24666;24613;-53
2017-10-29T23:00:00+0100;0;0;0;24037;24093;56
2017-10-30T00:00:00+0100;0;0;0;24845;24026;-819
2017-10-30T01:00:00+0100;0;0;0;24484;23789;-695
2017-10-30T02:00:00+0100;0;0;0;24090;23147;-943
2017-10-30T03:00:00+0100;0;0;0;23515;22467;-1048
2017-10-30T04:00:00+0100;0;0;0;22808;21738;-1070
2017-10-30T05:00:00+0100;0;0;0;22052;21719;-333
2017-10-30T06:00:00+0100;1;0;-1;21350;21350;0
2017-10-30T07:00:00+0100;812;700;-112;20290;19810;-480
2017-10-30T08:00:00+0100;4494;3912;-582;18979;17974;-1005
2017-10-30T09:00:00+0100;8694;7947;-747;17985;16048;-1937
2017-10-30T10:00:00+0100;11668;11360;-308;17756;15380;-2376
2017-10-30T11:00:00+0100;12882;12753;-129;18139;16097;-2042
2017-10-30T12:00:00+0100;12384;12130;-254;18502;17890;-612
2017-10-30T13:00:00+0100;10629;9929;-700;18334;18729;395
2017-10-30T14:00:00+0100;7765;7046;-719;17391;18171;780
2017-10-30T15:00:00+0100;4072;3523;-549;16047;16996;949
2017-10-30T16:00:00+0100;752;580;-172;14766;15448;682
2017-10-30T17:00:00+0100;8;1;-7;14043;13764;-279
2017-10-30T18:00:00+0100;0;0;0;13555;13337;-218
2017-10-30T19:00:00+0100;0;0;0;13044;13126;82
2017-10-30T20:00:00+0100;0;0;0;12461;12871;410
2017-10-30T21:00:00+0100;0;0;0;11761;12427;666
2017-10-30T22:00:00+0100;0;0;0;11153;11864;711
2017-10-30T23:00:00+0100;0;0;0;10652;11946;1294
2017-10-31T00:00:00+0100;0;0;0;9555;10964;1409
2017-10-31T01:00:00+0100;0;0;0;9371;10605;1234
2017-10-31T02:00:00+0100;0;0;0;9116;9916;800
2017-10-31T03:00:00+0100;0;0;0;8776;9577;801
2017-10-31T04:00:00+0100;0;0;0;8444;9449;1005
2017-10-31T05:00:00+0100;0;0;0;8279;9070;791
2017-10-31T06:00:00+0100;0;0;0;8295;8954;659
2017-10-31T07:00:00+0100;512;541;29;8331;8549;218
2017-10-31T08:00:00+0100;2872;3426;554;8366;8501;135
2017-10-31T09:00:00+0100;5567;6701;1134;8676;8233;-443
2017-10-31T10:00:00+0100;7540;9126;1586;9340;8513;-827
2017-10-31T11:00:00+0100;8352;10191;1839;10253;9365;-888
2017-10-31T12:00:00+0100;7915;9642;1727;11237;10078;-1159
2017-10-31T13:00:00+0100;6612;7994;1382;11856;10427;-1429
2017-10-31T14:00:00+0100;4690;5673;983;11935;10178;-1757
2017-10-31T15:00:00+0100;2412;2939;527;11869;10256;-1613
2017-10-31T16:00:00+0100;503;534;31;11885;10312;-1573
2017-10-31T17:00:00+0100;6;0;-6;12131;10622;-1509
2017-10-31T18:00:00+0100;0;0;0;12607;11352;-1255
2017-10-31T19:00:00+0100;0;0;0;13119;12124;-995
2017-10-31T20:00:00+0100;0;0;0;13640;12564;-1076
2017-10-31T21:00:00+0100;0;0;0;14073;13445;-628
2017-10-31T22:00:00+0100;0;0;0;14458;14422;-36
2017-10-31T23:00:00+0100;0;0;0;14734;15024;290
2017-11-01T00:00:00+0100;0;0;0;15570;15424;-146
2017-11-01T01:00:00+0100;0;0;0;15900;15605;-295
2017-11-01T02:00:00+0100;0;0;0;16259;16219;-40
2017-11-01T03:00:00+0100;0;0;0;16459;16578;119
2017-11-01T04:00:00+0100;0;0;0;16547;16914;367
2017-11-01T05:00:00+0100;0;0;0;16617;16884;267
2017-11-01T06:00:00+0100;0;0;0;16674;16948;274
2017-11-01T07:00:00+0100;204;145;-59;16619;17077;458
2017-11-01T08:00:00+0100;1423;1146;-277;16586;17099;513
2017-11-01T09:00:00+0100;3376;2762;-614;16715;17250;535
2017-11-01T10:00:00+0100;5452;4495;-957;16894;16856;-38
2017-11-01T11:00:00+0100;6868;5885;-983;17090;16714;-376
2017-11-01T12:00:00+0100;7451;6864;-587;17180;16972;-208
2017-11-01T13:00:00+0100;7200;6894;-306;17083;16751;-332
2017-11-01T14:00:00+0100;5813;5477;-336;16819;16312;-507
2017-11-01T15:00:00+0100;3204;2874;-330;16505;16416;-89
2017-11-01T16:00:00+0100;677;504;-173;16470;17250;780
2017-11-01T17:00:00+0100;9;0;-9;16884;17837;953
2017-11-01T18:00:00+0100;0;0;0;17544;18445;901
2017-11-01T19:00:00+0100;0;0;0;18166;18974;808
2017-11-01T20:00:00+0100;0;0;0;18802;19292;490
2017-11-01T21:00:00+0100;0;0;0;19389;19741;352
2017-11-01T22:00:00+0100;0;0;0;19922;19576;-346
2017-11-01T23:00:00+0100;0;0;0;20405;19314;-1091
2017-11-02T00:00:00+0100;0;0;0;20820;19422;-1398
2017-11-02T01:00:00+0100;0;0;0;21250;19610;-1640
2017-11-02T02:00:00+0100;0;0;0;21530;19924;-1606
2017-11-02T03:00:00+0100;0;0;0;21616;20426;-1190
2017-11-02T04:00:00+0100;0;0;0;21475;20299;-1176
2017-11-02T05:00:00+0100;0;0;0;21173;19353;-1820
2017-11-02T06:00:00+0100;0;0;0;20790;19145;-1645
2017-11-02T07:00:00+0100;417;258;-159;20228;17801;-2427
2017-11-02T08:00:00+0100;3028;2416;-612;19442;16827;-2615
2017-11-02T09:00:00+0100;6617;5807;-810;18754;15298;-3456
2017-11-02T10:00:00+0100;9605;8823;-782;18675;14515;-4160
2017-11-02T11:00:00+0100;11235;10444;-791;19137;14874;-4263
2017-11-02T12:00:00+0100;10969;9938;-1031;19536;14966;-4570
2017-11-02T13:00:00+0100;9263;7491;-1772;19445;15008;-4437
2017-11-02T14:00:00+0100;6542;4438;-2104;18556;14343;-4213
2017-11-02T15:00:00+0100;3215;1704;-1511;17215;13084;-4131
2017-11-02T16:00:00+0100;564;185;-379;15833;11972;-3861
2017-11-02T17:00:00+0100;7;0;-7;14766;11330;-3436
2017-11-02T18:00:00+0100;0;0;0;14058;10882;-3176
2017-11-02T19:00:00+0100;0;0;0;13357;10125;-3232
2017-11-02T20:00:00+0100;0;0;0;12311;9234;-3077
2017-11-02T21:00:00+0100;0;0;0;11116;8354;-2762
2017-11-02T22:00:00+0100;0;0;0;9925;7435;-2490
2017-11-02T23:00:00+0100;0;0;0;8920;6472;-2448
2017-11-03T00:00:00+0100;0;0;0;6103;5468;-635
2017-11-03T01:00:00+0100;0;0;0;5457;4624;-833
2017-11-03T02:00:00+0100;0;0;0;4827;3866;-961
2017-11-03T03:00:00+0100;0;0;0;4227;3164;-1063
2017-11-03T04:00:00+0100;0;0;0;3746;2693;-1053
2017-11-03T05:00:00+0100;0;0;0;3343;2411;-932
2017-11-03T06:00:00+0100;0;0;0;3012;2351;-661
2017-11-03T07:00:00+0100;233;171;-62;2663;2166;-497
2017-11-03T08:00:00+0100;1834;1610;-224;2304;1954;-350
2017-11-03T09:00:00+0100;4456;4208;-248;2048;1882;-166
2017-11-03T10:00:00+0100;6860;7293;433;2031;1930;-101
2017-11-03T11:00:00+0100;8319;9189;870;2311;2069;-242
2017-11-03T12:00:00+0100;8580;9568;988;2685;2707;22
2017-11-03T13:00:00+0100;7784;8702;918;2865;3010;145
2017-11-03T14:00:00+0100;5937;6313;376;2853;3349;496
2017-11-03T15:00:00+0100;3009;3220;211;3013;3712;699
2017-11-03T16:00:00+0100;502;487;-15;3402;4462;1060
2017-11-03T17:00:00+0100;3;0;-3;4176;5413;1237
2017-11-03T18:00:00+0100;0;0;0;5207;6486;1279
2017-11-03T19:00:00+0100;0;0;0;6143;7930;1787
2017-11-03T20:00:00+0100;0;0;0;6894;9042;2148
2017-11-03T21:00:00+0100;0;0;0;7521;9551;2030
2017-11-03T22:00:00+0100;0;0;0;7901;10242;2341
2017-11-03T23:00:00+0100;0;0;0;8024;10410;2386
2017-11-04T00:00:00+0100;0;0;0;9199;10503;1304
2017-11-04T01:00:00+0100;0;0;0;8920;10446;1526
2017-11-04T02:00:00+0100;0;0;0;8499;10003;1504
2017-11-04T03:00:00+0100;0;0;0;8076;9326;1250
2017-11-04T04:00:00+0100;0;0;0;7855;8840;985
2017-11-04T05:00:00+0100;0;0;0;7941;8548;607
2017-11-04T06:00:00+0100;0;0;0;8141;8679;538
2017-11-04T07:00:00+0100;300;301;1;8155;9175;1020
2017-11-04T08:00:00+0100;2463;2670;207;7979;9273;1294
2017-11-04T09:00:00+0100;5811;5741;-70;7694;8606;912
2017-11-04T10:00:00+0100;8787;8620;-167;7552;7429;-123
2017-11-04T11:00:00+0100;10547;10246;-301;7783;6830;-953
2017-11-04T12:00:00+0100;10764;10452;-312;8403;6855;-1548
2017-11-04T13:00:00+0100;9516;9334;-182;9468;7692;-1776
2017-11-04T14:00:00+0100;6892;6615;-277;11094;8901;-2193
2017-11-04T15:00:00+0100;3403;3014;-389;13310;11338;-1972
2017-11-04T16:00:00+0100;553;365;-188;15920;14598;-1322
2017-11-04T17:00:00+0100;4;0;-4;18566;18253;-313
2017-11-04T18:00:00+0100;0;0;0;20938;20702;-236
2017-11-04T19:00:00+0100;0;0;0;22431;22251;-180
2017-11-04T20:00:00+0100;0;0;0;22773;21874;-899
2017-11-04T21:00:00+0100;0;0;0;22638;20889;-1749
2017-11-04T22:00:00+0100;0;0;0;21828;20618;-1210
2017-11-04T23:00:00+0100;0;0;0;20235;20073;-162
2017-11-05T00:00:00+0100;0;0;0;19994;18182;-1812
2017-11-05T01:00:00+0100;0;0;0;18710;16487;-2223
2017-11-05T02:00:00+0100;0;0;0;16755;13660;-3095
2017-11-05T03:00:00+0100;0;0;0;14618;11968;-2650
2017-11-05T04:00:00+0100;0;0;0;12809;11548;-1261
2017-11-05T05:00:00+0100;0;0;0;11578;11102;-476
2017-11-05T06:00:00+0100;0;0;0;10619;10972;353
2017-11-05T07:00:00+0100;244;264;20;9727;10254;527
2017-11-05T08:00:00+0100;1492;1864;372;8814;9962;1148
2017-11-05T09:00:00+0100;3097;3550;453;8133;9104;971
2017-11-05T10:00:00+0100;4315;4413;98;7783;8666;883
2017-11-05T11:00:00+0100;4792;4782;-10;7922;8363;441
2017-11-05T12:00:00+0100;4492;4059;-433;8480;9061;581
2017-11-05T13:00:00+0100;3602;3244;-358;8906;9074;168
2017-11-05T14:00:00+0100;2315;2030;-285;8945;9382;437
2017-11-05T15:00:00+0100;1023;906;-117;9028;9788;760
2017-11-05T16:00:00+0100;170;149;-21;9000;10108;1108
2017-11-05T17:00:00+0100;1;0;-1;9117;10702;1585
2017-11-05T18:00:00+0100;0;0;0;9409;11267;1858
2017-11-05T19:00:00+0100;0;0;0;9814;11909;2095
2017-11-05T20:00:00+0100;0;0;0;9880;11765;1885
2017-11-05T21:00:00+0100;0;0;0;9751;11725;1974
2017-11-05T22:00:00+0100;0;0;0;9600;11128;1528
2017-11-05T23:00:00+0100;0;0;0;9336;10978;1642
2017-11-06T00:00:00+0100;0;0;0;8647;10398;1751
2017-11-06T01:00:00+0100;0;0;0;8529;9944;1415
2017-11-06T02:00:00+0100;0;0;0;8347;9644;1297
2017-11-06T03:00:00+0100;0;0;0;8194;8733;539
2017-11-06T04:00:00+0100;0;0;0;7917;7783;-134
2017-11-06T05:00:00+0100;0;0;0;7490;7103;-387
2017-11-06T06:00:00+0100;0;0;0;7020;6679;-341
2017-11-06T07:00:00+0100;140;138;-2;6280;5718;-562
2017-11-06T08:00:00+0100;1694;1638;-56;5301;4926;-375
2017-11-06T09:00:00+0100;4219;4093;-126;4362;3558;-804
2017-11-06T10:00:00+0100;6377;6458;81;3650;2456;-1194
2017-11-06T11:00:00+0100;7660;7666;6;3189;1832;-1357
2017-11-06T12:00:00+0100;7834;7569;-265;2915;1709;-1206
2017-11-06T13:00:00+0100;6972;6324;-648;2684;1722;-962
2017-11-06T14:00:00+0100;5112;4291;-821;2363;1654;-709
2017-11-06T15:00:00+0100;2486;1909;-577;2115;1539;-576
2017-11-06T16:00:00+0100;370;212;-158;1958;1582;-376
2017-11-06T17:00:00+0100;2;0;-2;1964;1758;-206
2017-11-06T18:00:00+0100;0;0;0;2058;1870;-188
2017-11-06T19:00:00+0100;0;0;0;2183;2069;-114
2017-11-06T20:00:00+0100;0;0;0;2348;2274;-74
2017-11-06T21:00:00+0100;0;0;0;2542;2477;-65
2017-11-06T22:00:00+0100;0;0;0;2761;3006;245
2017-11-06T23:00:00+0100;0;0;0;2972;3920;948
2017-11-07T00:00:00+0100;0;0;0;3402;4464;1062
2017-11-07T01:00:00+0100;0;0;0;3833;4722;889
2017-11-07T02:00:00+0100;0;0;0;4096;5024;928
2017-11-07T03:00:00+0100;0;0;0;4377;5464;1087
2017-11-07T04:00:00+0100;0;0;0;4709;5863;1154
2017-11-07T05:00:00+0100;0;0;0;5025;5829;804
2017-11-07T06:00:00+0100;0;0;0;5365;5736;371
2017-11-07T07:00:00+0100;122;88;-34;5530;6258;728
2017-11-07T08:00:00+0100;1360;1092;-268;5364;6385;1021
2017-11-07T09:00:00+0100;3550;2838;-712;5131;6398;1267
2017-11-07T10:00:00+0100;5484;4472;-1012;5016;5762;746
2017-11-07T11:00:00+0100;6551;5391;-1160;5128;5386;258
2017-11-07T12:00:00+0100;6470;5346;-1124;5301;4982;-319
2017-11-07T13:00:00+0100;5512;4380;-1132;5399;4818;-581
2017-11-07T14:00:00+0100;3830;2635;-1195;5470;5353;-117
2017-11-07T15:00:00+0100;1681;986;-695;5716;5821;105
2017-11-07T16:00:00+0100;219;74;-145;6280;6374;94
2017-11-07T17:00:00+0100;1;0;-1;7120;7525;405
2017-11-07T18:00:00+0100;0;0;0;7875;8246;371
2017-11-07T19:00:00+0100;0;0;0;8200;8148;-52
2017-11-07T20:00:00+0100;0;0;0;7939;7687;-252
2017-11-07T21:00:00+0100;0;0;0;7394;7433;39
2017-11-07T22:00:00+0100;0;0;0;6670;7090;420
2017-11-07T23:00:00+0100;0;0;0;5917;6555;638
2017-11-08T00:00:00+0100;0;0;0;4671;5926;1255
2017-11-08T01:00:00+0100;0;0;0;4268;5218;950
2017-11-08T02:00:00+0100;0;0;0;3924;4750;826
2017-11-08T03:00:00+0100;0;0;0;3637;4558;921
2017-11-08T04:00:00+0100;0;0;0;3412;4278;866
2017-11-08T05:00:00+0100;0;0;0;3300;4168;868
2017-11-08T06:00:00+0100;0;0;0;3295;4047;752
2017-11-08T07:00:00+0100;113;106;-7;3193;4226;1033
2017-11-08T08:00:00+0100;931;1025;94;2911;4014;1103
2017-11-08T09:00:00+0100;2217;2350;133;2527;3395;868
2017-11-08T10:00:00+0100;3328;3363;35;2208;2754;546
2017-11-08T11:00:00+0100;3818;3668;-150;2034;2262;228
2017-11-08T12:00:00+0100;3607;3254;-353;1891;1924;33
2017-11-08T13:00:00+0100;2867;2462;-405;1734;1705;-29
2017-11-08T14:00:00+0100;1814;1523;-291;1544;1625;81
2017-11-08T15:00:00+0100;729;543;-186;1517;1736;219
2017-11-08T16:00:00+0100;96;38;-58;1594;1738;144
2017-11-08T17:00:00+0100;0;0;0;1715;1864;149
2017-11-08T18:00:00+0100;0;0;0;1762;1933;171
2017-11-08T19:00:00+0100;0;0;0;1678;1567;-111
2017-11-08T20:00:00+0100;0;0;0;1465;1274;-191
2017-11-08T21:00:00+0100;0;0;0;1240;1099;-141
2017-11-08T22:00:00+0100;0;0;0;1045;1017;-28
2017-11-08T23:00:00+0100;0;0;0;889;822;-67
2017-11-09T00:00:00+0100;0;0;0;606;693;87
2017-11-09T01:00:00+0100;0;0;0;605;672;67
2017-11-09T02:00:00+0100;0;0;0;607;760;153
2017-11-09T03:00:00+0100;0;0;0;689;1022;333
2017-11-09T04:00:00+0100;0;0;0;876;1541;665
2017-11-09T05:00:00+0100;0;0;0;1210;2242;1032
2017-11-09T06:00:00+0100;0;0;0;1727;3193;1466
2017-11-09T07:00:00+0100;94;49;-45;2462;4405;1943
2017-11-09T08:00:00+0100;865;564;-301;3375;5598;2223
2017-11-09T09:00:00+0100;2241;1513;-728;4376;6510;2134
2017-11-09T10:00:00+0100;3553;2322;-1231;5466;7381;1915
2017-11-09T11:00:00+0100;4318;2801;-1517;6697;7939;1242
2017-11-09T12:00:00+0100;4337;2914;-1423;7927;8987;1060
2017-11-09T13:00:00+0100;3715;2586;-1129;8942;9533;591
2017-11-09T14:00:00+0100;2542;1774;-768;9514;10245;731
2017-11-09T15:00:00+0100;1081;708;-373;9861;11101;1240
2017-11-09T16:00:00+0100;142;58;-84;10262;12115;1853
2017-11-09T17:00:00+0100;0;0;0;10673;12969;2296
2017-11-09T18:00:00+0100;0;0;0;11350;13133;1783
2017-11-09T19:00:00+0100;0;0;0;11994;14032;2038
2017-11-09T20:00:00+0100;0;0;0;12480;15072;2592
2017-11-09T21:00:00+0100;0;0;0;12989;15522;2533
2017-11-09T22:00:00+0100;0;0;0;13545;15254;1709
2017-11-09T23:00:00+0100;0;0;0;14092;15348;1256
2017-11-10T00:00:00+0100;0;0;0;14782;15914;1132
2017-11-10T01:00:00+0100;0;0;0;15534;16702;1168
2017-11-10T02:00:00+0100;0;0;0;16359;17525;1166
2017-11-10T03:00:00+0100;0;0;0;17070;17808;738
2017-11-10T04:00:00+0100;0;0;0;17890;18006;116
2017-11-10T05:00:00+0100;0;0;0;18844;18986;142
2017-11-10T06:00:00+0100;0;0;0;20090;20092;2
2017-11-10T07:00:00+0100;72;48;-24;21701;20596;-1105
2017-11-10T08:00:00+0100;628;511;-117;23633;21724;-1909
2017-11-10T09:00:00+0100;1494;1396;-98;25573;23329;-2244
2017-11-10T10:00:00+0100;2240;2156;-84;27291;25327;-1964
2017-11-10T11:00:00+0100;2536;2421;-115;28918;27279;-1639
2017-11-10T12:00:00+0100;2419;2181;-238;30442;29488;-954
2017-11-10T13:00:00+0100;2050;1871;-179;31361;30591;-770
2017-11-10T14:00:00+0100;1440;1392;-48;31653;30959;-694
2017-11-10T15:00:00+0100;637;734;97;31845;31991;146
2017-11-10T16:00:00+0100;81;76;-5;31783;33204;1421
2017-11-10T17:00:00+0100;0;0;0;31502;32992;1490
2017-11-10T18:00:00+0100;0;0;0;30992;32234;1242
2017-11-10T19:00:00+0100;0;0;0;30494;30838;344
2017-11-10T20:00:00+0100;0;0;0;29790;30264;474
2017-11-10T21:00:00+0100;0;0;0;29058;30262;1204
2017-11-10T22:00:00+0100;0;0;0;28431;29510;1079
2017-11-10T23:00:00+0100;0;0;0;27720;29491;1771
2017-11-11T00:00:00+0100;0;0;0;30186;28616;-1570
2017-11-11T01:00:00+0100;0;0;0;29508;28115;-1393
2017-11-11T02:00:00+0100;0;0;0;28714;27360;-1354
2017-11-11T03:00:00+0100;0;0;0;27853;27100;-753
2017-11-11T04:00:00+0100;0;0;0;27168;27132;-36
2017-11-11T05:00:00+0100;0;0;0;26754;26052;-702
2017-11-11T06:00:00+0100;0;0;0;26615;25832;-783
2017-11-11T07:00:00+0100;138;77;-61;26506;25338;-1168
2017-11-11T08:00:00+0100;1321;1030;-291;26307;24824;-1483
2017-11-11T09:00:00+0100;2969;2449;-520;26289;25113;-1176
2017-11-11T10:00:00+0100;4017;3165;-852;26353;24838;-1515
2017-11-11T11:00:00+0100;4197;3287;-910;26327;24973;-1354
2017-11-11T12:00:00+0100;3601;3019;-582;25874;23968;-1906
2017-11-11T13:00:00+0100;2697;2552;-145;24912;22518;-2394
2017-11-11T14:00:00+0100;1635;1803;168;23580;20602;-2978
2017-11-11T15:00:00+0100;622;732;110;22069;19141;-2928
2017-11-11T16:00:00+0100;67;50;-17;20776;17974;-2802
2017-11-11T17:00:00+0100;0;0;0;19853;18036;-1817
2017-11-11T18:00:00+0100;0;0;0;19126;17223;-1903
2017-11-11T19:00:00+0100;0;0;0;18398;17476;-922
2017-11-11T20:00:00+0100;0;0;0;17712;17468;-244
2017-11-11T21:00:00+0100;0;0;0;17247;17592;345
2017-11-11T22:00:00+0100;0;0;0;16948;17632;684
2017-11-11T23:00:00+0100;0;0;0;16811;17285;474
2017-11-12T00:00:00+0100;0;0;0;16888;17327;439
2017-11-12T01:00:00+0100;0;0;0;16985;16983;-2
2017-11-12T02:00:00+0100;0;0;0;16861;16854;-7
2017-11-12T03:00:00+0100;0;0;0;16599;16397;-202
2017-11-12T04:00:00+0100;0;0;0;16170;15431;-739
2017-11-12T05:00:00+0100;0;0;0;15542;14301;-1241
2017-11-12T06:00:00+0100;0;0;0;14664;13058;-1606
2017-11-12T07:00:00+0100;51;43;-8;13276;11385;-1891
2017-11-12T08:00:00+0100;630;780;150;11609;9832;-1777
2017-11-12T09:00:00+0100;1623;1926;303;10028;8030;-1998
2017-11-12T10:00:00+0100;2454;2565;111;8753;6252;-2501
2017-11-12T11:00:00+0100;2854;2908;54;8092;4864;-3228
2017-11-12T12:00:00+0100;2727;2848;121;7695;4122;-3573
2017-11-12T13:00:00+0100;2230;2318;88;7319;4657;-2662
2017-11-12T14:00:00+0100;1427;1640;213;7312;5108;-2204
2017-11-12T15:00:00+0100;568;656;88;7818;5218;-2600
2017-11-12T16:00:00+0100;70;48;-22;8646;6260;-2386
2017-11-12T17:00:00+0100;0;0;0;9540;7325;-2215
2017-11-12T18:00:00+0100;0;0;0;10375;8054;-2321
2017-11-12T19:00:00+0100;0;0;0;10994;8584;-2410
2017-11-12T20:00:00+0100;0;0;0;11414;9112;-2302
2017-11-12T21:00:00+0100;0;0;0;11859;10094;-1765
2017-11-12T22:00:00+0100;0;0;0;12290;10552;-1738
2017-11-12T23:00:00+0100;0;0;0;12600;11252;-1348
2017-11-13T00:00:00+0100;0;0;0;10274;11697;1423
2017-11-13T01:00:00+0100;0;0;0;10680;11858;1178
2017-11-13T02:00:00+0100;0;0;0;10870;11795;925
2017-11-13T03:00:00+0100;0;0;0;10912;12096;1184
2017-11-13T04:00:00+0100;0;0;0;10705;11970;1265
2017-11-13T05:00:00+0100;0;0;0;10309;11713;1404
2017-11-13T06:00:00+0100;0;0;0;9965;11153;1188
2017-11-13T07:00:00+0100;72;29;-43;9389;10564;1175
2017-11-13T08:00:00+0100;1092;834;-258;8731;9897;1166
2017-11-13T09:00:00+0100;3220;2865;-355;8161;8759;598
2017-11-13T10:00:00+0100;5191;5116;-75;7773;7782;9
2017-11-13T11:00:00+0100;6515;6933;418;7622;7154;-468
2017-11-13T12:00:00+0100;6905;7497;592;7588;7593;5
2017-11-13T13:00:00+0100;6274;6852;578;7531;7866;335
2017-11-13T14:00:00+0100;4541;4765;224;7298;7804;506
2017-11-13T15:00:00+0100;1977;1945;-32;7104;7738;634
2017-11-13T16:00:00+0100;188;161;-27;7067;8422;1355
2017-11-13T17:00:00+0100;0;0;0;7140;8798;1658
2017-11-13T18:00:00+0100;0;0;0;7146;8580;1434
2017-11-13T19:00:00+0100;0;0;0;6922;7657;735
2017-11-13T20:00:00+0100;0;0;0;6218;6910;692
2017-11-13T21:00:00+0100;0;0;0;5426;5549;123
2017-11-13T22:00:00+0100;0;0;0;4793;4625;-168
2017-11-13T23:00:00+0100;0;0;0;4452;4207;-245
2017-11-14T00:00:00+0100;0;0;0;4700;4582;-118
2017-11-14T01:00:00+0100;0;0;0;5036;5428;392
2017-11-14T02:00:00+0100;0;0;0;5675;6818;1143
2017-11-14T03:00:00+0100;0;0;0;6720;8850;2130
2017-11-14T04:00:00+0100;0;0;0;8012;10350;2338
2017-11-14T05:00:00+0100;0;0;0;9445;10949;1504
2017-11-14T06:00:00+0100;0;0;0;10871;12168;1297
2017-11-14T07:00:00+0100;108;61;-47;12141;13246;1105
2017-11-14T08:00:00+0100;1440;1377;-63;13161;14003;842
2017-11-14T09:00:00+0100;3763;4059;296;14062;14547;485
2017-11-14T10:00:00+0100;5732;6498;766;14764;14368;-396
2017-11-14T11:00:00+0100;6817;7632;815;15211;15122;-89
2017-11-14T12:00:00+0100;6786;7269;483;15732;15698;-34
2017-11-14T13:00:00+0100;5773;6000;227;15857;15820;-37
2017-11-14T14:00:00+0100;3940;4042;102;15192;15799;607
2017-11-14T15:00:00+0100;1669;1685;16;14572;15489;917
2017-11-14T16:00:00+0100;153;149;-4;14128;15337;1209
2017-11-14T17:00:00+0100;0;0;0;13673;15128;1455
2017-11-14T18:00:00+0100;0;0;0;13020;14640;1620
2017-11-14T19:00:00+0100;0;0;0;12305;13333;1028
2017-11-14T20:00:00+0100;0;0;0;11462;11817;355
2017-11-14T21:00:00+0100;0;0;0;10383;10260;-123
2017-11-14T22:00:00+0100;0;0;0;9404;9223;-181
2017-11-14T23:00:00+0100;0;0;0;8590;8198;-392
2017-11-15T00:00:00+0100;0;0;0;8184;7892;-292
2017-11-15T01:00:00+0100;0;0;0;7537;7833;296
2017-11-15T02:00:00+0100;0;0;0;7004;7049;45
2017-11-15T03:00:00+0100;0;0;0;6601;6596;-5
2017-11-15T04:00:00+0100;0;0;0;6277;6852;575
2017-11-15T05:00:00+0100;0;0;0;6015;6652;637
2017-11-15T06:00:00+0100;0;0;0;5848;6555;707
2017-11-15T07:00:00+0100;116;44;-72;5649;6380;731
2017-11-15T08:00:00+0100;1446;786;-660;5339;5709;370
2017-11-15T09:00:00+0100;3736;2262;-1474;4998;5640;642
2017-11-15T10:00:00+0100;5760;3672;-2088;4585;5082;497
2017-11-15T11:00:00+0100;6959;4774;-2185;4102;4320;218
2017-11-15T12:00:00+0100;7188;5224;-1964;3633;3526;-107
2017-11-15T13:00:00+0100;6387;4658;-1729;3121;2868;-253
2017-11-15T14:00:00+0100;4500;3127;-1373;2545;2381;-164
2017-11-15T15:00:00+0100;1933;1189;-744;2162;1968;-194
2017-11-15T16:00:00+0100;189;66;-123;1997;1900;-97
2017-11-15T17:00:00+0100;0;0;0;2060;1904;-156
2017-11-15T18:00:00+0100;0;0;0;2131;1958;-173
2017-11-15T19:00:00+0100;0;0;0;2210;1926;-284
2017-11-15T20:00:00+0100;0;0;0;2253;1969;-284
2017-11-15T21:00:00+0100;0;0;0;2268;2001;-267
2017-11-15T22:00:00+0100;0;0;0;2297;2107;-190
2017-11-15T23:00:00+0100;0;0;0;2320;2348;28
2017-11-16T00:00:00+0100;0;0;0;2669;2505;-164
2017-11-16T01:00:00+0100;0;0;0;3054;2887;-167
2017-11-16T02:00:00+0100;0;0;0;3425;3218;-207
2017-11-16T03:00:00+0100;0;0;0;3867;3490;-377
2017-11-16T04:00:00+0100;0;0;0;4343;3942;-401
2017-11-16T05:00:00+0100;0;0;0;4954;4095;-859
2017-11-16T06:00:00+0100;0;0;0;5755;4527;-1228
2017-11-16T07:00:00+0100;90;32;-58;6572;5256;-1316
2017-11-16T08:00:00+0100;1310;687;-623;7353;5852;-1501
2017-11-16T09:00:00+0100;3555;1829;-1726;7999;5918;-2081
2017-11-16T10:00:00+0100;5621;2851;-2770;8496;6320;-2176
2017-11-16T11:00:00+0100;6920;3705;-3215;8872;6633;-2239
2017-11-16T12:00:00+0100;7070;3716;-3354;9191;7084;-2107
2017-11-16T13:00:00+0100;6104;2984;-3120;9397;7424;-1973
2017-11-16T14:00:00+0100;4163;1744;-2419;9539;7573;-1966
2017-11-16T15:00:00+0100;1702;579;-1123;9863;8052;-1811
2017-11-16T16:00:00+0100;163;18;-145;10325;8777;-1548
2017-11-16T17:00:00+0100;0;0;0;10921;9993;-928
2017-11-16T18:00:00+0100;0;0;0;11559;11111;-448
2017-11-16T19:00:00+0100;0;0;0;11692;11565;-127
2017-11-16T20:00:00+0100;0;0;0;11246;11840;594
2017-11-16T21:00:00+0100;0;0;0;10632;11383;751
2017-11-16T22:00:00+0100;0;0;0;10042;10987;945
2017-11-16T23:00:00+0100;0;0;0;9259;10959;1700
2017-11-17T00:00:00+0100;0;0;0;10949;10605;-344
2017-11-17T01:00:00+0100;0;0;0;10418;9886;-532
2017-11-17T02:00:00+0100;0;0;0;9747;8726;-1021
2017-11-17T03:00:00+0100;0;0;0;9070;8074;-996
2017-11-17T04:00:00+0100;0;0;0;8437;7711;-726
2017-11-17T05:00:00+0100;0;0;0;7833;7241;-592
2017-11-17T06:00:00+0100;0;0;0;7306;6799;-507
2017-11-17T07:00:00+0100;37;22;-15;6905;6613;-292
2017-11-17T08:00:00+0100;1062;802;-260;6721;6554;-167
2017-11-17T09:00:00+0100;3265;2802;-463;6633;5918;-715
2017-11-17T10:00:00+0100;5329;4897;-432;6573;5269;-1304
2017-11-17T11:00:00+0100;6594;6477;-117;6531;4816;-1715
2017-11-17T12:00:00+0100;6768;6948;180;6695;5037;-1658
2017-11-17T13:00:00+0100;5856;5841;-15;7164;5362;-1802
2017-11-17T14:00:00+0100;3977;3764;-213;7857;6002;-1855
2017-11-17T15:00:00+0100;1529;1304;-225;8676;6417;-2259
2017-11-17T16:00:00+0100;103;62;-41;9613;7738;-1875
2017-11-17T17:00:00+0100;0;0;0;10674;9687;-987
2017-11-17T18:00:00+0100;0;0;0;11705;10633;-1072
2017-11-17T19:00:00+0100;0;0;0;12575;11437;-1138
2017-11-17T20:00:00+0100;0;0;0;13414;12141;-1273
2017-11-17T21:00:00+0100;0;0;0;14273;12385;-1888
2017-11-17T22:00:00+0100;0;0;0;15076;12357;-2719
2017-11-17T23:00:00+0100;0;0;0;15781;13320;-2461
2017-11-18T00:00:00+0100;0;0;0;15205;14341;-864
2017-11-18T01:00:00+0100;0;0;0;16112;15244;-868
2017-11-18T02:00:00+0100;0;0;0;16979;16094;-885
2017-11-18T03:00:00+0100;0;0;0;17933;17284;-649
2017-11-18T04:00:00+0100;0;0;0;19035;18242;-793
2017-11-18T05:00:00+0100;0;0;0;20211;19413;-798
2017-11-18T06:00:00+0100;0;0;0;21385;21078;-307
2017-11-18T07:00:00+0100;31;20;-11;22488;22361;-127
2017-11-18T08:00:00+0100;872;725;-147;23540;23835;295
2017-11-18T09:00:00+0100;2752;2336;-416;24750;24886;136
2017-11-18T10:00:00+0100;4550;3609;-941;26220;27007;787
2017-11-18T11:00:00+0100;5631;3795;-1836;27808;28729;921
2017-11-18T12:00:00+0100;5616;3436;-2180;29479;31062;1583
2017-11-18T13:00:00+0100;4713;2714;-1999;30239;31128;889
2017-11-18T14:00:00+0100;3150;1646;-1504;29914;30432;518
2017-11-18T15:00:00+0100;1215;576;-639;29056;29922;866
2017-11-18T16:00:00+0100;97;23;-74;28366;29903;1537
2017-11-18T17:00:00+0100;0;0;0;28005;29353;1348
2017-11-18T18:00:00+0100;0;0;0;27736;28754;1018
2017-11-18T19:00:00+0100;0;0;0;27580;28326;746
2017-11-18T20:00:00+0100;0;0;0;27552;27274;-278
2017-11-18T21:00:00+0100;0;0;0;27639;26920;-719
2017-11-18T22:00:00+0100;0;0;0;27660;26334;-1326
2017-11-18T23:00:00+0100;0;0;0;27686;26374;-1312
2017-11-19T00:00:00+0100;0;0;0;27827;26708;-1119
2017-11-19T01:00:00+0100;0;0;0;28020;26773;-1247
2017-11-19T02:00:00+0100;0;0;0;28239;26782;-1457
2017-11-19T03:00:00+0100;0;0;0;28587;27282;-1305
2017-11-19T04:00:00+0100;0;0;0;28978;27876;-1102
2017-11-19T05:00:00+0100;0;0;0;29466;28620;-846
2017-11-19T06:00:00+0100;0;0;0;29959;29492;-467
2017-11-19T07:00:00+0100;24;12;-12;30482;30173;-309
2017-11-19T08:00:00+0100;735;750;15;30979;30324;-655
2017-11-19T09:00:00+0100;2597;2761;164;31570;30681;-889
2017-11-19T10:00:00+0100;4495;4683;188;32234;31168;-1066
2017-11-19T11:00:00+0100;5730;5580;-150;32711;31526;-1185
2017-11-19T12:00:00+0100;6002;5509;-493;33051;31641;-1410
2017-11-19T13:00:00+0100;5359;4928;-431;33048;31460;-1588
2017-11-19T14:00:00+0100;3819;3183;-636;32592;31450;-1142
2017-11-19T15:00:00+0100;1534;1180;-354;31796;31940;144
2017-11-19T16:00:00+0100;118;65;-53;31020;32664;1644
2017-11-19T17:00:00+0100;0;0;0;30303;32677;2374
2017-11-19T18:00:00+0100;0;0;0;29748;32564;2816
2017-11-19T19:00:00+0100;0;0;0;29027;31891;2864
2017-11-19T20:00:00+0100;0;0;0;28107;31066;2959
2017-11-19T21:00:00+0100;0;0;0;27076;29967;2891
2017-11-19T22:00:00+0100;0;0;0;26017;28962;2945
2017-11-19T23:00:00+0100;0;0;0;25188;27864;2676
2017-11-20T00:00:00+0100;0;0;0;24543;26395;1852
2017-11-20T01:00:00+0100;0;0;0;23554;25224;1670
2017-11-20T02:00:00+0100;0;0;0;22356;23010;654
2017-11-20T03:00:00+0100;0;0;0;21197;21830;633
2017-11-20T04:00:00+0100;0;0;0;20107;19800;-307
2017-11-20T05:00:00+0100;0;0;0;19122;19145;23
2017-11-20T06:00:00+0100;0;0;0;18212;18771;559
2017-11-20T07:00:00+0100;21;14;-7;17165;18618;1453
2017-11-20T08:00:00+0100;484;558;74;16289;17494;1205
2017-11-20T09:00:00+0100;1525;1798;273;15681;16258;577
2017-11-20T10:00:00+0100;2406;2762;356;15303;15193;-110
2017-11-20T11:00:00+0100;2779;3126;347;15339;14902;-437
2017-11-20T12:00:00+0100;2579;2813;234;15579;14975;-604
2017-11-20T13:00:00+0100;1988;2174;186;15521;14258;-1263
2017-11-20T14:00:00+0100;1157;1275;118;15034;13525;-1509
2017-11-20T15:00:00+0100;386;392;6;14505;13330;-1175
2017-11-20T16:00:00+0100;33;10;-23;14240;13246;-994
2017-11-20T17:00:00+0100;0;0;0;14143;13571;-572
2017-11-20T18:00:00+0100;0;0;0;14121;13496;-625
2017-11-20T19:00:00+0100;0;0;0;14089;13190;-899
2017-11-20T20:00:00+0100;0;0;0;13872;12904;-968
2017-11-20T21:00:00+0100;0;0;0;13641;12371;-1270
2017-11-20T22:00:00+0100;0;0;0;13256;11922;-1334
2017-11-20T23:00:00+0100;0;0;0;12690;11636;-1054
2017-11-21T00:00:00+0100;0;0;0;11269;11615;346
2017-11-21T01:00:00+0100;0;0;0;10797;11521;724
2017-11-21T02:00:00+0100;0;0;0;10477;11474;997
2017-11-21T03:00:00+0100;0;0;0;10175;10949;774
2017-11-21T04:00:00+0100;0;0;0;9844;10750;906
2017-11-21T05:00:00+0100;0;0;0;9587;10746;1159
2017-11-21T06:00:00+0100;0;0;0;9458;10910;1452
2017-11-21T07:00:00+0100;8;6;-2;9317;10921;1604
2017-11-21T08:00:00+0100;232;266;34;9202;10938;1736
2017-11-21T09:00:00+0100;744;964;220;9125;10945;1820
2017-11-21T10:00:00+0100;1255;1604;349;9060;10454;1394
2017-11-21T11:00:00+0100;1542;1970;428;9030;10276;1246
2017-11-21T12:00:00+0100;1584;2198;614;9090;10093;1003
2017-11-21T13:00:00+0100;1398;2156;758;9229;10092;863
2017-11-21T14:00:00+0100;961;1536;575;9483;10544;1061
2017-11-21T15:00:00+0100;378;530;152;9977;11034;1057
2017-11-21T16:00:00+0100;35;10;-25;10881;11919;1038
2017-11-21T17:00:00+0100;0;0;0;12358;12812;454
2017-11-21T18:00:00+0100;0;0;0;13977;14142;165
2017-11-21T19:00:00+0100;0;0;0;15386;15924;538
2017-11-21T20:00:00+0100;0;0;0;17017;18138;1121
2017-11-21T21:00:00+0100;0;0;0;18609;19549;940
2017-11-21T22:00:00+0100;0;0;0;19723;20424;701
2017-11-21T23:00:00+0100;0;0;0;20483;21449;966
2017-11-22T00:00:00+0100;0;0;0;21691;22587;896
2017-11-22T01:00:00+0100;0;0;0;22753;24319;1566
2017-11-22T02:00:00+0100;0;0;0;23831;25442;1611
2017-11-22T03:00:00+0100;0;0;0;24872;26680;1808
2017-11-22T04:00:00+0100;0;0;0;25827;27144;1317
2017-11-22T05:00:00+0100;0;0;0;26678;27422;744
2017-11-22T06:00:00+0100;0;0;0;27426;28134;708
2017-11-22T07:00:00+0100;37;24;-13;27827;26974;-853
2017-11-22T08:00:00+0100;1177;1234;57;27783;26080;-1703
2017-11-22T09:00:00+0100;3502;3744;242;27626;25211;-2415
2017-11-22T10:00:00+0100;5680;6335;655;27106;24190;-2916
2017-11-22T11:00:00+0100;7103;8286;1183;26187;22844;-3343
2017-11-22T12:00:00+0100;7558;9214;1656;24906;21601;-3305
2017-11-22T13:00:00+0100;6901;8628;1727;23452;20137;-3315
2017-11-22T14:00:00+0100;4997;6151;1154;22132;18540;-3592
2017-11-22T15:00:00+0100;2130;2412;282;21115;17143;-3972
2017-11-22T16:00:00+0100;170;119;-51;20897;18688;-2209
2017-11-22T17:00:00+0100;0;0;0;21562;21603;41
2017-11-22T18:00:00+0100;0;0;0;22416;23903;1487
2017-11-22T19:00:00+0100;0;0;0;23225;25418;2193
2017-11-22T20:00:00+0100;0;0;0;23939;26547;2608
2017-11-22T21:00:00+0100;0;0;0;24721;27337;2616
2017-11-22T22:00:00+0100;0;0;0;25447;27018;1571
2017-11-22T23:00:00+0100;0;0;0;26024;27573;1549
2017-11-23T00:00:00+0100;0;0;0;27564;28286;722
2017-11-23T01:00:00+0100;0;0;0;27947;28442;495
2017-11-23T02:00:00+0100;0;0;0;28416;28458;42
2017-11-23T03:00:00+0100;0;0;0;29020;28812;-208
2017-11-23T04:00:00+0100;0;0;0;29735;29778;43
2017-11-23T05:00:00+0100;0;0;0;30637;30995;358
2017-11-23T06:00:00+0100;0;0;0;31544;32328;784
2017-11-23T07:00:00+0100;47;29;-18;32317;32596;279
2017-11-23T08:00:00+0100;1693;1749;56;32864;33098;234
2017-11-23T09:00:00+0100;5150;5185;35;33359;33075;-284
2017-11-23T10:00:00+0100;7878;7302;-576;33747;33196;-551
2017-11-23T11:00:00+0100;9050;8030;-1020;33973;33470;-503
2017-11-23T12:00:00+0100;8725;7764;-961;34082;33938;-144
2017-11-23T13:00:00+0100;7176;6387;-789;34037;34156;119
2017-11-23T14:00:00+0100;4611;4165;-446;33736;33620;-116
2017-11-23T15:00:00+0100;1689;1384;-305;33157;32484;-673
2017-11-23T16:00:00+0100;106;52;-54;32370;32244;-126
2017-11-23T17:00:00+0100;0;0;0;31394;30842;-552
2017-11-23T18:00:00+0100;0;0;0;30511;30450;-61
2017-11-23T19:00:00+0100;0;0;0;29737;29584;-153
2017-11-23T20:00:00+0100;0;0;0;28500;28912;412
2017-11-23T21:00:00+0100;0;0;0;27103;27733;630
2017-11-23T22:00:00+0100;0;0;0;25297;26029;732
2017-11-23T23:00:00+0100;0;0;0;23207;24249;1042
2017-11-24T00:00:00+0100;0;0;0;20837;22239;1402
2017-11-24T01:00:00+0100;0;0;0;19698;20208;510
2017-11-24T02:00:00+0100;0;0;0;18066;18689;623
2017-11-24T03:00:00+0100;0;0;0;16544;17515;971
2017-11-24T04:00:00+0100;0;0;0;15328;16999;1671
2017-11-24T05:00:00+0100;0;0;0;14656;16636;1980
2017-11-24T06:00:00+0100;0;0;0;14322;16348;2026
2017-11-24T07:00:00+0100;34;25;-9;14253;16713;2460
2017-11-24T08:00:00+0100;1164;1080;-84;14292;17597;3305
2017-11-24T09:00:00+0100;3443;3336;-107;14550;17856;3306
2017-11-24T10:00:00+0100;5218;5440;222;14766;17593;2827
2017-11-24T11:00:00+0100;6076;6356;280;14908;17330;2422
2017-11-24T12:00:00+0100;5881;5980;99;14890;15700;810
2017-11-24T13:00:00+0100;4809;4938;129;14559;14416;-143
2017-11-24T14:00:00+0100;3020;2566;-454;13728;12532;-1196
2017-11-24T15:00:00+0100;1060;706;-354;12673;10705;-1968
2017-11-24T16:00:00+0100;63;14;-49;11601;9994;-1607
2017-11-24T17:00:00+0100;0;0;0;10559;9316;-1243
2017-11-24T18:00:00+0100;0;0;0;9589;8736;-853
2017-11-24T19:00:00+0100;0;0;0;8637;8259;-378
2017-11-24T20:00:00+0100;0;0;0;7687;7632;-55
2017-11-24T21:00:00+0100;0;0;0;6926;6475;-451
2017-11-24T22:00:00+0100;0;0;0;6264;5800;-464
2017-11-24T23:00:00+0100;0;0;0;5801;5056;-745
2017-11-25T00:00:00+0100;0;0;0;5144;4981;-163
2017-11-25T01:00:00+0100;0;0;0;4709;4873;164
2017-11-25T02:00:00+0100;0;0;0;4283;4692;409
2017-11-25T03:00:00+0100;0;0;0;4002;4394;392
2017-11-25T04:00:00+0100;0;0;0;3815;4594;779
2017-11-25T05:00:00+0100;0;0;0;3788;4818;1030
2017-11-25T06:00:00+0100;0;0;0;3956;5400;1444
2017-11-25T07:00:00+0100;12;9;-3;4089;5804;1715
2017-11-25T08:00:00+0100;400;307;-93;4255;6517;2262
2017-11-25T09:00:00+0100;1309;1118;-191;4550;7182;2632
2017-11-25T10:00:00+0100;2161;2145;-16;4985;7682;2697
2017-11-25T11:00:00+0100;2624;2853;229;5593;7600;2007
2017-11-25T12:00:00+0100;2559;2834;275;6435;7574;1139
2017-11-25T13:00:00+0100;2093;2208;115;7346;8617;1271
2017-11-25T14:00:00+0100;1373;1466;93;8346;9604;1258
2017-11-25T15:00:00+0100;513;586;73;9422;10568;1146
2017-11-25T16:00:00+0100;39;26;-13;10349;12068;1719
2017-11-25T17:00:00+0100;0;0;0;11176;12748;1572
2017-11-25T18:00:00+0100;0;0;0;12015;13385;1370
2017-11-25T19:00:00+0100;0;0;0;13037;14460;1423
2017-11-25T20:00:00+0100;0;0;0;13894;15400;1506
2017-11-25T21:00:00+0100;0;0;0;14584;16227;1643
2017-11-25T22:00:00+0100;0;0;0;15371;16954;1583
2017-11-25T23:00:00+0100;0;0;0;16069;17993;1924
2017-11-26T00:00:00+0100;0;0;0;17108;19516;2408
2017-11-26T01:00:00+0100;0;0;0;18192;21104;2912
2017-11-26T02:00:00+0100;0;0;0;19390;22220;2830
2017-11-26T03:00:00+0100;0;0;0;20548;23508;2960
2017-11-26T04:00:00+0100;0;0;0;21651;24116;2465
2017-11-26T05:00:00+0100;0;0;0;22561;24506;1945
2017-11-26T06:00:00+0100;0;0;0;23304;25438;2134
2017-11-26T07:00:00+0100;14;5;-9;23911;25434;1523
2017-11-26T08:00:00+0100;853;631;-222;24335;25014;679
2017-11-26T09:00:00+0100;3007;2180;-827;25070;24726;-344
2017-11-26T10:00:00+0100;4904;3826;-1078;25977;24915;-1062
2017-11-26T11:00:00+0100;5841;4812;-1029;26951;25343;-1608
2017-11-26T12:00:00+0100;5766;4704;-1062;27742;25873;-1869
2017-11-26T13:00:00+0100;4868;3615;-1253;27944;25632;-2312
2017-11-26T14:00:00+0100;3237;2082;-1155;27534;25127;-2407
2017-11-26T15:00:00+0100;1152;696;-456;26581;24838;-1743
2017-11-26T16:00:00+0100;67;35;-32;26059;25362;-697
2017-11-26T17:00:00+0100;0;0;0;25996;26084;88
2017-11-26T18:00:00+0100;0;0;0;26216;26512;296
2017-11-26T19:00:00+0100;0;0;0;26317;26548;231
2017-11-26T20:00:00+0100;0;0;0;26206;26680;474
2017-11-26T21:00:00+0100;0;0;0;25982;25900;-82
2017-11-26T22:00:00+0100;0;0;0;25717;24974;-743
2017-11-26T23:00:00+0100;0;0;0;25363;24618;-745
2017-11-27T00:00:00+0100;0;0;0;23846;24858;1012
2017-11-27T01:00:00+0100;0;0;0;23483;24758;1275
2017-11-27T02:00:00+0100;0;0;0;23236;24359;1123
2017-11-27T03:00:00+0100;0;0;0;23133;24170;1037
2017-11-27T04:00:00+0100;0;0;0;23288;24484;1196
2017-11-27T05:00:00+0100;0;0;0;23811;25468;1657
2017-11-27T06:00:00+0100;0;0;0;24538;26430;1892
2017-11-27T07:00:00+0100;11;4;-7;25812;27192;1380
2017-11-27T08:00:00+0100;635;572;-63;27179;28233;1054
2017-11-27T09:00:00+0100;2188;2366;178;28843;29514;671
2017-11-27T10:00:00+0100;3526;4263;737;30214;31027;813
2017-11-27T11:00:00+0100;4054;4835;781;31395;32792;1397
2017-11-27T12:00:00+0100;3781;4504;723;32548;34147;1599
2017-11-27T13:00:00+0100;2840;3174;334;32881;34820;1939
2017-11-27T14:00:00+0100;1667;1722;55;32668;35178;2510
2017-11-27T15:00:00+0100;555;529;-26;32304;35566;3262
2017-11-27T16:00:00+0100;35;14;-21;31825;35520;3695
2017-11-27T17:00:00+0100;0;0;0;31194;35272;4078
2017-11-27T18:00:00+0100;0;0;0;30537;34874;4337
2017-11-27T19:00:00+0100;0;0;0;29754;35006;5252
2017-11-27T20:00:00+0100;0;0;0;29118;34368;5250
2017-11-27T21:00:00+0100;0;0;0;28527;33361;4834
2017-11-27T22:00:00+0100;0;0;0;27929;32358;4429
2017-11-27T23:00:00+0100;0;0;0;27564;32334;4770
2017-11-28T00:00:00+0100;0;0;0;29717;32049;2332
2017-11-28T01:00:00+0100;0;0;0;29548;31358;1810
2017-11-28T02:00:00+0100;0;0;0;29414;30457;1043
2017-11-28T03:00:00+0100;0;0;0;29205;29982;777
2017-11-28T04:00:00+0100;0;0;0;28817;28768;-49
2017-11-28T05:00:00+0100;0;0;0;28244;27997;-247
2017-11-28T06:00:00+0100;0;0;0;27722;27172;-550
2017-11-28T07:00:00+0100;5;2;-3;27375;27149;-226
2017-11-28T08:00:00+0100;434;401;-33;27057;26772;-285
2017-11-28T09:00:00+0100;1770;1814;44;26489;25566;-923
2017-11-28T10:00:00+0100;3204;3224;20;25835;24814;-1021
2017-11-28T11:00:00+0100;4155;3930;-225;25210;23312;-1898
2017-11-28T12:00:00+0100;4304;4163;-141;24337;21642;-2695
2017-11-28T13:00:00+0100;3685;3365;-320;22704;20707;-1997
2017-11-28T14:00:00+0100;2395;2050;-345;20429;19408;-1021
2017-11-28T15:00:00+0100;797;683;-114;18206;17719;-487
2017-11-28T16:00:00+0100;47;26;-21;16638;16948;310
2017-11-28T17:00:00+0100;0;0;0;15745;16801;1056
2017-11-28T18:00:00+0100;0;0;0;14830;16478;1648
2017-11-28T19:00:00+0100;0;0;0;13757;15899;2142
2017-11-28T20:00:00+0100;0;0;0;12719;15298;2579
2017-11-28T21:00:00+0100;0;0;0;11748;14570;2822
2017-11-28T22:00:00+0100;0;0;0;10931;13212;2281
2017-11-28T23:00:00+0100;0;0;0;10111;11973;1862
2017-11-29T00:00:00+0100;0;0;0;8532;10929;2397
2017-11-29T01:00:00+0100;0;0;0;7712;9711;1999
2017-11-29T02:00:00+0100;0;0;0;7028;8966;1938
2017-11-29T03:00:00+0100;0;0;0;6404;8527;2123
2017-11-29T04:00:00+0100;0;0;0;5836;8153;2317
2017-11-29T05:00:00+0100;0;0;0;5328;7380;2052
2017-11-29T06:00:00+0100;0;0;0;4828;6525;1697
2017-11-29T07:00:00+0100;4;3;-1;4305;5883;1578
2017-11-29T08:00:00+0100;612;570;-42;3804;5532;1728
2017-11-29T09:00:00+0100;2398;2325;-73;3331;4747;1416
2017-11-29T10:00:00+0100;4159;4072;-87;2871;3292;421
2017-11-29T11:00:00+0100;5193;5174;-19;2550;2523;-27
2017-11-29T12:00:00+0100;5220;5106;-114;2324;2225;-99
2017-11-29T13:00:00+0100;4292;3964;-328;2111;2185;74
2017-11-29T14:00:00+0100;2681;2239;-442;1939;2076;137
2017-11-29T15:00:00+0100;868;681;-187;1874;2011;137
2017-11-29T16:00:00+0100;50;21;-29;1892;2198;306
2017-11-29T17:00:00+0100;0;0;0;2031;2325;294
2017-11-29T18:00:00+0100;0;0;0;2205;2279;74
2017-11-29T19:00:00+0100;0;0;0;2313;2388;75
2017-11-29T20:00:00+0100;0;0;0;2349;2295;-54
2017-11-29T21:00:00+0100;0;0;0;2394;2244;-150
2017-11-29T22:00:00+0100;0;0;0;2493;2088;-405
2017-11-29T23:00:00+0100;0;0;0;2581;2074;-507
2017-11-30T00:00:00+0100;0;0;0;2210;2026;-184
2017-11-30T01:00:00+0100;0;0;0;2260;2062;-198
2017-11-30T02:00:00+0100;0;0;0;2327;2218;-109
2017-11-30T03:00:00+0100;0;0;0;2445;2586;141
2017-11-30T04:00:00+0100;0;0;0;2630;2459;-171
2017-11-30T05:00:00+0100;0;0;0;2744;2668;-76
2017-11-30T06:00:00+0100;0;0;0;2814;2801;-13
2017-11-30T07:00:00+0100;2;0;-2;2877;2966;89
2017-11-30T08:00:00+0100;278;273;-5;2817;2766;-51
2017-11-30T09:00:00+0100;1358;1410;52;2748;2766;18
2017-11-30T10:00:00+0100;2721;2534;-187;2716;2824;108
2017-11-30T11:00:00+0100;3511;2904;-607;2741;2504;-237
2017-11-30T12:00:00+0100;3547;2809;-738;2777;2390;-387
2017-11-30T13:00:00+0100;2924;2374;-550;2751;2392;-359
2017-11-30T14:00:00+0100;1785;1525;-260;2596;2336;-260
2017-11-30T15:00:00+0100;560;474;-86;2523;2587;64
2017-11-30T16:00:00+0100;35;11;-24;2503;3067;564
2017-11-30T17:00:00+0100;0;0;0;2671;3414;743
2017-11-30T18:00:00+0100;0;0;0;2961;3449;488
2017-11-30T19:00:00+0100;0;0;0;3158;3250;92
2017-11-30T20:00:00+0100;0;0;0;3256;3126;-130
2017-11-30T21:00:00+0100;0;0;0;3387;2832;-555
2017-11-30T22:00:00+0100;0;0;0;3559;2829;-730
2017-11-30T23:00:00+0100;0;0;0;3709;2898;-811
2017-12-01T00:00:00+0100;0;0;0;3736;3199;-537
2017-12-01T01:00:00+0100;0;0;0;3820;3170;-650
2017-12-01T02:00:00+0100;0;0;0;3921;3000;-921
2017-12-01T03:00:00+0100;0;0;0;4054;2911;-1143
2017-12-01T04:00:00+0100;0;0;0;4201;2876;-1325
2017-12-01T05:00:00+0100;0;0;0;4341;2808;-1533
2017-12-01T06:00:00+0100;0;0;0;4496;2506;-1990
2017-12-01T07:00:00+0100;4;1;-3;4600;2414;-2186
2017-12-01T08:00:00+0100;475;412;-63;4531;2471;-2060
2017-12-01T09:00:00+0100;2301;1674;-627;4389;2374;-2015
2017-12-01T10:00:00+0100;4255;3048;-1207;4070;2029;-2041
2017-12-01T11:00:00+0100;5406;4150;-1256;3613;1963;-1650
2017-12-01T12:00:00+0100;5439;3957;-1482;3181;1630;-1551
2017-12-01T13:00:00+0100;4506;3260;-1246;2859;1579;-1280
2017-12-01T14:00:00+0100;2847;2068;-779;2725;1911;-814
2017-12-01T15:00:00+0100;947;676;-271;2735;2104;-631
2017-12-01T16:00:00+0100;44;20;-24;2768;2300;-468
2017-12-01T17:00:00+0100;0;0;0;2788;2298;-490
2017-12-01T18:00:00+0100;0;0;0;2770;2297;-473
2017-12-01T19:00:00+0100;0;0;0;2627;1961;-666
2017-12-01T20:00:00+0100;0;0;0;2372;1802;-570
2017-12-01T21:00:00+0100;0;0;0;2162;1662;-500
2017-12-01T22:00:00+0100;0;0;0;2031;1584;-447
2017-12-01T23:00:00+0100;0;0;0;2007;1408;-599
2017-12-02T00:00:00+0100;0;0;0;1527;1265;-262
2017-12-02T01:00:00+0100;0;0;0;1604;1262;-342
2017-12-02T02:00:00+0100;0;0;0;1679;1296;-383
2017-12-02T03:00:00+0100;0;0;0;1834;1424;-410
2017-12-02T04:00:00+0100;0;0;0;2132;1528;-604
2017-12-02T05:00:00+0100;0;0;0;2526;1697;-829
2017-12-02T06:00:00+0100;0;0;0;2927;2100;-827
2017-12-02T07:00:00+0100;5;0;-5;3325;2433;-892
2017-12-02T08:00:00+0100;642;352;-290;3724;2911;-813
2017-12-02T09:00:00+0100;2808;1627;-1181;4193;3267;-926
2017-12-02T10:00:00+0100;5268;2896;-2372;4635;3808;-827
2017-12-02T11:00:00+0100;6807;3522;-3285;5077;4551;-526
2017-12-02T12:00:00+0100;6964;3451;-3513;5548;5042;-506
2017-12-02T13:00:00+0100;5807;2731;-3076;6067;5780;-287
2017-12-02T14:00:00+0100;3687;1492;-2195;6576;6102;-474
2017-12-02T15:00:00+0100;1246;382;-864;7150;6402;-748
2017-12-02T16:00:00+0100;64;6;-58;7763;6725;-1038
2017-12-02T17:00:00+0100;0;0;0;8473;7248;-1225
2017-12-02T18:00:00+0100;0;0;0;9168;7766;-1402
2017-12-02T19:00:00+0100;0;0;0;9693;8316;-1377
2017-12-02T20:00:00+0100;0;0;0;10054;8890;-1164
2017-12-02T21:00:00+0100;0;0;0;10415;8945;-1470
2017-12-02T22:00:00+0100;0;0;0;10751;8952;-1799
2017-12-02T23:00:00+0100;0;0;0;11052;9540;-1512
2017-12-03T00:00:00+0100;0;0;0;11180;10289;-891
2017-12-03T01:00:00+0100;0;0;0;11597;10740;-857
2017-12-03T02:00:00+0100;0;0;0;11948;11067;-881
2017-12-03T03:00:00+0100;0;0;0;12360;11598;-762
2017-12-03T04:00:00+0100;0;0;0;12739;12436;-303
2017-12-03T05:00:00+0100;0;0;0;12971;13500;529
2017-12-03T06:00:00+0100;0;0;0;13228;14360;1132
2017-12-03T07:00:00+0100;2;1;-1;13604;14118;514
2017-12-03T08:00:00+0100;592;280;-312;14048;14338;290
2017-12-03T09:00:00+0100;2263;1311;-952;14516;14780;264
2017-12-03T10:00:00+0100;3800;2290;-1510;14834;15347;513
2017-12-03T11:00:00+0100;4618;2790;-1828;15064;16094;1030
2017-12-03T12:00:00+0100;4534;2677;-1857;15353;17190;1837
2017-12-03T13:00:00+0100;3653;1932;-1721;15626;17667;2041
2017-12-03T14:00:00+0100;2217;946;-1271;15870;17588;1718
2017-12-03T15:00:00+0100;675;182;-493;16162;17692;1530
2017-12-03T16:00:00+0100;26;2;-24;16535;17826;1291
2017-12-03T17:00:00+0100;0;0;0;16938;17893;955
2017-12-03T18:00:00+0100;0;0;0;17352;17977;625
2017-12-03T19:00:00+0100;0;0;0;17657;18270;613
2017-12-03T20:00:00+0100;0;0;0;17960;18642;682
2017-12-03T21:00:00+0100;0;0;0;18323;19044;721
2017-12-03T22:00:00+0100;0;0;0;18750;19458;708
2017-12-03T23:00:00+0100;0;0;0;19274;19657;383
2017-12-04T00:00:00+0100;0;0;0;20270;20208;-62
2017-12-04T01:00:00+0100;0;0;0;20673;20261;-412
2017-12-04T02:00:00+0100;0;0;0;21093;20521;-572
2017-12-04T03:00:00+0100;0;0;0;21614;21082;-532
2017-12-04T04:00:00+0100;0;0;0;22085;21616;-469
2017-12-04T05:00:00+0100;0;0;0;22507;22067;-440
2017-12-04T06:00:00+0100;0;0;0;22762;21854;-908
2017-12-04T07:00:00+0100;1;0;-1;22764;21570;-1194
2017-12-04T08:00:00+0100;184;108;-76;22547;21249;-1298
2017-12-04T09:00:00+0100;949;749;-200;22204;20435;-1769
2017-12-04T10:00:00+0100;1815;1494;-321;21895;20074;-1821
2017-12-04T11:00:00+0100;2379;2114;-265;21638;19326;-2312
2017-12-04T12:00:00+0100;2436;2472;36;21395;18994;-2401
2017-12-04T13:00:00+0100;1948;2149;201;20936;18729;-2207
2017-12-04T14:00:00+0100;1110;1320;210;20068;17947;-2121
2017-12-04T15:00:00+0100;297;336;39;19195;17352;-1843
2017-12-04T16:00:00+0100;13;5;-8;18430;17066;-1364
2017-12-04T17:00:00+0100;0;0;0;17874;17323;-551
2017-12-04T18:00:00+0100;0;0;0;17390;17996;606
2017-12-04T19:00:00+0100;0;0;0;16923;18629;1706
2017-12-04T20:00:00+0100;0;0;0;16480;19560;3080
2017-12-04T21:00:00+0100;0;0;0;16239;20354;4115
2017-12-04T22:00:00+0100;0;0;0;16415;21543;5128
2017-12-04T23:00:00+0100;0;0;0;16988;21936;4948
2017-12-05T00:00:00+0100;0;0;0;19100;22314;3214
2017-12-05T01:00:00+0100;0;0;0;19718;22289;2571
2017-12-05T02:00:00+0100;0;0;0;20088;22343;2255
2017-12-05T03:00:00+0100;0;0;0;20456;22357;1901
2017-12-05T04:00:00+0100;0;0;0;20776;22847;2071
2017-12-05T05:00:00+0100;0;0;0;21014;23205;2191
2017-12-05T06:00:00+0100;0;0;0;21301;23611;2310
2017-12-05T07:00:00+0100;1;0;-1;21620;24438;2818
2017-12-05T08:00:00+0100;156;155;-1;21956;24919;2963
2017-12-05T09:00:00+0100;746;890;144;22496;24792;2296
2017-12-05T10:00:00+0100;1548;1804;256;23056;24606;1550
2017-12-05T11:00:00+0100;2149;2270;121;23573;25118;1545
2017-12-05T12:00:00+0100;2222;2435;213;24006;25423;1417
2017-12-05T13:00:00+0100;1829;1947;118;24200;25748;1548
2017-12-05T14:00:00+0100;1125;1130;5;24275;25975;1700
2017-12-05T15:00:00+0100;383;315;-68;24235;26629;2394
2017-12-05T16:00:00+0100;22;7;-15;24404;27210;2806
2017-12-05T17:00:00+0100;0;0;0;24801;27378;2577
2017-12-05T18:00:00+0100;0;0;0;25245;27535;2290
2017-12-05T19:00:00+0100;0;0;0;25599;27676;2077
2017-12-05T20:00:00+0100;0;0;0;25915;28068;2153
2017-12-05T21:00:00+0100;0;0;0;26249;27744;1495
2017-12-05T22:00:00+0100;0;0;0;26584;27140;556
2017-12-05T23:00:00+0100;0;0;0;26879;27182;303
2017-12-06T00:00:00+0100;0;0;0;27789;27255;-534
2017-12-06T01:00:00+0100;0;0;0;28062;27388;-674
2017-12-06T02:00:00+0100;0;0;0;28269;27310;-959
2017-12-06T03:00:00+0100;0;0;0;28394;27294;-1100
2017-12-06T04:00:00+0100;0;0;0;28442;27776;-666
2017-12-06T05:00:00+0100;0;0;0;28448;28036;-412
2017-12-06T06:00:00+0100;0;0;0;28521;28656;135
2017-12-06T07:00:00+0100;1;0;-1;28572;28458;-114
2017-12-06T08:00:00+0100;217;96;-121;28491;28130;-361
2017-12-06T09:00:00+0100;1021;564;-457;28515;27716;-799
2017-12-06T10:00:00+0100;2024;1210;-814;28595;27618;-977
2017-12-06T11:00:00+0100;2758;1610;-1148;28648;27676;-972
2017-12-06T12:00:00+0100;2893;1665;-1228;28542;27288;-1254
2017-12-06T13:00:00+0100;2456;1411;-1045;28143;26886;-1257
2017-12-06T14:00:00+0100;1549;828;-721;27492;26341;-1151
2017-12-06T15:00:00+0100;520;228;-292;26557;25816;-741
2017-12-06T16:00:00+0100;25;6;-19;25688;25151;-537
2017-12-06T17:00:00+0100;0;0;0;25155;25081;-74
2017-12-06T18:00:00+0100;0;0;0;24876;24967;91
2017-12-06T19:00:00+0100;0;0;0;24656;24233;-423
2017-12-06T20:00:00+0100;0;0;0;24520;24010;-510
2017-12-06T21:00:00+0100;0;0;0;24482;24259;-223
2017-12-06T22:00:00+0100;0;0;0;24465;23816;-649
2017-12-06T23:00:00+0100;0;0;0;24501;24166;-335
2017-12-07T00:00:00+0100;0;0;0;24373;24429;56
2017-12-07T01:00:00+0100;0;0;0;24498;24478;-20
2017-12-07T02:00:00+0100;0;0;0;24549;24456;-93
2017-12-07T03:00:00+0100;0;0;0;24665;24616;-49
2017-12-07T04:00:00+0100;0;0;0;24986;25245;259
2017-12-07T05:00:00+0100;0;0;0;25594;25658;64
2017-12-07T06:00:00+0100;0;0;0;26325;26614;289
2017-12-07T07:00:00+0100;2;0;-2;27122;27726;604
2017-12-07T08:00:00+0100;675;494;-181;27910;28583;673
2017-12-07T09:00:00+0100;3390;2958;-432;28653;29300;647
2017-12-07T10:00:00+0100;6551;6119;-432;29235;30311;1076
2017-12-07T11:00:00+0100;8653;8748;95;29723;30964;1241
2017-12-07T12:00:00+0100;8955;9650;695;30237;31390;1153
2017-12-07T13:00:00+0100;7505;8304;799;31015;32210;1195
2017-12-07T14:00:00+0100;4735;5138;403;32185;32806;621
2017-12-07T15:00:00+0100;1531;1556;25;33651;34237;586
2017-12-07T16:00:00+0100;54;27;-27;35040;35512;472
2017-12-07T17:00:00+0100;0;0;0;36028;37150;1122
2017-12-07T18:00:00+0100;0;0;0;36555;37872;1317
2017-12-07T19:00:00+0100;0;0;0;36464;37516;1052
2017-12-07T20:00:00+0100;0;0;0;35718;36592;874
2017-12-07T21:00:00+0100;0;0;0;34746;34830;84
2017-12-07T22:00:00+0100;0;0;0;33612;32563;-1049
2017-12-07T23:00:00+0100;0;0;0;32189;31675;-514
2017-12-08T00:00:00+0100;0;0;0;29905;31421;1516
2017-12-08T01:00:00+0100;0;0;0;28694;30288;1594
2017-12-08T02:00:00+0100;0;0;0;27613;28780;1167
2017-12-08T03:00:00+0100;0;0;0;26509;27918;1409
2017-12-08T04:00:00+0100;0;0;0;25719;27581;1862
2017-12-08T05:00:00+0100;0;0;0;25011;26868;1857
2017-12-08T06:00:00+0100;0;0;0;24479;27532;3053
2017-12-08T07:00:00+0100;1;0;-1;24352;27007;2655
2017-12-08T08:00:00+0100;303;323;20;24522;26563;2041
2017-12-08T09:00:00+0100;1695;1881;186;25055;26128;1073
2017-12-08T10:00:00+0100;3360;3425;65;25969;27243;1274
2017-12-08T11:00:00+0100;4427;4008;-419;27109;28998;1889
2017-12-08T12:00:00+0100;4539;4389;-150;27935;28684;749
2017-12-08T13:00:00+0100;3836;3829;-7;28156;27739;-417
2017-12-08T14:00:00+0100;2423;2081;-342;27791;27518;-273
2017-12-08T15:00:00+0100;748;556;-192;27272;27096;-176
2017-12-08T16:00:00+0100;28;12;-16;26905;26492;-413
2017-12-08T17:00:00+0100;0;0;0;26896;27103;207
2017-12-08T18:00:00+0100;0;0;0;27137;26632;-505
2017-12-08T19:00:00+0100;0;0;0;27418;26359;-1059
2017-12-08T20:00:00+0100;0;0;0;27569;26076;-1493
2017-12-08T21:00:00+0100;0;0;0;27709;25670;-2039
2017-12-08T22:00:00+0100;0;0;0;27983;25420;-2563
2017-12-08T23:00:00+0100;0;0;0;28338;25964;-2374
2017-12-09T00:00:00+0100;0;0;0;27805;27171;-634
2017-12-09T01:00:00+0100;0;0;0;28338;28319;-19
2017-12-09T02:00:00+0100;0;0;0;28781;28744;-37
2017-12-09T03:00:00+0100;0;0;0;29130;28874;-256
2017-12-09T04:00:00+0100;0;0;0;29497;28747;-750
2017-12-09T05:00:00+0100;0;0;0;29771;28294;-1477
2017-12-09T06:00:00+0100;0;0;0;29951;29046;-905
2017-12-09T07:00:00+0100;0;0;0;29847;30074;227
2017-12-09T08:00:00+0100;222;112;-110;29579;30262;683
2017-12-09T09:00:00+0100;1311;790;-521;29476;31053;1577
2017-12-09T10:00:00+0100;2679;1648;-1031;29440;30778;1338
2017-12-09T11:00:00+0100;3662;2217;-1445;29670;31175;1505
2017-12-09T12:00:00+0100;3976;2653;-1323;30087;31052;965
2017-12-09T13:00:00+0100;3489;2536;-953;30144;30586;442
2017-12-09T14:00:00+0100;2285;1787;-498;29757;30103;346
2017-12-09T15:00:00+0100;778;592;-186;29158;29215;57
2017-12-09T16:00:00+0100;31;9;-22;28934;29048;114
2017-12-09T17:00:00+0100;0;0;0;29064;29241;177
2017-12-09T18:00:00+0100;0;0;0;29351;29031;-320
2017-12-09T19:00:00+0100;0;0;0;29517;29539;22
2017-12-09T20:00:00+0100;0;0;0;29500;30292;792
2017-12-09T21:00:00+0100;0;0;0;29246;30327;1081
2017-12-09T22:00:00+0100;0;0;0;28925;29352;427
2017-12-09T23:00:00+0100;0;0;0;28500;29662;1162
2017-12-10T00:00:00+0100;0;0;0;26683;29503;2820
2017-12-10T01:00:00+0100;0;0;0;26250;28904;2654
2017-12-10T02:00:00+0100;0;0;0;26060;27857;1797
2017-12-10T03:00:00+0100;0;0;0;25459;26316;857
2017-12-10T04:00:00+0100;0;0;0;24456;25615;1159
2017-12-10T05:00:00+0100;0;0;0;23172;24265;1093
2017-12-10T06:00:00+0100;0;0;0;22051;23035;984
2017-12-10T07:00:00+0100;1;0;-1;21289;21989;700
2017-12-10T08:00:00+0100;383;444;61;21023;21230;207
2017-12-10T09:00:00+0100;1783;1724;-59;21005;20820;-185
2017-12-10T10:00:00+0100;3039;2472;-567;21218;21124;-94
2017-12-10T11:00:00+0100;3505;2219;-1286;21435;21153;-282
2017-12-10T12:00:00+0100;3091;1616;-1475;21813;21024;-789
2017-12-10T13:00:00+0100;1966;962;-1004;22780;21878;-902
2017-12-10T14:00:00+0100;908;401;-507;24768;23906;-862
2017-12-10T15:00:00+0100;214;80;-134;27133;26526;-607
2017-12-10T16:00:00+0100;8;4;-4;29039;28423;-616
2017-12-10T17:00:00+0100;0;0;0;30267;29556;-711
2017-12-10T18:00:00+0100;0;0;0;30982;30697;-285
2017-12-10T19:00:00+0100;0;0;0;31301;31528;227
2017-12-10T20:00:00+0100;0;0;0;31077;31354;277
2017-12-10T21:00:00+0100;0;0;0;30735;30650;-85
2017-12-10T22:00:00+0100;0;0;0;30197;29141;-1056
2017-12-10T23:00:00+0100;0;0;0;29121;28640;-481
2017-12-11T00:00:00+0100;0;0;0;27893;27313;-580
2017-12-11T01:00:00+0100;0;0;0;26540;25767;-773
2017-12-11T02:00:00+0100;0;0;0;24011;22802;-1209
2017-12-11T03:00:00+0100;0;0;0;20933;20248;-685
2017-12-11T04:00:00+0100;0;0;0;17757;17066;-691
2017-12-11T05:00:00+0100;0;0;0;15006;13727;-1279
2017-12-11T06:00:00+0100;0;0;0;12152;11205;-947
2017-12-11T07:00:00+0100;0;0;0;10037;11001;964
2017-12-11T08:00:00+0100;145;88;-57;9041;10739;1698
2017-12-11T09:00:00+0100;829;556;-273;8488;10202;1714
2017-12-11T10:00:00+0100;1604;1010;-594;8196;10204;2008
2017-12-11T11:00:00+0100;1990;1106;-884;8145;10689;2544
2017-12-11T12:00:00+0100;1935;1132;-803;8442;11428;2986
2017-12-11T13:00:00+0100;1533;925;-608;9024;12599;3575
2017-12-11T14:00:00+0100;907;628;-279;10181;14636;4455
2017-12-11T15:00:00+0100;267;218;-49;11886;16143;4257
2017-12-11T16:00:00+0100;11;6;-5;13914;18386;4472
2017-12-11T17:00:00+0100;0;0;0;16039;19547;3508
2017-12-11T18:00:00+0100;0;0;0;17719;20056;2337
2017-12-11T19:00:00+0100;0;0;0;18859;22072;3213
2017-12-11T20:00:00+0100;0;0;0;19400;23314;3914
2017-12-11T21:00:00+0100;0;0;0;19681;23345;3664
2017-12-11T22:00:00+0100;0;0;0;19895;22812;2917
2017-12-11T23:00:00+0100;0;0;0;20032;23053;3021
2017-12-12T00:00:00+0100;0;0;0;23340;24068;728
2017-12-12T01:00:00+0100;0;0;0;23942;24866;924
2017-12-12T02:00:00+0100;0;0;0;24725;26016;1291
2017-12-12T03:00:00+0100;0;0;0;25729;26621;892
2017-12-12T04:00:00+0100;0;0;0;26647;27062;415
2017-12-12T05:00:00+0100;0;0;0;27503;27916;413
2017-12-12T06:00:00+0100;0;0;0;28304;29562;1258
2017-12-12T07:00:00+0100;0;0;0;28628;30591;1963
2017-12-12T08:00:00+0100;148;134;-14;28434;30085;1651
2017-12-12T09:00:00+0100;886;936;50;28129;29760;1631
2017-12-12T10:00:00+0100;1800;2000;200;27547;28988;1441
2017-12-12T11:00:00+0100;2413;2717;304;26648;28106;1458
2017-12-12T12:00:00+0100;2575;3025;450;25517;26186;669
2017-12-12T13:00:00+0100;2240;2492;252;24120;24063;-57
2017-12-12T14:00:00+0100;1426;1446;20;22516;22996;480
2017-12-12T15:00:00+0100;452;486;34;20784;22950;2166
2017-12-12T16:00:00+0100;22;14;-8;19375;22639;3264
2017-12-12T17:00:00+0100;0;0;0;18573;22699;4126
2017-12-12T18:00:00+0100;0;0;0;17949;22202;4253
2017-12-12T19:00:00+0100;0;0;0;17543;21012;3469
2017-12-12T20:00:00+0100;0;0;0;17325;19860;2535
2017-12-12T21:00:00+0100;0;0;0;17294;18764;1470
2017-12-12T22:00:00+0100;0;0;0;17569;18157;588
2017-12-12T23:00:00+0100;0;0;0;17956;19149;1193
2017-12-13T00:00:00+0100;0;0;0;22390;19851;-2539
2017-12-13T01:00:00+0100;0;0;0;22951;20238;-2713
2017-12-13T02:00:00+0100;0;0;0;23721;20756;-2965
2017-12-13T03:00:00+0100;0;0;0;24477;21375;-3102
2017-12-13T04:00:00+0100;0;0;0;25313;22381;-2932
2017-12-13T05:00:00+0100;0;0;0;26255;23519;-2736
2017-12-13T06:00:00+0100;0;0;0;27480;25824;-1656
2017-12-13T07:00:00+0100;1;0;-1;29125;27948;-1177
2017-12-13T08:00:00+0100;528;578;50;30451;28976;-1475
2017-12-13T09:00:00+0100;2751;3255;504;31421;29991;-1430
2017-12-13T10:00:00+0100;4976;6246;1270;31897;30402;-1495
2017-12-13T11:00:00+0100;6147;8327;2180;32363;31098;-1265
2017-12-13T12:00:00+0100;5878;8436;2558;32788;32476;-312
2017-12-13T13:00:00+0100;4455;6343;1888;32860;32661;-199
2017-12-13T14:00:00+0100;2485;3066;581;32512;32610;98
2017-12-13T15:00:00+0100;692;622;-70;32292;32646;354
2017-12-13T16:00:00+0100;28;7;-21;32201;33372;1171
2017-12-13T17:00:00+0100;0;0;0;32435;33778;1343
2017-12-13T18:00:00+0100;0;0;0;32558;34210;1652
2017-12-13T19:00:00+0100;0;0;0;32686;34636;1950
2017-12-13T20:00:00+0100;0;0;0;33043;34374;1331
2017-12-13T21:00:00+0100;0;0;0;33347;34784;1437
2017-12-13T22:00:00+0100;0;0;0;33306;34279;973
2017-12-13T23:00:00+0100;0;0;0;32972;34662;1690
2017-12-14T00:00:00+0100;0;0;0;33107;34544;1437
2017-12-14T01:00:00+0100;0;0;0;32648;34306;1658
2017-12-14T02:00:00+0100;0;0;0;32153;34300;2147
2017-12-14T03:00:00+0100;0;0;0;32295;34624;2329
2017-12-14T04:00:00+0100;0;0;0;32348;33648;1300
2017-12-14T05:00:00+0100;0;0;0;32179;32432;253
2017-12-14T06:00:00+0100;0;0;0;31991;32063;72
2017-12-14T07:00:00+0100;0;0;0;32058;31402;-656
2017-12-14T08:00:00+0100;278;185;-93;32389;31247;-1142
2017-12-14T09:00:00+0100;1663;1406;-257;32908;31469;-1439
2017-12-14T10:00:00+0100;3321;3293;-28;33788;32312;-1476
2017-12-14T11:00:00+0100;4325;4457;132;34184;32763;-1421
2017-12-14T12:00:00+0100;4304;4884;580;34134;32948;-1186
2017-12-14T13:00:00+0100;3407;3909;502;33285;31873;-1412
2017-12-14T14:00:00+0100;1989;2222;233;31712;30199;-1513
2017-12-14T15:00:00+0100;596;662;66;29927;28419;-1508
2017-12-14T16:00:00+0100;26;12;-14;28088;27418;-670
2017-12-14T17:00:00+0100;0;0;0;26085;26058;-27
2017-12-14T18:00:00+0100;0;0;0;24179;23573;-606
2017-12-14T19:00:00+0100;0;0;0;22327;21696;-631
2017-12-14T20:00:00+0100;0;0;0;20567;20284;-283
2017-12-14T21:00:00+0100;0;0;0;18820;18120;-700
2017-12-14T22:00:00+0100;0;0;0;17366;16598;-768
2017-12-14T23:00:00+0100;0;0;0;16091;15012;-1079
2017-12-15T00:00:00+0100;0;0;0;14232;13674;-558
2017-12-15T01:00:00+0100;0;0;0;13372;12214;-1158
2017-12-15T02:00:00+0100;0;0;0;12911;11368;-1543
2017-12-15T03:00:00+0100;0;0;0;12535;10860;-1675
2017-12-15T04:00:00+0100;0;0;0;11997;10624;-1373
2017-12-15T05:00:00+0100;0;0;0;11322;9808;-1514
2017-12-15T06:00:00+0100;0;0;0;10870;9660;-1210
2017-12-15T07:00:00+0100;0;0;0;10480;9354;-1126
2017-12-15T08:00:00+0100;339;172;-167;10105;9155;-950
2017-12-15T09:00:00+0100;1912;1559;-353;9823;8487;-1336
2017-12-15T10:00:00+0100;3724;3488;-236;9592;7981;-1611
2017-12-15T11:00:00+0100;4893;4788;-105;9406;7845;-1561
2017-12-15T12:00:00+0100;5080;4986;-94;9222;7798;-1424
2017-12-15T13:00:00+0100;4240;3724;-516;8840;7312;-1528
2017-12-15T14:00:00+0100;2600;2182;-418;8148;6345;-1803
2017-12-15T15:00:00+0100;794;730;-64;7595;5556;-2039
2017-12-15T16:00:00+0100;31;24;-7;7454;4905;-2549
2017-12-15T17:00:00+0100;0;0;0;7753;4591;-3162
2017-12-15T18:00:00+0100;0;0;0;8309;4028;-4281
2017-12-15T19:00:00+0100;0;0;0;8937;4038;-4899
2017-12-15T20:00:00+0100;0;0;0;9502;4344;-5158
2017-12-15T21:00:00+0100;0;0;0;10132;4604;-5528
2017-12-15T22:00:00+0100;0;0;0;10731;4973;-5758
2017-12-15T23:00:00+0100;0;0;0;11312;4926;-6386
2017-12-16T00:00:00+0100;0;0;0;6191;5642;-549
2017-12-16T01:00:00+0100;0;0;0;6769;5837;-932
2017-12-16T02:00:00+0100;0;0;0;7321;6935;-386
2017-12-16T03:00:00+0100;0;0;0;7919;6884;-1035
2017-12-16T04:00:00+0100;0;0;0;8551;7575;-976
2017-12-16T05:00:00+0100;0;0;0;9147;8263;-884
2017-12-16T06:00:00+0100;0;0;0;9845;9204;-641
2017-12-16T07:00:00+0100;0;0;0;10337;9322;-1015
2017-12-16T08:00:00+0100;142;134;-8;10727;10014;-713
2017-12-16T09:00:00+0100;990;1092;102;11279;9774;-1505
2017-12-16T10:00:00+0100;2192;2467;275;11624;9906;-1718
2017-12-16T11:00:00+0100;3042;3356;314;11963;9854;-2109
2017-12-16T12:00:00+0100;3255;3662;407;12417;10716;-1701
2017-12-16T13:00:00+0100;2820;2985;165;12948;11034;-1914
2017-12-16T14:00:00+0100;1809;1692;-117;13415;12251;-1164
2017-12-16T15:00:00+0100;563;501;-62;13828;12636;-1192
2017-12-16T16:00:00+0100;27;15;-12;14230;14050;-180
2017-12-16T17:00:00+0100;0;0;0;14666;14674;8
2017-12-16T18:00:00+0100;0;0;0;15104;15708;604
2017-12-16T19:00:00+0100;0;0;0;15450;15729;279
2017-12-16T20:00:00+0100;0;0;0;15554;15400;-154
2017-12-16T21:00:00+0100;0;0;0;15498;15754;256
2017-12-16T22:00:00+0100;0;0;0;15389;15292;-97
2017-12-16T23:00:00+0100;0;0;0;15207;15352;145
2017-12-17T00:00:00+0100;0;0;0;14542;15227;685
2017-12-17T01:00:00+0100;0;0;0;14175;14993;818
2017-12-17T02:00:00+0100;0;0;0;13649;14319;670
2017-12-17T03:00:00+0100;0;0;0;13033;14120;1087
2017-12-17T04:00:00+0100;0;0;0;12431;13729;1298
2017-12-17T05:00:00+0100;0;0;0;11705;12746;1041
2017-12-17T06:00:00+0100;0;0;0;10983;11498;515
2017-12-17T07:00:00+0100;0;0;0;10186;10192;6
2017-12-17T08:00:00+0100;115;60;-55;9265;8932;-333
2017-12-17T09:00:00+0100;959;767;-192;8428;7680;-748
2017-12-17T10:00:00+0100;2426;1962;-464;7704;6560;-1144
2017-12-17T11:00:00+0100;3450;2737;-713;7262;5820;-1442
2017-12-17T12:00:00+0100;3725;2912;-813;6945;5424;-1521
2017-12-17T13:00:00+0100;3246;2470;-776;6861;5145;-1716
2017-12-17T14:00:00+0100;2056;1350;-706;7082;5268;-1814
2017-12-17T15:00:00+0100;607;354;-253;7652;5922;-1730
2017-12-17T16:00:00+0100;25;8;-17;8781;7406;-1375
2017-12-17T17:00:00+0100;0;0;0;10270;9757;-513
2017-12-17T18:00:00+0100;0;0;0;11705;11128;-577
2017-12-17T19:00:00+0100;0;0;0;13089;11836;-1253
2017-12-17T20:00:00+0100;0;0;0;14426;12224;-2202
2017-12-17T21:00:00+0100;0;0;0;15798;13012;-2786
2017-12-17T22:00:00+0100;0;0;0;17016;13644;-3372
2017-12-17T23:00:00+0100;0;0;0;18060;14326;-3734
2017-12-18T00:00:00+0100;0;0;0;14905;15045;140
2017-12-18T01:00:00+0100;0;0;0;15186;15014;-172
2017-12-18T02:00:00+0100;0;0;0;15034;14892;-142
2017-12-18T03:00:00+0100;0;0;0;14910;14102;-808
2017-12-18T04:00:00+0100;0;0;0;14107;12478;-1629
2017-12-18T05:00:00+0100;0;0;0;12402;10420;-1982
2017-12-18T06:00:00+0100;0;0;0;11044;8620;-2424
2017-12-18T07:00:00+0100;0;0;0;9982;7106;-2876
2017-12-18T08:00:00+0100;174;116;-58;9063;6070;-2993
2017-12-18T09:00:00+0100;1177;1055;-122;8216;4912;-3304
2017-12-18T10:00:00+0100;2380;2465;85;7430;3550;-3880
2017-12-18T11:00:00+0100;3143;3472;329;6759;2137;-4622
2017-12-18T12:00:00+0100;3286;3616;330;6220;1596;-4624
2017-12-18T13:00:00+0100;2770;2974;204;5908;1660;-4248
2017-12-18T14:00:00+0100;1695;1783;88;5822;1601;-4221
2017-12-18T15:00:00+0100;475;413;-62;5933;1681;-4252
2017-12-18T16:00:00+0100;19;3;-16;6095;1828;-4267
2017-12-18T17:00:00+0100;0;0;0;6355;2146;-4209
2017-12-18T18:00:00+0100;0;0;0;6579;2564;-4015
2017-12-18T19:00:00+0100;0;0;0;6727;2740;-3987
2017-12-18T20:00:00+0100;0;0;0;6696;3340;-3356
2017-12-18T21:00:00+0100;0;0;0;6613;3974;-2639
2017-12-18T22:00:00+0100;0;0;0;6586;4280;-2306
2017-12-18T23:00:00+0100;0;0;0;6566;4247;-2319
2017-12-19T00:00:00+0100;0;0;0;4738;3885;-853
2017-12-19T01:00:00+0100;0;0;0;4824;3787;-1037
2017-12-19T02:00:00+0100;0;0;0;4747;3539;-1208
2017-12-19T03:00:00+0100;0;0;0;4734;3521;-1213
2017-12-19T04:00:00+0100;0;0;0;4661;3775;-886
2017-12-19T05:00:00+0100;0;0;0;4554;4040;-514
2017-12-19T06:00:00+0100;0;0;0;4518;4464;-54
2017-12-19T07:00:00+0100;0;0;0;4497;4830;333
2017-12-19T08:00:00+0100;121;69;-52;4450;5258;808
2017-12-19T09:00:00+0100;721;606;-115;4499;5224;725
2017-12-19T10:00:00+0100;1524;1322;-202;4422;4888;466
2017-12-19T11:00:00+0100;2086;1802;-284;4298;4505;207
2017-12-19T12:00:00+0100;2129;2004;-125;4312;4387;75
2017-12-19T13:00:00+0100;1720;1729;9;4402;4716;314
2017-12-19T14:00:00+0100;1005;969;-36;4555;4747;192
2017-12-19T15:00:00+0100;298;286;-12;4752;4558;-194
2017-12-19T16:00:00+0100;17;6;-11;4842;4420;-422
2017-12-19T17:00:00+0100;0;0;0;4804;4336;-468
2017-12-19T18:00:00+0100;0;0;0;4735;4256;-479
2017-12-19T19:00:00+0100;0;0;0;4727;3901;-826
2017-12-19T20:00:00+0100;0;0;0;4650;3558;-1092
2017-12-19T21:00:00+0100;0;0;0;4541;3623;-918
2017-12-19T22:00:00+0100;0;0;0;4383;3424;-959
2017-12-19T23:00:00+0100;0;0;0;4131;2916;-1215
2017-12-20T00:00:00+0100;0;0;0;2963;2425;-538
2017-12-20T01:00:00+0100;0;0;0;2661;1906;-755
2017-12-20T02:00:00+0100;0;0;0;2439;1556;-883
2017-12-20T03:00:00+0100;0;0;0;2283;1402;-881
2017-12-20T04:00:00+0100;0;0;0;2164;1453;-711
2017-12-20T05:00:00+0100;0;0;0;1995;1570;-425
2017-12-20T06:00:00+0100;0;0;0;1811;1589;-222
2017-12-20T07:00:00+0100;0;0;0;1721;1331;-390
2017-12-20T08:00:00+0100;89;56;-33;1739;1398;-341
2017-12-20T09:00:00+0100;571;526;-45;1854;1408;-446
2017-12-20T10:00:00+0100;1200;1283;83;1976;1572;-404
2017-12-20T11:00:00+0100;1660;1892;232;2166;1873;-293
2017-12-20T12:00:00+0100;1809;2005;196;2456;2081;-375
2017-12-20T13:00:00+0100;1585;1703;118;2793;2593;-200
2017-12-20T14:00:00+0100;1008;1041;33;3075;3229;154
2017-12-20T15:00:00+0100;320;289;-31;3462;3763;301
2017-12-20T16:00:00+0100;14;4;-10;3944;4332;388
2017-12-20T17:00:00+0100;0;0;0;4493;4931;438
2017-12-20T18:00:00+0100;0;0;0;5033;5684;651
2017-12-20T19:00:00+0100;0;0;0;5612;6197;585
2017-12-20T20:00:00+0100;0;0;0;6217;6838;621
2017-12-20T21:00:00+0100;0;0;0;6868;7642;774
2017-12-20T22:00:00+0100;0;0;0;7456;8379;923
2017-12-20T23:00:00+0100;0;0;0;7955;8845;890
2017-12-21T00:00:00+0100;0;0;0;9894;9308;-586
2017-12-21T01:00:00+0100;0;0;0;10381;10096;-285
2017-12-21T02:00:00+0100;0;0;0;10610;10918;308
2017-12-21T03:00:00+0100;0;0;0;10776;10857;81
2017-12-21T04:00:00+0100;0;0;0;10947;10785;-162
2017-12-21T05:00:00+0100;0;0;0;11092;11082;-10
2017-12-21T06:00:00+0100;0;0;0;11117;10945;-172
2017-12-21T07:00:00+0100;0;0;0;11063;10671;-392
2017-12-21T08:00:00+0100;52;42;-10;11004;10832;-172
2017-12-21T09:00:00+0100;410;409;-1;11018;11075;57
2017-12-21T10:00:00+0100;938;1037;99;11044;11277;233
2017-12-21T11:00:00+0100;1313;1644;331;11141;11562;421
2017-12-21T12:00:00+0100;1402;1842;440;11248;11501;253
2017-12-21T13:00:00+0100;1184;1406;222;11200;11207;7
2017-12-21T14:00:00+0100;712;749;37;10899;11047;148
2017-12-21T15:00:00+0100;201;183;-18;10586;10467;-119
2017-12-21T16:00:00+0100;9;1;-8;10313;10319;6
2017-12-21T17:00:00+0100;0;0;0;10094;10737;643
2017-12-21T18:00:00+0100;0;0;0;10022;10794;772
2017-12-21T19:00:00+0100;0;0;0;10013;10647;634
2017-12-21T20:00:00+0100;0;0;0;10099;10340;241
2017-12-21T21:00:00+0100;0;0;0;10321;10301;-20
2017-12-21T22:00:00+0100;0;0;0;10602;10280;-322
2017-12-21T23:00:00+0100;0;0;0;10854;10483;-371
2017-12-22T00:00:00+0100;0;0;0;10921;10816;-105
2017-12-22T01:00:00+0100;0;0;0;11132;10335;-797
2017-12-22T02:00:00+0100;0;0;0;10958;10030;-928
2017-12-22T03:00:00+0100;0;0;0;10504;9855;-649
2017-12-22T04:00:00+0100;0;0;0;9913;9666;-247
2017-12-22T05:00:00+0100;0;0;0;9199;9062;-137
2017-12-22T06:00:00+0100;0;0;0;8482;8120;-362
2017-12-22T07:00:00+0100;0;0;0;7944;7482;-462
2017-12-22T08:00:00+0100;73;63;-10;7591;7265;-326
2017-12-22T09:00:00+0100;559;632;73;7546;7240;-306
2017-12-22T10:00:00+0100;1286;1392;106;7720;6963;-757
2017-12-22T11:00:00+0100;1822;2020;198;8147;7211;-936
2017-12-22T12:00:00+0100;2004;2232;228;8773;7676;-1097
2017-12-22T13:00:00+0100;1782;2008;226;9445;7857;-1588
2017-12-22T14:00:00+0100;1149;1326;177;9904;8237;-1667
2017-12-22T15:00:00+0100;339;388;49;10319;8861;-1458
2017-12-22T16:00:00+0100;14;4;-10;10635;9141;-1494
2017-12-22T17:00:00+0100;0;0;0;10780;9766;-1014
2017-12-22T18:00:00+0100;0;0;0;10781;10081;-700
2017-12-22T19:00:00+0100;0;0;0;10654;10097;-557
2017-12-22T20:00:00+0100;0;0;0;10528;10641;113
2017-12-22T21:00:00+0100;0;0;0;10558;11593;1035
2017-12-22T22:00:00+0100;0;0;0;10871;12730;1859
2017-12-22T23:00:00+0100;0;0;0;11594;13884;2290
2017-12-23T00:00:00+0100;0;0;0;14739;14980;241
2017-12-23T01:00:00+0100;0;0;0;15941;16342;401
2017-12-23T02:00:00+0100;0;0;0;17300;18333;1033
2017-12-23T03:00:00+0100;0;0;0;18755;20679;1924
2017-12-23T04:00:00+0100;0;0;0;20361;22786;2425
2017-12-23T05:00:00+0100;0;0;0;21889;25109;3220
2017-12-23T06:00:00+0100;0;0;0;23473;27126;3653
2017-12-23T07:00:00+0100;0;0;0;24898;28505;3607
2017-12-23T08:00:00+0100;78;60;-18;26035;29748;3713
2017-12-23T09:00:00+0100;513;556;43;27117;31043;3926
2017-12-23T10:00:00+0100;1134;1167;33;28205;32383;4178
2017-12-23T11:00:00+0100;1611;1722;111;29222;33766;4544
2017-12-23T12:00:00+0100;1776;1979;203;30192;34353;4161
2017-12-23T13:00:00+0100;1565;1654;89;30938;34897;3959
2017-12-23T14:00:00+0100;1015;986;-29;31375;35383;4008
2017-12-23T15:00:00+0100;362;320;-42;31699;35813;4114
2017-12-23T16:00:00+0100;19;6;-13;32033;35957;3924
2017-12-23T17:00:00+0100;0;0;0;32453;35944;3491
2017-12-23T18:00:00+0100;0;0;0;32877;36057;3180
2017-12-23T19:00:00+0100;0;0;0;33216;36555;3339
2017-12-23T20:00:00+0100;0;0;0;33357;36598;3241
2017-12-23T21:00:00+0100;0;0;0;33451;36364;2913
2017-12-23T22:00:00+0100;0;0;0;33418;35296;1878
2017-12-23T23:00:00+0100;0;0;0;33324;34852;1528
2017-12-24T00:00:00+0100;0;0;0;34106;34185;79
2017-12-24T01:00:00+0100;0;0;0;33731;34233;502
2017-12-24T02:00:00+0100;0;0;0;33393;32836;-557
2017-12-24T03:00:00+0100;0;0;0;32836;32017;-819
2017-12-24T04:00:00+0100;0;0;0;32203;32160;-43
2017-12-24T05:00:00+0100;0;0;0;31566;32360;794
2017-12-24T06:00:00+0100;0;0;0;30960;32266;1306
2017-12-24T07:00:00+0100;0;0;0;30621;32849;2228
2017-12-24T08:00:00+0100;90;74;-16;30545;34816;4271
2017-12-24T09:00:00+0100;588;555;-33;30614;35461;4847
2017-12-24T10:00:00+0100;1261;1336;75;31012;35632;4620
2017-12-24T11:00:00+0100;1749;1963;214;31732;36044;4312
2017-12-24T12:00:00+0100;1905;2158;253;32391;36101;3710
2017-12-24T13:00:00+0100;1689;2006;317;32745;35638;2893
2017-12-24T14:00:00+0100;1135;1363;228;32713;35207;2494
2017-12-24T15:00:00+0100;428;482;54;32493;34866;2373
2017-12-24T16:00:00+0100;27;12;-15;32263;34576;2313
2017-12-24T17:00:00+0100;0;0;0;32114;34159;2045
2017-12-24T18:00:00+0100;0;0;0;32046;34348;2302
2017-12-24T19:00:00+0100;0;0;0;31931;34446;2515
2017-12-24T20:00:00+0100;0;0;0;31609;33593;1984
2017-12-24T21:00:00+0100;0;0;0;31081;33542;2461
2017-12-24T22:00:00+0100;0;0;0;30424;32766;2342
2017-12-24T23:00:00+0100;0;0;0;29706;31931;2225
2017-12-25T00:00:00+0100;0;0;0;29666;30575;909
2017-12-25T01:00:00+0100;0;0;0;28751;29603;852
2017-12-25T02:00:00+0100;0;0;0;28197;28385;188
2017-12-25T03:00:00+0100;0;0;0;27675;27445;-230
2017-12-25T04:00:00+0100;0;0;0;27208;27132;-76
2017-12-25T05:00:00+0100;0;0;0;26656;26604;-52
2017-12-25T06:00:00+0100;0;0;0;26110;26195;85
2017-12-25T07:00:00+0100;0;0;0;25717;26451;734
2017-12-25T08:00:00+0100;166;91;-75;25360;26820;1460
2017-12-25T09:00:00+0100;1082;707;-375;25072;26339;1267
2017-12-25T10:00:00+0100;2356;1842;-514;24765;26184;1419
2017-12-25T11:00:00+0100;3401;2807;-594;24409;25742;1333
2017-12-25T12:00:00+0100;3887;3378;-509;23884;25224;1340
2017-12-25T13:00:00+0100;3617;3392;-225;23123;24174;1051
2017-12-25T14:00:00+0100;2590;2554;-36;22139;22899;760
2017-12-25T15:00:00+0100;1041;969;-72;21112;21926;814
2017-12-25T16:00:00+0100;52;25;-27;20532;20988;456
2017-12-25T17:00:00+0100;0;0;0;20524;20680;156
2017-12-25T18:00:00+0100;0;0;0;20712;21086;374
2017-12-25T19:00:00+0100;0;0;0;20911;21240;329
2017-12-25T20:00:00+0100;0;0;0;21108;21711;603
2017-12-25T21:00:00+0100;0;0;0;21336;22586;1250
2017-12-25T22:00:00+0100;0;0;0;21522;22028;506
2017-12-25T23:00:00+0100;0;0;0;21748;22730;982
2017-12-26T00:00:00+0100;0;0;0;23376;23638;262
2017-12-26T01:00:00+0100;0;0;0;24130;24538;408
2017-12-26T02:00:00+0100;0;0;0;25447;25104;-343
2017-12-26T03:00:00+0100;0;0;0;26885;26546;-339
2017-12-26T04:00:00+0100;0;0;0;28501;27623;-878
2017-12-26T05:00:00+0100;0;0;0;30037;28746;-1291
2017-12-26T06:00:00+0100;0;0;0;31525;30768;-757
2017-12-26T07:00:00+0100;0;0;0;33102;32525;-577
2017-12-26T08:00:00+0100;395;259;-136;34365;33819;-546
2017-12-26T09:00:00+0100;2604;2244;-360;35183;35037;-146
2017-12-26T10:00:00+0100;5086;4822;-264;35769;35084;-685
2017-12-26T11:00:00+0100;6531;6502;-29;36241;34997;-1244
2017-12-26T12:00:00+0100;6652;7046;394;36453;34807;-1646
2017-12-26T13:00:00+0100;5561;5734;173;35883;34642;-1241
2017-12-26T14:00:00+0100;3597;3254;-343;34535;33944;-591
2017-12-26T15:00:00+0100;1222;1033;-189;32804;32749;-55
2017-12-26T16:00:00+0100;47;29;-18;31250;32578;1328
2017-12-26T17:00:00+0100;0;0;0;30244;31158;914
2017-12-26T18:00:00+0100;0;0;0;29310;30155;845
2017-12-26T19:00:00+0100;0;0;0;28295;29471;1176
2017-12-26T20:00:00+0100;0;0;0;27013;28084;1071
2017-12-26T21:00:00+0100;0;0;0;25609;26502;893
2017-12-26T22:00:00+0100;0;0;0;24137;24117;-20
2017-12-26T23:00:00+0100;0;0;0;22648;22802;154
2017-12-27T00:00:00+0100;0;0;0;20507;21657;1150
2017-12-27T01:00:00+0100;0;0;0;19395;20750;1355
2017-12-27T02:00:00+0100;0;0;0;19013;19458;445
2017-12-27T03:00:00+0100;0;0;0;19161;20008;847
2017-12-27T04:00:00+0100;0;0;0;19738;21128;1390
2017-12-27T05:00:00+0100;0;0;0;20577;21838;1261
2017-12-27T06:00:00+0100;0;0;0;21482;23561;2079
2017-12-27T07:00:00+0100;0;0;0;22120;24658;2538
2017-12-27T08:00:00+0100;225;106;-119;22181;24441;2260
2017-12-27T09:00:00+0100;1406;1051;-355;21663;23553;1890
2017-12-27T10:00:00+0100;2767;2526;-241;20358;22301;1943
2017-12-27T11:00:00+0100;3545;3518;-27;18396;19927;1531
2017-12-27T12:00:00+0100;3472;4040;568;16254;16605;351
2017-12-27T13:00:00+0100;2802;3131;329;14330;13561;-769
2017-12-27T14:00:00+0100;1696;1649;-47;12634;11344;-1290
2017-12-27T15:00:00+0100;540;491;-49;11476;10004;-1472
2017-12-27T16:00:00+0100;22;18;-4;10909;9367;-1542
2017-12-27T17:00:00+0100;0;0;0;10867;9715;-1152
2017-12-27T18:00:00+0100;0;0;0;10960;10298;-662
2017-12-27T19:00:00+0100;0;0;0;11143;10782;-361
2017-12-27T20:00:00+0100;0;0;0;11450;10888;-562
2017-12-27T21:00:00+0100;0;0;0;11943;11013;-930
2017-12-27T22:00:00+0100;0;0;0;12368;11938;-430
2017-12-27T23:00:00+0100;0;0;0;12863;13199;336
2017-12-28T00:00:00+0100;0;0;0;9504;14170;4666
2017-12-28T01:00:00+0100;0;0;0;10185;13695;3510
2017-12-28T02:00:00+0100;0;0;0;10878;13987;3109
2017-12-28T03:00:00+0100;0;0;0;11559;15174;3615
2017-12-28T04:00:00+0100;0;0;0;12236;15063;2827
2017-12-28T05:00:00+0100;0;0;0;12819;15662;2843
2017-12-28T06:00:00+0100;0;0;0;13603;16372;2769
2017-12-28T07:00:00+0100;0;0;0;14248;17308;3060
2017-12-28T08:00:00+0100;57;44;-13;14869;18265;3396
2017-12-28T09:00:00+0100;546;604;58;15564;18926;3362
2017-12-28T10:00:00+0100;1426;1773;347;16469;19113;2644
2017-12-28T11:00:00+0100;2185;2922;737;17615;19475;1860
2017-12-28T12:00:00+0100;2537;3387;850;18794;20331;1537
2017-12-28T13:00:00+0100;2370;2943;573;19351;21642;2291
2017-12-28T14:00:00+0100;1654;1827;173;19395;22435;3040
2017-12-28T15:00:00+0100;601;632;31;19376;22512;3136
2017-12-28T16:00:00+0100;32;30;-2;19695;23235;3540
2017-12-28T17:00:00+0100;0;0;0;20549;24478;3929
2017-12-28T18:00:00+0100;0;0;0;21582;25859;4277
2017-12-28T19:00:00+0100;0;0;0;22613;26896;4283
2017-12-28T20:00:00+0100;0;0;0;23316;27278;3962
2017-12-28T21:00:00+0100;0;0;0;23735;27824;4089
2017-12-28T22:00:00+0100;0;0;0;23915;26994;3079
2017-12-28T23:00:00+0100;0;0;0;23990;26810;2820
2017-12-29T00:00:00+0100;0;0;0;25105;27090;1985
2017-12-29T01:00:00+0100;0;0;0;25063;27523;2460
2017-12-29T02:00:00+0100;0;0;0;25140;27413;2273
2017-12-29T03:00:00+0100;0;0;0;25145;26580;1435
2017-12-29T04:00:00+0100;0;0;0;24885;25754;869
2017-12-29T05:00:00+0100;0;0;0;24329;24488;159
2017-12-29T06:00:00+0100;0;0;0;23718;24285;567
2017-12-29T07:00:00+0100;0;0;0;23039;24767;1728
2017-12-29T08:00:00+0100;231;122;-109;22422;24151;1729
2017-12-29T09:00:00+0100;1892;1422;-470;21941;23148;1207
2017-12-29T10:00:00+0100;4266;3919;-347;21711;21913;202
2017-12-29T11:00:00+0100;5993;6210;217;21700;21661;-39
2017-12-29T12:00:00+0100;6468;7386;918;21438;21684;246
2017-12-29T13:00:00+0100;5570;6210;640;20729;21719;990
2017-12-29T14:00:00+0100;3632;3642;10;19847;21802;1955
2017-12-29T15:00:00+0100;1306;934;-372;19384;21620;2236
2017-12-29T16:00:00+0100;58;9;-49;19881;23178;3297
2017-12-29T17:00:00+0100;0;0;0;21096;25484;4388
2017-12-29T18:00:00+0100;0;0;0;22638;26450;3812
2017-12-29T19:00:00+0100;0;0;0;23678;26377;2699
2017-12-29T20:00:00+0100;0;0;0;23952;25622;1670
2017-12-29T21:00:00+0100;0;0;0;23723;25374;1651
2017-12-29T22:00:00+0100;0;0;0;23138;24630;1492
2017-12-29T23:00:00+0100;0;0;0;22445;24578;2133
2017-12-30T00:00:00+0100;0;0;0;21844;24076;2232
2017-12-30T01:00:00+0100;0;0;0;21533;24151;2618
2017-12-30T02:00:00+0100;0;0;0;21457;23988;2531
2017-12-30T03:00:00+0100;0;0;0;21169;22740;1571
2017-12-30T04:00:00+0100;0;0;0;20980;22351;1371
2017-12-30T05:00:00+0100;0;0;0;20952;23024;2072
2017-12-30T06:00:00+0100;0;0;0;20958;24732;3774
2017-12-30T07:00:00+0100;0;0;0;21173;25275;4102
2017-12-30T08:00:00+0100;58;65;7;21712;26341;4629
2017-12-30T09:00:00+0100;418;518;100;22355;27034;4679
2017-12-30T10:00:00+0100;895;1109;214;23139;27484;4345
2017-12-30T11:00:00+0100;1161;1532;371;24108;28279;4171
2017-12-30T12:00:00+0100;1144;1606;462;25059;28896;3837
2017-12-30T13:00:00+0100;947;1313;366;25922;29928;4006
2017-12-30T14:00:00+0100;626;929;303;27216;30832;3616
2017-12-30T15:00:00+0100;220;378;158;29033;32218;3185
2017-12-30T16:00:00+0100;16;17;1;30460;33924;3464
2017-12-30T17:00:00+0100;0;0;0;31849;35728;3879
2017-12-30T18:00:00+0100;0;0;0;33334;37216;3882
2017-12-30T19:00:00+0100;0;0;0;34124;37901;3777
2017-12-30T20:00:00+0100;0;0;0;34490;38128;3638
2017-12-30T21:00:00+0100;0;0;0;34545;38086;3541
2017-12-30T22:00:00+0100;0;0;0;34215;36243;2028
2017-12-30T23:00:00+0100;0;0;0;33561;34444;883
2017-12-31T00:00:00+0100;0;0;0;33428;32304;-1124
2017-12-31T01:00:00+0100;0;0;0;31523;30419;-1104
2017-12-31T02:00:00+0100;0;0;0;29867;27533;-2334
2017-12-31T03:00:00+0100;0;0;0;27775;23920;-3855
2017-12-31T04:00:00+0100;0;0;0;25681;21531;-4150
2017-12-31T05:00:00+0100;0;0;0;24343;21962;-2381
2017-12-31T06:00:00+0100;0;0;0;24009;22920;-1089
2017-12-31T07:00:00+0100;0;0;0;24489;23844;-645
2017-12-31T08:00:00+0100;143;125;-18;25906;25477;-429
2017-12-31T09:00:00+0100;877;1190;313;28099;27999;-100
2017-12-31T10:00:00+0100;1916;2846;930;30346;30902;556
2017-12-31T11:00:00+0100;2681;3963;1282;32489;33568;1079
2017-12-31T12:00:00+0100;3007;4034;1027;34310;35903;1593
2017-12-31T13:00:00+0100;2866;3698;832;35233;36623;1390
2017-12-31T14:00:00+0100;2127;2780;653;35334;37017;1683
2017-12-31T15:00:00+0100;911;1264;353;34895;36322;1427
2017-12-31T16:00:00+0100;66;80;14;34142;35752;1610
2017-12-31T17:00:00+0100;0;0;0;33343;34478;1135
2017-12-31T18:00:00+0100;0;0;0;32241;32045;-196
2017-12-31T19:00:00+0100;0;0;0;31401;30688;-713
2017-12-31T20:00:00+0100;0;0;0;30872;29758;-1114
2017-12-31T21:00:00+0100;0;0;0;30561;29988;-573
2017-12-31T22:00:00+0100;0;0;0;30490;30355;-135
2017-12-31T23:00:00+0100;0;0;0;30492;30594;102
